YEAR,STATE,COUNTY,FATALS,ST_CASE,A_CRAINJ,A_REGION,A_RU,A_INTER,A_RELRD,A_INTSEC,A_ROADFC,A_JUNC,A_MANCOL,A_TOD,A_DOW,A_HR,A_CT,A_LT,A_MC,A_SPCRA,A_PED,A_PEDAL,A_ROLL,A_POLPUR,A_POSBAC,A_D15_19,A_D16_19,A_D15_20,A_D16_20,A_D65PLS,A_D21_24,A_D16_24,A_RD,A_DIST,A_DROWSY,BIA,SPJ_INDIAN,INDIAN_RES
2008,1,95,1,10001,1,4,2,2,1,1,4,1,1,1,2,2,1,2,2,2,1,2,2,2,2,2,2,2,2,1,2,2,2,2,2,0,0,0
2008,1,73,1,10002,1,4,2,1,1,2,1,2,4,1,1,2,2,1,2,2,2,2,2,2,3,2,2,2,2,2,2,2,1,2,2,0,0,0
2008,1,51,1,10003,1,4,2,2,2,2,2,2,1,2,1,2,1,2,2,1,2,2,1,2,1,2,2,2,2,2,2,2,1,2,2,0,0,0
2008,1,97,1,10004,1,4,2,2,4,2,6,2,1,1,1,2,1,2,2,1,2,2,1,2,2,2,2,2,2,2,2,2,1,2,2,0,0,0
2008,1,101,2,10005,1,4,2,2,1,2,2,2,1,2,1,2,1,2,2,2,1,2,2,2,1,2,2,2,2,2,2,2,2,2,2,0,0,0
2008,1,81,1,10006,1,4,2,1,4,2,1,2,1,2,1,2,1,1,2,2,2,2,2,2,2,2,2,2,2,2,2,2,1,2,2,0,0,0
2008,1,97,1,10007,1,4,2,2,1,1,6,1,4,1,2,2,2,2,1,1,2,2,2,2,3,1,1,1,1,2,2,1,2,2,2,0,0,0
2008,1,81,1,10008,1,4,2,2,1,2,4,2,4,1,1,2,2,2,2,2,2,2,1,2,3,2,2,2,2,2,1,1,1,2,2,0,0,0
2008,1,73,1,10009,1,4,2,2,2,2,6,2,4,1,2,1,2,2,2,1,1,2,2,2,3,2,2,2,2,2,2,2,1,2,2,0,0,0
2008,1,15,1,10010,1,4,1,2,4,2,4,2,1,1,1,2,1,2,2,1,2,2,1,2,1,2,2,2,2,2,2,2,1,2,2,0,0,0
2008,1,49,1,10011,1,4,1,2,4,2,4,2,1,1,1,2,1,2,2,1,2,2,2,2,3,2,2,2,2,2,1,1,1,2,2,0,0,0
2008,1,71,2,10012,1,4,1,2,1,2,3,2,3,2,1,2,2,1,2,2,2,2,2,2,3,2,2,2,2,2,2,2,2,2,2,0,0,0
2008,1,97,1,10013,1,4,2,2,1,1,4,1,3,1,1,2,2,2,2,2,2,2,2,2,3,2,2,2,2,2,2,2,2,1,2,0,0,0
2008,1,45,1,10014,1,4,1,2,4,2,4,2,1,1,2,2,1,2,2,1,2,2,1,2,1,2,2,2,2,2,2,2,1,2,2,0,0,0
2008,1,73,1,10015,1,4,2,2,1,2,4,2,1,1,2,2,1,2,2,2,1,2,2,2,3,2,2,2,2,1,2,2,2,2,2,0,0,0
2008,1,63,1,10016,1,4,1,2,4,2,5,2,1,1,2,2,1,2,2,1,2,2,1,2,3,2,2,2,2,2,2,2,1,2,2,0,0,0
2008,1,15,1,10017,1,4,1,2,1,1,4,1,3,1,1,2,2,1,2,2,2,2,2,2,3,2,2,2,2,2,2,2,2,2,2,0,0,0
2008,1,61,1,10018,1,4,1,2,4,2,4,2,1,2,1,2,1,2,2,2,2,2,2,2,3,2,2,2,2,2,2,2,1,2,2,0,0,0
2008,1,3,3,10019,1,4,1,2,1,2,3,3,4,2,2,2,2,1,2,2,2,2,2,2,3,2,2,2,2,2,2,2,2,2,2,0,0,0
2008,1,23,1,10020,1,4,1,2,1,2,3,2,4,1,1,2,2,1,2,1,2,2,2,2,3,2,2,2,2,2,2,2,1,2,2,0,0,0
2008,1,99,1,10021,1,4,1,2,1,2,3,2,3,1,1,2,2,1,2,1,2,2,2,2,3,2,2,2,2,2,2,2,1,2,2,0,0,0
2008,1,47,1,10022,1,4,1,2,4,2,5,2,1,2,2,2,1,2,2,2,2,2,1,2,1,2,2,2,2,2,2,2,1,2,2,0,0,0
2008,1,85,1,10023,1,4,1,2,1,2,6,2,1,1,2,2,1,2,2,1,2,2,1,2,2,1,1,1,1,2,2,1,1,2,2,0,0,0
2008,1,67,1,10024,1,4,1,2,4,2,4,2,1,2,1,2,1,2,2,2,2,2,2,2,1,2,2,2,2,2,2,2,1,2,2,0,0,0
2008,1,13,1,10025,1,4,1,2,1,1,4,1,3,1,1,2,2,2,2,2,2,2,2,2,3,2,2,2,2,1,2,2,2,2,2,0,0,0
2008,1,101,1,10026,1,4,1,2,1,1,5,1,4,1,1,2,2,2,1,2,2,2,2,2,3,1,1,1,1,2,2,1,2,2,2,0,0,0
2008,1,97,1,10027,1,4,2,2,4,2,6,2,1,1,1,2,1,2,2,1,2,2,1,2,1,1,1,1,1,2,2,1,1,2,2,0,0,0
2008,1,73,1,10028,1,4,2,2,1,2,6,2,1,1,1,2,1,2,2,2,1,2,2,2,3,2,2,2,2,2,2,2,2,2,2,0,0,0
2008,1,117,1,10029,1,4,1,2,1,1,4,1,4,2,1,2,2,2,2,2,2,2,2,2,3,2,2,2,2,2,2,2,2,2,2,0,0,0
2008,1,55,1,10030,1,4,2,2,1,2,2,2,3,1,1,2,2,2,2,2,2,2,2,2,1,2,2,2,2,2,2,2,1,2,2,0,0,0
2008,1,117,1,10031,1,4,1,2,1,1,4,1,4,1,1,2,2,2,2,2,2,2,2,2,3,2,2,2,2,1,1,1,2,2,2,0,0,0
2008,1,127,1,10032,1,4,1,2,4,2,5,2,1,2,2,2,1,2,2,1,2,2,2,2,3,2,2,2,2,2,2,2,1,2,2,0,0,0
2008,1,23,1,10033,1,4,1,2,4,2,5,2,1,1,2,2,1,2,2,1,2,2,1,2,2,2,2,2,2,2,2,2,1,2,2,0,0,0
2008,1,41,1,10034,1,4,1,2,1,2,5,2,3,1,2,2,2,2,2,1,2,2,1,2,3,2,2,2,2,2,1,1,1,2,2,0,0,0
2008,1,127,1,10035,1,4,1,2,4,2,5,2,1,2,2,2,1,2,2,1,2,2,2,2,3,2,2,2,2,2,2,2,1,2,2,0,0,0
2008,1,77,1,10036,1,4,1,2,2,2,5,2,1,1,2,2,1,2,2,1,2,2,1,2,2,2,2,2,2,2,1,1,1,2,2,0,0,0
2008,1,81,1,10037,1,4,1,2,1,2,5,2,1,2,1,2,1,2,2,2,2,2,1,2,3,2,2,2,2,2,2,2,1,2,2,0,0,0
2008,1,15,1,10038,1,4,1,2,4,2,5,2,1,2,1,2,1,2,2,2,2,2,1,2,2,2,2,2,2,2,2,2,1,2,2,0,0,0
2008,1,33,1,10039,1,4,1,2,2,2,3,2,1,1,2,2,1,2,2,2,1,2,2,2,3,2,2,2,2,2,2,2,1,2,2,0,0,0
2008,1,53,1,10040,1,4,1,2,4,2,4,2,1,2,2,2,1,2,2,1,2,2,2,2,1,2,2,2,2,2,2,2,1,2,2,0,0,0
2008,1,57,1,10041,1,4,1,2,1,2,6,2,5,1,2,2,2,2,2,2,2,2,2,2,3,2,2,2,2,2,2,2,1,2,2,0,0,0
2008,1,115,1,10042,1,4,1,2,4,2,5,2,1,2,2,2,1,2,2,1,2,2,1,2,1,2,2,2,2,2,2,2,1,2,2,0,0,0
2008,1,77,1,10043,1,4,1,2,4,2,6,2,1,1,2,2,1,2,2,1,2,2,2,2,3,2,2,2,2,2,1,1,1,2,2,0,0,0
2008,1,127,1,10044,1,4,1,2,4,2,5,2,1,2,1,2,1,2,2,1,2,2,1,2,3,1,1,1,1,2,2,1,1,2,2,0,0,0
2008,1,101,1,10045,1,4,1,1,3,2,1,2,1,1,1,2,1,2,2,2,2,2,2,2,3,2,2,2,2,1,2,2,1,2,2,0,0,0
2008,1,51,1,10046,1,4,1,2,1,2,4,2,1,1,2,2,1,2,1,2,2,2,2,2,1,2,2,2,2,2,2,2,2,2,2,0,0,0
2008,1,121,1,10047,1,4,1,2,4,2,5,2,1,2,2,2,1,2,2,1,2,2,1,1,1,2,2,2,2,2,2,2,1,2,2,0,0,0
2008,1,3,1,10048,1,4,1,2,1,2,4,2,1,2,2,2,1,2,2,1,1,2,2,2,3,2,2,2,2,2,1,1,2,2,2,0,0,0
2008,1,101,1,10049,1,4,2,1,1,2,1,2,2,2,1,2,2,1,2,2,2,2,2,2,2,2,2,2,2,2,2,2,2,2,2,0,0,0
2008,1,51,1,10050,1,4,1,2,1,1,3,1,3,1,1,2,2,2,2,2,2,2,2,2,3,2,2,1,1,2,2,1,2,2,2,0,0,0
2008,1,43,4,10051,1,4,1,2,1,2,5,2,4,1,1,2,2,2,2,1,2,2,2,2,3,2,2,2,2,2,2,2,1,2,2,0,0,0
2008,1,3,1,10052,1,4,1,2,4,2,5,2,1,1,1,2,1,2,2,1,2,2,1,2,2,1,1,1,1,2,2,1,1,2,2,0,0,0
2008,1,125,1,10053,1,4,1,2,2,2,5,2,1,2,2,2,1,2,2,1,2,2,1,2,1,2,2,2,2,2,2,2,1,2,2,0,0,0
2008,1,13,1,10054,1,4,1,2,1,2,4,2,4,2,2,2,2,1,2,1,2,2,2,2,3,2,2,2,2,2,2,2,1,2,2,0,0,0
2008,1,83,1,10055,1,4,1,1,1,2,1,2,1,2,2,2,1,2,2,2,1,2,2,2,3,2,2,2,2,2,2,2,2,2,2,0,0,0
2008,1,127,1,10056,1,4,1,2,4,2,4,2,1,1,2,2,1,2,2,2,2,2,2,2,3,2,2,2,2,1,2,2,1,2,2,0,0,0
2008,1,131,1,10057,1,4,1,2,1,2,4,2,2,1,1,2,2,1,2,1,2,2,2,2,2,2,2,2,2,2,2,2,2,2,2,0,0,0
2008,1,53,1,10058,1,4,1,2,4,1,5,1,1,1,1,2,1,2,2,1,2,2,2,2,1,2,2,2,2,2,2,2,2,2,2,0,0,0
2008,1,125,2,10059,1,4,1,2,1,2,3,2,3,1,1,2,2,2,2,2,2,2,2,2,3,2,2,2,2,1,2,2,1,2,2,0,0,0
2008,1,1,1,10060,1,4,1,2,1,1,4,1,4,1,1,2,2,1,2,2,2,2,1,2,3,1,1,1,1,2,2,1,2,2,2,0,0,0
2008,1,31,1,10061,1,4,1,2,1,2,3,2,3,1,1,2,2,2,2,2,2,2,2,2,3,2,2,2,2,1,2,2,2,2,2,0,0,0
2008,1,107,1,10062,1,4,1,2,4,2,5,2,1,2,2,2,1,2,2,1,2,2,1,2,3,2,2,2,2,2,1,1,1,2,2,0,0,0
2008,1,63,2,10063,1,4,1,1,1,2,1,2,4,1,1,2,2,1,2,2,2,2,1,2,3,2,2,2,2,2,2,2,1,2,2,0,0,0
2008,1,101,1,10064,1,4,1,2,4,2,4,2,1,1,2,2,1,2,2,1,2,2,1,2,1,2,2,2,2,2,2,2,1,2,2,0,0,0
2008,1,31,1,10065,1,4,1,2,1,2,4,2,1,2,1,2,1,2,2,2,1,2,2,2,2,2,2,2,2,2,2,2,2,2,2,0,0,0
2008,1,73,1,10066,1,4,2,2,1,1,4,1,4,1,1,2,2,2,2,2,2,2,2,2,3,2,2,2,2,1,2,2,2,2,2,0,0,0
2008,1,103,1,10067,1,4,1,2,4,2,5,2,1,2,2,2,1,2,2,1,2,2,2,2,2,1,1,1,1,2,2,1,1,2,2,0,0,0
2008,1,79,1,10068,1,4,1,2,1,1,3,1,4,1,1,2,2,1,2,2,2,2,2,2,3,2,2,2,2,1,2,2,2,2,2,0,0,0
2008,1,97,2,10069,1,4,1,2,1,2,6,2,3,1,1,2,2,2,2,2,2,2,2,2,3,2,2,2,2,2,2,2,1,1,2,0,0,0
2008,1,59,1,10070,1,4,1,2,4,2,5,2,1,2,1,2,1,2,2,1,2,2,1,2,3,2,2,2,2,2,2,2,1,2,2,0,0,0
2008,1,73,1,10071,1,4,2,1,3,2,1,2,1,2,2,2,1,2,2,2,2,2,2,2,3,2,2,2,2,1,2,2,1,2,2,0,0,0
2008,1,69,1,10072,1,4,1,2,4,2,5,2,1,2,2,2,1,2,2,1,2,2,1,1,3,2,2,2,2,2,2,2,1,2,2,0,0,0
2008,1,13,1,10073,1,4,1,2,1,2,4,2,3,2,1,2,2,1,2,2,2,2,2,2,3,2,2,2,2,2,2,2,1,2,2,0,0,0
2008,1,95,1,10074,1,4,1,2,1,1,3,1,4,2,2,2,2,2,2,2,2,2,2,2,3,1,1,1,1,2,2,1,2,2,2,0,0,0
2008,1,43,2,10075,1,4,1,2,4,2,5,2,1,1,2,2,1,2,2,1,2,2,2,2,3,2,2,2,2,2,2,2,1,2,2,0,0,0
2008,1,15,1,10076,1,4,2,2,1,2,2,2,4,2,1,2,2,2,2,2,2,2,2,2,3,2,2,2,2,2,1,1,1,2,2,0,0,0
2008,1,55,1,10077,1,4,2,2,4,1,2,1,1,2,1,2,1,2,2,1,2,2,1,2,1,2,2,2,2,2,2,2,2,2,2,0,0,0
2008,1,57,1,10078,1,4,1,2,1,1,4,1,4,1,1,2,2,1,2,2,2,2,2,2,3,2,2,1,1,2,2,1,2,2,2,0,0,0
2008,1,39,1,10079,1,4,1,2,4,2,4,2,1,1,1,2,1,2,2,1,2,2,1,2,2,2,2,2,2,2,2,2,1,2,2,0,0,0
2008,1,45,1,10080,1,4,2,2,1,1,4,1,4,2,1,2,2,2,2,2,2,2,2,2,3,2,2,2,2,2,2,2,2,2,2,0,0,0
2008,1,99,1,10081,1,4,1,2,1,2,6,3,4,1,1,2,2,2,1,1,2,2,2,2,3,2,2,2,2,2,1,1,2,2,2,0,0,0
2008,1,85,1,10082,1,4,1,1,1,2,1,2,1,2,2,2,1,2,2,2,1,2,2,2,3,2,2,2,2,2,2,2,2,2,2,0,0,0
2008,1,113,1,10083,1,4,2,2,1,2,2,2,2,1,1,2,3,2,2,2,2,2,2,2,3,2,2,2,2,1,2,2,2,2,2,0,0,0
2008,1,73,1,10084,1,4,2,2,1,1,2,1,4,1,1,2,2,1,2,2,2,2,2,2,3,2,2,2,2,2,2,2,2,2,2,0,0,0
2008,1,127,1,10085,1,4,1,2,4,2,6,2,1,2,1,2,1,2,2,2,2,2,2,2,3,2,2,2,2,2,2,2,1,2,2,0,0,0
2008,1,73,1,10086,1,4,2,2,1,1,2,1,2,2,2,2,2,2,2,1,2,2,2,2,3,2,2,2,2,2,2,2,2,2,2,0,0,0
2008,1,3,2,10087,1,4,2,2,1,1,4,1,4,2,2,2,2,2,2,1,2,2,2,2,1,2,2,2,2,2,2,2,2,2,2,0,0,0
2008,1,83,1,10088,1,4,1,2,3,2,3,2,1,2,1,2,1,2,2,1,2,2,1,2,2,2,2,2,2,2,2,2,1,2,2,0,0,0
2008,1,97,1,10089,1,4,2,1,1,2,1,3,2,1,1,2,2,1,2,2,2,2,2,2,3,2,2,2,2,2,2,2,2,2,2,0,0,0
2008,1,125,1,10090,1,4,2,2,4,2,5,2,1,2,2,2,1,2,2,1,2,2,1,2,1,2,2,2,2,2,2,2,1,2,2,0,0,0
2008,1,131,1,10091,1,4,1,2,1,2,4,2,1,1,1,2,1,1,2,2,2,2,1,2,2,2,2,2,2,2,2,2,1,2,2,0,0,0
2008,1,43,1,10092,1,4,1,2,4,2,6,2,1,2,2,2,1,2,2,1,2,2,2,2,1,2,2,1,1,2,2,1,1,2,2,0,0,0
2008,1,113,1,10093,1,4,2,2,1,1,4,1,4,1,1,2,2,2,2,2,2,2,2,2,3,2,2,1,1,2,2,1,2,2,2,0,0,0
2008,1,117,1,10094,1,4,1,2,4,2,4,2,1,1,2,2,1,2,2,1,2,2,2,2,1,1,1,1,1,2,2,1,1,2,2,0,0,0
2008,1,87,1,10095,1,4,1,1,4,2,1,2,1,2,2,2,1,2,2,2,2,2,2,2,2,2,2,2,2,2,2,2,1,2,1,0,0,0
2008,1,65,1,10096,1,4,1,2,4,2,6,2,1,2,2,2,1,2,2,1,2,2,2,2,1,2,2,2,2,2,2,2,1,2,2,0,0,0
2008,1,109,1,10097,1,4,2,2,1,2,4,2,3,1,1,2,2,2,2,2,2,2,2,2,3,2,2,2,2,2,2,2,1,2,2,0,0,0
2008,1,43,1,10098,1,4,1,2,4,2,6,2,1,1,1,2,1,2,2,1,2,2,1,2,3,2,2,2,2,2,1,1,1,2,2,0,0,0
2008,1,97,1,10099,1,4,2,1,3,2,1,2,1,1,1,2,1,1,2,2,2,2,2,2,2,2,2,2,2,2,2,2,1,2,2,0,0,0
2008,1,43,1,10100,1,4,1,2,1,2,4,2,3,1,1,2,3,1,2,2,2,2,2,2,3,2,2,2,2,1,2,2,1,2,2,0,0,0
2008,1,15,1,10101,1,4,1,2,1,2,4,2,1,2,1,2,1,2,2,1,2,2,1,2,3,2,2,2,2,2,2,2,1,2,2,0,0,0
2008,1,125,1,10102,1,4,1,2,4,2,5,2,1,2,2,2,1,2,2,1,2,2,1,2,1,2,2,2,2,2,2,2,1,2,2,0,0,0
2008,1,113,1,10103,1,4,1,2,1,2,6,3,4,1,2,2,2,2,2,2,2,2,1,2,3,2,2,2,2,1,2,2,1,2,2,0,0,0
2008,1,95,1,10104,1,4,1,2,1,2,5,2,3,1,1,2,2,2,2,1,2,2,2,2,3,2,2,2,2,2,2,2,1,2,2,0,0,0
2008,1,79,2,10105,1,4,1,2,1,1,3,1,4,1,1,2,2,2,2,2,2,2,2,2,3,2,2,2,2,2,2,2,2,2,2,0,0,0
2008,1,73,1,10106,1,4,2,1,1,2,1,2,1,2,1,2,2,2,1,2,2,2,2,2,3,2,2,2,2,2,2,2,2,2,2,0,0,0
2008,1,81,1,10107,1,4,1,2,4,2,4,2,1,2,2,2,1,2,2,2,2,2,1,2,3,2,2,2,2,2,2,2,1,2,2,0,0,0
2008,1,21,1,10108,1,4,1,2,1,2,4,2,3,1,1,2,2,1,2,1,2,2,2,2,3,2,2,2,2,2,1,1,1,2,2,0,0,0
2008,1,15,1,10109,1,4,1,2,1,2,3,3,4,2,1,2,2,2,2,2,2,2,2,2,3,2,2,2,2,2,2,2,2,2,2,0,0,0
2008,1,123,1,10110,1,4,1,2,4,2,5,2,1,2,1,2,1,2,2,2,2,2,2,2,3,2,2,2,2,1,2,2,1,2,2,0,0,0
2008,1,85,1,10111,1,4,1,2,4,2,4,2,1,1,1,2,1,2,2,2,2,2,1,2,2,2,2,2,2,2,2,2,1,2,2,0,0,0
2008,1,83,1,10112,1,4,1,2,1,2,5,2,4,2,2,2,2,2,1,2,2,2,2,2,3,1,1,1,1,2,2,1,2,2,2,0,0,0
2008,1,19,1,10113,1,4,1,2,4,2,6,2,1,1,2,2,1,2,2,2,2,2,2,2,3,2,2,2,2,2,1,1,1,2,2,0,0,0
2008,1,125,1,10114,1,4,2,2,1,2,4,2,3,2,2,2,2,2,2,2,2,2,2,2,1,2,2,2,2,2,2,2,1,2,2,0,0,0
2008,1,89,1,10115,1,4,2,2,4,2,6,2,1,2,1,2,1,2,1,1,2,2,2,2,1,2,2,2,2,2,2,2,1,2,2,0,0,0
2008,1,73,1,10116,1,4,2,1,4,2,1,3,1,1,2,2,1,2,1,1,2,2,2,2,3,2,2,2,2,2,2,2,1,1,2,0,0,0
2008,1,73,1,10117,1,4,2,2,1,1,4,1,4,1,2,2,2,2,2,2,2,2,2,2,3,2,2,2,2,2,1,1,2,2,2,0,0,0
2008,1,51,1,10118,1,4,1,2,4,2,5,2,1,2,2,2,1,2,2,2,2,2,1,2,1,2,2,2,2,2,2,2,1,2,2,0,0,0
2008,1,73,2,10119,1,4,2,1,1,2,1,2,4,2,2,2,2,2,2,1,2,2,2,2,3,1,1,1,1,2,2,1,1,2,2,0,0,0
2008,1,19,2,10120,1,4,1,2,1,2,4,2,4,2,2,2,2,2,2,1,2,2,2,2,3,2,2,2,2,2,2,2,2,2,2,0,0,0
2008,1,83,1,10121,1,4,1,2,1,1,5,1,4,1,1,2,2,2,2,2,2,2,2,2,3,2,2,2,2,2,2,2,2,2,2,0,0,0
2008,1,103,1,10122,1,4,1,2,1,1,5,1,4,1,1,2,2,2,2,2,2,2,2,2,3,2,2,2,2,2,2,2,2,2,2,0,0,0
2008,1,49,1,10123,1,4,1,2,1,2,4,2,5,2,1,2,3,2,2,2,2,2,2,2,3,2,2,2,2,1,2,2,1,2,2,0,0,0
2008,1,97,1,10124,1,4,2,2,4,2,6,2,1,1,2,2,1,2,2,2,2,2,2,2,2,2,2,2,2,1,2,2,1,2,2,0,0,0
2008,1,101,1,10125,1,4,2,1,3,2,1,2,1,1,2,2,1,2,2,1,2,2,2,2,3,2,2,2,2,2,2,2,1,2,2,0,0,0
2008,1,91,1,10126,1,4,1,2,4,2,3,2,1,2,1,2,1,2,2,2,2,2,1,2,3,2,2,2,2,1,2,2,1,2,1,0,0,0
2008,1,89,1,10127,1,4,1,2,4,2,3,2,1,2,1,2,1,2,2,1,2,2,1,2,3,2,2,2,2,2,2,2,1,2,2,0,0,0
2008,1,125,1,10128,1,4,1,2,4,2,6,2,1,2,1,2,1,2,2,2,2,2,2,2,1,2,2,2,2,2,2,2,1,2,2,0,0,0
2008,1,93,1,10129,1,4,1,2,4,2,3,2,1,1,1,2,1,2,2,1,2,2,2,2,3,2,2,2,2,2,2,2,1,2,2,0,0,0
2008,1,51,1,10130,1,4,1,2,2,2,6,2,1,2,2,2,1,2,2,2,2,2,2,2,3,2,2,2,2,2,2,2,1,2,2,0,0,0
2008,1,17,1,10131,1,4,2,2,4,2,5,2,1,2,2,2,1,2,1,1,2,2,2,2,1,2,2,2,2,2,2,2,1,2,2,0,0,0
2008,1,31,1,10132,1,4,2,2,1,1,5,1,4,2,1,2,2,2,2,2,2,2,1,2,3,1,1,1,1,2,2,1,2,2,2,0,0,0
2008,1,1,1,10133,1,4,1,2,4,2,5,2,1,2,2,2,1,2,2,1,2,2,1,1,2,2,2,2,2,2,2,2,1,2,2,0,0,0
2008,1,97,1,10134,1,4,1,2,4,2,6,2,1,2,2,2,1,2,2,1,2,2,1,2,2,2,2,2,2,2,1,1,1,2,2,0,0,0
2008,1,7,1,10135,1,4,1,2,1,2,3,2,3,1,1,2,2,2,2,1,2,2,2,2,3,1,1,1,1,2,2,1,1,2,2,0,0,0
2008,1,73,1,10136,1,4,2,1,4,2,1,2,6,1,1,2,1,2,2,1,2,2,2,2,3,1,1,1,1,2,2,1,1,2,2,0,0,0
2008,1,97,1,10137,1,4,2,2,4,1,5,1,1,2,1,2,1,2,2,2,2,2,1,2,1,2,2,2,2,2,2,2,2,2,2,0,0,0
2008,1,73,1,10138,1,4,2,2,4,2,6,2,1,2,2,2,1,2,2,2,2,2,2,2,3,2,2,2,2,2,2,2,1,2,2,0,0,0
2008,1,51,1,10139,1,4,2,2,4,2,4,2,1,2,2,2,1,2,2,2,2,2,2,2,2,2,2,2,2,2,2,2,1,2,2,0,0,0
2008,1,15,1,10140,1,4,2,1,1,2,1,2,5,1,1,2,3,1,2,2,2,2,2,2,3,2,2,2,2,2,2,2,2,2,2,0,0,0
2008,1,99,1,10141,1,4,1,2,4,2,6,2,1,2,2,2,1,2,2,1,2,2,1,2,3,2,2,2,2,2,2,2,1,2,2,0,0,0
2008,1,127,1,10142,1,4,1,2,4,2,3,2,1,1,1,2,1,2,2,1,2,2,1,2,2,2,2,2,2,2,1,1,1,2,2,0,0,0
2008,1,111,1,10143,1,4,1,2,2,2,3,2,1,2,2,2,1,2,2,1,2,2,2,2,1,2,2,2,2,2,2,2,1,2,2,0,0,0
2008,1,71,1,10144,1,4,1,2,4,2,6,2,1,1,2,2,1,2,2,2,2,2,1,2,3,1,1,1,1,2,2,1,1,2,2,0,0,0
2008,1,103,1,10145,1,4,1,2,4,2,5,2,1,2,1,2,1,2,2,1,2,2,1,2,3,2,2,2,2,2,2,2,1,2,2,0,0,0
2008,1,97,1,10146,1,4,2,3,1,2,7,2,1,2,1,1,2,2,2,1,1,2,2,2,3,2,2,2,2,2,2,2,2,2,2,0,0,0
2008,1,73,1,10147,1,4,2,2,1,2,2,2,4,2,2,2,2,2,2,2,2,2,2,2,3,2,2,2,2,2,2,2,2,2,2,0,0,0
2008,1,73,1,10148,1,4,1,2,1,2,5,2,3,2,2,2,2,2,2,2,2,2,2,2,3,2,2,2,2,2,2,2,1,2,2,0,0,0
2008,1,97,1,10149,1,4,2,3,4,2,7,2,1,2,1,2,1,2,2,2,2,2,2,2,2,1,1,1,1,2,2,1,1,2,2,0,0,0
2008,1,63,1,10150,1,4,1,2,4,2,3,2,1,1,2,2,1,2,1,1,2,2,2,2,3,2,2,2,2,2,2,2,1,2,2,0,0,0
2008,1,127,1,10151,1,4,1,2,2,2,3,2,1,1,1,2,1,2,2,1,2,2,1,2,3,1,1,1,1,2,2,1,1,2,2,0,0,0
2008,1,83,1,10152,1,4,1,2,4,2,5,2,1,1,1,2,1,2,2,2,2,2,2,2,3,2,2,2,2,2,2,2,1,2,2,0,0,0
2008,1,71,1,10153,1,4,1,2,1,1,4,1,2,1,1,2,2,1,2,2,2,2,1,2,3,2,2,2,2,1,2,2,2,2,2,0,0,0
2008,1,103,1,10154,1,4,1,2,3,2,3,2,1,2,2,2,1,2,2,2,2,2,1,2,2,2,2,2,2,2,2,2,1,2,2,0,0,0
2008,1,89,1,10155,1,4,1,2,1,2,5,2,1,1,1,2,2,1,2,1,1,2,2,2,3,2,2,2,2,2,2,2,2,2,2,0,0,0
2008,1,97,1,10156,1,4,2,2,1,2,2,2,2,1,1,2,2,2,2,2,2,2,2,2,3,1,1,1,1,1,2,1,2,2,2,0,0,0
2008,1,97,1,10157,1,4,2,2,1,2,2,2,1,2,2,2,1,2,2,2,1,2,2,2,3,2,2,2,2,2,2,2,2,2,2,0,0,0
2008,1,53,1,10158,1,4,1,2,2,2,4,2,1,2,2,2,1,2,2,1,2,2,1,2,2,1,1,1,1,2,2,1,1,2,2,0,0,0
2008,1,73,1,10159,1,4,2,1,2,1,1,1,1,2,1,2,1,2,2,2,2,2,2,2,3,2,2,2,2,2,2,2,1,2,2,0,0,0
2008,1,73,1,10160,1,4,2,2,1,2,2,2,4,1,1,2,2,2,2,2,2,2,2,2,3,2,2,2,2,2,2,2,1,2,2,0,0,0
2008,1,73,1,10161,1,4,2,2,4,2,4,2,1,1,1,2,1,2,2,2,2,2,2,2,3,2,2,2,2,1,2,2,1,2,2,0,0,0
2008,1,73,1,10162,1,4,2,2,4,2,2,2,1,2,1,2,1,2,2,2,2,2,1,2,3,2,2,2,2,1,2,2,1,2,2,0,0,0
2008,1,73,1,10163,1,4,2,1,3,2,1,2,1,2,2,2,1,2,2,2,2,2,1,2,3,2,2,2,2,2,1,1,1,2,1,0,0,0
2008,1,73,1,10164,1,4,2,2,4,1,5,1,1,2,1,2,1,2,2,1,2,2,2,2,3,2,2,2,2,2,2,2,2,1,2,0,0,0
2008,1,55,1,10165,1,4,1,2,4,2,5,2,1,2,1,2,1,2,2,1,2,2,1,2,1,2,2,2,2,2,2,2,1,2,2,0,0,0
2008,1,65,1,10166,1,4,1,2,4,2,5,2,1,1,1,2,1,2,2,2,2,2,1,2,2,2,2,2,2,2,2,2,1,2,1,0,0,0
2008,1,55,1,10167,1,4,1,2,1,1,3,1,4,2,1,2,2,1,2,2,2,2,2,2,1,2,2,2,2,2,2,2,2,2,2,0,0,0
2008,1,55,1,10168,1,4,1,2,4,2,5,2,1,2,2,2,1,2,2,1,2,2,1,2,1,2,2,2,2,2,2,2,1,2,2,0,0,0
2008,1,15,1,10169,1,4,1,2,4,2,4,2,1,2,2,2,1,2,2,1,2,2,1,2,3,2,2,2,2,2,2,2,1,2,2,0,0,0
2008,1,73,4,10170,1,4,2,1,1,2,1,2,4,1,1,2,2,1,2,2,2,2,2,2,3,1,1,1,1,2,2,1,2,1,2,0,0,0
2008,1,85,1,10171,1,4,1,2,1,2,5,2,4,2,2,2,2,2,2,2,2,2,2,2,3,2,2,2,2,2,2,2,1,2,2,0,0,0
2008,1,51,1,10172,1,4,1,2,4,2,4,2,1,2,2,2,1,2,2,2,2,2,2,2,3,2,2,2,2,2,1,1,1,2,1,0,0,0
2008,1,91,1,10173,1,4,1,2,4,2,5,2,1,2,2,2,1,2,2,1,2,2,1,2,3,2,2,2,2,2,2,2,1,2,2,0,0,0
2008,1,121,1,10174,1,4,1,2,4,2,6,2,1,2,1,2,1,2,2,1,2,2,2,2,1,2,2,2,2,2,2,2,1,2,2,0,0,0
2008,1,65,1,10175,1,4,1,2,1,2,4,2,5,2,2,2,2,1,2,1,2,2,1,2,3,2,2,2,2,2,2,2,1,2,2,0,0,0
2008,1,81,2,10176,1,4,2,1,1,2,1,2,4,1,1,2,3,2,2,2,2,2,1,2,3,2,2,2,2,2,2,2,1,2,2,0,0,0
2008,1,21,1,10177,1,4,1,1,1,1,1,1,5,1,2,2,2,1,1,2,2,2,2,2,3,2,2,2,2,1,2,2,2,2,2,0,0,0
2008,1,59,1,10178,1,4,1,2,1,1,3,1,4,2,1,2,2,1,2,2,2,2,2,2,3,2,2,2,2,2,2,2,2,2,2,0,0,0
2008,1,97,1,10179,1,4,2,1,1,2,1,2,5,1,2,2,2,2,2,2,2,2,1,2,3,1,1,1,1,2,2,1,2,2,2,0,0,0
2008,1,77,1,10180,1,4,1,2,1,2,5,2,1,1,1,2,1,2,1,2,2,2,2,2,3,2,2,2,2,1,2,2,1,2,2,0,0,0
2008,1,101,1,10181,1,4,2,1,1,2,1,2,2,1,2,2,2,2,2,1,2,2,1,2,2,2,2,2,2,1,2,2,1,2,2,0,0,0
2008,1,73,1,10182,1,4,2,2,2,2,2,2,1,1,2,2,1,2,2,1,2,2,1,2,3,2,2,2,2,2,2,2,1,2,2,0,0,0
2008,1,97,1,10183,1,4,2,2,4,2,2,2,1,2,2,2,1,2,2,2,2,2,2,2,2,2,2,2,2,2,2,2,1,2,2,0,0,0
2008,1,23,1,10184,1,4,1,2,4,2,4,2,1,1,1,2,1,2,2,2,2,2,1,2,3,2,2,2,2,2,1,1,1,2,2,0,0,0
2008,1,113,1,10185,1,4,2,2,1,2,2,3,4,2,1,2,2,2,2,2,2,2,2,2,3,2,2,2,2,1,2,2,2,2,2,0,0,0
2008,1,87,1,10186,1,4,1,2,4,2,5,2,1,2,2,2,1,2,2,1,2,2,2,2,3,2,2,2,2,2,2,2,1,2,2,0,0,0
2008,1,93,1,10187,1,4,1,2,1,1,5,1,4,2,1,2,2,2,2,1,2,2,2,2,3,2,2,2,2,2,1,1,2,2,2,0,0,0
2008,1,21,1,10188,1,4,1,2,1,2,5,2,1,2,1,2,1,2,2,2,2,2,1,2,3,2,2,2,2,1,2,2,1,2,2,0,0,0
2008,1,51,1,10189,1,4,2,2,1,2,4,2,3,2,2,2,3,2,2,2,2,2,2,2,1,2,2,2,2,2,2,2,1,2,2,0,0,0
2008,1,15,1,10190,1,4,2,2,1,1,4,1,4,2,1,2,2,2,1,1,2,2,2,2,1,2,2,2,2,2,1,1,2,2,2,0,0,0
2008,1,125,1,10191,1,4,1,2,4,2,6,2,1,2,2,2,1,2,2,1,2,2,2,2,2,2,2,2,2,2,2,2,1,2,2,0,0,0
2008,1,23,2,10192,1,4,1,2,4,2,6,2,1,1,1,2,1,2,2,1,2,2,2,2,1,2,2,2,2,2,1,1,1,2,2,0,0,0
2008,1,129,1,10193,1,4,1,2,4,2,4,2,1,2,2,2,1,2,2,1,2,2,2,2,2,2,2,2,2,2,2,2,1,2,2,0,0,0
2008,1,81,1,10194,1,4,1,2,1,2,5,2,3,1,1,2,2,2,2,1,2,2,2,2,3,2,2,2,2,1,2,2,1,2,2,0,0,0
2008,1,53,1,10195,1,4,1,2,4,2,5,2,1,2,2,2,1,2,2,2,2,2,2,2,3,2,2,2,2,2,1,1,1,2,1,0,0,0
2008,1,21,1,10196,1,4,1,1,4,2,1,2,1,1,2,2,1,1,2,1,2,2,1,2,3,2,2,2,2,2,1,1,1,2,1,0,0,0
2008,1,3,1,10197,1,4,1,3,4,2,7,2,1,2,2,2,1,2,2,1,2,2,2,2,3,2,2,1,1,2,2,1,1,2,2,0,0,0
2008,1,73,1,10198,1,4,1,2,4,2,5,2,1,1,2,2,1,2,2,1,2,2,2,2,3,2,2,2,2,2,2,2,1,2,2,0,0,0
2008,1,89,1,10199,1,4,2,2,1,2,2,2,1,2,1,2,1,2,2,2,1,2,2,2,2,1,1,1,1,2,2,1,2,2,2,0,0,0
2008,1,83,1,10200,1,4,2,2,4,2,6,2,1,1,2,2,1,2,2,2,2,2,2,2,3,2,2,2,2,2,2,2,1,2,2,0,0,0
2008,1,73,1,10201,1,4,1,2,4,2,5,2,1,1,1,2,1,2,2,1,2,2,2,2,3,2,2,2,2,2,2,2,1,2,2,0,0,0
2008,1,73,1,10202,1,4,2,2,1,1,6,1,1,1,1,2,1,2,2,2,1,2,2,2,3,2,2,2,2,1,2,2,2,2,2,0,0,0
2008,1,89,1,10203,1,4,1,2,4,2,6,2,1,2,2,2,1,2,2,1,2,2,1,2,3,2,2,2,2,2,1,1,1,2,2,0,0,0
2008,1,117,1,10204,1,4,1,2,1,2,4,2,3,1,1,2,2,2,2,2,2,2,2,2,3,2,2,2,2,2,2,2,1,2,2,0,0,0
2008,1,21,1,10205,1,4,1,2,1,2,5,2,5,2,1,2,2,2,2,2,2,2,1,2,1,2,2,2,2,2,2,2,1,2,2,0,0,0
2008,1,121,1,10206,1,4,2,2,4,2,2,2,1,2,1,2,1,2,2,1,2,2,2,1,2,2,2,1,1,2,2,1,1,2,2,0,0,0
2008,1,37,1,10207,1,4,1,2,4,2,4,2,1,2,1,2,1,2,1,2,2,2,2,2,1,2,2,2,2,2,2,2,1,2,2,0,0,0
2008,1,97,1,10208,1,4,2,2,1,1,3,1,4,2,2,2,3,2,1,2,2,2,2,2,3,2,2,2,2,2,2,2,2,2,2,0,0,0
2008,1,133,1,10209,1,4,1,2,4,2,3,2,1,1,1,2,1,1,2,2,2,2,2,2,2,2,2,2,2,2,2,2,1,2,2,0,0,0
2008,1,25,1,10210,1,4,2,2,1,1,5,1,2,1,1,2,2,2,2,2,2,2,2,2,3,2,2,2,2,1,2,2,2,2,2,0,0,0
2008,1,131,1,10211,1,4,1,2,1,2,3,3,4,1,1,2,2,1,2,2,2,2,2,2,3,2,2,2,2,2,1,1,2,2,2,0,0,0
2008,1,53,1,10212,1,4,1,2,1,2,5,2,1,2,2,2,1,2,2,2,2,2,1,2,1,2,2,2,2,2,2,2,1,2,2,0,0,0
2008,1,97,1,10213,1,4,1,2,4,2,5,2,1,1,2,2,1,2,2,2,2,2,2,2,1,2,2,2,2,2,2,2,1,2,2,0,0,0
2008,1,95,1,10214,1,4,1,2,4,2,5,2,1,1,1,2,1,2,2,1,2,2,2,2,3,2,2,2,2,2,1,1,1,2,2,0,0,0
2008,1,1,1,10215,1,4,2,2,1,1,2,1,4,1,1,2,2,2,2,2,2,2,2,2,3,2,2,2,2,1,2,2,2,2,2,0,0,0
2008,1,107,1,10216,1,4,1,2,1,2,3,2,3,2,2,2,2,2,2,2,2,2,2,2,3,2,2,2,2,1,2,2,2,2,2,0,0,0
2008,1,33,1,10217,1,4,1,2,4,2,5,2,1,2,2,2,1,2,2,1,2,2,1,2,3,2,2,2,2,2,1,1,1,2,2,0,0,0
2008,1,9,1,10218,1,4,1,2,4,2,6,2,1,1,1,2,1,2,2,1,2,2,2,2,2,1,1,1,1,2,2,1,1,2,2,0,0,0
2008,1,89,1,10219,1,4,1,2,4,2,3,2,1,2,2,2,1,2,2,1,2,2,1,2,3,2,2,2,2,2,2,2,1,2,2,0,0,0
2008,1,9,1,10220,1,4,1,2,4,2,4,2,1,1,1,2,1,2,2,1,2,2,1,2,2,2,2,2,2,2,2,2,1,2,2,0,0,0
2008,1,123,2,10221,1,4,1,2,4,2,5,2,1,1,1,2,1,2,2,1,2,2,2,2,2,2,2,2,2,2,2,2,1,2,2,0,0,0
2008,1,125,1,10222,1,4,1,2,4,2,4,2,1,2,1,2,1,2,2,1,2,2,1,2,1,2,2,2,2,2,2,2,1,2,2,0,0,0
2008,1,95,1,10223,1,4,1,2,4,2,5,2,1,2,2,2,1,2,1,2,2,2,2,2,3,2,2,1,1,2,2,1,1,2,2,0,0,0
2008,1,3,1,10224,1,4,1,1,1,2,1,2,2,1,2,2,3,1,1,2,2,2,2,2,3,2,2,2,2,2,1,1,2,2,2,0,0,0
2008,1,97,1,10225,1,4,1,2,4,2,5,2,1,2,2,2,1,2,2,1,2,2,1,2,1,2,2,1,1,2,2,1,1,2,2,0,0,0
2008,1,95,1,10226,1,4,2,2,1,2,2,2,2,2,1,2,3,2,1,2,2,2,2,2,1,1,1,1,1,2,2,1,2,2,2,0,0,0
2008,1,121,1,10227,1,4,1,1,4,2,1,2,1,2,2,2,1,2,2,1,2,2,2,2,2,2,2,2,2,2,1,1,1,2,2,0,0,0
2008,1,97,1,10228,1,4,1,2,1,2,3,2,4,1,2,2,2,2,2,2,2,2,2,2,3,2,2,2,2,2,2,2,1,2,2,0,0,0
2008,1,77,1,10229,1,4,1,2,1,1,5,1,4,2,1,2,2,2,2,2,2,2,2,2,1,2,2,2,2,2,2,2,2,2,2,0,0,0
2008,1,113,1,10230,1,4,1,2,1,1,5,1,3,1,1,2,3,2,2,2,2,2,2,2,3,2,2,2,2,1,2,2,2,2,2,0,0,0
2008,1,125,1,10231,1,4,2,2,1,2,2,2,2,2,1,2,2,2,1,1,2,2,2,2,3,2,2,2,2,2,2,2,2,2,2,0,0,0
2008,1,53,1,10232,1,4,1,2,4,2,6,2,1,1,1,2,1,2,2,1,2,2,1,2,2,2,2,2,2,2,2,2,1,2,2,0,0,0
2008,1,87,1,10233,1,4,1,2,1,2,5,2,3,1,1,2,2,2,2,2,2,2,2,2,1,2,2,2,2,2,2,2,1,2,1,0,0,0
2008,1,117,1,10234,1,4,2,2,4,2,4,2,1,2,1,2,1,2,1,2,2,2,2,2,3,2,2,2,2,2,2,2,1,2,2,0,0,0
2008,1,121,1,10235,1,4,2,2,4,2,6,2,1,2,1,2,1,2,2,1,2,2,1,2,2,1,1,1,1,2,2,1,1,2,2,0,0,0
2008,1,35,1,10236,1,4,1,2,4,2,6,2,1,2,2,2,1,2,2,1,2,2,2,2,3,2,2,2,2,2,2,2,1,2,2,0,0,0
2008,1,21,2,10237,1,4,1,1,1,2,1,2,5,2,2,2,3,2,2,1,2,2,1,2,3,1,1,1,1,1,2,1,2,2,2,0,0,0
2008,1,9,1,10238,1,4,1,2,1,2,5,2,1,1,2,2,1,2,2,1,2,2,1,2,1,2,2,2,2,2,2,2,1,2,2,0,0,0
2008,1,81,2,10239,1,4,1,2,1,1,4,1,4,1,2,2,2,2,2,2,2,2,2,2,3,2,2,2,2,1,2,2,2,2,2,0,0,0
2008,1,97,1,10240,1,4,1,2,4,2,3,2,1,2,1,2,1,2,2,1,2,2,1,2,1,2,2,2,2,2,2,2,1,2,2,0,0,0
2008,1,9,1,10241,1,4,1,2,4,2,5,2,1,2,1,2,1,2,2,1,2,2,1,2,3,2,2,2,2,2,2,2,1,2,2,0,0,0
2008,1,3,1,10242,1,4,1,2,4,2,5,2,1,2,1,2,1,2,2,2,2,2,2,2,1,2,2,2,2,2,2,2,1,2,1,0,0,0
2008,1,133,1,10243,1,4,1,2,4,1,3,1,1,2,1,2,1,1,2,2,2,2,2,2,2,2,2,2,2,2,2,2,2,2,2,0,0,0
2008,1,57,1,10244,1,4,1,2,4,1,6,1,1,2,1,2,1,2,2,2,2,2,2,2,1,2,2,2,2,2,2,2,2,2,2,0,0,0
2008,1,59,2,10245,1,4,1,2,1,2,3,2,4,2,2,2,2,2,2,1,2,2,2,2,1,1,1,1,1,2,2,1,1,2,2,0,0,0
2008,1,73,1,10246,1,4,2,2,1,1,4,1,3,1,1,2,3,2,2,2,2,2,2,2,3,2,2,2,2,1,2,2,2,2,2,0,0,0
2008,1,43,1,10247,1,4,1,2,1,1,3,1,4,1,2,2,2,2,2,2,2,2,2,2,3,2,2,2,2,1,2,2,2,2,2,0,0,0
2008,1,97,1,10248,1,4,2,2,1,2,3,3,4,1,2,2,2,2,1,2,2,2,2,2,2,2,2,2,2,1,2,2,2,2,2,0,0,0
2008,1,97,1,10249,1,4,1,2,1,2,5,3,4,1,1,2,2,1,1,2,2,2,2,2,3,2,2,1,1,2,2,1,2,2,2,0,0,0
2008,1,15,1,10250,1,4,2,2,1,2,5,2,1,2,2,1,1,2,2,2,1,2,2,2,3,2,2,2,2,2,2,2,2,2,2,0,0,0
2008,1,109,1,10251,1,4,1,2,1,2,5,2,4,2,2,2,2,2,2,1,2,2,2,2,3,2,2,2,2,2,1,1,1,2,2,0,0,0
2008,1,125,1,10252,1,4,1,2,4,2,5,2,1,1,1,2,1,2,2,1,2,2,2,2,3,2,2,2,2,2,2,2,1,2,2,0,0,0
2008,1,101,1,10253,1,4,2,2,1,1,6,1,4,2,1,2,2,2,2,1,2,2,1,2,2,2,2,2,2,2,1,1,2,2,2,0,0,0
2008,1,51,1,10254,1,4,2,2,1,2,2,2,7,1,2,2,2,2,2,2,2,2,1,2,3,2,2,2,2,2,2,2,1,2,2,0,0,0
2008,1,127,1,10255,1,4,2,2,1,2,4,3,4,1,2,2,2,2,2,2,2,2,2,2,3,2,2,2,2,1,2,2,2,2,2,0,0,0
2008,1,51,1,10256,1,4,2,2,1,2,4,2,2,1,1,2,3,1,2,2,2,2,2,2,3,2,2,2,2,2,2,2,2,2,2,0,0,0
2008,1,125,1,10257,1,4,2,2,4,2,4,2,1,1,1,2,1,2,2,2,2,2,2,2,2,2,2,2,2,2,2,2,1,2,2,0,0,0
2008,1,125,1,10258,1,4,1,2,2,2,5,2,1,2,2,2,1,2,2,1,2,2,2,2,1,2,2,2,2,2,1,1,1,2,2,0,0,0
2008,1,127,1,10259,1,4,1,2,1,2,3,2,2,1,2,2,2,2,1,1,2,2,2,2,3,2,2,2,2,2,2,2,2,1,2,0,0,0
2008,1,97,1,10260,1,4,1,2,2,2,5,2,1,1,1,2,1,2,1,1,2,2,2,2,2,2,2,1,1,2,2,1,1,2,2,0,0,0
2008,1,125,4,10261,1,4,1,2,4,2,6,2,1,2,2,2,1,2,2,1,2,2,1,2,1,2,2,2,2,2,2,2,1,2,2,0,0,0
2008,1,117,1,10262,1,4,1,2,4,2,5,2,1,1,2,2,1,2,2,1,2,2,2,2,2,2,2,2,2,2,2,2,1,2,2,0,0,0
2008,1,127,1,10263,1,4,1,2,1,2,4,2,4,2,2,2,2,2,2,2,2,2,2,2,3,2,2,1,1,2,2,1,1,2,2,0,0,0
2008,1,95,1,10264,1,4,1,2,1,2,5,3,4,2,2,2,2,1,2,2,2,2,2,2,3,2,2,2,2,1,2,2,2,2,2,0,0,0
2008,1,17,1,10265,1,4,1,2,1,2,5,2,1,1,1,2,1,2,1,2,2,2,2,2,2,2,2,2,2,2,2,2,2,2,2,0,0,0
2008,1,17,1,10266,1,4,2,2,1,1,4,1,4,2,1,2,2,2,2,2,2,2,2,2,3,1,1,1,1,1,2,1,2,1,2,0,0,0
2008,1,97,1,10267,1,4,1,2,1,2,5,2,1,2,1,2,1,2,2,2,1,2,2,2,3,2,2,2,2,2,1,1,2,2,2,0,0,0
2008,1,101,1,10268,1,4,2,2,1,1,6,1,4,2,2,2,2,2,2,1,2,2,2,2,1,2,2,2,2,2,1,1,2,2,2,0,0,0
2008,1,87,1,10269,1,4,1,2,4,2,5,2,1,2,2,2,1,2,2,1,2,2,2,2,1,2,2,2,2,2,2,2,1,2,2,0,0,0
2008,1,19,1,10270,1,4,1,2,2,2,4,2,1,2,1,2,1,2,2,1,2,2,1,2,2,2,2,2,2,2,2,2,1,2,2,0,0,0
2008,1,59,1,10271,1,4,1,2,4,2,6,2,1,2,1,2,1,2,2,1,2,2,1,2,3,2,2,2,2,2,2,2,1,2,2,0,0,0
2008,1,55,1,10272,1,4,2,2,1,2,2,2,1,1,2,2,2,2,2,1,2,2,1,2,3,2,2,2,2,2,1,1,1,2,2,0,0,0
2008,1,55,2,10273,1,4,2,2,4,2,3,2,1,1,1,2,1,2,2,1,2,2,1,2,3,2,2,2,2,2,2,2,1,2,2,0,0,0
2008,1,125,1,10274,1,4,1,2,1,2,5,2,3,2,1,2,3,2,2,1,2,2,2,2,1,2,2,2,2,2,2,2,1,2,2,0,0,0
2008,1,43,1,10275,1,4,1,2,4,2,5,2,1,2,1,2,1,2,2,1,2,2,1,2,2,2,2,2,2,2,2,2,1,2,2,0,0,0
2008,1,125,1,10276,1,4,1,2,1,1,3,1,4,2,2,2,2,2,2,2,2,2,2,2,3,1,1,1,1,2,2,1,2,2,2,0,0,0
2008,1,43,1,10277,1,4,1,2,4,2,5,2,1,1,1,2,1,2,2,2,2,2,2,2,2,2,2,2,2,1,2,2,1,2,2,0,0,0
2008,1,103,1,10278,1,4,1,2,4,2,6,2,1,1,1,2,1,2,2,1,2,2,1,2,3,2,2,2,2,2,2,2,1,2,2,0,0,0
2008,1,103,1,10279,1,4,2,2,4,2,2,2,1,2,1,2,1,2,2,1,2,2,2,1,2,2,2,2,2,2,2,2,1,2,2,0,0,0
2008,1,65,1,10280,1,4,1,2,1,2,4,2,4,1,1,2,2,2,2,2,2,2,2,2,3,2,2,2,2,2,2,2,1,2,2,0,0,0
2008,1,97,1,10281,1,4,1,2,1,2,4,2,3,1,1,2,3,2,2,1,2,2,2,2,3,2,2,2,2,2,2,2,1,2,2,0,0,0
2008,1,47,1,10282,1,4,1,2,1,2,4,2,3,1,1,2,2,2,2,1,2,2,2,2,3,1,1,1,1,2,2,1,2,2,2,0,0,0
2008,1,81,1,10283,1,4,2,2,4,1,2,1,1,1,1,2,1,1,2,2,2,2,1,2,2,2,2,2,2,2,2,2,1,2,2,0,0,0
2008,1,97,1,10284,1,4,2,2,1,1,2,1,4,1,1,2,2,1,2,2,2,2,2,2,3,2,2,2,2,2,2,2,2,2,2,0,0,0
2008,1,83,1,10285,1,4,1,2,2,2,5,2,1,1,2,2,2,2,2,1,2,2,2,2,1,2,2,2,2,2,2,2,1,1,2,0,0,0
2008,1,81,1,10286,1,4,2,2,4,2,5,2,1,2,2,2,1,2,2,1,2,2,1,2,3,2,2,2,2,2,1,1,1,2,2,0,0,0
2008,1,39,1,10287,1,4,1,2,1,2,3,2,2,2,2,2,2,2,2,2,2,2,2,2,3,2,2,2,2,2,1,1,2,2,2,0,0,0
2008,1,51,1,10288,1,4,1,2,4,2,6,2,1,2,2,2,1,2,2,1,2,2,1,2,3,2,2,2,2,2,2,2,1,1,2,0,0,0
2008,1,113,1,10289,1,4,2,2,4,2,2,2,1,1,1,2,1,2,1,1,2,2,2,2,2,2,2,2,2,2,2,2,1,2,2,0,0,0
2008,1,121,1,10290,1,4,1,2,4,2,5,2,1,2,2,2,1,2,2,1,2,2,2,2,3,1,1,1,1,2,2,1,1,2,2,0,0,0
2008,1,89,1,10291,1,4,1,2,4,2,6,2,1,2,2,2,1,2,2,2,2,2,1,2,3,2,2,2,2,2,2,2,1,2,2,0,0,0
2008,1,89,1,10292,1,4,1,2,2,2,4,2,1,2,2,2,1,2,2,1,2,2,1,2,1,2,2,2,2,2,2,2,1,2,2,0,0,0
2008,1,23,1,10293,1,4,1,2,1,2,4,2,4,1,1,2,2,1,2,2,2,2,2,2,3,2,2,2,2,2,2,2,2,2,2,0,0,0
2008,1,99,2,10294,1,4,1,2,4,2,4,2,1,2,2,2,1,2,2,1,2,2,2,2,2,2,2,2,2,2,1,1,1,2,2,0,0,0
2008,1,89,1,10295,1,4,2,3,4,2,7,2,1,2,2,2,1,2,2,1,2,2,2,2,1,2,2,2,2,2,2,2,1,2,2,0,0,0
2008,1,81,1,10296,1,4,2,1,4,2,1,2,1,2,1,2,1,2,2,2,2,2,2,2,3,2,2,2,2,1,2,2,1,2,2,0,0,0
2008,1,73,1,10297,1,4,2,2,1,1,2,1,4,1,1,2,2,2,2,2,2,2,2,2,3,2,2,2,2,2,1,1,2,2,2,0,0,0
2008,1,95,1,10298,1,4,2,2,2,2,4,2,1,1,1,2,1,2,2,2,2,2,1,2,3,2,2,2,2,1,2,2,1,2,2,0,0,0
2008,1,39,1,10299,1,4,1,2,2,2,5,2,1,2,2,2,1,2,2,1,2,2,2,2,1,2,2,2,2,2,2,2,1,2,2,0,0,0
2008,1,87,1,10300,1,4,1,2,1,2,6,2,1,2,2,2,1,2,2,2,2,1,2,2,3,2,2,2,2,2,2,2,2,2,2,0,0,0
2008,1,3,1,10301,1,4,1,2,2,2,3,2,1,2,1,2,1,2,2,2,2,1,2,2,3,2,2,2,2,2,2,2,1,2,2,0,0,0
2008,1,55,1,10302,1,4,2,2,4,2,2,2,1,2,1,2,1,2,2,2,2,2,2,2,1,2,2,2,2,2,2,2,1,2,2,0,0,0
2008,1,125,1,10303,1,4,2,2,4,2,2,2,1,1,1,2,1,2,2,1,2,2,1,2,3,1,1,1,1,2,2,1,1,2,2,0,0,0
2008,1,43,1,10304,1,4,1,2,4,2,5,2,1,2,2,2,1,2,2,1,2,2,2,2,1,2,2,2,2,2,2,2,1,2,2,0,0,0
2008,1,33,1,10305,1,4,1,2,1,2,3,3,2,1,1,2,2,2,1,2,2,2,2,2,3,2,2,2,2,2,2,2,2,2,2,0,0,0
2008,1,45,1,10306,1,4,2,2,4,2,5,2,1,2,2,2,1,2,1,1,2,2,2,2,1,2,2,2,2,2,1,1,1,2,2,0,0,0
2008,1,125,1,10307,1,4,1,2,4,2,3,2,1,2,2,2,1,2,2,2,2,2,2,2,2,2,2,2,2,2,1,1,1,2,2,0,0,0
2008,1,3,1,10308,1,4,1,2,1,2,3,2,2,1,1,2,2,2,1,1,2,2,2,2,3,2,2,2,2,1,2,2,2,2,2,0,0,0
2008,1,15,1,10309,1,4,2,2,4,2,6,2,1,1,1,2,1,2,2,1,2,2,2,2,3,2,2,2,2,1,2,2,1,2,2,0,0,0
2008,1,3,2,10310,1,4,1,2,4,2,5,2,1,2,1,2,1,2,2,1,2,2,1,2,1,2,2,1,1,2,2,1,1,2,2,0,0,0
2008,1,97,1,10311,1,4,2,2,4,1,6,1,1,2,2,2,1,2,2,2,2,2,2,2,1,2,2,2,2,2,2,2,2,2,2,0,0,0
2008,1,101,1,10312,1,4,2,2,1,2,2,3,4,1,1,2,2,2,1,2,2,2,2,2,2,2,2,2,2,2,2,2,2,2,2,0,0,0
2008,1,71,2,10313,1,4,1,2,1,2,3,2,3,2,1,2,2,2,2,1,2,2,2,2,3,2,2,2,2,1,2,2,2,2,2,0,0,0
2008,1,101,1,10314,1,4,1,2,1,1,3,1,4,1,1,2,2,1,2,2,2,2,2,2,1,2,2,2,2,2,2,2,2,2,2,0,0,0
2008,1,89,1,10315,1,4,2,3,1,1,7,1,4,1,1,2,3,2,2,1,2,2,2,1,3,2,2,2,2,2,2,2,2,2,2,0,0,0
2008,1,31,1,10316,1,4,2,2,4,2,2,2,1,2,2,2,1,2,2,2,2,2,1,2,1,2,2,2,2,2,2,2,1,2,2,0,0,0
2008,1,31,1,10317,1,4,1,2,1,2,4,2,3,1,2,2,2,2,1,1,2,2,2,2,3,2,2,2,2,2,2,2,1,2,2,0,0,0
2008,1,101,1,10318,1,4,1,2,4,2,4,2,1,1,2,2,1,2,2,1,2,2,1,2,1,2,2,2,2,2,2,2,1,2,2,0,0,0
2008,1,113,1,10319,1,4,2,2,1,2,4,2,1,2,1,2,1,2,1,1,2,2,2,1,2,2,2,2,2,2,1,1,2,2,2,0,0,0
2008,1,103,1,10320,1,4,1,2,4,2,4,2,1,2,2,2,1,2,2,1,2,2,1,2,1,2,2,1,1,2,2,1,1,2,2,0,0,0
2008,1,103,1,10321,1,4,2,2,1,1,2,1,4,2,2,2,2,2,2,1,2,2,2,2,3,2,2,2,2,2,1,1,2,2,2,0,0,0
2008,1,3,1,10322,1,4,1,2,4,2,5,2,1,2,1,2,1,2,1,2,2,2,2,2,2,2,2,2,2,2,2,2,1,2,2,0,0,0
2008,1,1,1,10323,1,4,1,2,1,2,3,3,4,1,1,2,2,1,1,2,2,2,2,2,3,1,1,1,1,2,2,1,2,2,2,0,0,0
2008,1,93,1,10324,1,4,1,2,4,2,4,2,1,1,1,2,1,2,2,2,2,2,1,2,3,2,2,2,2,1,2,2,1,2,2,0,0,0
2008,1,7,1,10325,1,4,1,2,4,2,3,2,1,1,1,2,1,2,2,2,2,2,1,2,1,2,2,2,2,2,2,2,1,2,2,0,0,0
2008,1,101,1,10326,1,4,1,2,4,2,3,2,1,1,1,2,1,2,2,2,2,2,1,2,2,2,2,2,2,2,2,2,2,2,2,0,0,0
2008,1,97,2,10327,1,4,1,2,4,2,5,2,1,2,2,2,1,2,2,1,2,2,1,2,1,2,2,2,2,2,1,1,1,2,2,0,0,0
2008,1,33,1,10328,1,4,1,3,3,2,7,3,1,1,1,2,1,2,2,2,2,2,2,2,2,2,2,1,1,2,2,1,1,2,2,0,0,0
2008,1,51,1,10329,1,4,1,2,1,1,4,1,4,1,1,2,3,2,2,1,2,2,2,2,3,2,2,2,2,1,1,1,2,2,2,0,0,0
2008,1,99,1,10330,1,4,1,2,4,2,5,2,1,2,2,2,1,2,2,1,2,2,1,2,1,2,2,2,2,2,2,2,1,2,2,0,0,0
2008,1,101,1,10331,1,4,1,2,4,2,3,2,1,1,1,2,1,2,2,2,2,2,1,2,2,2,2,2,2,2,1,1,1,2,2,0,0,0
2008,1,97,1,10332,1,4,1,2,1,1,5,1,4,2,2,2,2,2,2,2,2,2,2,2,3,2,2,2,2,1,2,2,2,2,2,0,0,0
2008,1,125,1,10333,1,4,2,1,2,2,1,2,1,1,1,2,1,2,2,2,2,2,1,2,2,2,2,2,2,2,2,2,1,2,2,0,0,0
2008,1,45,1,10334,1,4,1,2,1,2,3,2,1,1,2,2,1,2,2,2,2,2,1,2,3,2,2,2,2,2,1,1,1,2,2,0,0,0
2008,1,99,1,10335,1,4,1,2,1,2,5,2,1,1,1,2,1,2,2,1,1,2,2,2,3,2,2,2,2,2,2,2,2,2,2,0,0,0
2008,1,75,1,10336,1,4,1,2,2,1,4,1,1,1,1,2,1,2,2,1,2,2,2,2,3,2,2,2,2,1,2,2,2,2,2,0,0,0
2008,1,89,2,10337,1,4,2,2,4,2,2,2,1,1,2,2,1,2,2,2,2,2,1,2,2,2,2,2,2,2,2,2,1,2,2,0,0,0
2008,1,123,1,10338,1,4,1,2,2,2,4,2,1,2,1,2,1,2,2,1,2,2,1,2,2,2,2,2,2,2,1,1,1,2,2,0,0,0
2008,1,127,1,10339,1,4,1,2,1,2,6,2,3,1,1,2,2,1,2,1,2,2,2,2,3,2,2,2,2,1,2,2,1,2,2,0,0,0
2008,1,103,1,10340,1,4,1,2,4,2,6,2,1,1,2,2,1,2,2,2,2,2,2,2,3,2,2,2,2,2,2,2,1,2,2,0,0,0
2008,1,73,1,10341,1,4,2,2,1,2,2,2,3,1,1,2,3,2,2,2,2,2,2,2,3,2,2,1,1,2,2,1,1,2,1,0,0,0
2008,1,97,1,10342,1,4,2,2,1,1,4,1,4,2,1,1,3,2,2,2,2,2,1,2,3,1,2,1,2,2,2,2,2,2,2,0,0,0
2008,1,119,1,10343,1,4,1,2,1,2,6,2,1,2,2,2,1,2,2,2,2,2,2,2,1,2,2,2,2,2,2,2,2,2,2,0,0,0
2008,1,97,1,10344,1,4,2,2,1,1,4,1,4,1,1,2,2,2,1,2,2,2,2,2,3,2,2,2,2,2,2,2,2,2,2,0,0,0
2008,1,105,1,10345,1,4,1,2,4,2,5,2,1,1,1,2,1,2,2,2,2,2,1,2,1,2,2,2,2,2,2,2,1,2,2,0,0,0
2008,1,101,1,10346,1,4,2,1,3,2,1,2,1,1,1,2,1,2,2,2,2,2,1,2,1,2,2,2,2,2,2,2,1,2,2,0,0,0
2008,1,113,1,10347,1,4,2,2,4,2,6,2,1,2,2,2,1,2,2,1,2,2,1,2,2,2,2,2,2,2,1,1,1,2,2,0,0,0
2008,1,127,1,10348,1,4,1,2,4,2,5,2,1,2,2,2,1,2,1,1,2,2,2,2,1,2,2,2,2,2,2,2,1,2,2,0,0,0
2008,1,23,1,10349,1,4,1,2,4,2,4,2,1,2,2,2,1,2,2,1,2,2,1,2,3,2,2,2,2,2,2,2,1,2,2,0,0,0
2008,1,89,1,10350,1,4,2,2,1,1,2,1,4,2,2,2,2,2,2,1,2,2,2,2,3,2,2,2,2,2,1,1,2,2,2,0,0,0
2008,1,35,1,10351,1,4,1,1,4,2,1,2,1,1,2,2,1,2,2,2,2,2,1,2,3,2,2,2,2,2,2,2,1,2,2,0,0,0
2008,1,19,1,10352,1,4,1,2,4,2,4,2,1,2,2,2,1,2,2,1,2,2,1,2,2,2,2,2,2,2,2,2,1,2,2,0,0,0
2008,1,93,1,10353,1,4,1,2,4,2,3,2,1,2,2,2,1,1,2,2,2,2,1,2,3,2,2,2,2,2,2,2,1,2,2,0,0,0
2008,1,95,1,10354,1,4,1,2,4,2,4,2,1,2,1,2,1,2,2,1,2,2,2,2,2,2,2,2,2,2,2,2,1,2,2,0,0,0
2008,1,55,1,10355,1,4,1,2,4,2,3,2,1,2,1,2,1,2,2,1,2,2,2,2,2,2,2,2,2,2,2,2,1,2,2,0,0,0
2008,1,17,1,10356,1,4,1,2,1,1,6,1,4,1,1,2,2,2,2,2,2,2,1,2,3,1,1,1,1,2,2,1,2,2,2,0,0,0
2008,1,67,1,10357,1,4,1,2,4,2,5,2,1,2,2,2,1,2,2,1,2,2,1,2,3,2,2,2,2,2,2,2,1,2,2,0,0,0
2008,1,11,1,10358,1,4,1,2,1,2,4,2,4,2,2,2,2,2,2,2,2,2,2,2,1,2,2,2,2,2,2,2,1,2,2,0,0,0
2008,1,31,1,10359,1,4,1,2,4,2,6,2,1,2,2,2,1,2,2,1,2,2,1,2,3,2,2,2,2,2,2,2,1,2,2,0,0,0
2008,1,15,1,10360,1,4,1,2,1,2,3,2,4,1,1,2,2,2,2,2,2,2,2,2,3,1,1,1,1,2,2,1,2,2,2,0,0,0
2008,1,29,1,10361,1,4,1,2,4,2,6,2,1,1,2,2,1,2,2,1,2,2,1,2,1,2,2,2,2,2,2,2,1,2,2,0,0,0
2008,1,45,1,10362,1,4,2,2,1,2,5,2,1,2,2,2,1,2,2,2,1,2,2,2,3,2,2,2,2,2,2,2,2,2,2,0,0,0
2008,1,55,1,10363,1,4,2,2,1,1,2,1,4,2,2,1,2,2,2,1,2,2,1,2,3,2,2,2,2,2,1,1,2,2,2,0,0,0
2008,1,95,1,10364,1,4,2,2,1,1,5,1,4,2,1,2,2,2,2,1,2,2,2,2,1,2,2,2,2,2,1,1,2,2,2,0,0,0
2008,1,77,1,10365,1,4,2,2,1,2,4,2,1,1,1,2,2,2,1,2,2,2,2,2,3,2,2,2,2,2,2,2,2,2,2,0,0,0
2008,1,101,1,10366,1,4,2,2,1,2,2,2,1,2,1,2,2,2,2,2,1,2,2,2,2,1,1,1,1,1,2,1,2,2,2,0,0,0
2008,1,21,1,10367,1,4,2,2,1,1,4,1,4,1,1,2,3,2,1,2,2,2,2,2,3,1,1,1,1,2,1,1,2,2,2,0,0,0
2008,1,109,1,10368,1,4,2,2,1,1,2,1,4,1,1,2,2,2,1,2,2,2,2,2,3,2,2,2,2,2,2,2,2,2,2,0,0,0
2008,1,73,1,10369,1,4,1,1,1,2,1,2,2,1,2,2,2,2,2,1,2,2,2,2,3,2,2,2,2,2,2,2,2,2,2,0,0,0
2008,1,89,1,10370,1,4,2,1,1,2,1,2,2,2,1,2,3,2,2,2,2,2,2,2,3,2,2,2,2,2,1,1,2,2,2,0,0,0
2008,1,55,1,10371,1,4,2,2,1,1,5,1,4,1,1,2,2,2,2,1,2,2,1,2,3,1,1,1,1,2,2,1,2,2,2,0,0,0
2008,1,101,1,10372,1,4,2,2,1,2,2,2,1,2,2,1,1,2,2,2,1,2,2,2,3,2,2,2,2,2,2,2,2,2,2,0,0,0
2008,1,59,1,10373,1,4,2,2,1,1,2,1,4,1,1,2,2,1,2,2,2,2,2,2,1,2,2,2,2,2,1,1,2,2,2,0,0,0
2008,1,73,1,10374,1,4,1,2,4,2,5,2,1,2,2,2,1,2,2,1,2,2,1,2,3,2,2,2,2,2,2,2,1,2,2,0,0,0
2008,1,123,1,10375,1,4,1,2,1,2,4,2,1,2,2,1,1,2,2,2,1,2,2,2,3,2,2,2,2,2,2,2,2,2,2,0,0,0
2008,1,13,1,10376,1,4,2,2,1,2,2,2,4,1,1,2,2,1,2,2,2,2,1,2,3,2,2,2,2,2,2,2,1,2,2,0,0,0
2008,1,95,1,10377,1,4,1,2,1,1,5,1,4,1,1,2,2,1,2,2,2,2,2,2,3,2,2,2,2,1,2,2,2,2,2,0,0,0
2008,1,15,2,10378,1,4,2,2,1,2,2,2,5,2,1,2,2,2,2,1,2,2,1,2,3,1,1,1,1,2,2,1,2,2,2,0,0,0
2008,1,3,1,10379,1,4,1,2,4,2,3,2,1,1,2,2,1,2,2,2,2,2,2,2,2,2,2,2,2,2,2,2,1,2,2,0,0,0
2008,1,43,1,10380,1,4,1,2,1,2,6,2,1,2,1,2,1,2,2,2,1,2,2,2,3,2,2,2,2,2,2,2,2,2,2,0,0,0
2008,1,25,1,10381,1,4,1,2,1,2,5,2,1,2,1,1,1,2,2,2,1,2,2,2,3,2,2,2,2,2,2,2,2,2,2,0,0,0
2008,1,85,1,10382,1,4,1,2,4,2,3,2,1,2,2,2,1,2,2,2,2,2,1,2,3,1,1,1,1,2,2,1,1,2,2,0,0,0
2008,1,89,1,10383,1,4,2,2,1,2,2,2,4,1,2,2,2,2,2,1,2,2,1,2,3,2,2,2,2,2,1,1,2,2,2,0,0,0
2008,1,11,1,10384,1,4,1,2,1,2,4,2,3,1,1,2,3,2,2,1,2,2,2,2,3,2,2,2,2,2,2,2,1,2,2,0,0,0
2008,1,85,1,10385,1,4,1,2,1,2,4,2,1,2,1,2,1,2,2,2,1,2,2,2,3,2,2,2,2,2,2,2,2,2,2,0,0,0
2008,1,15,1,10386,1,4,1,2,4,2,3,2,1,1,2,2,1,2,2,2,2,2,1,2,2,1,1,1,1,2,2,1,1,2,2,0,0,0
2008,1,31,1,10387,1,4,1,2,4,2,6,2,1,2,2,2,1,2,2,1,2,2,2,2,3,2,2,1,1,2,2,1,1,2,2,0,0,0
2008,1,59,1,10388,1,4,1,2,4,2,6,2,1,1,2,2,1,2,2,1,2,2,1,2,1,2,2,2,2,2,2,2,1,2,2,0,0,0
2008,1,51,1,10389,1,4,1,2,1,2,5,2,1,1,1,2,1,2,2,2,2,2,1,2,1,2,2,2,2,2,2,2,1,2,2,0,0,0
2008,1,97,1,10390,1,4,2,2,1,2,6,2,1,2,1,2,1,2,2,2,1,2,2,2,1,2,2,2,2,2,1,1,2,2,2,0,0,0
2008,1,29,2,10391,1,4,1,2,1,2,3,2,3,1,2,2,2,2,2,2,2,2,2,2,3,2,2,2,2,2,2,2,1,2,2,0,0,0
2008,1,89,1,10392,1,4,2,2,4,2,4,2,1,2,1,2,1,2,1,1,2,2,2,2,3,2,2,2,2,2,2,2,1,2,2,0,0,0
2008,1,59,1,10393,1,4,1,2,1,1,3,1,4,1,2,2,2,2,2,2,2,2,2,2,3,2,2,2,2,1,2,2,2,2,2,0,0,0
2008,1,73,1,10394,1,4,2,1,1,2,1,2,4,2,2,2,3,1,2,2,2,2,1,2,3,2,2,2,2,2,1,1,1,2,2,0,0,0
2008,1,117,1,10395,1,4,2,2,4,2,5,2,1,1,1,2,1,2,2,1,2,2,1,2,2,1,1,1,1,2,2,1,1,2,2,0,0,0
2008,1,115,1,10396,1,4,2,2,1,1,4,1,4,1,1,2,2,1,2,2,2,2,2,2,3,2,2,2,2,2,2,2,2,2,2,0,0,0
2008,1,115,1,10397,1,4,1,2,4,2,5,2,1,2,2,2,1,2,2,1,2,2,1,2,1,2,2,2,2,2,2,2,1,2,2,0,0,0
2008,1,9,1,10398,1,4,1,2,4,2,6,2,1,2,2,2,1,2,2,1,2,2,1,2,1,2,2,2,2,2,2,2,1,2,2,0,0,0
2008,1,113,1,10399,1,4,2,2,1,1,4,1,4,1,1,2,2,2,2,2,2,2,2,2,3,2,2,2,2,2,2,2,2,2,2,0,0,0
2008,1,63,1,10400,1,4,1,2,4,2,5,2,1,2,2,2,1,2,2,1,2,2,1,2,1,1,1,1,1,2,2,1,1,2,2,0,0,0
2008,1,35,2,10401,1,4,1,1,4,2,1,2,1,2,1,2,1,2,2,1,2,2,1,2,2,2,2,2,2,2,2,2,1,2,2,0,0,0
2008,1,7,1,10402,1,4,1,2,1,2,5,2,3,1,1,2,2,1,2,1,2,2,1,2,3,2,2,2,2,2,2,2,1,2,2,0,0,0
2008,1,115,2,10403,1,4,1,1,1,2,1,2,2,1,1,2,3,1,2,2,2,2,1,2,3,2,2,2,2,1,2,2,2,1,2,0,0,0
2008,1,61,1,10404,1,4,1,2,1,1,4,1,3,1,1,2,2,2,2,2,2,2,2,2,3,2,2,2,2,1,2,2,2,2,2,0,0,0
2008,1,113,1,10405,1,4,2,2,4,2,2,2,1,2,1,2,1,2,2,1,2,2,1,2,1,2,2,2,2,2,2,2,1,2,2,0,0,0
2008,1,127,1,10406,1,4,1,2,1,2,5,2,3,1,1,2,2,2,1,1,2,2,2,2,3,2,2,2,2,2,2,2,1,2,2,0,0,0
2008,1,53,1,10407,1,4,1,2,1,1,5,1,4,2,1,2,2,2,2,2,2,2,1,2,1,2,2,2,2,2,2,2,2,2,2,0,0,0
2008,1,81,1,10408,1,4,1,2,1,2,6,2,1,2,1,2,1,2,2,2,2,2,1,2,3,2,2,1,1,2,2,1,2,2,2,0,0,0
2008,1,9,1,10409,1,4,1,2,4,2,5,2,1,1,1,2,1,2,2,1,2,2,1,2,3,2,2,2,2,2,2,2,1,2,2,0,0,0
2008,1,77,1,10410,1,4,1,2,3,2,3,2,1,1,1,2,1,2,1,1,2,2,2,2,2,2,2,2,2,2,2,2,1,2,2,0,0,0
2008,1,3,1,10411,1,4,2,1,4,2,1,2,1,1,2,2,1,1,2,2,2,2,2,2,2,2,2,2,2,2,2,2,1,2,2,0,0,0
2008,1,125,1,10412,1,4,2,2,1,1,2,1,4,1,1,2,2,2,1,1,2,2,2,2,3,2,2,2,2,1,1,1,2,2,2,0,0,0
2008,1,77,1,10413,1,4,2,2,1,1,4,1,4,1,1,2,2,1,2,1,2,2,2,2,3,1,1,1,1,2,2,1,2,2,2,0,0,0
2008,1,51,1,10414,1,4,1,2,4,2,5,2,1,1,1,2,1,2,2,1,2,2,2,2,3,2,2,2,2,2,1,1,1,2,2,0,0,0
2008,1,89,1,10415,1,4,2,2,4,1,6,1,1,1,2,1,1,2,2,2,2,2,2,2,1,2,2,2,2,2,2,2,2,2,2,0,0,0
2008,1,89,1,10416,1,4,2,2,1,2,6,2,1,2,1,2,1,2,2,2,1,2,2,2,2,2,2,2,2,2,2,2,2,2,2,0,0,0
2008,1,73,1,10417,1,4,2,1,1,2,1,2,3,2,2,2,2,2,2,2,2,2,2,2,3,2,2,2,2,2,1,1,2,2,2,0,0,0
2008,1,73,1,10418,1,4,2,1,1,2,1,2,2,2,1,2,3,2,2,2,2,2,2,2,3,2,2,2,2,2,1,1,2,2,2,0,0,0
2008,1,121,1,10419,1,4,1,2,2,2,6,2,1,1,1,1,1,2,2,1,1,2,2,2,3,2,2,2,2,2,1,1,1,2,2,0,0,0
2008,1,15,2,10420,1,4,1,2,1,2,3,2,4,1,1,2,2,1,2,2,2,2,2,2,3,2,2,2,2,2,2,2,2,2,2,0,0,0
2008,1,83,1,10421,1,4,1,1,2,2,1,3,1,1,1,2,1,2,1,2,2,2,2,2,2,2,2,2,2,2,2,2,1,2,2,0,0,0
2008,1,77,1,10422,1,4,1,2,1,2,4,3,1,2,2,2,1,2,2,2,1,2,2,2,3,2,2,2,2,2,2,2,2,2,2,0,0,0
2008,1,63,1,10423,1,4,1,1,2,2,1,2,1,2,2,2,1,2,2,2,2,2,1,2,3,2,2,2,2,2,2,2,1,2,2,0,0,0
2008,1,95,1,10424,1,4,1,2,1,2,4,2,4,2,2,2,2,2,2,2,2,2,2,2,3,2,2,2,2,2,2,2,1,2,2,0,0,0
2008,1,101,1,10425,1,4,2,2,1,1,4,1,4,2,1,2,3,1,2,2,2,2,2,2,2,1,1,1,1,2,2,1,2,1,2,0,0,0
2008,1,73,1,10426,1,4,2,2,1,2,2,2,1,2,2,2,1,2,2,2,1,2,2,2,2,2,2,2,2,2,2,2,2,2,2,0,0,0
2008,1,97,1,10427,1,4,2,1,1,2,1,2,1,2,2,2,1,2,2,2,1,2,2,2,3,2,2,2,2,2,2,2,2,2,2,0,0,0
2008,1,73,1,10428,1,4,2,2,1,2,4,2,3,1,1,2,2,2,2,2,2,2,2,2,3,2,2,2,2,1,2,2,2,2,2,0,0,0
2008,1,69,1,10429,1,4,2,2,1,2,2,2,4,1,2,2,2,2,2,1,2,2,2,2,3,2,2,2,2,2,2,2,1,2,2,0,0,0
2008,1,89,1,10430,1,4,1,2,1,2,3,2,3,2,1,2,2,2,2,1,2,2,1,2,1,2,2,2,2,2,2,2,1,2,2,0,0,0
2008,1,47,1,10431,1,4,1,2,1,1,4,1,5,1,1,2,2,1,1,1,2,2,2,2,3,2,2,2,2,2,2,2,2,2,2,0,0,0
2008,1,97,1,10432,1,4,2,2,1,1,4,1,4,2,2,1,2,2,2,1,2,2,2,2,3,2,2,2,2,2,2,2,2,2,2,0,0,0
2008,1,125,1,10433,1,4,1,2,4,2,5,2,1,2,2,2,1,2,2,1,2,2,2,2,3,2,2,1,1,2,2,1,1,2,2,0,0,0
2008,1,59,1,10434,1,4,1,2,4,2,5,2,1,2,1,2,1,1,2,1,2,2,2,2,3,2,2,2,2,2,2,2,1,2,1,0,0,0
2008,1,77,1,10435,1,4,1,2,1,2,4,2,4,2,2,2,2,2,2,2,2,2,1,2,1,2,2,2,2,2,1,1,1,2,2,0,0,0
2008,1,77,1,10436,1,4,1,2,1,1,3,1,4,1,2,2,2,1,2,2,2,2,2,2,3,2,2,2,2,2,1,1,2,2,2,0,0,0
2008,1,49,1,10437,1,4,1,2,4,2,5,2,1,1,2,2,1,2,1,2,2,2,2,2,2,2,2,1,1,2,2,1,1,2,2,0,0,0
2008,1,81,1,10438,1,4,1,2,1,2,6,2,3,2,2,2,2,2,1,1,2,2,2,2,1,2,2,2,2,2,2,2,2,2,2,0,0,0
2008,1,23,1,10439,1,4,1,2,4,2,4,2,1,2,1,2,1,2,2,1,2,2,1,2,1,2,2,2,2,2,2,2,1,2,2,0,0,0
2008,1,15,1,10440,1,4,1,1,1,2,1,2,2,1,1,2,2,1,2,2,2,2,2,2,3,2,2,2,2,2,2,2,2,2,2,0,0,0
2008,1,97,1,10441,1,4,2,2,4,1,6,1,1,2,1,2,1,2,2,2,2,2,2,2,1,2,2,2,2,2,2,2,2,2,2,0,0,0
2008,1,21,1,10442,1,4,1,1,1,2,1,2,3,2,2,2,3,2,2,1,2,2,2,2,3,2,2,2,2,2,1,1,1,2,2,0,0,0
2008,1,77,1,10443,1,4,1,2,4,2,4,2,1,1,2,2,1,2,2,1,2,2,1,2,3,2,2,2,2,2,2,2,1,2,2,0,0,0
2008,1,121,1,10444,1,4,1,2,4,2,5,2,1,1,1,2,1,2,2,2,2,2,2,2,2,2,2,2,2,2,2,2,1,2,1,0,0,0
2008,1,89,1,10445,1,4,2,2,2,2,4,2,1,2,1,2,1,2,2,1,2,2,1,2,2,1,1,1,1,2,2,1,1,1,2,0,0,0
2008,1,115,2,10446,1,4,2,2,4,2,4,2,6,2,1,2,1,2,2,1,2,2,2,2,1,2,2,2,2,2,2,2,1,2,2,0,0,0
2008,1,73,1,10447,1,4,2,1,1,2,1,2,2,2,1,2,2,1,1,1,2,2,2,2,3,2,2,2,2,2,2,2,2,2,2,0,0,0
2008,1,89,1,10448,1,4,1,2,1,1,4,1,4,1,2,2,2,2,2,2,2,2,2,2,3,1,1,1,1,2,2,1,2,2,2,0,0,0
2008,1,117,1,10449,1,4,1,1,4,2,1,2,1,1,2,2,1,2,2,2,2,2,1,2,3,1,1,1,1,2,2,1,1,2,2,0,0,0
2008,1,109,1,10450,1,4,1,2,3,2,3,2,1,1,2,2,1,2,2,1,2,2,1,2,3,1,2,1,2,2,2,2,1,2,2,0,0,0
2008,1,97,1,10451,1,4,2,2,1,2,2,2,1,2,2,2,1,2,2,2,1,2,2,2,3,2,2,2,2,2,1,1,2,2,2,0,0,0
2008,1,95,1,10452,1,4,1,2,4,2,6,2,1,2,2,2,1,2,2,1,2,2,1,2,3,1,1,1,1,2,2,1,1,2,2,0,0,0
2008,1,127,2,10453,1,4,1,2,1,2,5,2,4,1,1,2,2,2,2,2,2,2,2,2,1,2,2,2,2,2,2,2,2,2,2,0,0,0
2008,1,73,1,10454,1,4,2,1,3,2,1,2,1,1,1,2,2,2,2,2,2,2,2,2,3,2,2,2,2,1,2,2,1,2,2,0,0,0
2008,1,95,1,10455,1,4,1,2,4,2,6,2,1,1,1,2,1,2,2,1,2,2,2,2,3,1,1,1,1,2,2,1,1,2,2,0,0,0
2008,1,97,1,10456,1,4,2,1,1,1,1,1,1,2,1,2,1,2,2,2,1,2,2,1,3,2,2,2,2,2,2,2,2,2,2,0,0,0
2008,1,97,1,10457,1,4,2,2,1,2,5,2,1,2,1,2,1,2,2,2,2,1,2,2,2,2,2,2,2,2,2,2,2,2,2,0,0,0
2008,1,31,1,10458,1,4,1,2,1,1,4,1,2,1,1,2,3,2,2,2,2,2,2,2,3,1,1,1,1,1,2,1,2,2,2,0,0,0
2008,1,51,1,10459,1,4,2,2,1,2,4,2,1,2,1,2,1,2,2,2,2,2,1,2,1,2,2,2,2,2,2,2,1,2,2,0,0,0
2008,1,117,1,10460,1,4,2,2,1,1,4,1,3,1,2,2,2,2,2,2,2,2,2,2,3,1,1,1,1,1,2,1,2,2,2,0,0,0
2008,1,133,1,10461,1,4,1,2,4,1,6,1,1,2,2,2,1,2,2,1,2,2,2,2,1,2,2,2,2,2,2,2,2,2,2,0,0,0
2008,1,89,1,10462,1,4,2,2,1,2,4,2,3,1,2,2,2,1,2,2,2,2,2,2,3,2,2,2,2,1,2,2,1,2,2,0,0,0
2008,1,97,1,10463,1,4,2,2,4,2,4,2,1,2,2,2,1,2,2,2,2,2,1,2,1,2,2,2,2,2,2,2,1,2,2,0,0,0
2008,1,99,1,10464,1,4,1,2,1,1,3,1,4,1,1,2,2,2,2,2,2,2,2,2,3,2,2,2,2,1,2,2,2,2,2,0,0,0
2008,1,3,1,10465,1,4,1,2,4,2,5,2,1,2,1,2,1,2,2,2,2,2,2,2,1,2,2,2,2,2,2,2,1,2,2,0,0,0
2008,1,97,1,10466,1,4,2,2,4,2,4,2,1,1,2,2,1,2,2,1,2,2,1,2,2,2,2,2,2,2,2,2,1,2,2,0,0,0
2008,1,95,1,10467,1,4,2,2,1,2,4,2,4,1,1,2,2,1,2,2,2,2,2,2,3,2,2,2,2,1,2,2,1,2,2,0,0,0
2008,1,127,1,10468,1,4,2,2,1,2,4,3,3,1,2,2,2,2,1,2,2,2,2,2,3,2,2,2,2,2,2,2,2,2,2,0,0,0
2008,1,95,1,10469,1,4,2,2,4,2,4,2,1,2,2,2,1,2,2,2,2,2,2,2,3,2,2,2,2,2,2,2,1,2,2,0,0,0
2008,1,43,1,10470,1,4,1,1,1,2,1,2,1,1,1,2,1,2,1,1,2,2,2,2,2,2,2,2,2,2,2,2,2,2,2,0,0,0
2008,1,113,1,10471,1,4,1,2,4,2,5,2,1,2,2,2,1,2,2,1,2,2,2,2,2,2,2,2,2,2,2,2,1,2,2,0,0,0
2008,1,113,1,10472,1,4,1,2,4,2,3,2,1,2,2,2,1,2,1,2,2,2,2,2,1,2,2,2,2,2,2,2,1,2,2,0,0,0
2008,1,101,1,10473,1,4,1,2,1,2,5,2,2,1,1,2,3,2,2,1,2,2,2,2,3,2,2,2,2,2,2,2,1,2,2,0,0,0
2008,1,123,2,10474,1,4,1,2,4,2,5,2,1,2,1,2,1,2,2,2,2,2,2,2,1,2,2,2,2,2,2,2,1,2,2,0,0,0
2008,1,17,1,10475,1,4,1,1,3,2,1,2,1,1,1,2,2,2,2,2,2,2,1,2,3,2,2,1,1,2,2,1,2,2,2,0,0,0
2008,1,55,1,10476,1,4,1,2,4,2,5,2,1,2,2,2,1,2,2,1,2,2,2,2,3,1,1,1,1,2,2,1,1,2,2,0,0,0
2008,1,1,1,10477,1,4,1,2,1,2,4,2,1,2,2,2,1,2,2,2,1,2,2,2,3,2,2,2,2,2,2,2,2,2,2,0,0,0
2008,1,73,1,10478,1,4,2,1,4,2,1,2,1,2,2,2,1,2,2,1,2,2,1,2,3,2,2,2,2,2,2,2,1,2,2,0,0,0
2008,1,121,1,10479,1,4,1,2,1,2,5,2,1,1,2,2,2,2,1,1,2,2,2,2,3,2,2,2,2,2,2,2,2,2,2,0,0,0
2008,1,17,1,10480,1,4,1,2,1,2,5,2,1,2,1,2,1,2,2,1,2,2,2,2,2,2,2,2,2,2,2,2,2,2,2,0,0,0
2008,1,97,1,10481,1,4,2,2,4,2,2,2,1,2,1,2,1,2,1,2,2,2,2,2,2,2,2,2,2,2,2,2,1,2,2,0,0,0
2008,1,35,1,10482,1,4,1,1,4,2,1,2,1,2,1,2,1,2,2,2,2,2,1,2,3,2,2,1,1,2,2,1,2,2,2,0,0,0
2008,1,27,1,10483,1,4,1,2,4,2,5,2,1,1,1,2,1,2,2,2,2,2,1,2,2,2,2,2,2,2,2,2,1,2,1,0,0,0
2008,1,113,1,10484,1,4,2,2,1,1,2,1,4,2,2,2,2,2,2,1,2,2,2,2,1,2,2,2,2,2,2,2,2,2,2,0,0,0
2008,1,127,1,10485,1,4,1,2,1,2,3,3,4,1,1,2,2,2,2,2,2,2,2,2,3,2,2,2,2,2,1,1,2,2,2,0,0,0
2008,1,125,1,10486,1,4,2,2,1,2,4,2,1,2,1,2,1,2,2,2,1,2,2,2,3,2,2,2,2,2,1,1,2,2,2,0,0,0
2008,1,69,1,10487,1,4,2,2,4,2,4,2,1,1,1,2,1,2,2,1,2,2,2,2,2,2,2,2,2,2,2,2,1,2,2,0,0,0
2008,1,73,1,10488,1,4,1,2,1,2,5,2,4,1,1,2,2,2,2,2,2,2,2,2,3,2,2,2,2,2,2,2,1,2,2,0,0,0
2008,1,21,1,10489,1,4,1,2,1,2,6,2,1,1,1,2,1,2,2,2,2,2,1,2,3,1,1,1,1,2,2,1,1,1,2,0,0,0
2008,1,127,1,10490,1,4,1,2,4,2,4,2,1,2,1,2,1,2,2,1,2,2,2,2,2,2,2,2,2,2,2,2,1,2,2,0,0,0
2008,1,73,1,10491,1,4,1,2,4,2,3,2,1,1,1,2,1,2,2,1,2,2,2,2,3,2,2,2,2,2,2,2,1,2,2,0,0,0
2008,1,133,2,10492,1,4,1,2,1,2,5,2,4,1,1,2,2,2,2,1,2,2,1,2,3,2,2,2,2,2,1,1,1,2,2,0,0,0
2008,1,63,1,10493,1,4,1,1,1,2,1,2,2,1,1,2,2,1,2,2,2,2,2,2,3,2,2,2,2,2,2,2,2,2,2,0,0,0
2008,1,63,1,10494,1,4,1,1,4,2,1,2,1,1,1,2,1,2,2,2,2,2,1,2,3,2,2,2,2,2,2,2,1,2,2,0,0,0
2008,1,73,1,10495,1,4,2,2,1,2,5,2,1,1,1,2,1,2,2,1,2,2,1,2,3,2,2,2,2,2,2,2,1,1,2,0,0,0
2008,1,83,1,10496,1,4,1,2,4,2,6,2,1,2,2,2,1,2,2,1,2,2,1,2,1,2,2,1,1,2,2,1,1,2,2,0,0,0
2008,1,95,2,10497,1,4,2,2,4,2,6,2,1,1,2,2,1,2,2,1,2,2,1,2,2,1,1,1,1,2,2,1,1,2,2,0,0,0
2008,1,97,1,10498,1,4,2,2,4,1,4,1,1,2,2,2,1,2,2,1,2,2,2,2,1,2,2,2,2,2,2,2,2,2,2,0,0,0
2008,1,97,1,10499,1,4,2,2,4,1,2,1,1,2,2,2,1,2,2,1,2,2,2,2,1,2,2,2,2,2,1,1,2,2,2,0,0,0
2008,1,97,2,10500,1,4,2,1,1,2,1,2,3,1,1,2,3,2,2,2,2,2,2,2,3,2,2,2,2,2,2,2,2,2,2,0,0,0
2008,1,73,1,10501,1,4,2,2,4,2,2,2,1,2,1,2,1,2,2,1,2,2,2,2,3,1,1,1,1,2,2,1,1,2,2,0,0,0
2008,1,73,1,10502,1,4,2,1,2,2,1,2,2,2,2,2,2,1,2,1,2,2,1,2,1,2,2,2,2,2,1,1,1,2,2,0,0,0
2008,1,21,1,10503,1,4,1,2,4,2,5,2,1,2,1,2,1,2,1,2,2,2,2,2,3,2,2,2,2,2,2,2,1,2,2,0,0,0
2008,1,97,1,10504,1,4,2,2,1,1,2,1,4,1,1,2,2,1,1,2,2,2,2,2,3,2,2,2,2,2,2,2,2,2,2,0,0,0
2008,1,119,1,10505,1,4,1,2,1,1,3,1,4,1,2,2,2,1,2,2,2,2,2,2,3,1,1,1,1,2,2,1,2,2,2,0,0,0
2008,1,97,1,10506,1,4,2,2,1,2,2,2,1,2,1,1,1,2,2,2,1,2,2,2,3,2,2,2,2,2,2,2,2,2,2,0,0,0
2008,1,47,2,10507,1,4,2,2,1,2,2,2,3,2,2,2,2,2,2,1,2,2,1,2,3,2,2,2,2,2,2,2,2,2,2,0,0,0
2008,1,41,1,10508,1,4,1,2,1,2,4,2,4,1,2,2,2,1,2,1,2,2,2,2,3,2,2,2,2,2,2,2,1,2,2,0,0,0
2008,1,11,1,10509,1,4,1,2,4,2,4,2,1,1,1,2,1,2,2,2,2,2,1,2,2,2,2,2,2,2,2,2,1,2,2,0,0,0
2008,1,1,1,10510,1,4,1,2,4,2,3,2,1,2,2,2,1,2,2,1,2,2,1,2,3,2,2,2,2,2,1,1,1,2,2,0,0,0
2008,1,45,1,10511,1,4,2,2,1,2,6,2,1,2,1,2,1,2,1,1,2,2,2,2,1,2,2,2,2,2,2,2,2,2,2,0,0,0
2008,1,49,1,10512,1,4,1,2,4,2,6,2,1,1,2,2,1,2,2,1,2,2,1,2,1,2,2,2,2,2,2,2,1,2,2,0,0,0
2008,1,95,1,10513,1,4,2,2,1,2,4,3,4,1,1,2,2,2,1,2,2,2,2,2,3,2,2,2,2,2,2,2,2,2,2,0,0,0
2008,1,47,1,10514,1,4,2,2,4,2,5,2,1,1,1,2,1,2,2,2,2,2,1,2,2,2,2,2,2,2,2,2,1,2,2,0,0,0
2008,1,117,1,10515,1,4,2,2,1,2,2,2,1,2,2,2,1,2,1,2,2,2,2,2,2,2,2,2,2,2,2,2,2,2,2,0,0,0
2008,1,121,1,10516,1,4,2,2,4,2,2,2,1,2,1,2,1,2,2,2,2,2,1,2,2,2,2,2,2,2,2,2,1,2,2,0,0,0
2008,1,35,1,10517,1,4,1,2,1,2,5,3,1,1,2,2,1,2,2,2,2,2,2,2,3,2,2,2,2,2,2,2,2,2,2,0,0,0
2008,1,81,1,10518,1,4,2,1,1,2,1,2,1,2,1,2,1,2,2,2,1,2,2,2,2,2,2,2,2,2,2,2,2,2,2,0,0,0
2008,1,73,1,10519,1,4,2,1,2,2,1,2,1,1,1,2,1,2,2,2,2,2,1,2,3,2,2,1,1,2,2,1,1,1,2,0,0,0
2008,1,1,1,10520,1,4,2,2,1,1,2,1,4,1,2,2,2,2,1,2,2,2,2,2,1,2,2,2,2,1,2,2,2,2,2,0,0,0
2008,1,73,1,10521,1,4,2,2,4,2,4,2,1,2,2,2,1,2,2,1,2,2,2,2,3,2,2,2,2,2,2,2,1,2,2,0,0,0
2008,1,47,1,10522,1,4,1,2,4,2,4,2,1,1,1,2,1,2,2,1,2,2,1,2,2,2,2,2,2,1,2,2,1,2,2,0,0,0
2008,1,73,1,10523,1,4,1,2,1,2,5,2,1,2,1,2,1,2,2,2,2,2,1,2,3,2,2,2,2,2,1,1,1,2,2,0,0,0
2008,1,125,1,10524,1,4,1,1,3,2,1,2,1,1,1,2,1,2,2,2,2,2,1,2,2,2,2,2,2,2,2,2,2,2,2,0,0,0
2008,1,83,1,10525,1,4,1,2,1,2,6,2,1,2,2,2,1,2,2,1,2,2,2,2,1,2,2,2,2,2,1,1,2,2,2,0,0,0
2008,1,125,1,10526,1,4,2,2,1,1,2,1,4,1,1,2,2,2,2,2,2,2,2,2,3,2,2,2,2,2,2,2,2,2,2,0,0,0
2008,1,81,1,10527,1,4,1,2,1,2,6,2,1,2,1,2,1,2,2,2,2,2,2,2,2,2,2,2,2,2,2,2,2,2,2,0,0,0
2008,1,79,1,10528,1,4,1,2,1,2,6,2,1,1,1,2,1,1,2,2,2,2,1,2,2,2,2,2,2,2,2,2,1,2,2,0,0,0
2008,1,79,1,10529,1,4,1,2,3,2,3,2,1,1,1,2,2,2,2,2,2,2,1,2,3,1,1,1,1,2,2,1,1,2,2,0,0,0
2008,1,117,1,10530,1,4,1,2,1,2,3,2,4,1,2,2,2,2,2,2,2,2,2,2,1,2,2,2,2,2,2,2,1,2,2,0,0,0
2008,1,81,1,10531,1,4,1,2,1,1,3,1,4,1,1,2,2,2,2,2,2,2,2,2,3,2,2,2,2,2,2,2,2,2,2,0,0,0
2008,1,97,1,10532,1,4,1,2,4,2,3,2,1,1,1,2,1,2,2,2,2,2,1,2,2,2,2,2,2,2,2,2,1,2,2,0,0,0
2008,1,97,1,10533,1,4,2,2,1,2,5,3,4,1,1,2,2,2,1,1,2,2,2,2,3,2,2,2,2,2,1,1,2,2,2,0,0,0
2008,1,39,1,10534,1,4,1,2,1,2,5,2,5,1,1,2,2,2,1,1,2,2,2,2,3,1,1,1,1,1,2,1,2,2,2,0,0,0
2008,1,81,1,10535,1,4,1,3,1,2,7,2,4,2,1,2,3,2,1,2,2,2,2,2,1,1,1,1,1,2,1,1,2,2,2,0,0,0
2008,1,55,1,10536,1,4,1,2,4,2,6,2,1,1,1,2,1,2,2,1,2,2,2,2,2,2,2,2,2,2,2,2,1,2,2,0,0,0
2008,1,5,1,10537,1,4,1,2,4,2,5,2,1,1,2,2,1,2,2,1,2,2,1,2,3,1,1,1,1,2,2,1,1,2,2,0,0,0
2008,1,53,1,10538,1,4,1,1,4,2,1,2,1,1,1,2,1,2,2,1,2,2,1,2,2,2,2,2,2,2,2,2,1,2,2,0,0,0
2008,1,29,1,10539,1,4,1,2,1,2,4,2,1,1,1,2,1,1,2,1,2,2,1,2,3,2,2,2,2,2,2,2,1,2,2,0,0,0
2008,1,95,1,10540,1,4,2,2,2,1,6,1,1,1,2,2,1,2,2,1,2,2,2,2,2,2,2,2,2,2,2,2,2,2,2,0,0,0
2008,1,73,1,10541,1,4,2,1,1,2,1,2,5,1,2,2,2,1,2,2,2,2,1,2,3,2,2,2,2,2,2,2,2,1,2,0,0,0
2008,1,3,1,10542,1,4,1,2,4,2,5,2,1,2,2,2,1,2,2,1,2,2,2,2,1,2,2,2,2,2,1,1,1,2,2,0,0,0
2008,1,89,1,10543,1,4,2,1,3,2,1,2,1,1,2,2,1,2,2,2,2,2,1,2,3,2,2,2,2,2,2,2,1,2,2,0,0,0
2008,1,95,1,10544,1,4,2,2,4,2,4,2,1,2,1,2,1,2,2,2,2,2,2,2,1,2,2,2,2,2,2,2,1,2,2,0,0,0
2008,1,3,1,10545,1,4,1,2,1,1,3,1,1,1,2,2,1,2,2,2,1,2,2,2,3,2,2,2,2,1,2,2,2,2,2,0,0,0
2008,1,123,1,10546,1,4,2,2,4,1,2,1,1,2,2,2,1,2,2,2,2,2,1,2,1,2,2,2,2,2,2,2,1,2,2,0,0,0
2008,1,73,1,10547,1,4,2,2,4,2,5,2,5,2,1,2,1,2,2,1,2,2,1,2,3,2,2,2,2,2,2,2,1,2,2,0,0,0
2008,1,83,1,10548,1,4,2,2,4,2,5,2,1,2,2,2,1,2,2,1,2,2,2,2,3,2,2,2,2,2,2,2,1,2,2,0,0,0
2008,1,103,1,10549,1,4,1,2,1,1,3,1,4,1,1,2,2,1,2,2,2,2,1,2,3,2,2,2,2,1,2,2,2,2,2,0,0,0
2008,1,43,1,10550,1,4,1,2,1,2,5,2,5,1,1,2,3,2,2,1,2,2,2,2,3,2,2,2,2,2,1,1,1,2,2,0,0,0
2008,1,43,1,10551,1,4,1,2,4,2,5,2,1,1,1,2,1,2,2,2,2,2,2,2,3,2,2,2,2,2,2,2,1,2,1,0,0,0
2008,1,73,1,10552,1,4,1,3,1,2,7,2,5,1,2,2,2,1,2,2,2,2,2,2,3,2,2,2,2,2,2,2,2,2,2,0,0,0
2008,1,73,1,10553,1,4,1,2,1,2,5,2,3,1,1,2,2,2,2,2,2,2,2,2,3,2,2,2,2,2,2,2,1,2,2,0,0,0
2008,1,49,1,10554,1,4,1,2,1,1,5,1,4,2,2,2,2,1,2,2,2,2,1,2,3,1,1,1,1,2,2,1,2,2,2,0,0,0
2008,1,89,1,10555,1,4,1,2,4,2,5,2,1,1,2,2,1,2,2,1,2,2,2,2,1,2,2,2,2,2,2,2,1,2,2,0,0,0
2008,1,97,1,10556,1,4,1,2,1,1,5,1,4,1,1,2,2,1,2,2,2,2,2,2,3,2,2,2,2,2,2,2,2,2,2,0,0,0
2008,1,97,2,10557,1,4,2,1,1,2,1,2,1,2,2,2,1,2,2,2,2,2,1,2,2,1,1,1,1,2,2,1,1,2,2,0,0,0
2008,1,113,1,10558,1,4,2,2,1,1,2,1,1,2,2,2,1,2,2,2,1,2,2,2,1,2,2,2,2,2,2,2,2,2,2,0,0,0
2008,1,97,1,10559,1,4,1,2,4,2,5,2,1,2,2,2,1,2,2,1,2,2,1,2,3,2,2,2,2,2,1,1,1,2,2,0,0,0
2008,1,127,1,10560,1,4,1,2,4,2,6,2,1,2,1,2,1,2,2,1,2,2,1,2,1,2,2,2,2,2,2,2,1,2,2,0,0,0
2008,1,3,2,10561,1,4,1,2,4,1,3,1,1,2,1,2,1,2,2,2,2,2,2,2,2,2,2,2,2,2,2,2,2,2,2,0,0,0
2008,1,69,1,10562,1,4,1,2,4,2,5,2,1,2,1,2,1,2,2,1,2,2,1,2,1,2,2,2,2,2,2,2,1,2,2,0,0,0
2008,1,125,1,10563,1,4,2,2,1,2,6,3,1,1,1,2,1,2,2,2,2,2,2,2,2,1,1,1,1,2,2,1,2,2,2,0,0,0
2008,1,71,1,10564,1,4,1,2,1,2,5,2,3,1,2,2,2,2,2,2,2,2,2,2,1,2,2,2,2,2,2,2,1,2,2,0,0,0
2008,1,57,1,10565,1,4,1,2,4,2,6,2,1,1,2,2,1,2,2,2,2,2,2,2,2,2,2,2,2,2,2,2,1,2,2,0,0,0
2008,1,117,1,10566,1,4,1,2,4,2,6,2,1,1,1,2,1,2,1,1,2,2,2,2,2,2,2,2,2,2,2,2,1,2,2,0,0,0
2008,1,109,1,10567,1,4,1,2,4,2,5,2,1,2,1,2,1,2,1,1,2,2,2,2,1,2,2,2,2,2,2,2,1,2,2,0,0,0
2008,1,43,1,10568,1,4,1,2,4,2,5,2,1,2,2,1,1,2,2,1,2,2,2,2,3,2,2,2,2,2,2,2,1,2,2,0,0,0
2008,1,117,1,10569,1,4,2,2,4,2,5,2,1,2,2,2,1,2,2,1,2,2,2,2,1,1,1,1,1,2,2,1,1,2,2,0,0,0
2008,1,13,1,10570,1,4,1,2,4,2,4,2,1,1,1,2,1,2,2,1,2,2,1,2,3,1,1,1,1,2,2,1,1,2,2,0,0,0
2008,1,73,1,10571,1,4,2,2,1,2,2,2,3,1,1,2,3,2,2,2,2,2,1,2,3,2,2,2,2,2,1,1,1,2,2,0,0,0
2008,1,125,1,10572,1,4,2,2,4,2,4,2,1,2,2,2,1,2,2,1,2,2,2,2,1,2,2,2,2,2,2,2,1,2,2,0,0,0
2008,1,125,1,10573,1,4,2,2,1,1,4,1,1,1,1,2,1,1,2,2,2,2,1,2,2,2,2,2,2,2,2,2,1,2,2,0,0,0
2008,1,63,1,10574,1,4,1,1,1,2,1,2,1,1,1,2,1,2,1,2,2,2,2,2,2,2,2,2,2,2,2,2,2,2,2,0,0,0
2008,1,81,1,10575,1,4,1,2,1,2,5,2,4,1,2,1,2,2,2,2,2,2,2,2,3,2,2,2,2,2,2,2,1,2,2,0,0,0
2008,1,97,1,10576,1,4,2,2,4,2,6,2,1,1,1,2,1,2,2,2,2,2,2,2,3,2,2,2,2,1,2,2,1,2,2,0,0,0
2008,1,65,1,10577,1,4,1,2,4,2,5,2,1,2,1,2,1,2,2,2,2,2,1,2,1,2,2,2,2,2,2,2,1,2,2,0,0,0
2008,1,115,1,10578,1,4,1,1,4,2,1,2,1,1,1,2,1,2,2,2,2,2,1,2,2,2,2,2,2,2,2,2,1,2,1,0,0,0
2008,1,89,1,10579,1,4,2,2,1,2,5,3,4,2,1,2,2,2,1,1,2,2,2,2,2,2,2,1,1,2,2,1,2,2,2,0,0,0
2008,1,17,1,10580,1,4,2,1,1,2,1,2,2,2,1,2,2,1,2,2,2,2,1,2,3,2,2,2,2,2,2,2,2,2,2,0,0,0
2008,1,35,1,10581,1,4,1,1,1,2,1,2,4,2,1,2,2,1,2,2,2,2,2,2,3,2,2,2,2,2,2,2,1,2,2,0,0,0
2008,1,47,1,10582,1,4,1,2,4,2,4,2,1,1,1,2,1,2,2,1,2,2,2,2,3,2,2,2,2,2,1,1,2,2,2,0,0,0
2008,1,73,1,10583,1,4,2,1,2,2,1,2,1,2,1,2,1,2,1,1,2,2,2,2,3,2,2,2,2,2,2,2,2,2,2,0,0,0
2008,1,113,1,10584,1,4,1,2,4,2,5,2,1,2,2,2,1,2,2,1,2,2,2,2,1,2,2,1,1,2,2,1,1,2,2,0,0,0
2008,1,9,1,10585,1,4,1,2,1,2,3,2,3,2,1,2,2,2,2,2,2,2,2,2,3,2,2,2,2,1,2,2,2,2,2,0,0,0
2008,1,47,1,10586,1,4,1,2,4,2,4,2,1,1,1,2,1,2,2,1,2,2,1,2,2,2,2,2,2,2,2,2,1,2,2,0,0,0
2008,1,69,1,10587,1,4,2,2,4,2,4,2,1,1,1,2,1,2,2,2,2,2,2,2,2,2,2,2,2,2,2,2,1,2,2,0,0,0
2008,1,101,1,10588,1,4,1,2,4,1,5,1,1,2,1,2,1,2,2,1,2,2,2,2,1,2,2,2,2,2,2,2,2,2,2,0,0,0
2008,1,91,1,10589,1,4,1,2,4,2,5,2,1,2,1,2,1,2,2,2,2,2,1,2,1,2,2,2,2,2,2,2,1,2,2,0,0,0
2008,1,125,1,10590,1,4,2,2,1,1,2,1,4,2,1,2,2,2,1,1,2,2,2,2,3,2,2,1,1,2,2,1,2,2,2,0,0,0
2008,1,73,1,10591,1,4,1,2,4,2,5,2,1,2,1,2,1,2,2,2,2,2,1,2,3,2,2,2,2,2,2,2,1,2,2,0,0,0
2008,1,97,1,10592,1,4,2,1,4,2,1,2,1,2,1,2,1,2,2,2,2,2,1,2,1,2,2,2,2,2,2,2,1,2,2,0,0,0
2008,1,33,1,10593,1,4,2,2,1,2,2,2,3,1,1,2,3,1,2,2,2,2,2,1,3,2,2,2,2,2,2,2,1,2,2,0,0,0
2008,1,73,3,10594,1,4,2,2,1,2,4,2,3,1,2,2,2,2,2,1,2,2,2,2,3,1,1,1,1,2,2,1,2,2,2,0,0,0
2008,1,89,1,10595,1,4,2,2,1,2,5,2,1,2,1,2,1,2,2,2,1,2,2,2,3,2,2,2,2,2,1,1,2,2,2,0,0,0
2008,1,89,1,10596,1,4,1,2,1,1,5,1,4,2,2,2,2,2,2,1,2,2,1,2,3,1,1,1,1,2,2,1,2,2,2,0,0,0
2008,1,97,1,10597,1,4,1,2,2,2,5,2,1,2,2,1,1,2,2,2,1,2,2,2,3,2,2,2,2,2,2,2,2,2,2,0,0,0
2008,1,89,2,10598,1,4,1,2,4,2,3,2,1,2,1,2,1,2,2,1,2,2,1,2,1,2,2,2,2,2,2,2,1,2,2,0,0,0
2008,1,3,1,10599,1,4,1,1,1,2,1,2,2,2,1,2,2,1,2,1,2,2,2,2,1,2,2,2,2,2,2,2,2,2,2,0,0,0
2008,1,3,1,10600,1,4,1,1,3,2,1,2,1,1,2,2,1,2,1,2,2,2,2,2,2,2,2,2,2,2,2,2,1,2,2,0,0,0
2008,1,49,1,10601,1,4,1,2,1,2,4,2,5,1,1,2,2,1,2,2,2,2,2,2,3,2,2,2,2,2,2,2,1,2,2,0,0,0
2008,1,101,1,10602,1,4,2,2,1,2,4,2,2,1,1,2,3,2,2,2,2,2,2,2,3,2,2,2,2,1,1,1,2,2,2,0,0,0
2008,1,73,1,10603,1,4,2,2,1,2,4,2,2,1,2,2,3,2,1,2,2,2,2,2,3,2,2,2,2,2,2,2,2,2,2,0,0,0
2008,1,113,1,10604,1,4,2,2,1,1,2,1,4,1,1,2,2,2,2,2,2,2,2,2,3,1,1,1,1,1,2,1,2,2,2,0,0,0
2008,1,123,1,10605,1,4,2,2,1,1,2,1,4,1,1,2,2,1,2,2,2,2,2,2,3,2,2,2,2,1,2,2,2,2,2,0,0,0
2008,1,47,1,10606,1,4,1,2,4,2,3,2,1,2,2,2,1,2,2,2,2,2,2,2,3,2,2,2,2,2,2,2,1,2,2,0,0,0
2008,1,105,1,10607,1,4,1,2,4,2,3,2,1,2,2,2,1,2,2,2,2,2,1,2,1,2,2,2,2,2,2,2,1,2,2,0,0,0
2008,1,79,1,10608,1,4,1,2,4,2,4,2,1,1,1,2,1,2,2,1,2,2,1,2,1,2,2,2,2,2,2,2,1,2,2,0,0,0
2008,1,81,1,10609,1,4,1,1,4,2,1,2,1,1,1,2,1,2,2,2,2,2,1,2,3,2,2,2,2,1,2,2,1,2,1,0,0,0
2008,1,97,1,10610,1,4,2,2,1,2,4,2,1,2,2,1,1,2,2,2,1,2,2,2,3,2,2,2,2,2,2,2,2,2,2,0,0,0
2008,1,81,1,10611,1,4,1,2,4,2,6,2,1,2,2,2,1,2,2,1,2,2,1,2,1,1,1,1,1,2,2,1,1,2,2,0,0,0
2008,1,101,1,10612,1,4,1,2,1,2,3,2,4,2,2,2,2,1,2,2,2,2,2,2,3,2,2,2,2,2,2,2,2,2,2,0,0,0
2008,1,43,2,10613,1,4,1,2,4,2,6,2,1,2,2,2,1,2,2,1,2,2,1,2,1,2,2,2,2,2,2,2,1,2,2,0,0,0
2008,1,89,1,10614,1,4,1,2,1,2,5,2,1,2,2,1,1,2,2,2,1,2,2,2,3,2,2,2,2,2,2,2,2,2,2,0,0,0
2008,1,109,1,10615,1,4,1,2,4,2,4,2,1,2,2,2,1,2,2,1,2,2,2,2,1,2,2,2,2,2,2,2,1,2,2,0,0,0
2008,1,59,1,10616,1,4,1,2,4,2,5,2,1,2,1,2,1,2,1,1,2,2,2,2,1,2,2,2,2,2,2,2,1,2,2,0,0,0
2008,1,131,1,10617,1,4,1,2,4,2,6,2,1,2,1,2,1,2,2,1,2,2,2,2,3,1,1,1,1,2,2,1,1,2,2,0,0,0
2008,1,133,1,10618,1,4,1,2,1,2,6,3,1,1,1,2,1,2,2,2,2,2,1,2,2,2,2,2,2,2,2,2,2,2,2,0,0,0
2008,1,101,7,10619,1,4,1,2,2,2,4,2,3,2,1,2,2,1,2,1,2,2,1,2,3,2,2,2,2,2,2,2,1,2,2,0,0,0
2008,1,3,1,10620,1,4,2,1,4,2,1,2,1,1,2,2,1,2,2,1,2,2,1,2,3,1,1,1,1,2,2,1,1,1,2,0,0,0
2008,1,79,1,10621,1,4,1,2,4,2,5,2,1,1,1,2,1,2,2,2,2,2,1,2,1,2,2,2,2,2,2,2,1,2,2,0,0,0
2008,1,101,2,10622,1,4,2,2,4,1,6,1,1,2,1,2,1,2,2,1,2,2,2,1,3,2,2,2,2,2,2,2,2,2,2,0,0,0
2008,1,77,1,10623,1,4,2,2,3,2,2,2,1,2,2,2,1,2,2,2,2,2,1,2,1,2,2,2,2,2,2,2,1,2,2,0,0,0
2008,1,101,1,10624,1,4,2,1,1,2,1,2,5,2,1,2,2,2,2,2,2,2,2,2,1,2,2,2,2,2,1,1,2,2,2,0,0,0
2008,1,59,1,10625,1,4,2,2,1,2,2,2,1,2,1,2,1,2,2,2,1,2,2,2,3,2,2,2,2,2,2,2,2,2,2,0,0,0
2008,1,25,1,10626,1,4,1,2,1,2,3,3,2,1,1,2,3,2,2,2,2,2,1,2,3,2,2,1,1,2,2,1,1,2,2,0,0,0
2008,1,121,1,10627,1,4,2,2,1,2,5,2,1,2,2,1,1,2,2,2,1,2,2,2,3,2,2,2,2,2,2,2,2,2,2,0,0,0
2008,1,123,1,10628,1,4,1,2,4,2,6,2,1,1,1,2,1,2,2,1,2,2,2,2,3,2,2,2,2,2,1,1,1,2,2,0,0,0
2008,1,25,1,10629,1,4,1,2,1,2,3,2,4,2,1,2,2,1,2,2,2,2,2,2,2,2,2,2,2,2,2,2,2,2,2,0,0,0
2008,1,115,1,10630,1,4,1,2,1,1,4,1,4,2,1,2,3,2,1,2,2,2,2,2,3,1,1,1,1,2,1,1,2,2,2,0,0,0
2008,1,77,1,10631,1,4,1,2,4,2,5,2,1,1,1,2,1,2,2,1,2,2,2,2,3,2,2,2,2,2,2,2,1,2,2,0,0,0
2008,1,117,1,10632,1,4,1,2,4,2,5,2,1,1,2,2,1,2,2,1,2,2,2,2,3,2,2,2,2,2,2,2,1,2,2,0,0,0
2008,1,29,1,10633,1,4,1,2,4,2,5,2,1,1,1,2,1,2,2,1,2,2,1,2,1,2,2,2,2,2,2,2,1,2,2,0,0,0
2008,1,81,1,10634,1,4,2,2,1,2,2,2,3,2,1,2,3,2,2,2,2,2,2,2,1,1,1,1,1,2,2,1,1,2,2,0,0,0
2008,1,79,1,10635,1,4,1,2,1,1,3,1,4,1,1,2,2,1,2,2,2,2,2,2,3,2,2,2,2,1,2,2,2,2,2,0,0,0
2008,1,17,1,10636,1,4,1,1,1,2,1,2,3,1,1,2,2,2,2,2,2,2,2,2,3,2,2,2,2,2,2,2,1,2,2,0,0,0
2008,1,117,2,10637,1,4,2,1,1,2,1,2,2,1,1,2,2,1,2,1,2,2,2,2,3,2,2,2,2,2,2,2,2,2,2,0,0,0
2008,1,129,2,10638,1,4,1,2,1,2,3,3,1,1,1,2,1,2,2,2,2,2,1,2,2,2,2,2,2,2,2,2,2,2,2,0,0,0
2008,1,111,1,10639,1,4,1,2,4,1,5,1,1,2,1,2,1,2,2,1,2,2,2,2,2,2,2,1,1,2,2,1,2,2,2,0,0,0
2008,1,3,1,10640,1,4,1,2,1,2,3,2,3,2,2,2,2,2,1,1,2,2,2,2,3,2,2,2,2,2,1,1,1,2,2,0,0,0
2008,1,83,1,10641,1,4,1,2,1,2,3,2,3,1,1,2,2,1,2,2,2,2,1,2,1,2,2,2,2,2,2,2,1,2,1,0,0,0
2008,1,47,1,10642,1,4,1,2,4,2,4,2,1,2,2,2,1,2,2,1,2,2,2,2,1,2,2,2,2,2,2,2,1,2,2,0,0,0
2008,1,123,1,10643,1,4,1,2,4,2,6,2,1,2,2,2,1,2,2,2,2,2,2,2,3,2,2,2,2,2,2,2,1,2,1,0,0,0
2008,1,7,1,10644,1,4,1,2,4,2,6,2,1,1,2,2,1,2,1,1,2,2,2,2,3,2,2,2,2,2,1,1,1,2,2,0,0,0
2008,1,109,1,10645,1,4,1,2,4,2,4,2,1,2,2,2,1,2,2,1,2,2,1,2,1,2,2,2,2,2,2,2,1,2,2,0,0,0
2008,1,121,1,10646,1,4,1,2,1,1,4,1,3,2,1,2,2,2,1,2,2,2,2,2,3,2,2,1,1,2,2,1,2,2,2,0,0,0
2008,1,1,2,10647,1,4,1,1,4,2,1,2,1,1,1,2,1,2,1,2,2,2,2,2,3,2,2,2,2,2,2,2,1,2,2,0,0,0
2008,1,101,1,10648,1,4,2,2,4,1,2,1,1,2,1,2,1,2,2,1,2,2,2,1,2,2,2,2,2,2,2,2,2,2,2,0,0,0
2008,1,87,1,10649,1,4,1,2,4,2,5,2,1,2,1,2,1,2,2,1,2,2,1,2,1,2,2,2,2,2,2,2,1,2,2,0,0,0
2008,1,121,1,10650,1,4,1,2,1,1,3,1,4,1,2,2,2,2,2,2,2,2,2,2,1,2,2,2,2,2,1,1,2,2,2,0,0,0
2008,1,55,1,10651,1,4,1,2,4,2,6,2,1,2,2,2,1,2,2,1,2,2,1,2,3,2,2,2,2,2,2,2,1,2,2,0,0,0
2008,1,85,1,10652,1,4,1,2,4,2,3,2,1,2,2,2,1,2,2,2,2,2,1,2,1,2,2,2,2,2,2,2,1,2,1,0,0,0
2008,1,39,1,10653,1,4,1,2,4,2,6,2,1,1,1,2,1,2,2,2,2,2,1,2,3,2,2,2,2,1,2,2,1,2,2,0,0,0
2008,1,1,2,10654,1,4,1,2,1,2,6,2,1,1,1,2,1,2,2,1,2,2,1,2,2,2,2,2,2,1,2,2,2,2,2,0,0,0
2008,1,99,1,10655,1,4,1,2,1,1,5,1,4,1,1,2,2,1,2,1,2,2,2,2,2,2,2,2,2,2,2,2,2,2,2,0,0,0
2008,1,101,1,10656,1,4,1,2,4,2,5,2,1,2,1,2,1,2,2,1,2,2,2,2,3,1,1,1,1,2,2,1,1,2,2,0,0,0
2008,1,35,1,10657,1,4,1,2,4,2,3,2,1,2,2,2,1,2,2,1,2,2,1,2,1,2,2,2,2,2,2,2,1,2,2,0,0,0
2008,1,127,1,10658,1,4,1,2,1,2,3,2,1,2,2,2,2,2,2,2,1,2,2,2,3,2,2,2,2,2,1,1,2,2,2,0,0,0
2008,1,43,1,10659,1,4,1,2,4,2,6,2,1,2,1,2,1,2,2,1,2,2,1,2,3,2,2,2,2,2,2,2,1,2,2,0,0,0
2008,1,47,1,10660,1,4,1,2,4,2,5,2,1,2,2,2,1,2,2,1,2,2,2,2,1,2,2,1,1,2,2,1,1,2,2,0,0,0
2008,1,103,1,10661,1,4,1,2,4,2,5,2,1,1,1,2,1,2,2,1,2,2,1,2,1,2,2,2,2,2,2,2,1,2,2,0,0,0
2008,1,103,1,10662,1,4,1,2,1,2,5,2,3,1,1,2,2,1,2,2,2,2,2,2,3,2,2,2,2,2,1,1,1,2,2,0,0,0
2008,1,83,1,10663,1,4,1,2,4,2,6,3,1,1,2,2,1,2,2,1,2,2,1,2,2,2,2,2,2,2,1,1,1,2,2,0,0,0
2008,1,45,1,10664,1,4,1,2,4,2,6,2,1,2,2,2,1,2,2,1,2,2,1,2,3,2,2,2,2,2,2,2,1,2,2,0,0,0
2008,1,53,1,10665,1,4,1,2,1,2,4,2,5,2,1,2,2,2,2,2,2,2,1,2,3,2,2,2,2,1,2,2,1,2,2,0,0,0
2008,1,89,1,10666,1,4,2,2,4,2,2,2,1,1,2,2,2,2,2,1,2,2,2,2,3,2,2,2,2,2,2,2,1,2,2,0,0,0
2008,1,89,1,10667,1,4,2,2,4,2,2,2,1,1,1,2,1,2,2,2,2,2,2,2,3,1,1,1,1,2,2,1,1,2,2,0,0,0
2008,1,73,1,10668,1,4,2,2,1,1,2,1,2,2,1,2,3,2,2,2,2,2,1,2,3,2,2,2,2,2,1,1,2,2,2,0,0,0
2008,1,97,1,10669,1,4,2,2,4,2,4,2,1,2,1,2,1,2,2,2,2,2,1,2,2,1,1,1,1,2,2,1,1,2,2,0,0,0
2008,1,85,1,10670,1,4,1,2,4,2,4,2,1,2,2,2,1,2,2,1,2,2,1,2,3,2,2,2,2,2,2,2,1,2,2,0,0,0
2008,1,101,1,10671,1,4,1,2,4,2,5,2,1,1,1,2,1,2,2,1,2,2,2,2,3,1,1,1,1,2,2,1,1,2,2,0,0,0
2008,1,51,1,10672,1,4,1,2,4,2,5,2,1,2,1,2,1,2,1,1,2,2,2,2,2,2,2,2,2,2,1,1,1,2,2,0,0,0
2008,1,115,1,10673,1,4,1,2,1,2,5,2,5,2,1,1,3,2,2,2,2,2,2,2,3,2,2,2,2,2,1,1,2,2,2,0,0,0
2008,1,89,1,10674,1,4,1,2,1,2,3,2,4,1,1,2,3,2,2,2,2,2,2,2,3,2,2,1,1,2,1,1,1,1,2,0,0,0
2008,1,117,1,10675,1,4,2,2,4,2,4,2,1,2,1,2,1,2,1,2,2,2,2,2,1,2,2,2,2,2,2,2,1,2,2,0,0,0
2008,1,75,1,10676,1,4,1,2,4,2,5,2,1,2,2,2,1,2,2,2,2,2,2,2,2,1,1,1,1,2,2,1,1,2,2,0,0,0
2008,1,133,1,10677,1,4,1,2,4,2,5,2,1,1,1,2,1,2,2,1,2,2,2,2,1,2,2,1,1,2,2,1,1,2,2,0,0,0
2008,1,17,1,10678,1,4,1,1,1,2,1,2,2,1,1,2,3,1,2,2,2,2,2,2,3,2,2,2,2,2,2,2,2,2,2,0,0,0
2008,1,71,1,10679,1,4,1,2,4,2,6,2,1,2,2,2,1,2,2,1,2,2,2,2,3,2,2,2,2,2,2,2,1,2,2,0,0,0
2008,1,29,1,10680,1,4,1,2,1,2,5,2,4,2,2,2,2,2,2,2,2,2,2,2,3,1,1,1,1,2,1,1,1,2,2,0,0,0
2008,1,133,1,10681,1,4,1,2,4,2,5,2,1,2,1,2,1,2,2,2,2,2,1,2,2,2,2,2,2,2,2,2,1,2,2,0,0,0
2008,1,61,1,10682,1,4,1,2,4,2,4,2,1,2,1,2,1,2,2,1,2,2,2,2,2,2,2,2,2,2,2,2,1,2,2,0,0,0
2008,1,3,1,10683,1,4,1,2,4,2,6,2,1,2,1,2,1,2,2,1,2,2,1,2,1,1,1,1,1,2,2,1,1,2,2,0,0,0
2008,1,3,1,10684,1,4,1,2,4,2,4,2,1,2,2,2,1,2,2,1,2,2,1,2,2,1,1,1,1,2,2,1,1,2,2,0,0,0
2008,1,97,1,10685,1,4,2,1,4,2,1,2,1,2,2,2,1,2,1,1,2,2,2,2,2,2,2,2,2,2,2,2,1,2,2,0,0,0
2008,1,81,2,10686,1,4,2,2,1,2,2,2,3,2,2,2,2,2,2,2,2,2,2,2,3,2,2,2,2,2,2,2,2,2,2,0,0,0
2008,1,95,1,10687,1,4,2,2,1,1,2,1,4,1,1,2,2,2,1,2,2,2,2,2,3,2,2,2,2,2,2,2,2,2,2,0,0,0
2008,1,47,1,10688,1,4,1,2,4,2,3,2,1,1,2,2,1,2,2,1,2,2,1,2,1,2,2,2,2,2,2,2,1,2,2,0,0,0
2008,1,85,1,10689,1,4,1,2,4,1,5,1,1,2,2,2,1,2,2,1,2,2,2,2,3,2,2,2,2,2,2,2,2,2,2,0,0,0
2008,1,97,1,10690,1,4,2,2,1,2,4,2,1,2,2,2,1,2,2,2,1,2,2,2,3,2,2,2,2,2,2,2,2,2,2,0,0,0
2008,1,89,1,10691,1,4,2,2,1,2,2,2,2,2,1,2,1,2,2,1,1,2,2,2,3,2,2,2,2,2,2,2,2,2,2,0,0,0
2008,1,79,1,10692,1,4,1,3,4,2,7,2,1,2,2,2,1,2,2,2,2,2,1,2,3,2,2,2,2,2,2,2,1,2,2,0,0,0
2008,1,89,1,10693,1,4,1,2,2,2,5,2,1,2,2,2,1,2,2,2,2,2,2,2,3,2,2,2,2,2,1,1,1,2,1,0,0,0
2008,1,73,1,10694,1,4,2,2,1,1,2,1,4,1,2,2,2,2,1,1,2,2,2,2,3,2,2,2,2,2,2,2,2,2,2,0,0,0
2008,1,43,1,10695,1,4,1,2,1,1,3,1,4,1,1,2,2,2,2,2,2,2,2,2,3,2,2,2,2,2,2,2,2,2,2,0,0,0
2008,1,83,1,10696,1,4,1,2,4,2,5,2,1,1,1,2,1,2,2,1,2,2,2,2,2,2,2,2,2,2,2,2,1,2,2,0,0,0
2008,1,89,1,10697,1,4,2,2,1,1,2,1,1,2,1,1,1,2,2,2,2,2,2,2,3,2,2,2,2,2,2,2,2,2,2,0,0,0
2008,1,121,1,10698,1,4,2,2,4,2,5,2,1,1,2,2,1,2,2,1,2,2,1,2,1,2,2,2,2,2,2,2,1,2,2,0,0,0
2008,1,9,2,10699,1,4,1,2,4,2,6,2,1,2,2,2,1,2,2,1,2,2,2,2,1,1,1,1,1,2,2,1,1,2,2,0,0,0
2008,1,7,1,10700,1,4,1,2,4,2,6,2,1,1,1,2,1,2,2,1,2,2,1,2,2,2,2,2,2,2,2,2,1,2,2,0,0,0
2008,1,97,1,10701,1,4,2,2,2,2,2,2,1,2,1,2,1,2,1,2,2,2,2,2,2,2,2,2,2,2,2,2,1,2,2,0,0,0
2008,1,97,1,10702,1,4,2,1,1,2,1,2,4,2,2,2,2,2,2,2,2,2,1,2,1,2,2,2,2,1,2,2,2,2,2,0,0,0
2008,1,43,1,10703,1,4,1,2,4,2,5,2,1,2,2,2,1,2,2,1,2,2,1,2,1,2,2,2,2,2,1,1,1,2,2,0,0,0
2008,1,83,1,10704,1,4,1,2,4,2,5,2,1,1,1,2,1,2,2,1,2,2,1,2,2,1,1,1,1,2,2,1,1,2,2,0,0,0
2008,1,49,1,10705,1,4,1,2,1,2,4,2,3,1,1,2,3,1,2,2,2,2,2,2,3,2,2,2,2,1,2,2,2,2,2,0,0,0
2008,1,89,1,10706,1,4,2,2,1,2,2,2,1,2,1,2,1,2,2,2,1,2,2,2,2,2,2,2,2,2,2,2,2,2,2,0,0,0
2008,1,61,1,10707,1,4,1,2,1,2,4,2,1,2,1,2,1,2,2,2,1,2,2,2,2,2,2,2,2,2,2,2,2,2,2,0,0,0
2008,1,95,1,10708,1,4,1,2,1,2,4,3,4,1,1,2,2,1,1,1,2,2,2,2,2,2,2,2,2,2,2,2,2,2,2,0,0,0
2008,1,35,1,10709,1,4,1,2,4,2,3,2,1,1,1,2,1,2,2,2,2,2,1,2,2,2,2,2,2,1,2,2,1,2,1,0,0,0
2008,1,113,1,10710,1,4,1,2,1,1,5,1,4,1,2,2,2,2,2,2,2,2,2,2,3,2,2,2,2,2,2,2,2,2,2,0,0,0
2008,1,65,1,10711,1,4,1,2,4,2,4,2,1,2,2,2,1,2,2,1,2,2,2,2,1,2,2,2,2,2,2,2,1,2,2,0,0,0
2008,1,121,1,10712,1,4,2,2,4,2,2,2,1,2,2,2,1,2,2,1,2,2,1,2,1,2,2,2,2,2,1,1,1,2,2,0,0,0
2008,1,39,1,10713,1,4,1,2,4,2,3,2,1,2,2,2,1,2,2,2,2,2,2,2,2,1,1,1,1,2,2,1,1,2,2,0,0,0
2008,1,125,1,10714,1,4,1,2,1,1,3,1,4,1,2,2,2,2,1,2,2,2,2,2,3,1,1,1,1,2,2,1,2,2,2,0,0,0
2008,1,79,1,10715,1,4,1,2,4,2,5,2,1,2,2,2,1,2,2,2,2,2,2,2,1,1,1,1,1,2,2,1,1,2,2,0,0,0
2008,1,117,1,10716,1,4,2,2,4,2,4,2,1,2,2,2,1,2,2,1,2,2,1,2,1,2,2,2,2,2,2,2,1,2,2,0,0,0
2008,1,99,1,10717,1,4,1,2,4,2,5,2,1,2,1,2,1,2,2,1,2,2,1,2,1,2,2,2,2,2,2,2,1,2,2,0,0,0
2008,1,37,1,10718,1,4,1,2,4,2,3,2,1,1,1,2,1,2,2,2,2,2,1,2,2,2,2,2,2,2,2,2,1,2,1,0,0,0
2008,1,97,1,10719,1,4,1,2,1,1,3,1,2,1,1,2,3,1,2,1,2,2,2,2,3,2,2,2,2,2,2,2,2,2,2,0,0,0
2008,1,69,1,10720,1,4,1,2,1,1,3,1,4,1,1,2,2,2,2,1,2,2,2,2,3,2,2,2,2,2,2,2,2,2,2,0,0,0
2008,1,127,1,10721,1,4,1,2,4,2,6,2,1,2,2,2,1,2,2,1,2,2,1,2,3,1,1,1,1,2,2,1,1,2,2,0,0,0
2008,1,115,1,10722,1,4,1,2,4,2,6,2,1,2,2,2,1,2,2,1,2,2,2,2,1,2,2,2,2,2,2,2,1,2,2,0,0,0
2008,1,5,1,10723,1,4,1,2,1,2,3,2,1,2,2,2,1,1,2,2,2,2,2,2,2,2,2,2,2,2,2,2,2,2,2,0,0,0
2008,1,103,1,10724,1,4,1,1,4,2,1,2,1,2,2,2,1,2,2,2,2,2,2,2,2,2,2,2,2,1,2,2,1,2,2,0,0,0
2008,1,39,1,10725,1,4,1,2,4,2,4,2,1,2,1,2,1,2,2,2,2,2,1,2,1,2,2,2,2,2,2,2,1,2,2,0,0,0
2008,1,35,1,10726,1,4,1,2,4,2,5,2,1,2,1,2,1,2,2,1,2,2,1,2,1,2,2,2,2,2,2,2,1,2,2,0,0,0
2008,1,5,1,10727,1,4,1,2,4,2,3,2,1,2,1,2,1,2,2,1,2,2,1,2,1,2,2,2,2,2,2,2,1,2,2,0,0,0
2008,1,121,1,10728,1,4,1,2,4,2,6,2,1,2,2,2,1,2,2,1,2,2,1,2,3,1,1,1,1,2,2,1,1,2,2,0,0,0
2008,1,51,1,10729,1,4,1,2,4,2,5,2,1,2,2,2,1,2,2,2,2,2,1,1,1,2,2,2,2,2,2,2,1,2,2,0,0,0
2008,1,69,1,10730,1,4,1,2,3,2,3,2,1,1,2,2,1,2,2,2,2,2,1,2,2,2,2,2,2,2,2,2,1,2,2,0,0,0
2008,1,73,1,10731,1,4,2,1,4,1,1,1,1,2,1,2,2,2,2,2,2,2,2,2,1,2,2,2,2,2,2,2,1,2,2,0,0,0
2008,1,39,1,10732,1,4,2,2,1,1,6,1,4,1,1,2,2,2,2,1,2,2,2,2,3,2,2,2,2,1,2,2,2,2,2,0,0,0
2008,1,73,1,10733,1,4,2,2,4,2,6,2,1,1,2,2,1,2,2,2,2,2,1,2,3,2,2,2,2,2,2,2,1,2,2,0,0,0
2008,1,89,1,10734,1,4,2,2,4,2,5,2,1,2,2,2,1,2,2,1,2,2,1,2,1,2,2,2,2,2,2,2,1,2,2,0,0,0
2008,1,115,2,10735,1,4,1,1,4,2,1,2,1,2,2,2,1,2,2,2,2,2,1,2,1,2,2,2,2,2,1,1,1,2,2,0,0,0
2008,1,73,1,10736,1,4,2,1,1,2,1,2,1,2,1,2,1,1,2,2,1,2,2,2,3,2,2,2,2,2,2,2,2,2,2,0,0,0
2008,1,101,2,10737,1,4,1,2,4,2,6,2,1,2,1,2,1,2,2,1,2,2,2,2,1,2,2,2,2,2,1,1,1,2,2,0,0,0
2008,1,1,1,10738,1,4,1,2,1,1,5,1,4,1,1,2,2,2,2,1,2,2,1,2,3,1,1,1,1,2,2,1,2,2,2,0,0,0
2008,1,1,1,10739,1,4,1,2,4,2,5,2,1,1,1,2,1,2,2,1,2,2,1,2,3,2,2,2,2,2,1,1,1,2,2,0,0,0
2008,1,49,1,10740,1,4,1,2,4,2,4,2,1,1,2,2,1,2,2,1,2,2,2,2,2,2,2,2,2,2,2,2,1,2,2,0,0,0
2008,1,81,1,10741,1,4,1,2,1,2,3,2,1,2,2,2,1,2,2,2,1,2,2,2,3,2,2,2,2,2,2,2,2,2,2,0,0,0
2008,1,53,1,10742,1,4,1,2,1,2,6,2,3,1,1,2,2,2,2,1,2,2,2,2,2,1,1,1,1,2,2,1,2,2,2,0,0,0
2008,1,129,1,10743,1,4,1,2,1,2,3,2,3,1,1,2,2,2,2,2,2,2,2,2,3,2,2,2,2,2,2,2,2,2,2,0,0,0
2008,1,89,1,10744,1,4,2,2,1,2,2,2,3,2,2,2,2,2,2,2,2,2,2,2,3,2,2,2,2,2,2,2,1,2,2,0,0,0
2008,1,125,1,10745,1,4,2,2,1,2,2,2,2,2,2,2,2,2,2,2,2,2,2,2,3,2,2,2,2,2,2,2,2,2,2,0,0,0
2008,1,95,1,10746,1,4,2,2,1,1,2,1,4,1,2,2,2,2,2,2,2,2,2,2,3,2,2,1,1,1,2,1,2,2,2,0,0,0
2008,1,73,1,10747,1,4,2,2,1,2,2,2,1,1,1,1,3,2,2,2,1,2,2,2,3,2,2,2,2,2,1,1,2,2,2,0,0,0
2008,1,131,1,10748,1,4,1,2,4,2,6,2,1,1,1,2,1,2,2,1,2,2,2,2,1,2,2,2,2,2,2,2,1,2,2,0,0,0
2008,1,103,1,10749,1,4,2,2,4,2,4,2,1,2,1,2,1,2,2,1,2,2,1,2,3,2,2,2,2,2,1,1,1,2,2,0,0,0
2008,1,93,1,10750,1,4,1,2,3,2,3,2,1,1,2,2,1,2,2,2,2,2,1,2,3,2,2,2,2,2,2,2,1,2,2,0,0,0
2008,1,79,1,10751,1,4,1,2,4,2,3,2,1,2,1,2,1,2,2,2,2,2,1,2,1,2,2,2,2,2,2,2,1,2,2,0,0,0
2008,1,109,1,10752,1,4,1,2,4,2,5,2,1,2,2,2,1,2,2,1,2,2,1,2,1,2,2,2,2,2,2,2,1,2,2,0,0,0
2008,1,127,1,10753,1,4,1,2,4,2,3,2,1,1,2,2,1,2,2,1,2,2,2,2,2,2,2,2,2,2,2,2,1,2,2,0,0,0
2008,1,131,1,10754,1,4,1,2,4,2,4,2,1,2,2,2,1,2,2,2,2,2,1,2,1,2,2,2,2,2,2,2,1,2,2,0,0,0
2008,1,51,1,10755,1,4,1,2,1,2,5,2,3,1,1,2,3,2,2,2,2,2,2,2,3,1,1,1,1,2,2,1,1,2,2,0,0,0
2008,1,55,1,10756,1,4,1,1,4,2,1,2,1,1,1,2,1,1,2,2,2,2,1,2,3,2,2,2,2,2,2,2,1,2,2,0,0,0
2008,1,55,1,10757,1,4,1,2,2,2,5,2,1,1,1,2,1,2,1,1,2,2,2,2,2,2,2,2,2,2,2,2,1,2,2,0,0,0
2008,1,31,1,10758,1,4,2,2,1,1,2,1,4,1,2,2,2,2,2,2,2,2,2,2,3,2,2,2,2,1,2,2,2,2,2,0,0,0
2008,1,123,1,10759,1,4,1,2,1,1,3,1,4,1,1,2,2,1,2,2,2,2,2,2,2,2,2,2,2,2,2,2,2,2,2,0,0,0
2008,1,117,1,10760,1,4,1,2,1,2,4,2,4,1,1,2,2,1,2,2,2,2,2,2,3,2,2,2,2,2,2,2,1,2,2,0,0,0
2008,1,119,1,10761,1,4,1,2,4,2,5,2,1,2,1,2,1,2,2,1,2,2,2,2,1,2,2,2,2,2,2,2,1,2,2,0,0,0
2008,1,47,1,10762,1,4,2,3,1,2,7,2,5,2,2,2,2,2,2,1,2,2,2,2,3,2,2,1,1,2,2,1,2,2,2,0,0,0
2008,1,111,1,10763,1,4,1,2,4,2,5,2,1,1,1,2,1,2,2,1,2,2,2,2,3,1,2,1,2,2,2,2,1,2,2,0,0,0
2008,1,131,1,10764,1,4,1,2,4,2,6,2,1,1,1,2,1,2,2,1,2,2,2,2,3,2,2,1,1,2,2,1,1,2,2,0,0,0
2008,1,127,2,10765,1,4,1,2,4,2,4,2,1,2,2,2,1,2,2,1,2,2,1,2,1,2,2,2,2,2,1,1,1,2,2,0,0,0
2008,1,97,1,10766,1,4,2,2,4,2,4,2,1,1,1,2,1,2,2,2,2,2,1,2,1,2,2,2,2,2,2,2,1,2,2,0,0,0
2008,1,59,1,10767,1,4,1,2,4,2,5,2,1,1,2,2,1,2,2,1,2,2,1,2,1,2,2,2,2,2,2,2,1,2,2,0,0,0
2008,1,15,2,10768,1,4,1,2,4,2,6,2,1,2,2,2,1,2,2,1,2,2,1,2,3,1,1,1,1,2,2,1,1,2,2,0,0,0
2008,1,31,1,10769,1,4,2,2,1,2,2,2,4,1,1,2,2,2,2,1,2,2,1,2,3,2,2,2,2,1,2,2,1,2,2,0,0,0
2008,1,9,1,10770,1,4,1,2,4,2,3,2,1,1,1,2,1,2,2,1,2,2,2,2,3,2,2,2,2,2,2,2,1,2,2,0,0,0
2008,1,131,1,10771,1,4,1,2,1,1,5,1,4,2,1,2,2,1,2,2,2,2,2,2,3,2,2,2,2,2,2,2,2,2,2,0,0,0
2008,1,9,2,10772,1,4,1,2,1,2,3,2,4,1,1,2,2,2,2,2,2,2,2,2,3,2,2,2,2,1,2,2,1,2,2,0,0,0
2008,1,109,1,10773,1,4,1,2,1,2,5,2,1,2,2,2,1,2,2,1,2,2,1,2,3,2,2,2,2,2,2,2,1,2,2,0,0,0
2008,1,97,1,10774,1,4,2,2,4,2,6,2,1,1,2,2,1,2,2,1,2,2,2,2,2,2,2,2,2,2,1,1,1,2,2,0,0,0
2008,1,121,1,10775,1,4,1,2,4,2,4,2,1,2,1,2,1,2,2,1,2,2,1,2,1,2,2,2,2,2,2,2,1,2,2,0,0,0
2008,1,53,1,10776,1,4,1,2,4,2,6,2,1,2,1,2,1,2,2,2,2,2,1,2,1,2,2,2,2,2,2,2,1,1,2,0,0,0
2008,1,59,1,10777,1,4,1,2,4,2,3,2,1,1,1,2,1,2,2,1,2,2,2,2,3,2,2,1,1,2,2,1,1,2,2,0,0,0
2008,1,53,1,10778,1,4,1,2,4,2,6,2,1,2,2,2,1,2,2,1,2,2,1,2,1,2,2,2,2,2,2,2,1,2,2,0,0,0
2008,1,113,1,10779,1,4,2,2,1,1,6,1,4,1,2,2,2,2,1,1,2,2,2,2,3,2,2,2,2,2,1,1,2,2,2,0,0,0
2008,1,13,1,10780,1,4,1,2,4,2,6,2,1,2,2,2,1,2,2,2,2,2,1,2,1,2,2,2,2,2,2,2,1,2,2,0,0,0
2008,1,93,1,10781,1,4,1,2,4,2,5,2,1,1,2,2,1,2,2,2,2,2,1,2,3,2,2,2,2,2,2,2,1,2,2,0,0,0
2008,1,69,1,10782,1,4,1,2,4,1,6,1,1,2,1,2,1,2,2,1,2,2,2,2,3,2,2,2,2,2,2,2,2,2,2,0,0,0
2008,1,45,1,10783,1,4,1,2,1,2,4,2,1,2,1,2,1,2,2,1,2,2,1,2,3,1,1,1,1,2,2,1,1,2,2,0,0,0
2008,1,131,1,10784,1,4,1,2,4,2,4,2,1,2,1,2,1,2,2,1,2,2,1,2,2,1,1,1,1,2,2,1,1,2,2,0,0,0
2008,1,65,1,10785,1,4,1,2,4,2,4,2,1,1,1,2,1,2,2,1,2,2,2,2,2,1,1,1,1,2,2,1,1,2,2,0,0,0
2008,1,89,1,10786,1,4,1,2,1,2,3,2,1,1,1,2,1,2,2,2,2,1,2,2,3,2,2,2,2,2,2,2,2,1,2,0,0,0
2008,1,73,2,10787,1,4,1,2,1,2,5,2,3,1,1,2,2,1,2,2,2,2,1,2,3,2,2,2,2,2,2,2,1,2,2,0,0,0
2008,1,17,1,10788,1,4,2,2,4,2,5,2,1,2,2,2,1,2,2,2,2,2,1,2,1,2,2,2,2,2,2,2,1,2,2,0,0,0
2008,1,69,1,10789,1,4,2,2,4,2,5,2,1,2,1,2,1,2,2,2,2,2,1,2,3,2,2,2,2,2,1,1,1,2,2,0,0,0
2008,1,71,1,10790,1,4,1,2,4,2,3,2,1,1,2,2,1,2,2,2,2,2,1,2,2,2,2,2,2,2,2,2,1,2,2,0,0,0
2008,1,59,1,10791,1,4,1,2,4,2,6,2,1,1,1,2,1,2,2,1,2,2,1,2,3,2,2,2,2,2,2,2,1,2,2,0,0,0
2008,1,81,1,10792,1,4,2,1,1,2,1,2,5,2,2,2,2,1,2,2,2,2,1,2,3,2,2,2,2,2,2,2,2,2,2,0,0,0
2008,1,133,1,10793,1,4,1,2,4,2,5,2,1,1,1,2,1,2,2,1,2,2,1,2,1,2,2,2,2,2,2,2,1,2,2,0,0,0
2008,1,97,1,10794,1,4,2,2,1,2,4,2,1,1,1,2,1,2,2,2,1,2,2,2,3,1,1,1,1,2,2,1,2,2,2,0,0,0
2008,1,101,1,10795,1,4,1,2,4,2,5,2,1,2,2,2,1,2,2,1,2,2,1,2,3,2,2,2,2,2,1,1,1,2,2,0,0,0
2008,1,65,1,10796,1,4,1,2,4,2,4,2,1,1,2,2,1,2,2,1,2,2,1,2,3,1,1,1,1,2,2,1,1,2,2,0,0,0
2008,1,95,1,10797,1,4,1,2,4,2,5,2,1,2,1,2,1,2,2,2,2,2,2,2,2,2,2,2,2,2,2,2,1,2,2,0,0,0
2008,1,71,1,10798,1,4,1,2,4,2,3,2,1,1,2,2,1,2,2,1,2,2,1,2,3,2,2,2,2,2,2,2,1,2,2,0,0,0
2008,1,103,1,10799,1,4,2,2,1,2,4,2,1,1,2,2,1,2,1,2,2,2,2,2,2,2,2,2,2,2,2,2,2,2,2,0,0,0
2008,1,15,1,10800,1,4,2,2,1,2,4,2,2,1,1,2,3,2,2,2,2,2,2,2,3,2,2,2,2,1,2,2,2,2,2,0,0,0
2008,1,77,1,10801,1,4,1,2,1,2,3,3,4,1,2,2,2,2,2,2,2,2,2,2,3,2,2,2,2,1,1,1,2,2,2,0,0,0
2008,1,35,1,10802,1,4,1,2,1,1,3,1,3,1,1,2,2,1,2,2,2,2,2,2,3,2,2,2,2,2,2,2,2,2,2,0,0,0
2008,1,45,1,10803,1,4,1,2,4,2,6,2,1,2,2,2,1,2,1,1,2,2,2,2,1,2,2,2,2,2,1,1,1,2,2,0,0,0
2008,1,73,1,10804,1,4,2,2,4,1,2,1,1,1,1,2,1,2,2,2,2,2,2,2,3,2,2,2,2,2,2,2,2,2,2,0,0,0
2008,1,93,1,10805,1,4,2,2,1,2,4,2,4,1,1,2,2,2,2,1,2,2,2,2,3,2,2,2,2,2,2,2,1,2,2,0,0,0
2008,1,55,1,10806,1,4,1,2,4,2,6,2,1,1,1,2,1,2,2,1,2,2,1,2,3,2,2,2,2,2,2,2,1,2,2,0,0,0
2008,1,97,1,10807,1,4,2,2,4,2,4,2,1,2,2,2,1,2,2,1,2,2,1,2,1,2,2,2,2,2,2,2,1,2,2,0,0,0
2008,1,125,1,10808,1,4,2,2,1,1,2,1,4,2,1,2,2,2,2,2,2,2,2,2,1,1,1,1,1,2,2,1,2,2,2,0,0,0
2008,1,1,1,10809,1,4,1,2,1,2,3,2,3,1,1,2,2,2,2,2,2,2,2,2,3,2,2,2,2,1,2,2,1,2,2,0,0,0
2008,1,39,1,10810,1,4,1,2,4,2,5,2,1,2,2,2,1,2,2,1,2,2,1,2,3,1,1,1,1,2,2,1,1,2,2,0,0,0
2008,1,47,1,10811,1,4,1,2,1,1,5,1,4,1,1,2,2,1,2,2,2,2,2,2,3,2,2,2,2,1,2,2,2,2,2,0,0,0
2008,1,73,1,10812,1,4,2,2,1,2,5,3,4,1,1,2,2,1,2,1,2,2,2,2,3,2,2,2,2,2,1,1,2,2,2,0,0,0
2008,1,87,1,10813,1,4,2,2,4,1,5,1,1,1,2,2,1,2,2,2,2,2,2,2,3,2,2,2,2,2,2,2,2,2,2,0,0,0
2008,1,3,1,10814,1,4,2,2,1,1,5,1,4,1,1,2,2,2,2,2,2,2,1,2,3,2,2,2,2,1,2,2,2,2,2,0,0,0
2008,1,73,1,10815,1,4,2,2,4,2,2,2,1,2,1,2,1,2,2,2,2,2,2,2,3,2,2,2,2,2,2,2,1,2,2,0,0,0
2008,1,73,1,10816,1,4,2,2,3,2,4,2,1,2,1,2,1,2,2,1,2,2,2,2,3,2,2,2,2,2,2,2,1,2,2,0,0,0
2008,1,71,1,10817,1,4,1,2,1,2,6,2,1,2,2,2,1,2,2,2,2,2,1,2,1,2,2,2,2,2,2,2,2,2,2,0,0,0
2008,1,115,1,10818,1,4,1,2,4,2,5,2,1,1,2,2,1,2,2,1,2,2,1,2,2,2,2,2,2,2,1,1,1,2,2,0,0,0
2008,1,119,1,10819,1,4,1,1,4,2,1,2,1,2,1,2,1,2,2,1,2,2,1,2,3,2,2,2,2,2,2,2,1,2,2,0,0,0
2008,1,95,1,10820,1,4,2,1,1,1,1,1,4,1,1,2,2,1,2,2,2,2,2,2,3,2,2,2,2,2,2,2,2,2,2,0,0,0
2008,1,101,1,10821,1,4,2,2,3,2,2,2,1,2,2,2,1,2,2,2,2,2,1,2,1,2,2,2,2,2,2,2,1,2,2,0,0,0
2008,1,89,1,10822,1,4,2,2,1,2,2,2,1,1,1,2,1,2,2,2,1,2,2,2,2,2,2,2,2,2,2,2,2,2,2,0,0,0
2008,1,43,1,10823,1,4,1,2,4,2,5,2,1,2,2,2,1,2,2,2,2,2,1,2,3,2,2,2,2,2,2,2,1,2,2,0,0,0
2008,1,123,1,10824,1,4,1,2,1,1,3,1,4,1,1,2,2,2,2,1,2,2,1,2,1,2,2,2,2,2,1,1,2,2,2,0,0,0
2008,1,131,1,10825,1,4,2,2,1,1,2,1,4,1,1,2,2,1,2,2,2,2,2,2,3,1,1,1,1,2,2,1,2,2,2,0,0,0
2008,1,89,2,10826,1,4,1,2,4,2,3,2,1,2,1,2,1,2,2,1,2,2,1,2,3,2,2,2,2,2,1,1,1,2,2,0,0,0
2008,1,1,1,10827,1,4,2,2,1,2,5,2,1,1,1,2,1,2,2,2,2,2,2,2,3,1,1,1,1,2,2,1,2,2,2,0,0,0
2008,1,15,1,10828,1,4,2,2,1,2,2,2,1,2,1,2,1,2,2,2,1,2,2,2,2,2,2,2,2,2,2,2,2,2,2,0,0,0
2008,1,21,1,10829,1,4,1,2,1,2,4,2,1,1,1,2,1,2,2,2,2,2,1,2,3,1,1,1,1,2,2,1,1,2,2,0,0,0
2008,1,89,1,10830,1,4,2,2,1,1,6,1,1,1,1,2,1,2,2,2,2,1,2,2,2,2,2,2,2,2,2,2,2,2,2,0,0,0
2008,1,97,2,10831,1,4,2,2,4,2,5,2,1,2,1,2,1,2,2,1,2,2,1,1,3,1,1,1,1,2,2,1,1,2,2,0,0,0
2008,1,73,1,10832,1,4,2,3,4,2,7,2,1,2,1,2,1,2,2,2,2,2,1,2,3,2,2,2,2,2,2,2,1,2,2,0,0,0
2008,1,97,1,10833,1,4,2,2,1,2,5,2,1,2,1,2,1,2,2,2,1,2,2,2,2,2,2,2,2,2,2,2,2,2,2,0,0,0
2008,1,117,1,10834,1,4,2,1,1,2,1,2,1,1,2,2,3,2,1,2,2,2,2,2,3,2,2,2,2,1,2,2,2,2,2,0,0,0
2008,1,73,1,10835,1,4,2,1,4,2,1,2,1,1,2,2,1,2,2,2,2,2,2,2,3,1,1,1,1,2,2,1,1,2,2,0,0,0
2008,1,39,1,10836,1,4,1,2,1,2,6,2,1,2,1,2,1,2,2,2,2,2,2,2,3,2,2,2,2,2,2,2,2,2,2,0,0,0
2008,1,117,1,10837,1,4,2,2,1,1,4,1,4,2,2,2,2,2,2,2,2,2,2,2,3,2,2,2,2,1,2,2,2,2,2,0,0,0
2008,1,73,1,10838,1,4,2,2,1,2,4,2,1,2,2,2,1,2,2,2,1,2,2,2,3,1,1,1,1,2,2,1,2,2,2,0,0,0
2008,1,55,1,10839,1,4,2,2,1,2,2,2,2,1,1,2,2,1,2,2,2,2,2,2,3,2,2,2,2,1,2,2,2,2,2,0,0,0
2008,1,49,1,10840,1,4,2,2,4,2,3,2,1,1,1,2,1,1,2,2,2,2,1,2,2,2,2,2,2,2,2,2,1,2,2,0,0,0
2008,1,45,1,10841,1,4,2,2,1,1,2,1,4,1,1,2,2,2,2,1,2,2,1,2,3,1,1,1,1,2,2,1,2,2,2,0,0,0
2008,1,113,1,10842,1,4,2,2,4,2,5,2,1,1,2,2,1,2,1,1,2,2,2,2,2,2,2,2,2,2,1,1,1,2,2,0,0,0
2008,1,117,1,10843,1,4,2,2,4,2,4,2,1,2,1,2,1,2,2,2,2,2,2,2,2,1,1,1,1,2,2,1,1,2,2,0,0,0
2008,1,101,1,10844,1,4,2,2,1,1,2,1,4,2,2,2,2,1,2,2,2,2,2,2,1,2,2,2,2,2,2,2,2,2,2,0,0,0
2008,1,69,1,10845,1,4,2,2,1,1,2,1,5,1,1,2,2,2,2,2,2,2,2,2,3,2,2,2,2,2,1,1,2,2,2,0,0,0
2008,1,101,1,10846,1,4,2,2,1,2,2,2,2,1,1,2,2,1,2,2,2,2,2,2,2,2,2,2,2,1,2,2,2,2,2,0,0,0
2008,1,27,1,10847,1,4,2,2,4,2,4,2,1,2,2,2,1,2,2,1,2,2,1,2,1,2,2,2,2,2,2,2,1,2,2,0,0,0
2008,1,55,1,10848,1,4,2,2,1,2,2,2,4,1,1,2,2,1,2,2,2,2,2,2,3,2,2,2,2,2,2,2,2,2,2,0,0,0
2008,1,73,2,10849,1,4,2,2,4,2,5,2,1,1,2,2,1,2,2,1,2,2,2,2,3,2,2,2,2,2,2,2,1,2,2,0,0,0
2008,1,73,1,10850,1,4,2,2,4,2,5,2,2,2,2,2,1,2,2,1,2,2,2,2,3,2,2,2,2,2,2,2,2,2,2,0,0,0
2008,1,73,1,10851,1,4,2,2,1,2,5,2,1,2,2,2,1,2,2,2,1,2,2,2,1,2,2,2,2,2,2,2,2,2,2,0,0,0
2008,1,73,1,10852,1,4,2,2,1,1,4,1,3,1,2,2,3,2,1,1,2,2,2,2,3,2,2,2,2,1,2,2,2,2,2,0,0,0
2008,1,73,1,10853,1,4,2,2,1,2,4,3,4,1,1,2,2,2,1,2,2,2,2,2,3,2,2,2,2,2,2,2,2,2,2,0,0,0
2008,1,73,1,10854,1,4,2,2,4,2,2,2,1,2,2,2,1,2,2,1,2,2,1,2,3,2,2,1,1,2,2,1,1,2,2,0,0,0
2008,1,73,1,10855,1,4,2,1,4,2,1,2,1,2,2,2,1,2,2,2,2,2,2,2,3,2,2,2,2,2,2,2,1,2,2,0,0,0
2008,1,73,1,10856,1,4,2,1,1,2,1,2,1,2,1,1,1,2,2,2,1,2,2,2,3,2,2,2,2,2,2,2,2,2,2,0,0,0
2008,1,73,1,10857,1,4,2,2,1,1,4,1,4,2,1,2,2,1,2,2,2,2,2,2,3,2,2,2,2,2,2,2,2,2,2,0,0,0
2008,1,73,1,10858,1,4,2,2,1,1,4,1,1,2,1,2,1,2,2,2,1,2,2,2,3,2,2,2,2,1,2,2,2,2,2,0,0,0
2008,1,97,1,10859,1,4,2,2,1,1,2,1,2,1,2,2,2,2,2,2,2,2,2,2,3,2,2,2,2,2,2,2,2,2,2,0,0,0
2008,1,97,1,10860,1,4,2,2,4,2,6,2,1,2,2,2,1,2,2,2,2,2,2,2,1,2,2,2,2,2,2,2,1,2,2,0,0,0
2008,1,77,1,10861,1,4,1,2,4,2,6,2,1,1,1,2,1,2,2,2,2,2,2,2,3,2,2,2,2,1,2,2,1,2,2,0,0,0
2008,1,101,1,10862,1,4,2,2,4,1,6,1,1,1,1,2,1,2,2,2,2,2,2,2,2,2,2,2,2,2,2,2,2,2,2,0,0,0
2008,1,89,1,10863,1,4,1,2,1,1,3,1,4,2,1,2,2,2,2,2,2,2,2,2,3,1,1,1,1,2,2,1,2,2,2,0,0,0
2008,1,97,1,10864,1,4,2,2,1,1,5,1,4,1,2,2,3,2,1,1,2,2,2,2,1,2,2,2,2,1,2,2,2,2,2,0,0,0
2008,1,73,1,10865,1,4,1,2,4,2,6,2,1,2,2,2,1,2,2,2,2,2,1,2,3,2,2,2,2,2,2,2,1,2,2,0,0,0
2008,1,97,1,10866,1,4,2,2,4,2,5,2,1,2,1,2,1,2,2,1,2,2,2,2,2,1,1,1,1,2,2,1,1,2,1,0,0,0
2008,1,73,1,10867,1,4,1,2,4,2,3,2,1,2,2,2,1,2,1,1,2,2,2,2,3,2,2,2,2,2,1,1,1,2,2,0,0,0
2008,1,73,2,10868,1,4,1,2,4,2,5,2,1,2,2,2,1,2,2,2,2,2,2,2,3,2,2,2,2,2,1,1,1,2,2,0,0,0
2008,1,97,1,10869,1,4,2,2,2,2,4,2,1,2,2,2,1,2,2,1,2,2,2,2,1,2,2,2,2,2,2,2,1,2,2,0,0,0
2008,1,97,1,10870,1,4,2,2,1,1,4,1,4,1,2,2,2,2,1,1,2,2,2,2,3,2,2,1,1,2,2,1,2,2,2,0,0,0
2008,1,117,1,10871,1,4,2,2,1,2,5,2,1,1,1,2,1,1,2,2,2,2,1,2,3,2,2,2,2,2,2,2,1,2,2,0,0,0
2008,1,49,1,10872,1,4,1,2,1,2,3,2,1,2,1,2,1,2,2,2,1,2,2,2,3,2,2,2,2,2,2,2,2,2,2,0,0,0
2008,1,103,1,10873,1,4,2,2,1,1,2,1,4,1,2,2,2,2,2,1,2,2,2,2,3,2,2,2,2,2,2,2,2,2,2,0,0,0
2008,1,117,1,10874,1,4,2,2,1,2,5,2,1,2,1,1,1,2,2,2,1,2,2,2,3,2,2,2,2,2,2,2,2,2,2,0,0,0
2008,1,89,1,10875,1,4,2,2,1,1,2,1,2,1,1,2,2,1,2,2,2,2,2,2,3,2,2,2,2,2,2,2,2,2,2,0,0,0
2008,1,61,1,10876,1,4,1,2,1,1,4,1,3,1,1,2,2,2,2,2,2,2,2,2,3,2,2,2,2,1,2,2,1,2,2,0,0,0
2008,1,73,1,10877,1,4,1,2,4,2,3,2,1,1,2,2,1,2,2,1,2,2,1,2,3,2,2,1,1,2,2,1,1,2,2,0,0,0
2008,1,73,2,10878,1,4,2,2,1,1,4,1,4,2,2,2,2,2,2,2,2,2,2,2,1,2,2,2,2,2,2,2,2,2,2,0,0,0
2008,1,73,3,10879,1,4,2,2,4,2,5,2,1,2,1,2,1,2,2,1,2,2,1,2,2,2,2,2,2,2,2,2,1,2,2,0,0,0
2008,1,19,1,10880,1,4,2,3,1,1,7,1,4,1,1,2,2,2,2,2,2,2,2,2,3,2,2,2,2,2,2,2,2,2,2,0,0,0
2008,1,73,1,10881,1,4,2,1,1,2,1,2,5,2,2,2,3,2,2,2,1,2,2,2,3,1,1,1,1,2,2,1,2,2,2,0,0,0
2008,1,73,1,10882,1,4,2,1,1,2,1,2,2,2,2,2,2,2,2,1,2,2,1,2,3,2,2,1,1,2,1,1,2,2,2,0,0,0
2008,1,15,1,10883,1,4,2,2,1,1,2,1,3,1,1,2,2,2,1,2,2,2,2,2,3,2,2,1,1,2,1,1,2,2,2,0,0,0
2008,1,97,1,10884,1,4,1,2,4,2,5,2,1,2,2,2,1,2,2,2,2,2,1,2,1,2,2,2,2,2,2,2,1,2,2,0,0,0
2008,1,31,1,10885,1,4,3,3,1,2,7,2,1,1,2,2,1,2,2,2,2,2,1,2,2,2,2,2,2,1,2,2,1,2,2,0,0,0
2008,1,79,1,10886,1,4,2,2,1,2,2,2,1,2,1,2,1,2,2,2,1,2,2,2,3,2,2,2,2,2,1,1,2,2,2,0,0,0
2008,1,73,2,10887,1,4,2,2,4,2,5,2,1,1,1,2,1,2,1,2,2,2,2,2,3,2,2,2,2,2,2,2,1,2,2,0,0,0
2008,1,73,1,10888,1,4,2,2,4,2,6,2,1,2,2,2,1,2,2,1,2,2,1,2,1,1,1,1,1,2,2,1,1,2,2,0,0,0
2008,1,97,1,10889,1,4,2,2,1,2,2,2,1,2,1,1,1,2,2,2,1,2,2,2,3,1,1,1,1,2,2,1,2,2,2,0,0,0
2008,1,3,1,10890,1,4,2,2,4,2,4,3,1,1,2,2,1,2,2,2,1,2,2,2,2,2,2,2,2,2,2,2,1,2,2,0,0,0
2008,1,3,1,10891,1,4,3,3,1,2,7,3,4,1,1,2,2,2,1,2,2,2,2,2,3,2,2,2,2,1,2,2,2,2,2,0,0,0
2008,2,122,1,20001,1,10,1,1,1,1,1,1,4,1,1,2,2,1,2,1,2,2,2,2,2,2,2,2,2,2,2,2,2,2,2,0,0,0
2008,2,122,1,20002,1,10,1,2,1,2,4,2,4,2,1,2,2,2,2,1,2,2,2,2,3,2,2,2,2,2,2,2,1,2,2,0,0,0
2008,2,170,3,20003,1,10,1,1,1,2,1,2,5,1,2,2,3,2,2,2,2,2,2,2,2,2,2,2,2,1,2,2,1,1,2,0,0,0
2008,2,170,1,20004,1,10,1,1,1,2,1,2,3,2,2,2,3,2,2,2,2,2,2,2,3,1,1,1,1,2,2,1,1,2,2,0,0,0
2008,2,20,1,20005,1,10,2,2,1,2,2,2,3,2,2,2,2,2,2,2,2,2,2,2,1,1,1,1,1,2,2,1,2,2,2,0,0,0
2008,2,240,1,20006,1,10,1,2,1,1,6,1,4,2,1,2,2,2,2,1,2,2,2,2,1,1,1,1,1,2,2,1,2,1,2,0,0,0
2008,2,150,1,20007,1,10,1,2,1,2,6,2,1,2,1,2,1,2,2,1,2,2,1,2,1,2,2,2,2,2,2,2,2,1,2,0,0,0
2008,2,122,1,20008,1,10,1,2,4,1,5,1,1,2,2,2,1,2,2,1,2,2,2,2,1,2,2,2,2,2,1,1,2,2,2,0,0,0
2008,2,122,1,20009,1,10,1,2,1,2,4,2,3,1,2,2,2,2,2,1,2,2,2,2,2,2,2,2,2,2,2,2,2,2,2,0,0,0
2008,2,20,1,20010,1,10,1,1,1,2,1,2,1,2,1,2,1,2,2,1,2,2,1,2,2,1,2,1,2,2,2,2,1,2,2,0,0,0
2008,2,68,1,20011,1,10,1,1,2,2,1,2,1,2,2,2,1,2,1,2,2,2,2,2,1,2,2,2,2,2,1,1,1,2,1,0,0,0
2008,2,122,1,20012,1,10,1,2,2,2,5,2,1,2,1,1,1,2,2,1,2,2,2,2,1,2,2,2,2,2,2,2,1,2,2,0,0,0
2008,2,150,1,20013,1,10,1,2,1,2,6,2,1,3,1,1,1,2,2,2,1,2,2,2,3,2,2,2,2,2,2,2,2,2,2,0,0,0
2008,2,290,1,20014,1,10,1,2,1,2,3,2,1,1,1,2,1,2,1,1,2,2,2,2,2,2,2,2,2,2,2,2,1,2,2,0,0,0
2008,2,20,1,20015,1,10,2,2,1,1,4,1,4,2,1,2,2,2,2,2,2,2,2,2,2,1,1,1,1,2,1,1,2,1,2,0,0,0
2008,2,20,1,20016,1,10,2,2,1,2,4,2,2,2,2,2,2,2,1,1,2,2,2,2,1,2,2,2,2,2,2,2,2,2,2,0,0,0
2008,2,20,1,20017,1,10,2,2,4,2,5,2,1,2,1,2,1,2,1,1,2,2,2,2,1,2,2,2,2,2,2,2,1,2,2,1,0,1
2008,2,122,1,20018,1,10,1,1,1,1,1,1,3,1,2,2,2,2,1,2,2,2,2,2,2,2,2,2,2,1,2,2,2,2,2,0,0,0
2008,2,90,1,20019,1,10,2,2,2,2,2,2,1,2,2,2,1,2,1,1,2,2,2,2,1,2,2,2,2,2,2,2,1,2,2,0,0,0
2008,2,122,1,20020,1,10,1,1,1,2,1,2,3,2,1,2,3,2,2,2,2,2,1,2,1,2,2,2,2,2,1,1,1,2,2,0,0,0
2008,2,170,4,20021,1,10,1,1,4,2,1,2,1,2,2,2,1,2,2,1,2,2,1,2,1,2,2,2,2,2,1,1,1,1,2,0,0,0
2008,2,170,1,20022,1,10,1,2,1,1,4,1,4,1,1,2,2,2,2,2,2,2,2,2,2,1,1,1,1,2,2,1,2,2,2,0,0,0
2008,2,20,1,20023,1,10,2,2,1,1,4,1,3,1,1,2,2,2,2,2,2,2,2,2,2,2,2,2,2,1,2,2,2,2,2,0,0,0
2008,2,20,1,20024,1,10,2,2,4,2,4,2,1,1,1,2,1,2,2,1,2,2,1,1,1,2,2,2,2,2,1,1,1,2,2,0,0,0
2008,2,122,1,20026,1,10,1,2,2,2,4,2,1,2,1,2,1,2,2,1,2,2,1,2,2,2,2,2,2,2,2,2,1,2,2,0,0,0
2008,2,20,2,20027,1,10,1,1,1,2,1,2,3,2,1,2,2,2,2,1,2,2,2,2,1,2,2,2,2,2,1,1,1,2,2,0,0,0
2008,2,290,1,20028,1,10,1,2,1,2,6,2,3,2,2,2,2,2,1,2,2,2,2,2,3,1,2,1,2,2,2,2,1,2,2,1,0,1
2008,2,122,1,20030,1,10,1,2,2,2,5,2,1,1,2,2,1,2,2,1,2,2,1,2,1,2,2,2,2,2,2,2,1,2,2,0,0,0
2008,2,122,1,20031,1,10,1,2,2,1,5,1,1,2,1,2,1,2,1,2,2,2,2,2,1,2,2,2,2,2,2,2,2,2,2,0,0,0
2008,2,122,1,20032,1,10,1,2,1,2,3,2,1,2,1,2,1,2,2,1,2,2,1,2,1,2,2,2,2,2,2,2,1,1,2,0,0,0
2008,2,20,2,20033,1,10,2,1,1,1,1,1,1,2,2,2,1,2,2,2,1,2,2,2,2,2,2,2,2,2,2,2,2,2,2,0,0,0
2008,2,180,1,20034,1,10,1,3,4,2,7,2,1,1,1,2,1,1,2,1,2,2,1,2,1,2,2,2,2,2,2,2,2,2,2,0,0,0
2008,2,90,1,20035,1,10,1,2,1,2,3,3,2,1,1,2,2,2,1,2,2,2,2,2,3,2,2,2,2,2,2,2,2,1,2,0,0,0
2008,2,20,1,20036,1,10,2,2,1,1,2,1,4,1,2,2,2,2,2,2,2,2,2,2,3,2,2,2,2,1,2,2,2,2,2,0,0,0
2008,2,20,1,20037,1,10,2,1,1,1,1,1,2,1,2,2,2,1,2,2,2,2,2,2,2,2,2,2,2,2,2,2,2,2,2,0,0,0
2008,2,170,1,20038,1,10,1,1,1,2,1,2,4,1,2,2,2,2,2,2,2,2,2,2,2,1,1,1,1,2,2,1,1,2,2,0,0,0
2008,2,180,1,20039,1,10,1,3,4,2,7,2,1,2,2,2,1,2,2,2,2,2,2,2,1,2,2,2,2,2,2,2,1,2,2,0,0,0
2008,2,170,1,20040,1,10,1,1,2,2,1,2,1,2,2,2,1,2,2,2,2,2,1,2,1,2,2,2,2,2,1,1,1,2,2,0,0,0
2008,2,170,1,20041,1,10,1,1,1,2,1,2,3,2,1,2,2,1,2,1,2,2,2,2,2,2,2,2,2,2,1,1,1,2,2,0,0,0
2008,2,290,1,20042,1,10,1,1,1,1,1,1,4,2,2,2,2,2,2,1,2,2,2,2,2,1,2,1,2,2,2,2,2,2,2,0,0,0
2008,2,20,1,20043,1,10,2,2,2,2,4,2,1,2,2,2,1,2,2,1,2,2,1,2,1,2,2,2,2,2,1,1,1,2,2,0,0,0
2008,2,20,1,20044,1,10,2,2,1,1,4,1,1,1,1,2,1,2,2,2,2,1,2,2,2,2,2,2,2,2,2,2,2,1,2,0,0,0
2008,2,122,1,20045,1,10,1,2,4,2,6,2,1,1,1,2,1,2,2,1,2,2,1,2,2,1,1,1,1,2,2,1,2,2,2,0,0,0
2008,2,170,1,20046,1,10,1,2,1,2,5,2,4,2,1,2,2,2,2,1,2,2,2,2,2,1,1,1,1,2,2,1,1,2,2,1,0,1
2008,2,122,1,20047,1,10,1,1,1,2,1,2,4,1,1,2,2,2,2,2,2,2,1,2,3,1,1,1,1,1,2,1,1,2,2,0,0,0
2008,2,122,1,20048,1,10,1,1,1,2,1,2,4,1,1,2,2,2,2,1,2,2,2,2,3,2,2,2,2,2,2,2,1,1,2,0,0,0
2008,2,68,1,20049,1,10,1,1,1,2,1,2,4,1,1,2,2,2,2,1,2,2,2,2,3,1,1,1,1,2,1,1,1,2,2,0,0,0
2008,2,90,1,20050,1,10,1,2,4,2,6,2,1,2,2,2,1,2,2,2,2,2,1,2,3,2,2,1,1,2,2,1,1,2,2,0,0,0
2008,2,20,1,20051,1,10,1,1,1,2,1,2,3,1,1,2,3,2,2,1,2,2,2,2,3,2,2,2,2,2,2,2,1,2,2,0,0,0
2008,2,201,1,20052,1,10,1,2,4,2,5,2,1,1,1,2,1,2,2,1,2,2,1,2,2,2,2,2,2,1,2,2,1,2,2,1,0,1
2008,2,261,1,20053,1,10,1,1,1,2,1,2,5,2,2,2,2,1,2,1,2,2,2,2,2,1,1,1,1,2,2,1,1,2,2,1,0,1
2008,2,170,1,20054,1,10,1,2,1,1,4,1,2,1,1,2,2,2,2,2,2,2,2,2,1,2,2,2,2,1,2,2,2,1,2,0,0,0
2008,2,20,1,20055,1,10,1,1,1,2,1,2,4,1,1,2,2,2,2,1,2,2,2,2,2,2,2,2,2,2,2,2,1,2,2,0,0,0
2008,2,20,1,20056,1,10,2,2,1,2,2,3,4,1,1,2,2,2,2,2,2,2,2,2,2,2,2,2,2,2,1,1,2,2,2,0,0,0
2008,2,240,1,20057,1,10,1,1,4,2,1,2,1,2,1,2,1,2,2,1,2,2,1,2,3,2,2,2,2,1,2,2,2,1,2,1,0,1
2008,4,15,2,40001,1,9,1,1,4,2,1,2,1,1,1,2,1,2,2,1,2,2,1,2,3,2,2,1,1,2,2,1,1,2,1,0,0,0
2008,4,25,1,40002,1,9,1,2,1,2,6,2,3,2,1,2,3,2,2,2,2,2,2,2,1,1,1,1,1,1,2,1,1,2,2,0,0,0
2008,4,13,1,40003,1,9,2,2,2,1,3,1,1,2,2,2,1,2,2,2,2,2,2,2,1,1,1,1,1,2,2,1,2,2,2,0,0,0
2008,4,25,1,40004,1,9,1,2,1,2,5,2,3,1,2,2,2,2,2,1,2,2,1,2,2,2,2,2,2,2,2,2,1,1,2,0,0,0
2008,4,15,1,40005,1,9,2,2,1,2,6,2,3,1,1,2,2,2,2,2,2,2,2,2,3,1,1,1,1,2,2,1,1,2,2,0,0,0
2008,4,13,1,40006,1,9,1,2,4,2,6,2,1,3,1,2,1,2,2,2,2,2,1,2,1,2,2,2,2,2,2,2,1,2,2,0,0,0
2008,4,13,1,40007,1,9,2,2,1,1,3,1,3,1,1,2,2,2,2,2,2,2,2,2,3,2,2,2,2,2,2,2,2,2,2,0,0,0
2008,4,15,1,40008,1,9,2,2,1,2,3,2,1,2,1,2,1,2,2,2,1,2,2,2,3,2,2,2,2,2,2,2,2,2,2,0,0,0
2008,4,21,1,40009,1,9,2,2,2,2,4,2,1,1,1,2,1,2,2,2,2,2,2,2,2,2,2,2,2,1,2,2,1,2,2,0,0,0
2008,4,13,1,40010,1,9,2,2,2,2,5,2,1,1,1,2,1,2,2,2,2,2,2,2,2,1,1,1,1,2,2,1,1,2,2,0,0,0
2008,4,13,1,40011,1,9,2,2,1,1,5,1,1,2,1,2,1,2,2,2,1,2,2,2,3,2,2,2,2,2,2,2,2,2,2,0,0,0
2008,4,13,1,40012,1,9,2,2,1,2,4,2,1,1,1,2,1,2,2,2,1,2,2,2,3,2,2,2,2,1,2,2,2,2,2,0,0,0
2008,4,19,1,40013,1,9,2,2,1,1,4,1,1,2,1,2,1,2,2,2,2,2,2,2,3,2,2,2,2,2,2,2,2,2,2,0,0,0
2008,4,27,1,40014,1,9,1,1,1,2,1,2,1,1,1,2,1,2,2,2,2,2,1,2,3,2,2,2,2,2,2,2,2,2,2,0,0,0
2008,4,12,1,40015,1,9,1,2,4,2,5,2,1,1,2,2,1,2,2,2,2,2,1,2,2,2,2,2,2,1,2,2,1,2,2,0,0,0
2008,4,23,1,40016,1,9,1,2,4,2,6,2,1,1,2,2,1,2,2,2,2,2,1,2,2,1,1,1,1,2,2,1,1,2,2,0,0,0
2008,4,13,1,40017,1,9,2,2,1,1,3,1,4,1,1,2,2,1,2,2,2,2,2,2,3,2,2,2,2,2,2,2,2,2,2,0,0,0
2008,4,19,1,40018,1,9,2,2,1,2,3,2,1,2,2,1,1,2,2,2,2,1,2,2,1,2,2,2,2,2,2,2,2,1,2,0,0,0
2008,4,17,1,40019,1,9,1,2,4,2,3,2,1,2,2,2,1,2,2,1,2,2,1,2,1,2,2,2,2,2,2,2,1,2,2,0,0,0
2008,4,13,1,40020,1,9,2,2,1,1,3,1,4,2,2,2,2,2,2,2,2,2,2,2,2,2,2,2,2,2,2,2,2,2,2,0,0,0
2008,4,21,1,40021,1,9,1,2,4,2,6,2,1,1,1,2,1,2,2,1,2,2,1,2,2,2,2,2,2,2,2,2,1,2,2,0,0,0
2008,4,25,1,40022,1,9,1,1,4,2,1,2,1,1,1,2,1,2,2,2,2,2,1,2,2,2,2,2,2,1,2,2,1,2,2,0,0,0
2008,4,13,2,40023,1,9,2,2,4,2,2,3,1,1,2,2,1,2,2,2,2,2,2,2,2,2,2,2,2,1,2,2,1,2,2,0,0,0
2008,4,27,1,40024,1,9,2,2,2,1,4,1,1,2,2,2,1,2,2,2,2,2,2,2,3,2,2,2,2,2,2,2,2,2,2,0,0,0
2008,4,27,2,40025,1,9,1,2,1,1,4,1,4,2,1,2,2,1,2,2,2,2,2,2,1,2,2,2,2,2,2,2,2,2,2,0,0,0
2008,4,13,1,40026,1,9,2,2,1,1,4,1,4,1,1,2,2,2,2,1,2,2,1,2,3,2,2,2,2,2,2,2,2,1,2,0,0,0
2008,4,13,1,40027,1,9,2,2,1,2,5,2,3,2,2,2,2,2,2,2,2,2,2,2,1,2,2,2,2,2,2,2,2,2,2,0,0,0
2008,4,3,1,40028,1,9,1,2,4,2,5,2,1,2,2,2,1,2,2,1,2,2,1,2,1,2,2,2,2,2,2,2,1,2,2,0,0,0
2008,4,15,1,40029,1,9,1,2,1,2,3,2,1,1,2,2,1,2,2,2,2,2,1,2,2,1,1,1,1,2,2,1,1,2,1,0,0,0
2008,4,19,1,40030,1,9,2,2,1,1,3,1,1,1,1,1,1,2,2,2,1,2,2,2,3,2,2,2,2,2,2,2,2,2,2,0,0,0
2008,4,19,1,40031,1,9,2,1,1,2,1,2,3,1,1,2,2,2,2,2,2,2,1,2,3,2,2,2,2,1,2,2,2,1,2,0,0,0
2008,4,19,2,40032,1,9,1,1,1,1,1,1,4,1,2,2,2,2,2,2,2,2,2,2,3,2,2,2,2,2,2,2,2,1,2,0,0,0
2008,4,13,1,40033,1,9,2,2,1,2,5,2,1,2,1,2,1,2,2,2,1,2,2,2,2,2,2,2,2,1,2,2,2,2,2,0,0,0
2008,4,12,2,40034,1,9,1,1,1,2,1,2,3,2,2,2,3,2,2,2,2,2,2,2,1,2,2,2,2,2,2,2,2,2,2,0,0,0
2008,4,13,1,40035,1,9,2,2,2,2,5,2,1,2,1,2,1,2,2,1,2,2,1,2,1,2,2,2,2,2,1,1,1,2,2,0,0,0
2008,4,19,1,40036,1,9,2,2,1,2,3,2,2,2,1,2,2,2,1,1,2,2,1,2,1,1,1,1,1,2,1,1,2,2,2,0,0,0
2008,4,21,1,40037,1,9,2,2,2,2,2,2,1,2,2,2,1,2,2,1,2,2,1,2,1,2,2,2,2,2,2,2,1,2,2,0,0,0
2008,4,19,1,40038,1,9,2,2,1,1,4,1,4,1,2,2,2,2,2,2,2,2,2,2,3,2,2,2,2,1,2,2,2,2,2,0,0,0
2008,4,19,1,40039,1,9,2,2,3,2,4,2,1,1,2,2,2,2,1,1,2,2,2,2,3,1,1,1,1,2,2,1,1,1,2,0,0,0
2008,4,15,1,40040,1,9,1,2,1,2,3,2,3,2,2,2,2,1,2,2,2,2,2,2,3,2,2,1,1,2,2,1,1,2,2,0,0,0
2008,4,23,1,40041,1,9,2,1,3,2,1,2,1,1,1,2,1,2,2,1,2,2,1,2,3,2,2,2,2,2,2,2,1,2,2,0,0,0
2008,4,27,1,40042,1,9,1,2,1,2,3,2,1,2,1,1,1,2,2,2,1,2,2,2,3,2,2,2,2,2,2,2,2,1,2,0,0,0
2008,4,19,1,40043,1,9,2,2,1,1,3,1,5,1,1,2,3,2,2,2,2,2,1,2,3,2,2,2,2,2,1,1,2,2,2,0,0,0
2008,4,13,1,40044,1,9,2,2,2,2,2,2,1,2,2,2,1,2,1,1,2,2,2,2,1,2,2,2,2,2,2,2,1,2,2,0,0,0
2008,4,21,1,40045,1,9,1,2,3,2,5,2,1,1,2,2,2,2,2,1,2,2,1,2,3,2,2,2,2,2,2,2,1,2,2,0,0,0
2008,4,25,1,40046,1,9,2,2,1,2,4,2,1,1,2,2,2,2,1,1,2,2,2,2,1,2,2,2,2,2,2,2,2,2,2,0,0,0
2008,4,15,1,40047,1,9,1,1,3,2,1,3,1,2,2,2,3,1,2,1,2,2,1,2,1,2,2,2,2,1,2,2,1,2,2,0,0,0
2008,4,21,1,40048,1,9,1,2,1,2,4,2,3,2,2,2,2,1,2,2,2,2,2,2,3,1,1,1,1,2,2,1,1,2,1,0,0,0
2008,4,27,2,40049,1,9,1,2,4,2,5,2,1,2,2,2,1,2,2,1,2,2,1,2,1,1,1,1,1,2,2,1,1,2,2,0,0,0
2008,4,21,1,40050,1,9,1,2,4,2,5,2,1,1,2,2,1,2,1,1,2,2,2,2,2,2,2,2,2,2,2,2,1,2,2,0,0,0
2008,4,13,1,40051,1,9,2,2,1,2,2,3,1,1,2,2,2,2,2,1,2,2,1,2,3,2,2,2,2,1,2,2,1,2,2,0,0,0
2008,4,13,2,40052,1,9,2,2,1,1,3,1,4,1,2,2,3,2,2,2,2,2,2,2,3,2,2,1,1,1,2,1,2,2,2,0,0,0
2008,4,21,1,40053,1,9,1,2,1,2,4,2,4,2,2,2,2,1,2,2,2,2,2,2,2,2,2,2,2,2,2,2,2,2,2,1,0,1
2008,4,13,1,40054,1,9,1,2,4,1,5,1,1,1,2,2,1,2,2,1,2,2,1,2,2,1,1,1,1,2,2,1,2,2,2,0,0,0
2008,4,13,1,40055,1,9,2,2,1,2,3,2,1,2,1,2,1,2,2,2,1,2,2,2,3,2,2,2,2,2,2,2,2,2,2,1,0,1
2008,4,19,1,40056,1,9,2,2,1,2,4,2,2,2,1,2,3,2,2,1,2,2,1,2,1,2,2,2,2,2,1,1,2,2,2,0,0,0
2008,4,21,1,40057,1,9,1,2,1,2,4,2,4,2,1,2,2,1,2,2,2,2,2,2,2,2,2,2,2,1,2,2,1,2,2,0,0,0
2008,4,13,1,40058,1,9,2,2,1,2,4,2,1,1,1,2,1,1,2,1,2,1,2,2,3,2,2,2,2,1,2,2,2,2,2,0,0,0
2008,4,13,1,40059,1,9,2,2,1,2,4,2,3,1,1,2,2,1,2,2,2,2,2,2,2,2,2,2,2,2,1,1,2,1,2,0,0,0
2008,4,19,1,40060,1,9,2,2,1,2,3,2,1,2,1,2,1,2,2,2,1,2,2,2,3,2,2,2,2,2,2,2,2,2,2,0,0,0
2008,4,3,1,40061,1,9,1,1,1,2,1,2,1,1,1,2,1,2,2,1,2,2,1,2,3,2,2,2,2,2,2,2,2,2,2,0,0,0
2008,4,13,1,40062,1,9,2,2,4,2,2,2,1,1,1,2,1,2,2,2,2,2,1,2,2,2,2,2,2,1,2,2,2,2,2,0,0,0
2008,4,13,1,40063,1,9,2,2,1,2,3,3,4,2,1,2,2,2,1,2,2,2,2,2,3,2,2,2,2,2,2,2,2,2,2,0,0,0
2008,4,5,1,40064,1,9,1,2,4,2,3,2,1,1,2,2,1,2,2,2,2,2,1,2,3,2,2,2,2,2,1,1,1,1,2,0,0,0
2008,4,13,1,40065,1,9,2,2,1,2,6,2,1,1,2,2,1,2,1,2,2,2,2,2,2,2,2,2,2,2,2,2,2,1,2,0,0,0
2008,4,21,1,40066,1,9,1,1,2,2,1,3,2,2,1,2,1,2,2,1,2,2,2,2,2,2,2,2,2,2,2,2,1,2,2,1,0,1
2008,4,15,1,40067,1,9,1,2,4,2,5,2,1,2,2,2,1,2,2,1,2,2,1,2,1,2,2,2,2,2,2,2,1,2,2,0,0,0
2008,4,17,1,40068,1,9,1,2,4,2,3,2,1,1,2,2,1,2,2,1,2,2,1,2,3,2,2,2,2,2,1,1,1,2,2,0,0,0
2008,4,21,1,40069,1,9,1,2,3,2,4,2,1,2,2,2,1,2,2,1,2,2,1,2,1,1,1,1,1,2,2,1,1,2,2,0,0,0
2008,4,25,1,40070,1,9,1,1,3,2,1,2,1,1,2,2,1,2,2,2,2,2,1,2,3,2,2,2,2,2,1,1,1,2,2,0,0,0
2008,4,13,1,40071,1,9,2,2,1,2,4,2,1,2,2,2,1,2,2,2,1,2,2,2,3,2,2,2,2,2,2,2,2,2,2,0,0,0
2008,4,5,1,40072,1,9,2,1,1,2,1,2,5,1,1,2,3,2,2,2,2,2,2,2,3,2,2,2,2,1,2,2,2,2,2,0,0,0
2008,4,23,1,40073,1,9,1,2,1,1,5,1,2,1,1,2,2,2,2,1,2,2,2,2,3,2,2,2,2,2,1,1,2,1,2,0,0,0
2008,4,27,1,40074,1,9,1,2,1,2,6,2,3,1,1,2,2,2,2,2,2,2,1,2,3,2,2,2,2,2,2,2,1,2,2,0,0,0
2008,4,19,1,40075,1,9,2,2,1,1,3,1,4,1,1,2,2,1,2,2,2,2,2,2,3,2,2,2,2,2,1,1,2,2,2,0,0,0
2008,4,25,1,40076,1,9,1,2,1,2,5,2,1,1,1,2,1,2,2,1,2,2,1,2,2,2,2,2,2,1,2,2,1,1,2,0,0,0
2008,4,25,2,40077,1,9,1,2,1,1,3,1,4,1,1,2,3,2,2,2,2,2,2,2,3,2,2,2,2,1,2,2,2,2,2,0,0,0
2008,4,21,1,40078,1,9,1,1,4,2,1,2,1,1,1,2,1,2,2,1,2,2,1,2,2,2,2,2,2,2,2,2,1,2,2,0,0,0
2008,4,19,1,40079,1,9,2,2,1,1,4,1,1,1,1,2,1,2,2,2,2,1,2,2,3,2,2,2,2,2,2,2,2,2,2,0,0,0
2008,4,13,1,40080,1,9,2,2,2,2,4,2,1,2,2,2,1,2,2,1,2,2,1,2,2,2,2,2,2,2,2,2,1,2,2,0,0,0
2008,4,13,1,40081,1,9,2,2,1,2,3,2,1,1,2,2,1,2,1,2,1,2,2,2,2,2,2,2,2,2,2,2,2,2,2,0,0,0
2008,4,13,1,40082,1,9,2,2,1,2,4,2,1,1,2,2,1,2,2,2,2,2,2,2,2,2,2,2,2,2,2,2,2,2,2,0,0,0
2008,4,13,1,40083,1,9,2,1,1,2,1,3,2,1,1,2,3,1,2,1,2,2,2,2,3,2,2,2,2,2,1,1,2,1,2,0,0,0
2008,4,13,1,40084,1,9,2,1,1,2,1,2,2,2,1,2,2,2,1,1,2,2,2,2,1,2,2,2,2,2,1,1,2,2,2,0,0,0
2008,4,13,1,40085,1,9,2,2,1,1,5,1,4,1,2,2,2,2,1,2,2,2,2,2,2,2,2,2,2,2,2,2,2,2,2,0,0,0
2008,4,13,1,40086,1,9,2,2,1,1,3,1,2,2,2,2,2,2,2,1,2,2,1,2,1,2,2,1,1,2,2,1,2,2,2,0,0,0
2008,4,13,1,40087,1,9,2,2,1,2,3,3,4,1,1,2,2,2,2,2,2,2,2,2,2,2,2,2,2,2,2,2,2,2,2,0,0,0
2008,4,1,1,40088,1,9,1,2,4,2,4,2,1,1,1,2,2,2,1,1,2,2,2,2,3,2,2,1,1,2,2,1,1,2,1,0,0,0
2008,4,13,1,40089,1,9,2,2,1,1,3,1,2,2,1,2,2,2,2,1,2,2,2,2,1,2,2,2,2,2,2,2,2,2,2,0,0,0
2008,4,13,1,40090,1,9,2,2,1,1,3,1,1,1,1,2,1,2,2,2,1,2,2,2,2,2,2,2,2,2,2,2,2,2,2,0,0,0
2008,4,13,1,40091,1,9,2,2,1,2,3,2,1,1,1,2,1,2,2,2,1,2,2,2,2,2,2,2,2,2,2,2,2,2,2,0,0,0
2008,4,13,1,40092,1,9,2,2,4,2,3,2,1,1,1,2,2,2,2,1,1,2,2,2,3,2,2,2,2,2,2,2,2,2,2,0,0,0
2008,4,13,1,40093,1,9,2,2,1,2,4,3,4,1,1,2,2,1,1,1,2,2,2,2,3,2,2,2,2,1,2,2,2,2,2,0,0,0
2008,4,19,1,40094,1,9,1,2,4,2,6,2,1,1,1,2,1,2,2,1,2,2,1,2,3,2,2,2,2,2,2,2,1,1,2,1,1,1
2008,4,13,1,40095,1,9,2,2,4,1,3,1,1,1,2,2,1,2,2,1,2,2,2,2,2,2,2,2,2,2,2,2,2,2,2,0,0,0
2008,4,13,2,40096,1,9,1,1,1,2,1,2,6,2,1,2,2,1,2,1,2,2,1,2,3,2,2,2,2,2,1,1,2,1,2,0,0,0
2008,4,13,1,40097,1,9,2,2,1,1,5,1,4,2,2,2,2,2,2,2,2,2,1,2,1,2,2,2,2,2,2,2,2,2,2,0,0,0
2008,4,13,1,40098,1,9,2,2,1,2,3,2,1,2,2,1,1,2,2,2,1,2,2,2,2,2,2,2,2,2,1,1,2,2,2,0,0,0
2008,4,13,1,40099,1,9,2,2,1,2,3,2,1,2,2,2,1,2,2,2,1,2,2,2,2,2,2,2,2,1,2,2,2,2,2,0,0,0
2008,4,13,3,40100,1,9,2,2,1,2,4,2,4,2,2,2,2,2,2,1,2,2,2,2,2,2,2,2,2,2,2,2,1,2,2,0,0,0
2008,4,13,1,40101,1,9,2,2,1,2,4,3,4,2,1,1,2,2,2,2,2,2,2,2,3,1,1,1,1,2,2,1,2,2,2,0,0,0
2008,4,13,1,40102,1,9,2,2,1,2,3,2,3,1,1,2,2,2,2,2,2,2,2,2,3,2,2,2,2,2,2,2,1,2,2,0,0,0
2008,4,13,1,40103,1,9,2,2,1,1,3,1,4,2,1,2,2,2,1,2,2,2,2,2,3,2,2,2,2,2,2,2,2,2,2,0,0,0
2008,4,13,1,40104,1,9,2,2,4,2,3,2,1,2,1,2,1,2,2,1,2,2,1,2,2,2,2,2,2,2,2,2,1,2,2,0,0,0
2008,4,13,1,40105,1,9,2,2,2,2,4,2,1,1,2,2,1,2,2,1,2,2,2,2,1,2,2,2,2,2,2,2,1,2,2,0,0,0
2008,4,13,1,40106,1,9,2,2,1,2,2,2,2,2,2,2,3,2,2,1,2,2,2,2,3,2,2,1,1,2,1,1,2,1,2,0,0,0
2008,4,15,1,40107,1,9,1,2,1,2,4,3,2,2,2,2,3,2,2,1,2,2,2,2,3,2,2,2,2,1,2,2,2,2,2,0,0,0
2008,4,19,1,40108,1,9,1,1,3,2,1,2,1,2,2,2,1,2,2,2,2,2,2,2,1,2,2,2,2,2,2,2,1,2,2,0,0,0
2008,4,12,1,40109,1,9,1,2,1,2,3,2,1,2,1,2,1,2,2,2,1,2,2,2,2,2,2,2,2,2,2,2,2,2,2,0,1,1
2008,4,13,1,40110,1,9,2,2,2,2,4,2,1,2,1,2,1,2,2,1,2,2,2,2,2,2,2,2,2,2,2,2,1,2,2,0,0,0
2008,4,13,1,40111,1,9,2,2,3,2,3,2,1,2,2,2,1,2,2,1,2,2,2,2,1,2,2,2,2,2,2,2,1,1,2,0,0,0
2008,4,13,1,40112,1,9,1,2,1,1,5,1,5,1,1,2,2,2,2,1,2,2,1,2,3,2,2,2,2,2,2,2,2,2,2,0,0,0
2008,4,13,1,40113,1,9,2,2,1,2,5,2,2,2,2,2,2,2,1,1,2,2,2,2,1,2,2,2,2,2,2,2,2,1,2,0,0,0
2008,4,13,2,40114,1,9,2,2,3,2,3,2,1,2,2,2,1,2,2,1,2,2,1,2,1,2,2,2,2,2,2,2,1,2,2,0,0,0
2008,4,27,1,40115,1,9,2,2,4,2,4,2,1,2,2,2,1,2,2,1,2,2,1,2,1,2,2,2,2,2,1,1,1,2,2,0,0,0
2008,4,21,1,40116,1,9,1,1,1,2,1,2,1,1,2,2,1,2,2,1,2,2,1,2,3,2,2,2,2,2,2,2,1,2,2,0,0,0
2008,4,19,1,40117,1,9,2,2,1,1,5,1,1,1,2,2,1,2,1,1,1,2,2,2,3,2,2,2,2,2,1,1,2,2,2,0,0,0
2008,4,13,1,40118,1,9,1,1,4,2,1,2,1,1,2,2,1,2,2,2,2,2,1,2,3,2,2,1,1,2,2,1,1,1,2,0,0,0
2008,4,19,2,40119,1,9,1,1,4,2,1,2,1,2,2,2,1,2,2,2,2,2,2,2,3,2,2,2,2,2,2,2,1,2,2,1,1,1
2008,4,13,1,40120,1,9,1,2,1,2,5,2,4,1,1,2,2,2,2,2,2,2,1,2,3,2,2,2,2,2,2,2,2,1,2,0,0,0
2008,4,17,1,40121,1,9,1,2,4,2,5,2,1,1,1,2,1,2,2,2,2,2,1,2,1,2,2,2,2,2,1,1,1,2,2,1,1,1
2008,4,13,1,40122,1,9,2,2,4,2,3,2,1,1,1,2,1,2,2,2,2,2,2,2,2,2,2,2,2,1,2,2,1,2,2,0,0,0
2008,4,25,1,40123,1,9,1,2,1,2,3,2,3,1,1,2,3,1,2,2,2,2,1,2,3,2,2,2,2,2,2,2,1,2,2,0,0,0
2008,4,19,1,40124,1,9,2,2,1,2,4,2,4,2,2,1,2,2,2,2,2,2,2,2,3,1,1,1,1,2,2,1,2,2,2,0,0,0
2008,4,5,1,40125,1,9,1,1,3,2,1,2,1,1,2,2,1,2,2,2,2,2,1,2,3,2,2,2,2,2,2,2,1,2,2,0,0,0
2008,4,7,1,40126,1,9,1,2,2,2,3,2,1,1,2,2,1,2,1,1,2,2,2,2,2,2,2,1,1,2,2,1,1,2,2,0,0,0
2008,4,21,1,40127,1,9,2,2,1,2,2,3,1,2,1,2,1,2,2,2,1,2,2,2,2,2,2,2,2,2,2,2,2,2,2,0,0,0
2008,4,21,1,40128,1,9,2,2,1,1,3,1,1,2,2,2,1,2,2,2,1,2,2,2,1,2,2,2,2,2,2,2,2,2,2,0,0,0
2008,4,13,1,40129,1,9,2,2,1,1,4,1,4,1,2,2,2,1,2,2,2,2,2,2,2,2,2,2,2,2,2,2,2,2,2,0,0,0
2008,4,21,2,40130,1,9,1,1,3,2,1,2,1,1,2,2,1,2,2,2,2,2,1,2,2,2,2,2,2,2,2,2,2,2,2,0,0,0
2008,4,19,1,40131,1,9,2,2,1,2,6,2,1,1,1,2,1,2,1,2,2,2,2,2,3,2,2,2,2,2,2,2,2,2,2,0,0,0
2008,4,21,1,40132,1,9,2,2,1,2,3,2,1,2,1,2,1,2,1,2,1,2,2,2,3,2,2,2,2,2,2,2,2,2,2,0,0,0
2008,4,19,1,40133,1,9,1,2,1,2,6,2,2,2,2,2,2,2,2,1,2,2,2,2,1,2,2,2,2,2,1,1,2,2,2,0,0,0
2008,4,23,1,40134,1,9,1,2,1,2,5,2,1,2,2,2,1,2,2,1,2,2,1,2,2,1,1,1,1,2,2,1,1,1,2,0,0,0
2008,4,17,1,40135,1,9,1,2,1,1,5,1,1,2,2,1,1,2,2,2,1,2,2,2,3,2,2,2,2,2,2,2,2,2,2,0,0,0
2008,4,1,1,40136,1,9,1,1,3,2,1,2,1,1,2,2,1,2,2,2,2,2,1,2,2,2,2,2,2,2,2,2,1,2,2,0,1,1
2008,4,13,1,40137,1,9,1,2,2,2,3,2,1,1,2,2,1,2,1,2,2,2,2,2,2,2,2,2,2,2,1,1,1,1,2,0,1,1
2008,4,13,1,40138,1,9,2,2,1,1,3,1,1,2,2,2,1,2,2,2,1,2,2,2,3,2,2,1,1,2,2,1,2,2,2,0,0,0
2008,4,13,1,40139,1,9,2,2,1,1,3,1,4,2,2,2,2,1,2,2,2,2,2,2,3,2,2,2,2,1,2,2,2,2,2,0,0,0
2008,4,19,1,40140,1,9,1,2,4,2,5,2,1,1,1,2,1,2,2,1,2,2,1,2,1,2,2,2,2,2,2,2,1,2,2,0,0,0
2008,4,13,1,40141,1,9,2,2,1,1,4,1,2,1,1,2,2,2,2,1,2,2,2,2,2,2,2,2,2,1,2,2,2,2,2,0,0,0
2008,4,19,1,40142,1,9,2,2,4,2,5,2,1,1,1,2,1,2,2,1,2,2,1,2,1,2,2,2,2,2,1,1,1,2,2,0,0,0
2008,4,5,2,40144,1,9,1,2,1,2,3,2,5,1,1,2,3,2,2,2,2,2,1,2,1,2,2,2,2,1,2,2,2,2,2,1,1,1
2008,4,13,1,40145,1,9,2,2,1,1,3,1,3,1,1,2,3,1,2,2,2,2,2,2,3,2,2,1,1,1,2,1,2,2,2,0,0,0
2008,4,25,1,40146,1,9,2,2,4,2,6,2,1,1,1,2,1,2,2,2,2,2,1,2,2,2,2,2,2,2,2,2,1,2,2,0,0,0
2008,4,13,1,40147,1,9,2,2,1,1,3,1,2,2,2,2,3,2,1,1,2,2,2,2,3,1,1,1,1,2,2,1,2,2,2,0,0,0
2008,4,5,1,40148,1,9,1,2,4,2,5,2,1,1,2,2,1,2,2,1,2,2,1,2,3,2,2,2,2,2,2,2,1,1,2,0,0,0
2008,4,19,1,40149,1,9,1,2,2,2,5,2,1,1,1,2,1,2,1,2,2,2,2,2,2,1,1,1,1,2,2,1,1,2,2,0,0,0
2008,4,13,2,40150,1,9,1,1,1,2,1,2,5,2,1,1,3,1,2,1,2,2,1,2,3,2,2,2,2,2,2,2,2,1,2,0,0,0
2008,4,21,1,40151,1,9,1,2,1,2,4,2,3,1,1,2,2,1,2,2,2,2,2,2,3,2,2,2,2,1,2,2,1,2,2,0,0,0
2008,4,21,1,40152,1,9,1,2,4,2,6,2,1,2,2,2,1,2,2,1,2,2,1,2,1,1,1,1,1,2,2,1,1,2,2,0,0,0
2008,4,3,1,40153,1,9,2,2,1,1,3,1,4,1,2,2,2,2,1,2,2,2,2,2,1,2,2,2,2,2,2,2,2,2,2,0,0,0
2008,4,15,1,40154,1,9,1,1,4,2,1,2,1,1,2,2,1,2,1,1,2,2,2,2,1,2,2,2,2,2,2,2,1,2,2,0,0,0
2008,4,13,1,40155,1,9,2,2,4,2,6,2,1,1,2,2,1,2,2,2,2,2,2,2,1,2,2,2,2,2,2,2,1,2,2,1,1,1
2008,4,13,1,40156,1,9,2,2,3,2,3,2,1,2,1,2,2,2,2,1,2,2,1,2,1,1,1,1,1,2,2,1,1,1,2,0,0,0
2008,4,5,1,40157,1,9,1,1,4,2,1,2,1,2,1,2,1,2,2,2,2,2,1,2,2,2,2,2,2,2,2,2,1,2,2,0,0,0
2008,4,1,1,40158,1,9,1,2,4,2,3,2,1,2,2,2,1,2,2,1,2,2,1,2,3,2,2,2,2,2,2,2,2,2,2,0,0,0
2008,4,5,1,40159,1,9,1,1,1,2,1,2,2,1,2,2,3,1,2,1,2,2,2,2,3,2,2,2,2,1,2,2,1,2,2,0,0,0
2008,4,5,1,40160,1,9,1,1,1,2,1,2,1,1,2,1,2,1,2,2,1,2,2,2,3,2,2,2,2,2,2,2,2,2,2,0,0,0
2008,4,13,1,40161,1,9,2,2,1,2,3,2,1,1,1,2,1,2,2,2,1,2,2,2,2,2,2,2,2,2,2,2,2,2,2,0,0,0
2008,4,13,1,40162,1,9,2,2,1,2,3,2,1,2,1,2,1,2,2,2,1,2,2,2,2,2,2,2,2,2,2,2,2,2,2,0,0,0
2008,4,13,1,40163,1,9,2,2,1,1,3,1,1,1,1,2,1,1,2,2,1,2,2,2,3,2,2,2,2,2,2,2,2,2,2,0,0,0
2008,4,13,2,40164,1,9,2,2,1,1,5,1,4,2,2,2,2,2,2,2,2,2,2,2,1,2,2,2,2,2,2,2,2,2,2,0,0,0
2008,4,19,1,40165,1,9,2,1,3,2,1,3,1,2,2,2,1,2,2,1,2,2,1,2,3,1,1,1,1,2,2,1,1,2,1,0,0,0
2008,4,13,1,40166,1,9,2,2,1,2,3,3,6,1,1,2,2,2,1,2,2,2,2,2,3,2,2,2,2,2,1,1,2,2,2,0,0,0
2008,4,13,1,40167,1,9,2,2,1,1,4,1,4,2,2,2,2,2,1,1,2,2,2,2,1,2,2,1,1,2,1,1,2,2,2,0,0,0
2008,4,19,1,40168,1,9,1,2,4,2,6,2,1,1,2,2,1,2,2,1,2,2,1,2,1,2,2,2,2,2,2,2,1,2,2,1,1,1
2008,4,13,1,40169,1,9,2,2,4,2,2,3,1,2,1,2,1,2,2,2,2,2,2,2,2,2,2,2,2,2,1,1,1,2,2,0,0,0
2008,4,5,1,40170,1,9,2,2,1,2,6,2,1,2,1,2,1,2,2,2,1,2,2,2,3,2,2,2,2,1,2,2,2,2,2,1,1,1
2008,4,13,1,40171,1,9,2,2,1,1,3,1,4,2,1,2,2,2,2,1,2,2,1,2,2,2,2,2,2,2,1,1,2,2,2,0,0,0
2008,4,13,1,40172,1,9,2,2,1,1,3,1,4,1,1,2,2,2,1,2,2,2,2,2,2,1,1,1,1,2,2,1,2,2,2,0,0,0
2008,4,13,1,40173,1,9,2,2,1,2,4,2,1,2,1,2,1,2,2,2,1,2,2,2,2,2,2,2,2,2,2,2,2,2,2,0,0,0
2008,4,13,1,40174,1,9,2,2,1,1,6,1,1,2,1,2,1,2,2,2,1,2,2,2,2,2,2,2,2,2,2,2,2,1,2,0,0,0
2008,4,12,1,40175,1,9,1,2,4,2,5,2,1,1,2,2,1,2,2,2,2,2,2,2,1,1,2,1,2,2,2,2,1,2,2,0,0,0
2008,4,15,1,40176,1,9,2,2,1,2,4,2,1,2,1,2,1,2,2,2,1,2,2,2,3,2,2,2,2,2,2,2,2,2,2,0,0,0
2008,4,13,1,40177,1,9,2,2,1,1,3,1,4,1,2,2,2,2,2,1,2,2,2,2,3,2,2,2,2,2,2,2,2,2,2,0,0,0
2008,4,13,1,40178,1,9,2,2,1,2,4,2,1,2,1,1,2,2,2,2,1,2,2,2,3,2,2,2,2,2,2,2,2,2,2,0,0,0
2008,4,13,1,40179,1,9,2,2,1,2,4,2,1,2,2,1,1,2,2,2,1,2,2,2,3,2,2,2,2,2,2,2,2,2,2,0,0,0
2008,4,13,2,40180,1,9,2,1,1,2,1,2,3,2,2,2,3,2,2,2,2,2,1,2,3,2,2,2,2,2,2,2,2,2,2,0,0,0
2008,4,13,1,40182,1,9,2,2,1,1,6,1,4,2,2,2,2,2,2,2,2,2,2,2,3,2,2,2,2,2,2,2,2,2,2,0,0,0
2008,4,13,1,40183,1,9,2,2,1,1,4,1,4,1,1,2,2,2,2,2,2,2,2,2,2,2,2,2,2,1,2,2,2,2,2,0,0,0
2008,4,19,1,40184,1,9,2,2,1,1,3,1,4,1,1,2,3,2,2,2,2,2,2,2,3,1,1,1,1,1,2,1,2,2,2,0,0,0
2008,4,19,1,40185,1,9,2,2,1,2,4,3,1,1,1,2,3,2,2,1,2,2,2,2,1,1,1,1,1,1,2,1,2,2,2,0,0,0
2008,4,27,1,40186,1,9,2,2,1,1,6,1,1,2,1,2,1,2,2,2,1,2,2,2,2,2,2,2,2,2,1,1,2,1,2,0,0,0
2008,4,13,1,40187,1,9,2,2,1,1,3,1,4,1,1,2,2,2,1,1,2,2,2,2,2,2,2,2,2,2,1,1,2,2,2,0,0,0
2008,4,13,1,40188,1,9,1,1,4,2,1,2,1,1,1,2,1,2,2,2,2,2,1,2,3,2,2,2,2,2,2,2,1,1,2,0,0,0
2008,4,17,1,40189,1,9,1,2,4,2,5,2,1,1,1,2,1,2,2,1,2,2,1,2,3,2,2,2,2,1,2,2,1,1,2,0,0,0
2008,4,19,1,40190,1,9,1,1,3,2,1,2,1,2,1,2,1,2,1,2,2,2,2,2,2,2,2,2,2,1,2,2,1,2,2,0,0,0
2008,4,13,1,40191,1,9,2,2,1,2,4,3,4,2,2,2,2,2,1,2,2,2,2,2,3,2,2,2,2,1,2,2,2,2,2,0,0,0
2008,4,21,1,40192,1,9,2,2,1,2,6,2,1,2,2,2,1,2,2,2,1,2,2,2,3,2,2,2,2,2,2,2,2,2,2,0,0,0
2008,4,13,1,40193,1,9,2,2,4,2,6,2,1,1,2,2,1,2,2,2,2,2,2,2,3,2,2,2,2,1,2,2,1,2,2,0,0,0
2008,4,13,1,40194,1,9,1,2,1,2,3,2,1,1,2,2,1,2,2,2,2,2,1,2,2,2,2,2,2,1,2,2,1,2,2,0,0,0
2008,4,25,1,40195,1,9,1,1,3,2,1,2,1,1,2,2,1,2,2,1,2,2,1,2,3,2,2,2,2,2,2,2,1,2,2,0,0,0
2008,4,15,1,40196,1,9,1,2,1,2,3,2,4,2,2,2,2,1,2,2,2,2,2,2,1,2,2,2,2,1,2,2,1,2,2,0,0,0
2008,4,17,1,40197,1,9,1,1,3,2,1,2,1,2,2,2,1,2,2,2,2,2,1,2,2,2,2,1,1,2,2,1,1,1,1,0,0,0
2008,4,19,1,40198,1,9,2,2,1,1,4,1,4,1,1,2,2,2,1,2,2,2,2,2,3,2,2,2,2,2,2,2,2,2,2,0,0,0
2008,4,3,1,40199,1,9,2,2,3,1,6,1,1,2,1,2,1,2,1,1,2,2,2,2,1,2,2,2,2,2,2,2,2,2,2,0,0,0
2008,4,19,1,40200,1,9,2,2,1,1,3,1,4,1,1,2,3,2,2,1,2,2,2,2,1,2,2,2,2,2,1,1,2,2,2,0,0,0
2008,4,27,1,40201,1,9,2,2,1,1,4,1,4,1,1,2,3,2,2,1,2,2,1,2,1,2,2,1,1,1,2,1,2,2,2,0,0,0
2008,4,13,1,40202,1,9,2,2,4,2,3,2,1,2,1,2,1,2,2,1,2,2,1,1,1,2,2,2,2,2,2,2,1,2,2,0,0,0
2008,4,13,1,40203,1,9,2,2,1,1,3,1,4,2,1,2,3,2,2,2,2,2,1,2,3,1,1,1,1,2,2,1,2,2,2,0,0,0
2008,4,3,1,40204,1,9,1,2,1,1,5,1,4,2,1,2,2,2,2,2,2,2,1,2,2,2,2,2,2,2,2,2,2,2,2,0,0,0
2008,4,13,1,40205,1,9,1,1,4,2,1,3,1,2,2,2,1,2,2,1,2,2,1,2,3,1,1,1,1,2,2,1,1,2,2,0,0,0
2008,4,13,1,40206,1,9,2,2,1,1,3,1,1,2,2,2,1,2,2,2,1,2,2,2,3,2,2,1,1,2,2,1,2,2,2,0,0,0
2008,4,15,1,40207,1,9,1,2,2,2,4,2,1,1,2,2,1,2,1,2,2,2,2,2,2,2,2,2,2,2,2,2,1,2,2,0,0,0
2008,4,3,2,40208,1,9,1,2,4,2,3,2,1,1,2,2,1,2,2,1,2,2,1,2,3,1,1,1,1,2,2,1,1,2,2,0,0,0
2008,4,19,2,40209,1,9,2,2,1,1,2,1,4,2,1,2,3,2,2,1,2,2,2,2,1,2,2,2,2,2,2,2,2,2,2,0,0,0
2008,4,13,1,40210,1,9,2,2,2,2,6,2,1,2,1,2,1,2,2,1,2,2,1,2,2,1,1,1,1,2,2,1,1,2,2,0,0,0
2008,4,9,1,40211,1,9,2,2,1,1,3,1,1,2,2,2,1,2,2,2,1,2,2,2,3,2,2,2,2,2,2,2,2,2,2,0,0,0
2008,4,25,1,40212,1,9,2,2,1,2,3,2,3,1,1,2,3,1,2,2,2,2,2,2,3,2,2,2,2,1,2,2,1,1,2,0,0,0
2008,4,19,1,40213,1,9,2,2,3,2,3,2,1,2,1,2,1,2,2,2,2,2,2,2,1,2,2,2,2,2,1,1,1,2,2,0,0,0
2008,4,19,1,40214,1,9,2,2,1,1,3,1,4,2,1,2,2,1,2,2,2,2,2,2,1,2,2,2,2,2,2,2,2,2,2,0,0,0
2008,4,3,1,40215,1,9,1,2,4,2,5,2,1,2,1,2,1,2,2,2,2,2,1,2,3,1,1,1,1,2,2,1,1,1,2,0,0,0
2008,4,19,1,40216,1,9,2,2,4,2,6,2,1,2,1,2,1,2,2,1,2,2,1,2,1,2,2,2,2,2,1,1,1,2,2,0,0,0
2008,4,25,1,40217,1,9,1,2,1,1,4,1,4,2,2,2,2,2,1,2,2,2,2,2,3,2,2,2,2,2,2,2,2,1,2,0,0,0
2008,4,12,1,40218,1,9,1,1,1,2,1,2,1,2,2,2,1,2,2,1,2,2,1,2,1,2,2,1,1,2,2,1,1,1,2,0,0,0
2008,4,19,1,40219,1,9,2,2,1,1,3,1,4,1,2,2,2,2,2,2,2,2,2,2,3,2,2,1,1,2,2,1,2,1,2,0,0,0
2008,4,21,1,40220,1,9,1,1,1,2,1,2,4,2,2,2,2,1,2,1,2,2,2,2,1,2,2,2,2,2,2,2,1,2,1,0,0,0
2008,4,13,1,40221,1,9,1,2,4,2,3,2,1,2,1,2,1,2,2,2,2,2,2,2,3,2,2,2,2,2,2,2,1,1,1,0,0,0
2008,4,13,1,40222,1,9,1,2,2,2,5,2,1,1,1,2,1,2,2,2,2,2,1,2,3,2,2,2,2,2,1,1,1,1,2,0,0,0
2008,4,19,1,40223,1,9,2,2,1,1,3,1,3,1,1,2,2,2,2,2,2,2,2,2,3,2,2,2,2,2,2,2,2,2,2,0,0,0
2008,4,7,2,40224,1,9,1,2,1,3,5,4,4,3,1,2,2,2,2,2,2,2,2,2,3,2,2,1,1,2,2,1,1,2,2,1,1,1
2008,4,13,1,40225,1,9,2,2,1,1,3,1,4,1,1,2,2,2,2,2,2,2,2,2,3,2,2,2,2,2,2,2,2,2,2,0,0,0
2008,4,13,1,40226,1,9,2,2,4,1,5,1,1,1,1,2,1,2,2,2,2,2,2,2,3,2,2,2,2,1,2,2,2,2,2,0,0,0
2008,4,19,1,40227,1,9,2,2,1,1,3,1,4,1,1,2,2,2,2,2,2,2,2,2,3,2,2,2,2,1,2,2,2,1,2,0,0,0
2008,4,13,1,40228,1,9,2,2,1,1,3,1,4,1,1,2,2,2,2,1,2,2,2,2,3,2,2,2,2,2,1,1,2,2,2,0,0,0
2008,4,13,1,40229,1,9,2,2,4,2,3,2,1,2,2,2,1,2,1,1,2,2,2,2,1,2,2,2,2,2,2,2,1,2,2,0,0,0
2008,4,21,1,40230,1,9,1,2,1,1,6,1,4,1,1,2,2,2,2,2,2,2,2,2,3,2,2,2,2,1,2,2,2,2,2,0,0,0
2008,4,19,1,40231,1,9,2,2,1,2,4,3,4,1,1,2,2,2,2,2,1,2,2,2,3,2,2,2,2,1,2,2,2,2,2,0,0,0
2008,4,13,1,40232,1,9,2,2,1,1,5,1,4,1,1,1,2,2,2,1,2,2,2,2,1,2,2,2,2,2,1,1,2,2,2,0,0,0
2008,4,13,1,40234,1,9,2,2,4,2,2,2,1,1,1,2,1,2,2,1,2,2,1,2,1,1,1,1,1,2,2,1,1,2,2,0,0,0
2008,4,13,1,40236,1,9,2,2,1,1,3,1,4,2,2,2,2,2,2,1,2,2,1,2,2,2,2,2,2,2,2,2,2,1,2,0,0,0
2008,4,19,1,40237,1,9,1,2,1,2,5,2,1,2,2,1,1,2,2,2,1,2,2,2,1,2,2,2,2,2,2,2,2,1,2,1,1,1
2008,4,13,1,40238,1,9,2,2,1,1,3,1,4,2,2,2,2,2,2,2,2,2,2,2,2,1,1,1,1,2,2,1,2,2,2,0,0,0
2008,4,13,1,40239,1,9,2,2,1,2,6,2,1,1,1,2,1,1,2,1,2,2,1,2,2,2,2,2,2,2,2,2,1,2,2,0,0,0
2008,4,13,1,40240,1,9,2,2,1,2,3,2,1,2,1,2,1,2,2,2,1,2,2,2,2,2,2,1,1,2,2,1,2,2,2,0,0,0
2008,4,13,1,40241,1,9,2,2,2,2,5,2,1,2,1,2,1,2,2,1,2,2,1,2,1,2,2,2,2,2,2,2,1,2,2,0,0,0
2008,4,13,1,40242,1,9,2,2,1,1,4,1,3,1,1,2,2,2,2,2,2,2,2,2,2,2,2,2,2,2,2,2,2,2,2,0,0,0
2008,4,13,1,40243,1,9,2,2,1,2,5,2,5,2,2,2,2,2,1,2,2,2,2,2,1,2,2,2,2,2,1,1,2,2,2,0,0,0
2008,4,25,1,40244,1,9,1,2,4,2,5,2,1,1,2,2,1,2,1,2,2,2,2,2,1,2,2,2,2,2,2,2,1,2,2,0,0,0
2008,4,13,1,40245,1,9,2,2,1,2,3,2,1,2,1,2,1,2,2,2,1,2,2,2,1,2,2,2,2,2,1,1,2,2,2,0,0,0
2008,4,13,1,40246,1,9,2,2,1,2,3,3,4,1,1,2,2,2,1,2,2,2,2,2,2,2,2,2,2,2,2,2,2,2,2,0,0,0
2008,4,13,1,40247,1,9,2,2,1,2,6,2,1,1,1,2,1,2,2,1,2,2,1,2,1,2,2,2,2,2,2,2,2,2,2,0,0,0
2008,4,13,1,40248,1,9,1,2,1,1,6,1,4,2,1,2,2,2,2,2,2,2,2,2,3,1,1,1,1,2,2,1,2,2,2,0,0,0
2008,4,13,1,40249,1,9,2,2,2,1,3,1,1,2,1,2,2,2,2,1,2,2,2,2,2,2,2,2,2,2,2,2,2,2,2,0,0,0
2008,4,13,1,40250,1,9,2,2,4,1,5,1,1,2,2,2,1,2,2,1,2,2,2,2,1,2,2,2,2,2,1,1,2,2,2,0,0,0
2008,4,13,1,40251,1,9,2,2,1,1,4,1,1,2,1,2,1,2,2,2,1,2,2,2,2,2,2,2,2,2,2,2,2,2,2,0,0,0
2008,4,13,1,40252,1,9,2,2,4,1,4,1,1,2,1,2,1,2,2,1,2,2,2,1,1,2,2,2,2,2,2,2,2,2,2,0,0,0
2008,4,13,1,40253,1,9,2,2,1,2,4,2,1,2,2,1,2,2,2,2,1,2,2,2,3,2,2,2,2,2,2,2,2,2,2,0,0,0
2008,4,13,1,40254,1,9,2,2,1,1,4,1,4,1,1,2,2,2,2,2,2,2,2,2,3,2,2,2,2,2,1,1,2,2,2,0,0,0
2008,4,13,1,40255,1,9,2,2,1,1,6,1,1,1,1,2,1,2,2,2,2,1,2,2,2,2,2,2,2,2,2,2,2,2,2,0,0,0
2008,4,17,2,40256,1,9,1,2,4,2,5,2,1,1,2,2,1,2,2,1,2,2,1,2,1,2,2,2,2,2,2,2,1,2,2,0,0,0
2008,4,17,1,40257,1,9,1,2,4,2,5,2,1,1,1,2,1,2,2,2,2,2,1,2,3,2,2,2,2,2,2,2,1,1,2,1,1,1
2008,4,17,1,40258,1,9,1,2,1,2,3,2,1,2,1,1,2,2,2,2,1,2,2,2,3,2,2,2,2,2,2,2,2,2,2,1,1,1
2008,4,15,2,40259,1,9,1,2,1,2,4,2,5,1,2,2,2,2,1,2,2,2,2,2,2,2,2,2,2,2,2,2,1,2,2,0,0,0
2008,4,19,1,40260,1,9,1,1,4,2,1,3,1,2,2,2,1,2,2,1,2,2,1,2,3,2,2,2,2,2,2,2,1,2,2,0,0,0
2008,4,13,2,40261,1,9,2,2,3,1,3,1,1,2,1,2,1,2,2,1,2,2,2,2,1,2,2,2,2,2,2,2,1,2,2,0,0,0
2008,4,13,1,40262,1,9,2,2,1,2,5,2,1,2,2,1,1,2,2,2,1,2,2,2,3,2,2,2,2,2,2,2,2,2,2,0,0,0
2008,4,13,1,40263,1,9,1,2,4,2,5,2,1,1,2,2,1,2,1,1,2,2,2,2,2,2,2,2,2,2,2,2,1,2,2,0,0,0
2008,4,13,1,40264,1,9,2,2,4,2,6,2,1,1,1,2,1,2,1,2,2,2,2,2,1,2,2,2,2,2,2,2,1,1,2,0,0,0
2008,4,13,1,40265,1,9,2,2,1,2,5,2,1,2,2,2,1,2,2,2,1,2,2,2,1,2,2,2,2,2,2,2,2,1,2,0,0,0
2008,4,19,1,40266,1,9,2,2,1,1,5,1,4,2,2,2,2,2,2,1,2,2,2,2,2,1,1,1,1,2,2,1,2,2,2,0,0,0
2008,4,27,1,40267,1,9,1,1,4,2,1,2,1,1,1,2,1,2,2,1,2,2,1,2,3,2,2,2,2,2,2,2,1,2,2,0,0,0
2008,4,13,1,40268,1,9,2,2,1,2,3,2,1,2,1,2,2,2,2,2,1,2,2,2,3,2,2,2,2,2,2,2,2,2,2,0,0,0
2008,4,1,1,40269,1,9,1,2,4,2,5,2,1,1,2,2,1,2,1,1,2,2,2,2,3,2,2,2,2,2,2,2,1,2,2,0,0,0
2008,4,13,1,40270,1,9,2,2,1,2,2,2,3,2,2,2,2,2,2,2,2,2,2,2,1,1,1,1,1,2,2,1,2,1,2,0,0,0
2008,4,21,1,40271,1,9,1,1,3,2,1,2,4,1,2,2,2,2,2,2,2,2,1,2,3,2,2,2,2,2,2,2,1,2,2,0,0,0
2008,4,21,1,40272,1,9,1,2,1,2,4,2,3,2,2,2,2,2,2,2,2,2,2,2,3,2,2,2,2,2,1,1,1,1,2,0,0,0
2008,4,7,1,40273,1,9,2,2,1,1,3,1,1,2,1,2,1,1,2,2,1,2,2,2,2,2,2,2,2,2,2,2,2,2,2,0,0,0
2008,4,27,1,40274,1,9,1,1,3,2,1,2,1,1,1,2,1,2,2,2,2,2,1,2,3,2,2,2,2,2,2,2,1,2,2,0,0,0
2008,4,19,1,40275,1,9,2,2,4,2,6,2,1,2,1,2,1,2,1,1,2,2,2,2,1,2,2,2,2,2,1,1,1,2,2,0,0,0
2008,4,7,2,40276,1,9,1,2,1,2,5,2,3,1,2,2,2,2,2,1,2,2,1,2,1,1,1,1,1,2,2,1,1,2,2,1,1,1
2008,4,19,1,40277,1,9,2,2,2,2,6,2,1,1,2,1,1,2,2,1,2,2,1,2,1,2,2,2,2,2,2,2,1,2,2,0,0,0
2008,4,13,1,40278,1,9,2,1,1,2,1,3,2,2,1,2,2,2,2,2,2,2,1,2,3,2,2,2,2,2,1,1,2,2,2,0,0,0
2008,4,21,2,40279,1,9,1,1,3,2,1,2,1,1,1,2,2,1,2,2,2,2,1,2,3,2,2,2,2,2,2,2,1,2,2,1,1,1
2008,4,21,1,40280,1,9,1,2,1,1,4,1,4,2,1,2,2,2,2,2,2,2,2,2,1,2,2,2,2,2,2,2,2,2,2,1,1,1
2008,4,25,1,40281,1,9,1,1,1,2,1,2,2,1,1,2,2,1,2,1,2,2,1,2,3,2,2,2,2,2,2,2,2,2,2,0,0,0
2008,4,19,1,40282,1,9,2,2,1,1,5,1,4,2,2,2,2,1,2,2,2,2,1,2,3,2,2,1,1,2,2,1,2,2,2,0,0,0
2008,4,19,1,40283,1,9,1,2,4,2,4,2,1,2,2,2,1,2,2,1,2,2,1,1,1,2,2,2,2,2,2,2,1,2,2,0,0,0
2008,4,19,1,40284,1,9,2,2,1,2,6,2,1,2,1,2,1,2,2,2,2,1,2,2,3,2,2,2,2,2,2,2,2,1,2,0,0,0
2008,4,13,1,40285,1,9,1,2,4,1,5,1,1,2,1,2,1,2,2,2,2,2,1,2,1,1,1,1,1,2,2,1,2,2,2,0,0,0
2008,4,17,1,40286,1,9,1,2,1,2,3,2,4,1,1,2,2,2,1,2,2,2,2,2,3,2,2,2,2,2,2,2,1,2,2,0,0,0
2008,4,13,1,40287,1,9,1,1,1,2,1,2,2,2,1,1,3,1,2,1,2,2,2,2,3,2,2,2,2,2,2,2,2,1,2,0,0,0
2008,4,13,1,40288,1,9,2,2,1,1,5,1,4,1,1,2,2,2,2,2,2,2,2,2,3,2,2,2,2,1,2,2,2,2,2,0,0,0
2008,4,9,1,40289,1,9,1,2,1,2,4,2,1,2,1,2,1,2,2,2,1,2,2,2,3,2,2,2,2,2,2,2,2,2,2,0,0,0
2008,4,15,2,40290,1,9,1,2,1,2,3,2,3,1,1,2,2,1,2,2,2,2,2,2,1,2,2,2,2,1,2,2,1,2,2,0,0,0
2008,4,15,1,40291,1,9,2,2,1,2,3,2,1,2,2,2,1,2,2,2,1,2,2,2,3,2,2,2,2,2,2,2,2,2,2,0,0,0
2008,4,5,2,40292,1,9,1,1,2,2,1,2,1,2,2,2,1,2,2,2,2,2,1,2,3,2,2,2,2,2,2,2,1,1,1,0,0,0
2008,4,25,1,40293,1,9,1,1,4,2,1,2,1,2,2,2,1,2,2,1,2,2,1,2,3,2,2,2,2,2,2,2,1,2,2,0,0,0
2008,4,15,1,40294,1,9,1,1,3,2,1,2,1,2,2,2,1,2,2,2,2,2,1,2,3,2,2,2,2,2,2,2,1,2,2,0,0,0
2008,4,12,1,40295,1,9,1,2,1,1,6,1,1,2,2,2,1,2,2,1,2,2,1,2,2,2,2,2,2,2,2,2,2,2,2,0,0,0
2008,4,13,1,40296,1,9,2,2,1,2,2,2,2,2,2,2,2,1,2,2,2,2,2,2,1,2,2,2,2,2,1,1,2,1,2,0,0,0
2008,4,15,1,40297,1,9,1,2,3,2,3,2,1,1,1,2,1,2,2,1,2,2,1,2,3,2,2,2,2,2,2,2,1,2,1,0,0,0
2008,4,13,1,40298,1,9,2,1,1,2,1,3,1,2,1,2,3,1,2,2,1,2,2,2,3,2,2,2,2,2,2,2,2,2,2,0,0,0
2008,4,19,1,40300,1,9,1,2,2,2,5,2,1,1,2,2,1,2,1,2,2,2,2,2,2,2,2,2,2,2,2,2,1,2,2,0,0,0
2008,4,7,1,40301,1,9,1,2,2,2,3,2,1,1,2,2,1,2,1,2,2,2,2,2,2,2,2,2,2,1,2,2,1,1,2,0,0,0
2008,4,19,1,40302,1,9,2,2,1,2,3,2,5,2,1,2,3,2,2,2,2,2,2,2,3,2,2,2,2,2,2,2,1,2,2,0,0,0
2008,4,19,1,40303,1,9,2,2,1,1,4,1,4,1,1,2,2,2,2,1,2,2,2,2,2,2,2,1,1,2,1,1,2,2,2,0,0,0
2008,4,19,1,40304,1,9,2,2,3,2,2,2,1,2,1,2,1,2,1,1,2,2,2,2,3,2,2,2,2,2,2,2,1,1,2,0,0,0
2008,4,19,1,40305,1,9,2,2,2,2,3,2,1,2,2,2,1,2,2,1,2,2,2,2,1,2,2,2,2,2,1,1,1,2,2,0,0,0
2008,4,19,1,40306,1,9,1,1,3,2,1,3,1,1,1,2,1,2,2,2,2,2,1,2,1,2,2,2,2,1,2,2,1,2,2,0,0,0
2008,4,19,1,40307,1,9,1,2,1,2,4,2,1,2,1,2,1,2,2,2,1,2,2,2,3,2,2,2,2,2,2,2,2,2,2,1,1,1
2008,4,19,1,40308,1,9,1,2,4,2,5,2,1,1,1,2,1,2,1,2,2,2,2,2,2,2,2,2,2,2,2,2,1,1,2,1,1,1
2008,4,19,1,40309,1,9,1,1,3,2,1,2,1,1,2,2,1,2,2,1,2,2,1,2,3,2,2,2,2,2,2,2,1,1,2,0,0,0
2008,4,5,3,40310,1,9,1,2,1,2,3,2,4,1,2,2,2,2,2,1,2,2,1,2,3,2,2,2,2,2,2,2,1,2,2,0,0,0
2008,4,19,1,40311,1,9,1,1,4,2,1,2,1,1,1,2,1,2,2,2,2,2,1,2,3,2,2,2,2,2,2,2,2,2,2,0,0,0
2008,4,13,1,40312,1,9,2,2,1,2,4,2,2,2,2,2,2,2,1,1,2,2,2,2,1,2,2,2,2,2,2,2,2,2,2,0,0,0
2008,4,19,1,40313,1,9,1,2,4,2,4,2,1,2,2,2,1,2,2,1,2,2,1,2,1,1,1,1,1,2,2,1,1,2,2,1,1,1
2008,4,13,1,40314,1,9,2,2,1,1,4,1,4,1,2,2,2,2,2,1,2,2,2,2,3,2,2,1,1,2,2,1,2,2,2,0,0,0
2008,4,13,1,40315,1,9,2,2,4,2,3,2,1,2,2,2,1,2,2,1,2,2,1,2,1,2,2,2,2,2,1,1,1,2,2,0,0,0
2008,4,13,1,40316,1,9,1,2,1,2,6,2,4,1,2,2,2,2,1,2,2,2,2,2,3,2,2,2,2,2,2,2,2,1,2,0,0,0
2008,4,13,1,40317,1,9,2,2,3,2,3,2,1,2,1,2,1,2,2,1,2,2,2,2,1,2,2,2,2,2,1,1,1,2,2,0,0,0
2008,4,13,1,40318,1,9,2,2,1,1,3,1,6,2,1,2,2,2,1,2,2,2,2,2,2,1,1,1,1,2,2,1,2,2,2,0,0,0
2008,4,13,1,40319,1,9,2,2,1,2,3,2,1,2,1,1,1,2,2,2,2,2,2,2,3,2,2,2,2,2,2,2,2,2,2,0,0,0
2008,4,13,1,40320,1,9,2,2,1,1,3,1,1,2,1,2,1,2,2,2,1,2,2,2,3,1,1,1,1,2,2,1,2,2,2,0,0,0
2008,4,5,1,40321,1,9,1,1,4,2,1,2,1,1,1,2,1,2,2,2,2,2,1,2,2,2,2,2,2,2,1,1,1,2,2,0,0,0
2008,4,13,1,40322,1,9,2,2,1,1,4,1,4,1,1,1,3,2,2,2,2,2,1,2,1,1,1,1,1,2,1,1,2,2,2,0,0,0
2008,4,25,1,40323,1,9,2,2,1,1,4,1,1,2,2,2,1,2,1,2,2,2,2,2,2,2,2,2,2,2,2,2,2,2,2,0,0,0
2008,4,13,2,40325,1,9,2,2,1,1,4,1,4,2,2,2,2,2,2,1,2,2,2,2,1,2,2,2,2,2,1,1,2,2,2,0,0,0
2008,4,13,1,40326,1,9,2,2,1,1,5,1,4,2,2,2,2,2,2,2,2,2,2,2,1,1,1,1,1,2,1,1,2,2,2,0,0,0
2008,4,13,1,40328,1,9,2,2,1,1,3,1,4,1,2,2,3,2,2,2,2,2,2,2,3,2,2,2,2,1,1,1,2,2,2,0,0,0
2008,4,13,1,40329,1,9,2,2,4,2,6,2,1,1,1,2,1,2,2,2,2,2,1,2,3,1,2,1,2,2,2,2,1,2,2,0,0,0
2008,4,13,1,40330,1,9,2,2,1,1,6,1,4,1,1,2,2,2,2,1,2,2,1,2,1,1,1,1,1,2,2,1,2,2,2,0,0,0
2008,4,13,1,40331,1,9,1,2,4,1,5,1,1,2,2,2,1,2,2,1,2,2,1,2,1,2,2,2,2,2,1,1,2,2,2,0,0,0
2008,4,13,1,40332,1,9,1,2,4,2,5,2,1,1,1,2,1,2,2,1,2,2,1,2,3,1,1,1,1,2,2,1,1,1,2,0,0,0
2008,4,7,1,40333,1,9,2,2,1,2,3,2,3,1,1,2,2,2,2,2,2,2,2,2,1,2,2,2,2,1,2,2,1,1,2,0,0,0
2008,4,13,1,40334,1,9,2,2,1,1,3,1,4,1,1,2,2,2,1,1,2,2,2,1,2,2,2,2,2,2,1,1,2,2,2,0,0,0
2008,4,13,1,40335,1,9,2,2,1,2,3,2,1,2,1,2,1,2,2,2,1,2,2,2,2,2,2,2,2,2,2,2,2,2,2,0,0,0
2008,4,13,1,40336,1,9,2,2,1,1,4,1,4,1,1,2,3,2,2,1,2,2,2,2,1,1,1,1,1,1,2,1,2,2,2,0,0,0
2008,4,13,1,40337,1,9,2,2,1,2,4,2,2,2,2,2,2,1,2,1,2,2,2,2,1,2,2,2,2,2,2,2,2,1,2,0,0,0
2008,4,13,1,40338,1,9,2,2,1,1,4,1,4,1,2,2,2,2,1,2,2,2,2,2,2,1,1,1,1,2,2,1,2,2,2,0,0,0
2008,4,13,1,40339,1,9,2,2,1,1,6,1,1,1,1,2,1,1,2,2,1,2,2,2,2,2,2,2,2,2,2,2,2,2,2,0,0,0
2008,4,13,1,40340,1,9,2,2,2,2,4,2,1,2,1,2,1,2,2,1,2,2,1,2,1,2,2,2,2,2,1,1,1,2,2,0,0,0
2008,4,13,1,40341,1,9,2,2,1,2,6,2,1,2,1,1,1,2,2,2,1,2,2,2,3,2,2,2,2,2,2,2,2,2,2,0,0,0
2008,4,13,1,40342,1,9,2,2,1,2,3,2,1,2,2,2,1,2,2,2,1,2,2,2,2,2,2,2,2,2,2,2,2,2,2,0,0,0
2008,4,5,1,40343,1,9,1,2,4,2,5,2,1,2,1,2,1,2,2,1,2,2,1,2,3,2,2,2,2,1,2,2,1,2,2,0,0,0
2008,4,27,1,40344,1,9,2,2,1,1,6,1,1,2,2,1,1,2,2,2,1,2,2,2,2,2,2,2,2,2,2,2,2,1,2,0,0,0
2008,4,13,1,40345,1,9,2,2,1,1,3,1,4,1,2,2,2,2,2,2,2,2,2,2,3,2,2,1,1,1,2,1,2,2,2,0,0,0
2008,4,7,1,40346,1,9,1,2,2,2,5,2,1,1,2,2,1,2,1,2,2,2,2,2,3,2,2,2,2,2,2,2,1,2,2,0,0,0
2008,4,21,1,40347,1,9,1,1,3,2,1,2,1,1,2,2,1,2,2,2,2,2,1,2,3,2,2,2,2,2,2,2,2,2,2,1,1,1
2008,4,13,1,40348,1,9,1,1,1,2,1,2,1,1,1,2,1,2,2,1,2,2,1,2,3,2,2,2,2,2,2,2,1,2,1,0,0,0
2008,4,19,1,40349,1,9,1,1,4,2,1,2,1,1,1,2,1,2,2,2,2,2,2,2,2,2,2,2,2,2,2,2,1,2,2,0,0,0
2008,4,19,1,40350,1,9,1,1,4,2,1,3,1,2,1,2,1,2,2,2,2,2,1,2,1,2,2,2,2,2,2,2,1,2,2,0,0,0
2008,4,19,1,40351,1,9,1,2,1,2,4,2,4,1,1,2,2,2,2,2,2,2,2,2,3,1,1,1,1,2,2,1,1,2,2,0,0,0
2008,4,19,1,40352,1,9,1,1,1,2,1,3,1,2,2,2,1,2,2,1,2,2,1,2,2,2,2,2,2,2,2,2,1,1,2,0,0,0
2008,4,19,1,40353,1,9,1,2,1,2,4,2,1,1,2,2,1,2,2,1,2,2,1,2,1,2,2,2,2,2,2,2,1,1,2,0,0,0
2008,4,19,1,40354,1,9,2,2,2,2,3,2,1,1,2,1,1,2,2,1,2,2,1,2,1,2,2,2,2,2,2,2,1,2,2,0,0,0
2008,4,13,2,40355,1,9,2,2,1,2,5,2,3,1,2,2,2,2,2,2,2,2,2,2,1,2,2,2,2,2,2,2,1,2,2,0,0,0
2008,4,17,1,40356,1,9,1,2,1,2,3,2,3,1,1,2,2,2,2,2,2,2,2,2,1,2,2,2,2,2,2,2,1,2,2,0,0,0
2008,4,21,1,40357,1,9,2,2,1,1,4,1,1,1,1,2,2,2,2,2,1,2,2,2,3,1,1,1,1,2,2,1,2,1,2,0,0,0
2008,4,25,1,40358,1,9,1,1,3,2,1,2,1,3,1,2,1,2,2,1,2,2,1,2,1,2,2,2,2,2,2,2,1,1,2,0,0,0
2008,4,15,1,40359,1,9,1,2,4,2,6,2,1,2,1,2,1,2,1,1,2,2,2,2,2,2,2,2,2,1,2,2,1,1,2,0,0,0
2008,4,13,1,40360,1,9,1,1,3,2,1,2,1,1,1,2,2,1,2,2,2,2,2,2,3,2,2,2,2,1,2,2,1,2,2,0,0,0
2008,4,5,1,40361,1,9,1,2,1,2,3,2,2,1,1,2,3,1,2,2,2,2,2,2,3,2,2,2,2,1,2,2,2,1,2,1,1,1
2008,4,17,1,40362,1,9,2,1,3,2,1,2,1,1,1,2,1,2,2,1,2,2,1,2,3,2,2,2,2,2,2,2,2,2,2,0,0,0
2008,4,15,1,40363,1,9,1,2,3,2,4,2,1,1,1,2,1,2,2,2,2,2,1,2,2,2,2,2,2,2,2,2,2,2,2,0,0,0
2008,4,13,1,40364,1,9,2,2,1,2,2,2,2,2,1,2,2,2,2,2,2,2,2,2,3,2,2,2,2,2,1,1,2,2,2,0,0,0
2008,4,21,2,40365,1,9,1,1,1,2,1,2,3,2,1,2,2,2,2,2,2,2,2,2,1,2,2,2,2,1,2,2,2,2,2,0,0,0
2008,4,19,1,40366,1,9,2,2,1,1,3,1,4,1,1,2,2,2,2,1,2,2,1,2,3,2,2,2,2,2,1,1,2,2,2,0,0,0
2008,4,25,1,40367,1,9,2,2,1,2,5,3,2,1,1,2,3,2,2,1,2,2,2,2,3,1,1,1,1,1,2,1,2,1,2,0,0,0
2008,4,25,1,40368,1,9,1,1,3,2,1,2,1,2,2,2,1,2,2,1,2,2,1,2,1,2,2,2,2,2,2,2,1,2,2,0,0,0
2008,4,3,1,40369,1,9,1,2,4,2,5,2,1,3,2,2,1,2,2,1,2,2,1,2,1,1,1,1,1,2,2,1,1,2,2,0,0,0
2008,4,13,1,40370,1,9,2,1,1,2,1,2,1,1,2,2,1,2,2,1,2,2,1,2,2,1,1,1,1,2,2,1,1,1,2,0,0,0
2008,4,13,1,40371,1,9,2,2,1,2,2,2,2,2,2,2,2,2,2,2,2,2,2,2,3,2,2,2,2,1,2,2,2,2,2,0,0,0
2008,4,3,1,40372,1,9,1,2,4,2,5,2,1,1,1,2,1,2,2,2,2,2,1,2,2,1,1,1,1,2,2,1,1,2,2,0,0,0
2008,4,25,1,40373,1,9,1,2,4,2,6,2,1,2,1,2,1,2,2,2,2,2,1,2,2,2,2,2,2,2,2,2,1,2,2,0,0,0
2008,4,3,1,40374,1,9,1,1,3,2,1,2,1,2,1,2,1,2,2,1,2,2,1,2,1,1,1,1,1,2,2,1,1,1,2,0,0,0
2008,4,25,1,40375,1,9,1,2,1,2,5,2,4,1,1,2,2,2,2,1,2,2,2,2,1,2,2,2,2,1,2,2,2,2,2,0,0,0
2008,4,19,1,40376,1,9,2,2,1,2,4,3,4,2,2,2,2,2,1,2,2,2,2,2,1,2,2,2,2,2,1,1,2,2,2,0,0,0
2008,4,17,1,40377,1,9,1,2,4,2,4,2,1,1,1,2,1,2,2,2,2,2,1,2,2,2,2,2,2,2,2,2,1,2,2,0,0,0
2008,4,21,1,40378,1,9,1,1,3,2,1,2,1,1,1,2,1,2,2,1,2,2,1,2,2,2,2,2,2,2,1,1,2,2,2,0,0,0
2008,4,5,1,40379,1,9,2,2,1,2,6,2,1,2,1,2,1,2,2,2,2,2,1,2,2,2,2,2,2,2,2,2,2,2,2,0,0,0
2008,4,13,4,40380,1,9,1,2,1,2,3,2,3,1,2,2,2,2,2,2,2,2,2,2,2,2,2,2,2,1,2,2,1,2,2,0,0,0
2008,4,19,1,40381,1,9,1,1,4,2,1,2,1,2,2,2,1,2,2,2,2,2,1,2,3,2,2,2,2,2,2,2,1,2,2,1,1,1
2008,4,13,1,40382,1,9,2,2,1,1,5,1,7,2,2,2,2,2,1,2,2,2,2,2,3,1,1,1,1,2,2,1,2,2,2,0,0,0
2008,4,15,1,40383,1,9,1,2,4,2,5,2,1,1,1,2,1,2,1,1,2,2,2,2,2,2,2,2,2,2,2,2,1,2,2,0,0,0
2008,4,27,1,40384,1,9,2,2,1,1,4,1,1,2,1,2,1,2,2,2,1,2,2,2,3,2,2,2,2,2,2,2,2,1,2,0,0,0
2008,4,17,1,40385,1,9,1,2,1,2,6,2,3,2,1,2,2,2,2,2,2,2,2,2,1,2,2,2,2,2,2,2,1,2,2,0,0,0
2008,4,17,2,40386,1,9,1,2,4,1,6,1,1,2,2,2,1,2,2,1,2,2,2,2,1,2,2,2,2,2,2,2,2,2,2,0,0,0
2008,4,27,1,40387,1,9,1,2,4,1,6,1,1,2,2,1,1,2,2,2,2,2,1,2,3,2,2,2,2,2,1,1,2,2,2,0,0,0
2008,4,15,1,40388,1,9,2,2,1,2,6,2,1,2,1,2,1,2,2,2,1,2,2,2,3,2,2,2,2,2,2,2,2,2,2,0,0,0
2008,4,13,1,40389,1,9,2,2,4,2,2,3,1,1,2,2,1,2,2,2,2,2,2,2,3,2,2,2,2,1,2,2,1,2,2,0,0,0
2008,4,21,1,40390,1,9,1,2,4,2,5,2,1,1,2,2,1,2,2,1,2,2,1,2,2,2,2,2,2,2,2,2,1,2,2,0,0,0
2008,4,1,2,40391,1,9,1,2,4,2,5,2,1,2,1,2,1,2,2,2,2,2,1,2,2,2,2,2,2,2,2,2,2,2,2,1,1,1
2008,4,19,1,40392,1,9,2,2,1,1,4,1,1,2,2,2,1,2,1,2,2,2,2,2,1,2,2,2,2,2,2,2,2,2,2,0,0,0
2008,4,1,1,40393,1,9,1,2,4,2,5,2,1,2,1,2,1,2,2,1,2,2,1,2,1,2,2,2,2,2,2,2,1,2,2,0,0,0
2008,4,13,1,40394,1,9,2,2,1,2,3,2,1,2,2,2,1,2,2,2,1,2,2,2,2,2,2,2,2,2,1,1,2,2,2,0,0,0
2008,4,13,1,40395,1,9,2,2,1,2,3,2,1,2,1,2,1,2,2,2,1,2,2,2,2,2,2,2,2,2,2,2,2,1,2,0,0,0
2008,4,13,1,40396,1,9,2,2,1,1,3,1,1,1,1,2,1,2,2,2,1,2,2,2,2,2,2,2,2,2,2,2,2,2,2,0,0,0
2008,4,13,1,40397,1,9,2,2,1,2,2,3,1,2,1,1,1,2,2,1,1,2,2,2,3,2,2,2,2,2,1,1,2,2,2,0,0,0
2008,4,13,1,40398,1,9,2,2,1,2,4,2,1,1,1,2,2,2,2,2,1,2,2,2,3,1,1,1,1,2,2,1,2,2,2,0,0,0
2008,4,19,1,40399,1,9,2,2,4,2,5,2,1,1,2,2,1,1,2,1,2,2,1,2,1,2,2,2,2,2,2,2,1,2,2,0,0,0
2008,4,13,1,40400,1,9,2,2,2,2,6,3,1,2,2,2,1,2,1,1,2,2,2,2,1,2,2,2,2,2,2,2,1,2,2,0,0,0
2008,4,27,1,40401,1,9,1,2,1,2,6,2,1,1,2,2,1,2,2,2,2,2,2,2,3,2,2,2,2,2,1,1,2,2,2,0,0,0
2008,4,13,1,40402,1,9,1,1,3,2,1,2,1,3,1,2,1,2,2,2,2,2,1,2,1,2,2,2,2,2,2,2,1,2,2,0,0,0
2008,4,7,2,40403,1,9,1,2,1,2,5,2,3,1,1,2,2,2,2,2,2,2,1,2,3,1,1,1,1,2,2,1,1,1,2,0,0,0
2008,4,13,1,40404,1,9,2,2,4,2,2,3,1,2,1,2,1,2,2,1,2,2,2,2,2,2,2,2,2,2,2,2,1,1,2,0,0,0
2008,4,13,1,40405,1,9,2,1,4,2,1,3,1,1,1,2,1,2,2,2,2,2,1,2,3,2,2,2,2,2,2,2,2,2,2,0,0,0
2008,4,13,1,40406,1,9,2,2,1,2,4,2,1,2,1,1,1,2,2,2,2,2,2,2,3,2,2,2,2,2,1,1,2,2,2,0,0,0
2008,4,21,2,40407,1,9,1,2,4,2,4,2,1,1,1,2,1,2,2,2,2,2,2,2,2,2,2,2,2,2,2,2,2,2,2,0,0,0
2008,4,5,1,40408,1,9,1,1,3,2,1,2,1,1,1,2,1,2,1,2,2,2,2,2,3,2,2,2,2,2,2,2,1,2,2,0,0,0
2008,4,13,1,40409,1,9,1,2,1,2,5,2,1,1,2,2,1,2,1,1,2,2,2,2,1,2,2,2,2,2,1,1,2,2,1,0,0,0
2008,4,15,1,40410,1,9,1,2,1,2,4,2,2,1,2,2,2,1,2,1,2,2,2,2,3,2,2,2,2,2,2,2,2,1,2,0,0,0
2008,4,7,1,40411,1,9,1,2,4,2,6,2,1,1,2,2,1,2,2,1,2,2,2,2,1,2,2,2,2,2,2,2,1,2,2,0,0,0
2008,4,7,1,40412,1,9,1,2,4,2,3,2,1,2,2,2,1,2,2,1,2,2,2,2,1,2,2,2,2,2,1,1,1,2,2,0,0,0
2008,4,3,1,40413,1,9,2,2,1,2,4,3,4,1,1,2,2,2,2,2,2,2,2,2,3,2,2,2,2,1,2,2,2,2,2,0,0,0
2008,4,25,1,40414,1,9,1,1,1,2,1,2,1,2,1,2,1,2,2,1,2,2,1,2,3,2,2,2,2,1,2,2,1,2,2,0,0,0
2008,4,19,1,40415,1,9,2,2,1,1,3,1,4,1,1,2,2,2,2,2,2,2,1,2,3,2,2,2,2,2,2,2,2,2,2,0,0,0
2008,4,21,1,40416,1,9,1,1,4,2,1,2,1,2,1,2,1,2,2,1,2,2,1,2,2,2,2,2,2,2,2,2,1,1,2,0,0,0
2008,4,13,1,40417,1,9,2,2,4,1,6,1,1,2,1,2,1,2,2,1,2,2,1,2,3,1,1,1,1,2,2,1,2,1,2,0,0,0
2008,4,17,1,40418,1,9,2,2,1,2,3,3,7,1,1,2,2,2,1,2,2,2,2,2,2,2,2,2,2,1,2,2,2,2,2,0,0,0
2008,4,13,1,40419,1,9,2,1,3,2,1,3,1,1,1,2,1,2,2,2,2,2,1,2,3,2,2,2,2,2,2,2,2,2,2,0,0,0
2008,4,12,1,40420,1,9,1,1,1,2,1,3,2,2,1,2,2,1,2,1,2,2,2,2,3,2,2,2,2,2,2,2,2,2,2,0,0,0
2008,4,13,1,40421,1,9,2,2,4,2,2,2,1,2,1,2,1,2,2,2,2,2,1,2,3,1,1,1,1,2,2,1,1,1,2,0,0,0
2008,4,12,1,40422,1,9,1,1,1,2,1,2,4,1,1,2,3,1,2,2,2,2,2,2,3,2,2,2,2,2,2,2,1,1,2,0,0,0
2008,4,5,1,40423,1,9,1,2,4,2,5,2,1,1,1,2,1,2,2,2,2,2,1,2,2,2,2,2,2,2,2,2,1,2,2,0,0,0
2008,4,3,1,40424,1,9,1,1,3,2,1,2,1,1,1,2,1,2,2,1,2,2,1,2,3,2,2,2,2,1,2,2,1,2,2,0,0,0
2008,4,13,1,40425,1,9,2,2,3,2,2,2,1,1,1,2,1,2,2,2,2,2,1,2,2,2,2,2,2,2,1,1,1,2,2,0,0,0
2008,4,13,1,40426,1,9,1,1,3,2,1,2,1,1,2,2,1,2,2,2,2,2,1,2,3,2,2,2,2,2,2,2,2,2,2,0,0,0
2008,4,15,1,40427,1,9,1,2,4,2,6,2,1,1,1,2,1,2,2,1,2,2,1,2,3,1,1,1,1,2,2,1,1,2,2,0,0,0
2008,4,27,1,40428,1,9,1,2,1,1,5,1,1,2,1,2,1,2,2,1,2,2,1,2,1,2,2,2,2,2,1,1,2,2,2,0,0,0
2008,4,15,1,40429,1,9,2,2,1,1,3,1,4,1,1,2,2,2,1,2,2,2,2,2,3,2,2,2,2,2,2,2,2,1,2,0,0,0
2008,4,13,1,40430,1,9,1,2,1,2,4,2,1,2,1,2,1,2,2,2,1,2,2,2,3,2,2,2,2,2,2,2,2,2,2,1,1,1
2008,4,21,1,40431,1,9,1,1,1,2,1,2,1,2,2,2,1,2,2,2,1,2,2,2,3,1,1,1,1,2,2,1,2,2,2,0,0,0
2008,4,19,1,40432,1,9,2,2,1,1,6,1,1,1,1,2,1,2,1,2,2,2,2,2,3,2,2,2,2,2,2,2,2,2,2,0,0,0
2008,4,1,1,40433,1,9,1,1,3,2,1,2,1,2,1,2,1,2,2,1,2,2,1,2,3,2,2,2,2,2,2,2,1,2,2,0,0,0
2008,4,13,1,40434,1,9,2,2,1,1,5,1,4,1,1,2,2,2,1,2,2,2,2,2,3,2,2,2,2,2,1,1,2,2,2,0,0,0
2008,4,13,1,40435,1,9,1,2,4,2,3,2,1,2,1,2,1,2,2,1,2,2,2,2,2,2,2,2,2,1,2,2,1,2,2,0,0,0
2008,4,19,1,40436,1,9,1,2,1,2,6,3,4,2,1,1,2,2,2,2,2,2,2,2,1,1,1,1,1,2,2,1,2,1,2,0,0,0
2008,4,19,1,40437,1,9,2,2,1,2,4,2,1,2,1,2,1,2,2,2,2,2,1,2,1,2,2,2,2,2,2,2,1,2,2,0,0,0
2008,4,19,1,40438,1,9,2,2,1,1,4,1,2,1,1,2,3,2,2,1,2,2,2,2,3,2,2,2,2,1,2,2,2,2,2,1,1,1
2008,4,17,1,40439,1,9,1,2,4,2,3,2,1,2,1,2,1,2,2,1,2,2,1,2,1,2,2,2,2,2,2,2,1,2,1,0,0,0
2008,4,15,1,40440,1,9,1,2,4,2,6,2,1,1,1,2,1,2,2,1,2,2,1,2,2,2,2,2,2,2,1,1,1,2,2,0,0,0
2008,4,5,1,40441,1,9,1,2,2,2,4,2,1,2,2,2,1,2,2,1,2,2,1,2,1,1,1,1,1,2,2,1,1,2,2,0,0,0
2008,4,5,1,40442,1,9,1,2,4,2,5,2,1,2,2,2,1,2,2,1,2,2,1,2,3,2,2,2,2,2,2,2,1,2,2,0,0,0
2008,4,15,2,40443,1,9,1,1,3,2,1,2,1,1,2,2,1,1,2,1,2,2,2,2,3,2,2,2,2,2,2,2,1,2,1,0,0,0
2008,4,15,1,40444,1,9,1,2,1,2,3,2,2,2,2,2,2,2,1,1,2,2,2,2,2,2,2,2,2,2,2,2,2,1,2,0,0,0
2008,4,3,1,40445,1,9,1,1,4,2,1,2,1,2,2,2,1,2,2,1,2,2,1,2,2,2,2,2,2,2,2,2,1,2,2,0,0,0
2008,4,19,1,40446,1,9,2,2,1,1,5,1,4,2,1,2,2,2,1,1,2,2,2,2,1,2,2,1,1,2,2,1,2,2,2,0,0,0
2008,4,9,1,40447,1,9,1,2,2,1,5,1,1,1,1,2,1,2,2,1,2,2,1,2,3,1,1,1,1,2,2,1,2,2,2,0,0,0
2008,4,1,1,40448,1,9,1,2,4,2,6,2,1,1,2,2,1,2,2,2,2,2,1,2,1,2,2,2,2,2,2,2,1,2,2,0,0,0
2008,4,13,1,40449,1,9,2,2,3,2,3,2,1,1,1,2,1,2,2,2,2,2,2,2,2,2,2,2,2,1,2,2,1,2,2,0,0,0
2008,4,13,1,40450,1,9,2,2,4,2,5,2,1,2,2,2,1,2,2,2,2,2,1,2,1,2,2,2,2,2,2,2,1,2,2,0,0,0
2008,4,13,1,40451,1,9,1,2,4,2,5,2,1,2,2,2,1,2,1,1,2,2,2,2,2,2,2,2,2,2,1,1,1,1,2,0,0,0
2008,4,5,3,40452,1,9,1,2,1,2,3,3,4,1,1,2,2,1,2,2,2,2,2,2,3,2,2,2,2,2,2,2,1,2,2,1,1,1
2008,4,21,1,40453,1,9,1,2,1,2,5,2,4,1,1,2,2,1,2,1,2,2,2,2,3,2,2,2,2,2,2,2,1,2,2,0,0,0
2008,4,19,1,40454,1,9,2,2,1,2,3,2,1,2,1,2,1,2,2,2,1,2,2,2,3,2,2,2,2,2,2,2,2,2,2,0,0,0
2008,4,3,1,40455,1,9,1,2,4,2,5,2,1,1,1,2,1,2,2,1,2,2,1,2,3,2,2,2,2,2,2,2,1,2,2,0,0,0
2008,4,19,1,40456,1,9,2,2,4,2,4,2,1,2,1,2,1,2,2,1,2,2,2,2,1,2,2,2,2,2,2,2,1,2,2,0,0,0
2008,4,13,1,40457,1,9,1,2,4,2,6,2,1,2,1,2,1,2,2,1,2,2,1,2,1,2,2,2,2,2,2,2,1,1,2,0,0,0
2008,4,13,1,40458,1,9,2,2,1,1,4,1,4,2,2,2,2,2,2,2,2,2,2,2,3,2,2,2,2,1,2,2,2,1,2,0,0,0
2008,4,13,1,40459,1,9,2,2,1,2,4,3,4,1,1,2,2,2,2,2,2,2,1,2,3,2,2,2,2,1,2,2,2,2,2,0,0,0
2008,4,13,1,40460,1,9,2,2,1,2,3,2,1,2,1,2,1,2,2,2,1,2,2,2,3,2,2,2,2,2,2,2,2,2,2,0,0,0
2008,4,19,2,40461,1,9,1,2,4,2,4,2,1,2,1,1,1,2,2,1,2,2,1,2,3,2,2,2,2,2,2,2,1,1,2,1,1,1
2008,4,5,1,40462,1,9,1,2,4,2,6,2,1,1,2,2,1,2,2,1,2,2,2,2,3,2,2,2,2,2,2,2,1,2,2,0,0,0
2008,4,13,1,40463,1,9,2,2,1,2,3,2,1,2,1,1,1,2,2,2,2,1,2,2,3,2,2,2,2,2,2,2,2,2,2,0,0,0
2008,4,21,1,40464,1,9,1,2,4,1,6,1,1,2,1,2,1,2,2,2,2,2,1,2,1,2,2,2,2,2,2,2,2,2,2,0,0,0
2008,4,13,1,40465,1,9,2,2,1,1,3,1,4,2,2,2,3,2,2,1,2,2,2,2,1,2,2,1,1,2,2,1,2,2,2,0,0,0
2008,4,13,1,40466,1,9,2,2,1,1,4,1,4,1,1,2,3,2,2,2,2,2,2,2,3,2,2,2,2,1,2,2,2,2,2,0,0,0
2008,4,19,1,40467,1,9,2,2,1,1,2,1,4,1,2,2,2,2,2,2,2,2,2,2,3,2,2,2,2,1,2,2,2,2,2,0,0,0
2008,4,21,2,40468,1,9,1,1,4,2,1,3,1,2,2,1,1,2,2,1,2,2,1,1,3,2,2,2,2,2,2,2,1,1,2,1,0,1
2008,4,1,2,40469,1,9,1,3,4,1,7,1,1,2,1,1,1,2,2,1,2,2,1,2,1,1,1,1,1,2,2,1,2,2,2,1,1,1
2008,4,13,1,40470,1,9,2,2,3,2,2,2,1,2,2,2,1,2,2,1,2,2,1,2,1,2,2,2,2,2,1,1,1,2,2,0,0,0
2008,4,5,1,40471,1,9,1,2,6,2,6,2,1,1,2,2,1,2,2,2,2,2,1,2,3,2,2,2,2,2,2,2,1,2,2,0,1,1
2008,4,17,1,40472,1,9,1,2,1,2,4,3,4,1,1,2,2,2,2,2,2,2,2,2,3,2,2,2,2,1,2,2,2,2,2,0,0,0
2008,4,13,1,40473,1,9,2,2,4,2,6,2,1,2,1,2,1,2,2,1,2,2,1,2,1,2,2,1,1,2,2,1,1,2,2,1,1,1
2008,4,13,1,40474,1,9,2,2,1,1,3,1,4,1,1,2,2,2,2,2,2,2,2,2,3,2,2,2,2,1,2,2,2,2,2,0,0,0
2008,4,13,3,40475,1,9,1,2,1,2,5,2,4,2,1,2,3,1,2,2,2,2,2,2,3,2,2,2,2,2,2,2,1,2,2,0,0,0
2008,4,19,1,40476,1,9,1,1,3,2,1,2,1,1,1,2,1,2,2,1,2,2,1,2,3,2,2,2,2,2,2,2,2,2,2,0,0,0
2008,4,3,1,40478,1,9,1,1,3,2,1,2,1,1,2,2,1,2,2,1,2,2,1,2,3,2,2,2,2,2,2,2,1,1,2,0,0,0
2008,4,13,1,40479,1,9,2,2,1,1,3,1,1,2,2,2,1,1,2,2,1,2,2,2,2,2,2,2,2,2,2,2,2,1,2,0,0,0
2008,4,17,1,40480,1,9,1,2,6,3,4,4,1,2,2,2,1,2,2,2,1,2,2,2,3,2,2,2,2,2,2,2,2,2,2,1,1,1
2008,4,13,1,40481,1,9,2,2,3,2,6,2,1,1,1,2,1,2,2,2,2,2,2,2,2,2,2,1,1,2,2,1,1,2,2,0,0,0
2008,4,1,2,40482,1,9,1,2,3,2,4,2,1,2,1,2,1,2,2,1,2,2,1,2,2,2,2,2,2,2,2,2,1,1,2,1,1,1
2008,4,1,1,40483,1,9,1,2,6,3,4,4,1,2,1,2,1,2,2,2,2,2,1,2,3,2,2,1,1,2,2,1,2,2,2,0,1,1
2008,4,12,1,40484,1,9,2,2,1,1,6,1,1,2,1,1,1,2,2,2,2,2,2,2,3,2,2,2,2,2,2,2,2,2,2,0,1,1
2008,4,21,1,40485,1,9,1,2,1,1,6,1,1,1,1,1,1,2,2,1,2,2,1,2,3,2,2,2,2,2,2,2,2,2,2,1,1,1
2008,4,12,1,40486,1,9,2,2,4,2,6,2,1,2,2,2,1,2,2,1,2,2,1,2,3,2,2,2,2,2,2,2,1,2,2,1,1,1
2008,4,13,1,40487,1,9,1,2,2,2,5,2,2,2,2,2,1,2,2,2,2,2,2,2,1,2,2,2,2,2,1,1,1,1,2,0,0,0
2008,4,13,1,40488,1,9,2,2,1,2,3,2,2,1,1,2,3,2,2,1,1,2,2,2,2,2,2,2,2,2,1,1,2,1,2,0,0,0
2008,4,21,2,40489,1,9,1,2,1,2,5,2,3,1,1,2,2,1,2,2,2,2,2,2,1,2,2,2,2,2,2,2,1,2,2,0,0,0
2008,4,13,2,40490,1,9,2,2,2,2,2,2,2,1,1,2,1,1,2,1,1,2,2,2,2,2,2,2,2,2,2,2,1,1,2,0,0,0
2008,4,13,1,40491,1,9,1,1,3,2,1,2,1,1,1,2,1,2,1,2,2,2,2,2,3,2,2,2,2,2,2,2,1,2,2,0,0,0
2008,4,19,1,40492,1,9,2,2,1,1,3,1,4,2,2,2,2,2,1,2,2,2,2,2,3,2,2,2,2,2,1,1,2,2,2,0,0,0
2008,4,13,1,40493,1,9,1,1,1,2,1,2,1,1,1,2,1,2,2,2,2,2,2,2,3,2,2,2,2,2,2,2,2,2,2,0,0,0
2008,4,21,9,40494,1,9,1,2,4,2,4,2,1,1,1,2,1,2,2,1,2,2,1,2,3,2,2,2,2,2,2,2,1,2,2,0,0,0
2008,4,7,1,40496,1,9,1,2,1,2,5,2,1,2,1,2,1,2,2,1,2,2,1,2,2,2,2,2,2,1,2,2,1,1,2,1,1,1
2008,4,25,1,40497,1,9,1,2,4,2,3,2,1,1,2,2,1,2,2,2,2,2,1,2,2,1,1,1,1,2,2,1,1,2,2,0,0,0
2008,4,3,1,40498,1,9,1,1,1,2,1,2,2,2,2,2,2,1,1,2,2,2,2,2,1,2,2,2,2,2,2,2,2,1,2,0,0,0
2008,4,19,1,40499,1,9,1,2,4,2,5,2,1,2,2,2,1,2,2,1,2,2,1,2,1,1,1,1,1,2,2,1,1,2,2,0,0,0
2008,4,19,1,40500,1,9,2,2,1,1,3,1,4,2,2,2,3,1,1,2,2,2,2,2,3,2,2,2,2,2,1,1,2,2,2,0,0,0
2008,4,25,1,40501,1,9,1,2,1,2,4,2,3,2,2,2,2,2,2,2,2,2,2,2,3,2,2,1,1,2,1,1,1,2,2,0,0,0
2008,4,15,1,40502,1,9,1,1,3,2,1,2,1,2,2,2,1,1,2,1,2,2,1,2,1,2,2,2,2,2,2,2,1,1,1,0,0,0
2008,4,13,1,40503,1,9,2,2,1,1,3,1,6,1,1,2,2,2,1,2,2,2,2,2,3,2,2,2,2,1,2,2,2,2,2,0,0,0
2008,4,13,1,40504,1,9,2,2,1,1,6,1,1,2,1,2,1,2,2,2,1,2,2,2,3,2,2,2,2,2,2,2,2,1,2,0,0,0
2008,4,21,1,40505,1,9,1,1,1,2,1,3,1,1,1,2,1,1,2,2,2,1,2,2,2,2,2,2,2,2,2,2,2,2,2,0,0,0
2008,4,19,1,40506,1,9,2,2,1,1,4,1,1,1,1,2,1,2,2,2,2,1,2,2,2,2,2,1,1,2,2,1,2,2,2,0,0,0
2008,4,5,1,40507,1,9,1,2,4,2,6,2,1,1,2,2,1,2,2,1,2,2,2,2,1,2,2,2,2,2,1,1,1,1,2,0,0,0
2008,4,5,1,40508,1,9,2,2,1,2,3,2,3,2,2,2,2,2,2,2,2,2,2,1,3,2,2,2,2,2,1,1,1,2,2,0,0,0
2008,4,13,1,40509,1,9,1,1,1,2,1,2,2,1,2,2,2,2,1,1,2,2,2,2,3,2,2,2,2,1,1,1,2,2,2,0,0,0
2008,4,12,1,40510,1,9,1,1,3,2,1,2,1,1,1,2,1,2,2,1,2,2,1,2,2,2,2,2,2,2,2,2,2,2,2,0,0,0
2008,4,19,1,40511,1,9,2,2,1,2,3,2,3,1,1,2,2,2,2,2,2,2,2,2,3,2,2,2,2,2,1,1,1,1,2,0,0,0
2008,4,3,1,40512,1,9,1,2,4,2,3,2,1,1,1,2,1,2,2,1,2,2,1,2,3,1,1,1,1,2,2,1,1,2,1,0,0,0
2008,4,19,2,40513,1,9,2,1,1,2,1,3,6,1,2,2,3,1,2,2,2,2,1,2,3,2,2,2,2,2,2,2,2,2,2,0,0,0
2008,4,5,1,40514,1,9,1,2,1,2,6,2,1,1,2,2,1,2,1,2,2,2,2,2,2,2,2,2,2,2,2,2,2,2,2,0,0,0
2008,4,19,1,40515,1,9,2,2,1,1,4,1,4,2,2,2,2,2,1,1,2,2,2,2,1,2,2,2,2,2,2,2,2,2,2,0,0,0
2008,4,13,1,40516,1,9,1,1,1,2,1,2,1,2,2,2,1,2,2,2,2,2,1,2,2,2,2,2,2,2,2,2,2,2,2,0,0,0
2008,4,13,1,40517,1,9,2,2,1,1,3,1,1,1,2,1,1,2,2,2,1,2,2,2,1,2,2,2,2,2,2,2,2,1,2,0,0,0
2008,4,19,1,40518,1,9,2,2,4,1,5,1,1,3,2,2,1,2,2,1,2,2,1,2,1,2,2,2,2,2,1,1,2,2,2,0,0,0
2008,4,15,1,40519,1,9,2,2,4,2,4,2,1,2,2,2,1,2,2,1,2,2,1,2,1,2,2,2,2,2,1,1,1,2,2,0,0,0
2008,4,13,1,40520,1,9,2,2,1,1,3,1,2,2,2,1,2,2,2,1,2,2,2,2,2,2,2,2,2,2,2,2,2,1,2,0,0,0
2008,4,21,1,40521,1,9,1,1,1,2,1,2,1,1,1,2,1,2,2,2,2,2,1,2,2,2,2,2,2,1,2,2,1,1,2,0,0,0
2008,4,25,1,40522,1,9,2,2,1,2,6,2,1,2,2,1,1,2,2,2,2,2,2,2,3,2,2,2,2,2,2,2,2,2,2,0,0,0
2008,4,25,1,40523,1,9,1,2,1,2,6,2,1,1,2,2,1,2,2,2,2,2,1,2,1,2,2,2,2,2,2,2,2,1,2,0,0,0
2008,4,13,1,40524,1,9,2,2,1,1,3,1,2,2,2,2,3,2,2,1,2,2,2,2,3,2,2,2,2,1,1,1,2,2,2,0,0,0
2008,4,21,1,40525,1,9,1,2,1,2,5,2,3,2,1,2,2,1,2,1,2,2,2,1,3,2,2,2,2,2,2,2,1,2,2,0,0,0
2008,4,21,1,40526,1,9,1,1,4,2,1,2,1,2,2,1,1,2,2,1,2,2,2,1,3,2,2,2,2,2,2,2,1,2,2,0,0,0
2008,4,19,2,40527,1,9,2,1,3,2,1,3,1,1,2,2,1,2,2,2,2,2,1,2,2,2,2,2,2,2,2,2,1,1,2,0,0,0
2008,4,21,1,40528,1,9,2,2,1,1,5,1,4,1,1,2,2,2,2,1,2,2,2,2,2,2,2,2,2,2,2,2,2,2,2,0,0,0
2008,4,12,3,40529,1,9,1,1,3,2,1,2,1,1,1,2,1,2,2,2,2,2,1,2,3,2,2,2,2,2,2,2,2,2,2,0,0,0
2008,4,21,1,40530,1,9,1,2,4,2,6,2,1,2,1,2,1,2,2,1,2,2,1,2,1,2,2,2,2,2,1,1,1,2,2,1,1,1
2008,4,21,1,40531,1,9,1,2,1,2,6,2,4,1,1,2,3,2,2,2,2,2,2,2,3,2,2,1,1,2,2,1,1,2,2,0,0,0
2008,4,21,1,40532,1,9,1,2,4,2,5,2,1,3,3,2,1,2,2,1,2,2,1,2,1,2,2,2,2,2,2,2,1,2,2,0,0,0
2008,4,21,1,40533,1,9,1,2,4,2,6,2,1,2,1,2,1,2,2,1,2,2,2,2,1,2,2,2,2,2,2,2,1,2,2,0,0,0
2008,4,13,1,40534,1,9,1,2,3,2,3,2,1,2,1,2,1,2,2,1,2,2,1,2,1,2,2,2,2,2,2,2,1,2,2,0,0,0
2008,4,21,1,40535,1,9,1,2,1,2,5,2,3,1,1,2,2,1,2,2,2,2,2,2,1,2,2,2,2,2,2,2,1,2,2,0,0,0
2008,4,21,4,40536,1,9,1,2,4,1,6,1,1,2,2,1,1,2,2,1,2,2,1,2,3,2,2,2,2,2,2,2,2,2,2,0,0,0
2008,4,13,3,40537,1,9,2,2,1,1,3,1,4,2,2,2,2,2,2,2,2,2,2,1,1,2,2,2,2,2,2,2,2,2,2,0,0,0
2008,4,13,1,40539,1,9,2,2,4,2,4,2,1,1,1,2,1,2,2,2,2,2,2,2,2,2,2,1,1,2,2,1,1,2,1,0,0,0
2008,4,13,1,40540,1,9,2,2,1,1,3,1,4,2,1,2,2,1,2,1,2,2,2,2,2,2,2,2,2,2,2,2,2,2,2,0,0,0
2008,4,21,1,40541,1,9,1,2,1,1,6,1,1,1,1,2,2,2,1,1,2,2,2,2,3,2,2,2,2,2,2,2,2,2,2,0,0,0
2008,4,13,1,40542,1,9,2,2,4,2,6,2,1,1,2,2,1,2,1,2,2,2,2,2,2,2,2,2,2,1,2,2,1,1,2,0,0,0
2008,4,13,2,40543,1,9,2,2,4,2,6,2,1,2,2,2,1,2,2,1,2,2,2,2,1,2,2,2,2,2,2,2,1,1,2,0,0,0
2008,4,13,1,40544,1,9,2,2,1,2,4,2,1,2,1,2,1,2,2,2,1,2,2,2,2,2,2,2,2,2,2,2,2,2,2,0,0,0
2008,4,3,1,40545,1,9,2,2,1,3,3,4,4,1,2,2,2,2,2,2,2,2,2,2,3,2,2,2,2,1,2,2,2,2,2,0,0,0
2008,4,13,1,40546,1,9,2,2,1,2,5,2,3,2,2,2,2,2,1,2,2,2,2,2,1,2,2,2,2,2,2,2,1,2,2,0,0,0
2008,4,13,1,40547,1,9,1,2,1,1,6,1,1,1,2,2,1,2,1,1,2,2,2,2,2,2,2,1,1,2,2,1,2,2,2,0,0,0
2008,4,19,1,40548,1,9,1,2,4,2,4,2,1,1,1,2,1,2,2,1,2,2,2,2,1,2,2,2,2,2,2,2,1,2,2,1,1,1
2008,4,13,1,40549,1,9,2,2,1,2,4,2,1,2,1,2,1,2,2,2,1,2,2,2,2,2,2,2,2,2,2,2,2,2,2,0,0,0
2008,4,13,1,40550,1,9,2,2,1,2,3,2,1,2,1,2,1,2,2,2,1,2,2,2,1,2,2,2,2,2,2,2,2,2,2,0,0,0
2008,4,3,2,40551,1,9,1,1,4,2,1,2,1,1,1,2,1,2,2,1,2,2,1,2,2,2,2,2,2,1,2,2,1,1,2,0,0,0
2008,4,12,1,40552,1,9,1,2,4,1,6,1,1,2,1,2,1,2,2,1,2,2,1,2,3,2,2,2,2,2,2,2,2,1,2,0,0,0
2008,4,13,1,40553,1,9,2,2,1,3,4,4,1,2,1,2,1,2,2,2,2,1,2,2,3,2,2,2,2,2,2,2,2,2,2,0,0,0
2008,4,13,2,40554,1,9,2,2,1,1,3,1,4,2,2,1,2,2,2,1,2,2,2,2,1,2,2,2,2,2,1,1,2,2,2,0,0,0
2008,4,15,4,40555,1,9,1,2,3,2,3,2,1,2,2,1,3,2,2,1,2,2,1,2,1,2,2,2,2,2,2,2,1,2,2,0,0,0
2008,4,13,2,40556,1,9,1,1,1,2,1,3,1,1,1,2,1,2,1,2,2,2,2,2,2,2,2,2,2,2,2,2,2,2,2,0,0,0
2008,4,17,1,40557,1,9,1,2,1,1,3,1,4,1,1,2,2,2,2,2,2,2,2,2,3,2,2,2,2,1,2,2,2,1,2,0,0,0
2008,4,19,1,40558,1,9,2,2,4,2,6,2,1,2,1,2,1,2,1,1,2,2,2,2,1,2,2,2,2,2,1,1,1,2,2,0,0,0
2008,4,19,1,40559,1,9,2,2,1,2,6,2,1,2,1,2,1,2,2,2,1,2,2,2,2,2,2,2,2,2,2,2,2,2,2,0,0,0
2008,4,27,1,40560,1,9,1,2,1,1,5,1,4,1,2,2,2,2,2,2,2,2,1,2,3,2,2,2,2,2,2,2,2,2,2,0,0,0
2008,4,15,1,40561,1,9,1,1,3,2,1,2,1,1,2,2,1,2,2,2,2,2,1,2,2,2,2,2,2,1,2,2,1,2,2,0,0,0
2008,4,13,1,40562,1,9,2,2,1,2,2,3,2,2,2,1,2,2,2,1,2,2,1,2,1,2,2,1,1,2,2,1,2,2,2,0,0,0
2008,4,1,1,40563,1,9,1,2,4,2,4,2,1,2,2,2,1,2,2,2,2,2,1,2,1,2,2,2,2,2,1,1,1,1,2,0,0,0
2008,4,15,1,40564,1,9,1,2,1,2,4,2,1,2,2,2,1,2,2,1,2,2,1,2,3,1,1,1,1,2,2,1,2,2,2,0,0,0
2008,4,13,1,40565,1,9,2,2,4,2,2,2,1,2,2,2,1,2,2,1,2,2,1,2,2,2,2,1,1,2,2,1,1,1,2,0,0,0
2008,4,19,1,40566,1,9,2,2,1,1,4,1,1,2,2,1,1,2,2,2,2,1,2,2,3,2,2,2,2,2,2,2,2,2,2,0,0,0
2008,4,13,1,40567,1,9,1,1,1,2,1,2,6,2,2,2,2,1,2,2,2,2,1,2,3,1,1,1,1,2,2,1,2,2,2,0,0,0
2008,4,13,1,40568,1,9,1,1,1,2,1,2,6,2,2,2,2,1,2,2,2,2,2,2,2,2,2,2,2,2,2,2,2,2,2,0,0,0
2008,4,27,1,40569,1,9,2,2,4,2,4,2,1,2,2,2,1,2,2,1,2,2,2,2,1,2,2,2,2,2,2,2,1,2,2,0,0,0
2008,4,25,1,40570,1,9,1,1,2,2,1,2,1,2,1,2,1,2,2,2,2,2,1,2,2,2,2,2,2,2,2,2,1,2,2,0,0,0
2008,4,13,1,40571,1,9,2,2,4,1,6,1,1,2,1,2,1,2,2,1,2,2,2,2,1,2,2,2,2,2,2,2,2,2,2,0,0,0
2008,4,25,1,40572,1,9,1,2,1,2,3,2,4,2,1,2,2,1,2,2,2,2,2,2,3,2,2,2,2,2,2,2,1,2,2,0,0,0
2008,4,19,1,40573,1,9,2,2,1,1,4,1,1,1,1,2,1,2,2,2,2,1,2,2,2,2,2,2,2,2,2,2,2,2,2,0,0,0
2008,4,17,1,40574,1,9,1,2,1,2,5,2,1,1,1,2,1,1,2,2,2,2,1,2,3,2,2,2,2,2,2,2,1,1,2,0,0,0
2008,4,17,1,40575,1,9,2,2,1,2,5,2,1,2,2,1,1,2,2,2,1,2,2,2,3,2,2,2,2,2,1,1,2,2,2,1,1,1
2008,4,21,1,40576,1,9,1,1,3,2,1,2,1,1,2,2,2,2,2,1,2,2,1,2,3,2,2,2,2,2,2,2,1,1,2,0,0,0
2008,4,5,1,40577,1,9,1,2,4,2,5,2,1,2,2,2,1,2,2,2,2,2,1,2,3,2,2,2,2,2,2,2,1,2,2,0,0,0
2008,4,13,1,40578,1,9,2,2,1,1,3,1,1,2,1,2,1,2,2,2,1,2,2,2,2,2,2,2,2,2,2,2,2,2,2,0,0,0
2008,4,15,1,40579,1,9,2,2,1,2,3,3,4,2,1,2,2,2,1,2,2,2,2,2,3,2,2,2,2,2,2,2,2,1,2,0,0,0
2008,4,9,3,40580,1,9,1,2,4,2,4,2,1,1,1,2,2,2,2,2,2,2,2,2,1,2,2,2,2,1,2,2,1,2,2,1,1,1
2008,4,13,1,40581,1,9,1,2,4,2,5,2,1,2,2,2,1,2,2,1,2,2,1,2,1,2,2,2,2,2,2,2,1,2,2,0,0,0
2008,4,25,1,40582,1,9,1,2,4,2,6,2,1,1,2,2,1,2,2,1,2,2,1,2,1,2,2,2,2,2,2,2,1,2,2,0,0,0
2008,4,19,1,40583,1,9,2,2,4,2,6,2,1,1,2,2,1,2,2,2,2,2,2,2,1,2,2,2,2,2,2,2,1,2,2,0,0,0
2008,4,13,1,40584,1,9,2,2,4,2,2,2,1,1,2,2,1,2,2,2,2,2,1,2,2,2,2,2,2,2,2,2,2,2,2,1,1,1
2008,4,13,1,40585,1,9,2,2,1,2,3,3,1,1,1,2,1,2,2,2,2,1,2,2,3,2,2,2,2,2,2,2,2,2,2,0,0,0
2008,4,23,1,40586,1,9,1,2,4,2,6,2,1,2,1,2,1,2,2,1,2,2,1,2,2,2,2,1,1,2,2,1,1,2,2,0,0,0
2008,4,12,1,40587,1,9,1,2,1,2,5,2,2,1,1,2,2,1,2,1,2,2,1,2,3,2,2,2,2,2,2,2,2,1,2,0,0,0
2008,4,5,1,40588,1,9,1,2,1,2,5,2,1,1,1,2,1,2,2,2,2,2,1,2,3,2,2,2,2,2,2,2,1,1,2,0,0,0
2008,4,21,1,40589,1,9,1,1,1,2,1,2,2,2,1,2,2,1,2,1,2,2,2,2,3,2,2,2,2,2,2,2,2,2,2,1,1,1
2008,4,25,1,40590,1,9,1,1,3,2,1,2,1,1,1,2,1,2,1,2,2,2,2,2,2,2,2,2,2,2,2,2,1,2,2,0,0,0
2008,4,19,1,40591,1,9,2,2,4,2,6,2,1,2,2,2,1,2,1,2,2,2,2,2,1,2,2,2,2,2,2,2,1,2,2,0,0,0
2008,4,3,1,40592,1,9,1,2,4,2,5,2,1,1,2,2,1,2,2,1,2,2,1,2,1,2,2,2,2,1,2,2,1,2,2,0,0,0
2008,4,19,1,40593,1,9,2,1,3,2,1,2,1,1,2,2,1,2,2,2,2,2,1,2,2,2,2,2,2,2,1,1,1,2,2,0,0,0
2008,4,27,1,40594,1,9,2,2,4,2,6,2,2,2,2,2,1,2,2,1,2,2,1,2,1,2,2,2,2,2,2,2,2,2,2,0,0,0
2008,4,19,1,40595,1,9,2,2,4,2,5,2,1,2,2,2,1,2,2,1,2,2,2,2,1,2,2,2,2,2,2,2,1,2,2,0,0,0
2008,4,15,1,40596,1,9,1,2,4,2,5,2,1,2,2,2,1,2,2,1,2,2,1,2,2,2,2,2,2,2,2,2,1,2,2,0,0,0
2008,4,13,1,40597,1,9,2,2,4,1,6,1,1,1,2,2,1,2,2,1,2,2,2,2,1,2,2,2,2,2,2,2,2,2,2,0,0,0
2008,4,15,1,40598,1,9,1,2,4,2,5,2,1,2,2,2,1,2,2,2,2,2,2,2,3,2,2,2,2,2,2,2,1,2,2,0,0,0
2008,4,11,1,40599,1,9,1,2,4,2,5,2,1,1,2,2,1,2,1,1,2,2,2,2,3,2,2,2,2,2,2,2,1,1,2,0,0,0
2008,4,17,1,40600,1,9,1,2,1,2,4,2,3,1,1,2,2,1,2,2,2,2,2,2,3,2,2,2,2,2,1,1,1,2,2,1,1,1
2008,4,19,1,40601,1,9,2,2,1,2,4,2,1,2,1,1,2,2,2,2,2,2,2,2,3,2,2,2,2,2,1,1,2,2,2,0,0,0
2008,4,11,1,40602,1,9,1,2,1,2,6,2,1,1,1,1,1,2,2,2,2,2,2,2,1,2,2,1,1,2,2,1,2,2,2,0,0,0
2008,4,23,1,40603,1,9,2,2,1,2,3,2,1,1,1,2,1,2,1,1,1,2,2,2,2,2,2,2,2,2,2,2,2,2,2,0,0,0
2008,4,19,1,40604,1,9,2,2,1,2,4,2,1,1,2,2,1,2,2,2,2,1,2,2,3,2,2,2,2,2,2,2,2,2,2,0,0,0
2008,4,13,1,40605,1,9,1,2,4,2,3,2,1,1,1,2,2,2,1,1,2,2,2,2,3,2,2,2,2,1,2,2,1,2,2,0,0,0
2008,4,15,1,40606,1,9,1,2,1,2,6,2,5,2,1,2,2,2,2,1,2,2,2,2,1,2,2,2,2,1,2,2,1,2,2,0,0,0
2008,4,21,1,40607,1,9,1,2,1,2,5,2,1,2,1,1,1,2,2,2,1,2,2,2,3,2,2,2,2,2,2,2,2,2,2,1,0,1
2008,4,13,1,40608,1,9,2,2,1,1,4,1,4,1,1,2,2,2,1,2,2,2,2,2,3,2,2,2,2,2,2,2,2,2,2,0,0,0
2008,4,17,1,40609,1,9,1,2,4,2,3,2,1,2,2,2,1,2,2,1,2,2,1,2,2,2,2,2,2,2,2,2,1,2,2,0,0,0
2008,4,13,1,40610,1,9,1,2,4,2,5,2,1,1,1,2,1,2,2,2,2,2,1,2,2,2,2,2,2,1,2,2,1,1,2,0,0,0
2008,4,5,1,40611,1,9,1,2,1,2,3,2,1,1,1,2,2,2,1,2,2,2,2,2,3,2,2,2,2,2,2,2,2,2,2,1,1,1
2008,4,13,2,40612,1,9,2,2,1,2,3,3,4,1,2,2,2,2,2,2,2,2,1,2,3,2,2,2,2,1,2,2,2,2,2,0,0,0
2008,4,9,1,40613,1,9,1,2,1,2,4,2,3,2,1,2,2,2,2,1,2,2,2,2,3,2,2,2,2,2,1,1,1,2,2,0,0,0
2008,4,27,1,40614,1,9,2,2,4,2,4,2,1,1,1,2,2,2,2,1,2,2,1,2,3,1,1,1,1,2,2,1,1,2,2,0,0,0
2008,4,13,1,40615,1,9,2,2,1,2,2,2,7,1,1,2,2,2,2,1,2,2,1,2,3,2,2,1,1,2,2,1,2,1,2,0,0,0
2008,4,21,1,40616,1,9,1,2,1,2,4,2,1,1,2,2,1,2,2,2,2,1,2,2,2,2,2,2,2,2,2,2,2,2,2,1,1,1
2008,4,15,1,40617,1,9,1,2,4,2,6,2,1,1,1,2,1,2,2,1,2,2,1,2,1,2,2,2,2,2,2,2,1,2,2,0,0,0
2008,4,11,1,40618,1,9,1,2,1,2,5,2,4,2,1,2,2,2,1,2,2,2,2,2,1,2,2,2,2,2,2,2,1,2,2,0,0,0
2008,4,13,1,40619,1,9,1,2,1,1,5,1,5,1,1,2,3,1,2,2,2,2,2,2,3,2,2,2,2,1,2,2,2,2,2,0,0,0
2008,4,19,2,40620,1,9,2,2,1,1,3,1,4,1,1,2,2,2,1,1,2,2,2,2,3,2,2,2,2,1,1,1,2,2,2,0,0,0
2008,4,17,1,40621,1,9,1,2,4,2,3,2,1,2,2,2,1,2,2,1,2,2,1,2,1,2,2,2,2,2,2,2,1,2,2,0,0,0
2008,4,1,1,40622,1,9,1,2,4,2,3,2,1,1,2,2,2,2,2,1,2,2,1,2,3,2,2,2,2,1,2,2,1,2,2,0,0,0
2008,4,13,2,40623,1,9,1,2,1,2,5,2,1,2,2,2,2,2,2,2,2,2,1,2,3,2,2,2,2,2,2,2,2,2,2,0,0,0
2008,4,15,2,40624,1,9,2,2,4,2,3,2,1,2,2,2,1,2,2,2,2,2,1,2,1,2,2,2,2,2,2,2,1,2,2,0,0,0
2008,4,15,1,40625,1,9,1,1,3,2,1,2,1,1,2,2,1,2,1,1,2,2,2,2,2,2,2,2,2,2,2,2,1,2,2,0,0,0
2008,4,13,1,40626,1,9,2,2,1,2,5,2,5,3,1,2,3,2,2,2,2,2,2,2,3,1,1,1,1,2,2,1,1,2,2,0,0,0
2008,4,13,1,40627,1,9,2,2,4,2,3,3,4,1,1,2,2,2,1,2,2,2,2,2,3,2,2,2,2,2,2,2,2,2,2,0,0,0
2008,4,13,1,40628,1,9,2,1,1,2,1,2,5,1,1,2,3,1,2,1,2,2,2,2,1,1,1,1,1,2,2,1,2,2,2,0,0,0
2008,4,15,1,40629,1,9,1,1,4,2,1,2,1,1,2,2,1,2,1,1,2,2,2,2,1,2,2,2,2,2,2,2,1,2,2,0,0,0
2008,4,19,1,40630,1,9,1,2,4,2,5,2,1,1,2,2,1,2,2,1,2,2,1,2,3,2,2,2,2,2,2,2,1,2,2,0,0,0
2008,4,3,1,40631,1,9,1,1,1,2,1,2,4,1,1,2,2,1,2,1,2,2,2,2,3,2,2,2,2,1,2,2,1,2,2,0,0,0
2008,4,27,1,40632,1,9,1,1,4,2,1,2,1,1,1,2,1,2,2,2,2,2,1,2,2,2,2,2,2,2,2,2,2,2,2,0,0,0
2008,4,1,2,40633,1,9,1,1,1,2,1,2,2,1,2,2,3,1,2,2,2,2,2,2,3,2,2,2,2,2,2,2,2,1,2,1,1,1
2008,4,3,1,40634,1,9,1,1,3,2,1,2,1,1,2,2,1,2,2,2,2,2,1,2,2,1,1,1,1,2,2,1,1,2,1,0,0,0
2008,4,15,1,40635,1,9,2,2,4,1,3,1,1,2,2,1,1,2,2,1,2,2,1,2,3,2,2,2,2,2,1,1,2,2,2,0,0,0
2008,4,27,1,40636,1,9,2,2,1,1,3,1,4,1,1,2,2,2,1,2,2,2,2,2,2,2,2,2,2,2,2,2,2,2,2,0,0,0
2008,4,13,1,40637,1,9,1,2,1,1,3,1,4,1,1,2,2,2,2,2,2,2,2,2,3,2,2,2,2,2,2,2,2,2,2,1,1,1
2008,4,17,1,40638,1,9,1,1,3,2,1,3,1,1,1,2,1,2,2,1,2,2,1,2,3,2,2,2,2,2,1,1,1,1,1,0,0,0
2008,4,13,1,40639,1,9,2,2,4,2,2,3,1,2,1,2,1,2,2,2,2,2,1,2,1,2,2,2,2,2,2,2,1,2,2,0,0,0
2008,4,13,1,40640,1,9,2,2,4,2,4,2,1,2,2,2,1,2,2,1,2,2,2,2,1,2,2,2,2,2,1,1,1,1,2,0,0,0
2008,4,15,1,40641,1,9,1,2,4,2,3,2,1,1,1,2,1,2,2,1,2,2,1,2,2,2,2,2,2,2,2,2,1,1,1,0,0,0
2008,4,13,1,40642,1,9,2,2,1,2,3,2,1,2,1,2,1,2,2,2,1,2,2,2,3,2,2,1,1,2,2,1,2,2,2,0,0,0
2008,4,13,1,40643,1,9,2,2,1,2,4,3,6,1,1,2,2,2,1,1,2,2,2,2,3,2,2,2,2,2,1,1,2,1,2,0,0,0
2008,4,19,1,40644,1,9,2,2,1,2,4,2,1,2,1,1,1,2,2,2,1,2,2,2,3,2,2,2,2,2,2,2,2,2,2,0,0,0
2008,4,13,1,40645,1,9,2,2,1,2,2,3,4,2,2,1,2,2,2,1,2,2,1,2,1,2,2,2,2,2,1,1,2,2,2,0,0,0
2008,4,3,1,40646,1,9,1,1,1,2,1,2,1,1,1,2,1,2,2,1,2,2,1,2,3,2,2,2,2,1,2,2,2,2,1,0,0,0
2008,4,13,1,40647,1,9,2,2,1,2,3,2,1,2,1,2,1,2,2,2,1,2,2,2,2,2,2,2,2,2,2,2,2,2,2,0,0,0
2008,4,13,1,40648,1,9,2,2,1,1,5,1,4,2,1,2,2,2,1,2,2,2,2,2,2,2,2,2,2,2,2,2,2,2,2,0,0,0
2008,4,13,1,40649,1,9,2,2,1,2,3,2,5,1,1,2,2,1,1,2,2,2,2,2,2,2,2,1,1,2,2,1,2,2,2,0,0,0
2008,4,13,1,40650,1,9,2,2,4,2,6,2,1,2,2,2,1,2,2,1,2,2,2,2,1,2,2,2,2,2,2,2,1,2,2,0,0,0
2008,4,13,1,40651,1,9,2,2,1,1,3,1,1,2,2,2,1,2,2,2,1,2,2,2,1,2,2,2,2,2,2,2,2,2,2,0,0,0
2008,4,5,1,40652,1,9,1,2,1,2,3,2,1,1,1,2,1,2,2,2,2,1,2,2,3,2,2,2,2,2,2,2,2,1,2,1,1,1
2008,4,19,1,40653,1,9,2,1,1,2,1,3,2,2,1,2,2,1,2,1,2,2,2,2,1,2,2,2,2,2,2,2,2,2,2,0,0,0
2008,4,19,1,40654,1,9,1,1,1,2,1,2,1,1,2,2,2,2,1,1,2,2,2,2,3,2,2,2,2,2,2,2,2,2,2,0,0,0
2008,4,13,3,40655,1,9,1,1,4,2,1,3,1,2,2,2,1,2,2,2,2,2,1,2,3,2,2,2,2,2,2,2,2,2,2,0,0,0
2008,4,1,1,40656,1,9,1,2,6,3,5,4,7,1,2,2,1,2,2,2,2,2,2,2,2,2,2,2,2,2,2,2,2,2,2,0,1,1
2008,4,5,1,40657,1,9,1,2,6,3,3,4,7,3,2,2,1,2,2,2,2,2,2,2,2,2,2,2,2,2,2,2,2,2,2,1,1,1
2008,4,1,1,40658,1,9,1,2,4,2,6,2,1,2,2,2,1,2,2,1,2,2,1,2,3,2,2,2,2,2,2,2,1,2,2,1,1,1
2008,4,17,1,40659,1,9,1,2,1,3,6,4,7,3,1,2,2,2,1,2,2,2,2,2,3,2,2,2,2,2,2,2,2,2,2,0,1,1
2008,4,21,1,40660,1,9,1,2,1,2,4,2,1,3,2,2,1,2,2,2,1,2,2,2,3,2,2,2,2,2,2,2,2,2,2,1,1,1
2008,4,19,1,40661,1,9,1,2,1,2,5,2,1,2,2,2,1,2,2,2,1,2,2,2,3,2,2,2,2,2,2,2,2,2,2,1,1,1
2008,4,13,1,40662,1,9,2,2,4,2,3,2,1,2,1,2,1,2,1,1,2,2,2,2,1,2,2,2,2,2,1,1,1,2,2,0,0,0
2008,4,13,1,40663,1,9,2,2,4,2,6,2,1,1,1,2,1,2,1,1,2,2,2,2,2,2,2,2,2,2,2,2,1,2,2,0,0,0
2008,4,13,1,40664,1,9,2,2,4,2,4,2,1,2,2,2,1,2,2,1,2,2,2,2,2,2,2,2,2,2,1,1,1,2,2,0,0,0
2008,4,5,1,40665,1,9,1,2,6,3,5,4,1,1,2,2,1,2,2,2,2,2,1,2,3,2,2,2,2,2,2,2,2,2,2,1,1,1
2008,4,13,1,40666,1,9,2,2,1,1,5,1,1,1,1,1,1,2,2,1,2,1,2,1,2,2,2,2,2,2,2,2,2,2,2,0,0,0
2008,4,13,1,40667,1,9,2,2,1,1,3,1,4,1,1,2,2,2,2,1,2,2,1,2,3,2,2,2,2,1,1,1,2,2,2,0,0,0
2008,4,13,1,40668,1,9,2,2,1,2,3,3,1,2,2,2,2,2,1,2,2,2,2,2,1,1,1,1,1,2,2,1,2,1,2,0,0,0
2008,4,13,2,40669,1,9,2,2,2,2,4,2,1,2,2,2,1,2,2,1,2,2,1,2,1,1,1,1,1,2,2,1,1,2,2,0,0,0
2008,4,21,1,40670,1,9,1,2,1,2,6,3,4,1,1,2,2,2,1,2,2,2,2,2,1,2,2,2,2,2,2,2,2,1,2,0,0,0
2008,4,13,1,40671,1,9,2,2,4,1,6,1,1,2,1,2,1,2,1,1,2,2,2,2,1,2,2,2,2,2,2,2,2,1,2,0,0,0
2008,4,7,1,40672,1,9,1,2,4,2,5,2,1,1,1,2,1,2,2,2,2,2,1,2,3,2,2,2,2,2,2,2,1,2,2,1,1,1
2008,4,21,1,40673,1,9,1,2,6,3,5,4,1,3,2,1,1,2,2,2,2,1,2,2,3,2,2,2,2,2,2,2,2,2,2,1,1,1
2008,4,13,1,40674,1,9,2,2,4,2,5,2,1,2,2,2,1,2,2,1,2,2,1,2,1,2,2,2,2,2,2,2,1,2,2,0,0,0
2008,4,19,2,40675,1,9,1,1,1,2,1,2,4,1,1,2,3,1,2,2,2,2,1,2,3,2,2,2,2,2,2,2,2,1,2,0,0,0
2008,4,5,1,40676,1,9,1,2,4,2,3,3,3,1,1,2,2,2,2,2,2,2,2,2,3,2,2,2,2,1,2,2,1,2,2,1,1,1
2008,4,13,1,40677,1,9,2,2,1,2,2,2,2,1,1,2,2,2,1,2,2,2,2,2,3,2,2,2,2,2,2,2,2,1,2,0,0,0
2008,4,25,1,40678,1,9,1,2,4,2,5,2,1,1,2,2,2,2,1,1,2,2,2,2,3,2,2,2,2,1,2,2,1,2,2,0,0,0
2008,4,19,1,40679,1,9,2,2,1,3,3,4,1,2,2,1,1,2,2,2,1,2,2,2,3,2,2,2,2,2,2,2,2,2,2,0,0,0
2008,4,13,1,40680,1,9,2,2,1,1,4,1,4,2,1,2,3,2,2,2,2,2,2,2,1,1,1,1,1,2,1,1,2,2,2,0,0,0
2008,4,3,1,40681,1,9,2,2,4,2,3,2,1,3,3,2,1,2,2,2,2,2,2,2,3,2,2,2,2,2,1,1,1,2,2,0,0,0
2008,4,21,1,40682,1,9,1,2,6,3,6,4,7,3,2,2,1,2,2,2,2,2,2,2,2,2,2,2,2,2,2,2,2,2,2,0,1,1
2008,4,13,1,40683,1,9,2,2,1,2,4,2,1,2,2,1,1,2,2,2,1,2,2,2,3,2,2,2,2,2,2,2,2,2,2,0,0,0
2008,4,13,1,40684,1,9,2,2,1,1,4,1,4,2,2,2,2,2,2,1,2,2,2,2,1,2,2,2,2,2,2,2,2,2,2,0,0,0
2008,4,13,1,40685,1,9,2,2,1,1,3,1,4,1,1,2,3,2,1,1,2,2,2,2,3,1,1,1,1,2,1,1,2,2,2,0,0,0
2008,4,13,1,40686,1,9,2,2,1,2,6,2,1,1,1,1,1,2,2,2,1,2,2,2,3,2,2,2,2,2,2,2,2,1,2,0,0,0
2008,4,13,1,40687,1,9,2,2,4,2,4,2,1,2,2,2,1,2,2,1,2,2,1,2,3,2,2,2,2,2,1,1,1,2,2,0,0,0
2008,4,13,1,40688,1,9,2,2,1,1,3,1,4,1,1,1,3,2,2,2,2,2,2,2,1,2,2,2,2,1,2,2,2,2,2,0,0,0
2008,4,13,1,40690,1,9,2,2,1,1,5,1,4,1,1,2,2,2,1,2,2,2,2,2,2,2,2,2,2,2,2,2,2,2,2,0,0,0
2008,4,13,1,40691,1,9,2,2,1,1,3,1,5,2,2,1,2,2,2,2,2,2,1,2,3,2,2,2,2,2,1,1,2,2,2,0,0,0
2008,4,13,1,40692,1,9,2,2,1,1,3,1,1,2,2,2,1,2,2,2,1,2,2,2,2,2,2,2,2,2,2,2,2,1,2,0,0,0
2008,4,19,1,40693,1,9,1,2,4,2,6,2,1,2,2,2,1,2,2,1,2,2,2,2,1,2,2,2,2,2,1,1,1,2,2,1,1,1
2008,4,1,2,40694,1,9,1,2,1,2,6,2,1,1,1,2,1,2,2,2,2,2,1,2,3,2,2,2,2,2,2,2,1,1,1,0,1,1
2008,4,7,1,40695,1,9,1,2,1,2,4,2,4,1,1,2,2,1,2,1,2,2,2,2,3,2,2,2,2,1,2,2,1,2,2,0,0,0
2008,4,13,1,40696,1,9,2,2,1,1,3,1,1,2,2,2,1,2,2,2,1,2,2,2,2,2,2,2,2,2,2,2,2,2,2,0,0,0
2008,4,13,1,40697,1,9,2,2,1,1,3,1,4,2,2,2,2,2,2,2,2,2,2,2,1,2,2,2,2,2,2,2,2,2,2,0,0,0
2008,4,13,1,40698,1,9,2,2,1,1,6,1,4,1,2,1,2,2,1,2,2,2,2,2,1,2,2,2,2,2,2,2,2,2,2,0,0,0
2008,4,13,1,40699,1,9,2,2,1,2,6,2,1,2,2,1,1,2,2,2,2,1,2,2,3,2,2,2,2,2,2,2,2,2,2,0,0,0
2008,4,1,1,40700,1,9,1,1,3,2,1,2,1,2,2,1,2,1,2,2,2,2,1,2,3,1,1,1,1,2,2,1,1,2,2,1,1,1
2008,4,1,1,40701,1,9,1,2,4,2,4,2,1,1,1,2,1,2,2,1,2,2,1,2,3,2,2,2,2,2,2,2,1,2,2,1,1,1
2008,4,1,1,40702,1,9,1,2,1,3,5,4,1,3,1,2,1,2,2,2,1,2,2,2,3,2,2,2,2,2,2,2,2,2,2,0,1,1
2008,4,19,1,40703,1,9,1,2,1,2,3,2,5,2,1,2,3,2,2,2,2,2,2,2,3,2,2,2,2,2,1,1,1,1,2,0,0,0
2008,4,1,1,40704,1,9,1,2,1,2,5,2,1,2,1,2,1,2,2,2,1,2,2,2,3,2,2,2,2,2,2,2,2,2,2,1,1,1
2008,4,17,1,40705,1,9,1,2,6,3,5,4,7,3,1,2,1,2,2,2,2,2,2,2,3,2,2,2,2,2,2,2,2,2,2,1,1,1
2008,4,5,1,40706,1,9,1,2,6,3,5,4,1,2,2,2,1,2,2,2,2,2,1,2,3,2,2,2,2,2,2,2,2,2,2,1,1,1
2008,4,5,1,40707,1,9,2,2,1,1,3,1,4,1,2,2,3,2,2,2,2,2,2,2,3,2,2,2,2,1,1,1,2,2,2,0,0,0
2008,4,1,1,40708,1,9,1,2,4,2,3,2,1,2,1,2,1,2,2,2,2,2,1,2,3,2,2,2,2,2,1,1,1,2,2,1,1,1
2008,4,25,1,40709,1,9,1,1,1,2,1,3,1,1,2,2,1,1,2,2,2,2,2,2,3,2,2,2,2,2,2,2,1,2,2,0,0,0
2008,4,1,1,40710,1,9,1,2,6,3,4,4,7,3,2,2,1,2,2,2,2,2,2,2,3,2,2,2,2,2,2,2,2,2,2,1,1,1
2008,4,1,1,40711,1,9,1,2,1,2,5,2,4,1,1,2,2,2,2,1,2,2,2,2,3,2,2,2,2,2,2,2,1,2,2,1,1,1
2008,4,19,1,40712,1,9,1,2,4,2,5,2,1,1,1,2,1,2,2,1,2,2,1,2,2,1,1,1,1,2,2,1,1,1,2,1,1,1
2008,4,13,1,40713,1,9,2,2,1,2,3,2,1,2,1,2,1,2,2,2,1,2,2,2,3,2,2,2,2,2,2,2,2,2,2,0,0,0
2008,4,27,1,40714,1,9,2,1,3,2,1,2,1,1,2,2,1,2,1,1,2,2,2,2,2,1,1,1,1,2,2,1,1,2,2,0,0,0
2008,4,7,1,40715,1,9,1,2,4,2,3,2,1,1,2,2,1,2,1,2,2,2,2,2,3,2,2,2,2,2,2,2,1,2,2,0,0,0
2008,4,3,1,40716,1,9,1,1,4,2,1,2,1,1,2,2,1,2,2,1,2,2,1,2,3,2,2,2,2,2,2,2,2,2,2,0,0,0
2008,4,13,1,40717,1,9,2,1,1,2,1,2,2,2,2,2,2,1,1,1,2,2,2,2,1,2,2,2,2,2,2,2,2,2,2,0,0,0
2008,4,3,2,40718,1,9,2,2,4,2,3,2,1,1,1,2,1,2,2,2,2,2,2,2,3,2,2,2,2,1,2,2,1,2,2,0,0,0
2008,4,3,1,40719,1,9,2,2,1,1,3,1,4,1,1,2,2,2,2,2,2,2,2,2,3,1,1,1,1,1,2,1,2,2,2,0,0,0
2008,4,1,1,40720,1,9,1,2,4,2,3,2,1,1,1,2,1,2,1,2,2,2,2,2,2,2,2,2,2,2,2,2,1,2,2,0,0,0
2008,4,13,1,40721,1,9,2,1,1,2,1,2,1,2,1,2,1,1,2,2,1,2,2,2,3,2,2,2,2,2,2,2,2,2,2,0,0,0
2008,4,7,1,40722,1,9,1,2,3,2,3,2,1,1,1,2,1,2,2,2,2,2,1,2,3,2,2,2,2,2,2,2,1,2,2,0,0,0
2008,4,25,1,40723,1,9,1,2,1,1,3,1,1,1,1,2,1,2,2,1,2,2,1,2,2,2,2,2,2,2,2,2,2,1,2,0,0,0
2008,4,23,1,40724,1,9,1,2,4,2,5,2,1,2,2,2,1,2,2,1,2,2,1,2,2,1,1,1,1,2,2,1,1,2,2,0,0,0
2008,4,5,1,40725,1,9,1,1,3,2,1,2,1,2,2,2,1,2,2,1,2,2,1,2,2,2,2,2,2,2,2,2,1,1,1,0,0,0
2008,4,7,1,40726,1,9,1,2,4,2,5,2,1,1,1,2,1,2,2,2,2,2,1,2,3,2,2,2,2,2,2,2,1,1,2,0,0,0
2008,4,13,1,40727,1,9,2,2,1,1,4,1,4,1,1,2,2,2,1,1,2,2,2,2,3,2,2,1,1,2,2,1,2,2,2,0,0,0
2008,4,25,1,40728,1,9,1,2,1,2,3,2,1,1,1,2,1,2,1,2,2,2,2,2,2,2,2,2,2,2,2,2,2,2,2,0,0,0
2008,4,13,1,40729,1,9,2,2,1,1,5,1,3,1,2,2,2,2,2,2,2,2,2,2,1,1,1,1,1,2,2,1,2,1,2,0,0,0
2008,4,15,1,40730,1,9,1,2,1,2,4,2,1,2,2,2,1,2,2,2,1,2,2,2,2,2,2,2,2,2,2,2,2,2,2,0,0,0
2008,4,13,1,40731,1,9,2,2,1,2,3,3,6,2,2,2,2,2,2,2,2,2,2,2,1,2,2,2,2,2,2,2,2,1,2,0,0,0
2008,4,13,1,40732,1,9,2,1,1,2,1,3,2,2,2,2,3,2,1,1,2,2,2,2,1,2,2,2,2,2,2,2,2,2,2,0,0,0
2008,4,15,1,40733,1,9,1,1,3,2,1,2,1,1,1,2,2,2,1,1,2,2,2,2,3,2,2,2,2,2,1,1,1,1,1,0,0,0
2008,4,3,1,40734,1,9,1,2,1,1,3,1,4,1,1,2,3,2,2,1,2,2,2,1,3,2,2,2,2,2,1,1,2,2,2,0,0,0
2008,4,1,1,40735,1,9,1,2,4,2,3,2,1,2,1,1,1,2,2,2,2,2,1,2,1,2,2,2,2,2,2,2,1,2,2,1,1,1
2008,4,13,1,40736,1,9,2,2,1,2,3,2,5,2,1,2,2,2,1,1,2,2,2,2,1,2,2,1,1,1,2,1,2,2,2,0,0,0
2008,4,15,1,40737,1,9,2,2,1,2,5,2,3,1,1,2,3,2,2,2,2,2,2,2,3,2,2,2,2,1,2,2,1,2,2,0,0,0
2008,4,21,1,40738,1,9,1,2,1,2,4,3,1,1,2,2,1,2,2,2,1,2,2,2,3,2,2,2,2,1,2,2,2,2,2,0,0,0
2008,4,25,1,40739,1,9,2,2,1,1,5,1,4,1,2,2,2,2,2,1,2,2,2,2,3,1,2,1,2,2,2,2,2,2,2,0,0,0
2008,4,13,1,40740,1,9,2,2,1,1,3,1,2,2,2,1,2,2,1,1,2,2,2,2,1,2,2,2,2,2,2,2,2,2,2,0,0,0
2008,4,25,1,40741,1,9,1,2,3,2,5,2,1,2,2,2,1,2,2,1,2,2,1,2,1,2,2,2,2,2,2,2,1,1,2,0,0,0
2008,4,15,1,40742,1,9,1,2,1,2,4,3,4,1,1,2,2,2,2,2,2,2,2,2,3,1,1,1,1,2,2,1,2,1,2,0,0,0
2008,4,25,1,40743,1,9,1,2,4,2,5,2,1,1,1,2,1,1,2,2,2,2,1,2,2,2,2,2,2,2,2,2,1,2,2,0,0,0
2008,4,15,1,40744,1,9,2,2,4,1,3,1,1,2,1,2,2,2,2,1,2,2,2,2,1,1,1,1,1,2,2,1,2,2,2,0,0,0
2008,4,25,1,40745,1,9,1,2,1,2,3,2,3,1,2,2,2,2,1,2,2,2,2,2,3,2,2,2,2,1,2,2,1,1,2,0,0,0
2008,4,17,1,40746,1,9,1,2,4,2,6,2,1,1,1,2,1,2,2,1,2,2,1,2,1,2,2,2,2,2,2,2,1,2,2,0,0,0
2008,4,12,1,40747,1,9,1,2,1,1,3,1,4,1,2,2,2,2,1,1,2,2,2,2,3,2,2,2,2,1,2,2,2,2,2,0,0,0
2008,4,13,1,40748,1,9,2,2,4,1,4,1,1,2,2,2,1,2,2,1,2,2,1,2,1,2,2,2,2,2,1,1,2,1,2,0,0,0
2008,4,13,1,40749,1,9,2,2,1,1,4,1,3,2,1,2,2,2,1,2,2,2,2,2,3,2,2,2,2,2,2,2,2,1,2,0,0,0
2008,4,13,1,40750,1,9,2,2,1,1,3,1,1,2,1,2,1,2,2,2,1,2,2,2,3,1,1,1,1,2,2,1,2,2,2,0,0,0
2008,4,13,1,40751,1,9,2,2,4,2,3,2,1,2,2,2,1,2,2,1,2,2,2,2,1,2,2,2,2,2,1,1,1,2,2,0,0,0
2008,4,19,1,40752,1,9,2,2,4,2,5,2,1,2,2,2,1,2,2,1,2,2,1,2,1,2,2,2,2,2,1,1,1,2,2,0,0,0
2008,4,19,1,40753,1,9,2,2,4,1,4,1,1,2,2,2,1,2,2,2,2,2,2,2,1,2,2,2,2,2,2,2,2,1,2,0,0,0
2008,4,19,2,40754,1,9,2,2,1,1,2,1,4,2,1,2,2,2,2,1,2,2,1,2,1,2,2,2,2,2,1,1,2,2,2,0,0,0
2008,4,19,1,40755,1,9,2,2,1,2,3,2,2,2,2,2,2,2,2,1,2,2,2,2,1,2,2,2,2,2,2,2,2,1,2,0,0,0
2008,4,19,1,40756,1,9,2,2,4,1,4,1,1,2,1,2,1,2,2,1,2,2,2,2,1,2,2,2,2,2,1,1,2,2,2,0,0,0
2008,4,13,1,40757,1,9,1,2,4,2,6,2,1,1,2,2,1,2,2,1,2,2,1,2,1,2,2,2,2,2,2,2,1,2,2,0,0,0
2008,4,13,1,40758,1,9,1,2,3,2,6,2,1,1,1,2,1,2,2,2,2,2,2,2,2,2,2,2,2,2,2,2,1,2,2,0,0,0
2008,4,13,1,40759,1,9,2,2,1,2,3,2,1,1,1,2,1,2,2,2,1,2,2,2,3,2,2,2,2,2,2,2,2,2,2,0,0,0
2008,4,17,1,40760,1,9,1,2,4,2,5,2,1,1,1,2,1,2,2,1,2,2,1,2,3,2,2,2,2,2,2,2,1,2,1,1,1,1
2008,4,1,1,40761,1,9,1,2,1,2,6,2,1,1,2,2,1,2,2,2,2,2,1,2,3,2,2,2,2,2,2,2,1,2,2,0,0,0
2008,4,13,1,40762,1,9,2,2,4,2,5,2,1,2,1,2,1,2,2,2,2,2,1,2,1,2,2,2,2,2,1,1,1,2,2,0,0,0
2008,4,1,1,40763,1,9,1,2,6,3,6,4,1,1,1,2,1,2,2,2,2,2,2,2,3,2,2,2,2,2,2,2,2,2,2,1,1,1
2008,4,13,1,40765,1,9,2,2,1,2,3,2,1,2,1,1,1,2,2,2,2,2,2,2,1,2,2,2,2,2,2,2,2,2,2,0,0,0
2008,4,7,1,40766,1,9,1,2,1,2,5,2,3,1,1,2,2,2,2,2,2,2,2,2,1,2,2,2,2,2,2,2,1,2,2,1,1,1
2008,4,5,1,40767,1,9,1,2,1,2,3,2,4,1,2,2,2,2,2,2,2,2,2,2,3,2,2,1,1,2,2,1,1,2,2,1,1,1
2008,4,13,1,40768,1,9,1,2,1,2,3,2,5,1,2,2,2,2,1,2,2,2,2,2,3,2,2,2,2,1,2,2,2,1,2,0,0,0
2008,4,21,1,40769,1,9,1,2,4,2,6,2,1,1,2,2,1,2,2,1,2,2,1,2,1,2,2,2,2,2,2,2,1,2,2,0,0,0
2008,4,13,1,40770,1,9,2,2,1,1,3,1,6,2,2,1,2,2,1,2,2,2,2,2,3,2,2,2,2,2,2,2,2,2,2,0,0,0
2008,4,13,1,40771,1,9,2,2,1,1,3,1,1,2,2,2,1,2,2,2,1,2,2,2,3,2,2,2,2,1,2,2,2,2,2,0,0,0
2008,4,25,1,40772,1,9,2,2,4,1,4,1,1,2,2,2,1,2,2,1,2,2,2,2,2,1,1,1,1,2,2,1,2,2,2,0,0,0
2008,4,13,1,40773,1,9,2,2,4,2,5,2,1,2,1,2,1,2,2,1,2,2,1,2,1,1,1,1,1,2,2,1,1,2,2,0,0,0
2008,4,13,1,40774,1,9,2,2,1,2,4,2,1,2,2,1,1,2,2,2,1,2,2,2,3,2,2,2,2,2,2,2,2,2,2,0,0,0
2008,4,13,1,40775,1,9,2,2,1,1,5,1,2,2,2,1,2,2,2,1,2,2,2,2,2,2,2,2,2,1,2,2,2,2,2,0,0,0
2008,4,5,1,40776,1,9,1,2,1,2,5,2,2,1,1,2,2,2,2,1,2,2,2,2,3,1,1,1,1,2,2,1,2,2,2,0,0,0
2008,4,13,1,40777,1,9,2,2,1,1,4,1,1,2,1,2,1,2,2,2,1,2,2,2,2,2,2,2,2,2,1,1,2,2,2,0,0,0
2008,4,13,1,40778,1,9,2,2,1,2,3,2,3,1,1,2,2,2,2,2,2,2,2,2,3,2,2,2,2,2,2,2,1,2,2,0,0,0
2008,4,1,1,40779,1,9,1,2,6,3,5,4,1,1,2,1,1,2,2,2,2,2,1,2,3,2,2,2,2,2,2,2,2,2,2,1,1,1
2008,4,13,1,40780,1,9,2,2,1,2,3,2,1,2,2,1,1,2,2,2,1,2,2,2,3,2,2,2,2,2,2,2,2,2,2,0,0,0
2008,4,13,1,40781,1,9,2,2,1,1,5,1,3,1,1,2,2,2,2,2,2,2,2,2,2,2,2,2,2,1,2,2,2,2,2,0,0,0
2008,4,13,1,40782,1,9,2,2,1,1,3,1,4,1,1,2,2,2,1,2,2,2,2,2,2,2,2,2,2,1,2,2,2,1,2,0,0,0
2008,4,13,1,40784,1,9,2,2,2,2,4,2,2,1,2,2,1,2,2,2,2,2,2,2,3,2,2,2,2,1,2,2,2,1,2,0,0,0
2008,4,23,1,40785,1,9,1,2,4,2,6,2,1,1,2,2,1,2,2,2,2,2,1,2,2,2,2,2,2,2,2,2,1,2,2,0,0,0
2008,4,15,1,40786,1,9,1,2,6,3,6,4,1,3,1,2,1,2,2,2,1,2,2,2,3,2,2,2,2,2,2,2,2,2,2,1,0,1
2008,4,19,1,40787,1,9,2,2,1,1,3,1,1,2,2,2,1,2,2,2,1,2,2,2,3,2,2,2,2,2,2,2,2,2,2,0,0,0
2008,4,9,1,40788,1,9,1,2,1,2,4,2,1,2,1,2,1,2,2,2,1,2,2,2,3,2,2,2,2,1,2,2,2,2,2,1,1,1
2008,4,5,1,40790,1,9,2,2,1,3,3,4,1,2,1,2,1,2,2,2,1,2,2,2,3,2,2,2,2,2,2,2,2,2,2,0,0,0
2008,4,13,1,40791,1,9,2,2,1,2,3,3,4,1,1,2,2,2,1,2,2,2,2,2,3,2,2,2,2,1,2,2,2,2,2,0,0,0
2008,4,17,2,40792,1,9,1,2,1,2,3,2,3,1,1,2,2,2,2,2,2,2,2,2,2,2,2,2,2,1,2,2,1,1,2,0,0,0
2008,4,21,1,40793,1,9,1,1,1,2,1,2,2,2,1,2,2,1,2,2,2,2,2,2,1,2,2,2,2,2,2,2,2,2,2,1,1,1
2008,4,5,2,40794,1,9,1,2,1,2,3,2,3,1,1,2,2,2,2,2,2,2,2,2,2,2,2,2,2,2,1,1,1,2,2,1,1,1
2008,4,13,1,40795,1,9,2,2,4,1,4,1,1,2,1,2,1,2,2,2,2,2,2,2,2,2,2,2,2,2,2,2,2,2,2,0,0,0
2008,4,5,1,40796,1,9,1,2,4,2,3,2,1,1,1,2,1,2,2,2,2,2,1,2,1,1,1,1,1,2,2,1,1,1,1,1,1,1
2008,4,3,1,40797,1,9,1,2,1,2,5,3,3,1,1,2,2,1,2,2,2,2,2,2,3,1,1,1,1,1,2,1,2,2,2,0,0,0
2008,4,13,1,40798,1,9,2,2,4,2,2,3,1,2,2,2,1,2,2,1,2,2,1,2,2,1,1,1,1,2,2,1,1,1,2,0,0,0
2008,4,3,1,40799,1,9,1,2,4,2,3,2,1,1,1,2,1,2,2,1,2,2,2,2,3,2,2,2,2,2,2,2,1,2,2,0,0,0
2008,4,13,1,40800,1,9,2,2,1,1,3,1,2,1,1,2,2,1,2,2,2,2,2,2,3,2,2,2,2,1,2,2,2,1,2,0,0,0
2008,4,7,1,40801,1,9,1,2,1,2,3,2,2,1,1,2,2,1,2,1,2,2,2,2,3,2,2,2,2,2,2,2,2,2,2,0,0,0
2008,4,12,1,40802,1,9,1,1,4,2,1,2,1,2,2,2,1,2,2,1,2,2,1,2,3,1,1,1,1,2,2,1,1,2,1,0,0,0
2008,4,19,1,40803,1,9,2,2,4,2,3,2,1,2,2,2,1,2,1,1,2,2,2,2,1,2,2,2,2,2,2,2,1,2,2,0,0,0
2008,4,5,1,40804,1,9,1,1,2,2,1,3,2,2,2,2,2,1,2,1,2,2,2,2,2,2,2,2,2,2,2,2,1,2,2,0,0,0
2008,4,15,1,40805,1,9,1,2,1,2,3,2,1,2,2,2,2,2,2,2,1,2,2,2,3,2,2,2,2,2,2,2,2,2,2,1,0,1
2008,4,13,1,40806,1,9,1,2,1,2,5,2,3,2,2,2,2,2,2,2,2,2,2,2,3,2,2,2,2,2,2,2,1,2,2,0,0,0
2008,4,19,1,40807,1,9,2,2,1,2,6,2,2,2,2,2,2,2,1,1,2,2,2,2,1,1,1,1,1,2,1,1,2,1,2,0,0,0
2008,4,19,1,40808,1,9,2,2,1,1,3,1,4,1,1,2,2,2,2,2,2,2,1,2,3,2,2,2,2,2,2,2,2,2,2,0,0,0
2008,4,1,1,40809,1,9,1,1,3,2,1,2,1,1,1,2,1,2,2,1,2,2,1,2,3,2,2,2,2,2,2,2,1,2,2,1,1,1
2008,4,27,1,40810,1,9,2,1,4,2,1,2,1,1,1,2,1,2,2,1,2,2,1,2,1,2,2,2,2,2,2,2,1,2,2,0,0,0
2008,4,19,1,40811,1,9,2,2,1,2,4,2,1,2,1,2,1,2,2,2,1,2,2,2,3,2,2,2,2,2,1,1,2,2,2,0,0,0
2008,4,19,2,40812,1,9,2,2,4,2,5,2,1,1,1,2,1,2,2,1,2,2,2,1,1,2,2,2,2,2,1,1,1,2,2,0,0,0
2008,4,1,1,40813,1,9,1,2,4,3,6,4,1,2,2,2,1,2,2,2,2,2,1,2,3,1,2,1,2,2,2,2,1,1,2,0,1,1
2008,4,13,2,40814,1,9,1,2,1,1,5,1,4,1,2,2,2,2,1,2,2,2,2,2,3,2,2,2,2,1,2,2,2,1,2,0,0,0
2008,4,13,1,40815,1,9,2,2,6,2,2,3,1,2,1,2,1,2,2,1,2,2,1,2,1,2,2,2,2,2,1,1,1,2,2,0,0,0
2008,4,13,1,40816,1,9,2,2,1,2,3,2,1,2,2,1,1,2,2,1,1,2,2,2,1,2,2,2,2,2,1,1,2,2,2,0,0,0
2008,4,13,1,40817,1,9,2,2,1,1,3,1,1,2,2,2,1,2,2,2,2,2,2,2,3,2,2,2,2,2,1,1,2,2,2,0,0,0
2008,4,25,1,40819,1,9,2,2,1,1,4,1,4,2,1,2,2,2,2,1,2,2,1,1,1,2,2,2,2,1,1,1,2,2,2,0,0,0
2008,4,23,1,40820,1,9,2,2,4,2,6,2,1,2,1,2,1,2,1,1,2,2,2,2,1,2,2,2,2,2,2,2,1,2,2,0,0,0
2008,4,13,1,40821,1,9,2,2,1,2,5,3,4,1,1,2,2,2,1,2,2,2,2,2,2,1,1,1,1,2,2,1,2,2,2,0,0,0
2008,4,19,1,40822,1,9,2,2,1,2,3,2,1,1,1,2,1,2,1,2,2,2,2,2,3,2,2,2,2,1,2,2,2,2,2,0,0,0
2008,4,19,1,40823,1,9,2,2,1,2,3,2,2,1,2,2,2,2,1,1,2,2,2,2,1,2,2,2,2,2,1,1,2,2,2,0,0,0
2008,4,13,1,40824,1,9,2,2,1,1,3,1,2,1,1,2,2,2,2,1,2,2,2,2,3,2,2,2,2,1,2,2,2,2,2,0,0,0
2008,4,13,1,40825,1,9,2,2,1,2,4,2,1,1,1,2,1,2,2,2,2,1,2,2,3,1,1,1,1,2,2,1,2,2,2,0,0,0
2008,4,13,1,40826,1,9,2,2,1,1,3,1,4,1,2,2,2,2,1,2,2,2,2,2,2,2,2,2,2,2,2,2,2,2,2,0,0,0
2008,4,13,1,40827,1,9,2,2,1,1,6,1,1,1,2,2,1,2,2,1,2,2,1,2,2,2,2,2,2,2,2,2,2,2,2,0,0,0
2008,4,21,1,40828,1,9,2,2,1,2,5,2,1,2,2,1,1,2,2,2,1,2,2,2,3,2,2,2,2,2,2,2,2,2,2,0,0,0
2008,4,13,1,40829,1,9,2,2,4,2,6,2,1,2,1,2,1,2,1,1,2,2,2,2,1,2,2,2,2,2,2,2,1,2,2,0,0,0
2008,4,13,2,40830,1,9,2,2,4,2,5,2,1,2,1,2,1,2,2,1,2,2,2,2,1,1,1,1,1,2,2,1,1,2,2,0,0,0
2008,4,13,1,40831,1,9,2,2,1,2,4,2,2,1,2,2,2,2,1,1,2,2,2,2,2,2,2,2,2,2,2,2,2,2,2,0,0,0
2008,4,19,1,40832,1,9,1,2,4,2,6,2,1,2,1,1,1,2,2,2,2,2,1,2,2,2,2,2,2,2,2,2,1,2,2,1,1,1
2008,4,13,1,40833,1,9,2,2,1,1,3,1,1,1,2,2,1,2,2,2,1,2,2,2,2,2,2,2,2,1,2,2,2,1,2,0,0,0
2008,4,19,1,40834,1,9,2,2,1,1,5,1,4,1,1,2,2,2,2,2,2,2,2,2,3,2,2,2,2,1,2,2,2,2,2,0,0,0
2008,4,19,1,40835,1,9,1,1,1,2,1,2,3,2,2,2,2,2,2,2,2,2,1,2,1,2,2,2,2,2,1,1,1,2,2,0,0,0
2008,4,13,1,40836,1,9,2,2,1,2,3,2,1,2,1,2,1,2,2,2,1,2,2,2,2,2,2,2,2,2,2,2,2,2,2,0,0,0
2008,4,17,1,40837,1,9,1,2,1,2,6,2,1,1,1,2,1,2,2,1,2,2,1,2,3,2,2,2,2,2,2,2,2,2,2,0,1,1
2008,4,1,1,40838,1,9,1,2,1,3,5,4,7,1,1,2,2,2,2,2,2,2,1,2,3,2,2,2,2,2,2,2,2,2,2,1,1,1
2008,4,1,1,40839,1,9,1,2,4,2,5,2,1,1,2,1,1,2,2,2,1,2,2,2,3,2,2,2,2,2,2,2,1,2,2,1,1,1
2008,4,1,2,40840,1,9,1,2,1,1,5,1,4,1,2,2,2,2,2,1,2,2,1,2,3,2,2,2,2,1,2,2,2,1,2,1,1,1
2008,4,12,1,40841,1,9,1,2,1,2,6,2,1,2,1,2,1,2,2,2,1,2,2,2,1,2,2,2,2,1,2,2,2,2,2,1,1,1
2008,4,1,1,40842,1,9,1,2,6,3,5,4,1,2,2,2,1,2,2,2,2,2,2,2,2,2,2,2,2,2,2,2,2,2,2,1,1,1
2008,4,5,1,40843,1,9,1,2,1,3,4,4,1,1,1,2,1,2,2,2,1,2,2,2,3,2,2,2,2,2,2,2,2,2,2,0,1,1
2008,4,13,1,40844,1,9,2,2,1,1,4,1,4,1,1,2,2,2,2,2,2,2,1,2,1,1,1,1,1,2,2,1,2,2,2,0,0,0
2008,4,19,1,40845,1,9,2,2,1,2,4,2,2,1,1,2,2,2,2,1,2,2,2,2,3,2,2,2,2,2,2,2,2,2,2,0,0,0
2008,4,13,1,40846,1,9,1,2,1,2,6,2,1,1,2,2,2,2,1,1,2,2,2,2,3,2,2,2,2,2,2,2,2,2,2,0,0,0
2008,4,1,1,40847,1,9,1,2,6,3,6,4,7,1,2,2,1,2,2,2,2,2,2,2,3,2,2,2,2,2,2,2,2,2,2,0,1,1
2008,4,7,1,40848,1,9,1,2,4,2,5,2,1,2,2,2,1,2,2,2,2,2,1,2,1,2,2,2,2,2,2,2,1,2,2,1,1,1
2008,4,1,1,40849,1,9,1,2,1,2,6,2,1,2,2,2,1,2,2,2,2,2,1,2,3,2,2,2,2,2,2,2,1,1,2,0,1,1
2008,4,17,1,40850,1,9,1,2,6,3,6,4,1,2,1,2,1,2,2,2,2,2,2,2,3,2,2,2,2,2,2,2,2,2,2,0,1,1
2008,4,5,1,40851,1,9,1,2,6,3,6,4,7,2,2,2,1,2,2,2,2,2,2,2,2,2,2,2,2,2,2,2,2,2,2,0,1,1
2008,4,1,1,40852,1,9,1,2,6,3,6,4,1,1,2,2,1,2,2,2,2,2,1,2,2,2,2,2,2,2,2,2,2,2,2,0,1,1
2008,4,21,1,40853,1,9,1,2,1,2,6,2,4,2,2,2,2,2,2,2,2,2,2,2,1,1,1,1,1,2,2,1,2,2,2,0,0,0
2008,4,13,1,40854,1,9,2,2,3,2,4,2,1,1,1,2,1,2,1,2,2,2,2,2,1,2,2,2,2,2,2,2,1,2,2,0,0,0
2008,4,13,1,40855,1,9,2,2,1,1,3,1,4,2,1,2,2,2,2,2,2,2,2,2,3,2,2,2,2,1,2,2,2,2,2,0,0,0
2008,4,5,1,40856,1,9,1,2,1,2,6,2,1,2,2,2,1,2,2,2,2,2,1,2,3,1,1,1,1,2,2,1,1,2,2,1,1,1
2008,4,1,1,40857,1,9,1,2,6,3,4,4,1,3,2,2,1,2,2,2,2,2,1,2,3,2,2,2,2,2,2,2,2,2,2,1,1,1
2008,4,7,1,40858,1,9,1,2,1,2,4,2,1,2,2,2,1,2,2,2,1,2,2,2,2,2,2,2,2,2,2,2,2,2,2,1,1,1
2008,5,27,1,50001,1,7,1,2,4,2,6,2,1,2,1,2,1,2,2,2,2,2,2,2,1,1,1,1,1,2,2,1,1,1,2,0,0,0
2008,5,43,1,50003,1,7,1,2,4,2,4,2,1,1,1,2,1,2,2,2,2,2,1,2,2,2,2,2,2,2,2,2,1,1,2,0,0,0
2008,5,139,1,50004,1,7,1,2,4,2,6,2,1,1,1,2,1,2,2,2,2,2,1,2,2,2,2,2,2,1,2,2,1,2,2,0,0,0
2008,5,17,1,50005,1,7,1,2,1,2,4,2,4,1,1,2,2,1,2,2,2,2,1,2,2,2,2,2,2,2,2,2,1,2,2,0,0,0
2008,5,119,1,50006,1,7,2,2,4,2,6,2,1,2,1,2,1,2,2,2,2,2,2,2,1,2,2,2,2,2,1,1,1,2,2,0,0,0
2008,5,141,1,50007,1,7,1,2,1,1,6,1,3,1,1,2,2,2,2,2,2,2,2,2,3,1,1,1,1,2,2,1,2,2,2,0,0,0
2008,5,119,1,50008,1,7,2,2,1,2,3,2,1,2,2,2,1,2,2,2,1,2,2,2,2,1,1,1,1,2,2,1,2,2,2,0,0,0
2008,5,93,1,50009,1,7,1,1,3,2,1,2,1,1,2,2,1,2,2,2,2,2,1,2,3,2,2,1,1,2,2,1,1,2,2,0,0,0
2008,5,85,1,50010,1,7,1,2,1,1,4,1,4,1,2,2,2,2,2,2,2,2,2,2,3,1,1,1,1,2,1,1,2,2,2,0,0,0
2008,5,31,1,50011,1,7,1,2,4,2,6,2,1,2,1,2,1,2,2,2,2,2,1,2,1,2,2,2,2,2,2,2,1,2,2,0,0,0
2008,5,135,1,50012,1,7,1,2,2,2,3,2,4,1,1,2,2,2,2,2,2,2,1,2,3,2,2,2,2,1,2,2,1,2,2,0,0,0
2008,5,85,1,50013,1,7,1,2,1,2,4,2,2,2,1,2,2,1,2,2,2,2,2,2,1,2,2,2,2,2,1,1,2,2,2,0,0,0
2008,5,81,1,50014,1,7,1,2,4,2,3,2,1,2,2,2,1,2,2,2,2,2,1,2,1,2,2,2,2,2,2,2,1,1,2,0,0,0
2008,5,89,1,50015,1,7,1,2,1,2,5,2,3,2,2,2,2,2,2,2,2,2,2,2,1,2,2,2,2,2,2,2,1,2,2,0,0,0
2008,5,119,1,50016,1,7,2,2,1,1,3,1,4,1,1,2,2,2,1,2,2,2,2,2,1,2,2,2,2,2,2,2,2,1,2,0,0,0
2008,5,69,1,50017,1,7,2,2,1,2,6,2,1,2,1,2,1,2,2,2,1,2,2,2,2,2,2,2,2,2,2,2,2,2,2,0,0,0
2008,5,109,1,50018,1,7,1,2,1,2,4,2,3,1,1,2,2,1,2,2,2,2,2,2,3,2,2,2,2,2,2,2,1,2,2,0,0,0
2008,5,119,2,50019,1,7,2,2,1,2,6,2,1,2,1,2,1,2,2,2,1,2,2,2,2,2,2,2,2,2,2,2,2,2,2,0,0,0
2008,5,107,1,50020,1,7,1,2,4,2,6,2,1,2,1,2,1,2,2,2,2,2,1,2,1,2,2,2,2,2,2,2,1,1,2,0,0,0
2008,5,119,1,50021,1,7,1,2,4,2,5,2,1,2,1,2,1,2,2,1,2,2,1,2,1,2,2,2,2,2,2,2,1,1,2,0,0,0
2008,5,51,1,50022,1,7,1,2,1,1,3,1,4,1,1,2,2,2,2,1,2,2,2,2,3,2,2,2,2,1,2,2,2,2,2,0,0,0
2008,5,57,1,50023,1,7,2,2,1,1,4,1,4,1,1,2,2,1,2,2,2,2,2,2,3,2,2,2,2,1,2,2,2,2,2,0,0,0
2008,5,143,1,50024,1,7,2,1,3,2,1,2,4,2,1,2,2,2,2,2,2,2,1,2,1,2,2,2,2,1,2,2,1,2,2,0,0,0
2008,5,35,1,50025,1,7,1,2,4,2,5,2,1,1,1,2,1,1,2,2,2,2,1,2,2,2,2,2,2,2,2,2,1,1,2,0,0,0
2008,5,131,1,50026,1,7,2,2,4,1,3,1,1,2,1,2,1,2,2,2,2,2,2,2,2,2,2,2,2,2,2,2,2,2,2,0,0,0
2008,5,139,1,50027,1,7,1,2,1,2,4,2,1,2,1,2,1,2,2,2,2,2,1,2,3,2,2,2,2,2,2,2,1,1,1,0,0,0
2008,5,19,1,50028,1,7,1,1,3,2,1,2,1,1,1,2,2,1,2,1,2,2,2,2,2,1,1,1,1,2,2,1,1,2,2,0,0,0
2008,5,35,2,50029,1,7,1,1,1,2,1,2,3,2,2,2,2,2,2,2,2,2,2,2,3,2,2,2,2,2,2,2,2,1,2,0,0,0
2008,5,45,1,50030,1,7,1,2,4,2,5,2,1,2,2,2,1,2,2,2,2,2,2,2,1,2,2,2,2,2,1,1,1,2,2,0,0,0
2008,5,119,1,50031,1,7,2,2,1,2,6,2,4,2,2,2,2,2,2,2,2,2,2,2,1,2,2,2,2,2,2,2,1,2,2,0,0,0
2008,5,145,1,50032,1,7,1,2,4,2,3,2,1,2,2,2,1,2,2,2,2,2,2,2,1,1,1,1,1,2,2,1,1,2,2,0,0,0
2008,5,103,1,50033,1,7,1,2,4,2,4,2,1,2,2,2,1,2,2,2,2,2,1,2,1,2,2,2,2,2,1,1,1,2,2,0,0,0
2008,5,117,1,50034,1,7,1,1,4,2,1,2,1,1,1,2,1,2,2,2,2,2,2,2,2,2,2,2,2,2,2,2,1,2,2,0,0,0
2008,5,15,1,50035,1,7,1,2,4,2,4,2,1,1,1,2,1,2,2,2,2,2,1,2,2,2,2,2,2,2,2,2,1,1,2,0,0,0
2008,5,21,1,50036,1,7,1,2,1,2,3,2,3,1,1,2,2,1,2,2,2,2,2,2,3,2,2,2,2,2,2,2,1,1,2,0,0,0
2008,5,45,1,50037,1,7,1,2,1,2,5,2,1,1,1,2,1,2,2,2,2,2,2,2,1,2,2,2,2,2,2,2,2,2,2,0,0,0
2008,5,121,1,50038,1,7,1,2,4,2,6,2,1,2,1,2,1,2,2,2,2,2,1,2,2,1,1,1,1,2,2,1,1,1,2,0,0,0
2008,5,113,2,50039,1,7,1,2,1,2,3,2,4,1,1,2,2,1,2,2,2,2,2,2,2,2,2,2,2,2,2,2,1,1,2,0,0,0
2008,5,119,1,50040,1,7,2,2,1,2,3,2,4,2,1,2,2,1,2,2,2,2,2,2,2,2,2,2,2,2,2,2,2,2,2,0,0,0
2008,5,107,1,50041,1,7,2,2,4,1,6,1,1,1,1,2,1,2,2,2,2,2,2,2,3,1,1,1,1,2,2,1,2,2,2,0,0,0
2008,5,131,1,50042,1,7,2,2,1,2,3,2,2,1,2,2,2,2,1,2,2,2,2,2,3,2,2,2,2,2,2,2,2,1,2,0,0,0
2008,5,31,1,50043,1,7,2,2,1,1,3,1,4,1,2,2,2,2,2,2,2,2,2,2,1,2,2,2,2,2,2,2,2,2,2,0,0,0
2008,5,143,1,50044,1,7,2,2,4,1,6,1,1,2,2,2,1,2,2,1,2,2,2,2,1,1,2,1,2,2,2,2,2,1,2,0,0,0
2008,5,33,1,50045,1,7,1,1,1,2,1,2,3,1,1,2,2,1,2,2,2,2,2,2,2,2,2,2,2,2,2,2,1,2,2,0,0,0
2008,5,69,1,50046,1,7,2,2,4,2,3,2,1,2,1,2,1,2,2,2,2,2,2,2,1,2,2,2,2,2,2,2,1,1,2,0,0,0
2008,5,69,4,50047,1,7,1,1,1,2,1,2,3,2,1,2,2,2,2,2,2,2,2,2,1,2,2,2,2,2,2,2,1,2,2,0,0,0
2008,5,7,1,50048,1,7,1,2,4,2,3,2,1,1,1,2,2,1,2,1,2,2,2,2,2,2,2,2,2,2,2,2,1,1,2,0,0,0
2008,5,143,1,50049,1,7,1,1,2,2,1,2,1,2,1,2,1,1,2,2,2,2,2,2,2,2,2,2,2,1,2,2,1,1,2,0,0,0
2008,5,107,1,50050,1,7,1,2,1,2,3,2,3,1,1,2,2,2,2,2,2,2,2,2,3,2,2,2,2,2,2,2,1,2,2,0,0,0
2008,5,9,2,50051,1,7,2,2,1,2,3,2,4,2,2,2,2,2,2,2,2,2,2,2,2,2,2,2,2,2,1,1,2,2,2,0,0,0
2008,5,59,1,50052,1,7,1,1,4,2,1,2,1,2,2,2,1,2,2,2,2,2,1,2,2,2,2,2,2,2,2,2,1,2,2,0,0,0
2008,5,31,1,50053,1,7,1,2,1,1,6,1,3,1,2,2,2,2,1,2,2,2,2,2,2,2,2,2,2,2,1,1,2,1,2,0,0,0
2008,5,119,1,50054,1,7,2,2,4,2,6,2,1,2,2,2,1,2,2,2,2,2,1,2,1,2,2,2,2,2,2,2,1,2,2,0,0,0
2008,5,51,1,50055,1,7,1,2,4,1,4,1,1,1,2,2,1,2,2,2,2,2,2,2,2,2,2,2,2,2,2,2,2,1,2,0,0,0
2008,5,5,1,50056,1,7,1,2,1,2,3,2,4,1,1,2,2,2,2,1,2,2,2,2,2,2,2,2,2,2,2,2,1,1,2,0,0,0
2008,5,119,1,50057,1,7,2,2,1,2,6,2,1,2,1,2,1,2,2,2,1,2,2,2,2,2,2,2,2,2,2,2,2,2,2,0,0,0
2008,5,53,1,50058,1,7,1,2,1,2,5,2,1,1,1,2,1,2,2,2,2,2,2,2,2,2,2,2,2,2,2,2,2,2,2,0,0,0
2008,5,131,1,50059,1,7,2,1,1,2,1,2,3,1,1,2,2,2,2,2,2,2,1,2,2,1,1,1,1,2,2,1,1,2,2,0,0,0
2008,5,67,1,50060,1,7,1,2,2,2,3,2,3,2,2,2,2,1,2,2,2,2,2,2,3,2,2,2,2,2,2,2,1,2,2,0,0,0
2008,5,51,1,50061,1,7,1,2,4,2,6,2,1,1,2,2,1,2,2,2,2,2,2,2,1,2,2,2,2,2,2,2,1,1,2,0,0,0
2008,5,43,1,50062,1,7,1,2,4,2,6,2,1,1,2,2,1,2,2,1,2,2,1,2,2,2,2,2,2,2,1,1,1,1,2,0,0,0
2008,5,7,1,50063,1,7,2,2,1,2,3,2,4,2,2,2,2,2,2,2,2,2,2,2,1,2,2,2,2,2,2,2,1,2,2,0,0,0
2008,5,119,1,50064,1,7,2,1,1,2,1,2,3,2,2,2,2,2,2,2,2,2,2,2,1,2,2,2,2,2,2,2,2,1,2,0,0,0
2008,5,33,2,50065,1,7,2,1,1,2,1,2,3,1,2,2,2,1,2,2,2,2,2,2,2,2,2,2,2,2,2,2,1,2,2,0,0,0
2008,5,87,1,50066,1,7,1,2,4,2,3,2,1,2,2,2,1,2,2,2,2,2,2,2,1,2,2,2,2,2,2,2,1,1,2,0,0,0
2008,5,85,1,50067,1,7,1,1,1,2,1,2,4,2,2,1,3,1,2,2,2,2,2,2,3,2,2,2,2,2,2,2,2,2,2,0,0,0
2008,5,75,1,50068,1,7,1,2,1,1,3,1,2,1,1,2,3,2,2,2,2,2,2,2,3,2,2,2,2,1,2,2,2,2,2,0,0,0
2008,5,119,1,50069,1,7,2,2,1,2,6,2,1,2,2,1,1,2,2,2,1,2,2,2,3,2,2,2,2,2,2,2,2,2,2,0,0,0
2008,5,95,1,50070,1,7,1,2,1,2,4,2,4,1,1,2,2,1,2,2,2,2,2,2,3,2,2,2,2,2,2,2,1,2,2,0,0,0
2008,5,119,1,50071,1,7,2,2,1,2,2,2,1,2,1,2,1,2,2,2,1,2,2,2,1,2,2,2,2,2,2,2,2,2,2,0,0,0
2008,5,139,1,50072,1,7,1,2,4,2,6,2,1,2,1,2,1,2,2,2,2,2,2,2,2,2,2,2,2,2,2,2,1,2,2,0,0,0
2008,5,3,1,50073,1,7,1,2,4,2,6,2,1,2,1,2,1,2,2,2,2,2,1,2,1,2,2,2,2,2,2,2,1,1,2,0,0,0
2008,5,105,3,50074,1,7,1,2,1,2,4,2,3,1,1,2,2,2,2,2,2,2,2,2,2,2,2,2,2,1,1,1,1,2,2,0,0,0
2008,5,149,1,50075,1,7,1,2,2,2,6,2,1,2,1,2,1,2,2,2,2,2,1,2,1,2,2,2,2,2,2,2,1,2,2,0,0,0
2008,5,119,1,50076,1,7,1,2,1,2,5,2,1,1,1,2,2,2,1,2,2,2,2,2,2,2,2,2,2,2,2,2,2,2,2,0,0,0
2008,5,9,1,50077,1,7,1,2,4,2,6,2,1,2,2,2,1,2,2,2,2,2,2,2,1,2,2,2,2,2,2,2,1,2,2,0,0,0
2008,5,15,1,50078,1,7,1,2,4,2,5,2,1,2,2,2,1,2,2,2,2,2,2,2,2,1,1,1,1,2,2,1,1,1,2,0,0,0
2008,5,45,1,50079,1,7,2,2,4,2,6,2,1,1,2,2,1,2,2,2,2,2,2,2,2,2,2,2,2,1,2,2,1,2,2,0,0,0
2008,5,7,1,50080,1,7,1,2,1,2,4,3,4,1,2,2,2,2,2,2,2,2,2,2,3,2,2,2,2,1,2,2,2,1,2,0,0,0
2008,5,115,1,50081,1,7,1,2,1,2,4,2,3,1,2,2,2,2,2,2,2,2,2,2,1,2,2,2,2,2,2,2,1,1,2,0,0,0
2008,5,119,1,50082,1,7,2,1,2,2,1,2,1,1,2,2,1,2,1,2,2,2,2,2,2,2,2,2,2,2,1,1,1,1,2,0,0,0
2008,5,45,1,50083,1,7,2,2,4,2,3,2,1,1,2,2,1,2,2,2,2,2,2,2,2,2,2,1,1,2,2,1,1,1,2,0,0,0
2008,5,33,1,50084,1,7,1,2,4,2,6,2,1,1,2,2,1,2,2,2,2,2,1,2,1,2,2,1,1,2,2,1,1,2,2,0,0,0
2008,5,145,1,50085,1,7,1,2,4,2,3,2,1,1,1,2,1,2,2,2,2,2,2,2,2,1,1,1,1,2,2,1,2,1,2,0,0,0
2008,5,61,1,50086,1,7,1,2,2,2,6,2,1,2,1,2,1,2,2,1,2,2,1,2,2,1,1,1,1,2,2,1,1,1,2,0,0,0
2008,5,93,1,50087,1,7,1,1,4,2,1,2,1,1,1,2,1,2,2,2,2,2,2,2,3,2,2,2,2,2,2,2,1,1,2,0,0,0
2008,5,29,1,50088,1,7,1,2,1,2,6,3,1,2,1,2,1,2,2,2,2,2,2,2,2,2,2,2,2,2,1,1,2,2,2,0,0,0
2008,5,87,2,50089,1,7,1,2,1,1,5,1,2,1,2,2,2,2,2,2,2,2,1,2,2,1,1,1,1,2,2,1,2,2,2,0,0,0
2008,5,25,1,50090,1,7,1,2,1,2,4,2,3,1,1,2,2,2,2,2,2,2,2,2,3,2,2,2,2,2,2,2,1,2,2,0,0,0
2008,5,119,1,50091,1,7,2,2,1,1,3,1,4,1,1,2,2,2,2,2,2,2,2,2,3,2,2,2,2,1,1,1,2,2,2,0,0,0
2008,5,117,1,50092,1,7,1,2,1,2,6,2,4,2,1,2,2,2,1,2,2,2,2,2,2,1,1,1,1,2,2,1,2,2,2,0,0,0
2008,5,39,1,50093,1,7,1,2,4,2,4,2,1,1,1,2,1,2,2,2,2,2,2,2,2,2,2,2,2,1,2,2,1,1,2,0,0,0
2008,5,45,1,50094,1,7,1,2,1,1,3,1,4,1,2,2,2,1,2,2,2,2,1,2,2,2,2,1,1,2,2,1,2,2,2,0,0,0
2008,5,55,1,50095,1,7,1,2,1,2,4,2,5,1,1,2,2,1,2,2,2,2,2,2,3,2,2,2,2,1,2,2,1,2,2,0,0,0
2008,5,69,1,50096,1,7,1,2,4,2,3,2,1,2,1,2,1,2,2,2,2,2,1,2,1,2,2,2,2,1,2,2,1,1,2,0,0,0
2008,5,133,1,50097,1,7,1,2,1,2,3,2,3,1,1,2,2,1,2,2,2,2,2,2,2,2,2,2,2,2,2,2,1,2,2,0,0,0
2008,5,139,1,50098,1,7,1,2,4,2,6,2,1,2,2,2,1,2,2,2,2,2,2,2,1,2,2,2,2,2,2,2,1,1,2,0,0,0
2008,5,119,1,50099,1,7,1,1,1,2,1,2,4,2,2,2,1,2,2,2,2,2,2,2,1,2,2,2,2,2,2,2,2,2,2,0,0,0
2008,5,37,1,50100,1,7,1,2,2,2,4,2,3,1,2,2,2,2,2,2,2,2,2,2,3,2,2,2,2,1,2,2,1,2,2,0,0,0
2008,5,95,1,50101,1,7,1,2,4,2,3,2,1,1,1,2,1,2,2,2,2,2,1,2,1,2,2,2,2,2,2,2,1,1,2,0,0,0
2008,5,131,1,50102,1,7,1,2,4,2,6,2,1,2,1,2,1,2,2,1,2,2,2,2,1,2,2,2,2,2,1,1,1,1,2,0,0,0
2008,5,47,1,50103,1,7,1,1,4,2,1,2,1,1,1,2,1,1,2,2,2,2,2,2,2,2,2,2,2,2,2,2,1,1,2,0,0,0
2008,5,131,1,50104,1,7,2,2,1,2,3,2,1,1,1,2,1,2,2,2,2,1,2,2,2,2,2,2,2,2,2,2,2,2,2,0,0,0
2008,5,31,1,50105,1,7,2,2,4,2,6,2,1,2,2,2,1,2,2,2,2,2,2,2,1,2,2,2,2,2,2,2,1,2,2,0,0,0
2008,5,125,1,50106,1,7,2,1,1,2,1,2,3,1,2,2,2,2,2,2,2,2,1,2,3,2,2,2,2,2,2,2,1,1,2,0,0,0
2008,5,149,1,50107,1,7,1,2,4,2,6,2,1,2,2,2,1,2,2,2,2,2,2,2,1,2,2,2,2,2,2,2,1,2,2,0,0,0
2008,5,119,1,50108,1,7,2,2,1,2,6,2,4,1,1,2,2,2,2,2,2,2,1,2,3,2,2,2,2,2,2,2,1,2,2,0,0,0
2008,5,69,1,50109,1,7,2,2,1,2,4,2,4,1,1,2,3,2,2,2,2,2,2,2,3,1,1,1,1,2,2,1,2,2,2,0,0,0
2008,5,5,1,50110,1,7,1,2,4,2,4,2,1,1,1,2,1,2,1,2,2,2,2,2,2,2,2,2,2,2,2,2,1,1,2,0,0,0
2008,5,123,1,50111,1,7,2,2,1,2,3,3,4,2,1,2,3,2,2,2,2,2,1,2,3,2,2,2,2,1,2,2,2,2,2,0,0,0
2008,5,125,1,50112,1,7,1,2,1,2,3,2,4,2,2,2,2,2,2,2,2,2,2,2,2,2,2,2,2,2,1,1,2,1,2,0,0,0
2008,5,57,1,50113,1,7,2,2,1,1,3,1,4,1,2,2,2,2,2,2,2,2,2,2,2,2,2,2,2,1,2,2,2,2,2,0,0,0
2008,5,31,1,50114,1,7,2,2,1,1,3,1,4,2,2,2,3,2,2,2,2,2,2,2,3,1,1,1,1,2,2,1,2,2,2,0,0,0
2008,5,85,1,50115,1,7,1,2,4,2,4,2,1,1,2,2,1,2,2,2,2,2,2,2,2,2,2,2,2,2,2,2,1,1,2,0,0,0
2008,5,95,1,50116,1,7,1,2,4,1,5,1,1,2,2,2,1,2,2,2,2,2,2,2,3,2,2,2,2,2,2,2,2,2,2,0,0,0
2008,5,29,1,50117,1,7,1,2,1,2,4,2,1,2,2,2,1,1,2,2,2,2,1,2,2,2,2,2,2,2,2,2,1,1,2,0,0,0
2008,5,93,1,50118,1,7,1,2,4,2,6,2,1,2,2,2,1,2,2,2,2,2,2,2,2,2,2,2,2,2,2,2,1,2,2,0,0,0
2008,5,119,1,50119,1,7,2,2,1,2,3,2,1,2,1,1,1,2,2,2,1,2,2,2,3,2,2,2,2,2,2,2,2,2,2,0,0,0
2008,5,55,1,50120,1,7,1,2,4,2,5,2,1,2,1,2,1,2,2,2,2,2,2,2,3,1,1,1,1,2,2,1,1,1,2,0,0,0
2008,5,59,1,50121,1,7,1,2,4,2,6,2,1,1,1,2,1,2,2,1,2,2,1,2,3,2,2,2,2,1,2,2,1,2,2,0,0,0
2008,5,55,1,50122,1,7,2,2,1,2,4,2,4,1,1,2,2,1,2,2,2,2,2,2,2,2,2,2,2,2,2,2,1,2,2,0,0,0
2008,5,55,1,50123,1,7,1,2,1,2,4,2,1,2,2,2,1,2,2,2,1,2,2,2,1,2,2,2,2,2,2,2,2,2,2,0,0,0
2008,5,111,1,50124,1,7,1,2,4,2,5,2,1,2,2,2,1,2,2,2,2,2,1,2,1,2,2,2,2,2,2,2,1,1,2,0,0,0
2008,5,15,1,50125,1,7,1,2,1,2,3,2,3,2,2,2,2,2,2,2,2,2,2,2,1,1,1,1,1,2,2,1,1,2,2,0,0,0
2008,5,29,1,50126,1,7,1,2,4,2,6,2,1,2,1,2,1,2,2,2,2,2,2,2,2,1,1,1,1,2,2,1,1,2,2,0,0,0
2008,5,119,1,50127,1,7,2,2,3,2,3,2,1,2,2,2,1,2,1,1,2,2,2,2,1,2,2,2,2,2,2,2,1,1,2,0,0,0
2008,5,43,1,50128,1,7,1,2,4,2,4,2,1,1,2,2,1,2,2,2,2,2,1,2,3,2,2,1,1,2,2,1,1,2,2,0,0,0
2008,5,77,1,50129,1,7,1,2,4,2,5,2,1,2,2,2,1,2,2,2,2,2,1,2,3,2,2,2,2,2,2,2,1,2,2,0,0,0
2008,5,125,1,50130,1,7,2,1,4,2,1,2,1,2,2,2,1,2,2,2,2,2,2,2,2,1,1,1,1,2,2,1,1,2,2,0,0,0
2008,5,137,1,50131,1,7,1,2,1,2,5,2,1,2,2,2,1,2,2,2,2,2,1,2,3,2,2,2,2,2,2,2,2,1,2,0,0,0
2008,5,119,1,50132,1,7,1,2,1,2,3,2,3,1,1,2,3,1,2,2,2,2,2,2,3,2,2,2,2,2,2,2,1,2,2,0,0,0
2008,5,147,1,50133,1,7,1,2,4,2,5,2,1,1,1,2,1,2,2,2,2,2,1,2,2,2,2,2,2,2,2,2,1,1,2,0,0,0
2008,5,31,1,50134,1,7,1,2,2,2,6,2,1,3,1,2,1,2,2,2,2,2,1,2,1,2,2,2,2,2,2,2,1,2,2,0,0,0
2008,5,59,1,50135,1,7,1,1,1,2,1,2,4,1,1,2,3,1,2,2,2,2,2,2,2,2,2,2,2,1,2,2,1,2,2,0,0,0
2008,5,9,1,50136,1,7,1,2,1,2,3,2,3,1,1,2,2,2,2,2,2,2,2,2,3,2,2,2,2,1,2,2,1,2,2,0,0,0
2008,5,125,1,50137,1,7,1,2,4,2,6,2,1,1,1,2,1,2,2,2,2,2,1,2,2,2,2,2,2,1,2,2,1,2,2,0,0,0
2008,5,59,1,50138,1,7,1,1,1,2,1,2,2,1,1,2,2,1,2,2,2,2,2,2,2,2,2,2,2,1,2,2,2,2,2,0,0,0
2008,5,7,1,50139,1,7,2,2,1,2,3,2,3,1,1,2,2,2,2,2,2,2,2,2,2,2,2,2,2,2,1,1,1,2,2,0,0,0
2008,5,51,1,50140,1,7,1,2,4,2,3,2,1,2,1,2,1,2,2,1,2,2,1,2,1,2,2,2,2,2,1,1,1,1,2,0,0,0
2008,5,119,1,50141,1,7,2,2,1,2,6,2,3,1,1,2,2,2,2,2,2,2,2,2,1,2,2,2,2,2,2,2,1,2,2,0,0,0
2008,5,143,1,50142,1,7,2,2,1,2,6,3,1,1,2,2,1,2,2,2,2,2,2,2,3,2,2,2,2,1,2,2,2,2,2,0,0,0
2008,5,89,1,50143,1,7,1,2,4,2,5,2,1,1,2,2,1,2,1,2,2,2,2,2,2,1,1,1,1,2,2,1,2,2,2,0,0,0
2008,5,31,1,50144,1,7,2,2,1,1,4,1,5,1,2,2,3,2,2,2,2,2,2,2,3,2,2,2,2,2,1,1,2,2,2,0,0,0
2008,5,97,1,50145,1,7,1,2,1,1,3,1,1,2,2,2,1,2,2,2,1,2,2,2,3,2,2,2,2,2,2,2,2,2,2,0,0,0
2008,5,119,1,50146,1,7,2,2,1,2,6,2,3,2,2,2,2,2,1,2,2,2,2,2,1,2,2,2,2,2,2,2,1,2,2,0,0,0
2008,5,45,1,50147,1,7,1,2,4,1,5,1,1,2,2,2,1,2,2,2,2,2,1,2,1,2,2,1,1,2,2,1,2,1,2,0,0,0
2008,5,111,1,50148,1,7,1,2,1,2,3,2,3,2,1,2,2,1,2,2,2,2,2,2,2,2,2,2,2,2,2,2,1,2,2,0,0,0
2008,5,59,1,50149,1,7,1,2,4,2,4,2,1,2,1,2,1,2,2,2,2,2,1,2,2,2,2,2,2,2,2,2,1,2,2,0,0,0
2008,5,69,1,50150,1,7,2,2,1,2,2,2,1,2,1,2,1,2,2,2,1,2,2,2,2,2,2,2,2,2,2,2,2,2,2,0,0,0
2008,5,55,1,50151,1,7,1,2,1,2,5,2,5,1,1,2,2,2,1,2,2,2,2,2,3,1,1,1,1,1,2,1,1,2,2,0,0,0
2008,5,103,1,50152,1,7,2,2,4,2,6,2,1,3,3,2,1,2,2,2,2,2,2,2,1,2,2,2,2,2,1,1,1,2,2,0,0,0
2008,5,75,1,50153,1,7,1,2,1,2,5,2,1,2,1,2,1,2,2,2,1,2,2,2,2,2,2,2,2,1,2,2,2,2,2,0,0,0
2008,5,71,1,50154,1,7,1,2,1,2,6,2,1,1,1,2,1,2,2,2,2,2,2,2,3,1,1,1,1,2,2,1,2,2,2,0,0,0
2008,5,139,1,50155,1,7,1,2,4,2,3,2,1,2,2,2,1,2,2,1,2,2,1,2,2,2,2,2,2,2,2,2,1,2,2,0,0,0
2008,5,89,1,50156,1,7,1,2,4,2,5,2,1,2,1,2,1,2,2,2,2,2,1,2,1,2,2,2,2,2,2,2,1,2,2,0,0,0
2008,5,53,1,50157,1,7,1,2,1,2,3,2,3,1,1,2,3,1,2,2,2,2,1,2,2,1,1,1,1,2,2,1,1,2,2,0,0,0
2008,5,3,1,50158,1,7,1,2,4,1,4,1,1,1,1,2,1,2,2,2,2,2,1,2,1,2,2,2,2,2,2,2,2,1,2,0,0,0
2008,5,117,1,50159,1,7,1,1,1,2,1,2,2,1,1,2,3,1,2,2,2,2,2,2,1,1,1,1,1,2,2,1,2,1,2,0,0,0
2008,5,131,1,50160,1,7,2,2,4,2,4,2,1,2,2,2,1,2,1,2,2,2,2,2,2,1,1,1,1,2,2,1,1,1,2,0,0,0
2008,5,53,1,50161,1,7,1,2,1,2,3,2,3,1,2,2,2,2,1,2,2,2,2,2,2,2,2,2,2,2,2,2,1,2,2,0,0,0
2008,5,7,1,50162,1,7,2,2,1,2,3,3,1,2,2,2,1,2,2,2,2,2,1,2,1,2,2,2,2,2,1,1,2,1,2,0,0,0
2008,5,119,1,50163,1,7,2,2,1,2,3,2,1,2,2,2,1,2,2,2,1,2,2,2,1,2,2,2,2,2,2,2,2,2,2,0,0,0
2008,5,27,1,50164,1,7,1,2,4,2,6,2,1,1,2,2,1,2,1,2,2,2,2,2,2,2,2,2,2,2,2,2,1,1,2,0,0,0
2008,5,27,1,50165,1,7,1,2,1,2,5,2,3,1,1,2,2,2,2,2,2,2,2,2,2,1,1,1,1,2,2,1,1,2,2,0,0,0
2008,5,51,1,50166,1,7,1,2,1,1,4,1,1,1,1,2,1,2,2,2,1,2,2,2,2,2,2,2,2,2,2,2,2,2,2,0,0,0
2008,5,5,1,50167,1,7,1,2,4,2,6,2,1,1,1,2,1,2,2,1,2,2,1,2,2,1,1,1,1,2,2,1,1,2,2,0,0,0
2008,5,119,1,50168,1,7,2,2,1,2,3,2,1,2,1,2,1,2,2,2,1,2,2,2,2,2,2,2,2,2,2,2,2,2,2,0,0,0
2008,5,115,1,50169,1,7,1,2,2,2,6,2,1,1,1,2,1,2,2,2,2,2,2,2,2,2,2,2,2,1,2,2,1,1,2,0,0,0
2008,5,67,2,50170,1,7,1,2,1,2,5,2,3,1,2,2,2,2,2,2,2,2,2,2,2,2,2,2,2,1,1,1,1,2,2,0,0,0
2008,5,45,1,50171,1,7,1,2,4,2,5,3,1,1,2,2,1,2,2,2,2,2,2,2,2,2,2,2,2,2,2,2,1,1,2,0,0,0
2008,5,59,3,50172,1,7,1,2,4,2,5,2,1,2,2,2,1,2,2,2,2,2,1,2,2,2,2,2,2,2,2,2,1,2,2,0,0,0
2008,5,83,1,50173,1,7,1,2,4,2,5,2,1,1,1,2,1,2,2,2,2,2,1,2,1,2,2,2,2,2,2,2,1,1,2,0,0,0
2008,5,7,1,50174,1,7,1,2,4,2,3,2,1,1,1,2,1,2,2,2,2,2,2,2,1,2,2,2,2,2,2,2,1,2,2,0,0,0
2008,5,67,1,50175,1,7,1,2,4,2,5,2,1,2,1,2,1,2,2,2,2,2,1,2,2,2,2,2,2,2,2,2,1,1,2,0,0,0
2008,5,75,1,50176,1,7,1,2,4,2,5,2,1,2,1,2,1,2,2,2,2,2,2,2,3,2,2,2,2,1,2,2,1,1,2,0,0,0
2008,5,83,1,50177,1,7,1,2,1,2,4,2,4,2,1,2,2,2,2,2,2,2,1,2,1,2,2,2,2,2,1,1,1,1,2,0,0,0
2008,5,79,1,50178,1,7,1,2,1,2,5,2,3,1,1,2,2,2,2,2,2,2,1,2,3,2,2,2,2,2,1,1,1,2,2,0,0,0
2008,5,143,1,50179,1,7,2,2,1,2,3,3,1,2,2,2,1,2,2,2,1,2,2,2,2,2,2,2,2,2,1,1,2,2,2,0,0,0
2008,5,111,2,50180,1,7,1,2,2,2,5,2,1,1,2,2,1,2,1,2,2,2,2,2,1,2,2,2,2,2,2,2,1,1,2,0,0,0
2008,5,3,1,50181,1,7,1,2,4,2,3,3,1,2,2,2,1,2,2,2,2,2,1,2,1,2,2,2,2,2,2,2,1,1,2,0,0,0
2008,5,119,1,50182,1,7,1,1,4,2,1,2,1,1,1,2,1,2,2,2,2,2,2,2,2,2,2,2,2,2,2,2,1,1,2,0,0,0
2008,5,85,1,50183,1,7,1,2,1,2,4,2,3,1,1,2,2,2,2,2,2,2,2,2,3,2,2,2,2,1,2,2,1,2,2,0,0,0
2008,5,131,1,50184,1,7,1,2,4,2,5,2,1,1,1,2,1,2,1,1,2,2,2,2,1,2,2,2,2,2,2,2,1,2,2,0,0,0
2008,5,7,1,50185,1,7,1,2,4,2,6,2,1,1,1,2,1,2,2,2,2,2,1,2,1,2,2,2,2,2,2,2,1,1,2,0,0,0
2008,5,101,1,50186,1,7,1,2,1,2,6,2,3,1,1,2,2,2,2,2,2,2,2,2,3,2,2,2,2,2,2,2,2,1,2,0,0,0
2008,5,45,1,50187,1,7,1,2,4,2,6,2,1,2,1,2,1,2,2,2,2,2,2,2,2,2,2,2,2,2,2,2,1,1,2,0,0,0
2008,5,77,1,50188,1,7,1,2,1,2,3,2,3,1,1,2,2,2,2,2,2,2,2,2,3,2,2,2,2,2,2,2,1,2,2,0,0,0
2008,5,29,1,50189,1,7,2,1,1,2,1,2,1,2,2,2,1,2,2,2,1,2,2,2,2,2,2,2,2,2,2,2,2,2,2,0,0,0
2008,5,101,1,50190,1,7,1,2,1,2,5,2,4,1,2,2,2,2,2,1,2,2,2,2,2,1,1,1,1,2,1,1,1,1,2,0,0,0
2008,5,125,1,50191,1,7,1,2,4,2,4,2,1,1,2,2,1,2,2,2,2,2,1,2,1,2,2,2,2,2,2,2,1,1,2,0,0,0
2008,5,141,1,50192,1,7,1,2,1,2,6,3,3,1,2,2,2,2,2,2,2,2,2,2,2,2,2,2,2,2,2,2,2,2,2,0,0,0
2008,5,57,1,50193,1,7,1,2,4,2,5,2,1,2,2,2,1,2,2,2,2,2,2,2,1,2,2,2,2,2,2,2,1,2,2,0,0,0
2008,5,85,1,50194,1,7,1,2,4,2,6,2,1,2,2,2,1,2,2,2,2,2,2,2,1,1,1,1,1,2,2,1,1,1,2,0,0,0
2008,5,59,1,50195,1,7,1,1,1,2,1,2,1,1,2,2,1,2,2,2,2,2,1,2,2,2,2,2,2,2,2,2,1,1,2,0,0,0
2008,5,127,2,50196,1,7,1,2,1,2,5,2,3,1,2,2,2,2,2,2,2,2,1,2,1,2,2,2,2,2,2,2,1,2,2,0,0,0
2008,5,31,1,50197,1,7,1,2,4,1,5,1,1,1,1,2,1,2,2,2,2,2,2,2,2,2,2,2,2,2,1,1,2,1,2,0,0,0
2008,5,107,1,50198,1,7,1,2,4,2,5,2,1,1,1,2,1,2,2,2,2,2,2,2,1,2,2,2,2,2,2,2,1,1,2,0,0,0
2008,5,33,1,50199,1,7,2,1,4,2,1,2,1,1,1,2,1,2,2,2,2,2,2,2,2,2,2,2,2,2,2,2,1,1,2,0,0,0
2008,5,113,1,50200,1,7,2,2,1,1,3,1,4,1,1,2,2,2,1,2,2,2,2,2,3,2,2,2,2,2,2,2,2,2,2,0,0,0
2008,5,145,1,50201,1,7,1,2,1,2,5,2,4,1,1,2,2,1,2,2,2,2,2,2,3,2,2,2,2,2,2,2,1,2,2,0,0,0
2008,5,29,1,50202,1,7,1,2,1,1,4,1,4,1,1,2,2,2,2,2,2,2,2,2,2,2,2,2,2,1,2,2,2,2,2,0,0,0
2008,5,33,1,50203,1,7,1,2,1,1,5,1,5,2,2,2,3,2,1,2,2,2,2,2,2,2,2,2,2,2,2,2,2,1,2,0,0,0
2008,5,131,2,50204,1,7,2,2,1,1,3,1,4,2,2,2,2,2,1,1,2,2,1,2,2,2,2,2,2,2,2,2,2,2,2,0,0,0
2008,5,19,1,50205,1,7,1,2,2,2,4,3,3,2,2,2,2,2,1,2,2,2,2,2,2,2,2,2,2,1,2,2,1,2,2,0,0,0
2008,5,35,1,50206,1,7,1,2,2,2,6,2,5,2,2,1,1,2,2,2,1,2,2,2,3,2,2,1,1,2,2,1,2,1,2,0,0,0
2008,5,115,1,50207,1,7,2,2,1,2,3,2,1,2,1,2,1,2,2,2,1,2,2,2,2,2,2,1,1,2,2,1,2,2,2,0,0,0
2008,5,119,1,50208,1,7,2,2,4,1,6,1,1,2,2,2,1,2,2,2,2,2,1,2,3,2,2,2,2,2,2,2,2,2,2,0,0,0
2008,5,113,1,50209,1,7,1,2,4,2,3,2,1,2,2,2,1,2,2,2,2,2,2,2,1,2,2,2,2,2,2,2,1,1,2,0,0,0
2008,5,85,1,50210,1,7,2,2,1,2,4,2,3,1,1,2,2,2,2,2,2,2,2,2,3,1,1,1,1,1,2,1,1,2,2,0,0,0
2008,5,3,1,50211,1,7,1,2,1,2,5,2,1,1,1,2,1,2,2,1,2,2,1,2,2,2,2,2,2,1,2,2,1,2,2,0,0,0
2008,5,143,1,50212,1,7,1,2,4,2,6,2,1,3,1,2,1,2,2,2,2,2,2,2,1,2,2,2,2,2,1,1,1,1,2,0,0,0
2008,5,119,1,50213,1,7,2,1,3,2,1,2,1,2,1,2,1,2,2,2,2,2,1,2,1,2,2,2,2,2,2,2,1,1,2,0,0,0
2008,5,133,1,50214,1,7,1,2,4,2,3,2,1,1,1,2,1,2,2,2,2,2,1,2,3,2,2,2,2,1,2,2,1,1,2,0,0,0
2008,5,49,1,50215,1,7,1,2,4,2,5,2,1,1,1,2,1,1,2,2,2,2,1,2,3,2,2,2,2,2,1,1,1,1,2,0,0,0
2008,5,51,1,50216,1,7,2,2,1,2,4,2,3,2,1,2,2,2,1,2,2,2,2,2,2,1,2,1,2,2,2,2,1,2,2,0,0,0
2008,5,113,2,50217,1,7,1,2,1,2,5,2,3,2,1,2,2,2,2,1,2,2,2,2,3,2,2,2,2,2,2,2,2,1,2,0,0,0
2008,5,85,1,50218,1,7,1,2,1,2,4,2,3,1,1,2,2,1,2,2,2,2,2,2,2,2,2,2,2,2,2,2,1,1,2,0,0,0
2008,5,117,1,50219,1,7,1,2,1,2,4,2,4,1,1,2,2,1,2,2,2,2,1,2,1,2,2,2,2,2,2,2,1,1,2,0,0,0
2008,5,131,2,50220,1,7,2,2,4,1,6,1,1,1,1,2,1,2,2,1,2,2,2,2,1,2,2,2,2,2,1,1,2,2,2,0,0,0
2008,5,119,1,50221,1,7,2,1,1,2,1,2,4,1,1,1,2,2,1,2,2,2,2,1,1,2,2,2,2,2,2,2,2,1,2,0,0,0
2008,5,23,1,50222,1,7,1,2,1,2,4,2,1,2,2,2,1,2,2,2,2,2,1,2,1,2,2,2,2,2,1,1,1,1,2,0,0,0
2008,5,119,1,50223,1,7,1,2,1,1,6,1,3,1,2,2,2,2,2,2,2,2,2,2,3,2,2,1,1,2,2,1,2,2,2,0,0,0
2008,5,137,1,50224,1,7,1,2,1,1,6,1,4,2,2,1,2,2,2,2,2,2,2,2,1,1,1,1,1,2,2,1,2,2,2,0,0,0
2008,5,77,1,50225,1,7,1,2,2,2,5,2,1,1,2,2,1,2,2,2,2,2,2,2,3,2,2,2,2,1,2,2,1,2,2,0,0,0
2008,5,67,1,50226,1,7,1,2,4,2,4,2,1,2,2,2,1,2,1,2,2,2,2,2,1,2,2,2,2,2,1,1,1,1,2,0,0,0
2008,5,51,1,50227,1,7,1,2,1,2,3,2,3,2,2,2,2,1,2,2,2,2,2,2,3,2,2,2,2,1,2,2,1,2,2,0,0,0
2008,5,119,2,50228,1,7,1,2,1,2,3,2,1,2,2,2,2,2,2,2,2,2,1,2,1,2,2,2,2,2,2,2,1,1,2,0,0,0
2008,5,125,1,50229,1,7,1,2,1,2,5,2,3,1,1,2,3,2,1,2,2,2,2,2,1,2,2,2,2,2,2,2,1,2,2,0,0,0
2008,5,145,1,50230,1,7,1,2,4,2,4,2,1,2,1,2,1,2,2,2,2,2,1,2,2,1,1,1,1,2,2,1,1,1,2,0,0,0
2008,5,31,1,50231,1,7,2,2,4,2,6,2,1,1,1,2,1,2,2,2,2,2,2,2,2,2,2,2,2,2,2,2,1,2,2,0,0,0
2008,5,97,1,50232,1,7,1,2,1,2,4,2,1,2,2,2,1,2,1,2,2,2,2,2,3,2,2,2,2,2,2,2,2,2,2,0,0,0
2008,5,59,1,50233,1,7,1,2,1,2,3,2,1,1,2,2,1,2,2,2,1,2,2,2,2,2,2,2,2,2,1,1,2,2,2,0,0,0
2008,5,23,1,50234,1,7,1,2,4,2,4,2,1,1,2,2,1,2,2,2,2,2,2,2,2,2,2,2,2,2,2,2,1,1,2,0,0,0
2008,5,119,1,50235,1,7,2,2,1,2,2,2,2,1,2,2,3,2,2,2,2,2,2,2,2,2,2,2,2,2,2,2,2,1,2,0,0,0
2008,5,67,1,50236,1,7,1,2,4,2,5,2,1,1,2,2,1,2,2,2,2,2,2,2,2,2,2,2,2,1,2,2,1,1,2,0,0,0
2008,5,57,1,50237,1,7,1,1,1,2,1,2,4,2,2,2,2,2,2,2,2,2,1,2,3,2,2,2,2,2,2,2,1,2,2,0,0,0
2008,5,69,1,50238,1,7,2,2,1,2,4,2,1,2,1,2,1,2,2,2,2,1,2,2,3,2,2,2,2,2,2,2,2,2,2,0,0,0
2008,5,107,1,50239,1,7,2,2,1,2,4,2,1,1,1,2,1,2,2,2,1,2,2,2,2,2,2,2,2,2,2,2,2,1,2,0,0,0
2008,5,7,1,50240,1,7,1,2,1,2,5,2,3,2,1,2,3,2,1,2,2,2,2,2,2,2,2,2,2,2,1,1,1,2,2,0,0,0
2008,5,9,1,50241,1,7,1,2,1,1,3,1,4,1,1,2,2,2,2,2,2,2,1,2,2,2,2,2,2,1,2,2,2,2,2,0,0,0
2008,5,119,1,50242,1,7,1,2,1,2,6,2,1,2,1,1,1,2,2,2,1,2,2,2,2,2,2,2,2,2,2,2,2,2,2,0,0,0
2008,5,51,1,50243,1,7,1,2,1,1,4,1,4,1,1,2,2,2,2,2,2,2,2,2,3,2,2,2,2,1,2,2,2,2,2,0,0,0
2008,5,73,1,50244,1,7,1,2,1,2,3,3,1,1,2,2,2,1,1,2,2,2,2,2,1,2,2,2,2,2,2,2,2,2,2,0,0,0
2008,5,115,1,50245,1,7,2,2,1,1,6,1,1,1,2,2,2,2,1,1,2,2,2,2,3,2,2,2,2,1,1,1,2,2,2,0,0,0
2008,5,51,1,50246,1,7,2,2,2,2,3,2,1,2,2,2,1,2,1,2,2,2,2,2,1,2,2,2,2,2,2,2,1,1,2,0,0,0
2008,5,15,1,50247,1,7,1,2,1,2,4,2,4,1,2,2,2,2,1,2,2,2,2,2,2,2,2,1,1,2,2,1,1,2,2,0,0,0
2008,5,51,1,50248,1,7,1,2,1,2,3,2,1,2,2,1,1,2,2,2,1,2,2,2,3,2,2,2,2,2,2,2,2,2,2,0,0,0
2008,5,117,1,50249,1,7,2,1,1,2,1,2,2,2,2,2,2,1,2,2,2,2,2,2,3,2,2,2,2,2,2,2,2,1,2,0,0,0
2008,5,117,1,50250,1,7,1,1,1,2,1,2,2,2,2,2,2,1,2,2,2,2,2,2,3,2,2,2,2,2,2,2,2,1,2,0,0,0
2008,5,83,1,50251,1,7,1,2,1,2,4,2,1,1,1,2,1,2,2,2,2,2,1,2,2,2,2,2,2,2,2,2,1,1,2,0,0,0
2008,5,15,1,50252,1,7,1,2,1,1,4,1,3,3,3,2,2,2,1,2,2,2,1,2,2,2,2,2,2,2,2,2,2,1,2,0,0,0
2008,5,25,1,50253,1,7,1,2,1,2,5,2,1,1,1,2,1,2,2,2,2,2,1,2,3,2,2,2,2,1,2,2,1,1,2,0,0,0
2008,5,147,1,50254,1,7,1,2,4,2,5,2,1,2,1,2,1,2,1,2,2,2,2,2,2,2,2,2,2,2,2,2,1,1,2,0,0,0
2008,5,43,1,50255,1,7,1,2,4,2,3,2,1,1,1,2,1,2,2,2,2,2,1,2,2,2,2,2,2,1,2,2,1,2,2,0,0,0
2008,5,67,2,50256,1,7,1,2,1,2,3,2,1,1,1,2,1,1,2,2,1,2,2,2,2,2,2,2,2,2,2,2,2,1,2,0,0,0
2008,5,139,2,50257,1,7,1,2,4,2,3,2,1,1,1,2,1,2,2,2,2,2,1,2,2,2,2,2,2,2,2,2,1,1,1,0,0,0
2008,5,119,1,50258,1,7,2,2,1,2,6,2,7,2,1,2,1,2,1,2,2,2,2,2,1,2,2,2,2,2,2,2,2,2,2,0,0,0
2008,5,123,1,50259,1,7,1,2,4,2,3,2,1,1,1,2,1,2,2,2,2,2,1,2,1,2,2,2,2,2,2,2,1,1,2,0,0,0
2008,5,131,1,50260,1,7,2,2,1,2,3,2,1,2,2,2,2,2,2,2,1,2,2,2,2,1,1,1,1,2,2,1,2,2,2,0,0,0
2008,5,77,2,50261,1,7,1,2,4,2,5,2,1,2,2,2,1,2,2,2,2,2,1,2,2,1,2,1,2,2,2,2,1,1,2,0,0,0
2008,5,91,1,50262,1,7,1,2,4,2,3,2,1,2,2,2,1,2,2,2,2,2,1,2,2,2,2,2,2,2,1,1,1,1,2,0,0,0
2008,5,143,1,50263,1,7,2,2,1,2,5,3,1,2,2,2,2,2,2,2,1,2,1,2,1,2,2,2,2,2,2,2,1,1,2,0,0,0
2008,5,93,1,50264,1,7,1,1,1,2,1,2,1,1,2,2,2,1,2,2,2,2,1,2,3,2,2,2,2,2,2,2,1,2,2,0,0,0
2008,5,101,1,50265,1,7,1,2,1,2,4,2,3,1,2,2,3,2,1,2,2,2,2,2,3,2,2,2,2,2,2,2,1,1,2,0,0,0
2008,5,83,1,50266,1,7,1,2,4,2,6,2,1,2,2,2,1,2,2,2,2,2,2,2,1,2,2,2,2,2,2,2,1,1,2,0,0,0
2008,5,121,1,50267,1,7,1,2,4,2,4,2,1,2,2,2,1,2,2,2,2,2,2,2,3,2,2,2,2,2,2,2,1,2,2,0,0,0
2008,5,119,1,50268,1,7,2,1,4,2,1,3,1,1,1,2,1,1,2,2,2,2,1,2,1,2,2,2,2,2,2,2,1,2,2,0,0,0
2008,5,15,1,50269,1,7,1,2,1,2,4,2,3,1,1,2,2,1,2,2,2,2,1,2,2,2,2,2,2,2,2,2,1,2,2,0,0,0
2008,5,131,1,50270,1,7,2,2,4,1,6,1,1,2,1,2,1,2,1,1,2,2,2,2,1,2,2,2,2,2,2,2,2,2,2,0,0,0
2008,5,127,1,50271,1,7,1,2,2,2,6,2,1,2,2,2,1,2,2,2,2,2,1,2,3,2,2,2,2,2,2,2,1,2,2,0,0,0
2008,5,39,1,50272,1,7,1,2,4,2,5,2,1,1,1,2,1,2,2,2,2,2,1,2,2,2,2,2,2,2,2,2,1,1,2,0,0,0
2008,5,119,1,50273,1,7,2,2,1,2,3,2,3,1,1,2,2,2,2,2,2,2,2,2,3,1,1,1,1,2,2,1,1,1,2,0,0,0
2008,5,7,1,50274,1,7,2,2,1,2,6,3,5,1,1,2,2,2,1,2,2,2,2,2,2,2,2,2,2,2,2,2,2,2,2,0,0,0
2008,5,55,1,50275,1,7,1,2,1,2,3,2,5,1,1,2,2,2,2,2,2,2,1,2,3,2,2,2,2,2,2,2,2,2,2,0,0,0
2008,5,119,1,50276,1,7,2,1,1,2,1,2,1,1,2,2,1,2,1,2,2,2,2,2,3,2,2,2,2,2,2,2,2,2,2,0,0,0
2008,5,115,1,50277,1,7,1,2,1,2,5,2,3,1,2,2,2,2,1,2,2,2,2,2,2,2,2,2,2,2,2,2,1,1,2,0,0,0
2008,5,45,1,50278,1,7,1,2,4,2,5,2,1,2,2,2,1,2,2,2,2,2,1,2,3,2,2,2,2,2,2,2,1,1,2,0,0,0
2008,5,83,1,50279,1,7,1,2,4,2,6,2,1,2,2,2,1,2,2,2,2,2,1,2,1,2,2,2,2,2,2,2,1,1,2,0,0,0
2008,5,113,1,50280,1,7,1,2,4,2,5,2,1,2,1,2,1,2,2,2,2,2,1,2,1,2,2,2,2,2,2,2,1,1,2,0,0,0
2008,5,37,2,50282,1,7,1,2,1,2,3,2,4,1,1,2,2,2,2,1,2,2,2,2,3,2,2,2,2,2,1,1,1,2,2,0,0,0
2008,5,119,1,50283,1,7,2,2,1,2,2,2,3,1,1,2,2,2,2,2,2,2,2,2,3,2,2,2,2,2,2,2,1,2,2,0,0,0
2008,5,93,1,50284,1,7,1,2,1,2,5,2,1,2,2,2,1,2,2,2,1,2,2,2,2,2,2,2,2,2,2,2,2,2,2,0,0,0
2008,5,51,1,50285,1,7,1,2,1,1,3,1,2,2,2,2,3,2,1,2,2,2,2,2,1,2,2,1,1,2,2,1,2,2,2,0,0,0
2008,5,145,1,50286,1,7,1,2,4,2,3,2,1,2,2,2,1,2,2,2,2,2,1,2,1,2,2,2,2,2,2,2,1,1,2,0,0,0
2008,5,67,1,50287,1,7,1,2,4,2,4,2,1,1,2,2,1,2,2,2,2,2,2,2,2,2,2,2,2,2,2,2,1,1,1,0,0,0
2008,5,57,1,50288,1,7,1,1,1,2,1,2,1,2,2,2,2,2,2,2,1,2,2,2,2,2,2,2,2,2,2,2,2,2,2,0,0,0
2008,5,35,1,50289,1,7,1,1,4,2,1,2,1,2,2,2,1,2,2,2,2,2,1,2,3,2,2,2,2,1,2,2,1,2,2,0,0,0
2008,5,31,1,50290,1,7,1,2,1,2,3,2,4,1,1,2,2,2,2,2,2,2,1,2,1,2,2,2,2,2,2,2,1,1,2,0,0,0
2008,5,7,2,50291,1,7,2,2,1,2,3,2,3,2,1,2,2,1,2,2,2,2,2,2,3,1,1,1,1,2,2,1,1,2,2,0,0,0
2008,5,125,1,50292,1,7,1,2,4,2,4,2,1,2,1,2,1,2,2,2,2,2,2,2,1,1,1,1,1,2,2,1,1,1,2,0,0,0
2008,5,119,1,50293,1,7,2,1,2,2,1,2,2,1,1,2,2,2,2,2,2,2,2,2,3,2,2,2,2,2,1,1,2,1,2,0,0,0
2008,5,145,1,50294,1,7,1,2,4,2,6,2,1,2,1,2,1,2,2,2,2,2,1,2,2,1,1,1,1,2,2,1,1,1,2,0,0,0
2008,5,119,1,50295,1,7,2,2,1,2,3,2,4,1,1,2,2,1,2,2,2,2,2,2,3,2,2,2,2,1,2,2,1,2,2,0,0,0
2008,5,121,1,50296,1,7,1,2,4,2,5,2,1,1,1,2,1,2,2,2,2,2,2,2,2,2,2,2,2,2,2,2,1,2,2,0,0,0
2008,5,51,1,50297,1,7,2,2,1,1,3,1,4,1,1,2,2,2,2,2,2,2,2,2,2,2,2,2,2,1,2,2,2,2,2,0,0,0
2008,5,141,1,50298,1,7,1,2,1,2,3,2,3,2,1,2,2,2,2,2,2,2,2,2,3,2,2,2,2,1,2,2,1,2,2,0,0,0
2008,5,61,1,50299,1,7,1,2,1,2,5,2,1,2,2,2,1,2,2,2,2,2,1,2,3,2,2,2,2,2,1,1,1,1,2,0,0,0
2008,5,69,1,50300,1,7,2,1,4,2,1,2,1,2,2,2,1,2,2,2,2,2,2,2,1,2,2,2,2,2,1,1,1,1,2,0,0,0
2008,5,31,1,50301,1,7,1,2,4,1,6,1,1,2,2,2,1,2,2,2,2,2,1,2,2,2,2,2,2,2,2,2,2,2,2,0,0,0
2008,5,115,1,50302,1,7,1,2,4,2,6,2,1,2,2,2,1,2,2,2,2,2,1,2,1,2,2,2,2,2,2,2,1,1,2,0,0,0
2008,5,115,1,50304,1,7,1,2,1,2,5,2,3,1,1,2,2,2,2,2,2,2,2,2,2,1,1,1,1,2,2,1,1,2,2,0,0,0
2008,5,91,1,50305,1,7,1,2,4,2,3,2,1,1,1,2,1,2,2,2,2,2,1,2,2,1,1,1,1,2,2,1,1,1,2,0,0,0
2008,5,9,1,50306,1,7,1,2,4,2,5,2,1,1,1,2,1,2,2,2,2,2,1,2,2,2,2,2,2,1,2,2,1,1,2,0,0,0
2008,5,115,1,50307,1,7,2,1,1,2,1,2,4,1,1,2,2,1,2,1,2,2,2,2,2,2,2,2,2,1,2,2,1,2,2,0,0,0
2008,5,37,1,50308,1,7,1,2,4,2,4,2,1,1,1,2,1,2,2,2,2,2,1,2,3,1,1,1,1,2,2,1,1,1,2,0,0,0
2008,5,145,1,50309,1,7,1,2,1,2,3,2,3,1,1,2,2,2,2,2,2,2,2,2,1,2,2,2,2,2,2,2,1,1,2,0,0,0
2008,5,7,1,50310,1,7,2,2,1,1,3,1,4,2,2,2,2,2,1,2,2,2,2,2,3,1,1,1,1,2,2,1,2,2,2,0,0,0
2008,5,55,1,50311,1,7,1,2,4,2,5,2,1,1,1,2,1,2,2,2,2,2,1,2,2,2,2,2,2,2,2,2,1,1,2,0,0,0
2008,5,5,1,50312,1,7,2,2,4,2,3,2,1,2,2,2,1,2,2,2,2,2,1,1,3,2,2,2,2,2,2,2,1,1,2,0,0,0
2008,5,117,2,50313,1,7,1,1,2,2,1,2,1,2,2,2,1,2,2,2,2,2,1,2,3,2,2,2,2,2,2,2,1,1,2,0,0,0
2008,5,7,1,50314,1,7,1,2,1,2,3,2,5,2,2,2,2,2,2,2,2,2,1,2,1,2,2,2,2,2,1,1,1,2,2,0,0,0
2008,5,7,1,50315,1,7,2,2,4,2,2,2,1,2,2,2,1,2,2,2,2,2,2,2,3,2,2,2,2,2,2,2,1,2,2,0,0,0
2008,5,131,1,50316,1,7,1,2,4,2,6,2,1,1,1,2,1,2,2,1,2,2,1,2,2,1,1,1,1,2,2,1,1,2,2,0,0,0
2008,5,29,1,50317,1,7,1,2,1,2,4,2,1,1,1,2,1,2,1,2,1,2,2,2,2,2,2,2,2,2,2,2,2,2,2,0,0,0
2008,5,61,1,50318,1,7,1,2,1,1,4,1,4,1,1,2,2,1,2,2,2,2,2,2,2,2,2,2,2,1,2,2,2,2,2,0,0,0
2008,5,45,1,50319,1,7,1,2,4,2,6,2,1,2,1,2,1,2,2,2,2,2,2,2,1,2,2,2,2,2,2,2,1,1,2,0,0,0
2008,5,93,1,50320,1,7,1,2,4,2,6,2,1,1,1,2,1,2,2,2,2,2,2,2,3,2,2,2,2,2,2,2,1,2,2,0,0,0
2008,5,143,1,50321,1,7,1,2,4,2,6,2,1,2,2,2,1,2,2,2,2,2,1,2,1,2,2,2,2,2,2,2,1,1,2,0,0,0
2008,5,139,1,50322,1,7,1,2,4,2,6,3,1,2,1,2,1,2,2,2,2,2,2,2,1,2,2,2,2,2,2,2,1,2,2,0,0,0
2008,5,79,1,50323,1,7,1,2,4,2,5,2,1,2,2,2,1,2,2,1,2,2,1,2,2,1,1,1,1,2,2,1,1,2,2,0,0,0
2008,5,17,1,50324,1,7,1,2,4,2,5,2,1,2,2,2,1,2,2,2,2,2,1,2,3,2,2,2,2,2,2,2,1,2,2,0,0,0
2008,5,45,1,50325,1,7,1,2,4,2,3,2,1,2,2,2,1,2,1,2,2,2,2,2,1,2,2,2,2,2,2,2,1,2,2,0,0,0
2008,5,131,1,50326,1,7,2,2,4,1,3,1,1,2,2,1,1,2,2,2,2,2,2,2,3,2,2,2,2,2,2,2,2,2,2,0,0,0
2008,5,13,1,50327,1,7,1,2,4,2,5,2,1,1,1,2,1,2,2,2,2,2,1,2,2,2,2,2,2,2,1,1,1,1,2,0,0,0
2008,5,125,1,50328,1,7,1,2,4,2,6,2,1,1,1,2,1,2,2,1,2,2,1,2,2,2,2,2,2,2,2,2,1,2,2,0,0,0
2008,5,91,2,50329,1,7,2,1,4,2,1,2,1,1,1,2,1,2,2,2,2,2,1,2,2,2,2,2,2,2,2,2,1,2,2,0,0,0
2008,5,145,1,50330,1,7,1,2,4,2,5,2,1,2,1,2,1,2,2,2,2,2,2,2,2,2,2,2,2,2,2,2,1,1,2,0,0,0
2008,5,15,1,50331,1,7,1,2,4,2,5,2,1,1,1,2,1,2,2,2,2,2,1,2,1,2,2,2,2,2,2,2,1,2,2,0,0,0
2008,5,75,1,50332,1,7,1,2,1,2,5,2,5,2,2,2,2,2,1,2,2,2,2,2,1,2,2,2,2,2,2,2,1,2,2,0,0,0
2008,5,7,1,50333,1,7,2,2,4,2,6,2,1,2,2,2,1,2,2,2,2,2,1,2,1,2,2,2,2,2,2,2,1,1,2,0,0,0
2008,5,29,1,50334,1,7,1,2,1,2,4,2,3,1,2,2,2,2,2,2,2,2,1,2,2,2,2,2,2,2,1,1,1,1,2,0,0,0
2008,5,5,1,50335,1,7,1,2,4,2,3,2,1,2,2,2,1,2,2,2,2,2,2,2,2,2,2,2,2,2,1,1,1,2,1,0,0,0
2008,5,31,1,50336,1,7,2,2,1,2,3,3,4,2,2,2,2,2,2,2,2,2,2,2,2,2,2,2,2,2,1,1,2,2,2,0,0,0
2008,5,143,1,50337,1,7,1,1,4,2,1,2,1,1,1,2,1,2,2,2,2,2,1,2,1,2,2,2,2,2,2,2,1,2,2,0,0,0
2008,5,97,1,50338,1,7,1,2,1,2,4,2,4,1,1,2,2,2,2,2,2,2,2,2,3,2,2,2,2,1,2,2,2,1,2,0,0,0
2008,5,113,1,50339,1,7,1,2,4,2,5,2,1,2,1,2,1,2,2,2,2,2,2,2,1,2,2,2,2,2,2,2,1,2,2,0,0,0
2008,5,51,1,50340,1,7,1,2,1,2,3,2,3,1,1,2,2,2,2,2,2,2,2,2,3,2,2,2,2,1,2,2,1,2,2,0,0,0
2008,5,93,1,50341,1,7,1,2,2,2,6,2,1,2,1,2,1,2,2,2,2,2,1,2,3,1,1,1,1,2,2,1,1,1,2,0,0,0
2008,5,19,1,50342,1,7,1,2,4,2,6,2,1,1,1,2,1,2,1,2,2,2,2,2,2,2,2,2,2,2,2,2,1,2,2,0,0,0
2008,5,5,1,50343,1,7,1,2,4,2,5,3,1,1,1,2,1,2,2,2,2,2,1,2,3,2,2,2,2,2,2,2,1,2,2,0,0,0
2008,5,145,1,50344,1,7,1,2,2,2,3,2,1,1,1,2,1,2,2,2,2,2,1,2,3,2,2,1,1,2,2,1,1,1,2,0,0,0
2008,5,123,1,50345,1,7,2,2,4,2,6,2,1,2,2,2,1,2,2,2,2,2,1,2,1,2,2,2,2,2,2,2,1,1,2,0,0,0
2008,5,119,1,50346,1,7,2,1,4,2,1,3,1,2,2,2,1,2,2,2,2,2,1,2,2,1,1,1,1,2,2,1,1,2,2,0,0,0
2008,5,143,1,50347,1,7,1,2,4,2,6,2,1,3,3,2,1,2,2,2,2,2,1,2,1,2,2,2,2,2,1,1,1,2,2,0,0,0
2008,5,85,1,50348,1,7,1,2,1,1,5,1,3,1,1,2,2,2,2,2,2,2,2,2,1,1,1,1,1,2,2,1,2,2,2,0,0,0
2008,5,121,1,50349,1,7,1,2,1,2,4,2,5,1,1,2,3,2,2,2,2,2,2,2,3,2,2,2,2,1,1,1,1,2,2,0,0,0
2008,5,85,1,50350,1,7,1,1,1,2,1,2,4,1,1,2,2,1,2,2,2,2,2,2,2,2,2,2,2,1,2,2,1,2,2,0,0,0
2008,5,113,1,50351,1,7,1,2,4,2,5,2,1,2,1,2,1,2,2,1,2,2,1,2,1,2,2,2,2,2,2,2,1,1,2,0,0,0
2008,5,65,1,50352,1,7,1,2,1,1,4,1,4,1,1,2,2,1,2,2,2,2,2,2,3,2,2,2,2,1,2,2,2,1,2,0,0,0
2008,5,119,1,50353,1,7,2,1,1,2,1,2,1,2,2,2,1,2,2,2,2,2,1,2,1,2,2,2,2,2,1,1,1,1,2,0,0,0
2008,5,79,1,50354,1,7,1,2,1,2,3,2,4,2,2,2,2,1,2,2,2,2,2,2,2,2,2,2,2,2,2,2,2,2,2,0,0,0
2008,5,7,1,50355,1,7,1,2,4,2,6,2,1,1,2,2,1,2,2,1,2,2,1,2,3,2,2,2,2,2,2,2,1,2,2,0,0,0
2008,5,125,1,50356,1,7,1,2,4,2,3,2,1,1,2,2,1,2,1,2,2,2,2,2,2,2,2,2,2,2,2,2,1,2,2,0,0,0
2008,5,143,1,50357,1,7,2,2,4,1,6,1,1,2,2,2,1,2,2,2,2,2,2,2,1,2,2,2,2,2,1,1,2,1,2,0,0,0
2008,5,83,1,50358,1,7,1,2,4,2,4,2,1,2,1,2,1,2,2,2,2,2,1,2,2,2,2,2,2,1,2,2,1,1,2,0,0,0
2008,5,21,1,50359,1,7,1,2,1,2,6,3,1,2,1,2,1,2,2,2,2,2,2,2,2,2,2,2,2,2,2,2,2,2,2,0,0,0
2008,5,145,1,50360,1,7,1,2,4,2,5,2,1,2,1,2,1,2,2,2,2,2,1,2,1,2,2,2,2,2,2,2,1,1,2,0,0,0
2008,5,45,1,50361,1,7,1,2,1,2,6,3,1,2,1,2,1,2,2,2,2,2,1,2,3,2,2,2,2,2,2,2,2,2,2,0,0,0
2008,5,33,1,50362,1,7,1,2,1,2,6,2,1,2,1,2,1,2,1,2,1,2,2,2,2,1,1,1,1,2,2,1,2,1,2,0,0,0
2008,5,45,1,50363,1,7,2,1,4,2,1,2,1,1,1,2,1,2,1,2,2,2,2,2,1,2,2,2,2,2,2,2,1,1,2,0,0,0
2008,5,59,1,50364,1,7,1,1,4,2,1,2,1,1,1,2,1,2,2,2,2,2,1,2,2,2,2,2,2,2,2,2,2,1,2,0,0,0
2008,5,45,1,50365,1,7,1,2,1,2,5,2,4,2,2,2,3,1,2,2,2,2,1,2,3,2,2,2,2,1,2,2,1,1,2,0,0,0
2008,5,71,1,50366,1,7,1,2,4,2,5,2,1,2,2,2,1,2,2,2,2,2,1,2,1,2,2,2,2,2,2,2,1,1,2,0,0,0
2008,5,59,1,50367,1,7,1,2,2,2,5,3,1,2,2,2,1,2,2,2,2,2,1,2,1,2,2,2,2,2,2,2,1,1,2,0,0,0
2008,5,59,1,50368,1,7,1,1,1,2,1,3,1,1,2,2,1,2,1,2,2,2,2,2,2,2,2,2,2,2,2,2,2,2,2,0,0,0
2008,5,39,1,50369,1,7,1,2,4,2,4,2,1,2,2,2,1,2,1,2,2,2,2,2,3,2,2,2,2,2,2,2,1,1,2,0,0,0
2008,5,113,1,50370,1,7,1,2,4,2,6,2,1,1,1,2,1,2,2,1,2,2,2,2,3,2,2,2,2,2,2,2,1,2,2,0,0,0
2008,5,137,1,50371,1,7,1,2,4,2,4,2,1,1,1,2,1,2,2,2,2,2,1,2,2,2,2,2,2,2,2,2,1,2,2,0,0,0
2008,5,77,1,50372,1,7,1,2,4,2,6,2,1,2,1,2,1,2,2,1,2,2,1,2,1,2,2,2,2,2,2,2,1,2,2,0,0,0
2008,5,89,1,50373,1,7,1,2,1,1,3,1,4,2,1,2,3,1,2,2,2,2,2,2,3,2,2,2,2,1,2,2,2,1,2,0,0,0
2008,5,141,1,50374,1,7,1,2,1,1,3,1,1,2,1,2,1,1,2,1,2,2,1,2,2,2,2,2,2,2,2,2,2,2,2,0,0,0
2008,5,125,1,50375,1,7,1,2,4,2,6,2,1,2,1,2,1,2,2,2,2,2,2,2,2,1,1,1,1,2,2,1,1,1,2,0,0,0
2008,5,131,1,50376,1,7,2,2,4,1,3,1,1,2,2,2,1,2,1,2,2,2,2,2,1,2,2,2,2,2,2,2,2,1,2,0,0,0
2008,5,63,1,50377,1,7,1,2,4,2,5,2,1,2,2,2,1,2,2,2,2,2,1,2,1,2,2,2,2,2,2,2,1,1,2,0,0,0
2008,5,71,1,50378,1,7,2,2,2,2,6,2,1,1,1,2,1,2,1,2,2,2,2,2,2,2,2,2,2,2,2,2,1,1,2,0,0,0
2008,5,33,1,50379,1,7,2,1,4,2,1,2,1,2,1,2,2,2,1,2,2,2,2,2,1,2,2,2,2,2,2,2,1,1,2,0,0,0
2008,5,5,1,50380,1,7,1,2,4,2,4,2,1,1,1,2,1,2,1,2,2,2,2,2,3,2,2,2,2,1,2,2,1,1,2,0,0,0
2008,5,7,1,50381,1,7,2,1,4,2,1,2,1,1,1,2,1,2,2,2,2,2,1,2,2,2,2,2,2,2,2,2,1,1,2,0,0,0
2008,5,85,1,50382,1,7,2,2,1,1,3,1,1,2,2,2,1,2,2,2,1,2,2,2,3,2,2,2,2,2,2,2,2,2,2,0,0,0
2008,5,91,1,50383,1,7,2,2,1,2,3,2,1,2,2,1,1,2,2,2,1,2,2,2,3,2,2,2,2,2,2,2,2,2,2,0,0,0
2008,5,119,1,50384,1,7,2,2,1,2,3,3,1,2,2,1,1,2,2,2,1,2,2,2,3,2,2,2,2,2,2,2,2,2,2,0,0,0
2008,5,119,1,50385,1,7,1,2,4,2,6,2,1,2,2,2,1,2,2,2,2,2,2,2,2,2,2,2,2,1,2,2,1,2,2,0,0,0
2008,5,97,1,50386,1,7,1,2,1,2,3,2,1,1,2,2,1,2,1,2,2,2,2,2,3,2,2,2,2,2,2,2,2,2,2,0,0,0
2008,5,137,1,50387,1,7,1,2,4,2,4,2,1,2,2,2,1,2,2,2,2,2,1,2,2,1,1,1,1,2,2,1,1,1,2,0,0,0
2008,5,119,2,50388,1,7,2,1,4,2,1,3,1,2,2,2,1,2,2,2,2,2,1,2,1,2,2,2,2,2,2,2,1,1,2,0,0,0
2008,5,7,1,50389,1,7,2,2,1,2,6,2,1,1,2,2,1,1,2,2,2,1,2,2,2,2,2,2,2,1,2,2,2,2,2,0,0,0
2008,5,47,1,50390,1,7,1,2,4,2,6,2,1,1,1,2,1,2,2,2,2,2,1,2,1,1,1,1,1,2,2,1,1,1,2,0,0,0
2008,5,55,1,50391,1,7,1,2,1,2,6,2,1,2,1,2,1,2,1,2,2,2,2,2,3,2,2,2,2,2,2,2,2,2,2,0,0,0
2008,5,133,1,50392,1,7,1,2,1,1,3,1,4,1,1,2,2,1,2,2,2,2,2,2,2,2,2,1,1,2,2,1,2,2,2,0,0,0
2008,5,97,1,50393,1,7,1,2,4,2,4,2,1,1,1,2,1,2,1,2,2,2,2,2,1,2,2,2,2,2,2,2,1,1,2,0,0,0
2008,5,5,1,50394,1,7,1,2,1,2,4,2,4,1,1,2,2,2,2,2,2,2,1,2,2,1,1,1,1,2,2,1,1,1,2,0,0,0
2008,5,45,1,50395,1,7,2,2,4,2,6,2,1,3,3,2,1,2,2,2,2,2,1,2,1,2,2,2,2,2,2,2,1,2,2,0,0,0
2008,5,115,1,50396,1,7,2,2,1,2,6,2,1,1,2,2,1,2,1,2,2,2,2,2,3,1,1,1,1,2,2,1,1,2,2,0,0,0
2008,5,7,1,50397,1,7,1,2,1,2,6,2,5,1,2,2,2,2,2,1,2,2,2,2,2,2,2,2,2,2,1,1,2,2,2,0,0,0
2008,5,31,1,50398,1,7,1,2,1,2,3,2,3,2,2,2,2,2,2,2,2,2,2,2,2,2,2,2,2,2,2,2,1,2,2,0,0,0
2008,5,69,1,50399,1,7,1,2,2,2,3,2,1,2,2,1,1,2,2,2,2,1,2,2,3,2,2,2,2,2,1,1,1,1,2,0,0,0
2008,5,147,2,50400,1,7,1,2,1,2,4,2,3,1,2,2,2,2,2,2,2,2,1,2,2,2,2,1,1,1,2,1,1,1,2,0,0,0
2008,5,43,1,50401,1,7,2,2,1,2,3,2,3,1,1,2,3,2,2,2,2,2,1,2,1,1,1,1,1,2,2,1,1,2,2,0,0,0
2008,5,123,1,50402,1,7,1,2,4,2,5,2,1,2,1,2,1,2,2,2,2,2,1,2,1,2,2,2,2,2,2,2,1,1,2,0,0,0
2008,5,71,1,50403,1,7,1,1,2,2,1,2,1,1,1,2,1,2,2,2,2,2,1,2,2,2,2,2,2,2,2,2,1,2,2,0,0,0
2008,5,7,1,50404,1,7,1,2,1,2,4,2,3,1,1,2,2,2,2,2,2,2,2,2,2,2,2,2,2,2,2,2,1,2,2,0,0,0
2008,5,111,2,50405,1,7,1,2,1,2,4,2,3,1,1,2,2,2,2,2,2,2,1,2,2,2,2,2,2,1,2,2,1,1,2,0,0,0
2008,5,43,1,50406,1,7,1,2,4,2,6,2,1,2,1,2,1,2,2,1,2,2,2,2,2,2,2,2,2,2,1,1,1,1,2,0,0,0
2008,5,143,1,50407,1,7,1,2,1,2,4,2,1,2,2,2,1,2,2,2,2,2,2,2,1,2,2,2,2,2,1,1,1,1,2,0,0,0
2008,5,23,1,50408,1,7,1,2,4,2,4,2,1,1,2,2,1,2,2,2,2,2,2,2,2,2,2,2,2,2,1,1,1,1,2,0,0,0
2008,5,93,2,50409,1,7,2,2,1,2,3,2,3,1,1,2,2,1,2,2,2,2,2,2,3,1,1,1,1,2,2,1,1,2,2,0,0,0
2008,5,143,1,50410,1,7,1,1,1,2,1,2,3,1,1,2,2,2,2,2,2,2,2,2,1,1,1,1,1,2,2,1,2,2,2,0,0,0
2008,5,79,1,50411,1,7,1,2,1,1,3,1,4,2,1,2,2,1,2,2,2,2,2,2,3,2,2,2,2,1,2,2,2,2,2,0,0,0
2008,5,69,1,50412,1,7,2,2,1,2,3,2,1,1,1,2,1,2,2,2,1,2,2,2,2,2,2,2,2,2,1,1,2,2,2,0,0,0
2008,5,87,1,50413,1,7,1,2,4,2,4,2,1,1,1,2,1,2,1,2,2,2,2,2,2,2,2,2,2,2,2,2,1,1,2,0,0,0
2008,5,99,1,50414,1,7,1,1,1,2,1,2,2,2,2,2,2,1,2,2,2,2,2,2,2,2,2,2,2,2,2,2,2,2,2,0,0,0
2008,5,45,1,50415,1,7,1,2,1,2,3,3,2,1,1,2,2,2,1,2,2,2,2,2,2,2,2,2,2,1,2,2,2,1,2,0,0,0
2008,5,137,1,50416,1,7,1,2,1,2,4,2,3,2,2,2,2,2,2,2,2,2,2,2,3,1,1,1,1,2,2,1,1,2,2,0,0,0
2008,5,67,1,50417,1,7,1,2,4,2,5,2,1,2,2,2,1,2,2,2,2,2,1,2,2,2,2,2,2,2,2,2,1,2,2,0,0,0
2008,5,47,1,50418,1,7,1,1,2,2,1,2,1,1,1,2,2,1,2,1,2,2,2,2,2,2,2,2,2,2,2,2,1,2,2,0,0,0
2008,5,143,1,50419,1,7,1,2,4,2,6,2,1,1,1,2,1,2,2,2,2,2,2,2,2,2,2,2,2,2,2,2,1,2,2,0,0,0
2008,5,119,2,50420,1,7,2,2,1,1,6,1,4,1,1,2,2,2,2,2,2,2,1,2,3,2,2,2,2,1,2,2,2,2,2,0,0,0
2008,5,35,2,50421,1,7,1,1,1,2,1,2,4,1,1,2,3,2,2,2,2,2,2,2,3,2,2,1,1,2,1,1,1,1,2,0,0,0
2008,5,51,1,50422,1,7,1,2,1,1,4,1,1,2,1,1,1,2,2,2,1,2,2,2,3,2,2,2,2,2,2,2,2,2,2,0,0,0
2008,5,125,1,50423,1,7,2,2,4,2,6,2,1,1,1,2,1,2,2,2,2,2,2,2,3,2,2,2,2,2,2,2,1,2,2,0,0,0
2008,5,49,1,50425,1,7,1,2,2,2,3,2,1,2,1,2,1,2,2,2,2,2,1,2,1,2,2,2,2,2,2,2,1,1,2,0,0,0
2008,5,47,1,50426,1,7,1,2,4,2,4,2,1,2,1,2,1,2,2,2,2,2,1,2,1,2,2,2,2,2,2,2,1,1,2,0,0,0
2008,5,49,1,50427,1,7,1,2,1,1,3,1,1,1,1,2,3,1,2,2,2,2,1,2,3,2,2,2,2,2,1,1,2,2,2,0,0,0
2008,5,85,1,50428,1,7,1,1,1,2,1,2,2,2,1,2,2,1,2,2,2,2,1,2,2,2,2,2,2,2,2,2,2,2,2,0,0,0
2008,5,23,1,50429,1,7,1,2,1,2,5,2,1,2,2,2,1,2,1,2,2,2,2,2,2,2,2,2,2,2,2,2,2,2,2,0,0,0
2008,5,145,1,50430,1,7,2,2,2,2,4,2,1,1,2,2,1,2,2,2,2,2,1,2,2,2,2,2,2,2,2,2,1,1,2,0,0,0
2008,5,55,2,50431,1,7,1,2,4,2,6,2,1,2,2,2,1,2,2,2,2,2,1,2,1,2,2,2,2,2,1,1,1,1,2,0,0,0
2008,5,145,1,50432,1,7,1,2,4,2,6,2,1,1,2,2,1,2,2,2,2,2,1,2,1,2,2,2,2,2,2,2,1,1,2,0,0,0
2008,5,125,1,50433,1,7,2,2,1,1,6,1,1,2,1,2,1,2,2,2,2,1,2,2,1,2,2,2,2,2,2,2,2,2,2,0,0,0
2008,5,63,1,50434,1,7,1,2,1,2,4,3,4,1,1,2,2,2,2,2,2,2,1,2,1,2,2,2,2,2,2,2,1,2,2,0,0,0
2008,5,119,3,50435,1,7,2,2,1,2,2,2,4,1,1,2,3,2,2,2,2,2,1,2,2,2,2,2,2,2,2,2,1,1,2,0,0,0
2008,5,35,1,50436,1,7,1,1,1,2,1,2,1,2,1,2,1,2,2,2,1,2,2,2,2,2,2,2,2,2,2,2,2,2,2,0,0,0
2008,5,69,1,50437,1,7,1,1,1,2,1,2,2,2,2,2,2,2,2,2,2,2,2,2,2,1,1,1,1,2,2,1,2,2,2,0,0,0
2008,5,129,1,50438,1,7,1,2,1,1,6,1,1,2,2,2,1,2,2,2,2,2,1,2,1,2,2,1,1,2,2,1,2,1,2,0,0,0
2008,5,7,1,50439,1,7,1,2,1,2,6,2,1,1,2,2,1,2,2,2,2,2,2,2,2,2,2,2,2,1,2,2,1,2,2,0,0,0
2008,5,63,3,50440,1,7,1,2,1,1,4,1,4,1,2,2,2,1,2,2,2,2,2,2,2,2,2,2,2,1,2,2,2,2,2,0,0,0
2008,5,119,1,50441,1,7,2,1,1,2,1,2,2,2,2,2,2,2,2,2,2,2,1,2,3,2,2,2,2,2,2,2,2,2,2,0,0,0
2008,5,107,1,50442,1,7,1,2,4,2,5,2,1,2,2,2,1,2,2,2,2,2,1,2,1,2,2,2,2,2,2,2,1,1,2,0,0,0
2008,5,33,2,50443,1,7,1,1,1,2,1,2,3,2,2,2,2,2,2,2,2,2,2,2,1,2,2,2,2,2,1,1,1,2,2,0,0,0
2008,5,119,1,50444,1,7,2,2,1,2,2,2,1,2,2,2,1,2,2,2,1,2,2,2,2,2,2,2,2,2,2,2,2,2,2,0,0,0
2008,5,5,1,50445,1,7,1,2,4,2,4,2,1,1,1,2,1,2,2,2,2,2,2,2,2,2,2,2,2,2,1,1,1,1,2,0,0,0
2008,5,33,1,50446,1,7,2,1,2,2,1,2,1,1,1,2,1,2,2,2,2,2,2,2,2,2,2,2,2,2,2,2,1,2,2,0,0,0
2008,5,119,1,50447,1,7,2,2,1,2,2,2,3,2,1,2,2,2,2,2,2,2,2,2,3,2,2,2,2,2,2,2,2,1,2,0,0,0
2008,5,111,1,50448,1,7,1,2,1,1,5,1,1,2,1,2,2,2,2,2,1,2,2,2,1,2,2,2,2,2,2,2,2,2,2,0,0,0
2008,5,115,1,50449,1,7,2,2,1,1,4,1,4,2,1,2,2,2,2,2,2,2,2,2,3,2,2,2,2,1,2,2,2,2,2,0,0,0
2008,5,85,2,50450,1,7,2,2,1,1,4,1,4,1,1,2,3,2,1,2,2,2,2,2,2,1,1,1,1,1,2,1,2,2,2,0,0,0
2008,5,145,1,50451,1,7,1,2,1,1,5,1,4,1,1,2,2,2,2,2,2,2,1,2,2,1,1,1,1,2,2,1,2,2,2,0,0,0
2008,5,49,1,50452,1,7,1,2,4,2,3,2,1,2,2,2,1,2,2,2,2,2,2,2,2,2,2,2,2,2,2,2,1,2,2,0,0,0
2008,5,51,1,50453,1,7,1,2,4,2,6,2,1,2,2,2,1,2,1,1,2,2,2,2,1,2,2,2,2,2,2,2,1,2,2,0,0,0
2008,5,7,1,50454,1,7,1,2,4,2,5,2,1,1,2,2,1,2,1,1,2,2,2,2,2,2,2,2,2,1,2,2,1,2,2,0,0,0
2008,5,91,1,50455,1,7,1,2,4,1,5,1,1,2,2,2,1,2,2,2,2,2,1,2,1,2,2,2,2,2,2,2,2,1,2,0,0,0
2008,5,27,1,50456,1,7,2,2,1,2,4,2,1,1,1,2,1,2,2,2,1,2,2,2,3,2,2,2,2,2,2,2,2,2,2,0,0,0
2008,5,15,1,50457,1,7,1,2,4,2,5,2,1,1,1,2,1,2,2,1,2,2,1,2,2,2,2,2,2,2,1,1,1,1,2,0,0,0
2008,5,95,1,50458,1,7,1,2,2,2,5,2,1,2,1,2,1,2,2,2,2,2,1,2,1,2,2,2,2,2,2,2,1,1,2,0,0,0
2008,5,37,1,50459,1,7,1,2,1,2,3,2,3,1,1,2,2,1,2,2,2,2,2,2,3,2,2,2,2,2,2,2,1,1,2,0,0,0
2008,5,113,1,50460,1,7,1,2,1,2,3,2,3,2,1,2,2,1,2,2,2,2,1,2,2,1,1,1,1,2,2,1,1,2,2,0,0,0
2008,5,55,1,50461,1,7,1,2,4,2,4,2,1,1,1,2,1,2,2,2,2,2,2,2,3,2,2,2,2,1,2,2,1,1,2,0,0,0
2008,5,149,1,50462,1,7,1,2,1,2,6,2,1,1,1,2,1,2,2,2,2,2,1,2,3,2,2,2,2,1,2,2,2,2,2,0,0,0
2008,5,85,1,50463,1,7,2,2,2,2,6,2,1,2,2,2,1,2,2,2,2,2,1,2,2,1,1,1,1,2,2,1,1,1,2,0,0,0
2008,5,127,1,50464,1,7,1,2,1,1,3,1,1,2,2,2,1,2,2,2,1,2,2,2,1,2,2,2,2,2,2,2,2,2,2,0,0,0
2008,5,119,1,50465,1,7,2,2,1,1,6,1,4,2,2,2,2,2,1,2,2,2,2,2,3,2,2,2,2,2,1,1,2,2,2,0,0,0
2008,5,125,1,50466,1,7,1,2,1,1,3,1,4,1,2,2,2,2,2,2,2,2,2,2,3,2,2,2,2,1,1,1,2,2,2,0,0,0
2008,5,69,1,50467,1,7,1,2,1,1,3,1,4,1,2,2,2,2,2,2,2,2,1,2,2,2,2,2,2,1,2,2,2,1,2,0,0,0
2008,5,57,1,50468,1,7,2,2,4,2,6,2,1,2,2,2,1,2,2,2,2,2,1,2,1,2,2,2,2,2,2,2,1,2,2,0,0,0
2008,5,119,1,50469,1,7,2,2,2,2,2,2,1,2,2,2,1,2,2,2,2,2,2,2,1,2,2,1,1,2,2,1,1,1,2,0,0,0
2008,5,149,1,50470,1,7,1,2,4,2,4,2,1,2,1,2,1,2,2,2,2,2,2,2,2,2,2,2,2,2,2,2,1,2,2,0,0,0
2008,5,7,1,50471,1,7,1,2,4,1,6,1,1,1,1,2,1,2,2,2,2,2,2,2,3,2,2,2,2,1,2,2,2,1,2,0,0,0
2008,5,61,1,50472,1,7,1,2,1,1,4,1,4,1,1,2,2,1,2,2,2,2,2,2,2,1,1,1,1,2,2,1,2,2,2,0,0,0
2008,5,119,1,50473,1,7,2,1,4,2,1,2,1,2,1,2,1,2,2,2,2,2,1,2,3,2,2,2,2,2,1,1,1,1,2,0,0,0
2008,5,89,1,50474,1,7,1,2,2,1,4,1,1,1,1,2,1,2,2,2,2,2,1,2,2,2,2,2,2,1,2,2,2,2,2,0,0,0
2008,5,119,1,50475,1,7,2,1,4,2,1,2,1,2,1,2,2,1,1,2,2,2,2,2,3,2,2,2,2,2,2,2,1,2,2,0,0,0
2008,5,123,1,50476,1,7,1,1,1,2,1,2,1,2,1,2,1,2,2,2,1,2,2,2,2,2,2,2,2,2,2,2,2,2,2,0,0,0
2008,5,31,1,50477,1,7,1,2,4,2,6,2,1,2,1,2,1,2,2,1,2,2,1,2,2,2,2,2,2,2,2,2,1,1,2,0,0,0
2008,5,41,1,50478,1,7,1,2,4,2,3,2,1,1,1,2,1,2,2,2,2,2,1,2,2,2,2,2,2,2,2,2,1,1,2,0,0,0
2008,5,37,1,50479,1,7,1,2,2,2,3,2,1,1,1,2,1,2,2,2,2,2,1,2,3,1,1,1,1,2,2,1,1,1,2,0,0,0
2008,5,43,1,50480,1,7,1,2,4,2,3,2,1,1,1,2,1,2,2,2,2,2,1,2,2,2,2,2,2,1,2,2,1,1,2,0,0,0
2008,5,139,1,50481,1,7,1,2,4,1,6,1,1,2,2,2,1,2,2,2,2,2,1,2,1,2,2,2,2,2,1,1,2,2,2,0,0,0
2008,5,121,1,50483,1,7,2,2,4,2,4,2,1,1,1,2,1,2,2,1,2,2,2,2,1,2,2,2,2,2,2,2,1,2,2,0,0,0
2008,5,63,1,50484,1,7,1,2,1,1,4,1,4,1,1,2,2,2,2,2,2,2,2,2,3,2,2,2,2,1,2,2,2,2,2,0,0,0
2008,5,119,1,50485,1,7,1,2,2,2,6,2,1,1,1,2,1,2,2,1,2,2,2,2,1,2,2,2,2,2,2,2,1,2,2,0,0,0
2008,5,109,2,50486,1,7,1,2,1,1,4,1,3,2,2,2,2,2,2,2,2,2,2,2,3,2,2,2,2,2,1,1,2,1,2,0,0,0
2008,5,85,1,50487,1,7,2,2,4,2,6,2,1,3,2,2,1,2,2,2,2,2,1,2,1,2,2,2,2,2,2,2,1,2,2,0,0,0
2008,5,131,1,50488,1,7,1,2,1,2,3,2,5,1,1,2,2,2,1,2,2,2,2,2,1,2,2,2,2,2,2,2,2,1,2,0,0,0
2008,5,47,1,50489,1,7,1,2,1,2,4,2,1,2,1,2,1,2,2,2,2,2,1,2,1,2,2,2,2,2,2,2,1,1,2,0,0,0
2008,5,119,1,50490,1,7,1,2,4,2,5,2,1,1,1,2,1,2,1,1,2,2,2,2,2,2,2,2,2,2,2,2,1,2,2,0,0,0
2008,5,91,1,50491,1,7,2,2,4,2,2,2,1,1,1,2,1,2,2,2,2,2,1,2,1,2,2,1,1,2,2,1,1,2,2,0,0,0
2008,5,119,1,50492,1,7,1,2,4,2,6,2,1,2,2,2,1,2,2,2,2,2,2,2,3,2,2,2,2,2,2,2,1,2,2,0,0,0
2008,5,31,1,50493,1,7,1,2,4,2,6,3,1,2,2,2,1,2,2,1,2,2,2,2,1,2,2,2,2,2,2,2,1,2,2,0,0,0
2008,5,1,1,50494,1,7,1,2,1,2,3,2,4,1,1,2,2,2,2,1,2,2,2,2,3,2,2,2,2,2,2,2,1,2,2,0,0,0
2008,5,23,1,50495,1,7,1,2,4,2,5,2,1,1,1,2,1,2,2,1,2,2,2,2,2,1,1,1,1,2,2,1,1,2,2,0,0,0
2008,5,37,1,50496,1,7,1,2,2,2,5,3,1,2,1,2,1,2,2,2,2,2,2,2,1,2,2,2,2,2,2,2,1,1,2,0,0,0
2008,5,35,1,50497,1,7,2,1,1,2,1,2,1,2,1,2,1,1,2,2,1,2,2,2,2,2,2,2,2,2,2,2,2,2,2,0,0,0
2008,5,1,3,50498,1,7,1,2,1,2,3,2,3,1,1,2,2,2,2,2,2,2,2,2,2,1,1,1,1,2,2,1,1,1,1,0,0,0
2008,5,119,1,50499,1,7,2,2,1,2,3,2,1,1,1,2,1,2,2,2,1,2,2,2,3,2,2,2,2,1,2,2,2,2,2,0,0,0
2008,5,57,1,50500,1,7,1,1,2,2,1,2,1,2,2,2,1,2,2,2,2,2,2,2,1,2,2,2,2,2,2,2,1,2,2,0,0,0
2008,5,15,1,50501,1,7,1,2,4,2,4,2,1,3,1,2,1,2,2,2,2,2,1,2,1,2,2,2,2,2,2,2,1,1,2,0,0,0
2008,5,81,1,50502,1,7,1,2,4,2,5,2,1,2,2,2,1,2,2,2,2,2,1,2,1,2,2,2,2,2,1,1,1,1,2,0,0,0
2008,5,123,2,50503,1,7,1,1,1,2,1,2,3,1,2,2,2,2,2,2,2,2,1,2,2,2,2,1,1,2,2,1,1,1,2,0,0,0
2008,5,51,1,50504,1,7,2,2,1,2,3,2,5,1,2,2,3,2,2,1,2,2,2,2,3,2,2,2,2,2,1,1,1,1,2,0,0,0
2008,5,121,2,50505,1,7,2,2,2,2,4,2,1,2,2,2,1,2,2,1,2,2,2,2,3,2,2,2,2,2,2,2,1,2,2,0,0,0
2008,5,51,1,50506,1,7,1,2,4,2,6,2,1,3,2,2,1,2,2,2,2,2,1,2,1,2,2,2,2,1,2,2,1,2,2,0,0,0
2008,5,143,1,50507,1,7,1,2,4,2,6,2,1,2,1,2,1,2,2,2,2,2,2,2,1,2,2,2,2,2,2,2,1,1,2,0,0,0
2008,5,23,1,50508,1,7,1,2,4,2,6,2,1,2,2,2,1,2,2,2,2,2,2,2,2,1,2,1,2,2,2,2,1,2,2,0,0,0
2008,5,131,1,50509,1,7,2,2,4,2,3,2,1,1,2,2,1,2,2,2,2,2,2,2,2,1,1,1,1,2,2,1,1,2,2,0,0,0
2008,5,7,1,50510,1,7,1,2,4,2,4,2,1,2,2,2,1,2,2,2,2,2,1,2,2,2,2,2,2,2,1,1,1,1,2,0,0,0
2008,5,69,1,50511,1,7,2,2,1,1,6,1,4,1,1,2,2,2,2,2,2,2,1,2,3,2,2,2,2,1,2,2,2,2,2,0,0,0
2008,5,65,1,50513,1,7,1,2,4,2,4,2,1,1,1,2,2,2,2,2,2,2,2,2,2,1,1,1,1,2,2,1,1,2,2,0,0,0
2008,5,145,1,50514,1,7,1,2,4,2,6,2,1,1,1,2,1,2,2,2,2,2,1,2,1,2,2,2,2,2,2,2,1,1,2,0,0,0
2008,5,125,1,50515,1,7,1,2,4,2,4,2,1,1,1,2,1,2,2,2,2,2,2,2,1,2,2,2,2,2,2,2,1,2,2,0,0,0
2008,5,35,1,50516,1,7,1,2,1,2,3,2,1,1,1,2,2,2,2,2,1,2,2,2,2,2,2,2,2,2,2,2,2,2,2,0,0,0
2008,5,119,1,50517,1,7,1,2,1,2,6,2,1,2,2,2,1,2,2,2,1,2,2,2,3,2,2,2,2,2,2,2,2,2,2,0,0,0
2008,5,63,1,50518,1,7,1,2,4,2,6,2,1,2,2,2,1,2,2,2,2,2,1,2,1,2,2,1,1,2,2,1,1,1,2,0,0,0
2008,5,19,1,50519,1,7,1,2,4,2,5,2,1,2,2,2,1,2,2,2,2,2,2,2,2,1,1,1,1,2,2,1,1,1,2,0,0,0
2008,5,81,1,50520,1,7,1,2,4,2,6,2,1,2,2,2,1,2,2,2,2,2,1,2,1,1,1,1,1,2,2,1,1,1,2,0,0,0
2008,5,91,2,50521,1,7,1,2,4,1,6,1,1,1,2,2,1,2,2,2,2,2,1,2,1,2,2,2,2,2,2,2,2,1,2,0,0,0
2008,5,131,1,50522,1,7,1,2,2,2,5,2,1,2,2,2,1,2,2,2,2,2,1,1,2,1,1,1,1,2,2,1,1,1,2,0,0,0
2008,5,99,1,50523,1,7,1,2,4,2,4,2,1,2,2,2,1,2,2,1,2,2,2,2,2,2,2,2,2,2,2,2,1,2,2,0,0,0
2008,5,35,1,50524,1,7,2,2,4,2,6,2,1,2,1,2,1,2,2,1,2,2,1,2,3,2,2,2,2,2,2,2,1,1,2,0,0,0
2008,5,31,1,50525,1,7,1,2,1,2,3,2,4,1,1,2,2,2,2,2,2,2,2,2,2,2,2,2,2,2,2,2,2,2,2,0,0,0
2008,5,17,1,50526,1,7,1,2,4,2,3,2,1,2,1,2,1,2,2,1,2,2,2,2,1,2,2,1,1,2,2,1,1,1,2,0,0,0
2008,5,85,1,50527,1,7,1,1,4,2,1,2,1,1,1,1,2,2,2,2,2,2,2,2,3,2,2,2,2,1,2,2,1,1,2,0,0,0
2008,5,149,2,50528,1,7,1,2,4,2,5,2,1,2,2,2,1,2,2,2,2,2,1,2,1,2,2,2,2,2,2,2,1,1,2,0,0,0
2008,5,63,1,50529,1,7,1,2,4,2,3,3,1,2,2,2,1,2,2,2,2,2,1,2,2,1,1,1,1,2,2,1,1,1,2,0,0,0
2008,5,143,1,50530,1,7,2,2,1,2,3,2,5,2,2,2,3,2,2,2,2,2,2,2,1,2,2,2,2,1,2,2,2,1,2,0,0,0
2008,5,111,1,50531,1,7,1,2,4,2,3,2,1,2,1,2,1,2,2,2,2,2,1,2,2,2,2,2,2,2,2,2,1,1,2,0,0,0
2008,5,133,1,50532,1,7,1,2,1,2,3,2,1,1,1,2,1,2,2,1,2,2,1,2,2,2,2,2,2,2,1,1,1,1,2,0,0,0
2008,5,111,1,50533,1,7,1,2,1,2,4,2,3,1,1,2,2,1,2,2,2,2,2,2,2,2,2,2,2,2,2,2,1,2,2,0,0,0
2008,5,3,1,50534,1,7,1,2,4,2,5,2,1,2,1,2,1,2,2,1,2,2,2,2,3,2,2,2,2,2,1,1,1,2,2,0,0,0
2008,5,145,1,50535,1,7,1,2,4,2,4,2,1,1,1,2,1,1,2,2,2,2,1,2,2,2,2,2,2,2,1,1,1,1,2,0,0,0
2008,5,143,1,50536,1,7,1,2,4,2,5,2,1,1,1,2,1,2,2,2,2,2,2,2,2,2,2,2,2,1,2,2,1,1,2,0,0,0
2008,5,59,1,50537,1,7,1,2,4,2,4,2,1,2,2,2,2,2,2,2,2,2,1,2,1,2,2,1,1,2,2,1,1,1,2,0,0,0
2008,5,55,2,50538,1,7,1,2,1,2,6,3,1,1,2,2,1,2,2,2,2,2,2,2,3,1,1,1,1,2,2,1,2,2,2,0,0,0
2008,5,127,1,50539,1,7,1,2,4,2,5,2,1,1,1,2,1,2,2,1,2,2,2,2,2,2,2,2,2,2,2,2,1,1,2,0,0,0
2008,5,107,1,50540,1,7,1,2,4,2,3,3,1,1,1,2,1,1,2,2,2,2,1,2,2,2,2,2,2,2,2,2,1,2,2,0,0,0
2008,5,5,1,50541,1,7,1,2,4,2,4,3,1,1,1,2,1,2,2,2,2,2,2,2,2,2,2,2,2,2,2,2,1,1,2,0,0,0
2008,5,31,1,50542,1,7,1,2,4,2,6,2,1,3,3,2,1,2,2,2,2,2,2,2,3,2,2,2,2,2,2,2,1,2,2,0,0,0
2008,5,15,1,50543,1,7,1,2,4,2,3,2,1,1,1,2,1,2,2,2,2,2,2,2,2,2,2,2,2,1,2,2,1,2,2,0,0,0
2008,5,7,1,50544,1,7,1,2,4,2,5,2,1,1,1,2,1,2,2,1,2,2,1,2,2,1,1,1,1,2,2,1,1,2,2,0,0,0
2008,5,49,1,50545,1,7,1,2,4,2,3,2,1,2,1,2,1,2,2,2,2,2,2,2,3,2,2,2,2,2,2,2,1,1,2,0,0,0
2008,5,119,1,50546,1,7,2,2,4,2,3,2,1,2,2,1,1,2,2,2,2,2,2,2,3,2,2,2,2,2,2,2,1,2,2,0,0,0
2008,5,69,1,50547,1,7,1,2,4,2,6,2,1,2,1,2,1,2,2,1,2,2,1,2,1,2,2,2,2,2,2,2,1,2,2,0,0,0
2008,5,63,1,50548,1,7,1,2,4,1,6,1,1,1,1,2,1,2,2,1,2,2,1,2,3,2,2,2,2,2,2,2,2,2,2,0,0,0
2008,5,15,1,50549,1,7,1,2,1,1,4,1,4,1,2,2,2,2,2,2,2,2,2,2,3,2,2,2,2,1,2,2,2,2,2,0,0,0
2008,5,85,1,50550,1,7,1,2,4,2,6,2,1,1,1,2,1,2,2,2,2,2,1,2,3,2,2,2,2,2,2,2,1,2,2,0,0,0
2008,5,75,1,50551,1,7,1,2,2,2,4,2,1,2,2,2,1,2,2,2,2,2,1,2,2,2,2,2,2,2,2,2,1,1,2,0,0,0
2008,5,35,1,50552,1,7,1,2,4,2,6,2,1,1,1,2,1,1,2,2,2,2,1,2,3,2,2,2,2,2,2,2,1,1,2,0,0,0
2008,5,107,1,50553,1,7,1,2,4,2,6,2,1,1,1,2,1,2,2,2,2,2,1,2,3,2,2,2,2,1,2,2,2,2,2,0,0,0
2008,5,123,1,50554,1,7,1,2,1,2,6,2,2,1,2,2,2,2,2,2,2,2,2,2,3,2,2,2,2,2,2,2,2,2,2,0,0,0
2008,5,101,1,50555,1,7,1,2,4,2,5,2,1,2,2,2,1,2,2,2,2,2,2,2,2,2,2,2,2,2,2,2,1,1,2,0,0,0
2008,5,119,1,50556,1,7,2,2,4,2,3,2,1,2,2,2,1,2,2,1,2,2,1,2,1,1,1,1,1,2,2,1,1,2,2,0,0,0
2008,5,85,1,50557,1,7,1,2,1,1,5,1,1,1,1,2,2,1,1,1,2,2,2,2,3,2,2,2,2,2,2,2,2,2,2,0,0,0
2008,5,119,1,50558,1,7,2,2,1,1,3,1,2,2,1,2,3,2,2,2,2,2,2,2,3,2,2,2,2,2,2,2,2,2,2,0,0,0
2008,6,65,1,60001,1,9,2,2,4,1,3,1,1,2,1,2,1,2,2,1,2,2,2,2,1,2,2,2,2,2,2,2,2,2,2,0,0,0
2008,6,73,1,60002,1,9,1,2,4,2,4,2,1,2,1,2,1,2,1,1,2,2,2,2,2,2,2,2,2,2,2,2,1,2,2,0,0,0
2008,6,37,1,60003,1,9,2,2,4,2,4,2,1,2,1,2,1,2,2,1,2,2,2,2,2,2,2,2,2,2,2,2,1,2,2,0,0,0
2008,6,37,1,60004,1,9,2,2,4,2,3,2,1,1,1,2,1,2,1,1,2,2,2,2,3,2,2,2,2,2,2,2,1,2,2,0,0,0
2008,6,1,1,60005,1,9,2,1,4,2,1,2,1,1,1,2,1,2,2,1,2,2,1,2,2,1,1,1,1,2,2,1,1,2,2,0,0,0
2008,6,107,1,60006,1,9,1,2,4,2,5,2,1,1,1,2,1,2,2,2,2,2,1,2,2,2,2,2,2,2,2,2,1,2,2,0,0,0
2008,6,67,1,60007,1,9,1,2,4,1,3,1,1,2,2,2,1,2,2,1,2,2,2,2,1,2,2,2,2,2,2,2,2,2,2,0,0,0
2008,6,37,2,60008,1,9,2,1,4,2,1,2,1,2,2,2,1,2,2,1,2,2,1,2,2,2,2,2,2,2,2,2,1,2,2,0,0,0
2008,6,37,1,60009,1,9,2,1,3,2,1,2,1,2,2,2,1,2,2,2,2,2,2,2,1,2,2,2,2,2,2,2,1,2,2,0,0,0
2008,6,73,1,60010,1,9,2,2,4,1,4,1,1,1,2,2,1,2,2,1,2,2,1,2,2,2,2,2,2,2,1,1,2,2,2,0,0,0
2008,6,59,2,60011,1,9,2,2,4,2,4,2,1,1,2,2,1,2,2,2,2,2,2,2,2,1,1,1,1,2,2,1,1,2,2,0,0,0
2008,6,39,1,60012,1,9,1,2,4,2,3,2,1,1,2,2,1,2,2,1,2,2,1,2,1,2,2,2,2,2,1,1,1,2,2,0,0,0
2008,6,9,1,60013,1,9,1,2,4,2,5,2,1,1,2,2,1,2,2,2,2,2,2,2,1,2,2,2,2,2,2,2,1,2,2,0,0,0
2008,6,29,1,60014,1,9,2,2,4,2,2,2,1,2,2,2,1,2,2,2,2,2,2,2,1,2,2,2,2,2,2,2,1,2,2,0,0,0
2008,6,71,1,60015,1,9,2,2,4,2,3,2,1,2,2,2,1,2,2,1,2,2,2,2,1,2,2,2,2,2,2,2,1,2,2,0,0,0
2008,6,31,1,60016,1,9,2,2,4,1,6,1,1,1,1,2,1,2,2,1,2,2,2,2,2,2,2,2,2,1,2,2,2,2,2,0,0,0
2008,6,97,1,60017,1,9,1,2,4,2,4,2,1,2,1,2,1,2,2,2,2,2,2,2,1,2,2,2,2,1,2,2,1,2,2,0,0,0
2008,6,67,1,60018,1,9,2,2,1,2,3,2,1,2,2,1,2,2,2,2,1,2,2,2,1,2,2,2,2,2,2,2,2,2,2,0,0,0
2008,6,77,1,60019,1,9,2,2,4,1,3,1,1,2,1,2,1,2,2,2,2,2,2,2,1,2,2,2,2,2,2,2,2,2,2,0,0,0
2008,6,25,1,60020,1,9,2,2,4,2,6,2,1,1,1,2,1,2,2,1,2,2,1,2,3,2,2,2,2,2,2,2,1,2,2,0,0,0
2008,6,71,1,60021,1,9,2,2,4,1,4,1,1,2,1,2,1,2,2,1,2,2,1,2,1,2,2,2,2,2,1,1,2,2,2,0,0,0
2008,6,19,1,60022,1,9,1,1,2,2,1,2,1,2,1,2,1,2,2,1,2,2,1,2,3,2,2,2,2,2,2,2,1,2,2,0,0,0
2008,6,77,1,60023,1,9,2,2,4,2,2,3,1,2,1,2,1,1,2,1,2,2,1,2,2,2,2,2,2,2,2,2,1,2,2,0,0,0
2008,6,59,2,60024,1,9,2,1,4,2,1,2,1,2,1,2,1,2,2,2,2,2,1,2,2,2,2,2,2,2,1,1,1,2,2,0,0,0
2008,6,95,1,60025,1,9,2,1,3,2,1,2,1,1,1,2,1,2,1,1,2,2,2,2,1,2,2,2,2,2,2,2,1,2,2,0,0,0
2008,6,97,1,60026,1,9,2,2,2,2,2,3,1,1,1,2,1,2,2,1,2,2,2,2,2,2,2,2,2,1,2,2,1,2,2,0,0,0
2008,6,63,1,60027,1,9,1,2,4,2,4,2,1,3,1,2,1,2,2,1,2,2,1,2,2,2,2,2,2,1,2,2,1,2,2,0,0,0
2008,6,47,1,60028,1,9,1,2,1,1,3,1,4,1,1,2,2,1,2,2,2,2,2,2,1,2,2,2,2,2,2,2,2,2,2,0,0,0
2008,6,37,1,60029,1,9,2,2,4,2,3,2,1,1,1,1,1,2,2,1,1,2,2,2,3,2,2,2,2,2,2,2,1,2,2,0,0,0
2008,6,19,1,60030,1,9,1,2,1,2,5,2,3,1,1,2,2,2,1,2,2,2,1,2,3,1,1,1,1,2,2,1,1,2,2,0,0,0
2008,6,83,1,60031,1,9,2,2,1,2,2,2,2,2,1,2,2,1,2,1,2,2,2,1,3,2,2,1,1,2,2,1,2,2,2,0,0,0
2008,6,85,1,60032,1,9,2,2,2,2,2,2,6,1,1,2,1,2,2,1,2,2,2,2,2,2,2,2,2,2,2,2,1,2,2,0,0,0
2008,6,57,2,60033,1,9,1,2,1,2,4,2,4,1,2,2,3,2,2,1,2,2,1,2,3,2,2,2,2,2,1,1,1,2,2,0,0,0
2008,6,65,1,60034,1,9,2,2,2,2,2,2,5,2,2,2,1,2,2,2,2,2,2,2,2,2,2,2,2,2,1,1,1,2,2,0,0,0
2008,6,101,1,60035,1,9,2,2,1,1,2,1,4,1,2,2,2,2,2,2,2,2,2,2,1,2,2,2,2,1,1,1,2,2,2,0,0,0
2008,6,35,1,60036,1,9,1,2,2,2,3,2,1,1,1,2,2,2,2,2,2,2,1,2,3,2,2,2,2,2,2,2,1,2,2,0,0,0
2008,6,37,1,60037,1,9,2,1,4,2,1,2,1,1,1,2,1,2,2,2,2,2,2,2,2,2,2,2,2,2,2,2,1,2,2,0,0,0
2008,6,37,1,60038,1,9,2,2,1,2,4,2,4,1,1,2,2,2,1,2,2,2,2,2,3,2,2,2,2,2,2,2,2,2,2,0,0,0
2008,6,85,1,60039,1,9,2,2,1,1,3,1,4,2,1,2,2,2,2,2,2,2,2,2,3,1,1,1,1,2,2,1,2,2,2,0,0,0
2008,6,37,2,60040,1,9,2,1,1,2,1,2,2,2,1,2,3,2,2,1,2,2,2,2,3,2,2,2,2,2,1,1,2,2,2,0,0,0
2008,6,37,1,60041,1,9,2,2,1,1,6,1,2,1,1,1,3,2,2,2,2,2,2,2,3,2,2,2,2,2,2,2,2,2,2,0,0,0
2008,6,29,1,60042,1,9,1,2,1,2,4,2,3,1,1,2,2,1,2,2,2,2,2,2,3,2,2,2,2,2,2,2,1,2,2,0,0,0
2008,6,107,1,60043,1,9,1,2,1,2,4,2,3,1,1,2,2,2,2,2,2,2,2,2,3,2,2,2,2,2,2,2,1,2,2,0,0,0
2008,6,19,2,60044,1,9,2,2,4,2,3,2,1,2,1,2,2,2,2,2,2,2,2,2,2,1,1,1,1,2,2,1,1,2,2,0,0,0
2008,6,37,1,60045,1,9,2,1,1,2,1,3,1,2,1,2,1,2,2,2,1,2,2,2,3,2,2,2,2,2,2,2,2,2,2,0,0,0
2008,6,83,1,60046,1,9,1,2,4,2,3,2,1,1,1,2,1,1,2,2,2,2,1,2,2,2,2,2,2,2,2,2,1,2,1,0,0,0
2008,6,37,1,60047,1,9,2,2,2,2,3,2,1,2,2,2,1,2,2,2,2,2,2,2,2,2,2,2,2,1,2,2,1,2,2,0,0,0
2008,6,37,1,60048,1,9,2,2,1,2,3,2,1,2,1,2,1,2,2,2,1,2,2,2,3,2,2,2,2,1,2,2,2,2,2,0,0,0
2008,6,85,1,60049,1,9,2,2,1,2,6,2,1,1,1,2,1,2,2,2,1,2,2,2,3,2,2,2,2,2,2,2,2,2,2,0,0,0
2008,6,37,1,60050,1,9,2,2,1,2,3,2,1,1,1,2,1,1,2,2,1,2,2,2,3,2,2,2,2,2,2,2,2,2,2,0,0,0
2008,6,85,1,60051,1,9,2,2,1,2,3,2,1,2,1,2,1,2,2,2,2,1,2,2,3,2,2,2,2,2,2,2,2,2,2,0,0,0
2008,6,37,1,60052,1,9,2,2,1,2,3,2,1,2,1,1,1,2,2,2,1,2,2,2,3,2,2,2,2,2,2,2,2,2,2,0,0,0
2008,6,59,1,60053,1,9,2,2,1,2,4,2,1,1,1,2,1,2,2,2,2,1,2,2,3,2,2,2,2,2,2,2,2,2,2,0,0,0
2008,6,71,1,60054,1,9,1,2,1,2,4,2,1,1,2,2,1,2,1,1,2,2,2,2,2,2,2,2,2,2,2,2,1,2,2,0,0,0
2008,6,37,1,60055,1,9,2,1,4,2,1,3,1,2,2,2,1,2,2,1,2,2,2,2,1,2,2,2,2,2,2,2,1,2,2,0,0,0
2008,6,19,1,60056,1,9,2,2,4,2,5,2,1,2,2,2,1,2,1,1,2,2,2,2,2,2,2,2,2,2,1,1,2,2,2,0,0,0
2008,6,111,1,60057,1,9,1,2,4,2,4,2,1,2,2,2,1,2,2,1,2,2,2,2,1,2,2,2,2,2,2,2,1,2,2,0,0,0
2008,6,19,1,60058,1,9,1,2,4,2,5,2,1,2,2,2,1,2,2,2,2,2,1,2,1,2,2,2,2,2,2,2,1,2,2,0,0,0
2008,6,65,1,60059,1,9,1,2,1,2,4,2,1,2,1,2,1,2,2,2,1,2,2,2,3,2,2,2,2,2,2,2,2,2,2,0,0,0
2008,6,83,1,60060,1,9,1,2,4,2,5,2,1,2,1,2,1,2,2,1,2,2,1,2,1,2,2,2,2,2,2,2,1,2,2,0,0,0
2008,6,19,1,60061,1,9,2,2,1,2,3,2,1,2,1,2,1,2,2,2,1,2,2,2,3,2,2,2,2,2,2,2,2,2,2,0,0,0
2008,6,65,1,60062,1,9,1,2,1,2,5,2,1,1,1,2,1,2,2,1,2,2,1,2,3,2,2,2,2,2,2,2,1,2,2,0,0,0
2008,6,73,1,60063,1,9,2,2,4,2,6,2,1,2,2,2,1,2,1,2,2,2,2,2,1,2,2,2,2,1,2,2,1,2,2,0,0,0
2008,6,77,1,60064,1,9,2,2,4,2,2,2,1,2,2,2,1,2,2,2,2,2,1,2,2,2,2,1,1,2,2,1,1,2,2,0,0,0
2008,6,65,1,60065,1,9,2,2,1,2,4,2,1,3,3,2,1,2,2,2,1,2,2,2,3,2,2,2,2,2,2,2,2,2,2,0,0,0
2008,6,65,1,60066,1,9,2,2,4,2,2,2,1,2,2,2,1,2,2,1,2,2,1,2,2,2,2,2,2,2,1,1,1,2,2,1,0,1
2008,6,37,1,60067,1,9,2,2,4,2,4,2,1,2,2,2,1,2,2,1,2,2,1,2,1,2,2,2,2,2,2,2,1,2,2,0,0,0
2008,6,59,2,60068,1,9,2,2,4,2,3,2,1,2,2,2,1,2,2,1,2,2,2,2,2,1,1,1,1,2,2,1,1,2,2,0,0,0
2008,6,73,1,60069,1,9,2,1,1,2,1,2,1,1,2,2,1,2,2,2,1,2,2,2,3,2,2,2,2,2,2,2,2,2,2,0,0,0
2008,6,59,1,60070,1,9,2,2,4,2,2,2,1,1,2,2,1,2,2,2,2,2,1,2,2,2,2,2,2,1,2,2,1,2,2,0,0,0
2008,6,1,1,60071,1,9,2,2,1,2,6,2,1,2,2,2,1,2,2,2,1,2,2,2,3,2,2,2,2,2,2,2,2,2,2,0,0,0
2008,6,59,1,60072,1,9,2,2,1,1,3,1,1,2,2,2,1,2,2,2,1,2,2,2,3,2,2,2,2,2,2,2,2,2,2,0,0,0
2008,6,37,1,60073,1,9,2,1,4,2,1,3,1,2,2,2,1,2,2,1,2,2,1,2,2,2,2,2,2,2,1,1,1,2,2,0,0,0
2008,6,53,1,60074,1,9,1,2,4,2,4,2,1,2,2,2,1,2,2,2,2,2,1,2,1,2,2,2,2,2,2,2,1,2,2,0,0,0
2008,6,29,1,60075,1,9,1,2,4,2,4,2,1,2,2,2,1,1,2,1,2,2,1,2,1,2,2,2,2,2,2,2,1,2,2,0,0,0
2008,6,73,1,60076,1,9,2,1,4,2,1,2,1,1,1,2,1,2,2,1,1,2,1,2,3,1,1,1,1,2,2,1,1,2,1,0,0,0
2008,6,59,1,60077,1,9,2,2,1,2,4,2,2,2,2,2,2,2,2,1,2,2,2,2,1,2,2,2,2,2,1,1,1,2,2,0,0,0
2008,6,37,1,60078,1,9,2,2,1,2,6,2,1,1,2,2,1,2,2,2,1,2,2,2,2,1,1,1,1,2,2,1,2,2,2,0,0,0
2008,6,37,1,60079,1,9,2,2,1,1,3,1,4,2,1,2,2,2,1,2,2,2,2,2,3,2,2,2,2,2,1,1,2,2,2,0,0,0
2008,6,37,1,60080,1,9,2,2,1,2,4,2,1,2,1,2,1,2,2,2,1,2,2,2,3,2,2,2,2,2,2,2,2,2,2,0,0,0
2008,6,73,1,60081,1,9,2,2,1,2,4,2,1,2,1,2,1,2,2,2,1,2,2,2,3,2,2,2,2,2,2,2,2,2,2,0,0,0
2008,6,37,1,60082,1,9,2,2,1,1,2,1,1,1,2,2,1,2,2,2,1,2,2,2,3,2,2,2,2,2,1,1,2,2,2,0,0,0
2008,6,37,1,60083,1,9,2,2,1,2,5,2,1,2,2,2,1,2,2,2,1,2,2,2,3,2,2,2,2,2,2,2,2,1,2,0,0,0
2008,6,65,1,60084,1,9,2,2,1,2,4,2,1,2,1,2,1,2,2,2,1,2,2,2,3,2,2,2,2,2,1,1,2,2,2,0,0,0
2008,6,73,1,60085,1,9,2,2,1,2,4,2,1,2,2,2,1,2,2,2,1,2,2,2,3,1,1,1,1,2,2,1,2,2,2,0,0,0
2008,6,59,1,60086,1,9,2,2,1,2,4,2,1,2,1,2,1,2,2,2,1,2,2,2,1,2,2,2,2,2,2,2,2,2,2,0,0,0
2008,6,67,1,60087,1,9,2,2,1,1,5,1,1,2,1,2,1,2,2,2,1,2,2,2,3,2,2,2,2,2,2,2,2,2,2,0,0,0
2008,6,19,1,60088,1,9,2,2,1,1,4,1,4,1,2,2,2,2,1,2,2,2,2,2,2,2,2,2,2,2,2,2,2,2,2,0,0,0
2008,6,107,1,60089,1,9,2,2,4,2,4,2,2,1,2,2,1,2,1,1,2,2,2,2,1,2,2,2,2,2,1,1,1,2,2,0,0,0
2008,6,39,1,60090,1,9,2,2,1,2,5,2,4,1,1,2,2,1,2,1,2,2,2,2,3,2,2,2,2,2,2,2,2,2,2,0,0,0
2008,6,65,1,60091,1,9,1,2,1,2,5,2,4,1,1,2,2,1,2,2,2,2,2,2,3,2,2,2,2,2,1,1,1,2,2,0,0,0
2008,6,107,2,60092,1,9,1,2,1,2,3,2,3,1,2,2,2,2,2,2,2,2,2,2,3,2,2,1,1,2,2,1,1,1,2,0,0,0
2008,6,29,1,60093,1,9,2,2,1,1,3,1,4,1,2,2,2,2,2,2,2,2,1,2,3,2,2,1,1,2,2,1,2,1,2,0,0,0
2008,6,13,1,60094,1,9,2,2,1,2,6,2,3,1,2,2,2,2,2,2,2,2,1,2,1,2,2,2,2,1,2,2,1,2,2,0,0,0
2008,6,29,1,60095,1,9,1,2,1,1,5,1,4,1,1,2,2,2,2,2,2,2,2,2,3,2,2,2,2,2,2,2,2,2,2,0,0,0
2008,6,73,1,60096,1,9,2,2,2,2,3,2,1,2,1,1,1,2,2,2,1,2,2,2,1,1,1,1,1,2,2,1,1,2,2,0,0,0
2008,6,37,1,60097,1,9,1,2,1,1,5,1,4,1,1,2,2,2,2,2,2,2,2,2,3,2,2,2,2,2,2,2,2,1,2,0,0,0
2008,6,59,1,60098,1,9,2,1,1,1,1,1,4,1,1,2,2,2,1,2,2,2,2,2,3,2,2,2,2,2,2,2,2,1,2,0,0,0
2008,6,13,1,60099,1,9,2,2,1,2,2,2,6,1,1,2,2,2,2,2,2,2,1,2,3,1,1,1,1,2,2,1,1,2,2,0,0,0
2008,6,7,1,60100,1,9,1,2,4,2,5,2,1,1,1,2,1,2,2,2,2,2,2,2,2,2,2,2,2,1,2,2,1,2,2,0,0,0
2008,6,5,1,60101,1,9,1,2,4,2,4,2,1,1,1,2,1,2,2,2,2,2,1,2,1,2,2,2,2,2,2,2,1,2,2,0,0,0
2008,6,67,1,60102,1,9,2,2,1,1,3,1,4,2,1,1,2,2,2,2,2,2,1,2,1,2,2,2,2,2,1,1,2,2,2,0,0,0
2008,6,71,1,60103,1,9,2,2,1,1,4,1,4,1,1,2,2,2,2,2,2,2,2,2,3,2,2,1,1,2,2,1,2,2,2,0,0,0
2008,6,37,2,60104,1,9,2,2,1,2,2,2,3,2,2,2,3,2,2,2,2,2,2,2,1,2,2,2,2,2,2,2,2,2,2,0,0,0
2008,6,1,2,60105,1,9,2,2,4,2,3,2,1,1,2,1,1,2,2,2,1,2,2,2,3,2,2,2,2,2,2,2,1,2,2,0,0,0
2008,6,59,2,60106,1,9,2,2,4,2,2,3,1,1,2,2,1,2,2,2,2,2,2,2,2,2,2,2,2,2,2,2,1,2,2,0,0,0
2008,6,1,1,60107,1,9,2,1,1,2,1,2,5,1,2,2,2,2,2,2,2,2,1,2,1,2,2,2,2,2,2,2,2,2,2,0,0,0
2008,6,37,1,60108,1,9,2,2,1,2,3,2,4,2,1,2,2,1,1,1,2,2,2,2,1,2,2,2,2,2,2,2,2,2,2,0,0,0
2008,6,19,1,60109,1,9,1,2,1,2,6,2,4,2,2,2,2,1,2,1,2,2,2,2,1,2,2,2,2,2,2,2,2,2,2,0,0,0
2008,6,73,1,60110,1,9,2,1,1,2,1,2,2,2,2,2,3,2,1,1,2,2,2,2,3,1,1,1,1,2,1,1,2,2,2,0,0,0
2008,6,13,1,60111,1,9,2,1,1,2,1,2,1,2,2,1,3,2,2,2,1,2,2,2,3,2,2,2,2,2,2,2,2,2,2,0,0,0
2008,6,37,1,60112,1,9,2,2,1,1,3,1,4,2,2,2,2,2,2,2,2,2,2,2,1,2,2,2,2,2,1,1,2,2,2,0,0,0
2008,6,37,1,60113,1,9,2,1,2,2,1,3,2,2,2,2,1,2,2,2,2,2,2,2,1,2,2,2,2,2,2,2,2,2,2,0,0,0
2008,6,87,1,60114,1,9,1,2,1,2,4,2,3,1,2,2,2,2,2,2,2,2,2,2,1,2,2,2,2,2,2,2,1,2,2,0,0,0
2008,6,65,1,60115,1,9,2,2,1,1,2,1,4,1,2,2,2,2,2,2,2,2,2,2,3,2,2,2,2,1,2,2,2,2,2,0,0,0
2008,6,67,1,60116,1,9,2,2,1,2,4,2,1,2,2,2,1,2,2,2,1,2,2,2,3,2,2,2,2,1,2,2,2,2,2,0,0,0
2008,6,77,1,60117,1,9,2,2,1,2,2,2,2,1,1,2,2,2,2,1,2,2,2,2,3,2,2,2,2,1,2,2,2,2,2,0,0,0
2008,6,79,1,60118,1,9,1,2,1,1,5,1,4,1,1,2,3,2,2,2,2,2,2,2,1,2,2,2,2,1,2,2,2,2,2,0,0,0
2008,6,37,1,60119,1,9,2,2,1,2,5,2,1,1,1,2,2,2,1,2,2,2,2,2,2,2,2,1,1,2,2,1,1,2,2,0,0,0
2008,6,37,1,60120,1,9,2,2,1,1,4,1,4,2,1,2,2,2,2,2,2,2,1,2,3,1,1,1,1,2,2,1,2,2,2,0,0,0
2008,6,107,2,60121,1,9,2,2,4,2,5,2,1,1,1,2,2,1,2,2,2,2,2,2,3,2,2,2,2,2,2,2,1,2,2,0,0,0
2008,6,37,1,60122,1,9,2,2,1,2,3,2,1,2,2,2,1,2,2,2,1,2,2,2,3,2,2,2,2,2,2,2,2,2,2,0,0,0
2008,6,107,1,60123,1,9,2,2,1,1,3,1,1,1,2,2,1,2,2,2,1,2,2,2,2,2,2,2,2,2,2,2,2,2,2,0,0,0
2008,6,37,1,60124,1,9,2,2,3,2,4,2,1,1,2,2,2,2,1,1,2,2,2,2,3,2,2,2,2,2,2,2,1,2,2,0,0,0
2008,6,37,1,60125,1,9,2,2,1,1,3,1,2,1,2,1,2,2,1,1,2,2,2,2,2,2,2,2,2,2,2,2,2,1,2,0,0,0
2008,6,1,1,60126,1,9,2,1,1,2,1,2,5,2,2,2,2,2,2,1,2,2,2,2,3,2,2,2,2,2,2,2,2,2,2,0,0,0
2008,6,71,1,60127,1,9,2,2,1,2,3,2,1,2,2,1,2,2,2,2,1,2,2,2,3,2,2,2,2,2,2,2,2,2,2,0,0,0
2008,6,37,1,60128,1,9,2,2,1,2,2,2,2,1,2,2,2,2,2,1,1,2,2,2,3,2,2,2,2,2,2,2,2,2,2,0,0,0
2008,6,5,1,60129,1,9,1,2,1,2,5,2,3,1,2,2,2,2,1,2,2,2,2,2,3,2,2,2,2,2,2,2,1,2,2,0,0,0
2008,6,37,1,60130,1,9,2,2,4,2,6,2,2,1,2,2,1,1,2,2,2,2,2,2,2,2,2,2,2,2,2,2,1,2,2,0,0,0
2008,6,53,4,60131,1,9,1,2,1,2,5,2,3,2,2,2,2,2,2,2,2,2,1,2,1,2,2,2,2,2,1,1,1,2,2,0,0,0
2008,6,37,1,60132,1,9,2,2,1,1,4,1,4,2,2,1,3,2,2,2,2,2,2,2,1,2,2,1,1,2,2,1,2,2,2,0,0,0
2008,6,59,1,60133,1,9,2,2,4,1,4,1,1,2,2,2,1,2,2,1,2,2,2,2,1,2,2,2,2,2,2,2,2,1,2,0,0,0
2008,6,95,1,60134,1,9,1,1,3,2,1,2,1,1,2,2,1,2,2,2,2,2,1,2,3,2,2,2,2,2,2,2,2,2,2,0,0,0
2008,6,83,1,60135,1,9,2,2,3,2,2,2,1,1,2,2,1,2,2,2,2,2,1,2,1,2,2,2,2,2,2,2,1,2,2,0,0,0
2008,6,73,1,60136,1,9,2,2,1,2,4,2,1,1,2,2,1,2,1,2,2,2,2,2,3,2,2,2,2,2,2,2,2,2,2,0,0,0
2008,6,85,1,60137,1,9,2,2,4,2,2,2,1,2,2,2,1,2,2,2,2,2,2,2,1,2,2,2,2,2,2,2,1,2,2,0,0,0
2008,6,65,1,60138,1,9,2,2,1,1,3,1,4,2,2,2,2,2,2,2,2,2,1,2,1,2,2,1,1,2,2,1,2,2,2,0,0,0
2008,6,67,1,60139,1,9,2,2,3,2,3,2,1,2,2,2,1,2,2,1,2,2,2,2,1,2,2,2,2,2,1,1,1,2,2,0,0,0
2008,6,27,1,60140,1,9,1,2,1,2,4,2,1,2,2,2,1,2,2,1,2,2,1,2,1,2,2,2,2,2,2,2,1,2,2,0,0,0
2008,6,71,1,60141,1,9,1,1,3,2,1,2,1,1,2,2,1,2,2,2,2,2,1,2,3,2,2,2,2,1,2,2,1,2,2,0,0,0
2008,6,57,1,60142,1,9,1,2,4,2,4,2,1,1,1,2,1,2,2,2,2,2,2,2,3,2,2,2,2,1,2,2,1,2,2,0,0,0
2008,6,107,1,60143,1,9,1,2,1,2,4,2,3,1,1,2,2,2,2,2,2,2,2,2,3,2,2,2,2,2,1,1,2,2,2,0,0,0
2008,6,7,1,60144,1,9,1,2,1,1,4,1,4,1,1,2,2,2,2,2,2,2,2,2,3,2,2,2,2,2,2,2,2,2,2,0,0,0
2008,6,73,1,60145,1,9,1,2,1,2,5,2,3,1,1,2,2,1,2,2,2,2,2,2,3,2,2,2,2,2,2,2,1,2,2,0,0,0
2008,6,107,1,60146,1,9,2,2,1,1,4,1,4,1,1,2,2,2,2,2,2,2,2,2,3,2,2,2,2,2,2,2,2,2,2,0,0,0
2008,6,65,1,60147,1,9,1,2,1,1,6,1,3,1,1,2,3,2,2,2,2,2,2,2,3,2,2,2,2,2,2,2,2,2,2,0,0,0
2008,6,29,1,60148,1,9,2,2,1,2,3,2,3,2,1,1,2,2,2,1,2,2,2,2,1,2,2,2,2,2,2,2,1,2,2,0,0,0
2008,6,85,1,60149,1,9,2,2,1,1,3,1,4,2,1,2,2,2,2,2,2,2,1,2,1,2,2,2,2,2,2,2,2,1,2,0,0,0
2008,6,1,1,60150,1,9,2,1,1,2,1,2,1,2,1,2,1,2,2,2,1,2,2,2,3,2,2,2,2,2,2,2,2,2,2,0,0,0
2008,6,37,1,60151,1,9,2,2,1,1,3,1,3,1,1,2,3,2,2,2,2,2,2,2,1,2,2,1,1,2,2,1,2,2,2,0,0,0
2008,6,107,1,60152,1,9,1,2,1,2,5,2,2,1,1,2,2,2,1,1,2,2,2,2,1,2,2,2,2,2,2,2,1,2,2,0,0,0
2008,6,33,1,60153,1,9,1,2,4,2,5,2,1,2,2,2,1,2,2,2,2,2,2,2,1,2,2,2,2,2,2,2,1,2,2,0,0,0
2008,6,37,1,60154,1,9,2,2,4,2,3,2,1,2,2,2,1,2,2,1,2,2,2,2,1,2,2,2,2,2,2,2,1,2,2,0,0,0
2008,6,39,2,60155,1,9,2,2,4,2,2,2,1,2,2,2,1,2,2,2,2,2,1,2,2,1,1,1,1,2,2,1,1,2,2,0,0,0
2008,6,39,1,60156,1,9,1,2,4,2,4,2,1,2,2,2,1,2,2,2,2,2,1,2,1,1,1,1,1,2,2,1,1,2,2,0,0,0
2008,6,71,1,60157,1,9,1,2,1,2,6,2,1,1,2,2,1,2,2,1,2,2,1,2,3,2,2,2,2,2,2,2,2,2,2,0,0,0
2008,6,73,1,60158,1,9,2,1,1,2,1,2,2,1,2,2,2,2,1,1,2,2,2,2,3,2,2,2,2,2,2,2,2,2,2,0,0,0
2008,6,71,1,60159,1,9,1,2,4,2,6,2,1,1,2,2,1,2,1,2,2,2,2,2,2,2,2,2,2,2,2,2,1,2,2,0,0,0
2008,6,29,1,60160,1,9,1,1,4,2,1,2,1,1,2,2,1,2,2,2,2,2,1,2,3,2,2,2,2,2,2,2,1,2,1,0,0,0
2008,6,71,1,60161,1,9,1,1,2,2,1,2,1,1,2,2,1,2,2,2,2,2,1,2,3,2,2,2,2,2,2,2,1,1,2,0,0,0
2008,6,29,1,60162,1,9,2,2,1,2,2,3,4,1,1,2,2,1,2,1,2,2,1,2,3,2,2,2,2,2,2,2,2,2,2,0,0,0
2008,6,81,1,60163,1,9,2,2,1,2,2,2,2,1,1,2,2,1,2,1,2,2,2,2,3,2,2,2,2,2,2,2,2,2,2,0,0,0
2008,6,37,1,60164,1,9,2,2,4,1,4,1,1,1,1,2,1,2,2,1,1,2,2,2,3,2,2,2,2,2,2,2,2,2,2,0,0,0
2008,6,73,1,60165,1,9,2,2,4,2,3,2,1,1,1,2,1,2,2,1,2,2,2,2,2,1,1,1,1,2,2,1,1,2,2,0,0,0
2008,6,73,1,60166,1,9,2,2,1,2,5,2,1,1,1,2,1,2,2,2,1,2,2,2,3,2,2,2,2,2,2,2,2,2,2,0,0,0
2008,6,37,1,60167,1,9,2,2,1,2,4,2,1,2,1,1,1,2,2,2,1,2,2,2,3,2,2,2,2,2,2,2,2,2,2,0,0,0
2008,6,65,1,60168,1,9,1,2,1,2,6,2,3,2,1,2,2,2,2,2,2,2,1,2,1,1,1,1,1,2,2,1,1,2,2,0,0,0
2008,6,37,1,60169,1,9,2,2,4,1,4,1,1,2,1,2,1,2,2,1,2,2,2,2,1,2,2,2,2,2,1,1,2,2,2,0,0,0
2008,6,47,1,60170,1,9,1,2,4,2,5,2,1,2,1,2,1,2,2,2,2,2,1,2,2,2,2,2,2,2,1,1,1,2,2,0,0,0
2008,6,7,2,60171,1,9,2,2,4,2,5,2,1,1,1,2,1,2,2,2,2,2,2,2,1,2,2,2,2,2,2,2,1,2,2,0,0,0
2008,6,85,1,60172,1,9,2,2,1,2,3,2,1,2,1,1,1,2,2,2,1,2,2,2,3,2,2,2,2,2,2,2,2,2,2,0,0,0
2008,6,71,1,60173,1,9,1,2,1,2,4,2,4,2,1,2,2,2,2,2,2,2,1,2,3,2,2,2,2,2,2,2,1,2,2,0,0,0
2008,6,19,1,60174,1,9,2,2,1,2,4,2,4,2,1,2,2,1,2,2,2,2,2,2,3,2,2,2,2,2,2,2,2,2,2,0,0,0
2008,6,25,1,60175,1,9,2,2,1,1,4,1,4,1,1,2,2,2,2,2,2,2,2,2,3,1,1,1,1,2,1,1,2,1,2,0,0,0
2008,6,19,1,60176,1,9,2,2,4,2,2,2,1,1,1,2,1,2,2,2,2,2,1,2,3,1,1,1,1,2,2,1,1,2,2,0,0,0
2008,6,45,1,60177,1,9,1,2,4,2,5,2,1,1,1,2,1,2,2,2,2,2,1,2,1,2,2,2,2,1,2,2,1,2,2,0,0,0
2008,6,23,1,60178,1,9,1,2,1,2,3,2,3,1,1,2,2,2,2,2,2,2,2,2,2,2,2,2,2,2,2,2,1,2,2,0,0,0
2008,6,37,1,60179,1,9,2,2,1,2,3,2,1,2,2,2,1,2,2,2,1,2,2,2,3,1,1,1,1,2,2,1,2,2,2,0,0,0
2008,6,79,1,60180,1,9,2,2,1,2,2,2,2,2,2,2,2,2,2,1,2,2,1,2,1,2,2,2,2,2,2,2,2,2,2,0,0,0
2008,6,59,1,60181,1,9,2,2,1,1,3,1,2,2,2,2,2,2,2,1,2,2,2,2,1,2,2,2,2,2,1,1,2,2,2,0,0,0
2008,6,37,1,60182,1,9,2,2,1,1,3,1,2,1,2,2,3,2,2,1,2,2,2,2,1,1,1,1,1,2,1,1,2,2,2,0,0,0
2008,6,33,1,60183,1,9,1,2,4,2,4,2,1,2,1,2,2,2,2,2,2,2,2,2,1,2,2,2,2,2,2,2,1,2,2,0,0,0
2008,6,37,1,60184,1,9,2,2,4,2,4,2,4,2,2,2,1,2,2,1,2,2,2,2,2,2,2,2,2,2,1,1,1,2,2,0,0,0
2008,6,65,2,60185,1,9,2,2,3,2,2,2,1,2,2,2,3,2,2,2,2,2,1,2,1,1,1,1,1,2,1,1,1,2,2,0,0,0
2008,6,19,2,60186,1,9,1,2,1,2,5,2,1,2,2,2,1,2,2,1,2,2,1,2,2,1,1,1,1,2,2,1,1,2,2,0,0,0
2008,6,35,1,60187,1,9,1,2,1,2,3,2,3,2,1,2,2,2,2,2,2,2,2,2,3,2,2,1,1,2,2,1,2,1,2,0,0,0
2008,6,37,1,60188,1,9,2,1,1,2,1,2,1,2,1,1,3,2,2,1,1,2,2,2,3,2,2,2,2,2,1,1,2,2,2,0,0,0
2008,6,85,1,60189,1,9,2,2,1,2,2,2,4,2,1,2,2,2,2,2,2,2,1,2,3,2,2,2,2,2,2,2,2,2,2,0,0,0
2008,6,37,1,60190,1,9,2,2,1,2,2,2,2,2,2,2,2,1,2,1,2,2,2,2,1,2,2,2,2,2,2,2,2,2,2,0,0,0
2008,6,37,1,60191,1,9,2,1,2,2,1,2,2,2,2,2,1,2,2,1,2,2,2,2,3,2,2,2,2,2,2,2,1,2,2,0,0,0
2008,6,73,1,60192,1,9,2,2,4,2,5,2,1,2,2,1,2,2,2,1,2,2,1,2,3,2,2,2,2,2,1,1,1,2,2,0,0,0
2008,6,71,1,60193,1,9,1,2,1,2,3,2,3,2,1,2,2,1,2,2,2,2,2,2,2,2,2,2,2,1,2,2,1,2,2,0,0,0
2008,6,37,1,60194,1,9,2,2,1,1,3,1,4,2,1,2,2,2,2,1,2,2,2,2,1,2,2,2,2,2,2,2,2,2,2,0,0,0
2008,6,71,1,60195,1,9,2,2,1,1,4,1,1,1,1,2,2,2,1,1,2,2,2,2,3,2,2,1,1,2,2,1,2,2,2,0,0,0
2008,6,65,1,60196,1,9,2,2,1,2,2,2,2,1,1,2,2,1,2,1,2,2,2,2,3,2,2,2,2,2,2,2,2,2,2,0,0,0
2008,6,67,1,60197,1,9,2,2,1,2,3,2,5,1,1,2,3,2,2,1,2,2,2,2,3,2,2,2,2,1,1,1,1,2,2,0,0,0
2008,6,111,1,60198,1,9,1,2,3,2,4,2,1,1,1,2,3,2,2,1,2,2,2,2,3,2,2,2,2,2,2,2,1,2,2,0,0,0
2008,6,71,1,60199,1,9,2,2,1,2,4,2,4,1,1,2,2,2,2,1,2,2,2,2,1,2,2,2,2,2,2,2,2,2,2,0,0,0
2008,6,59,1,60200,1,9,2,1,1,2,1,2,3,2,2,2,2,2,2,1,2,2,2,2,1,2,2,2,2,2,2,2,2,2,2,0,0,0
2008,6,59,1,60201,1,9,2,2,1,1,3,1,4,2,2,2,3,2,2,2,2,2,2,2,1,2,2,2,2,2,2,2,2,2,2,0,0,0
2008,6,37,2,60202,1,9,2,1,1,2,1,2,2,2,2,1,2,2,2,1,2,2,2,2,3,2,2,2,2,2,1,1,2,2,2,0,0,0
2008,6,73,1,60203,1,9,2,2,4,2,5,2,2,1,2,2,1,2,2,1,2,2,2,2,1,2,2,2,2,2,2,2,1,2,2,0,0,0
2008,6,37,2,60204,1,9,2,2,1,2,3,2,5,1,2,2,3,2,2,2,2,2,2,2,1,1,1,1,1,2,2,1,2,2,2,0,0,0
2008,6,79,1,60205,1,9,2,2,1,2,5,2,3,1,2,2,2,2,2,2,2,2,2,2,3,2,2,2,2,2,2,2,1,2,2,0,0,0
2008,6,73,1,60206,1,9,2,2,1,2,6,2,4,1,2,2,2,2,1,1,2,2,2,2,1,2,2,2,2,2,2,2,2,2,2,0,0,0
2008,6,37,1,60207,1,9,2,2,1,1,4,1,4,1,1,2,2,1,1,1,2,2,2,2,3,2,2,2,2,2,2,2,2,2,2,0,0,0
2008,6,37,1,60208,1,9,2,1,1,2,1,2,6,1,1,2,3,1,2,2,2,2,1,2,3,2,2,2,2,2,2,2,2,2,2,0,0,0
2008,6,99,1,60209,1,9,2,2,1,1,3,1,4,1,1,2,2,2,2,2,2,2,2,2,3,2,2,2,2,1,2,2,2,2,2,0,0,0
2008,6,37,1,60210,1,9,2,2,1,2,5,2,1,1,1,2,2,2,1,1,2,2,2,2,3,2,2,2,2,2,1,1,2,2,2,0,0,0
2008,6,59,1,60211,1,9,2,2,1,1,3,1,5,1,1,2,2,2,1,1,2,2,2,2,3,1,1,1,1,2,2,1,2,2,2,0,0,0
2008,6,29,1,60212,1,9,1,2,2,2,3,2,3,1,1,2,2,2,2,1,2,2,2,2,3,2,2,2,2,2,2,2,1,2,2,0,0,0
2008,6,37,1,60213,1,9,2,2,1,1,6,1,4,1,1,2,3,2,1,1,2,2,2,2,3,2,2,2,2,2,2,2,2,2,2,0,0,0
2008,6,73,1,60214,1,9,2,2,1,2,2,2,1,2,1,2,1,2,2,2,1,2,2,2,2,2,2,2,2,2,2,2,2,2,2,0,0,0
2008,6,37,1,60215,1,9,2,2,4,2,3,2,1,2,1,2,1,2,2,1,2,2,2,2,1,2,2,2,2,2,1,1,1,2,2,0,0,0
2008,6,59,1,60216,1,9,2,2,1,1,3,1,4,1,2,2,2,2,2,2,2,2,2,2,3,2,2,2,2,1,2,2,2,2,2,0,0,0
2008,6,87,1,60217,1,9,2,2,1,2,5,2,3,1,2,2,2,2,2,2,2,2,2,2,1,2,2,2,2,2,1,1,1,2,2,0,0,0
2008,6,37,1,60218,1,9,2,2,1,1,6,1,4,2,2,2,2,2,1,2,2,2,2,2,3,1,1,1,1,2,2,1,2,2,2,0,0,0
2008,6,61,1,60219,1,9,1,1,3,2,1,2,1,2,2,2,1,2,2,2,2,2,2,2,1,2,2,2,2,1,2,2,1,2,2,0,0,0
2008,6,65,2,60220,1,9,1,2,4,2,6,2,1,2,2,2,1,2,2,2,2,2,1,2,1,2,2,2,2,2,1,1,1,2,2,0,0,0
2008,6,99,1,60221,1,9,2,2,1,2,3,2,3,2,1,2,2,2,2,2,2,2,2,2,3,2,2,2,2,2,2,2,1,2,2,0,0,0
2008,6,59,1,60222,1,9,2,2,1,2,3,2,1,2,1,2,1,2,2,2,1,2,2,2,3,2,2,2,2,2,2,2,2,2,2,0,0,0
2008,6,71,1,60223,1,9,1,2,2,2,5,2,3,2,1,2,2,2,2,2,2,2,2,2,1,2,2,2,2,2,1,1,1,2,2,0,0,0
2008,6,99,1,60224,1,9,1,2,1,2,5,2,1,2,1,2,1,2,2,2,2,1,2,2,3,2,2,2,2,2,2,2,2,2,2,0,0,0
2008,6,97,1,60225,1,9,1,2,1,2,4,2,3,2,1,2,3,1,2,2,2,2,2,2,3,2,2,2,2,2,2,2,1,2,2,0,0,0
2008,6,33,1,60226,1,9,1,2,1,2,4,2,3,1,1,2,2,2,2,2,2,2,2,2,3,2,2,2,2,1,2,2,2,2,2,0,0,0
2008,6,31,4,60227,1,9,1,2,4,2,6,2,1,1,1,2,1,2,2,1,2,2,2,2,2,2,2,2,2,2,2,2,1,2,2,0,0,0
2008,6,73,1,60228,1,9,2,2,1,2,2,2,5,1,1,2,3,2,2,2,2,2,2,2,3,2,2,2,2,2,1,1,1,2,2,0,0,0
2008,6,1,1,60229,1,9,2,2,4,2,3,2,1,1,1,2,1,2,1,2,2,2,2,2,2,2,2,2,2,2,2,2,1,2,2,0,0,0
2008,6,7,1,60230,1,9,1,2,1,2,6,2,1,1,2,2,2,2,1,2,2,2,2,2,3,2,2,2,2,2,2,2,2,2,2,0,0,0
2008,6,79,1,60231,1,9,2,2,4,2,2,2,1,1,1,2,1,2,2,1,2,2,2,2,2,2,2,2,2,1,2,2,1,2,2,0,0,0
2008,6,73,1,60232,1,9,2,2,4,2,4,2,1,1,1,2,1,2,1,1,2,2,2,2,2,2,2,2,2,2,2,2,1,2,2,0,0,0
2008,6,37,1,60233,1,9,2,2,1,1,4,1,1,1,1,2,1,2,2,2,1,2,2,2,3,2,2,2,2,2,2,2,2,2,2,0,0,0
2008,6,71,1,60234,1,9,2,2,1,1,4,1,4,2,2,2,2,2,2,2,2,2,2,2,3,2,2,2,2,2,1,1,2,2,2,0,0,0
2008,6,71,1,60235,1,9,1,2,4,2,4,2,1,2,2,2,1,2,2,1,2,2,2,2,1,2,2,2,2,2,2,2,1,2,2,0,0,0
2008,6,73,1,60236,1,9,2,1,1,2,1,2,4,2,2,2,2,2,2,1,2,2,1,2,3,2,2,2,2,2,1,1,2,2,2,0,0,0
2008,6,73,1,60237,1,9,2,2,4,2,2,3,1,2,2,2,1,2,2,2,2,2,1,2,1,2,2,2,2,2,2,2,1,2,2,0,0,0
2008,6,73,1,60238,1,9,2,2,4,2,5,2,1,2,2,1,1,2,2,1,2,2,1,2,1,2,2,2,2,2,1,1,1,2,2,0,0,0
2008,6,37,1,60239,1,9,2,1,2,2,1,2,1,2,2,1,1,2,2,2,1,2,2,2,1,2,2,2,2,2,1,1,1,2,2,0,0,0
2008,6,45,1,60240,1,9,1,2,4,2,4,2,1,2,2,2,1,2,2,2,2,2,1,2,1,2,2,2,2,2,2,2,1,2,2,0,0,0
2008,6,65,1,60241,1,9,2,2,1,2,4,2,1,2,2,2,1,2,2,2,2,1,2,2,2,2,2,1,1,2,2,1,2,2,2,0,0,0
2008,6,79,1,60242,1,9,1,2,4,2,5,2,1,2,2,2,1,2,2,2,2,2,1,2,1,2,2,2,2,2,2,2,1,2,2,0,0,0
2008,6,37,1,60243,1,9,1,2,1,2,5,2,3,1,2,2,2,2,2,2,2,2,2,2,1,2,2,2,2,2,1,1,1,2,2,0,0,0
2008,6,59,1,60244,1,9,2,1,1,2,1,2,1,1,2,2,1,2,2,1,2,2,1,2,3,2,2,2,2,2,2,2,2,2,2,0,0,0
2008,6,77,1,60245,1,9,2,2,1,2,3,2,1,2,2,2,1,2,2,2,1,2,2,2,3,2,2,2,2,1,2,2,2,2,2,0,0,0
2008,6,77,1,60246,1,9,1,2,4,2,5,2,1,3,2,1,1,2,2,2,2,2,2,2,3,2,2,2,2,2,2,2,1,2,2,0,0,0
2008,6,73,1,60247,1,9,2,1,1,2,1,2,2,2,2,2,2,2,1,1,2,2,2,2,1,2,2,2,2,2,2,2,2,2,2,0,0,0
2008,6,19,1,60248,1,9,1,2,1,1,3,1,1,2,2,2,2,2,2,2,2,1,2,2,3,2,2,2,2,2,1,1,2,2,2,0,0,0
2008,6,111,1,60249,1,9,1,2,1,2,3,2,5,1,1,2,3,1,1,2,2,2,2,2,3,2,2,2,2,2,2,2,2,2,2,0,0,0
2008,6,71,1,60250,1,9,2,2,1,2,4,2,4,1,1,2,2,2,2,1,2,2,2,2,2,2,2,2,2,2,2,2,1,2,2,0,0,0
2008,6,107,1,60251,1,9,1,2,2,2,3,2,1,1,1,2,1,2,2,1,2,2,1,2,3,2,2,2,2,2,2,2,1,2,2,0,0,0
2008,6,73,1,60252,1,9,2,2,1,2,4,2,2,2,2,2,2,2,2,1,2,2,1,1,1,2,2,2,2,2,1,1,2,2,2,0,0,0
2008,6,37,2,60253,1,9,2,1,2,2,1,2,5,2,2,2,1,2,2,2,2,2,2,2,1,2,2,2,2,2,1,1,1,2,2,0,0,0
2008,6,71,1,60254,1,9,2,1,1,2,1,3,4,1,1,2,2,1,2,1,2,2,1,2,3,2,2,2,2,2,2,2,2,2,2,0,0,0
2008,6,25,2,60255,1,9,2,1,1,2,1,2,3,1,1,2,3,2,2,2,2,2,1,2,3,2,2,2,2,2,2,2,2,2,2,0,0,0
2008,6,19,1,60256,1,9,2,2,1,1,4,1,4,1,1,2,2,2,2,2,2,2,2,2,3,2,2,2,2,2,2,2,2,2,2,0,0,0
2008,6,37,1,60257,1,9,1,2,4,2,6,2,5,2,1,2,1,2,2,2,1,2,2,2,2,2,2,2,2,2,2,2,2,2,2,0,0,0
2008,6,29,1,60258,1,9,2,2,1,1,5,1,2,1,1,1,3,2,2,1,2,2,1,2,3,2,2,2,2,2,2,2,2,2,2,0,0,0
2008,6,71,1,60259,1,9,2,2,1,1,4,1,3,2,1,2,2,1,2,2,2,2,1,2,1,2,2,2,2,2,2,2,2,2,2,0,0,0
2008,6,67,1,60260,1,9,2,2,1,2,5,2,3,2,1,2,2,2,2,2,2,2,2,2,3,2,2,2,2,2,2,2,1,2,2,0,0,0
2008,6,99,1,60261,1,9,1,2,1,2,6,2,1,2,1,2,2,2,2,2,1,2,2,2,3,2,2,2,2,2,2,2,2,2,2,0,0,0
2008,6,37,1,60262,1,9,2,2,1,2,3,2,1,2,1,1,1,2,2,2,1,2,2,2,3,2,2,2,2,2,2,2,2,2,2,0,0,0
2008,6,111,1,60263,1,9,2,2,1,1,3,1,2,2,1,2,2,2,1,2,2,2,2,2,3,2,2,2,2,2,2,2,2,2,2,0,0,0
2008,6,37,1,60264,1,9,2,2,4,2,4,2,2,2,1,2,3,2,2,1,1,2,2,2,3,2,2,1,1,2,1,1,2,2,2,0,0,0
2008,6,37,1,60265,1,9,2,1,1,2,1,3,1,2,1,2,1,2,2,2,1,2,2,2,1,2,2,2,2,2,2,2,2,2,2,0,0,0
2008,6,7,1,60266,1,9,2,2,1,2,3,2,1,2,2,1,1,2,2,2,1,2,2,2,3,2,2,2,2,2,2,2,2,2,2,0,0,0
2008,6,67,1,60267,1,9,1,2,4,2,3,2,1,2,2,2,1,2,2,1,2,2,2,2,1,2,2,2,2,2,2,2,1,2,2,0,0,0
2008,6,65,2,60268,1,9,2,2,1,2,4,2,3,2,1,2,3,2,2,2,2,2,2,2,1,2,2,2,2,1,2,2,1,2,2,0,0,0
2008,6,39,1,60269,1,9,2,2,4,2,4,2,1,1,1,2,2,2,2,2,2,2,2,2,1,2,2,2,2,1,2,2,1,2,2,0,0,0
2008,6,97,1,60270,1,9,2,2,1,1,3,1,4,1,1,2,3,2,1,2,2,2,2,2,3,1,1,1,1,2,1,1,2,2,2,0,0,0
2008,6,71,1,60271,1,9,2,2,1,2,4,2,1,2,2,2,1,2,2,2,2,1,2,2,2,2,2,2,2,2,2,2,2,2,2,0,0,0
2008,6,85,1,60272,1,9,2,2,1,2,3,2,1,2,2,2,1,2,2,2,1,2,2,2,3,2,2,2,2,2,2,2,2,2,2,0,0,0
2008,6,37,1,60273,1,9,2,2,1,1,4,1,1,2,2,2,1,2,2,2,1,2,2,2,2,2,2,2,2,2,2,2,2,2,2,0,0,0
2008,6,65,1,60274,1,9,1,2,1,2,4,2,1,2,2,2,1,2,2,2,1,2,2,2,2,2,2,1,1,2,2,1,2,2,2,1,0,1
2008,6,37,1,60275,1,9,2,2,1,1,3,1,1,2,2,2,1,2,2,2,1,2,2,2,3,2,2,2,2,2,2,2,2,2,2,0,0,0
2008,6,37,1,60276,1,9,2,2,1,2,3,2,1,2,2,1,1,2,2,1,1,2,2,2,1,2,2,2,2,2,2,2,2,2,2,0,0,0
2008,6,83,1,60277,1,9,1,2,4,2,3,2,1,2,2,2,1,2,1,1,2,2,2,2,1,2,2,2,2,2,2,2,1,2,2,0,0,0
2008,6,71,1,60278,1,9,1,2,1,2,4,2,1,1,1,2,2,2,1,2,2,2,2,2,3,2,2,2,2,2,2,2,2,2,2,0,0,0
2008,6,71,2,60279,1,9,2,1,4,2,1,2,1,2,1,2,1,2,2,1,2,2,2,2,1,2,2,2,2,2,2,2,1,2,2,0,0,0
2008,6,113,1,60280,1,9,1,2,4,2,5,2,1,1,1,2,1,2,2,1,2,2,2,2,2,1,1,1,1,2,2,1,1,2,2,0,0,0
2008,6,37,1,60281,1,9,2,2,1,2,3,2,1,1,1,2,2,2,1,1,2,2,2,2,1,2,2,2,2,2,1,1,2,2,2,0,0,0
2008,6,65,1,60282,1,9,1,2,1,2,4,2,1,2,1,2,1,2,2,2,1,2,2,2,3,2,2,2,2,2,2,2,2,2,2,0,0,0
2008,6,73,1,60283,1,9,2,2,1,2,2,3,1,2,1,2,1,2,2,2,1,2,2,2,3,2,2,2,2,2,2,2,2,2,2,0,0,0
2008,6,103,1,60284,1,9,1,2,4,2,5,2,1,2,1,2,1,2,2,1,2,2,1,2,1,2,2,2,2,2,2,2,1,2,2,0,0,0
2008,6,37,1,60285,1,9,2,1,3,2,1,2,1,2,1,2,1,2,2,2,2,2,2,2,1,2,2,2,2,2,1,1,1,2,2,0,0,0
2008,6,5,1,60286,1,9,1,2,4,2,5,2,1,2,1,2,1,2,1,2,2,2,2,2,2,2,2,2,2,2,2,2,1,2,2,0,0,0
2008,6,59,1,60287,1,9,2,2,1,1,3,1,4,1,1,2,2,2,2,2,2,2,2,2,3,2,2,2,2,2,2,2,2,2,2,0,0,0
2008,6,37,1,60288,1,9,2,2,1,2,3,2,1,2,2,2,1,2,2,2,1,2,2,2,3,2,2,2,2,2,2,2,2,2,2,0,0,0
2008,6,53,1,60289,1,9,1,2,1,2,3,2,2,2,2,2,2,2,2,1,2,2,1,2,1,2,2,2,2,2,1,1,2,2,2,0,0,0
2008,6,107,1,60290,1,9,2,2,1,2,4,2,1,2,2,2,1,2,2,2,1,2,2,2,3,2,2,2,2,2,1,1,2,2,2,0,0,0
2008,6,37,1,60291,1,9,1,1,1,2,1,2,1,1,2,2,1,2,2,2,2,2,1,2,3,2,2,2,2,2,2,2,2,2,2,0,0,0
2008,6,37,1,60292,1,9,2,2,1,1,5,1,4,1,2,2,2,2,1,1,2,2,2,2,3,1,2,1,2,2,2,2,2,2,2,0,0,0
2008,6,29,1,60293,1,9,2,2,1,1,2,1,1,2,2,2,1,2,2,2,1,2,2,2,3,2,2,2,2,2,2,2,2,2,2,0,0,0
2008,6,39,1,60294,1,9,1,2,1,2,6,2,1,2,2,2,1,1,2,2,2,2,2,2,1,2,2,2,2,2,2,2,2,2,2,0,0,0
2008,6,65,1,60295,1,9,2,2,1,2,3,2,1,2,2,2,1,2,2,2,1,2,2,2,2,2,2,2,2,2,2,2,2,2,2,0,0,0
2008,6,65,1,60296,1,9,2,2,1,1,4,1,1,2,2,2,2,2,1,1,2,2,2,2,1,2,2,2,2,2,2,2,2,2,2,0,0,0
2008,6,89,1,60297,1,9,1,2,4,2,5,2,1,2,2,2,1,2,2,2,2,2,1,2,2,1,1,1,1,2,2,1,1,2,2,0,0,0
2008,6,113,1,60298,1,9,2,2,1,2,3,2,1,2,2,2,1,2,2,2,2,2,2,2,2,2,2,2,2,2,2,2,2,2,2,0,0,0
2008,6,37,2,60299,1,9,2,1,4,2,1,2,1,1,1,2,2,2,1,1,2,2,2,2,3,2,2,2,2,2,1,1,1,2,2,0,0,0
2008,6,19,1,60300,1,9,2,2,4,2,6,2,1,2,2,2,1,2,2,1,2,2,1,2,1,1,1,1,1,2,2,1,1,2,2,0,0,0
2008,6,71,1,60301,1,9,1,2,1,2,5,2,2,1,1,2,2,1,2,1,2,2,2,2,1,2,2,2,2,2,2,2,2,2,2,0,0,0
2008,6,37,1,60302,1,9,2,2,1,2,2,2,1,2,2,1,3,2,2,1,1,2,2,2,1,1,1,1,1,2,1,1,2,2,2,0,0,0
2008,6,59,1,60303,1,9,2,1,4,2,1,2,1,1,1,2,1,2,2,1,2,2,1,2,2,2,2,2,2,2,2,2,1,2,2,0,0,0
2008,6,81,1,60304,1,9,2,2,1,1,4,1,1,2,1,2,1,2,2,1,1,2,2,2,2,2,2,2,2,2,2,2,2,2,2,0,0,0
2008,6,77,1,60305,1,9,1,1,4,2,1,2,1,2,1,2,1,2,2,1,2,2,1,2,1,2,2,2,2,2,2,2,1,2,2,0,0,0
2008,6,97,1,60306,1,9,2,2,4,2,3,2,1,2,1,2,1,2,2,1,2,2,2,2,1,2,2,2,2,2,2,2,1,2,2,0,0,0
2008,6,65,1,60307,1,9,1,2,4,2,4,2,1,2,1,2,1,2,2,2,2,2,2,2,2,2,2,2,2,1,2,2,1,2,2,0,0,0
2008,6,73,1,60308,1,9,1,2,4,2,4,3,1,2,2,2,1,2,2,1,2,2,2,2,1,2,2,2,2,2,1,1,1,2,2,0,0,0
2008,6,81,1,60309,1,9,2,2,1,2,2,2,5,2,2,1,2,2,2,1,2,2,1,2,3,2,2,2,2,2,2,2,2,2,2,0,0,0
2008,6,19,1,60310,1,9,2,2,1,2,3,2,2,2,2,2,2,1,2,1,2,2,2,2,1,2,2,2,2,2,2,2,2,2,2,0,0,0
2008,6,77,1,60311,1,9,1,2,1,2,6,2,1,2,1,2,1,2,2,1,2,2,2,2,2,2,2,2,2,2,2,2,2,2,2,0,0,0
2008,6,13,1,60312,1,9,2,2,1,2,3,2,3,2,2,2,2,2,2,2,2,2,2,2,1,2,2,2,2,2,2,2,2,2,2,0,0,0
2008,6,65,1,60313,1,9,1,2,4,2,4,2,1,1,2,2,1,2,2,2,2,2,1,2,3,2,2,2,2,2,2,2,1,2,2,0,0,0
2008,6,89,1,60314,1,9,1,2,1,2,6,2,1,2,2,2,1,2,2,2,2,2,2,2,1,2,2,2,2,2,2,2,2,2,2,0,0,0
2008,6,71,2,60315,1,9,2,2,1,1,2,1,4,2,2,2,2,2,2,2,2,2,2,2,2,2,2,1,1,2,2,1,2,2,2,0,0,0
2008,6,71,1,60316,1,9,1,2,1,2,4,2,3,1,1,2,3,2,2,2,2,2,2,2,3,2,2,2,2,2,1,1,2,2,1,0,0,0
2008,6,37,1,60317,1,9,2,2,1,1,3,1,1,2,2,2,1,2,2,2,2,1,2,2,3,2,2,2,2,2,2,2,2,2,2,0,0,0
2008,6,107,1,60318,1,9,1,2,1,2,5,2,4,1,2,2,2,2,2,2,2,2,2,2,1,2,2,2,2,2,2,2,1,2,2,0,0,0
2008,6,37,1,60319,1,9,2,2,1,2,2,2,2,2,1,1,2,2,2,1,2,2,2,2,1,2,2,2,2,2,2,2,2,2,2,0,0,0
2008,6,37,1,60320,1,9,2,2,4,2,6,2,1,3,2,2,1,2,2,2,2,2,1,2,1,1,1,1,1,2,2,1,1,2,2,0,0,0
2008,6,1,1,60321,1,9,2,2,1,2,6,2,4,1,1,2,2,2,2,2,2,2,2,2,3,2,2,2,2,2,2,2,2,2,2,0,0,0
2008,6,53,1,60322,1,9,2,2,1,2,5,2,3,1,2,2,3,2,2,2,2,2,2,2,1,2,2,2,2,2,2,2,1,2,2,0,0,0
2008,6,77,1,60323,1,9,2,2,1,1,6,1,4,1,1,2,3,1,2,1,2,2,1,2,3,2,2,2,2,2,1,1,2,2,2,0,0,0
2008,6,65,1,60324,1,9,2,2,1,1,4,1,4,1,1,2,3,2,2,1,2,2,1,2,3,2,2,2,2,2,2,2,2,2,2,0,0,0
2008,6,19,1,60325,1,9,1,2,1,1,5,1,4,1,1,2,3,2,2,1,2,2,2,2,3,2,2,2,2,2,1,1,2,2,2,0,0,0
2008,6,59,1,60326,1,9,2,2,1,1,3,1,1,2,1,2,1,1,2,2,2,1,2,2,2,2,2,2,2,2,2,2,2,2,2,0,0,0
2008,6,111,1,60327,1,9,2,2,4,2,6,2,2,1,1,2,1,2,2,2,1,2,2,2,3,2,2,2,2,2,2,2,1,1,2,0,0,0
2008,6,71,1,60328,1,9,1,2,1,2,3,2,5,1,1,2,3,1,2,2,2,2,1,2,1,2,2,2,2,2,2,2,1,2,2,0,0,0
2008,6,65,1,60329,1,9,1,2,1,1,6,1,3,2,1,2,2,2,2,2,2,2,2,2,1,2,2,2,2,2,2,2,2,2,2,0,0,0
2008,6,25,3,60330,1,9,1,2,1,1,5,1,4,1,1,2,2,1,2,1,2,2,2,2,3,2,2,2,2,2,2,2,2,2,2,0,0,0
2008,6,71,1,60331,1,9,1,1,1,2,1,2,2,2,1,2,2,2,2,1,2,2,1,2,3,2,2,2,2,1,1,1,2,2,2,0,0,0
2008,6,29,1,60332,1,9,2,2,1,2,2,2,1,2,2,2,1,2,2,2,1,2,2,2,3,2,2,2,2,2,2,2,2,2,2,0,0,0
2008,6,37,1,60333,1,9,2,2,1,2,3,2,1,2,2,2,1,2,2,2,2,1,2,2,3,2,2,2,2,2,2,2,2,2,2,0,0,0
2008,6,37,1,60334,1,9,2,2,1,2,3,2,1,1,1,2,1,1,2,2,1,2,2,2,3,2,2,2,2,2,2,2,2,2,2,0,0,0
2008,6,71,1,60335,1,9,1,1,1,2,1,2,1,1,1,2,1,2,2,1,2,2,1,2,3,2,2,2,2,2,2,2,1,2,2,0,0,0
2008,6,37,1,60336,1,9,2,2,1,1,4,1,1,2,1,2,1,2,2,2,2,1,2,2,3,2,2,2,2,2,2,2,2,2,2,0,0,0
2008,6,67,1,60337,1,9,2,2,1,2,3,2,1,2,2,2,1,2,2,2,1,2,2,2,3,1,1,1,1,2,2,1,2,2,2,0,0,0
2008,6,65,1,60338,1,9,1,2,4,2,6,2,1,2,1,2,1,2,2,1,2,2,1,2,1,2,2,2,2,2,1,1,1,2,2,0,0,0
2008,6,37,1,60339,1,9,1,2,1,1,6,1,1,2,1,2,1,2,2,2,2,2,2,2,3,2,2,2,2,2,2,2,2,2,2,0,0,0
2008,6,65,1,60340,1,9,1,2,1,2,4,2,1,2,1,2,1,2,2,2,1,2,2,2,3,2,2,2,2,2,2,2,2,2,2,0,0,0
2008,6,71,1,60341,1,9,2,1,1,2,1,2,1,2,1,2,1,2,2,2,1,2,2,2,3,2,2,2,2,2,2,2,2,2,2,0,0,0
2008,6,73,1,60342,1,9,2,1,3,2,1,2,1,1,1,2,2,2,2,2,2,2,1,2,3,2,2,2,2,1,2,2,1,2,2,0,0,0
2008,6,73,1,60343,1,9,2,1,1,2,1,3,1,1,1,1,1,2,2,1,1,2,2,2,3,2,2,2,2,2,2,2,2,2,2,0,0,0
2008,6,65,1,60344,1,9,2,2,1,1,3,1,4,1,1,2,3,2,2,2,2,2,2,2,3,2,2,2,2,1,1,1,2,2,2,0,0,0
2008,6,71,1,60345,1,9,2,1,1,2,1,2,2,2,1,2,3,2,2,2,2,2,2,2,1,2,2,2,2,2,2,2,2,1,2,0,0,0
2008,6,71,1,60346,1,9,1,2,1,2,5,2,5,1,1,2,3,1,2,2,2,2,2,2,3,2,2,2,2,2,1,1,1,2,1,0,0,0
2008,6,65,1,60347,1,9,2,2,2,2,2,2,1,1,2,2,2,1,2,2,2,2,2,2,1,2,2,2,2,2,2,2,1,2,2,0,0,0
2008,6,83,1,60348,1,9,2,2,1,1,4,1,4,2,1,2,2,2,2,2,2,2,2,2,1,1,1,1,1,2,1,1,2,2,2,0,0,0
2008,6,37,1,60349,1,9,2,2,1,2,4,2,4,1,2,2,3,2,1,1,2,2,2,2,3,2,2,2,2,2,2,2,1,2,2,0,0,0
2008,6,1,1,60350,1,9,2,1,1,2,1,2,1,2,2,2,1,2,2,2,1,2,2,2,3,2,2,2,2,2,2,2,2,2,2,0,0,0
2008,6,95,1,60351,1,9,2,2,1,2,2,2,3,2,2,2,2,2,2,2,2,2,2,2,1,1,1,1,1,2,1,1,2,2,2,0,0,0
2008,6,77,1,60352,1,9,1,1,4,2,1,2,1,2,2,2,1,2,2,2,2,2,1,2,1,2,2,2,2,2,2,2,1,2,1,0,0,0
2008,6,59,1,60353,1,9,2,2,2,2,6,2,1,1,2,2,1,2,2,2,1,2,2,2,3,2,2,2,2,2,2,2,1,2,1,0,0,0
2008,6,73,1,60354,1,9,2,2,1,2,3,2,1,1,2,2,2,2,1,1,2,2,2,2,3,2,2,2,2,2,2,2,1,2,2,0,0,0
2008,6,17,1,60355,1,9,1,2,1,2,5,2,2,2,1,2,2,2,1,1,2,2,2,2,1,2,2,2,2,2,2,2,2,2,2,0,0,0
2008,6,39,1,60356,1,9,1,2,1,1,4,1,4,1,1,2,2,1,2,2,2,2,2,2,3,2,2,2,2,2,2,2,2,2,2,0,0,0
2008,6,95,1,60357,1,9,1,2,1,2,5,3,4,1,1,2,2,2,1,1,2,2,2,2,3,2,2,2,2,2,2,2,2,2,2,0,0,0
2008,6,87,1,60358,1,9,2,2,1,1,5,1,1,1,1,1,1,2,2,2,2,1,2,2,3,2,2,2,2,2,2,2,2,2,2,0,0,0
2008,6,87,1,60359,1,9,2,2,1,1,5,1,1,2,1,2,1,2,2,1,1,2,2,2,3,2,2,2,2,2,2,2,2,2,2,0,0,0
2008,6,71,2,60360,1,9,2,2,1,1,3,1,4,1,1,2,2,2,2,2,2,2,2,2,2,2,2,2,2,2,2,2,2,2,2,0,0,0
2008,6,85,1,60361,1,9,2,2,1,2,5,2,4,1,1,2,2,2,2,1,2,2,2,2,3,2,2,2,2,2,2,2,1,2,2,0,0,0
2008,6,73,1,60362,1,9,2,2,2,2,2,2,2,1,2,2,1,2,2,2,2,2,2,2,2,2,2,2,2,1,2,2,1,2,2,0,0,0
2008,6,107,1,60363,1,9,2,2,1,2,4,2,1,2,2,2,1,2,2,2,1,2,2,2,1,2,2,2,2,2,1,1,2,2,2,0,0,0
2008,6,37,1,60364,1,9,2,2,1,1,3,1,4,2,1,2,2,2,1,2,2,2,2,2,3,2,2,2,2,2,2,2,2,1,2,0,0,0
2008,6,101,2,60365,1,9,2,2,1,2,4,2,3,1,1,2,2,2,2,2,2,2,1,2,2,2,2,2,2,2,2,2,1,2,2,0,0,0
2008,6,67,2,60366,1,9,2,2,4,2,3,2,1,2,2,1,1,2,2,2,2,2,2,2,1,2,2,2,2,2,1,1,1,2,2,0,0,0
2008,6,85,1,60367,1,9,2,2,1,1,4,1,1,1,1,2,1,1,2,2,2,2,2,2,3,2,2,2,2,2,2,2,2,2,2,0,0,0
2008,6,87,1,60368,1,9,1,2,2,2,5,2,1,3,3,2,1,2,2,2,2,2,2,2,2,2,2,2,2,1,2,2,1,2,2,0,0,0
2008,6,1,1,60369,1,9,2,1,1,2,1,2,1,2,2,1,1,2,2,2,1,2,2,2,3,1,1,1,1,2,2,1,2,2,2,0,0,0
2008,6,59,1,60370,1,9,2,2,4,2,3,2,2,2,2,2,1,2,2,1,2,2,2,2,1,2,2,2,2,2,2,2,2,2,2,0,0,0
2008,6,65,1,60371,1,9,1,2,1,2,5,2,1,2,2,2,1,2,2,2,1,2,2,2,3,2,2,2,2,2,2,2,2,2,2,0,0,0
2008,6,73,1,60372,1,9,2,2,1,2,6,2,1,2,2,1,1,2,2,2,1,2,2,2,3,2,2,2,2,2,2,2,2,2,2,0,0,0
2008,6,47,1,60373,1,9,2,2,2,2,3,2,1,2,2,2,1,2,2,1,2,2,2,2,1,2,2,1,1,2,2,1,1,2,2,0,0,0
2008,6,71,1,60374,1,9,2,2,2,2,4,2,1,2,2,2,1,2,2,2,2,2,1,2,1,2,2,2,2,2,2,2,1,2,2,0,0,0
2008,6,11,1,60375,1,9,1,2,4,2,3,2,1,2,2,2,1,2,2,2,2,2,1,2,1,2,2,2,2,2,2,2,1,2,2,0,0,0
2008,6,39,1,60376,1,9,2,2,4,2,2,2,1,2,2,2,1,2,2,2,2,2,1,2,3,1,1,1,1,2,2,1,2,2,2,0,0,0
2008,6,71,1,60377,1,9,2,1,2,2,1,2,1,2,2,2,1,2,2,2,2,2,2,2,2,1,1,1,1,2,2,1,1,2,2,0,0,0
2008,6,71,1,60378,1,9,2,2,2,2,4,3,1,2,2,2,1,2,2,2,2,2,1,2,1,2,2,2,2,2,2,2,1,2,2,0,0,0
2008,6,85,1,60379,1,9,2,2,1,2,2,2,1,2,2,2,1,2,2,2,1,2,2,2,3,2,2,2,2,2,2,2,2,2,2,0,0,0
2008,6,73,1,60380,1,9,2,2,1,1,4,1,1,1,1,2,1,2,2,2,1,2,2,2,3,2,2,2,2,2,2,2,2,2,2,0,0,0
2008,6,29,1,60381,1,9,2,2,3,2,2,2,1,1,1,2,1,2,2,2,2,2,1,2,3,2,2,2,2,2,2,2,1,2,2,0,0,0
2008,6,37,1,60382,1,9,2,2,4,2,3,3,1,2,1,2,1,2,1,1,2,2,2,1,2,2,2,2,2,2,2,2,1,2,2,0,0,0
2008,6,37,1,60383,1,9,2,1,2,2,1,2,1,1,1,2,1,2,2,1,2,2,1,2,2,2,2,2,2,2,2,2,1,2,2,0,0,0
2008,6,71,1,60384,1,9,2,2,1,2,4,2,1,2,1,1,1,2,2,2,1,2,2,2,3,2,2,2,2,2,2,2,2,2,2,0,0,0
2008,6,37,1,60385,1,9,2,2,1,2,4,2,1,2,1,2,1,2,1,1,2,2,2,2,1,2,2,2,2,2,2,2,2,2,2,0,0,0
2008,6,65,4,60386,1,9,1,1,4,2,1,2,1,2,1,2,1,2,2,2,2,2,1,2,2,2,2,2,2,2,2,2,1,2,1,0,0,0
2008,6,23,1,60387,1,9,1,2,4,2,6,2,1,2,1,2,1,2,2,2,2,2,1,2,1,2,2,2,2,2,2,2,1,2,2,1,0,1
2008,6,97,2,60388,1,9,2,2,2,2,2,2,1,2,1,2,1,2,2,2,2,2,1,2,2,2,2,2,2,2,2,2,1,2,2,0,0,0
2008,6,85,2,60389,1,9,2,2,3,2,6,2,1,2,1,2,1,2,2,1,2,2,2,2,1,2,2,2,2,2,2,2,1,2,2,0,0,0
2008,6,59,1,60390,1,9,2,2,3,2,2,2,1,2,1,2,1,2,2,1,2,2,1,2,3,2,2,2,2,2,2,2,1,2,2,0,0,0
2008,6,59,1,60391,1,9,2,2,1,2,3,2,1,2,2,2,1,2,2,2,1,2,2,2,2,2,2,2,2,2,2,2,2,2,2,0,0,0
2008,6,37,1,60392,1,9,2,2,1,1,3,1,1,2,2,2,1,2,2,2,1,2,2,2,3,2,2,2,2,2,2,2,2,2,2,0,0,0
2008,6,17,1,60393,1,9,1,2,4,2,4,2,1,2,2,2,1,2,2,2,2,2,2,2,3,2,2,2,2,1,2,2,1,2,2,0,0,0
2008,6,59,1,60394,1,9,2,2,1,2,3,2,1,2,2,2,1,2,2,2,1,2,2,2,2,2,2,2,2,2,2,2,2,2,2,0,0,0
2008,6,111,1,60395,1,9,1,2,4,2,4,2,1,2,2,2,1,2,2,2,2,2,1,2,2,2,2,2,2,2,2,2,1,2,2,0,0,0
2008,6,73,1,60396,1,9,1,1,2,2,1,2,1,2,2,2,1,1,2,2,2,2,2,2,2,2,2,2,2,2,2,2,1,2,2,0,0,0
2008,6,73,1,60397,1,9,2,2,1,2,3,2,1,2,2,2,1,2,2,2,1,2,2,2,3,2,2,2,2,2,1,1,2,2,2,0,0,0
2008,6,19,1,60398,1,9,1,2,4,2,3,2,1,2,1,2,1,2,2,2,2,2,2,2,1,2,2,2,2,2,2,2,1,2,2,0,0,0
2008,6,37,1,60399,1,9,2,2,1,2,4,2,1,2,2,2,1,2,2,2,1,2,2,2,3,2,2,2,2,2,2,2,2,2,2,0,0,0
2008,6,71,1,60400,1,9,1,1,2,2,1,2,1,1,1,2,1,2,2,2,2,2,2,2,2,2,2,2,2,2,1,1,1,2,1,0,0,0
2008,6,57,1,60401,1,9,1,2,4,2,4,2,1,1,1,2,1,2,2,2,2,2,1,2,1,2,2,2,2,1,2,2,1,2,2,0,0,0
2008,6,85,1,60402,1,9,2,2,1,1,3,1,1,1,1,2,1,2,2,2,2,1,2,2,3,2,2,2,2,2,2,2,2,2,2,0,0,0
2008,6,85,1,60403,1,9,2,1,4,2,1,3,1,2,1,2,1,2,1,2,2,2,2,2,2,2,2,2,2,2,1,1,1,2,2,0,0,0
2008,6,39,1,60404,1,9,1,2,4,2,4,2,1,1,1,2,1,2,2,2,2,2,2,2,2,2,2,2,2,2,2,2,1,2,2,0,0,0
2008,6,35,1,60405,1,9,1,2,4,2,4,2,1,2,1,2,1,2,2,2,2,2,2,2,1,2,2,2,2,2,1,1,1,2,1,0,0,0
2008,6,73,1,60406,1,9,2,2,1,2,3,2,1,2,1,2,1,2,2,2,1,2,2,2,2,2,2,2,2,1,2,2,2,2,2,0,0,0
2008,6,21,1,60407,1,9,1,1,4,2,1,2,1,1,1,2,1,2,2,2,2,2,1,2,1,2,2,2,2,2,2,2,1,1,2,0,0,0
2008,6,19,1,60408,1,9,1,2,4,2,4,2,1,2,2,2,1,2,2,1,2,2,1,2,1,2,2,2,2,1,2,2,1,2,2,0,0,0
2008,6,29,1,60409,1,9,2,2,4,1,3,1,1,2,2,2,1,2,2,1,2,2,2,2,2,2,2,2,2,2,1,1,2,2,2,0,0,0
2008,6,85,1,60410,1,9,2,2,1,2,2,2,2,2,2,2,2,2,1,1,2,2,2,2,1,2,2,2,2,2,2,2,2,2,2,0,0,0
2008,6,59,1,60411,1,9,2,2,4,2,2,2,1,3,3,2,1,2,2,2,2,2,1,2,1,2,2,2,2,2,1,1,1,1,2,0,0,0
2008,6,65,1,60412,1,9,2,2,3,2,4,2,1,2,1,2,1,2,2,1,2,2,1,2,3,2,2,2,2,2,1,1,1,2,2,0,0,0
2008,6,81,1,60413,1,9,2,2,4,2,6,2,1,1,1,2,1,2,2,2,2,2,2,2,2,2,2,2,2,1,2,2,1,2,2,0,0,0
2008,6,75,1,60414,1,9,2,2,1,2,6,3,1,1,1,2,1,2,2,2,2,2,2,2,2,2,2,2,2,1,2,2,2,2,2,0,0,0
2008,6,111,1,60415,1,9,2,2,1,1,4,1,1,1,1,2,1,2,2,2,1,2,2,2,3,2,2,2,2,2,2,2,2,2,2,0,0,0
2008,6,65,1,60416,1,9,1,2,4,2,4,2,1,2,1,2,1,2,2,1,2,2,2,2,2,2,2,2,2,2,2,2,1,2,2,0,0,0
2008,6,89,2,60417,1,9,2,2,4,2,4,2,1,2,1,2,1,2,1,1,2,2,2,2,1,2,2,2,2,2,1,1,1,2,2,0,0,0
2008,6,67,1,60418,1,9,2,2,3,1,4,1,1,1,1,2,1,2,1,2,2,2,2,2,2,2,2,2,2,2,2,2,2,2,2,0,0,0
2008,6,61,1,60419,1,9,2,2,4,2,5,2,1,1,1,2,1,2,2,2,2,2,2,2,2,2,2,2,2,1,2,2,1,2,2,0,0,0
2008,6,59,2,60420,1,9,2,1,2,2,1,3,1,2,1,2,1,2,2,1,2,2,1,2,1,2,2,2,2,2,2,2,1,2,2,0,0,0
2008,6,9,1,60421,1,9,1,2,2,2,4,2,1,1,1,2,1,2,2,2,2,2,1,2,1,2,2,2,2,2,2,2,1,2,2,0,0,0
2008,6,29,1,60422,1,9,2,2,1,2,3,2,1,2,1,2,1,2,2,2,1,2,2,2,3,2,2,2,2,2,1,1,2,2,2,0,0,0
2008,6,65,1,60423,1,9,1,1,2,2,1,2,1,2,1,2,1,2,2,2,2,2,2,2,1,1,1,1,1,2,2,1,1,2,2,0,0,0
2008,6,71,1,60424,1,9,2,1,2,2,1,3,1,1,1,2,1,2,1,1,2,2,2,2,2,2,2,2,2,2,2,2,1,2,2,0,0,0
2008,6,75,1,60425,1,9,2,2,1,2,4,2,1,2,2,1,1,2,2,2,1,2,2,2,2,2,2,2,2,2,2,2,2,2,2,0,0,0
2008,6,65,1,60426,1,9,1,2,4,1,5,1,1,1,1,2,1,2,2,2,2,2,2,2,3,2,2,2,2,2,2,2,2,2,2,1,0,1
2008,6,59,1,60427,1,9,2,2,1,1,3,1,1,2,2,2,1,2,2,2,1,2,2,2,2,1,1,1,1,2,2,1,2,2,2,0,0,0
2008,6,37,1,60428,1,9,2,2,4,2,3,2,1,1,2,2,1,2,2,1,2,2,2,2,1,1,1,1,1,2,2,1,1,2,2,0,0,0
2008,6,13,1,60429,1,9,2,2,1,1,3,1,1,1,2,2,1,2,2,2,2,1,2,2,3,2,2,2,2,2,2,2,2,2,2,0,0,0
2008,6,45,1,60430,1,9,1,2,4,2,5,2,1,2,2,2,1,2,2,1,2,2,1,2,1,2,2,2,2,2,2,2,1,2,2,0,0,0
2008,6,19,1,60431,1,9,1,2,1,2,5,2,1,1,1,1,1,2,2,1,2,1,2,2,3,2,2,2,2,2,2,2,2,2,2,0,0,0
2008,6,53,1,60432,1,9,2,2,1,2,4,2,1,2,1,2,1,2,2,2,1,2,2,2,3,1,1,1,1,2,2,1,2,2,2,0,0,0
2008,6,71,1,60433,1,9,1,2,4,2,5,2,1,1,1,2,1,2,2,2,2,2,1,2,3,2,2,2,2,2,2,2,1,2,2,0,0,0
2008,6,23,1,60434,1,9,1,2,1,2,4,2,1,2,1,2,1,2,2,2,1,2,2,2,3,2,2,2,2,2,1,1,2,2,2,1,1,1
2008,6,71,1,60435,1,9,2,2,3,2,4,2,1,2,1,2,1,2,2,1,2,2,1,1,1,2,2,2,2,2,1,1,1,2,2,0,0,0
2008,6,71,1,60436,1,9,2,2,1,1,6,1,1,2,1,2,1,2,2,2,1,2,2,2,3,2,2,2,2,2,2,2,2,2,2,0,0,0
2008,6,29,1,60437,1,9,1,2,2,2,5,2,1,1,1,2,1,2,2,2,2,2,1,2,2,2,2,2,2,1,2,2,1,2,2,0,0,0
2008,6,81,1,60438,1,9,1,2,2,2,5,2,1,1,1,2,1,2,2,2,2,2,2,2,2,2,2,2,2,2,2,2,1,2,2,0,0,0
2008,6,79,1,60439,1,9,1,2,2,2,4,2,1,1,1,2,1,2,2,2,2,2,1,2,2,2,2,2,2,1,2,2,1,2,2,0,0,0
2008,6,19,1,60440,1,9,1,2,2,2,5,2,1,2,2,2,1,2,2,2,2,2,1,2,1,2,2,2,2,2,2,2,1,2,2,0,0,0
2008,6,19,1,60441,1,9,1,2,4,2,5,2,1,2,2,2,1,2,2,2,2,2,1,2,1,2,2,2,2,2,2,2,1,2,2,0,0,0
2008,6,39,1,60442,1,9,1,2,4,2,3,2,1,2,2,2,1,2,2,2,2,2,1,2,3,2,2,2,2,2,2,2,1,2,2,0,0,0
2008,6,37,1,60443,1,9,2,2,1,1,3,1,1,2,2,1,1,2,2,2,1,2,2,2,3,2,2,2,2,2,2,2,2,2,2,0,0,0
2008,6,71,1,60444,1,9,2,2,4,2,2,2,1,2,2,2,1,2,2,1,2,2,1,2,1,2,2,1,1,2,2,1,1,2,2,0,0,0
2008,6,65,1,60445,1,9,2,1,4,2,1,2,1,2,2,2,1,2,2,2,2,2,2,2,1,2,2,1,1,2,2,1,1,2,2,0,0,0
2008,6,71,1,60446,1,9,2,2,2,2,4,2,1,2,2,2,1,2,2,1,2,2,2,2,1,1,1,1,1,2,2,1,1,2,2,0,0,0
2008,6,73,1,60447,1,9,1,2,2,2,3,2,1,2,2,2,1,2,2,2,2,2,1,2,1,1,1,1,1,2,2,1,1,2,2,0,0,0
2008,6,65,1,60448,1,9,1,2,2,2,6,2,1,1,2,2,1,2,2,2,2,2,1,2,1,2,2,2,2,2,2,2,1,2,2,0,0,0
2008,6,45,1,60449,1,9,1,2,4,2,4,2,1,1,2,2,1,2,2,2,2,2,1,2,1,2,2,2,2,1,2,2,1,2,2,0,0,0
2008,6,71,1,60450,1,9,2,2,4,2,3,2,1,1,2,2,1,2,2,2,2,2,1,2,2,2,2,2,2,2,1,1,1,2,2,0,0,0
2008,6,77,1,60451,1,9,1,2,4,2,5,2,1,3,2,2,1,2,2,2,2,2,1,2,1,2,2,2,2,2,1,1,1,2,2,0,0,0
2008,6,7,1,60452,1,9,1,2,2,2,5,2,1,1,1,2,1,2,2,1,2,2,1,2,1,2,2,2,2,2,2,2,1,2,2,0,0,0
2008,6,65,1,60453,1,9,1,1,3,2,1,2,1,1,1,2,1,2,2,2,2,2,1,2,3,2,2,2,2,2,2,2,1,1,2,0,0,0
2008,6,37,1,60454,1,9,2,2,4,2,3,3,1,1,1,2,1,1,2,2,2,1,2,2,3,2,2,2,2,2,2,2,2,2,2,0,0,0
2008,6,37,1,60455,1,9,2,1,4,2,1,2,1,1,1,2,1,2,2,1,2,2,2,2,3,1,1,1,1,2,2,1,1,2,2,0,0,0
2008,6,73,1,60456,1,9,1,1,4,2,1,2,1,1,1,2,1,2,2,1,2,2,1,2,2,2,2,2,2,2,2,2,1,2,2,0,0,0
2008,6,37,1,60457,1,9,2,2,1,2,3,2,1,2,1,2,1,2,2,2,1,2,2,2,3,2,2,2,2,2,2,2,2,2,2,0,0,0
2008,6,53,1,60458,1,9,1,2,4,2,5,2,1,1,1,2,1,2,2,2,2,2,1,2,2,2,2,2,2,2,2,2,1,2,2,0,0,0
2008,6,59,1,60459,1,9,2,2,1,1,3,1,1,1,1,2,1,2,2,2,1,2,2,2,2,2,2,2,2,1,2,2,2,2,2,0,0,0
2008,6,19,2,60460,1,9,2,2,4,1,3,1,1,1,1,2,1,2,2,2,2,2,2,2,2,2,2,2,2,1,2,2,2,2,2,0,0,0
2008,6,37,1,60461,1,9,2,2,4,2,4,2,1,1,1,2,1,2,2,2,2,2,2,2,2,2,2,2,2,2,2,2,1,2,2,0,0,0
2008,6,73,1,60462,1,9,2,2,1,2,4,2,1,2,1,2,1,2,2,2,1,2,2,2,3,2,2,1,1,2,2,1,2,2,2,0,0,0
2008,6,73,1,60463,1,9,2,2,1,1,4,1,1,2,1,2,1,2,2,2,1,2,2,2,3,2,2,2,2,2,1,1,2,2,2,0,0,0
2008,6,29,1,60464,1,9,1,2,1,2,5,2,1,2,1,2,1,2,2,2,1,2,2,2,3,2,2,2,2,2,2,2,2,2,2,0,0,0
2008,6,37,1,60465,1,9,2,1,1,2,1,2,1,2,2,2,1,2,2,2,1,2,2,2,3,2,2,2,2,2,2,2,2,2,2,0,0,0
2008,6,53,1,60466,1,9,1,2,4,2,5,2,1,2,2,2,1,2,1,2,2,2,2,2,1,2,2,2,2,2,1,1,1,2,2,0,0,0
2008,6,9,1,60467,1,9,1,2,2,2,5,2,1,3,2,2,1,2,1,2,2,2,2,2,2,2,2,2,2,2,2,2,1,2,2,0,0,0
2008,6,31,1,60468,1,9,1,2,4,2,6,2,1,3,2,2,1,2,2,2,2,2,1,2,1,2,2,2,2,2,2,2,1,2,2,0,0,0
2008,6,81,1,60469,1,9,2,1,2,2,1,2,1,1,2,2,1,2,2,2,2,2,2,2,2,2,2,2,2,2,2,2,1,2,2,0,0,0
2008,6,37,1,60470,1,9,2,2,1,2,3,2,1,2,2,1,1,2,2,1,1,2,2,2,3,2,2,2,2,2,2,2,2,2,2,0,0,0
2008,6,37,1,60471,1,9,2,1,1,2,1,2,1,2,2,2,1,2,2,2,1,2,2,2,3,2,2,2,2,2,2,2,2,2,2,0,0,0
2008,6,19,1,60472,1,9,1,1,3,2,1,2,1,2,2,2,1,2,2,2,2,2,1,2,3,2,2,1,1,2,2,1,1,2,2,0,0,0
2008,6,77,1,60473,1,9,2,2,1,2,4,2,1,2,1,2,1,2,2,2,1,2,2,2,3,2,2,2,2,2,2,2,2,2,2,0,0,0
2008,6,7,1,60474,1,9,1,2,4,2,4,2,1,1,1,2,1,2,1,1,2,2,2,2,2,2,2,2,2,2,2,2,1,2,2,0,0,0
2008,6,13,1,60475,1,9,2,2,4,2,2,2,1,3,3,2,1,2,2,2,2,2,2,2,2,2,2,2,2,2,1,1,1,2,2,0,0,0
2008,6,73,1,60476,1,9,2,2,2,2,4,2,1,2,1,2,1,2,2,2,2,2,2,2,2,2,2,2,2,2,2,2,1,2,2,0,0,0
2008,6,37,1,60477,1,9,2,1,4,2,1,2,1,1,1,2,1,2,2,2,2,2,2,2,2,1,1,1,1,2,2,1,1,2,2,0,0,0
2008,6,111,1,60478,1,9,2,2,4,2,2,2,1,1,1,2,1,2,2,2,2,2,2,2,3,2,2,2,2,1,2,2,1,2,2,0,0,0
2008,6,71,1,60479,1,9,1,2,4,2,4,2,1,2,1,2,1,2,2,2,2,2,1,2,2,1,1,1,1,2,2,1,1,2,2,0,0,0
2008,6,37,1,60480,1,9,2,2,1,2,3,2,1,1,1,2,1,2,2,2,1,2,2,2,3,2,2,2,2,2,2,2,2,1,2,0,0,0
2008,6,1,1,60481,1,9,2,1,3,2,1,2,1,1,1,2,1,2,1,1,2,2,2,2,2,2,2,2,2,2,1,1,1,2,2,0,0,0
2008,6,83,1,60482,1,9,2,2,1,2,6,3,1,1,1,2,1,1,2,2,2,1,2,2,3,2,2,2,2,2,2,2,2,1,2,0,0,0
2008,6,37,1,60483,1,9,2,2,3,2,3,2,1,2,1,2,1,2,2,2,2,2,2,2,1,2,2,2,2,2,1,1,1,2,2,0,0,0
2008,6,23,1,60484,1,9,1,2,4,2,5,2,1,2,1,2,1,2,2,2,2,2,1,2,1,2,2,2,2,2,2,2,1,2,2,1,0,1
2008,6,57,1,60485,1,9,1,1,4,2,1,2,1,1,1,2,1,2,2,2,2,2,1,2,2,2,2,2,2,2,2,2,1,2,2,0,0,0
2008,6,1,1,60486,1,9,2,1,1,2,1,3,3,2,1,2,2,2,2,2,2,2,1,2,3,2,2,2,2,2,2,2,1,2,2,0,0,0
2008,6,113,1,60487,1,9,1,2,1,2,5,2,3,1,2,2,2,2,2,1,2,2,2,2,3,2,2,2,2,1,1,1,1,2,2,0,0,0
2008,6,37,1,60488,1,9,2,2,4,2,3,2,5,2,1,2,1,2,2,2,2,2,1,2,1,2,2,2,2,2,2,2,1,2,2,0,0,0
2008,6,37,1,60489,1,9,2,2,1,2,2,2,3,2,2,2,2,2,2,1,2,2,2,2,1,2,2,2,2,2,2,2,1,2,2,0,0,0
2008,6,59,1,60490,1,9,2,2,1,1,3,1,4,1,1,2,2,2,2,2,2,2,2,2,3,2,2,2,2,2,2,2,2,2,2,0,0,0
2008,6,101,1,60491,1,9,1,2,1,2,3,2,4,1,1,2,2,1,2,2,2,2,1,2,3,2,2,2,2,2,2,2,1,2,2,0,0,0
2008,6,37,1,60492,1,9,2,2,1,1,4,1,4,2,2,2,3,2,2,2,2,2,1,2,3,1,1,1,1,2,2,1,2,2,2,0,0,0
2008,6,37,1,60493,1,9,2,1,6,2,1,2,2,1,2,2,1,2,2,1,2,2,2,2,3,2,2,2,2,2,2,2,2,1,2,0,0,0
2008,6,37,1,60494,1,9,2,2,1,2,3,2,4,2,2,2,3,2,2,1,2,2,2,2,3,1,1,1,1,2,2,1,1,2,2,0,0,0
2008,6,73,1,60495,1,9,2,2,4,2,5,2,4,1,2,2,1,2,1,2,2,2,2,2,3,2,2,2,2,2,1,1,1,2,2,0,0,0
2008,6,19,1,60496,1,9,1,2,1,2,5,2,5,1,2,2,2,2,2,2,2,2,2,2,1,2,2,2,2,2,1,1,1,2,2,0,0,0
2008,6,111,3,60497,1,9,2,2,1,2,2,2,3,2,2,2,2,2,2,2,2,2,2,2,1,2,2,2,2,2,1,1,2,2,2,0,0,0
2008,6,71,1,60498,1,9,1,1,2,2,1,2,2,1,1,2,1,1,2,2,2,2,2,2,2,2,2,2,2,2,2,2,1,2,2,0,0,0
2008,6,71,1,60499,1,9,2,2,1,2,4,2,1,2,2,1,1,2,2,1,1,2,2,2,1,2,2,2,2,2,2,2,2,2,2,0,0,0
2008,6,71,1,60500,1,9,2,1,1,1,1,1,1,1,1,2,1,1,2,2,1,2,2,2,3,2,2,2,2,2,2,2,2,2,2,0,0,0
2008,6,29,1,60501,1,9,2,2,1,2,4,2,3,1,1,2,2,2,1,2,2,2,2,2,3,1,1,1,1,1,2,1,2,2,2,0,0,0
2008,6,81,1,60502,1,9,2,2,1,2,3,2,1,2,1,2,2,2,1,1,2,2,2,2,3,2,2,2,2,2,2,2,1,2,2,0,0,0
2008,6,11,1,60503,1,9,1,2,1,2,5,2,1,2,2,2,1,2,2,2,1,2,2,2,2,2,2,2,2,2,1,1,2,1,2,0,0,0
2008,6,89,1,60504,1,9,2,2,1,2,4,2,3,2,2,2,2,2,2,2,2,2,2,2,3,2,2,2,2,2,2,2,1,1,2,0,0,0
2008,6,35,1,60505,1,9,1,2,1,2,3,2,4,1,2,2,2,2,2,1,2,2,2,2,3,2,2,2,2,1,2,2,1,2,2,0,0,0
2008,6,65,1,60506,1,9,1,1,2,2,1,2,1,1,1,2,1,2,2,2,2,2,1,2,2,2,2,2,2,2,2,2,1,2,2,0,0,0
2008,6,37,1,60507,1,9,2,1,1,2,1,2,2,2,1,1,2,2,1,1,2,2,2,2,1,2,2,2,2,2,2,2,2,2,2,0,0,0
2008,6,37,1,60508,1,9,2,2,1,2,2,2,3,2,2,2,2,2,2,2,2,2,2,2,1,2,2,2,2,2,1,1,2,2,2,0,0,0
2008,6,25,2,60509,1,9,1,2,1,2,5,2,5,2,2,2,2,1,2,2,2,2,1,2,3,1,1,1,1,2,2,1,1,2,2,0,0,0
2008,6,105,1,60510,1,9,1,2,1,2,3,2,4,1,1,2,2,2,2,1,2,2,2,2,3,1,1,1,1,2,2,1,1,2,2,0,0,0
2008,6,73,1,60511,1,9,2,2,1,1,3,1,4,1,1,2,2,2,1,2,2,2,2,2,3,2,2,2,2,1,2,2,2,2,2,0,0,0
2008,6,7,1,60512,1,9,1,2,1,2,5,2,1,1,1,2,1,2,2,2,1,2,2,2,3,2,2,2,2,2,2,2,2,2,2,0,0,0
2008,6,37,1,60513,1,9,2,2,1,2,3,2,3,2,1,2,2,2,2,2,2,2,2,2,1,2,2,2,2,2,2,2,1,2,2,0,0,0
2008,6,71,1,60514,1,9,1,2,1,2,5,2,3,2,1,2,2,2,2,2,2,2,1,2,1,2,2,2,2,2,2,2,1,2,2,0,0,0
2008,6,13,1,60515,1,9,2,2,1,1,5,1,1,1,1,2,1,2,2,2,2,1,2,2,3,2,2,2,2,2,2,2,2,2,2,0,0,0
2008,6,71,1,60516,1,9,1,2,1,2,3,2,3,2,2,2,2,2,2,2,2,2,2,2,3,1,1,1,1,2,2,1,1,2,2,0,0,0
2008,6,71,1,60517,1,9,1,2,1,2,6,2,1,3,2,2,1,2,2,2,2,2,2,2,1,2,2,2,2,1,2,2,2,2,2,1,0,1
2008,6,1,1,60518,1,9,2,1,1,2,1,2,4,1,2,2,2,2,2,1,2,2,2,2,3,2,2,2,2,2,2,2,2,2,2,0,0,0
2008,6,37,2,60519,1,9,2,1,4,2,1,2,1,2,2,2,1,2,2,2,2,2,1,2,1,2,2,2,2,2,2,2,1,2,2,0,0,0
2008,6,107,1,60520,1,9,1,2,1,2,5,2,3,2,1,1,2,2,2,2,2,2,2,2,3,2,2,2,2,2,2,2,1,2,2,0,0,0
2008,6,67,1,60521,1,9,2,2,1,2,3,2,1,1,1,2,2,2,1,2,2,2,2,2,3,2,2,2,2,2,1,1,2,2,2,0,0,0
2008,6,61,1,60522,1,9,1,2,1,2,4,2,3,1,1,2,2,2,2,2,2,2,2,2,3,2,2,2,2,2,2,2,1,2,2,0,0,0
2008,6,1,2,60523,1,9,1,1,1,2,1,2,2,2,2,1,2,2,2,1,2,2,2,2,1,1,1,1,1,2,1,1,2,2,2,0,0,0
2008,6,25,1,60524,1,9,2,2,1,1,2,1,4,1,1,2,2,2,2,2,2,2,2,2,3,2,2,2,2,2,2,2,2,2,2,0,0,0
2008,6,53,1,60525,1,9,2,2,1,2,5,2,3,1,1,2,2,1,2,2,2,2,2,2,1,1,1,1,1,2,2,1,1,2,2,0,0,0
2008,6,55,1,60526,1,9,2,2,1,1,3,1,4,1,1,2,2,2,1,2,2,2,2,2,3,2,2,2,2,1,2,2,2,2,2,0,0,0
2008,6,89,1,60527,1,9,2,2,6,2,4,2,1,2,1,1,1,2,2,2,2,2,2,2,3,2,2,2,2,2,1,1,2,2,2,0,0,0
2008,6,65,1,60528,1,9,2,2,3,2,4,2,1,2,1,2,1,2,1,2,2,2,2,2,1,2,2,2,2,2,2,2,1,1,2,0,0,0
2008,6,19,1,60529,1,9,1,2,4,2,5,2,1,1,1,2,1,2,2,2,2,2,1,2,3,1,2,1,2,2,2,2,1,1,2,0,0,0
2008,6,67,1,60530,1,9,2,2,4,2,3,2,1,2,2,2,1,2,2,1,2,2,2,2,2,2,2,2,2,2,1,1,1,2,2,0,0,0
2008,6,73,1,60531,1,9,2,1,1,2,1,2,1,1,2,2,1,2,2,2,1,2,2,2,3,2,2,2,2,2,2,2,2,2,2,0,0,0
2008,6,37,1,60532,1,9,2,2,1,2,3,2,1,2,2,2,1,2,2,2,1,2,2,2,3,2,2,2,2,2,2,2,2,2,2,0,0,0
2008,6,81,1,60533,1,9,2,2,1,2,2,2,2,2,2,2,2,2,1,1,2,2,2,2,3,1,1,1,1,2,2,1,2,2,2,0,0,0
2008,6,85,2,60534,1,9,2,2,2,2,4,2,1,1,2,2,1,2,2,1,2,1,2,2,2,2,2,2,2,2,2,2,1,2,2,0,0,0
2008,6,37,1,60535,1,9,2,2,1,2,6,2,1,2,2,2,1,2,2,2,1,2,2,2,3,2,2,2,2,2,2,2,2,2,2,0,0,0
2008,6,113,1,60536,1,9,1,2,4,2,4,2,1,2,2,2,1,2,2,2,2,2,1,2,1,2,2,2,2,2,1,1,1,2,2,0,0,0
2008,6,19,1,60537,1,9,2,2,1,2,4,2,1,1,1,2,1,2,2,1,1,2,2,2,3,2,2,2,2,2,2,2,2,2,2,0,0,0
2008,6,37,1,60538,1,9,2,2,1,2,6,2,1,1,1,2,1,2,2,2,2,1,2,2,3,2,2,2,2,2,2,2,2,2,2,0,0,0
2008,6,37,1,60539,1,9,2,2,1,2,3,2,1,1,1,2,1,2,2,1,1,2,2,2,3,2,2,2,2,2,2,2,2,2,2,0,0,0
2008,6,29,1,60540,1,9,2,2,1,2,3,2,1,2,1,2,1,2,2,2,1,2,2,2,3,2,2,2,2,2,2,2,2,2,2,0,0,0
2008,6,65,1,60541,1,9,1,2,4,2,6,2,1,2,1,1,2,2,2,1,2,2,1,2,1,1,1,1,1,2,2,1,1,2,2,0,0,0
2008,6,37,1,60542,1,9,2,2,1,1,4,1,1,1,1,1,1,2,2,2,1,2,2,2,3,2,2,2,2,2,2,2,2,2,2,0,0,0
2008,6,73,1,60543,1,9,1,2,4,2,5,2,1,2,1,2,1,2,1,2,2,2,2,2,2,2,2,2,2,2,1,1,1,2,2,0,0,0
2008,6,75,1,60544,1,9,2,2,1,1,3,1,1,2,1,2,1,2,2,2,1,2,2,2,3,2,2,2,2,2,2,2,2,2,2,0,0,0
2008,6,111,1,60545,1,9,2,2,4,1,5,1,1,2,1,2,1,2,2,1,2,2,2,2,1,2,2,2,2,2,2,2,2,2,2,0,0,0
2008,6,1,1,60546,1,9,2,1,1,2,1,2,1,2,1,2,1,2,2,2,1,2,2,2,3,2,2,2,2,2,2,2,2,2,2,0,0,0
2008,6,77,1,60547,1,9,1,2,2,2,5,2,1,1,1,2,1,2,2,2,2,1,2,2,3,2,2,2,2,2,2,2,1,2,2,0,0,0
2008,6,73,1,60548,1,9,2,2,4,2,6,3,1,1,1,2,1,2,2,2,2,2,1,2,2,2,2,2,2,1,2,2,1,2,2,0,0,0
2008,6,13,1,60549,1,9,2,2,1,1,3,1,1,1,1,2,1,2,2,2,1,2,2,2,2,2,2,2,2,1,2,2,2,2,2,0,0,0
2008,6,29,1,60550,1,9,1,2,2,2,3,2,1,1,1,2,1,1,2,2,2,2,1,2,3,2,2,2,2,2,2,2,1,1,2,0,0,0
2008,6,27,1,60551,1,9,1,2,1,1,3,1,1,2,2,2,1,2,2,2,1,2,2,2,3,2,2,2,2,2,1,1,2,2,2,0,0,0
2008,6,19,1,60552,1,9,2,2,1,2,5,2,1,2,2,1,1,2,2,1,1,2,2,2,3,2,2,2,2,2,2,2,2,2,2,0,0,0
2008,6,111,1,60553,1,9,2,2,1,2,3,2,1,2,2,1,1,2,2,2,1,2,2,2,3,2,2,1,1,2,2,1,2,2,2,0,0,0
2008,6,1,1,60554,1,9,2,2,1,2,5,2,1,2,2,1,1,2,2,1,1,2,2,2,3,1,1,1,1,2,2,1,2,2,2,0,0,0
2008,6,107,1,60555,1,9,1,2,3,2,3,2,1,2,2,2,1,2,2,2,2,2,1,2,1,2,2,2,2,2,1,1,1,2,2,0,0,0
2008,6,65,1,60556,1,9,2,2,1,2,3,2,1,1,2,2,1,2,2,2,1,2,2,2,3,2,2,2,2,2,2,2,2,2,2,0,0,0
2008,6,65,1,60557,1,9,1,2,4,2,4,2,1,1,2,2,1,2,1,1,2,2,2,2,2,2,2,2,2,2,2,2,1,2,2,0,0,0
2008,6,37,1,60558,1,9,2,1,4,2,1,3,1,2,2,2,1,2,1,1,2,2,2,2,1,2,2,2,2,2,2,2,1,2,2,0,0,0
2008,6,77,2,60559,1,9,1,2,4,2,5,2,1,2,2,2,1,2,2,2,2,2,1,2,1,2,2,2,2,2,2,2,1,2,2,0,0,0
2008,6,73,1,60560,1,9,2,1,4,2,1,2,1,2,2,2,1,2,2,2,2,2,1,2,2,2,2,2,2,2,2,2,1,2,2,0,0,0
2008,6,75,1,60561,1,9,2,2,4,2,3,3,1,1,1,2,1,2,2,1,2,2,1,2,2,2,2,2,2,2,2,2,1,2,2,0,0,0
2008,6,37,1,60562,1,9,2,2,1,1,3,1,1,1,1,2,1,2,2,1,1,2,2,2,3,2,2,2,2,2,2,2,2,2,2,0,0,0
2008,6,17,1,60563,1,9,1,2,2,2,5,2,1,1,1,2,1,2,1,2,2,2,2,2,3,2,2,2,2,2,2,2,1,2,2,0,0,0
2008,6,65,1,60564,1,9,2,2,1,1,4,1,1,1,1,2,1,2,2,2,2,1,2,2,3,1,1,1,1,2,2,1,2,2,2,0,0,0
2008,6,29,1,60565,1,9,2,2,1,2,3,2,1,2,1,2,1,2,2,2,1,2,2,2,3,2,2,2,2,2,2,2,2,2,2,0,0,0
2008,6,73,1,60566,1,9,2,1,3,2,1,2,1,2,1,2,1,2,2,2,2,2,2,2,1,2,2,2,2,2,2,2,1,2,2,0,0,0
2008,6,37,2,60567,1,9,2,1,3,2,1,2,1,2,1,2,1,2,2,2,2,2,2,2,2,2,2,2,2,2,2,2,1,2,2,0,0,0
2008,6,77,1,60568,1,9,2,1,3,2,1,2,1,1,1,2,1,2,2,2,2,2,1,2,1,2,2,2,2,2,2,2,1,2,2,0,0,0
2008,6,71,1,60569,1,9,1,1,4,2,1,2,1,2,1,2,1,2,2,2,2,2,1,2,3,1,1,1,1,2,2,1,1,2,2,0,0,0
2008,6,85,1,60570,1,9,2,2,1,2,5,2,1,2,1,1,1,2,2,2,1,2,2,2,3,2,2,2,2,2,2,2,2,2,2,0,0,0
2008,6,73,1,60571,1,9,1,2,4,2,5,2,1,2,2,2,1,2,2,1,2,2,1,2,1,1,1,1,1,2,2,1,1,2,2,0,0,0
2008,6,19,1,60572,1,9,1,2,4,2,5,2,1,2,2,2,1,2,2,2,2,2,2,2,1,2,2,2,2,2,2,2,1,2,2,0,0,0
2008,6,13,1,60573,1,9,2,1,6,2,1,2,1,2,2,1,1,2,2,2,1,2,2,2,3,2,2,2,2,2,2,2,2,2,2,0,0,0
2008,6,67,1,60574,1,9,2,2,1,1,3,1,1,2,2,1,1,2,2,2,1,2,2,2,3,2,2,2,2,2,2,2,2,2,2,0,0,0
2008,6,81,1,60575,1,9,2,2,4,2,2,2,1,3,3,2,1,2,2,2,2,2,2,2,1,2,2,2,2,2,1,1,1,2,2,0,0,0
2008,6,99,1,60576,1,9,2,2,4,2,5,2,1,2,2,2,1,2,2,1,2,2,1,2,1,2,2,2,2,2,1,1,1,2,2,0,0,0
2008,6,37,1,60577,1,9,2,2,1,2,3,2,1,2,2,1,1,2,2,1,2,2,2,2,3,2,2,2,2,2,1,1,1,2,2,0,0,0
2008,6,103,1,60578,1,9,1,2,2,2,6,2,1,2,2,2,1,2,2,1,2,2,2,2,1,1,1,1,1,2,2,1,1,2,2,0,0,0
2008,6,37,1,60579,1,9,2,2,4,1,5,1,1,2,2,2,1,2,2,1,2,2,1,2,1,1,1,1,1,2,2,1,2,2,2,0,0,0
2008,6,37,1,60580,1,9,2,2,3,2,4,2,1,2,2,2,1,2,2,1,2,2,2,2,1,2,2,2,2,2,2,2,1,2,2,0,0,0
2008,6,37,1,60581,1,9,2,2,1,1,3,1,1,2,2,1,1,2,2,1,1,2,2,2,3,2,2,2,2,2,2,2,2,2,2,0,0,0
2008,6,37,1,60582,1,9,2,2,1,1,4,1,1,1,2,2,1,2,2,2,2,1,2,2,3,2,2,2,2,2,2,2,2,2,2,0,0,0
2008,6,113,1,60583,1,9,1,2,2,2,5,2,1,1,2,2,1,2,2,2,2,2,1,2,2,2,2,2,2,2,1,1,1,2,2,0,0,0
2008,6,37,1,60584,1,9,2,2,4,2,4,2,1,2,2,2,1,2,2,2,2,2,1,2,1,1,1,1,1,2,2,1,1,1,2,0,0,0
2008,6,85,1,60585,1,9,2,2,1,1,3,1,1,2,1,2,1,2,1,2,1,2,2,2,2,2,2,2,2,2,2,2,2,2,2,0,0,0
2008,6,75,1,60586,1,9,2,2,1,1,3,1,1,1,1,2,1,2,2,2,1,2,2,2,3,2,2,2,2,2,2,2,2,2,2,0,0,0
2008,6,65,1,60587,1,9,1,2,1,2,4,2,5,2,1,2,2,2,2,2,2,2,2,2,1,2,2,2,2,1,2,2,1,2,2,0,0,0
2008,6,67,1,60588,1,9,2,2,1,1,3,1,3,2,1,2,2,2,2,1,2,2,2,2,1,2,2,2,2,2,1,1,2,2,2,0,0,0
2008,6,111,1,60589,1,9,2,2,1,1,5,1,4,1,1,2,2,2,2,2,2,2,2,2,3,2,2,2,2,1,2,2,2,2,2,0,0,0
2008,6,81,1,60590,1,9,1,2,1,2,5,2,3,1,2,2,2,2,1,2,2,2,2,2,3,2,2,2,2,2,1,1,1,2,2,0,0,0
2008,6,111,2,60591,1,9,2,2,4,2,2,3,1,2,2,2,1,2,2,1,2,2,1,2,1,2,2,2,2,2,2,2,1,2,2,0,0,0
2008,6,65,1,60592,1,9,2,2,4,2,6,2,1,1,1,2,1,2,1,1,2,2,2,2,2,2,2,2,2,2,1,1,1,1,2,0,0,0
2008,6,71,1,60593,1,9,2,2,4,2,4,2,1,1,2,2,1,2,1,1,2,2,2,2,2,2,2,2,2,2,1,1,1,2,2,0,0,0
2008,6,59,1,60594,1,9,2,2,4,1,3,1,1,2,2,2,1,2,2,1,2,2,2,2,1,2,2,2,2,2,1,1,2,2,2,0,0,0
2008,6,65,1,60595,1,9,2,2,1,2,3,2,1,2,1,1,1,2,2,2,1,2,2,2,3,2,2,2,2,2,2,2,2,2,2,0,0,0
2008,6,37,1,60596,1,9,2,1,2,2,1,3,1,2,1,2,1,2,1,1,2,2,2,2,1,2,2,2,2,2,2,2,1,2,2,0,0,0
2008,6,37,1,60597,1,9,2,2,2,2,2,3,1,2,2,2,1,2,2,1,2,2,1,2,1,2,2,2,2,2,2,2,1,2,2,0,0,0
2008,6,37,1,60598,1,9,2,1,4,2,1,2,1,2,1,2,1,2,2,2,2,2,1,2,2,2,2,2,2,2,2,2,1,2,2,0,0,0
2008,6,31,1,60599,1,9,1,2,4,2,5,2,1,2,2,2,1,2,2,2,2,2,1,2,1,2,2,2,2,2,1,1,1,2,2,0,0,0
2008,6,111,1,60600,1,9,2,2,2,2,2,2,1,1,2,2,1,2,2,2,2,2,1,2,2,2,2,2,2,2,2,2,1,2,2,0,0,0
2008,6,77,1,60601,1,9,2,2,1,2,2,2,1,2,2,2,1,1,2,2,1,2,2,2,3,2,2,2,2,2,2,2,2,2,2,0,0,0
2008,6,29,1,60602,1,9,2,2,1,2,3,2,2,1,1,2,2,1,1,2,2,2,2,2,3,2,2,2,2,2,2,2,2,2,2,0,0,0
2008,6,37,1,60603,1,9,2,2,1,1,3,1,4,2,1,2,3,2,2,2,2,2,2,2,3,2,2,2,2,2,1,1,2,2,2,0,0,0
2008,6,37,1,60604,1,9,2,2,1,2,5,2,1,2,1,1,2,2,2,2,1,2,2,2,3,1,1,1,1,2,2,1,2,2,2,0,0,0
2008,6,37,1,60605,1,9,1,2,1,2,6,3,1,1,1,2,2,2,1,1,2,2,2,2,3,2,2,1,1,2,2,1,2,2,2,0,0,0
2008,6,79,1,60606,1,9,1,2,1,2,3,2,2,2,1,2,3,2,2,1,2,2,1,2,3,2,2,2,2,2,1,1,2,2,2,0,0,0
2008,6,59,1,60607,1,9,2,2,1,1,4,1,4,1,2,2,2,2,2,1,2,2,2,2,2,1,1,1,1,2,2,1,2,2,2,0,0,0
2008,6,73,1,60608,1,9,1,1,2,2,1,2,4,2,2,2,1,2,2,1,1,2,2,2,2,1,1,1,1,2,2,1,1,2,2,0,0,0
2008,6,83,2,60609,1,9,1,2,1,1,4,1,3,1,1,2,2,2,1,2,2,2,2,2,2,2,2,2,2,1,2,2,2,2,2,0,0,0
2008,6,73,1,60610,1,9,2,2,1,1,4,1,4,2,1,2,2,2,2,2,2,2,2,2,2,1,1,1,1,2,2,1,2,2,2,0,0,0
2008,6,59,1,60611,1,9,2,2,1,2,2,2,5,1,2,2,2,2,1,2,2,2,2,2,3,2,2,2,2,1,2,2,2,2,2,0,0,0
2008,6,73,2,60612,1,9,2,1,1,2,1,2,4,2,1,2,2,1,2,1,2,2,2,2,2,2,2,2,2,2,2,2,2,2,2,0,0,0
2008,6,61,1,60613,1,9,1,2,1,2,5,2,1,2,1,2,1,2,2,2,1,2,2,2,3,2,2,2,2,2,2,2,2,1,2,0,0,0
2008,6,37,1,60614,1,9,2,2,1,2,3,2,1,2,2,2,1,2,2,2,1,2,2,2,1,2,2,2,2,2,2,2,2,2,2,0,0,0
2008,6,73,1,60615,1,9,1,2,4,2,4,2,1,2,2,2,1,2,2,2,2,2,1,2,2,2,2,2,2,2,2,2,1,2,2,0,0,0
2008,6,13,1,60616,1,9,2,2,1,1,3,1,1,2,2,1,1,2,2,2,1,2,2,2,1,2,2,2,2,2,2,2,2,2,2,0,0,0
2008,6,37,1,60617,1,9,2,2,3,2,3,2,1,2,1,2,1,2,2,1,2,2,1,2,1,2,2,2,2,2,2,2,1,2,2,0,0,0
2008,6,59,1,60618,1,9,2,2,1,1,4,1,1,2,1,2,1,2,2,2,2,1,2,2,1,2,2,2,2,2,2,2,2,2,2,0,0,0
2008,6,89,1,60619,1,9,2,2,4,2,5,2,1,2,1,2,1,2,2,1,2,2,2,2,2,2,2,2,2,2,2,2,1,2,2,0,0,0
2008,6,65,1,60620,1,9,1,2,1,2,5,2,1,2,1,1,1,2,2,2,1,2,2,2,3,2,2,2,2,2,2,2,1,2,2,0,0,0
2008,6,95,1,60621,1,9,1,2,4,2,5,2,1,3,1,2,1,2,1,2,2,2,2,2,2,1,1,1,1,2,2,1,1,2,2,0,0,0
2008,6,1,1,60622,1,9,2,2,4,2,2,3,1,2,1,2,1,2,2,1,2,2,1,2,2,1,1,1,1,2,2,1,1,2,2,0,0,0
2008,6,65,1,60623,1,9,1,2,4,2,4,2,1,1,1,2,1,2,2,2,2,2,1,2,2,2,2,2,2,2,2,2,1,2,2,0,0,0
2008,6,71,1,60624,1,9,1,2,2,2,4,2,1,1,2,2,1,2,2,2,2,2,1,2,2,2,2,2,2,2,2,2,1,2,2,0,0,0
2008,6,83,1,60625,1,9,1,2,4,2,3,2,1,2,2,2,1,2,2,1,2,2,1,2,1,2,2,2,2,2,1,1,1,2,2,0,0,0
2008,6,37,1,60626,1,9,2,2,4,2,4,2,1,2,1,2,1,2,2,1,2,2,1,2,1,1,1,1,1,2,2,1,1,2,2,0,0,0
2008,6,73,1,60627,1,9,1,2,4,2,4,2,1,3,1,2,1,2,2,2,2,2,1,2,2,2,2,2,2,2,2,2,1,2,2,0,0,0
2008,6,71,1,60628,1,9,1,2,4,2,5,2,1,3,1,2,1,2,2,1,2,2,1,2,2,2,2,2,2,2,2,2,1,2,2,0,0,0
2008,6,65,1,60629,1,9,1,1,4,2,1,2,1,2,2,2,1,2,2,1,2,2,1,2,1,2,2,2,2,2,1,1,1,2,2,0,0,0
2008,6,83,1,60630,1,9,1,2,4,2,3,2,1,2,2,2,1,2,2,2,2,2,1,2,1,2,2,2,2,2,2,2,1,2,2,0,0,0
2008,6,73,1,60631,1,9,1,1,2,2,1,3,1,2,2,2,1,2,2,2,2,2,1,2,1,2,2,2,2,2,2,2,1,2,2,0,0,0
2008,6,73,1,60632,1,9,2,1,1,2,1,2,1,2,2,2,1,2,2,2,1,2,2,2,3,2,2,2,2,2,2,2,2,2,2,0,0,0
2008,6,71,1,60633,1,9,2,2,2,2,4,2,1,2,2,2,1,2,2,1,2,2,1,2,1,2,2,2,2,2,2,2,1,2,2,0,0,0
2008,6,37,1,60634,1,9,2,2,4,2,4,2,4,2,2,2,1,2,2,2,2,2,2,2,2,2,2,2,2,2,2,2,1,2,2,0,0,0
2008,6,29,1,60635,1,9,2,2,1,2,4,2,1,2,2,2,1,2,2,2,1,2,2,2,3,2,2,2,2,2,2,2,2,2,2,0,0,0
2008,6,37,1,60636,1,9,2,2,4,2,5,3,1,1,1,2,1,2,2,2,2,2,2,2,3,2,2,2,2,2,2,2,2,2,2,0,0,0
2008,6,37,1,60637,1,9,2,1,1,2,1,2,5,1,2,2,2,2,2,2,2,2,2,2,3,2,2,2,2,2,2,2,2,2,2,0,0,0
2008,6,71,2,60638,1,9,2,2,1,1,4,1,3,2,1,2,3,2,2,2,2,2,1,2,3,1,1,1,1,2,2,1,2,1,2,0,0,0
2008,6,67,1,60639,1,9,2,2,4,2,5,2,1,2,1,2,1,2,2,1,2,2,2,2,1,2,2,2,2,2,2,2,1,2,2,0,0,0
2008,6,73,1,60640,1,9,2,2,1,2,4,2,3,1,1,2,2,2,2,2,2,2,2,2,3,2,2,2,2,2,2,2,1,2,2,0,0,0
2008,6,37,1,60641,1,9,2,1,1,2,1,2,5,2,2,2,3,2,2,1,2,2,2,2,3,1,1,1,1,1,2,1,2,2,2,0,0,0
2008,6,95,1,60642,1,9,2,2,3,2,3,2,1,2,2,2,1,2,2,1,2,2,1,2,1,2,2,2,2,2,2,2,1,2,2,0,0,0
2008,6,107,1,60643,1,9,1,2,4,2,6,2,1,2,2,2,1,2,2,2,2,2,1,2,3,2,2,2,2,2,2,2,1,2,2,0,0,0
2008,6,65,1,60644,1,9,1,1,2,2,1,2,1,2,2,2,1,2,2,2,2,2,1,2,1,2,2,2,2,2,1,1,1,2,2,0,0,0
2008,6,37,1,60645,1,9,1,2,1,2,4,2,3,1,2,2,2,2,2,2,2,2,2,2,3,2,2,2,2,2,2,2,1,2,2,0,0,0
2008,6,113,1,60646,1,9,1,1,4,2,1,3,1,2,2,2,1,2,2,1,2,2,1,2,1,2,2,2,2,2,2,2,1,2,2,0,0,0
2008,6,65,1,60647,1,9,1,2,2,2,4,2,1,1,1,2,2,2,2,2,2,2,1,2,3,2,2,2,2,2,2,2,1,2,2,0,0,0
2008,6,81,1,60648,1,9,1,2,1,2,4,2,1,1,1,2,1,2,2,2,2,1,2,2,3,2,2,2,2,2,2,2,2,2,2,0,0,0
2008,6,67,1,60649,1,9,2,2,1,2,3,2,1,1,1,2,1,2,2,2,2,1,2,2,3,2,2,2,2,2,2,2,2,2,2,0,0,0
2008,6,73,1,60650,1,9,2,2,1,1,4,1,4,1,1,2,2,2,1,2,2,2,2,2,2,2,2,2,2,2,2,2,2,2,2,0,0,0
2008,6,71,1,60651,1,9,2,2,1,2,4,2,4,1,1,2,2,2,2,2,2,2,2,2,3,2,2,2,2,2,2,2,2,2,2,0,0,0
2008,6,97,1,60652,1,9,1,2,4,2,5,2,1,2,1,2,1,2,1,2,2,2,2,2,1,2,2,2,2,1,2,2,1,2,2,0,0,0
2008,6,37,1,60653,1,9,2,2,1,2,4,2,1,2,1,2,1,2,1,2,1,2,2,2,2,2,2,2,2,2,2,2,2,2,2,0,0,0
2008,6,67,1,60654,1,9,2,2,1,1,6,1,1,2,1,1,1,2,2,2,1,2,2,2,3,2,2,2,2,2,2,2,2,2,2,0,0,0
2008,6,47,1,60655,1,9,1,2,4,2,5,2,4,1,1,2,2,1,2,2,2,2,2,2,3,2,2,2,2,2,1,1,1,2,2,0,0,0
2008,6,71,1,60656,1,9,1,2,1,2,4,2,1,1,2,2,2,2,1,1,2,2,2,2,3,2,2,2,2,2,2,2,1,2,2,0,0,0
2008,6,73,1,60657,1,9,1,2,4,2,5,2,1,2,2,2,1,2,1,1,2,2,2,2,1,2,2,2,2,2,2,2,1,2,2,0,0,0
2008,6,53,2,60658,1,9,1,2,1,2,4,2,3,2,2,2,2,2,2,2,2,2,2,2,2,2,2,2,2,2,1,1,1,2,2,0,0,0
2008,6,83,1,60659,1,9,2,2,1,2,2,2,1,1,1,2,2,2,1,1,2,2,2,2,3,2,2,2,2,2,2,2,2,2,2,0,0,0
2008,6,73,1,60660,1,9,2,2,1,2,3,2,1,2,2,2,1,2,2,1,1,2,2,2,2,2,2,2,2,2,1,1,2,2,2,0,0,0
2008,6,73,1,60661,1,9,1,2,1,2,5,2,2,2,2,2,2,2,1,1,2,2,2,2,1,2,2,2,2,2,2,2,2,2,2,0,0,0
2008,6,61,1,60662,1,9,1,2,4,2,6,2,1,3,3,2,1,2,2,2,2,2,1,2,1,2,2,2,2,2,2,2,1,2,2,0,0,0
2008,6,87,1,60663,1,9,1,2,4,2,5,2,1,2,2,2,1,2,2,2,2,2,1,2,1,2,2,1,1,2,2,1,1,2,2,0,0,0
2008,6,67,1,60664,1,9,2,1,4,1,1,1,1,2,2,2,1,2,2,1,2,2,2,1,3,2,2,2,2,2,2,2,2,2,2,0,0,0
2008,6,25,1,60665,1,9,2,2,1,2,6,2,1,2,2,2,1,2,2,2,2,1,2,2,2,2,2,2,2,2,1,1,2,2,2,0,0,0
2008,6,111,1,60666,1,9,2,2,2,2,4,3,1,1,2,2,1,2,1,2,2,2,2,2,1,2,2,2,2,2,2,2,1,2,2,0,0,0
2008,6,37,1,60667,1,9,2,2,1,1,3,1,4,1,1,2,2,1,1,2,2,2,2,2,3,2,2,2,2,2,2,2,2,2,2,0,0,0
2008,6,77,1,60668,1,9,2,2,1,2,4,2,1,1,2,2,1,2,1,2,2,2,2,2,2,2,2,2,2,2,2,2,2,2,2,0,0,0
2008,6,59,1,60669,1,9,2,2,1,1,4,1,4,1,1,2,2,2,1,1,2,2,2,2,2,1,1,1,1,2,2,1,2,2,2,0,0,0
2008,6,71,1,60670,1,9,2,2,1,1,2,1,4,2,1,2,2,2,1,2,2,2,2,2,2,2,2,2,2,2,2,2,2,2,2,0,0,0
2008,6,1,1,60671,1,9,2,1,1,2,1,2,5,2,2,2,2,2,2,2,2,2,1,2,3,2,2,2,2,2,2,2,2,2,2,0,0,0
2008,6,67,1,60672,1,9,2,2,1,2,3,2,1,2,1,2,1,2,2,2,1,2,2,2,1,2,2,2,2,2,1,1,2,2,2,0,0,0
2008,6,59,1,60673,1,9,2,2,2,2,2,3,1,1,1,2,1,2,1,1,2,2,2,2,2,2,2,2,2,2,1,1,1,2,2,0,0,0
2008,6,67,1,60674,1,9,2,1,2,2,1,3,1,1,2,2,1,2,1,1,2,2,2,2,2,2,2,1,1,2,2,1,1,2,2,0,0,0
2008,6,93,1,60675,1,9,1,2,4,2,4,2,1,1,2,2,1,2,1,2,2,2,2,2,2,2,2,2,2,2,2,2,1,2,2,0,0,0
2008,6,35,1,60676,1,9,1,2,4,2,4,2,1,1,1,2,1,2,2,2,2,2,1,2,2,2,2,2,2,1,2,2,1,2,2,0,0,0
2008,6,53,1,60677,1,9,1,2,4,2,4,2,1,2,1,2,1,2,2,2,2,2,1,2,1,2,2,2,2,2,2,2,1,2,2,0,0,0
2008,6,23,1,60678,1,9,1,2,4,2,5,2,1,2,1,2,1,2,1,2,2,2,2,2,1,2,2,2,2,2,1,1,1,2,2,0,1,1
2008,6,57,1,60679,1,9,1,2,4,2,4,2,1,1,1,2,1,2,1,1,2,2,2,2,3,2,2,2,2,2,2,2,1,2,2,0,0,0
2008,6,73,2,60680,1,9,1,2,2,2,4,2,1,2,1,2,1,2,2,2,2,2,2,2,3,1,1,1,1,2,2,1,1,2,2,0,0,0
2008,6,37,1,60681,1,9,2,2,3,2,2,2,1,2,1,2,1,1,2,2,2,2,2,2,2,2,2,2,2,2,2,2,1,2,2,0,0,0
2008,6,99,1,60682,1,9,1,2,2,2,4,2,1,2,2,2,1,2,1,2,2,2,2,2,2,2,2,2,2,1,2,2,1,2,2,0,0,0
2008,6,25,1,60683,1,9,1,1,2,2,1,2,1,2,2,2,1,2,2,2,2,2,1,2,2,2,2,2,2,2,2,2,1,2,2,0,0,0
2008,6,77,1,60684,1,9,1,1,4,2,1,3,1,1,2,2,1,2,1,1,2,2,2,2,2,2,2,2,2,2,2,2,1,2,2,0,0,0
2008,6,71,1,60685,1,9,1,2,2,2,4,2,1,2,2,2,1,2,2,2,2,2,1,2,1,2,2,2,2,2,2,2,1,2,2,0,0,0
2008,6,25,1,60686,1,9,2,2,1,2,2,2,1,2,2,2,1,2,2,2,1,2,2,2,3,2,2,2,2,2,2,2,2,2,2,0,0,0
2008,6,111,1,60687,1,9,2,2,2,2,2,2,1,2,2,2,1,2,2,2,2,2,1,2,2,1,1,1,1,2,2,1,1,1,2,0,0,0
2008,6,71,1,60688,1,9,2,1,2,2,1,2,1,2,2,2,1,2,2,2,2,2,1,2,2,2,2,1,1,2,2,1,1,2,2,0,0,0
2008,6,77,1,60689,1,9,1,2,4,2,4,2,1,3,2,2,1,2,2,2,2,2,1,2,2,2,2,2,2,2,2,2,1,2,2,0,0,0
2008,6,65,1,60690,1,9,1,2,2,2,4,2,1,2,1,2,1,2,2,1,2,2,1,2,2,1,1,1,1,2,2,1,1,2,2,0,0,0
2008,6,1,1,60691,1,9,2,2,3,2,2,2,1,2,1,2,1,2,2,2,2,2,1,2,1,2,2,2,2,2,2,2,1,2,2,0,0,0
2008,6,23,1,60692,1,9,1,2,4,2,3,2,1,1,1,2,1,2,2,1,2,2,2,2,2,1,1,1,1,2,2,1,1,2,2,0,0,0
2008,6,85,1,60693,1,9,2,2,4,2,2,2,1,2,1,2,1,2,2,1,2,2,2,2,2,1,1,1,1,2,2,1,1,2,2,0,0,0
2008,6,79,1,60694,1,9,2,2,2,2,2,2,1,2,1,2,1,2,2,2,2,2,1,2,2,2,2,1,1,2,2,1,1,2,1,0,0,0
2008,6,85,1,60695,1,9,2,2,2,2,6,2,1,2,2,2,1,2,1,1,2,2,2,2,1,2,2,2,2,2,1,1,1,2,2,0,0,0
2008,6,37,1,60696,1,9,2,1,1,2,1,3,1,2,1,1,1,2,2,2,1,2,2,2,3,2,2,2,2,2,2,2,2,2,2,0,0,0
2008,6,59,1,60697,1,9,2,2,4,2,2,2,1,2,2,2,1,2,2,1,2,2,1,2,1,2,2,2,2,2,2,2,1,2,2,0,0,0
2008,6,111,3,60698,1,9,2,2,4,1,3,1,1,2,2,2,1,2,2,1,2,2,2,2,1,2,2,2,2,2,2,2,2,2,2,0,0,0
2008,6,67,1,60699,1,9,2,1,2,2,1,2,1,1,2,2,1,2,2,2,2,2,1,2,2,2,2,2,2,2,2,2,1,2,2,0,0,0
2008,6,83,1,60700,1,9,1,2,2,2,3,2,1,1,2,2,1,2,2,2,2,2,1,2,2,2,2,2,2,2,2,2,1,2,2,0,0,0
2008,6,77,1,60701,1,9,2,2,1,2,2,2,1,2,2,2,1,2,2,2,2,2,1,2,1,2,2,2,2,2,2,2,1,2,2,0,0,0
2008,6,37,1,60702,1,9,2,1,2,2,1,2,1,1,1,2,1,2,2,2,2,2,1,2,3,2,2,2,2,2,2,2,1,2,2,0,0,0
2008,6,37,1,60703,1,9,2,1,1,2,1,2,1,2,1,2,1,2,1,2,2,2,2,2,2,2,2,2,2,2,2,2,2,2,2,0,0,0
2008,6,37,1,60704,1,9,2,2,3,2,2,2,1,2,1,2,1,2,2,2,2,2,1,2,2,2,2,2,2,2,2,2,1,2,2,0,0,0
2008,6,73,1,60705,1,9,1,2,2,2,4,2,1,2,2,2,1,2,2,2,1,2,2,2,3,2,2,2,2,2,2,2,1,2,2,0,0,0
2008,6,71,1,60706,1,9,2,1,1,2,1,2,1,2,1,1,2,2,2,2,1,2,2,2,3,2,2,2,2,2,2,2,2,2,2,0,0,0
2008,6,65,1,60707,1,9,1,2,4,2,5,2,1,2,2,2,1,2,2,2,2,2,2,2,1,2,2,2,2,2,2,2,1,1,2,0,0,0
2008,6,65,1,60708,1,9,2,1,3,2,1,2,1,2,2,2,1,2,2,2,2,2,1,2,1,2,2,2,2,2,2,2,1,2,2,0,0,0
2008,6,85,1,60709,1,9,2,2,4,2,2,3,1,2,2,2,1,2,2,2,2,2,2,2,1,2,2,2,2,2,2,2,1,2,2,0,0,0
2008,6,17,1,60710,1,9,1,2,1,2,5,2,4,1,1,2,3,2,2,1,2,2,1,2,1,2,2,2,2,2,2,2,1,2,2,0,0,0
2008,6,73,2,60711,1,9,2,2,1,2,2,2,3,1,2,2,3,2,2,1,2,2,2,2,3,2,2,2,2,1,1,1,1,2,2,0,0,0
2008,6,29,1,60712,1,9,2,2,1,2,2,2,2,1,1,2,3,1,2,1,2,2,2,2,3,2,2,2,2,2,1,1,2,2,2,0,0,0
2008,6,37,1,60713,1,9,1,2,1,2,5,2,2,1,1,2,2,1,2,1,2,2,1,2,1,2,2,2,2,2,2,2,2,2,2,0,0,0
2008,6,73,2,60714,1,9,2,2,1,2,5,2,3,2,1,2,2,2,2,2,2,2,2,2,1,2,2,2,2,1,2,2,1,2,2,0,0,0
2008,6,75,1,60715,1,9,2,1,1,2,1,2,1,2,1,2,3,2,2,1,1,2,2,2,3,2,2,1,1,2,2,1,2,2,2,0,0,0
2008,6,37,1,60716,1,9,2,2,1,1,4,1,4,2,1,2,2,2,2,1,2,2,2,2,3,2,2,1,1,2,1,1,2,2,2,0,0,0
2008,6,1,1,60717,1,9,2,1,1,2,1,2,5,1,1,2,3,1,1,1,2,2,2,2,3,2,2,2,2,2,2,2,2,2,2,0,0,0
2008,6,37,1,60718,1,9,2,2,1,2,2,2,2,2,2,2,3,2,2,1,1,2,2,2,1,2,2,2,2,2,2,2,2,2,2,0,0,0
2008,6,37,1,60719,1,9,2,2,1,2,2,2,2,2,2,2,3,2,2,2,1,2,2,2,3,2,2,2,2,2,2,2,2,2,2,0,0,0
2008,6,65,1,60720,1,9,1,2,1,2,3,2,5,2,2,2,3,2,2,2,2,2,2,2,1,1,1,1,1,2,2,1,1,2,2,0,0,0
2008,6,37,1,60721,1,9,2,2,1,1,4,1,4,1,1,2,2,1,2,2,2,2,2,2,3,2,2,2,2,2,2,2,2,2,2,0,0,0
2008,6,73,2,60722,1,9,1,2,1,2,4,2,3,2,1,2,2,2,1,1,2,2,2,2,1,2,2,2,2,2,1,1,1,2,2,0,0,0
2008,6,73,1,60723,1,9,1,2,1,2,4,2,3,2,1,2,2,1,2,1,2,2,2,2,1,2,2,2,2,2,2,2,1,2,2,0,0,0
2008,6,73,1,60724,1,9,2,2,1,1,3,1,4,1,1,2,2,2,1,2,2,2,2,2,3,2,2,2,2,1,2,2,2,2,2,0,0,0
2008,6,59,1,60725,1,9,2,2,1,1,3,1,4,2,2,2,2,2,2,2,2,2,1,2,3,2,2,2,2,2,2,2,2,2,2,0,0,0
2008,6,65,1,60726,1,9,1,2,4,2,6,2,1,2,2,2,1,2,2,1,2,2,2,2,1,2,2,2,2,2,2,2,1,2,2,0,0,0
2008,6,25,1,60727,1,9,1,2,2,2,3,3,4,2,1,2,2,1,2,2,2,2,2,2,3,2,2,2,2,2,2,2,1,1,2,0,0,0
2008,6,71,1,60728,1,9,2,1,1,2,1,2,2,1,1,2,2,1,2,1,2,2,2,2,3,1,1,1,1,2,2,1,2,2,2,0,0,0
2008,6,71,1,60729,1,9,1,2,1,2,4,2,4,1,2,2,2,2,2,2,2,2,2,2,2,2,2,2,2,2,2,2,1,2,2,0,0,0
2008,6,19,1,60730,1,9,1,2,1,2,5,3,2,1,2,2,2,2,2,1,2,2,2,2,1,2,2,2,2,2,2,2,2,2,2,0,0,0
2008,6,59,1,60731,1,9,2,2,2,2,2,3,1,2,2,2,2,2,1,1,2,2,2,2,3,2,2,2,2,2,1,1,1,2,2,0,0,0
2008,6,85,1,60732,1,9,2,2,1,2,2,2,2,2,2,2,2,2,1,1,2,2,2,2,1,2,2,2,2,2,2,2,2,2,2,0,0,0
2008,6,71,1,60733,1,9,2,2,1,1,4,1,4,2,2,1,2,2,2,2,2,2,2,2,1,2,2,2,2,2,2,2,2,2,2,0,0,0
2008,6,19,1,60734,1,9,2,2,1,2,3,3,4,2,2,2,2,2,2,2,2,2,2,2,1,2,2,2,2,2,1,1,2,2,2,0,0,0
2008,6,37,1,60735,1,9,2,2,1,1,4,1,4,2,1,2,2,2,2,2,2,2,2,2,1,2,2,2,2,2,1,1,2,2,2,0,0,0
2008,6,31,1,60736,1,9,1,2,1,2,6,2,4,2,1,2,2,2,2,1,2,2,1,2,3,2,2,2,2,2,2,2,2,2,2,0,0,0
2008,6,39,2,60737,1,9,1,2,1,1,4,1,4,1,1,2,2,1,2,2,2,2,2,2,1,2,2,2,2,2,2,2,2,2,2,0,0,0
2008,6,37,1,60738,1,9,2,2,1,1,4,1,4,2,2,1,3,2,2,1,2,2,2,2,3,2,2,2,2,2,2,2,2,2,2,0,0,0
2008,6,37,1,60739,1,9,2,2,1,2,2,2,3,2,1,2,3,1,2,2,2,2,2,2,1,2,2,2,2,2,2,2,2,2,2,0,0,0
2008,6,81,1,60740,1,9,1,2,1,2,4,2,2,1,2,2,3,1,1,1,2,2,1,2,2,1,1,1,1,2,2,1,2,2,2,0,0,0
2008,6,75,1,60741,1,9,2,2,1,2,3,2,4,2,1,2,3,2,2,1,2,2,2,2,3,1,1,1,1,2,2,1,2,2,2,0,0,0
2008,6,73,1,60742,1,9,2,2,1,1,5,1,4,1,1,2,3,1,2,2,1,2,2,2,3,2,2,2,2,2,2,2,2,2,2,0,0,0
2008,6,37,1,60743,1,9,2,2,1,2,3,2,1,2,1,2,1,2,2,2,1,2,2,2,3,2,2,2,2,2,2,2,2,2,2,0,0,0
2008,6,31,1,60744,1,9,2,2,2,2,4,2,1,2,1,2,1,2,1,2,2,2,2,2,1,2,2,2,2,2,2,2,1,2,2,0,0,0
2008,6,77,1,60745,1,9,1,2,1,1,6,1,4,1,1,2,2,2,2,2,2,2,2,2,3,2,2,2,2,1,2,2,2,2,2,0,0,0
2008,6,45,1,60746,1,9,2,2,2,2,5,2,1,2,1,2,1,2,2,2,2,2,1,2,1,2,2,2,2,2,2,2,1,2,2,0,0,0
2008,6,63,1,60747,1,9,1,2,2,2,5,2,1,2,1,2,1,2,2,2,2,2,2,2,2,2,2,2,2,1,2,2,1,2,2,0,0,0
2008,6,37,1,60748,1,9,2,2,1,1,3,1,4,1,1,2,2,2,2,2,2,2,2,2,3,2,2,2,2,1,2,2,2,2,2,0,0,0
2008,6,37,1,60749,1,9,2,2,1,1,3,1,1,1,1,1,1,2,2,2,1,2,2,2,3,2,2,2,2,2,2,2,2,2,2,0,0,0
2008,6,65,1,60750,1,9,2,2,4,2,6,2,1,1,1,2,1,2,2,2,2,2,1,2,2,2,2,1,1,2,2,1,1,2,2,0,0,0
2008,6,37,1,60751,1,9,2,2,1,1,5,1,1,1,1,2,1,2,2,2,1,2,2,2,3,2,2,2,2,2,2,2,2,2,2,0,0,0
2008,6,77,1,60752,1,9,2,2,1,1,3,1,1,1,1,2,2,2,1,2,2,2,2,2,2,2,2,2,2,2,2,2,2,2,2,0,0,0
2008,6,71,1,60753,1,9,1,2,4,2,5,2,1,2,2,2,1,2,2,2,2,2,1,2,3,1,1,1,1,2,2,1,1,2,2,0,0,0
2008,6,59,1,60754,1,9,2,2,4,2,4,2,1,2,2,2,1,2,2,2,2,2,2,2,1,2,2,2,2,2,2,2,1,2,2,0,0,0
2008,6,47,1,60755,1,9,1,2,1,2,5,2,2,1,1,2,2,2,2,1,2,2,2,2,3,2,2,2,2,2,2,2,2,2,2,0,0,0
2008,6,71,1,60756,1,9,2,2,1,2,6,2,4,1,1,2,2,2,2,2,2,2,2,2,3,2,2,1,1,1,2,1,2,2,2,0,0,0
2008,6,73,1,60757,1,9,2,2,1,1,4,1,4,2,2,2,2,2,1,2,2,2,2,2,1,1,1,1,1,2,2,1,2,2,2,0,0,0
2008,6,77,1,60758,1,9,2,2,1,1,3,1,1,2,2,2,1,2,2,2,2,2,2,2,3,1,1,1,1,2,2,1,2,2,2,0,0,0
2008,6,65,1,60759,1,9,1,1,1,2,1,2,5,1,1,2,2,2,2,2,2,2,2,2,3,2,2,2,2,2,2,2,2,2,2,0,0,0
2008,6,71,2,60760,1,9,2,2,2,2,4,2,1,2,1,2,1,2,2,2,2,2,1,2,1,2,2,2,2,2,1,1,1,2,2,0,0,0
2008,6,25,1,60761,1,9,1,2,4,2,5,2,1,1,1,2,1,2,2,2,2,2,1,2,1,2,2,2,2,2,2,2,1,2,2,0,0,0
2008,6,73,1,60762,1,9,2,2,4,2,4,2,1,2,1,2,1,2,2,1,2,2,2,2,1,2,2,2,2,2,2,2,1,2,2,0,0,0
2008,6,37,1,60763,1,9,1,2,4,2,5,2,1,2,1,2,1,2,2,2,2,2,1,2,1,2,2,2,2,2,1,1,1,2,2,0,0,0
2008,6,71,1,60764,1,9,2,2,3,1,4,1,1,1,1,2,1,2,2,1,2,2,1,2,2,1,1,1,1,2,2,1,2,2,2,0,0,0
2008,6,37,1,60765,1,9,2,2,1,1,4,1,1,1,1,2,1,2,2,2,1,2,2,2,3,2,2,2,2,2,2,2,2,1,2,0,0,0
2008,6,37,1,60766,1,9,2,2,1,2,3,2,1,2,1,1,1,2,2,2,1,2,2,2,3,2,2,2,2,2,2,2,2,2,2,0,0,0
2008,6,13,1,60767,1,9,2,2,4,2,6,2,1,1,1,2,1,2,2,1,2,2,1,2,2,2,2,2,2,2,2,2,1,2,2,0,0,0
2008,6,19,1,60768,1,9,1,2,4,2,5,2,1,2,1,2,1,2,2,2,2,2,2,2,1,2,2,2,2,2,2,2,1,2,2,0,0,0
2008,6,29,1,60769,1,9,1,2,1,2,6,3,1,2,2,2,1,2,2,2,2,1,2,2,3,2,2,2,2,2,1,1,2,2,2,0,0,0
2008,6,95,1,60770,1,9,2,2,4,2,4,2,1,2,2,1,1,2,2,2,1,2,2,2,3,2,2,2,2,2,2,2,1,2,2,0,0,0
2008,6,19,1,60771,1,9,1,2,4,2,5,2,1,2,2,2,1,2,2,2,2,2,2,2,1,2,2,2,2,2,1,1,1,2,2,0,0,0
2008,6,37,1,60772,1,9,2,1,1,2,1,3,4,1,1,2,2,1,2,1,2,2,1,2,3,2,2,1,1,2,2,1,2,2,2,0,0,0
2008,6,65,1,60773,1,9,1,2,1,2,6,2,5,2,1,1,2,2,2,2,1,2,2,2,3,2,2,2,2,2,2,2,2,2,2,0,0,0
2008,6,97,1,60774,1,9,2,2,3,1,4,1,1,1,1,2,1,2,2,2,2,2,2,2,2,1,1,1,1,2,2,1,2,2,2,0,0,0
2008,6,71,1,60775,1,9,2,1,1,2,1,2,2,2,2,2,2,1,1,1,2,2,2,2,1,2,2,2,2,2,2,2,2,2,2,0,0,0
2008,6,73,1,60776,1,9,2,2,1,1,5,1,4,1,2,2,2,2,2,2,2,2,2,2,3,2,2,2,2,2,2,2,2,2,2,0,0,0
2008,6,19,2,60777,1,9,1,2,1,1,5,1,4,2,1,2,2,2,2,2,2,2,1,2,3,2,2,1,1,2,2,1,2,2,2,0,0,0
2008,6,29,1,60778,1,9,2,2,4,1,5,1,1,2,2,1,1,2,2,1,2,2,1,1,1,2,2,2,2,2,2,2,2,2,2,0,0,0
2008,6,13,1,60779,1,9,1,2,2,2,5,2,1,1,2,2,1,2,1,1,2,2,2,2,3,2,2,2,2,2,2,2,2,2,2,0,0,0
2008,6,37,1,60780,1,9,2,2,1,2,3,3,1,1,1,2,1,2,2,2,2,2,2,2,2,2,2,2,2,1,2,2,2,2,2,0,0,0
2008,6,73,1,60781,1,9,1,1,4,2,1,2,1,1,1,2,1,2,2,1,2,2,1,2,1,2,2,2,2,2,2,2,1,2,2,0,0,0
2008,6,37,2,60782,1,9,2,2,2,2,4,2,1,2,1,2,1,2,2,2,2,2,2,2,3,2,2,2,2,2,2,2,1,2,2,0,0,0
2008,6,73,1,60783,1,9,2,2,4,2,5,2,1,2,1,2,1,2,2,1,2,2,2,2,1,2,2,2,2,2,2,2,1,2,2,0,0,0
2008,6,73,1,60784,1,9,2,2,1,2,6,2,1,2,1,2,1,2,2,1,2,2,1,2,1,1,1,1,1,2,2,1,1,2,2,0,0,0
2008,6,19,1,60785,1,9,2,2,1,2,4,2,1,1,1,2,1,2,2,2,2,1,2,2,2,2,2,2,2,2,2,2,2,2,2,0,0,0
2008,6,73,1,60786,1,9,1,2,2,2,5,2,1,1,2,2,1,2,2,2,2,2,1,2,3,2,2,2,2,2,2,2,1,2,2,0,0,0
2008,6,37,1,60787,1,9,1,2,2,2,5,2,1,1,2,2,1,2,1,2,2,2,2,2,2,2,2,2,2,2,2,2,1,2,2,0,0,0
2008,6,111,1,60788,1,9,1,2,2,2,5,2,1,1,2,2,1,2,2,2,2,2,1,2,1,2,2,2,2,2,2,2,1,2,2,0,0,0
2008,6,107,1,60789,1,9,1,2,1,2,6,2,1,2,2,1,1,2,2,2,1,2,2,2,3,2,2,2,2,2,2,2,2,2,2,0,0,0
2008,6,23,1,60790,1,9,2,2,2,2,5,2,1,3,2,2,1,2,1,2,2,2,2,2,1,2,2,2,2,2,2,2,1,2,2,0,0,0
2008,6,97,1,60791,1,9,1,2,2,2,5,2,1,1,2,2,1,2,1,1,2,2,2,2,2,2,2,2,2,2,2,2,1,2,2,0,0,0
2008,6,107,1,60792,1,9,2,2,1,2,4,2,1,2,2,2,1,2,2,2,1,2,2,2,2,2,2,2,2,1,2,2,2,2,2,0,0,0
2008,6,73,1,60793,1,9,2,2,1,1,6,1,1,2,1,2,1,2,2,2,1,2,2,2,2,2,2,2,2,2,1,1,2,2,2,0,0,0
2008,6,37,1,60794,1,9,2,2,4,2,3,2,1,2,1,1,1,2,2,2,2,2,1,2,1,2,2,2,2,2,1,1,1,2,2,0,0,0
2008,6,65,1,60795,1,9,1,2,4,2,5,2,1,3,3,2,1,2,1,2,2,2,2,2,2,2,2,2,2,2,2,2,1,2,2,0,0,0
2008,6,95,2,60796,1,9,2,1,4,2,1,2,1,1,1,2,1,2,2,2,2,2,2,2,2,2,2,2,2,2,2,2,1,2,2,0,0,0
2008,6,71,1,60797,1,9,2,2,4,2,3,2,1,2,2,2,1,2,2,1,2,2,1,2,1,2,2,1,1,2,2,1,1,2,2,0,0,0
2008,6,55,1,60798,1,9,1,2,2,2,5,2,1,1,2,2,1,2,1,2,2,2,2,2,1,2,2,2,2,2,2,2,1,2,2,0,0,0
2008,6,29,1,60799,1,9,1,2,1,2,6,2,1,2,2,2,1,2,2,2,2,2,1,2,1,2,2,2,2,2,2,2,1,2,2,0,0,0
2008,6,29,1,60800,1,9,2,2,4,2,5,2,1,3,2,2,1,2,2,2,2,2,1,2,1,2,2,2,2,2,1,1,1,2,2,0,0,0
2008,6,37,1,60801,1,9,2,2,1,2,4,2,1,2,2,2,1,2,2,2,1,2,2,2,3,2,2,2,2,2,2,2,2,2,2,0,0,0
2008,6,37,1,60802,1,9,2,2,1,1,3,1,1,1,1,1,1,2,2,2,1,2,2,2,3,2,2,2,2,2,2,2,2,2,2,0,0,0
2008,6,37,1,60803,1,9,2,2,1,1,4,1,1,1,1,2,1,1,2,2,2,1,2,2,3,2,2,2,2,2,2,2,2,2,2,0,0,0
2008,6,73,1,60804,1,9,2,2,1,1,5,1,4,1,1,2,2,2,2,1,2,2,2,2,3,2,2,2,2,1,2,2,2,2,2,0,0,0
2008,6,37,2,60805,1,9,2,2,1,1,3,1,4,2,1,1,2,2,2,1,2,2,2,2,3,2,2,2,2,2,2,2,2,2,2,0,0,0
2008,6,71,1,60806,1,9,2,1,1,2,1,2,1,2,1,2,3,1,2,2,1,2,2,2,3,2,2,2,2,2,2,2,2,1,2,0,0,0
2008,6,37,1,60807,1,9,2,2,2,2,2,2,1,1,2,2,1,2,1,1,2,2,2,2,2,2,2,2,2,2,1,1,1,2,2,0,0,0
2008,6,27,1,60808,1,9,1,2,1,1,3,1,4,1,1,2,2,2,2,2,2,2,2,2,3,2,2,2,2,1,2,2,2,2,2,0,0,0
2008,6,35,2,60809,1,9,1,2,1,1,3,1,4,2,2,2,2,2,2,2,2,2,2,2,3,1,1,1,1,2,2,1,2,2,2,0,0,0
2008,6,13,1,60810,1,9,2,2,1,1,3,1,4,2,2,2,2,2,1,2,2,2,2,2,1,2,2,2,2,2,2,2,2,2,2,0,0,0
2008,6,71,1,60811,1,9,1,1,3,2,1,2,1,2,1,2,1,2,2,2,2,2,1,2,3,2,2,2,2,2,2,2,1,2,1,0,0,0
2008,6,37,1,60812,1,9,2,2,4,2,2,2,2,2,1,2,1,2,2,2,2,2,2,2,1,1,1,1,1,2,2,1,1,2,2,0,0,0
2008,6,37,1,60813,1,9,2,1,2,2,1,2,1,2,1,2,1,2,2,1,2,2,2,2,1,2,2,2,2,2,2,2,1,2,2,0,0,0
2008,6,67,1,60814,1,9,1,2,1,1,4,1,4,1,1,2,2,2,1,2,2,2,2,2,3,2,2,2,2,2,1,1,2,2,2,0,0,0
2008,6,75,1,60815,1,9,2,2,4,2,2,2,1,1,1,2,1,2,1,1,2,2,2,2,2,2,2,2,2,2,2,2,1,2,2,0,0,0
2008,6,45,1,60816,1,9,1,2,4,2,3,2,1,2,1,2,1,2,2,2,2,2,2,2,2,2,2,2,2,2,2,2,1,2,2,0,0,0
2008,6,71,1,60817,1,9,1,1,3,2,1,2,1,1,1,2,1,2,2,2,2,2,1,2,3,2,2,2,2,1,2,2,1,2,2,0,0,0
2008,6,37,1,60818,1,9,1,1,3,2,1,2,1,2,2,2,2,1,2,1,2,2,2,2,3,1,1,1,1,2,2,1,1,2,2,0,0,0
2008,6,81,1,60819,1,9,2,2,1,2,6,2,1,2,1,2,1,2,1,1,2,2,2,2,2,2,2,2,2,2,1,1,2,2,2,0,0,0
2008,6,59,1,60820,1,9,2,2,1,1,4,1,4,2,1,2,2,2,2,2,2,2,2,2,1,2,2,2,2,1,2,2,2,2,2,0,0,0
2008,6,73,1,60821,1,9,1,2,1,2,4,2,5,1,1,2,2,2,1,2,2,2,2,2,3,2,2,2,2,2,2,2,2,2,2,0,0,0
2008,6,37,1,60822,1,9,2,2,4,1,3,1,1,1,1,2,1,2,1,1,2,2,2,2,2,2,2,2,2,2,2,2,2,2,2,0,0,0
2008,6,13,1,60823,1,9,2,2,1,1,4,1,1,1,1,2,1,2,2,2,2,1,2,2,2,1,1,1,1,2,2,1,2,2,2,0,0,0
2008,6,59,1,60824,1,9,2,2,1,1,3,1,1,2,1,2,1,2,2,2,1,2,2,2,3,2,2,2,2,2,2,2,2,1,2,0,0,0
2008,6,13,1,60825,1,9,2,2,1,2,3,2,3,1,1,2,2,1,2,2,2,2,2,2,3,2,2,2,2,2,2,2,1,2,2,0,0,0
2008,6,71,2,60826,1,9,2,2,2,2,2,3,1,2,2,2,1,2,2,1,2,2,1,2,1,2,2,2,2,2,2,2,1,2,2,0,0,0
2008,6,37,1,60827,1,9,2,2,3,1,6,1,1,2,2,2,2,2,2,1,2,2,1,2,1,2,2,2,2,1,2,2,2,2,2,0,0,0
2008,6,61,1,60828,1,9,1,2,2,2,6,2,1,2,1,2,1,2,2,1,2,2,1,2,1,2,2,2,2,2,2,2,1,2,2,0,0,0
2008,6,37,4,60829,1,9,2,2,3,2,2,2,1,1,1,2,1,2,2,2,2,2,2,2,2,1,1,1,1,2,2,1,1,2,2,0,0,0
2008,6,73,1,60830,1,9,1,2,4,2,6,2,1,2,2,2,1,2,2,1,2,2,1,2,1,2,2,2,2,2,2,2,1,2,2,0,0,0
2008,6,37,1,60831,1,9,2,2,4,2,4,2,1,2,2,2,1,2,2,2,2,2,2,2,1,2,2,2,2,1,2,2,1,2,2,0,0,0
2008,6,103,1,60832,1,9,1,2,4,2,4,2,1,1,1,2,1,2,2,2,2,2,1,2,2,2,2,2,2,2,2,2,1,2,2,0,0,0
2008,6,71,1,60833,1,9,2,2,1,1,3,1,1,2,2,2,1,2,2,2,2,2,2,2,2,2,2,2,2,2,2,2,2,1,2,0,0,0
2008,6,19,1,60834,1,9,2,2,1,1,3,1,1,2,2,2,1,2,2,2,1,2,2,2,2,1,1,1,1,2,2,1,2,2,2,0,0,0
2008,6,37,1,60835,1,9,2,2,4,2,3,2,1,1,2,2,1,1,2,1,2,2,2,2,2,2,2,2,2,2,2,2,1,2,2,0,0,0
2008,6,67,1,60836,1,9,2,2,1,1,3,1,3,1,1,2,2,2,2,2,2,2,2,2,3,2,2,2,2,2,2,2,2,2,2,0,0,0
2008,6,13,1,60837,1,9,2,2,4,2,2,2,1,2,2,2,1,2,1,1,2,2,2,2,1,2,2,2,2,2,2,2,1,2,2,0,0,0
2008,6,37,1,60838,1,9,2,2,1,2,3,2,1,2,1,1,1,2,2,2,1,2,2,2,3,2,2,2,2,2,2,2,2,2,2,0,0,0
2008,6,25,1,60839,1,9,2,2,4,2,4,2,1,2,1,2,1,2,2,1,2,2,2,2,2,2,2,2,2,2,2,2,1,2,2,0,0,0
2008,6,75,1,60840,1,9,2,2,1,2,4,2,1,1,1,2,1,2,2,2,1,2,2,2,3,2,2,2,2,2,2,2,2,2,2,0,0,0
2008,6,85,1,60841,1,9,2,2,3,2,4,2,1,2,2,2,1,2,2,1,2,2,1,2,1,2,2,2,2,2,2,2,2,2,2,0,0,0
2008,6,73,1,60842,1,9,2,2,1,1,6,1,1,1,1,2,1,2,2,2,1,2,2,2,2,2,2,2,2,2,2,2,2,1,2,0,0,0
2008,6,71,1,60843,1,9,1,2,1,2,5,2,3,1,1,2,2,2,2,2,2,2,1,2,3,2,2,2,2,1,1,1,1,2,2,0,0,0
2008,6,37,1,60844,1,9,2,2,1,1,4,1,1,1,1,1,1,2,2,1,1,2,2,2,3,1,1,1,1,2,2,1,2,2,2,0,0,0
2008,6,37,1,60845,1,9,1,2,2,2,5,2,1,3,1,2,1,2,2,2,2,2,1,2,2,2,2,2,2,2,2,2,1,2,2,0,0,0
2008,6,37,1,60846,1,9,2,2,1,2,3,2,1,2,1,1,1,2,2,2,1,2,2,2,3,2,2,2,2,2,2,2,2,2,2,0,0,0
2008,6,19,1,60847,1,9,2,2,1,2,4,2,1,1,1,2,1,2,2,2,2,1,2,2,3,2,2,2,2,2,2,2,2,2,2,0,0,0
2008,6,73,1,60848,1,9,1,2,2,2,5,2,1,1,1,2,1,2,2,2,2,2,1,2,2,2,2,2,2,1,2,2,1,2,2,1,1,1
2008,6,75,1,60849,1,9,2,2,1,1,5,1,1,1,1,2,1,2,2,2,2,1,2,2,3,2,2,2,2,2,2,2,2,2,2,0,0,0
2008,6,71,1,60850,1,9,2,1,2,2,1,2,1,1,1,2,1,2,2,2,1,2,2,2,3,2,2,2,2,2,2,2,1,2,2,0,0,0
2008,6,17,2,60851,1,9,2,2,1,2,2,2,1,1,2,2,1,2,2,1,2,2,1,2,2,1,1,1,1,2,2,1,1,2,2,0,0,0
2008,6,37,1,60852,1,9,2,2,1,1,4,1,1,2,2,2,2,2,1,2,2,2,2,2,3,1,1,1,1,2,2,1,2,2,2,0,0,0
2008,6,77,1,60853,1,9,1,2,2,2,5,2,1,1,2,2,1,2,2,2,2,2,1,2,1,2,2,2,2,2,2,2,1,2,2,0,0,0
2008,6,77,1,60854,1,9,2,2,1,1,3,1,4,1,2,2,2,2,2,2,2,2,2,2,3,2,2,2,2,1,2,2,2,1,2,0,0,0
2008,6,37,1,60855,1,9,2,2,1,1,3,1,1,1,2,2,1,2,1,2,2,1,2,2,3,2,2,2,2,2,1,1,2,2,2,0,0,0
2008,6,37,1,60856,1,9,2,2,1,2,3,2,1,1,2,2,1,2,2,2,2,1,2,2,3,2,2,2,2,2,2,2,2,2,2,0,0,0
2008,6,37,1,60857,1,9,1,2,1,2,5,2,1,1,2,2,1,2,1,2,2,2,2,2,3,2,2,2,2,2,1,1,2,2,2,0,0,0
2008,6,115,1,60858,1,9,2,2,1,2,5,2,2,1,2,2,2,2,1,1,2,2,2,2,3,2,2,2,2,2,2,2,2,1,2,0,0,0
2008,6,1,1,60859,1,9,2,2,1,2,4,2,1,2,2,2,2,1,2,1,1,2,2,2,2,2,2,2,2,2,2,2,2,1,1,0,0,0
2008,6,77,1,60860,1,9,1,2,1,2,5,2,3,1,1,2,2,1,2,2,2,2,1,2,3,2,2,2,2,2,1,1,1,2,1,0,0,0
2008,6,19,1,60861,1,9,1,2,2,2,5,2,1,1,1,2,1,2,2,2,2,2,2,2,2,2,2,2,2,1,2,2,1,2,2,0,0,0
2008,6,13,1,60862,1,9,2,2,4,2,4,2,1,1,1,2,1,2,1,1,2,2,2,2,1,2,2,2,2,2,2,2,1,2,2,0,0,0
2008,6,65,1,60863,1,9,1,2,1,1,6,1,4,1,1,2,2,2,2,2,2,2,2,2,2,2,2,1,1,2,2,1,2,2,2,0,0,0
2008,6,71,1,60864,1,9,2,2,4,2,6,2,1,1,1,2,1,2,2,1,2,2,2,2,2,2,2,2,2,2,1,1,1,2,2,0,0,0
2008,6,111,1,60865,1,9,2,2,4,2,5,2,1,1,1,2,1,2,2,1,2,2,1,2,2,1,1,1,1,2,2,1,1,2,2,0,0,0
2008,6,85,1,60866,1,9,2,1,1,2,1,3,4,1,1,2,3,2,2,2,2,2,2,2,3,2,2,2,2,2,2,2,1,1,1,0,0,0
2008,6,65,1,60867,1,9,2,2,1,1,4,1,2,2,1,1,3,2,2,1,2,2,2,2,1,2,2,2,2,2,1,1,2,2,2,0,0,0
2008,6,59,2,60868,1,9,2,2,3,2,2,2,1,2,2,2,3,2,1,1,2,2,2,2,1,2,2,1,1,1,2,1,1,2,2,0,0,0
2008,6,73,1,60869,1,9,2,1,2,2,1,2,2,2,2,2,1,2,2,2,1,2,2,2,3,2,2,2,2,1,2,2,1,2,2,0,0,0
2008,6,1,1,60870,1,9,2,2,1,1,4,1,4,2,2,1,2,2,2,2,1,2,2,2,3,2,2,2,2,2,2,2,2,2,2,0,0,0
2008,6,71,1,60871,1,9,2,2,1,1,4,1,1,2,2,2,1,2,2,2,2,1,2,2,2,2,2,2,2,2,1,1,2,2,2,0,0,0
2008,6,77,1,60872,1,9,2,2,1,2,6,2,1,1,2,2,1,2,2,2,1,2,2,2,3,2,2,2,2,2,2,2,2,2,2,0,0,0
2008,6,65,1,60873,1,9,1,2,4,2,5,2,1,1,2,2,1,2,2,2,2,2,1,2,2,2,2,2,2,2,2,2,1,2,2,0,0,0
2008,6,93,1,60874,1,9,1,2,4,2,4,2,1,3,1,2,1,2,1,2,2,2,2,2,2,2,2,2,2,2,2,2,1,2,2,0,0,0
2008,6,33,1,60875,1,9,1,2,1,2,3,2,3,1,1,2,2,2,2,2,2,2,2,2,3,2,2,2,2,1,2,2,1,2,2,0,0,0
2008,6,37,1,60876,1,9,2,2,1,2,3,2,1,2,1,2,1,2,2,2,2,1,2,2,3,1,1,1,1,2,2,1,2,2,2,0,0,0
2008,6,71,1,60877,1,9,2,1,1,2,1,2,5,1,2,2,3,1,1,2,2,2,2,2,3,2,2,2,2,2,1,1,2,2,2,0,0,0
2008,6,111,1,60878,1,9,1,2,2,2,4,2,1,1,2,2,1,2,1,2,2,2,2,2,1,2,2,2,2,2,2,2,1,2,2,0,0,0
2008,6,85,1,60879,1,9,1,2,2,2,4,2,1,1,2,2,2,1,2,2,2,2,2,2,1,2,2,2,2,2,2,2,1,2,2,0,0,0
2008,6,31,2,60880,1,9,1,1,1,2,1,2,3,1,2,2,2,2,2,2,2,2,2,2,3,2,2,2,2,2,1,1,1,2,2,0,0,0
2008,6,63,1,60881,1,9,1,2,1,2,6,2,1,2,2,2,1,2,2,1,2,2,1,2,3,2,2,2,2,2,2,2,1,2,2,0,0,0
2008,6,37,1,60882,1,9,1,2,2,2,4,2,1,1,1,2,1,2,1,1,2,2,2,2,2,2,2,2,2,2,2,2,1,2,2,0,0,0
2008,6,25,1,60883,1,9,2,2,4,2,5,2,1,2,2,2,1,2,2,2,2,2,1,2,1,2,2,1,1,2,2,1,1,2,2,0,0,0
2008,6,71,1,60884,1,9,1,2,1,1,6,1,4,1,2,2,2,2,2,2,2,2,2,2,3,1,1,1,1,2,2,1,2,2,2,0,0,0
2008,6,97,1,60885,1,9,2,2,1,2,4,2,1,1,2,2,1,2,2,2,2,1,2,2,2,2,2,2,2,2,2,2,2,2,2,0,0,0
2008,6,9,1,60886,1,9,1,2,2,2,5,2,1,1,2,2,1,2,2,2,2,2,2,2,2,2,2,2,2,1,2,2,1,2,2,0,0,0
2008,6,115,2,60887,1,9,2,2,4,2,5,2,1,1,2,2,1,2,2,2,2,2,2,2,1,2,2,2,2,2,2,2,1,2,2,0,0,0
2008,6,37,1,60888,1,9,2,2,4,2,4,3,1,1,2,2,1,2,2,2,2,1,2,2,2,2,2,2,2,2,2,2,2,2,2,0,0,0
2008,6,47,1,60889,1,9,1,2,4,2,5,2,1,2,2,2,1,2,2,2,2,2,1,2,1,2,2,2,2,2,2,2,1,2,2,0,0,0
2008,6,71,1,60890,1,9,2,2,1,2,3,2,1,2,2,2,1,2,2,2,1,2,2,2,2,2,2,2,2,2,2,2,2,2,2,0,0,0
2008,6,53,1,60891,1,9,1,2,2,2,5,2,1,2,2,2,1,2,2,2,2,2,2,2,1,2,2,2,2,2,2,2,1,2,2,0,0,0
2008,6,65,1,60892,1,9,2,2,4,1,4,1,1,2,2,2,1,2,2,2,2,2,1,2,1,2,2,2,2,2,1,1,2,2,2,0,0,0
2008,6,37,1,60893,1,9,2,1,2,2,1,2,1,2,1,2,1,2,2,1,1,2,2,2,3,2,2,1,1,2,2,1,1,2,2,0,0,0
2008,6,113,1,60894,1,9,1,2,1,1,4,1,4,1,1,2,2,2,2,2,2,2,2,2,3,2,2,2,2,2,2,2,2,2,2,0,0,0
2008,6,47,1,60895,1,9,1,2,1,2,3,2,2,1,1,2,2,2,2,1,2,2,1,2,3,2,2,2,2,2,2,2,2,2,2,0,0,0
2008,6,77,1,60896,1,9,2,2,1,1,4,1,4,1,1,2,2,1,2,2,2,2,2,2,3,2,2,2,2,2,2,2,2,1,2,0,0,0
2008,6,37,1,60897,1,9,2,2,1,2,2,2,5,1,1,2,3,2,2,2,2,2,2,2,3,2,2,2,2,1,2,2,2,2,2,0,0,0
2008,6,19,1,60898,1,9,1,2,1,1,5,1,4,1,1,2,2,2,1,2,2,2,2,2,3,2,2,2,2,2,2,2,2,2,2,0,0,0
2008,6,37,1,60899,1,9,2,2,1,1,4,1,4,2,1,2,2,2,2,2,1,2,2,2,3,2,2,2,2,2,1,1,2,2,2,0,0,0
2008,6,31,2,60900,1,9,1,1,1,2,1,2,5,2,1,1,2,2,2,2,2,2,1,2,3,2,2,2,2,2,2,2,2,2,2,0,0,0
2008,6,37,1,60901,1,9,2,1,1,2,1,2,2,2,1,2,2,1,2,1,2,2,2,2,3,2,2,2,2,2,2,2,2,1,2,0,0,0
2008,6,87,1,60902,1,9,1,2,1,2,5,2,3,1,1,2,2,2,1,1,2,2,2,2,3,2,2,2,2,2,2,2,1,2,2,0,0,0
2008,6,95,1,60903,1,9,1,1,3,2,1,2,1,2,2,2,2,2,2,1,2,2,1,2,1,1,1,1,1,1,2,1,1,2,2,0,0,0
2008,6,87,1,60904,1,9,2,2,1,2,4,3,4,1,2,2,2,2,1,1,2,2,2,2,2,2,2,2,2,2,1,1,2,2,2,0,0,0
2008,6,37,1,60905,1,9,2,1,1,2,1,2,2,1,2,2,2,2,1,2,2,2,2,2,3,2,2,2,2,2,2,2,2,1,2,0,0,0
2008,6,101,1,60906,1,9,1,2,1,2,3,2,3,2,2,2,3,1,2,2,2,2,2,2,3,2,2,2,2,2,2,2,1,2,2,0,0,0
2008,6,19,1,60907,1,9,2,2,1,2,2,2,4,2,2,2,2,2,2,2,2,2,2,2,2,2,2,1,1,2,2,1,2,2,2,0,0,0
2008,6,37,1,60908,1,9,2,2,1,1,4,1,4,2,1,2,2,2,2,1,2,2,2,2,3,2,2,2,2,2,1,1,2,2,2,0,0,0
2008,6,87,1,60909,1,9,2,2,1,1,3,1,1,1,1,2,1,1,2,2,2,1,2,2,3,2,2,2,2,2,2,2,2,2,2,0,0,0
2008,6,71,1,60910,1,9,1,2,1,2,4,2,1,1,1,2,2,1,2,1,2,2,1,2,3,2,2,2,2,2,2,2,2,2,2,0,0,0
2008,6,71,2,60911,1,9,2,1,1,2,1,2,2,1,1,2,3,2,2,2,2,2,2,2,3,1,1,1,1,1,2,1,1,2,2,0,0,0
2008,6,13,1,60912,1,9,2,2,1,2,3,2,1,2,1,1,3,2,2,2,1,2,2,2,3,2,2,1,1,2,2,1,2,2,2,0,0,0
2008,6,61,1,60913,1,9,1,1,2,2,1,2,2,1,1,2,1,1,2,2,1,2,2,2,2,2,2,2,2,2,2,2,1,2,2,0,0,0
2008,6,71,1,60914,1,9,2,1,2,2,1,2,1,2,2,2,1,2,2,2,1,2,2,2,3,2,2,2,2,2,1,1,1,2,2,0,0,0
2008,6,71,1,60915,1,9,2,1,1,2,1,2,2,2,2,2,2,2,1,1,2,2,2,2,3,2,2,2,2,2,2,2,2,2,2,0,0,0
2008,6,107,1,60916,1,9,1,2,1,2,6,2,4,1,2,2,2,2,1,2,2,2,2,2,3,2,2,2,2,2,2,2,2,2,2,0,0,0
2008,6,85,1,60917,1,9,2,2,1,2,2,2,2,1,2,2,3,2,1,1,2,2,2,2,3,2,2,2,2,1,2,2,2,2,2,0,0,0
2008,6,71,1,60918,1,9,2,2,1,2,6,3,1,2,2,2,1,2,2,2,1,2,2,2,3,2,2,2,2,2,2,2,2,2,2,0,0,0
2008,6,73,1,60919,1,9,2,2,1,2,6,2,3,2,2,2,2,2,1,2,2,2,2,2,1,1,1,1,1,2,2,1,2,2,2,0,0,0
2008,6,65,1,60920,1,9,1,2,1,2,4,2,3,1,2,2,2,2,1,2,2,2,2,2,3,2,2,2,2,2,2,2,1,2,2,0,0,0
2008,6,65,1,60921,1,9,2,2,1,2,3,2,3,1,2,2,3,2,2,2,2,2,2,2,1,2,2,2,2,1,1,1,1,2,2,0,0,0
2008,6,51,1,60922,1,9,1,2,4,2,4,2,1,1,1,2,1,2,2,1,2,2,1,2,1,2,2,2,2,2,2,2,1,2,2,0,0,0
2008,6,71,1,60923,1,9,2,2,1,1,4,1,3,2,2,2,2,2,2,2,2,2,2,2,2,2,2,2,2,2,2,2,2,2,2,0,0,0
2008,6,67,1,60924,1,9,2,2,1,1,4,1,4,1,1,2,2,2,1,1,2,2,2,2,3,1,1,1,1,2,2,1,2,2,2,0,0,0
2008,6,85,1,60925,1,9,2,2,1,2,2,2,5,1,1,2,3,2,1,2,2,2,2,2,3,2,2,2,2,2,2,2,1,2,2,0,0,0
2008,6,37,1,60926,1,9,2,1,1,2,1,2,2,2,1,2,3,2,1,1,2,2,2,2,3,2,2,2,2,2,2,2,2,2,2,0,0,0
2008,6,39,1,60927,1,9,1,2,1,2,3,2,3,1,1,2,2,2,2,2,2,2,1,2,3,2,2,2,2,1,2,2,1,2,2,0,0,0
2008,6,107,1,60928,1,9,2,2,1,1,2,1,4,1,1,2,3,2,2,2,2,2,2,2,3,2,2,2,2,1,2,2,2,2,2,0,0,0
2008,6,107,1,60929,1,9,1,2,1,2,5,2,3,2,1,2,2,2,2,2,2,2,2,2,3,1,1,1,1,2,1,1,1,2,2,0,0,0
2008,6,17,1,60930,1,9,2,2,1,2,4,2,6,1,1,2,2,2,2,2,2,2,2,2,1,2,2,2,2,2,1,1,1,2,2,0,0,0
2008,6,67,2,60931,1,9,2,2,1,2,3,2,3,1,1,2,2,1,2,2,2,2,2,2,3,2,2,2,2,2,2,2,1,2,2,0,0,0
2008,6,37,1,60932,1,9,2,1,1,2,1,2,4,2,1,2,2,2,2,1,2,2,2,2,1,1,1,1,1,2,1,1,2,2,2,0,0,0
2008,6,65,1,60933,1,9,2,2,1,1,5,1,4,1,1,2,2,2,2,2,2,2,2,2,2,2,2,2,2,2,1,1,2,2,2,0,0,0
2008,6,71,1,60934,1,9,1,2,1,2,4,2,2,1,1,2,2,1,2,1,2,2,2,2,3,2,2,2,2,2,2,2,2,2,2,0,0,0
2008,6,47,1,60935,1,9,1,2,1,2,5,2,3,1,1,2,2,1,2,2,2,2,2,2,3,2,2,2,2,2,1,1,1,2,2,0,0,0
2008,6,19,1,60936,1,9,2,2,4,2,4,2,2,2,2,2,1,2,2,2,2,2,1,2,1,2,2,2,2,2,2,2,1,2,2,0,0,0
2008,6,59,1,60937,1,9,2,2,1,2,2,2,1,2,2,2,3,2,1,1,2,2,2,2,3,1,1,1,1,2,2,1,2,2,2,0,0,0
2008,6,95,1,60938,1,9,2,2,4,2,5,2,5,2,2,2,1,2,1,1,2,2,2,2,2,2,2,2,2,2,1,1,1,2,2,0,0,0
2008,6,29,1,60939,1,9,1,2,1,2,4,2,3,1,2,2,2,2,1,2,2,2,2,2,3,2,2,1,1,2,2,1,1,2,2,0,0,0
2008,6,19,3,60940,1,9,2,2,3,2,4,2,1,2,2,2,2,2,2,1,2,2,1,2,3,2,2,1,1,2,2,1,1,2,2,0,0,0
2008,6,37,1,60941,1,9,2,2,1,1,3,1,4,2,2,2,2,2,2,1,2,2,2,2,3,2,2,2,2,2,1,1,2,2,2,0,0,0
2008,6,37,1,60942,1,9,2,1,1,2,1,2,2,2,2,2,2,2,2,1,2,2,2,2,1,2,2,2,2,2,2,2,2,1,2,0,0,0
2008,6,41,1,60943,1,9,1,2,1,2,5,2,3,1,2,2,2,2,1,1,2,2,2,2,2,2,2,2,2,2,1,1,1,2,2,0,0,0
2008,6,73,1,60944,1,9,2,1,1,2,1,2,5,1,2,2,2,2,2,2,2,2,1,2,3,2,2,2,2,2,2,2,2,1,2,0,0,0
2008,6,73,1,60945,1,9,2,1,1,2,1,2,2,2,2,2,3,2,2,1,2,2,2,2,1,2,2,1,1,2,2,1,2,2,2,0,0,0
2008,6,37,1,60946,1,9,2,2,2,2,6,2,2,2,2,2,1,2,2,2,2,2,2,2,1,2,2,2,2,1,2,2,1,2,2,0,0,0
2008,6,75,1,60947,1,9,2,2,4,2,5,2,1,2,2,2,1,2,2,1,2,2,2,1,3,2,2,2,2,2,2,2,1,2,2,0,0,0
2008,6,73,1,60948,1,9,2,2,1,2,6,2,1,1,1,2,1,2,2,2,1,2,2,2,3,2,2,1,1,2,2,1,2,2,2,0,0,0
2008,6,111,1,60949,1,9,2,2,1,1,3,1,4,2,1,2,2,2,1,1,2,2,2,2,1,2,2,2,2,2,2,2,2,2,2,0,0,0
2008,6,85,1,60950,1,9,2,2,4,2,6,2,5,2,1,2,1,2,2,2,2,2,1,2,1,2,2,2,2,2,1,1,1,2,2,0,0,0
2008,6,103,1,60951,1,9,2,1,1,2,1,2,4,2,1,2,2,2,2,2,2,2,2,2,3,2,2,2,2,2,2,2,1,2,2,0,0,0
2008,6,1,1,60952,1,9,2,1,1,2,1,3,4,2,1,2,3,2,2,1,2,2,2,2,3,2,2,2,2,2,1,1,2,2,2,0,0,0
2008,6,55,1,60953,1,9,1,2,1,2,4,2,3,1,1,2,2,2,2,2,2,2,2,2,2,2,2,2,2,2,2,2,1,2,2,0,0,0
2008,6,65,1,60954,1,9,1,2,1,2,4,2,1,1,1,2,2,2,1,1,2,2,2,2,3,2,2,2,2,2,2,2,1,2,2,1,0,1
2008,6,65,1,60955,1,9,1,1,1,2,1,2,2,1,1,2,2,1,2,1,2,2,2,2,3,2,2,2,2,2,2,2,2,2,2,0,0,0
2008,6,23,1,60956,1,9,1,2,1,2,3,2,4,1,1,2,2,2,2,2,2,2,1,2,3,2,2,2,2,1,2,2,1,2,2,0,0,0
2008,6,73,1,60957,1,9,2,1,4,2,1,3,1,1,1,2,1,2,1,1,2,2,2,2,2,2,2,2,2,2,2,2,1,2,2,0,0,0
2008,6,71,1,60958,1,9,2,1,4,2,1,2,1,2,2,2,1,2,2,2,2,2,1,2,2,2,2,2,2,2,1,1,1,2,2,0,0,0
2008,6,1,1,60959,1,9,2,1,1,2,1,2,4,2,2,2,2,2,2,2,2,2,2,2,3,2,2,2,2,2,2,2,2,2,2,0,0,0
2008,6,71,1,60960,1,9,2,1,4,2,1,2,1,1,2,2,1,2,2,1,2,2,1,2,2,2,2,2,2,2,1,1,1,2,2,0,0,0
2008,6,37,1,60961,1,9,2,1,4,2,1,2,1,2,2,2,1,2,2,2,2,2,1,2,3,2,2,2,2,2,1,1,1,2,2,0,0,0
2008,6,73,1,60962,1,9,2,2,4,2,6,2,1,2,2,2,1,2,2,2,2,2,1,2,2,1,1,1,1,2,2,1,1,2,2,0,0,0
2008,6,71,1,60963,1,9,2,2,1,2,3,2,1,2,2,2,1,2,2,2,1,2,2,2,2,2,2,2,2,2,2,2,2,2,2,0,0,0
2008,6,1,1,60964,1,9,2,2,1,1,4,1,1,2,2,2,1,2,2,2,1,2,2,2,2,2,2,2,2,2,2,2,2,2,2,0,0,0
2008,6,37,1,60965,1,9,2,1,2,2,1,2,1,1,2,2,1,2,2,2,2,2,1,2,3,2,2,1,1,2,2,1,1,2,2,0,0,0
2008,6,37,1,60966,1,9,2,2,2,2,3,2,1,1,2,2,1,2,2,2,2,2,2,2,2,2,2,2,2,2,2,2,1,2,2,0,0,0
2008,6,97,1,60967,1,9,2,2,4,2,2,2,1,2,2,2,1,2,2,2,2,2,2,2,1,2,2,2,2,2,1,1,1,2,2,0,0,0
2008,6,73,1,60968,1,9,2,2,1,2,4,2,2,1,1,2,2,2,2,1,2,2,2,2,3,2,2,2,2,2,2,2,2,2,2,0,0,0
2008,6,57,1,60969,1,9,1,2,1,2,5,2,4,1,1,2,2,1,1,1,2,2,2,2,3,2,2,2,2,2,2,2,1,2,2,0,0,0
2008,6,107,1,60970,1,9,2,2,1,2,2,2,2,1,1,2,2,2,2,1,2,2,2,2,3,2,2,2,2,1,2,2,2,2,2,0,0,0
2008,6,73,1,60971,1,9,2,2,2,2,2,3,1,1,1,2,1,2,2,2,2,2,1,2,1,2,2,2,2,2,2,2,1,2,2,0,0,0
2008,6,15,1,60972,1,9,1,2,2,2,3,2,1,1,1,2,1,2,2,2,2,2,1,2,2,2,2,2,2,1,2,2,1,2,2,0,0,0
2008,6,27,2,60973,1,9,1,2,1,2,3,2,1,2,1,2,1,2,1,2,2,2,2,2,2,2,2,2,2,2,2,2,2,2,2,0,0,0
2008,6,85,1,60974,1,9,2,2,2,2,2,2,1,2,1,2,1,2,2,2,2,2,2,2,2,2,2,2,2,2,2,2,1,2,2,0,0,0
2008,6,73,1,60975,1,9,2,2,1,1,4,1,1,2,1,1,1,2,2,1,1,2,2,2,3,2,2,2,2,2,2,2,2,2,2,0,0,0
2008,6,71,2,60976,1,9,1,1,3,2,1,2,1,2,1,2,1,2,2,2,2,2,1,2,1,2,2,2,2,2,2,2,1,2,2,0,0,0
2008,6,65,1,60977,1,9,1,2,2,2,6,2,1,2,1,2,1,2,2,2,2,2,1,2,1,2,2,2,2,2,2,2,1,2,2,1,1,1
2008,6,105,1,60978,1,9,1,2,2,2,4,2,1,1,1,2,1,2,1,1,2,2,2,2,2,2,2,2,2,2,2,2,1,2,2,0,0,0
2008,6,31,1,60979,1,9,1,2,1,1,5,1,4,1,1,2,2,1,2,2,2,2,2,2,3,2,2,2,2,2,2,2,2,2,2,0,0,0
2008,6,37,1,60980,1,9,2,2,1,2,2,2,5,2,2,1,2,2,2,1,2,2,1,2,3,2,2,2,2,2,2,2,2,2,2,0,0,0
2008,6,107,1,60981,1,9,2,2,1,2,2,2,2,1,2,2,2,2,2,1,2,2,2,2,3,2,2,2,2,2,2,2,2,2,2,0,0,0
2008,6,111,1,60982,1,9,2,2,1,2,2,2,5,1,1,2,3,2,2,2,2,2,2,2,3,2,2,2,2,1,2,2,2,2,2,0,0,0
2008,6,13,1,60983,1,9,2,2,1,2,2,2,2,2,1,2,3,2,2,1,2,2,2,2,3,2,2,2,2,2,2,2,2,2,2,0,0,0
2008,6,59,1,60984,1,9,2,2,1,2,3,2,6,2,1,2,2,2,1,1,2,2,2,2,2,2,2,2,2,2,2,2,2,2,2,0,0,0
2008,6,107,1,60985,1,9,1,2,1,2,6,2,3,1,1,2,2,2,2,2,2,2,2,2,3,2,2,2,2,2,2,2,1,2,2,0,0,0
2008,6,95,1,60986,1,9,2,1,1,2,1,2,2,1,1,2,3,2,1,1,2,2,2,2,3,2,2,2,2,2,2,2,2,2,2,0,0,0
2008,6,61,1,60987,1,9,2,2,1,2,4,2,4,2,1,2,3,2,2,1,2,2,2,2,3,2,2,2,2,2,2,2,1,2,2,0,0,0
2008,6,81,1,60988,1,9,2,2,4,2,5,3,1,1,1,2,1,2,2,2,1,2,2,2,2,2,2,2,2,2,2,2,2,2,2,0,0,0
2008,6,71,1,60989,1,9,2,2,1,1,4,1,4,1,2,2,3,2,2,1,2,2,1,2,2,2,2,2,2,2,2,2,2,2,2,0,0,0
2008,6,59,1,60990,1,9,2,1,1,2,1,2,4,1,1,2,3,2,2,1,2,2,2,2,3,2,2,2,2,1,2,2,2,2,2,0,0,0
2008,6,29,1,60991,1,9,1,2,1,2,4,2,2,1,1,2,3,1,2,1,2,2,2,2,3,2,2,2,2,2,2,2,2,2,2,0,0,0
2008,6,37,1,60992,1,9,2,2,1,1,3,1,4,1,2,2,3,2,1,2,2,2,2,2,3,2,2,2,2,2,2,2,2,2,2,0,0,0
2008,6,59,1,60993,1,9,2,2,2,2,3,2,2,2,2,2,1,2,2,1,2,2,2,2,1,2,2,2,2,2,1,1,1,2,2,0,0,0
2008,6,65,1,60994,1,9,1,1,2,2,1,2,1,1,1,2,1,2,2,2,2,2,1,2,2,2,2,2,2,2,2,2,1,1,2,0,0,0
2008,6,71,1,60995,1,9,2,2,1,2,4,2,1,2,2,2,2,2,2,2,1,2,2,2,1,2,2,2,2,2,1,1,2,2,2,0,0,0
2008,6,1,1,60996,1,9,1,1,1,2,1,2,5,2,2,2,3,2,2,2,2,2,2,2,1,2,2,2,2,1,2,2,2,1,2,0,0,0
2008,6,37,1,60997,1,9,2,2,1,2,4,2,5,2,2,2,3,2,2,1,2,2,2,2,1,2,2,2,2,1,2,2,1,2,2,0,0,0
2008,6,73,1,60998,1,9,2,1,1,2,1,2,1,1,2,2,1,2,2,2,1,2,2,2,3,2,2,2,2,2,2,2,2,2,2,0,0,0
2008,6,17,1,60999,1,9,1,2,2,2,5,2,1,2,2,2,1,2,2,2,2,2,2,2,1,2,2,2,2,2,2,2,1,1,2,0,0,0
2008,6,55,1,61000,1,9,1,2,1,2,5,2,1,2,2,2,1,2,1,1,2,2,2,2,1,2,2,2,2,2,2,2,1,2,2,0,0,0
2008,6,47,1,61001,1,9,2,2,1,2,3,2,1,1,1,2,1,2,2,2,1,2,2,2,3,2,2,2,2,2,2,2,2,2,2,0,0,0
2008,6,83,1,61002,1,9,2,2,1,2,2,2,5,1,1,2,3,1,1,2,2,2,2,2,3,2,2,2,2,1,1,1,1,2,2,0,0,0
2008,6,37,1,61003,1,9,2,2,1,2,3,2,1,1,2,2,1,2,2,2,1,2,2,2,3,1,1,1,1,2,2,1,2,2,2,0,0,0
2008,6,75,1,61004,1,9,2,2,1,1,3,1,1,1,2,2,1,2,2,2,1,2,2,2,2,2,2,2,2,2,2,2,2,2,2,0,0,0
2008,6,17,1,61005,1,9,1,2,1,1,5,1,4,1,2,2,2,1,2,2,2,2,2,2,3,2,2,2,2,1,2,2,2,2,2,0,0,0
2008,6,29,1,61006,1,9,1,1,4,2,1,2,1,2,2,2,1,2,2,2,2,2,1,2,2,2,2,2,2,2,2,2,1,2,2,0,0,0
2008,6,25,1,61007,1,9,1,2,1,1,4,1,4,1,1,2,2,2,2,1,2,2,1,2,3,2,2,2,2,2,2,2,2,2,2,0,0,0
2008,6,73,1,61008,1,9,1,2,1,2,6,2,1,1,1,2,1,2,2,2,1,2,2,2,3,2,2,2,2,2,2,2,2,2,2,0,0,0
2008,6,33,1,61009,1,9,1,2,1,2,3,2,4,1,1,2,2,2,2,1,2,2,2,2,3,2,2,2,2,1,2,2,1,2,2,0,0,0
2008,6,73,1,61010,1,9,1,2,1,2,4,2,5,1,1,2,3,2,1,1,2,2,2,2,3,1,1,1,1,1,1,1,2,2,2,0,0,0
2008,6,37,1,61011,1,9,2,1,2,2,1,3,1,2,1,2,1,2,1,1,2,2,2,2,2,2,2,2,2,2,1,1,1,2,2,0,0,0
2008,6,19,1,61012,1,9,1,2,1,1,6,1,4,2,1,1,2,2,2,2,2,2,2,2,1,2,2,2,2,2,2,2,2,2,2,0,0,0
2008,6,37,1,61013,1,9,2,1,1,2,1,2,3,2,1,2,3,2,2,2,2,2,2,2,1,2,2,2,2,2,2,2,2,2,2,0,0,0
2008,6,7,1,61014,1,9,1,2,1,2,5,2,1,3,3,1,1,2,2,2,1,2,2,2,3,2,2,2,2,2,2,2,2,2,2,0,0,0
2008,6,61,1,61015,1,9,1,1,2,2,1,2,2,2,1,2,1,1,2,2,2,2,1,2,2,2,2,2,2,2,2,2,1,2,2,0,0,0
2008,6,67,1,61016,1,9,2,2,1,2,2,2,1,2,2,2,2,2,2,1,1,2,2,2,3,2,2,1,1,2,2,1,2,1,2,0,0,0
2008,6,65,1,61017,1,9,2,2,2,2,6,2,1,2,2,2,1,2,2,1,2,2,2,2,1,2,2,2,2,2,2,2,1,2,2,0,0,0
2008,6,1,1,61018,1,9,2,1,3,2,1,2,1,2,2,2,1,2,1,2,2,2,2,2,1,2,2,2,2,2,2,2,1,2,2,0,0,0
2008,6,37,1,61019,1,9,2,2,4,2,3,2,1,2,2,2,1,2,2,1,2,2,2,2,1,2,2,2,2,2,2,2,1,2,2,0,0,0
2008,6,65,3,61020,1,9,1,2,1,2,5,2,4,1,2,2,2,2,2,1,2,2,2,2,3,2,2,2,2,2,2,2,1,2,2,0,0,0
2008,6,23,1,61021,1,9,1,2,4,2,3,2,1,1,2,2,1,2,2,2,2,2,2,2,3,2,2,2,2,1,2,2,1,2,1,0,0,0
2008,6,67,2,61022,1,9,2,2,1,1,4,1,4,2,2,2,2,1,2,2,2,2,2,2,1,2,2,1,1,2,2,1,2,2,2,0,0,0
2008,6,17,1,61023,1,9,1,2,1,2,3,2,5,2,2,1,3,2,2,2,2,2,1,2,3,2,2,2,2,2,1,1,2,2,2,0,0,0
2008,6,29,1,61024,1,9,2,2,1,1,2,1,4,2,2,1,2,2,1,2,2,2,2,2,1,2,2,2,2,2,2,2,2,2,2,0,0,0
2008,6,37,1,61025,1,9,1,2,1,2,4,2,3,1,1,2,2,2,1,2,2,2,2,2,3,2,2,2,2,2,2,2,1,2,2,0,0,0
2008,6,105,1,61026,1,9,1,2,1,2,3,2,3,1,1,2,2,1,2,1,2,2,2,2,3,2,2,2,2,2,2,2,1,2,2,0,0,0
2008,6,83,1,61027,1,9,1,2,1,2,4,2,3,1,1,2,2,1,2,2,2,2,2,2,3,2,2,2,2,2,2,2,1,2,2,0,0,0
2008,6,65,2,61028,1,9,2,1,1,2,1,2,1,2,2,2,1,2,2,2,2,2,1,2,3,1,1,1,1,2,2,1,1,2,2,0,0,0
2008,6,55,1,61029,1,9,2,2,1,2,4,2,1,2,2,1,1,2,2,2,1,2,2,2,3,2,2,2,2,2,2,2,2,2,2,0,0,0
2008,6,59,1,61030,1,9,2,1,1,2,1,2,4,1,2,2,2,2,2,2,2,2,2,2,3,2,2,2,2,2,2,2,2,2,2,0,0,0
2008,6,31,1,61031,1,9,2,2,2,2,4,2,1,1,1,2,1,2,2,2,2,2,2,2,2,2,2,2,2,1,2,2,1,2,2,0,0,0
2008,6,37,1,61032,1,9,2,2,6,2,5,2,1,2,1,2,1,2,2,1,2,2,2,2,1,2,2,2,2,2,2,2,1,2,2,0,0,0
2008,6,25,1,61033,1,9,1,2,2,2,3,2,1,1,2,2,1,2,2,1,2,2,1,2,3,1,1,1,1,2,2,1,1,2,2,0,0,0
2008,6,17,1,61034,1,9,1,2,1,2,5,2,2,1,2,2,2,2,1,1,2,2,2,2,3,2,2,2,2,2,2,2,2,2,2,0,0,0
2008,6,29,1,61035,1,9,1,2,1,2,5,2,4,1,2,2,2,2,1,2,2,2,2,2,3,2,2,1,1,2,2,1,1,2,2,0,0,0
2008,6,53,1,61036,1,9,1,2,1,1,3,1,4,1,2,2,3,2,2,2,2,2,1,2,1,2,2,2,2,2,2,2,2,2,2,0,0,0
2008,6,99,1,61037,1,9,1,2,1,1,6,1,4,1,2,2,2,1,1,1,2,2,2,2,3,2,2,2,2,2,2,2,2,2,2,0,0,0
2008,6,71,1,61038,1,9,1,1,1,2,1,2,5,2,2,2,2,1,2,1,2,2,2,2,3,2,2,2,2,2,2,2,2,2,2,0,0,0
2008,6,71,1,61039,1,9,1,2,1,2,3,2,1,2,1,2,1,2,1,1,2,2,2,2,2,2,2,1,1,2,2,1,2,2,2,0,0,0
2008,6,21,1,61040,1,9,2,1,3,2,1,2,1,2,2,2,2,2,2,2,2,2,1,2,3,1,1,1,1,2,2,1,1,2,2,0,0,0
2008,6,93,1,61041,1,9,1,2,4,2,4,2,1,1,1,2,1,2,2,2,2,2,1,2,1,2,2,2,2,2,2,2,1,2,2,0,0,0
2008,6,25,1,61042,1,9,1,1,2,2,1,2,1,1,1,2,1,2,2,2,2,2,1,2,3,2,2,2,2,2,2,2,1,2,2,0,0,0
2008,6,67,1,61043,1,9,2,2,1,2,5,2,1,2,1,2,1,2,2,2,1,2,2,2,3,1,1,1,1,2,2,1,2,2,2,0,0,0
2008,6,65,1,61044,1,9,2,2,1,2,4,2,1,2,1,2,1,2,2,2,1,2,2,2,2,2,2,1,1,2,2,1,2,1,2,0,0,0
2008,6,111,2,61045,1,9,1,2,1,2,5,2,3,1,1,2,2,2,2,2,2,2,2,2,3,2,2,2,2,2,1,1,1,2,2,0,0,0
2008,6,59,1,61046,1,9,2,2,1,2,2,2,2,2,1,2,2,2,1,1,2,2,1,2,3,1,1,1,1,2,2,1,2,2,2,0,0,0
2008,6,59,1,61047,1,9,2,2,4,2,4,2,1,2,2,2,1,2,2,2,2,2,2,2,1,2,2,2,2,2,2,2,1,2,2,0,0,0
2008,6,29,2,61048,1,9,2,2,4,2,5,2,1,1,1,2,2,1,2,2,2,2,1,2,3,2,2,2,2,2,2,2,1,2,2,0,0,0
2008,6,37,1,61049,1,9,2,2,1,2,5,2,3,1,1,2,2,2,1,2,2,2,2,2,3,2,2,2,2,2,2,2,2,2,2,0,0,0
2008,6,29,1,61050,1,9,2,2,4,1,4,1,1,2,1,2,1,2,2,2,2,1,2,2,2,2,2,2,2,2,2,2,2,1,2,0,0,0
2008,6,65,1,61051,1,9,2,2,4,1,5,1,1,2,1,2,1,2,2,1,2,2,1,2,1,2,2,2,2,2,2,2,2,2,2,0,0,0
2008,6,65,1,61052,1,9,2,2,4,1,5,1,1,2,1,2,1,2,2,1,2,2,1,2,1,2,2,2,2,2,2,2,2,2,2,0,0,0
2008,6,55,1,61053,1,9,1,2,2,2,4,2,1,2,1,2,1,2,2,2,2,2,2,2,1,2,2,2,2,2,1,1,1,2,2,0,0,0
2008,6,75,1,61054,1,9,2,2,1,2,4,2,1,1,1,2,1,2,2,2,2,1,2,2,3,2,2,2,2,2,2,2,2,2,2,0,0,0
2008,6,103,1,61055,1,9,1,2,4,2,4,2,1,2,1,2,1,2,2,2,2,2,1,2,1,2,2,2,2,2,1,1,1,2,2,0,0,0
2008,6,61,1,61056,1,9,2,2,1,2,3,2,1,2,1,2,1,2,2,2,1,2,2,2,3,2,2,2,2,2,2,2,2,2,2,0,0,0
2008,6,71,1,61057,1,9,1,1,4,2,1,2,1,1,2,2,1,2,2,2,2,2,1,2,2,2,2,2,2,1,2,2,1,2,2,0,0,0
2008,6,37,2,61058,1,9,2,1,1,2,1,2,2,2,2,2,3,2,2,1,2,2,2,2,3,2,2,2,2,2,2,2,2,2,2,0,0,0
2008,6,71,1,61059,1,9,1,1,1,2,1,2,2,2,1,2,2,1,1,1,2,2,2,2,3,2,2,2,2,2,2,2,2,2,2,0,0,0
2008,6,71,1,61060,1,9,1,1,1,2,1,2,3,2,1,2,3,1,2,2,2,2,2,2,1,2,2,2,2,2,2,2,2,2,2,0,0,0
2008,6,71,1,61061,1,9,2,2,4,2,6,3,1,1,1,2,1,2,2,2,1,2,2,2,3,1,1,1,1,2,2,1,2,2,2,0,0,0
2008,6,37,1,61062,1,9,2,1,1,2,1,2,6,1,1,2,3,1,2,2,2,2,2,2,3,2,2,2,2,2,1,1,2,2,2,0,0,0
2008,6,37,1,61063,1,9,2,2,4,2,6,2,1,1,2,2,1,2,2,2,1,2,2,2,3,2,2,2,2,2,2,2,1,1,2,0,0,0
2008,6,71,1,61064,1,9,1,1,1,2,1,2,1,1,2,2,1,2,2,2,2,2,1,2,2,2,2,2,2,2,2,2,2,2,2,0,0,0
2008,6,83,1,61065,1,9,1,2,1,2,4,2,5,1,2,2,3,2,2,2,2,2,2,2,1,2,2,2,2,2,2,2,1,2,2,0,0,0
2008,6,37,1,61066,1,9,2,2,1,2,2,2,5,2,2,2,2,2,2,2,2,2,2,2,1,2,2,2,2,2,1,1,2,2,2,0,0,0
2008,6,45,1,61067,1,9,1,2,1,2,4,2,1,2,2,2,1,2,2,2,1,2,2,2,1,2,2,2,2,2,2,2,2,2,2,0,0,0
2008,6,23,1,61068,1,9,1,2,4,2,5,2,1,2,2,2,1,2,2,2,2,2,1,2,1,2,2,2,2,2,2,2,1,2,2,0,0,0
2008,6,71,2,61069,1,9,2,2,1,1,3,1,4,2,1,2,2,2,2,2,2,2,2,2,1,2,2,1,1,2,2,1,2,2,2,0,0,0
2008,6,3,1,61070,1,9,1,2,4,2,6,2,1,1,2,2,1,2,2,2,2,2,1,2,1,2,2,2,2,2,2,2,1,2,2,0,0,0
2008,6,37,1,61071,1,9,2,2,1,1,4,1,1,1,1,2,1,2,2,2,1,2,2,2,3,2,2,2,2,2,2,2,2,2,2,0,0,0
2008,6,99,1,61072,1,9,2,2,1,2,4,2,2,1,2,1,2,2,2,1,2,2,1,2,1,2,2,2,2,2,1,1,2,2,2,0,0,0
2008,6,77,1,61073,1,9,1,2,1,2,4,2,2,1,2,2,3,1,2,1,2,2,2,2,3,2,2,2,2,2,2,2,2,1,2,0,0,0
2008,6,91,1,61074,1,9,1,2,2,2,4,2,1,1,2,2,2,2,1,1,2,2,2,2,3,2,2,2,2,2,2,2,1,1,2,0,0,0
2008,6,23,1,61075,1,9,1,2,1,2,5,2,5,1,1,2,2,2,1,2,2,2,2,2,3,2,2,2,2,2,2,2,1,1,2,0,0,0
2008,6,75,1,61076,1,9,2,1,1,2,1,3,2,2,1,2,2,1,2,1,1,2,2,2,3,2,2,2,2,2,2,2,2,2,2,0,0,0
2008,6,39,1,61077,1,9,1,2,4,2,3,2,1,2,1,1,1,2,2,2,2,2,1,2,3,2,2,2,2,2,2,2,2,2,2,0,0,0
2008,6,65,1,61078,1,9,2,2,1,1,3,1,2,1,1,2,2,2,1,2,2,2,2,2,3,2,2,2,2,2,2,2,2,2,2,0,0,0
2008,6,33,1,61079,1,9,2,2,1,1,2,1,4,1,1,2,2,2,2,2,2,2,2,2,3,2,2,2,2,1,2,2,2,1,2,0,0,0
2008,6,37,1,61080,1,9,2,2,1,1,4,1,1,1,1,2,1,2,2,2,1,2,2,2,3,2,2,2,2,2,2,2,2,2,2,0,0,0
2008,6,37,1,61081,1,9,2,2,1,1,3,1,4,2,1,2,2,2,1,1,2,2,2,2,1,1,1,1,1,2,1,1,2,2,2,0,0,0
2008,6,71,1,61082,1,9,1,1,4,2,1,2,1,2,2,2,1,2,2,2,2,2,1,2,3,2,2,2,2,2,2,2,1,2,2,0,0,0
2008,6,71,1,61083,1,9,1,1,1,2,1,2,5,1,2,2,2,2,2,2,2,2,1,2,3,1,1,1,1,1,2,1,2,2,2,0,0,0
2008,6,71,1,61084,1,9,2,2,1,2,6,2,1,2,1,2,2,2,2,2,1,2,2,2,2,2,2,2,2,2,2,2,2,2,2,0,0,0
2008,6,73,1,61085,1,9,2,2,4,2,6,2,1,2,1,2,1,2,2,2,2,2,1,2,1,2,2,2,2,2,2,2,1,2,2,0,0,0
2008,6,111,1,61086,1,9,1,2,4,2,6,2,1,1,1,2,1,2,2,2,2,2,2,2,2,2,2,2,2,2,2,2,1,2,2,0,0,0
2008,6,37,1,61087,1,9,2,2,1,1,3,1,4,2,2,2,2,2,2,2,2,2,2,2,2,2,2,2,2,1,2,2,2,2,2,0,0,0
2008,6,71,1,61088,1,9,2,2,4,1,6,1,1,1,1,2,1,2,2,1,2,2,2,2,2,2,2,2,2,2,2,2,2,2,2,0,0,0
2008,6,77,1,61089,1,9,2,2,1,1,3,1,1,2,1,2,1,2,2,2,1,2,2,2,3,2,2,2,2,2,2,2,2,2,2,0,0,0
2008,6,71,1,61090,1,9,2,2,1,1,4,1,4,1,1,2,2,2,2,2,2,2,2,2,2,1,2,1,2,2,2,2,2,2,2,0,0,0
2008,6,71,1,61091,1,9,2,2,4,2,2,3,1,2,2,2,1,2,2,2,2,2,1,2,2,2,2,2,2,1,2,2,1,2,2,0,0,0
2008,6,79,1,61092,1,9,1,2,1,2,3,2,3,2,2,2,2,1,2,2,2,2,1,2,3,2,2,2,2,2,2,2,1,2,2,0,0,0
2008,6,71,1,61093,1,9,2,1,1,2,1,3,1,1,2,2,2,1,1,1,2,2,2,2,3,2,2,2,2,2,2,2,2,2,2,0,0,0
2008,6,89,1,61094,1,9,2,2,1,2,6,2,1,2,1,2,1,2,1,1,2,2,2,2,1,2,2,2,2,2,2,2,2,2,2,0,0,0
2008,6,107,2,61095,1,9,1,2,1,1,4,1,4,2,2,2,3,2,2,2,2,2,2,2,1,2,2,2,2,2,2,2,2,2,2,0,0,0
2008,6,59,1,61096,1,9,2,2,3,2,3,2,1,1,1,2,1,2,2,1,2,2,2,2,1,2,2,2,2,2,2,2,1,2,2,0,0,0
2008,6,37,1,61097,1,9,2,2,1,1,2,1,4,2,2,2,2,2,2,2,2,2,2,2,3,1,1,1,1,2,2,1,2,2,2,0,0,0
2008,6,19,1,61098,1,9,1,2,2,2,5,2,1,2,1,2,1,2,2,2,2,2,1,2,2,1,1,1,1,2,2,1,1,1,2,0,0,0
2008,6,37,1,61099,1,9,2,2,4,2,3,2,1,2,1,2,1,2,2,1,2,2,2,2,1,1,1,1,1,2,2,1,1,2,2,0,0,0
2008,6,77,1,61100,1,9,1,2,1,2,3,2,1,2,1,2,1,2,2,2,1,2,2,2,3,2,2,2,2,2,1,1,2,2,2,0,0,0
2008,6,83,1,61101,1,9,2,2,1,1,3,1,1,1,1,2,1,2,2,2,1,2,2,2,3,2,2,2,2,1,2,2,2,2,2,0,0,0
2008,6,37,1,61102,1,9,2,2,1,2,4,2,1,1,1,2,2,1,1,1,2,2,2,2,1,2,2,2,2,2,2,2,2,1,2,0,0,0
2008,6,67,1,61103,1,9,1,2,1,2,5,2,1,2,1,1,1,2,2,1,2,1,2,2,2,2,2,2,2,2,1,1,2,2,2,0,0,0
2008,6,77,2,61104,1,9,1,2,4,2,4,3,1,1,1,2,1,2,2,2,1,2,2,2,3,2,2,2,2,2,1,1,1,2,2,0,0,0
2008,6,53,1,61105,1,9,2,2,2,1,5,1,1,2,1,2,1,2,2,1,2,2,1,2,2,2,2,2,2,2,1,1,2,2,2,0,0,0
2008,6,45,1,61106,1,9,1,2,2,2,3,2,1,2,1,2,1,2,2,2,2,2,2,2,2,2,2,2,2,2,1,1,1,2,2,0,0,0
2008,6,19,2,61107,1,9,2,2,4,2,2,3,1,3,1,2,1,2,2,1,2,2,2,2,1,2,2,2,2,2,2,2,1,2,2,0,0,0
2008,6,99,2,61108,1,9,1,2,3,2,3,2,1,1,1,2,1,2,2,1,2,2,2,2,2,2,2,2,2,2,2,2,1,2,2,0,0,0
2008,6,59,1,61109,1,9,2,2,4,2,3,2,1,2,1,2,1,2,2,1,2,2,2,2,2,2,2,2,2,2,1,1,1,2,2,0,0,0
2008,6,45,1,61110,1,9,1,2,4,2,4,2,1,2,1,2,1,2,2,2,2,2,2,2,1,2,2,2,2,2,2,2,1,2,2,0,0,0
2008,6,37,1,61111,1,9,2,2,1,2,3,2,1,1,1,2,1,2,2,2,2,1,2,2,3,2,2,2,2,2,2,2,2,2,2,0,0,0
2008,6,29,1,61112,1,9,2,2,1,1,4,1,1,2,2,1,1,2,2,2,1,2,2,2,3,2,2,2,2,2,2,2,2,2,2,0,0,0
2008,6,19,1,61113,1,9,2,2,4,2,4,2,1,2,2,2,1,2,2,2,2,2,1,2,1,2,2,2,2,2,2,2,1,2,2,0,0,0
2008,6,29,1,61114,1,9,1,2,1,1,4,1,4,2,2,2,2,2,2,2,2,2,1,2,3,2,2,2,2,2,2,2,2,2,2,0,0,0
2008,6,67,1,61115,1,9,2,2,3,2,3,2,1,2,2,2,1,2,2,1,2,2,2,2,2,2,2,2,2,2,2,2,1,2,2,0,0,0
2008,6,65,1,61116,1,9,1,2,1,2,5,2,5,2,2,2,3,2,2,2,2,2,1,2,1,2,2,1,1,2,2,1,1,2,2,0,0,0
2008,6,57,1,61117,1,9,1,2,2,2,5,2,1,1,2,2,1,2,1,2,2,2,2,2,1,2,2,2,2,2,2,2,1,2,2,0,0,0
2008,6,85,1,61118,1,9,2,2,3,1,3,1,1,2,2,2,1,2,2,2,2,2,2,2,2,2,2,2,2,2,2,2,2,2,2,0,0,0
2008,6,37,1,61119,1,9,2,1,1,2,1,2,5,2,2,2,3,2,2,2,2,2,2,2,1,2,2,2,2,2,2,2,2,2,2,0,0,0
2008,6,37,2,61120,1,9,1,2,2,2,3,2,1,2,2,2,1,2,2,2,2,2,1,2,1,2,2,2,2,2,2,2,1,2,2,0,0,0
2008,6,47,1,61121,1,9,1,2,1,2,4,2,3,1,1,2,2,1,2,2,2,2,2,2,1,2,2,2,2,2,2,2,1,2,2,0,0,0
2008,6,37,1,61122,1,9,2,2,1,1,4,1,4,2,1,2,2,2,2,2,2,2,1,2,1,2,2,2,2,2,1,1,2,2,2,0,0,0
2008,6,65,1,61123,1,9,2,1,1,2,1,2,1,2,1,2,2,2,2,2,1,2,2,2,3,2,2,2,2,2,1,1,2,2,2,0,0,0
2008,6,37,1,61124,1,9,1,2,1,1,5,1,4,1,1,2,2,2,2,2,2,2,2,2,3,2,2,2,2,2,2,2,2,2,2,0,0,0
2008,6,65,1,61125,1,9,1,2,1,1,5,1,2,1,1,2,3,2,2,1,2,2,2,2,3,2,2,2,2,2,2,2,2,2,2,0,0,0
2008,6,65,3,61126,1,9,1,2,1,2,5,2,3,2,2,1,2,2,2,2,2,2,1,2,3,2,2,2,2,2,2,2,1,2,2,0,0,0
2008,6,1,2,61127,1,9,2,1,4,2,1,3,1,1,1,2,2,2,2,2,2,2,2,2,3,2,2,2,2,1,2,2,1,2,2,0,0,0
2008,6,79,1,61128,1,9,1,2,1,2,3,2,3,1,1,2,2,2,2,2,2,2,1,2,3,2,2,2,2,1,2,2,1,2,2,0,0,0
2008,6,111,1,61129,1,9,2,2,1,2,2,2,2,2,2,2,3,2,2,2,2,2,2,2,1,1,1,1,1,2,2,1,2,2,2,0,0,0
2008,6,59,2,61130,1,9,2,2,4,2,4,3,1,1,2,2,1,2,2,1,2,2,1,2,2,2,2,2,2,1,2,2,1,2,2,0,0,0
2008,6,37,1,61131,1,9,2,2,1,2,4,2,1,2,2,1,1,2,2,2,2,1,2,2,1,2,2,2,2,2,2,2,2,2,2,0,0,0
2008,6,65,1,61132,1,9,1,2,1,2,4,2,3,2,2,2,2,2,1,1,2,2,2,2,3,2,2,2,2,2,2,2,1,2,2,0,0,0
2008,6,85,1,61133,1,9,2,2,4,2,2,3,1,1,2,2,1,2,1,2,2,2,2,2,1,2,2,2,2,2,2,2,1,2,2,0,0,0
2008,6,65,1,61134,1,9,2,1,1,2,1,2,1,1,2,2,1,2,1,2,2,2,2,2,2,2,2,2,2,2,2,2,2,2,2,0,0,0
2008,6,69,1,61135,1,9,1,2,1,2,4,2,2,1,2,2,3,2,1,1,2,2,2,2,3,1,1,1,1,2,2,1,1,2,2,0,0,0
2008,6,57,1,61136,1,9,1,1,4,2,1,2,1,2,2,2,1,2,2,2,2,2,1,2,2,2,2,2,2,1,2,2,1,2,2,0,0,0
2008,6,47,2,61137,1,9,2,2,4,2,6,2,6,2,2,2,1,2,2,1,2,2,2,2,2,1,1,1,1,2,2,1,1,2,2,0,0,0
2008,6,29,1,61138,1,9,2,2,1,2,3,2,1,2,1,1,1,2,2,2,1,2,2,2,2,2,2,2,2,2,1,1,2,1,2,0,0,0
2008,6,113,1,61139,1,9,1,2,1,1,5,1,4,1,1,2,2,1,2,2,2,2,1,2,1,2,2,2,2,1,1,1,2,2,2,0,0,0
2008,6,37,1,61140,1,9,2,2,1,2,5,2,1,2,1,1,1,2,2,2,1,2,2,2,3,2,2,2,2,2,2,2,2,2,2,0,0,0
2008,6,81,1,61141,1,9,2,2,1,1,5,1,4,2,1,1,2,2,2,2,2,2,2,2,3,2,2,2,2,2,2,2,2,2,2,0,0,0
2008,6,99,1,61142,1,9,1,1,1,2,1,2,2,2,1,2,2,1,2,1,2,2,2,2,3,2,2,2,2,2,2,2,2,1,2,0,0,0
2008,6,65,1,61143,1,9,1,2,1,2,4,2,1,2,1,2,1,2,2,2,2,2,1,2,2,2,2,2,2,2,2,2,1,2,2,0,0,0
2008,6,13,1,61144,1,9,2,2,1,2,4,2,5,1,1,2,3,1,2,2,2,2,2,2,3,2,2,2,2,2,2,2,1,2,2,0,0,0
2008,6,99,1,61145,1,9,2,2,1,2,6,2,1,1,1,1,1,2,2,2,1,2,2,2,3,2,2,2,2,2,2,2,2,2,2,0,0,0
2008,6,13,1,61146,1,9,2,2,1,2,6,2,1,1,1,2,1,2,2,2,2,1,2,2,2,2,2,2,2,2,2,2,2,1,2,0,0,0
2008,6,67,1,61147,1,9,2,2,1,2,6,2,1,2,1,2,1,2,1,2,2,2,2,2,1,2,2,2,2,2,2,2,1,2,2,0,0,0
2008,6,1,1,61148,1,9,2,1,1,2,1,2,1,2,1,2,1,2,1,2,2,2,2,2,2,2,2,2,2,2,2,2,2,2,2,0,0,0
2008,6,73,1,61149,1,9,1,1,4,2,1,2,1,1,1,2,1,2,2,2,2,2,1,2,2,2,2,2,2,2,2,2,2,2,2,0,0,0
2008,6,37,1,61150,1,9,2,2,1,1,3,1,1,1,1,2,2,1,1,2,2,2,2,2,3,2,2,2,2,2,2,2,2,2,2,0,0,0
2008,6,31,1,61151,1,9,2,2,1,1,2,1,3,1,1,2,3,1,2,2,2,2,2,2,3,2,2,2,2,2,2,2,2,2,2,0,0,0
2008,6,71,1,61152,1,9,1,2,4,2,5,2,1,1,1,2,1,2,2,1,2,2,1,2,2,2,2,2,2,2,2,2,1,2,2,0,0,0
2008,6,83,1,61153,1,9,1,2,1,2,5,2,3,2,2,2,2,2,2,2,2,2,2,2,1,2,2,2,2,1,2,2,1,2,2,0,0,0
2008,6,47,2,61154,1,9,1,1,1,2,1,2,1,2,2,2,1,2,2,2,2,2,1,2,2,1,1,1,1,2,2,1,1,2,1,0,0,0
2008,6,37,1,61155,1,9,2,2,1,2,2,2,1,2,2,1,2,2,2,2,2,2,2,2,3,2,2,2,2,2,1,1,2,2,2,0,0,0
2008,6,79,1,61156,1,9,1,2,1,2,4,2,1,1,2,2,1,2,2,2,2,2,1,2,2,2,2,2,2,2,2,2,1,2,1,0,0,0
2008,6,87,3,61157,1,9,1,2,1,2,4,2,4,1,2,2,3,1,2,1,2,2,2,2,3,2,2,2,2,2,1,1,1,2,2,0,0,0
2008,6,73,1,61158,1,9,1,2,2,2,5,2,1,1,2,2,1,2,2,2,1,2,2,2,1,2,2,2,2,2,2,2,1,2,2,0,0,0
2008,6,73,1,61159,1,9,1,2,1,2,5,2,4,1,2,2,2,2,1,1,2,2,2,2,1,2,2,2,2,2,2,2,1,2,2,0,0,0
2008,6,41,1,61160,1,9,2,2,2,2,2,2,1,2,2,1,1,2,2,2,1,2,2,2,1,2,2,2,2,2,2,2,1,2,2,0,0,0
2008,6,37,1,61161,1,9,2,2,4,2,3,2,1,2,2,2,1,2,2,1,2,2,2,2,1,2,2,2,2,2,1,1,1,2,2,0,0,0
2008,6,59,1,61162,1,9,2,2,3,1,3,1,1,2,2,2,1,2,1,2,2,2,2,2,1,2,2,2,2,2,2,2,2,2,2,0,0,0
2008,6,65,1,61163,1,9,1,2,1,1,3,1,4,2,2,2,2,2,2,2,2,2,1,2,3,2,2,2,2,2,2,2,2,2,2,0,0,0
2008,6,89,1,61164,1,9,1,1,1,2,1,2,1,2,2,2,1,2,2,2,1,2,2,2,3,2,2,2,2,2,2,2,2,2,2,0,0,0
2008,6,71,1,61165,1,9,1,2,4,2,5,2,1,3,2,2,1,2,1,2,2,2,2,2,1,2,2,2,2,2,2,2,1,2,2,0,0,0
2008,6,73,1,61166,1,9,1,2,4,2,3,2,1,2,2,2,1,2,2,2,2,2,1,2,1,2,2,2,2,2,2,2,1,2,2,0,0,0
2008,6,71,1,61167,1,9,2,2,4,2,5,2,1,2,2,2,1,2,2,2,2,2,1,2,1,2,2,2,2,2,2,2,1,2,2,0,0,0
2008,6,71,1,61168,1,9,1,2,1,2,4,2,1,2,2,2,1,2,2,2,2,2,1,2,1,2,2,2,2,2,2,2,1,2,2,0,0,0
2008,6,37,1,61169,1,9,2,2,1,2,5,2,1,2,2,1,1,2,2,2,1,2,2,2,3,2,2,2,2,2,2,2,2,2,2,0,0,0
2008,6,13,1,61170,1,9,2,2,4,2,3,2,1,1,2,2,1,2,1,2,2,2,2,2,1,2,2,2,2,2,2,2,1,2,2,0,0,0
2008,6,103,1,61171,1,9,1,2,4,2,4,2,1,2,2,2,1,2,2,1,2,2,2,2,2,2,2,1,1,2,2,1,1,1,2,0,0,0
2008,6,71,1,61172,1,9,2,1,1,2,1,2,1,2,2,2,1,2,2,2,2,2,1,2,3,2,2,2,2,2,2,2,1,1,2,0,0,0
2008,6,65,1,61173,1,9,1,1,3,2,1,2,1,2,2,2,1,2,2,2,2,2,1,2,2,2,2,2,2,2,2,2,1,2,2,0,0,0
2008,6,77,1,61174,1,9,1,2,1,2,3,2,1,2,2,2,1,1,2,2,1,2,2,2,3,2,2,2,2,2,2,2,2,2,2,0,0,0
2008,6,19,1,61175,1,9,2,2,1,1,4,1,4,2,1,2,2,2,1,2,2,2,2,2,1,2,2,2,2,2,2,2,2,1,2,0,0,0
2008,6,107,1,61176,1,9,1,2,1,1,6,1,4,1,1,2,2,1,2,2,2,2,2,2,3,2,2,2,2,2,2,2,2,2,2,0,0,0
2008,6,65,1,61177,1,9,1,2,1,1,4,1,4,1,1,2,3,2,2,2,2,2,2,2,1,2,2,2,2,2,2,2,2,2,2,0,0,0
2008,6,65,1,61178,1,9,2,2,3,2,3,2,1,2,1,2,1,2,1,2,2,2,2,2,2,2,2,2,2,2,2,2,1,2,2,0,0,0
2008,6,61,2,61179,1,9,1,2,4,2,6,2,1,3,1,2,1,2,2,2,2,2,2,2,2,2,2,2,2,2,2,2,1,2,2,0,0,0
2008,6,37,1,61180,1,9,2,2,1,1,3,1,1,1,1,2,1,2,2,2,2,1,2,2,3,2,2,2,2,2,2,2,2,2,2,0,0,0
2008,6,5,1,61181,1,9,1,2,1,2,5,2,1,1,1,2,1,2,1,2,2,2,2,2,2,2,2,2,2,2,2,2,2,2,2,0,0,0
2008,6,29,1,61182,1,9,1,2,1,2,3,2,2,1,1,2,2,2,2,1,2,2,1,2,3,2,2,2,2,2,2,2,2,2,2,0,0,0
2008,6,93,1,61183,1,9,1,2,4,2,5,2,1,1,1,2,1,1,2,2,2,2,1,2,3,2,2,2,2,1,2,2,1,2,2,0,0,0
2008,6,111,1,61184,1,9,2,2,4,2,4,2,1,1,1,1,1,2,2,2,2,2,2,2,3,2,2,2,2,2,2,2,1,2,2,0,0,0
2008,6,107,1,61185,1,9,2,2,4,2,4,2,1,1,1,2,1,2,1,1,2,2,2,2,2,1,1,1,1,2,2,1,1,2,2,0,0,0
2008,6,81,1,61186,1,9,2,2,1,1,6,1,1,1,1,2,1,2,2,2,2,1,2,2,3,2,2,2,2,2,2,2,2,2,2,0,0,0
2008,6,37,1,61187,1,9,2,2,4,2,6,3,1,1,1,1,1,2,2,2,1,2,2,2,3,2,2,2,2,1,2,2,2,2,2,0,0,0
2008,6,59,1,61188,1,9,2,1,4,2,1,3,1,1,1,2,1,2,1,1,2,2,2,2,2,1,1,1,1,2,2,1,1,2,2,0,0,0
2008,6,77,1,61189,1,9,1,2,1,2,6,3,4,2,1,2,2,2,2,1,1,2,2,2,1,2,2,2,2,2,1,1,2,2,2,0,0,0
2008,6,103,1,61190,1,9,1,2,1,2,6,2,1,1,1,2,1,2,2,2,1,2,2,2,3,2,2,2,2,2,2,2,2,2,2,0,0,0
2008,6,37,1,61191,1,9,2,2,1,2,2,2,5,1,1,2,2,1,2,2,2,2,1,2,3,2,2,2,2,2,2,2,2,2,2,0,0,0
2008,6,11,1,61192,1,9,1,2,1,2,4,2,4,1,1,2,3,2,2,2,2,2,2,2,3,2,2,2,2,2,2,2,1,2,2,0,0,0
2008,6,37,1,61193,1,9,2,2,1,2,4,2,1,2,1,1,1,2,2,2,2,1,2,2,3,2,2,2,2,1,2,2,2,2,2,0,0,0
2008,6,65,1,61194,1,9,2,2,4,2,3,2,1,2,1,2,1,2,2,2,2,2,1,2,1,2,2,2,2,2,2,2,1,2,2,0,0,0
2008,6,37,3,61195,1,9,2,1,1,2,1,2,3,2,1,2,2,2,2,2,2,2,2,2,1,2,2,1,1,2,2,1,2,2,2,0,0,0
2008,6,23,1,61196,1,9,1,2,4,2,5,2,1,1,1,2,1,2,2,1,2,2,2,2,2,2,2,2,2,1,2,2,1,2,2,0,0,0
2008,6,29,1,61197,1,9,1,2,1,1,3,1,4,1,1,2,2,2,2,2,2,2,2,2,3,2,2,2,2,2,2,2,2,2,2,0,0,0
2008,6,67,1,61198,1,9,2,2,4,2,2,3,1,1,1,2,3,2,2,2,2,2,1,2,3,2,2,2,2,1,2,2,1,2,2,0,0,0
2008,6,19,1,61199,1,9,2,2,6,2,4,2,4,1,1,2,2,2,1,2,2,2,2,2,3,2,2,2,2,1,2,2,2,2,2,0,0,0
2008,6,73,1,61200,1,9,2,2,4,2,5,2,2,1,1,2,1,2,2,2,2,2,2,2,2,2,2,2,2,2,2,2,1,2,2,0,0,0
2008,6,13,1,61201,1,9,2,1,1,2,1,2,2,2,2,2,2,2,1,1,2,2,2,2,3,2,2,2,2,2,1,1,2,2,2,0,0,0
2008,6,37,2,61202,1,9,2,2,4,2,3,2,1,2,2,1,1,2,2,1,1,2,2,2,3,1,1,1,1,2,2,1,1,2,2,0,0,0
2008,6,77,1,61203,1,9,2,2,1,1,5,1,7,2,2,2,2,2,2,1,2,2,2,2,3,1,1,1,1,2,2,1,2,2,2,0,0,0
2008,6,29,1,61204,1,9,1,2,4,2,6,2,1,2,2,2,1,2,1,1,2,2,2,1,1,2,2,2,2,2,2,2,1,2,2,0,0,0
2008,6,73,1,61205,1,9,2,1,1,2,1,2,4,2,2,2,2,2,2,1,2,2,2,2,1,2,2,2,2,2,1,1,2,2,2,0,0,0
2008,6,107,1,61206,1,9,1,2,4,2,3,2,1,1,2,2,1,2,2,1,2,2,1,2,3,2,2,2,2,2,2,2,1,2,2,0,0,0
2008,6,59,1,61207,1,9,1,2,4,2,6,2,1,1,2,2,1,2,1,2,2,2,2,2,1,2,2,2,2,2,2,2,1,2,2,0,0,0
2008,6,5,2,61208,1,9,1,2,1,2,4,2,3,1,2,2,2,2,2,2,2,2,1,2,2,1,1,1,1,2,2,1,1,2,2,0,0,0
2008,6,71,1,61209,1,9,1,2,4,2,4,2,1,1,2,2,1,2,2,2,2,2,1,2,3,2,2,2,2,2,1,1,1,2,2,0,0,0
2008,6,65,3,61210,1,9,2,2,4,2,5,2,1,2,2,2,1,2,2,1,2,2,2,2,1,1,1,1,1,2,2,1,1,2,2,0,0,0
2008,6,67,1,61211,1,9,2,1,1,2,1,2,1,2,2,2,1,2,2,2,1,2,2,2,3,2,2,2,2,2,2,2,2,2,2,0,0,0
2008,6,83,1,61212,1,9,1,2,4,2,6,2,2,2,2,2,1,2,1,2,2,2,2,2,3,2,2,2,2,2,2,2,1,2,2,0,0,0
2008,6,97,1,61213,1,9,1,2,4,2,4,2,1,2,2,2,1,2,2,2,2,2,2,2,1,2,2,2,2,2,2,2,1,2,2,0,0,0
2008,6,13,1,61214,1,9,2,2,4,2,2,2,1,2,2,2,1,2,2,1,2,2,1,2,1,2,2,2,2,2,2,2,1,2,2,0,0,0
2008,6,13,1,61215,1,9,2,2,4,2,2,2,1,2,2,2,1,2,2,2,2,2,1,2,3,2,2,2,2,2,1,1,1,2,1,0,0,0
2008,6,39,2,61216,1,9,1,2,4,2,5,2,1,1,2,2,1,2,2,2,2,2,1,2,3,2,2,2,2,2,2,2,2,2,2,0,0,0
2008,6,59,1,61217,1,9,2,2,1,2,3,2,5,1,2,2,3,2,1,2,2,2,2,2,3,2,2,2,2,1,2,2,1,2,1,0,0,0
2008,6,73,1,61218,1,9,1,2,1,2,4,2,1,1,2,2,1,2,1,1,2,2,2,2,2,2,2,2,2,2,2,2,2,2,2,0,0,0
2008,6,71,1,61219,1,9,1,1,1,2,1,2,2,1,2,2,2,1,2,2,2,2,2,2,3,2,2,2,2,1,2,2,2,2,2,0,0,0
2008,6,65,1,61220,1,9,2,2,4,2,6,2,1,2,2,2,1,2,2,2,2,2,2,2,2,2,2,2,2,2,2,2,2,2,2,0,0,0
2008,6,101,1,61221,1,9,1,2,4,2,5,2,1,2,2,2,1,2,2,1,2,2,2,2,2,2,2,2,2,2,2,2,1,2,2,0,0,0
2008,6,29,1,61222,1,9,2,2,4,2,3,2,1,2,1,2,1,2,1,1,2,2,2,2,1,2,2,2,2,2,2,2,1,2,2,0,0,0
2008,6,109,1,61223,1,9,1,2,4,2,4,2,1,2,1,1,1,2,2,1,2,2,1,1,2,2,2,2,2,2,1,1,1,2,2,0,0,0
2008,6,99,1,61224,1,9,1,2,1,2,4,2,3,1,1,2,2,1,2,2,2,2,2,2,3,1,1,1,1,2,2,1,1,2,2,0,0,0
2008,6,37,1,61225,1,9,2,2,1,2,4,2,1,1,1,2,1,2,2,2,2,1,2,2,2,2,2,2,2,2,2,2,2,2,2,0,0,0
2008,6,37,1,61226,1,9,1,1,2,2,1,2,1,1,1,2,1,2,2,2,2,2,2,2,3,2,2,2,2,2,2,2,1,2,2,0,0,0
2008,6,111,2,61227,1,9,1,2,1,2,3,2,3,1,1,2,2,2,2,2,2,2,1,2,2,2,2,2,2,2,1,1,1,2,2,0,0,0
2008,6,23,1,61228,1,9,1,2,2,2,4,3,1,2,2,1,1,2,2,2,2,2,1,2,3,2,2,2,2,2,2,2,1,2,2,0,0,0
2008,6,73,1,61229,1,9,2,2,1,2,6,2,5,2,1,2,1,2,1,1,2,2,2,2,1,2,2,2,2,2,1,1,2,2,2,0,0,0
2008,6,37,1,61230,1,9,2,2,1,1,3,1,1,1,1,1,1,2,2,2,1,2,2,2,3,2,2,2,2,2,2,2,2,2,2,0,0,0
2008,6,37,1,61231,1,9,2,1,1,2,1,2,5,1,1,2,3,1,1,2,2,2,2,2,3,2,2,2,2,2,2,2,2,2,2,0,0,0
2008,6,93,1,61232,1,9,1,2,4,2,5,2,1,1,1,2,1,2,2,2,2,2,2,2,3,2,2,2,2,2,2,2,1,2,2,0,0,0
2008,6,93,2,61233,1,9,1,2,4,2,6,2,1,2,2,2,1,2,2,1,2,2,2,2,1,2,2,1,1,2,2,1,1,2,2,0,0,0
2008,6,37,1,61234,1,9,2,2,1,1,3,1,1,2,1,2,1,2,2,2,1,2,2,2,3,2,2,2,2,2,2,2,2,2,2,0,0,0
2008,6,19,1,61235,1,9,1,2,1,2,4,2,2,2,1,2,2,1,2,1,2,2,2,2,3,2,2,2,2,2,2,2,2,2,2,0,0,0
2008,6,37,1,61236,1,9,2,2,1,2,5,2,2,2,1,2,2,1,2,1,2,2,2,2,1,2,2,2,2,2,2,2,2,2,2,0,0,0
2008,6,59,1,61237,1,9,2,1,4,2,1,2,1,2,1,2,1,2,2,2,2,2,2,2,2,2,2,2,2,2,1,1,1,2,2,0,0,0
2008,6,45,1,61238,1,9,1,2,1,1,3,1,2,1,1,2,2,2,2,1,2,2,1,2,3,1,1,1,1,2,2,1,2,2,2,0,0,0
2008,6,37,1,61239,1,9,1,2,1,2,3,2,1,1,1,2,1,2,1,1,2,2,2,2,2,2,2,2,2,2,2,2,2,2,2,0,0,0
2008,6,7,1,61240,1,9,2,2,1,2,3,2,1,1,1,2,1,2,2,2,1,2,2,2,3,2,2,2,2,2,2,2,2,2,2,0,0,0
2008,6,77,1,61241,1,9,2,2,1,1,4,1,4,1,1,2,2,1,2,2,2,2,1,2,3,2,2,2,2,1,2,2,2,2,2,0,0,0
2008,6,37,1,61242,1,9,2,2,1,1,5,1,1,2,1,2,1,2,2,2,1,2,2,2,2,2,2,2,2,2,2,2,2,2,2,0,0,0
2008,6,59,1,61243,1,9,2,2,1,1,6,1,1,2,1,2,1,1,2,2,2,1,2,2,2,2,2,2,2,2,2,2,2,2,2,0,0,0
2008,6,37,1,61244,1,9,2,2,4,2,4,2,1,2,2,2,1,2,2,1,2,2,2,2,1,1,1,1,1,2,2,1,1,2,2,0,0,0
2008,6,71,1,61245,1,9,2,1,3,2,1,2,1,2,2,2,2,2,2,2,2,2,2,2,1,1,1,1,1,2,2,1,1,2,2,0,0,0
2008,6,65,1,61246,1,9,2,1,1,2,1,3,1,1,1,2,1,2,1,1,2,2,2,1,2,1,1,1,1,2,2,1,2,2,2,0,0,0
2008,6,57,1,61247,1,9,1,1,4,2,1,2,1,1,1,2,1,2,2,1,2,2,1,2,3,2,2,2,2,2,2,2,1,2,2,0,0,0
2008,6,37,1,61248,1,9,2,1,1,2,1,2,1,2,1,1,3,2,2,2,1,2,2,2,3,2,2,1,1,2,2,1,2,2,2,0,0,0
2008,6,37,1,61249,1,9,2,2,1,1,3,1,4,2,2,2,2,2,1,2,2,2,2,2,3,2,2,2,2,2,2,2,2,2,2,0,0,0
2008,6,29,1,61250,1,9,1,2,1,2,5,2,1,2,2,2,1,2,1,2,2,2,2,2,2,2,2,2,2,2,2,2,2,2,2,0,0,0
2008,6,89,1,61251,1,9,1,2,4,2,4,2,1,1,2,2,1,2,2,2,2,2,1,2,3,2,2,2,2,2,2,2,1,1,2,0,0,0
2008,6,39,1,61252,1,9,2,2,4,2,2,2,1,1,2,2,1,2,2,2,2,2,1,2,2,2,2,2,2,2,2,2,1,2,2,0,0,0
2008,6,77,1,61253,1,9,1,2,1,2,6,2,1,2,2,2,1,2,2,2,1,2,2,2,3,2,2,2,2,1,2,2,2,2,2,0,0,0
2008,6,73,1,61254,1,9,2,2,1,2,2,2,1,2,1,2,2,2,2,2,1,2,2,2,3,2,2,2,2,2,2,2,2,2,2,0,0,0
2008,6,105,1,61255,1,9,1,2,4,2,6,2,1,3,3,2,1,2,2,2,2,2,1,2,3,2,2,2,2,2,2,2,1,2,2,0,0,0
2008,6,65,1,61256,1,9,1,2,1,1,6,1,4,1,1,2,2,2,1,2,2,2,2,2,3,1,1,1,1,2,2,1,2,2,2,0,0,0
2008,6,53,1,61257,1,9,1,2,4,2,6,2,1,2,2,2,1,2,2,2,2,2,1,2,3,2,2,2,2,2,2,2,1,2,2,0,0,0
2008,6,39,1,61258,1,9,1,2,1,1,3,1,4,1,1,2,2,2,2,2,2,2,2,2,3,2,2,2,2,1,2,2,2,2,2,0,0,0
2008,6,37,1,61259,1,9,2,2,1,2,6,2,1,2,2,2,1,2,2,2,1,2,2,2,2,2,2,2,2,2,1,1,2,2,2,0,0,0
2008,6,37,1,61260,1,9,2,2,4,2,4,2,1,2,2,2,1,2,2,1,2,2,1,2,1,2,2,2,2,2,2,2,1,2,2,0,0,0
2008,6,65,1,61261,1,9,1,1,1,2,1,2,1,2,1,1,1,2,2,2,2,2,1,2,2,2,2,2,2,2,2,2,1,2,2,0,0,0
2008,6,37,1,61262,1,9,2,2,4,2,2,2,1,1,1,2,1,2,2,2,2,2,2,2,1,2,2,2,2,2,2,2,1,2,2,0,0,0
2008,6,99,1,61263,1,9,1,2,1,2,3,2,4,1,1,2,2,2,2,2,2,2,2,2,3,2,2,2,2,1,2,2,2,2,2,0,0,0
2008,6,37,1,61264,1,9,2,2,1,1,3,1,4,1,1,2,2,2,1,2,2,2,2,2,3,2,2,2,2,1,2,2,2,2,2,0,0,0
2008,6,13,1,61265,1,9,2,2,3,2,3,2,1,2,1,2,1,2,1,2,2,2,2,2,1,2,2,2,2,2,2,2,1,2,2,0,0,0
2008,6,1,1,61266,1,9,2,2,2,2,2,3,1,2,1,2,1,2,2,2,2,2,2,2,1,1,1,1,1,2,2,1,1,2,2,0,0,0
2008,6,37,1,61267,1,9,1,2,1,2,3,2,3,2,1,2,2,1,2,2,2,2,2,2,1,2,2,2,2,2,2,2,1,2,2,0,0,0
2008,6,53,1,61268,1,9,1,2,4,2,3,2,1,2,2,2,1,2,2,2,2,2,1,2,2,2,2,2,2,2,1,1,1,2,2,0,0,0
2008,6,37,1,61269,1,9,2,2,1,2,3,2,1,2,2,2,1,2,2,2,1,2,2,2,3,2,2,2,2,1,2,2,2,2,2,0,0,0
2008,6,37,1,61270,1,9,2,2,1,1,3,1,4,2,2,2,2,2,1,2,2,2,2,2,3,2,2,2,2,2,2,2,2,2,2,0,0,0
2008,6,65,1,61271,1,9,2,1,4,2,1,2,1,2,2,2,1,2,2,1,2,2,2,2,3,2,2,2,2,2,1,1,1,2,2,0,0,0
2008,6,65,1,61272,1,9,1,2,1,2,3,2,3,2,2,2,2,2,2,2,2,2,1,2,1,2,2,2,2,2,2,2,2,2,2,0,0,0
2008,6,81,1,61273,1,9,2,1,1,2,1,2,3,2,2,2,2,2,2,2,2,2,1,2,1,2,2,2,2,2,2,2,2,2,2,0,0,0
2008,6,63,1,61274,1,9,1,2,1,2,4,2,1,2,2,2,1,2,1,2,2,2,2,2,3,2,2,2,2,2,2,2,2,2,2,0,0,0
2008,6,65,1,61275,1,9,1,2,2,2,5,2,1,2,2,2,1,2,2,2,2,2,1,2,1,2,2,2,2,2,1,1,1,2,2,0,0,0
2008,6,37,1,61276,1,9,1,2,2,2,5,2,1,1,2,2,1,2,1,2,2,2,2,2,2,2,2,2,2,2,2,2,1,2,2,0,0,0
2008,6,71,2,61277,1,9,1,2,1,2,5,2,2,1,1,2,2,1,2,1,2,2,2,2,3,2,2,2,2,1,2,2,2,2,2,0,0,0
2008,6,109,2,61278,1,9,1,2,2,2,3,2,1,1,1,2,1,2,1,2,2,2,2,2,1,2,2,2,2,2,2,2,1,2,2,0,0,0
2008,6,71,1,61279,1,9,2,1,4,2,1,3,1,1,1,2,1,2,2,1,2,2,2,2,2,2,2,2,2,2,2,2,1,2,2,0,0,0
2008,6,37,1,61280,1,9,2,2,1,1,3,1,4,1,1,2,2,2,2,2,2,2,1,2,3,2,2,2,2,2,2,2,2,1,2,0,0,0
2008,6,77,1,61281,1,9,1,2,1,1,5,1,4,1,1,2,2,2,2,2,2,2,2,2,3,2,2,2,2,1,2,2,2,2,2,0,0,0
2008,6,71,3,61282,1,9,1,2,1,2,5,2,3,1,1,2,2,2,2,2,2,2,2,2,2,1,1,1,1,2,2,1,1,1,2,0,0,0
2008,6,45,1,61283,1,9,1,2,4,2,6,2,1,2,1,2,1,2,2,1,2,2,2,2,3,1,1,1,1,2,2,1,1,2,2,0,0,0
2008,6,65,2,61284,1,9,2,2,1,2,2,2,2,1,1,2,2,2,1,1,2,2,2,2,3,1,1,1,1,2,2,1,2,2,2,0,0,0
2008,6,75,1,61285,1,9,2,1,1,2,1,2,1,2,1,1,1,2,2,2,1,2,2,2,3,2,2,2,2,2,2,2,2,2,2,0,0,0
2008,6,85,1,61286,1,9,2,2,3,2,3,2,1,2,2,2,1,2,1,2,2,2,2,2,1,2,2,2,2,2,2,2,1,2,2,0,0,0
2008,6,37,1,61287,1,9,2,2,1,2,4,2,3,2,2,2,2,2,2,2,2,2,2,2,3,2,2,1,1,2,2,1,2,2,2,0,0,0
2008,6,33,1,61288,1,9,1,2,2,2,5,2,1,2,2,2,1,2,2,2,2,2,2,2,1,2,2,2,2,2,1,1,1,2,2,0,0,0
2008,6,29,1,61289,1,9,1,2,1,1,5,1,4,1,2,2,2,2,2,2,2,2,2,2,3,2,2,2,2,2,2,2,2,1,2,0,0,0
2008,6,37,1,61290,1,9,1,2,4,2,5,2,1,1,2,2,2,2,1,1,2,2,2,2,3,2,2,2,2,2,2,2,1,2,2,0,0,0
2008,6,107,1,61291,1,9,1,2,4,2,5,2,1,3,1,2,1,2,2,2,2,2,1,2,1,2,2,2,2,2,2,2,1,2,2,0,0,0
2008,6,99,1,61292,1,9,2,2,2,2,3,2,1,1,1,2,1,2,2,1,2,2,1,2,2,1,1,1,1,2,2,1,1,2,2,0,0,0
2008,6,71,2,61293,1,9,2,1,2,2,1,2,1,1,2,2,1,2,2,2,2,2,2,2,2,2,2,2,2,1,2,2,1,2,2,0,0,0
2008,6,37,1,61294,1,9,2,2,3,1,4,1,1,1,2,2,1,2,2,1,2,2,2,2,2,2,2,2,2,2,2,2,2,2,2,0,0,0
2008,6,73,1,61295,1,9,2,2,2,2,2,2,1,1,2,2,1,2,2,2,2,2,1,2,2,2,2,2,2,2,2,2,2,2,2,0,0,0
2008,6,37,1,61296,1,9,2,2,1,1,4,1,4,1,1,2,2,2,2,2,2,2,2,2,3,2,2,2,2,2,2,2,2,2,2,0,0,0
2008,6,37,1,61297,1,9,2,2,1,2,4,2,3,2,2,2,2,1,2,2,2,2,2,2,1,2,2,2,2,2,2,2,1,2,2,0,0,0
2008,6,67,1,61298,1,9,2,2,4,2,5,2,1,1,1,2,1,2,2,2,2,2,2,2,2,2,2,2,2,2,2,2,1,2,2,0,0,0
2008,6,1,2,61299,1,9,2,1,1,2,1,2,1,1,1,2,3,1,2,2,2,2,2,2,3,2,2,2,2,2,1,1,2,2,2,0,0,0
2008,6,31,1,61300,1,9,1,2,1,2,4,2,3,1,2,2,3,2,2,2,2,2,1,2,1,2,2,2,2,2,2,2,1,2,2,0,0,0
2008,6,65,1,61301,1,9,2,1,1,2,1,2,5,2,2,2,3,1,1,1,2,2,2,2,1,2,2,2,2,2,1,1,2,2,2,0,0,0
2008,6,59,1,61302,1,9,2,1,2,2,1,2,1,2,2,2,1,2,2,2,2,2,2,2,1,2,2,2,2,2,2,2,1,2,2,0,0,0
2008,6,29,1,61303,1,9,1,1,2,2,1,2,1,2,2,2,1,2,2,2,2,2,2,2,2,2,2,2,2,2,2,2,1,2,2,0,0,0
2008,6,71,1,61304,1,9,2,2,2,2,6,3,1,2,2,2,1,2,2,1,2,2,2,2,2,2,2,2,2,2,2,2,1,2,2,0,0,0
2008,6,85,1,61305,1,9,2,2,1,2,2,2,5,1,1,2,2,2,2,2,2,2,1,2,3,2,2,2,2,2,1,1,2,2,2,0,0,0
2008,6,73,1,61306,1,9,1,2,1,1,4,1,4,1,1,2,2,2,1,1,2,2,2,2,3,2,2,2,2,2,2,2,2,2,2,0,0,0
2008,6,73,1,61307,1,9,1,2,2,2,5,2,1,1,2,2,1,2,2,2,2,2,2,2,1,2,2,2,2,2,2,2,1,2,2,0,0,0
2008,6,77,1,61308,1,9,2,2,1,2,6,2,1,1,2,1,1,2,2,2,1,2,2,2,3,2,2,2,2,2,2,2,2,2,2,0,0,0
2008,6,37,1,61309,1,9,1,2,2,2,5,2,1,1,2,2,1,2,1,2,2,2,2,2,1,2,2,2,2,2,2,2,1,2,2,0,0,0
2008,6,77,1,61310,1,9,1,2,4,2,5,2,1,2,2,2,1,2,2,1,2,2,2,2,1,2,2,2,2,2,1,1,1,2,2,0,0,0
2008,6,9,1,61311,1,9,1,2,2,2,6,2,1,3,2,2,1,2,2,1,2,2,1,2,1,2,2,2,2,2,2,2,1,2,2,0,0,0
2008,6,75,1,61312,1,9,2,2,1,1,6,1,4,2,2,2,2,2,1,2,2,2,2,2,3,2,2,2,2,2,1,1,2,2,2,0,0,0
2008,6,59,1,61313,1,9,2,2,1,1,4,1,1,2,2,2,1,2,2,2,1,2,2,2,2,2,2,2,2,1,2,2,2,2,2,0,0,0
2008,6,65,2,61314,1,9,1,2,4,2,4,2,1,2,2,2,1,2,2,1,2,2,1,2,1,2,2,2,2,2,2,2,1,2,2,1,0,1
2008,6,71,1,61315,1,9,1,2,4,2,5,2,1,1,2,2,1,2,2,2,2,2,1,2,2,2,2,2,2,2,2,2,1,2,2,0,0,0
2008,6,13,1,61316,1,9,2,2,1,1,3,1,3,1,2,2,2,2,1,2,2,2,2,2,1,2,2,2,2,2,2,2,2,1,2,0,0,0
2008,6,37,1,61317,1,9,1,1,3,2,1,2,1,1,2,2,1,2,1,2,2,2,2,2,2,2,2,2,2,2,2,2,1,2,2,0,0,0
2008,6,57,1,61318,1,9,2,1,4,2,1,2,1,1,2,2,1,2,2,2,2,2,1,2,3,2,2,2,2,2,2,2,1,2,1,0,0,0
2008,6,95,1,61319,1,9,1,2,1,2,5,3,5,1,2,2,2,2,1,1,2,2,2,2,3,2,2,2,2,2,2,2,1,2,2,0,0,0
2008,6,97,1,61320,1,9,2,2,4,2,3,2,1,1,2,2,1,2,2,2,2,2,2,2,2,2,2,2,2,1,2,2,1,2,2,0,0,0
2008,6,65,1,61321,1,9,2,1,1,2,1,2,2,2,1,2,2,2,2,1,1,2,2,2,3,2,2,2,2,2,2,2,2,1,2,0,0,0
2008,6,85,1,61322,1,9,1,2,1,2,3,2,4,2,2,2,3,2,2,1,2,2,2,2,3,2,2,2,2,2,2,2,2,1,2,0,0,0
2008,6,59,1,61323,1,9,2,2,2,2,2,2,1,2,2,2,1,2,1,2,2,2,2,2,1,2,2,2,2,2,2,2,1,2,2,0,0,0
2008,6,81,1,61324,1,9,1,2,1,1,4,1,2,1,2,2,3,2,2,1,2,2,2,2,3,2,2,2,2,1,2,2,2,2,2,0,0,0
2008,6,59,1,61325,1,9,1,2,1,1,6,1,4,1,1,2,2,2,2,1,2,2,2,2,3,2,2,2,2,1,2,2,2,1,2,0,0,0
2008,6,47,1,61326,1,9,1,2,2,2,3,2,1,1,1,2,1,2,2,2,2,2,1,2,2,2,2,2,2,2,2,2,1,2,2,0,0,0
2008,6,37,1,61327,1,9,2,1,1,2,1,2,1,1,1,2,1,1,2,2,1,2,2,2,3,2,2,2,2,2,2,2,2,2,2,0,0,0
2008,6,111,1,61328,1,9,2,2,3,2,4,2,1,2,2,2,1,2,2,2,2,2,2,2,1,1,1,1,1,2,2,1,1,2,2,0,0,0
2008,6,37,1,61329,1,9,2,2,4,1,6,1,1,1,2,2,1,2,2,2,2,2,2,2,1,2,2,2,2,2,2,2,2,2,2,0,0,0
2008,6,37,1,61330,1,9,2,2,4,2,4,2,1,2,2,2,1,2,2,1,2,2,2,2,1,2,2,2,2,2,2,2,1,2,2,0,0,0
2008,6,7,1,61331,1,9,1,2,2,2,3,3,1,2,2,2,3,2,1,1,2,2,2,2,1,2,2,2,2,2,2,2,1,2,2,0,0,0
2008,6,41,1,61332,1,9,1,2,1,2,5,2,3,2,1,1,3,2,1,2,2,2,2,2,3,2,2,2,2,2,2,2,1,1,2,0,0,0
2008,6,73,1,61333,1,9,2,2,1,2,2,2,1,1,1,2,1,2,2,2,1,2,2,2,3,2,2,2,2,2,2,2,2,2,2,0,0,0
2008,6,71,1,61334,1,9,2,2,1,1,3,1,1,2,1,2,1,2,2,2,1,2,2,2,2,2,2,2,2,2,2,2,2,2,2,0,0,0
2008,6,89,1,61335,1,9,2,2,1,1,3,1,1,2,2,2,1,2,2,2,1,2,2,2,3,2,2,2,2,2,2,2,2,2,2,0,0,0
2008,6,1,1,61336,1,9,2,2,1,1,4,1,1,2,2,2,1,2,2,2,1,2,2,2,2,2,2,2,2,2,1,1,2,2,2,0,0,0
2008,6,37,1,61337,1,9,2,2,1,2,5,2,1,2,1,2,1,2,2,2,1,2,2,2,3,2,2,2,2,2,2,2,2,2,2,0,0,0
2008,6,19,1,61338,1,9,1,2,1,1,5,1,4,2,1,2,2,1,2,2,2,2,2,2,3,2,2,2,2,1,2,2,2,2,2,0,0,0
2008,6,71,1,61339,1,9,1,1,1,2,1,2,2,2,1,2,3,1,2,1,2,2,2,2,3,1,1,1,1,1,2,1,2,2,2,0,0,0
2008,6,71,1,61340,1,9,1,1,4,2,1,2,1,1,2,2,1,2,2,2,2,2,1,2,2,2,2,2,2,1,2,2,1,2,1,0,0,0
2008,6,25,2,61341,1,9,1,1,3,2,1,2,1,1,1,2,2,2,2,2,2,2,1,2,3,2,2,2,2,2,2,2,1,2,2,0,0,0
2008,6,71,1,61342,1,9,1,1,4,2,1,2,1,2,1,2,1,2,2,2,2,2,1,2,3,2,2,2,2,2,2,2,1,2,2,0,0,0
2008,6,81,1,61343,1,9,2,2,1,2,2,2,1,2,2,2,2,1,2,2,1,2,2,2,3,2,2,2,2,2,2,2,2,2,2,0,0,0
2008,6,79,1,61344,1,9,1,2,4,2,3,2,1,1,1,2,1,2,2,2,2,2,2,2,3,2,2,2,2,2,1,1,1,2,2,0,0,0
2008,6,25,1,61345,1,9,1,1,3,2,1,2,1,1,1,2,1,2,2,1,2,2,1,2,2,2,2,2,2,2,2,2,1,2,2,0,0,0
2008,6,59,2,61346,1,9,2,2,4,2,2,2,1,2,2,2,1,2,2,2,2,2,1,2,1,2,2,2,2,2,2,2,1,2,2,0,0,0
2008,6,111,1,61347,1,9,2,2,3,2,4,2,1,2,2,2,1,2,1,1,2,2,2,2,2,2,2,2,2,2,1,1,1,2,2,0,0,0
2008,6,75,1,61348,1,9,2,2,1,1,3,1,4,2,2,2,2,2,2,2,2,2,2,2,3,2,2,2,2,2,2,2,2,2,2,0,0,0
2008,6,87,1,61349,1,9,2,2,4,2,5,2,1,2,2,2,1,2,2,1,2,2,1,2,1,2,2,2,2,2,2,2,1,2,2,0,0,0
2008,6,29,2,61350,1,9,1,2,1,1,5,1,4,2,1,2,2,1,2,2,2,2,1,2,3,2,2,2,2,1,2,2,2,2,2,0,0,0
2008,6,77,1,61351,1,9,1,2,2,2,3,2,1,1,1,2,1,2,2,2,2,2,1,2,2,2,2,2,2,1,2,2,2,2,2,0,0,0
2008,6,107,1,61352,1,9,2,2,1,1,6,1,4,2,1,2,2,2,1,2,2,2,2,2,2,2,2,2,2,2,1,1,2,2,2,0,0,0
2008,6,13,1,61353,1,9,1,2,2,2,5,2,1,1,2,2,1,2,2,1,2,2,1,2,1,1,1,1,1,2,2,1,1,2,2,0,0,0
2008,6,37,1,61354,1,9,2,2,1,1,3,1,1,2,2,2,1,2,2,2,1,2,2,2,3,1,1,1,1,2,2,1,2,2,2,0,0,0
2008,6,47,1,61355,1,9,1,2,1,2,3,2,2,1,2,2,2,2,2,2,2,2,1,2,3,2,2,2,2,2,2,2,2,2,2,0,0,0
2008,6,83,1,61356,1,9,2,2,2,2,2,2,1,2,2,2,1,2,2,2,2,2,1,2,2,2,2,2,2,2,1,1,1,2,2,0,0,0
2008,6,37,1,61357,1,9,2,2,2,2,4,2,1,2,2,2,1,2,2,2,2,2,1,2,1,2,2,2,2,2,2,2,1,2,2,0,0,0
2008,6,97,1,61358,1,9,2,2,1,2,4,2,1,1,1,2,1,2,2,2,1,2,2,2,3,2,2,2,2,1,2,2,2,2,2,0,0,0
2008,6,111,1,61359,1,9,1,2,1,2,3,2,1,1,1,2,1,2,1,1,2,2,2,2,2,2,2,2,2,2,2,2,1,2,2,0,0,0
2008,6,29,1,61360,1,9,2,2,1,2,4,2,1,1,1,2,1,2,2,2,2,1,2,2,3,2,2,2,2,1,2,2,2,2,2,0,0,0
2008,6,53,1,61361,1,9,1,2,1,2,3,2,1,1,2,2,1,2,2,2,2,2,1,2,1,2,2,2,2,2,1,1,1,2,2,0,0,0
2008,6,71,2,61362,1,9,1,1,2,2,1,2,1,2,2,2,1,1,2,2,2,2,1,2,2,2,2,2,2,2,2,2,1,2,2,0,0,0
2008,6,29,1,61363,1,9,2,2,1,1,3,1,1,2,1,2,1,2,2,2,1,2,2,2,3,2,2,2,2,2,2,2,2,2,2,0,0,0
2008,6,9,1,61364,1,9,1,2,2,2,3,2,1,2,1,2,1,2,2,2,2,2,2,2,2,2,2,1,1,2,2,1,1,2,2,0,0,0
2008,6,111,1,61365,1,9,2,2,1,2,6,2,1,2,1,1,1,2,2,1,2,1,2,2,3,2,2,2,2,2,2,2,1,2,2,0,0,0
2008,6,99,1,61366,1,9,2,2,1,1,5,1,4,1,1,2,2,2,2,2,2,2,2,2,3,2,2,2,2,1,2,2,2,2,2,0,0,0
2008,6,47,1,61367,1,9,1,2,1,2,5,2,1,1,1,2,1,2,2,2,2,1,2,2,1,2,2,2,2,2,2,2,2,2,2,0,0,0
2008,6,87,1,61368,1,9,1,2,1,2,6,2,1,2,1,2,1,2,2,1,1,2,2,2,2,2,2,2,2,2,2,2,2,2,2,0,0,0
2008,6,37,1,61369,1,9,2,2,4,2,4,2,2,2,1,2,1,2,2,1,2,2,2,2,1,2,2,2,2,1,2,2,1,2,2,0,0,0
2008,6,73,1,61370,1,9,2,1,1,2,1,2,1,2,1,1,1,2,2,2,1,2,2,2,3,2,2,2,2,2,2,2,2,2,2,0,0,0
2008,6,37,1,61371,1,9,2,2,1,2,6,2,1,1,1,2,1,2,2,2,2,2,2,2,3,1,1,1,1,2,2,1,2,2,2,0,0,0
2008,6,17,1,61372,1,9,1,2,1,2,3,2,3,1,1,2,3,2,2,2,2,2,2,2,3,2,2,2,2,1,2,2,1,2,2,0,0,0
2008,6,37,1,61373,1,9,2,2,1,2,5,2,3,2,2,2,2,2,1,2,1,2,2,2,3,2,2,1,1,2,2,1,1,2,2,0,0,0
2008,6,71,1,61374,1,9,2,2,4,2,4,2,1,2,2,2,1,2,2,1,2,2,1,2,1,2,2,2,2,2,2,2,1,2,2,0,0,0
2008,6,37,1,61375,1,9,2,2,1,2,4,2,4,2,2,2,2,2,2,1,2,2,2,2,1,2,2,2,2,2,1,1,1,2,2,0,0,0
2008,6,77,1,61376,1,9,2,2,1,2,3,2,1,2,1,1,1,2,2,2,1,2,2,2,3,2,2,2,2,2,2,2,2,2,2,0,0,0
2008,6,31,1,61377,1,9,2,2,1,1,4,1,3,1,1,2,2,1,1,2,2,2,2,2,3,2,2,2,2,1,2,2,2,2,2,0,0,0
2008,6,59,1,61378,1,9,2,2,1,1,3,1,2,2,1,2,3,2,2,1,2,2,2,2,3,1,2,1,2,2,1,1,2,2,2,0,0,0
2008,6,19,1,61379,1,9,1,2,4,2,5,2,1,2,2,2,1,2,2,2,2,2,1,2,1,2,2,2,2,2,1,1,2,2,2,0,0,0
2008,6,37,2,61380,1,9,2,2,1,1,3,1,4,2,2,1,2,2,2,1,2,2,2,2,3,2,2,2,2,2,1,1,2,2,2,0,0,0
2008,6,71,1,61381,1,9,1,2,4,2,4,2,1,2,2,2,1,2,1,2,2,2,2,2,1,2,2,1,1,2,2,1,1,2,2,0,0,0
2008,6,7,1,61382,1,9,1,2,4,2,6,2,1,1,2,2,1,2,2,2,2,2,2,2,1,2,2,2,2,2,2,2,1,2,2,0,0,0
2008,6,57,1,61383,1,9,2,2,1,2,4,2,1,1,2,2,1,2,2,2,2,1,2,2,3,2,2,2,2,2,2,2,2,2,2,0,0,0
2008,6,19,1,61384,1,9,1,2,2,2,5,2,1,1,2,2,1,2,1,2,2,2,2,2,1,2,2,2,2,2,2,2,1,2,2,0,0,0
2008,6,81,2,61385,1,9,1,2,1,2,4,2,2,1,2,2,3,2,2,1,2,2,1,2,3,2,2,1,1,2,1,1,1,2,2,0,0,0
2008,6,37,1,61386,1,9,1,1,1,2,1,2,5,2,2,1,2,2,2,2,2,2,1,2,1,2,2,2,2,2,2,2,2,2,2,0,0,0
2008,6,19,1,61387,1,9,2,2,1,1,4,1,4,1,1,2,2,2,2,2,2,2,2,2,3,2,2,2,2,2,2,2,2,2,2,0,0,0
2008,6,71,1,61388,1,9,2,2,4,2,5,2,2,2,2,2,1,2,2,1,2,2,2,2,1,1,1,1,1,2,2,1,2,2,2,0,0,0
2008,6,87,1,61389,1,9,1,2,2,2,5,2,1,1,2,2,1,2,1,1,2,2,2,2,1,2,2,2,2,2,2,2,1,2,2,0,0,0
2008,6,25,1,61390,1,9,1,2,1,2,5,2,3,1,1,2,3,1,2,2,2,2,2,2,3,2,2,2,2,2,2,2,1,2,2,0,0,0
2008,6,23,1,61391,1,9,2,2,4,2,2,2,1,2,1,2,1,2,2,2,2,2,1,2,3,2,2,2,2,2,2,2,1,2,2,0,0,0
2008,6,37,1,61392,1,9,2,2,1,2,3,2,1,2,1,2,1,2,2,2,1,2,2,2,2,2,2,2,2,2,1,1,2,1,2,0,0,0
2008,6,53,1,61393,1,9,1,2,4,2,5,2,1,2,1,2,1,2,2,2,2,2,1,2,2,1,1,1,1,2,2,1,1,2,2,0,0,0
2008,6,79,1,61394,1,9,2,2,3,2,2,2,1,2,1,2,1,2,2,2,2,2,1,2,1,1,1,1,1,2,2,1,1,2,2,0,0,0
2008,6,71,1,61395,1,9,2,2,1,2,3,2,4,1,2,2,2,2,2,1,2,2,2,2,2,2,2,2,2,2,2,2,1,2,2,0,0,0
2008,6,65,2,61396,1,9,1,2,2,2,5,2,1,2,2,2,1,2,2,1,2,2,1,2,3,2,2,2,2,2,2,2,1,2,2,0,0,0
2008,6,35,1,61397,1,9,1,2,4,2,3,2,1,1,1,2,1,2,2,2,2,2,1,2,3,2,2,2,2,2,2,2,1,1,1,0,0,0
2008,6,65,1,61398,1,9,1,2,2,2,3,2,1,2,1,2,1,2,2,1,2,2,1,2,3,1,1,1,1,2,2,1,1,1,2,0,0,0
2008,6,17,1,61399,1,9,1,2,4,2,6,2,1,1,1,2,1,2,2,1,2,2,1,2,2,2,2,2,2,2,2,2,1,2,2,0,0,0
2008,6,97,1,61400,1,9,1,2,4,2,3,2,1,2,1,2,1,2,1,2,2,2,2,2,2,2,2,2,2,2,2,2,1,2,2,0,0,0
2008,6,111,1,61401,1,9,2,2,1,2,2,2,1,1,1,2,2,1,1,2,2,2,2,2,3,2,2,2,2,2,2,2,2,2,2,0,0,0
2008,6,71,1,61402,1,9,1,2,1,1,4,1,4,1,1,2,2,2,1,2,2,2,2,2,3,2,2,2,2,1,2,2,2,2,2,0,0,0
2008,6,29,1,61403,1,9,1,2,1,2,3,2,3,2,2,2,2,2,2,2,2,2,2,2,1,2,2,2,2,2,2,2,1,2,2,0,0,0
2008,6,17,1,61404,1,9,1,2,2,2,3,2,1,1,1,2,1,2,2,2,2,2,2,2,2,2,2,2,2,2,2,2,1,2,2,0,0,0
2008,6,71,1,61405,1,9,1,2,2,2,3,2,1,3,3,2,1,2,2,1,2,2,1,2,1,2,2,2,2,2,2,2,1,2,2,0,0,0
2008,6,37,1,61406,1,9,2,2,1,1,4,1,1,1,1,2,1,2,2,2,1,2,2,2,3,2,2,2,2,2,2,2,2,2,2,0,0,0
2008,6,73,1,61407,1,9,1,2,4,2,3,2,1,2,1,2,1,1,2,1,2,2,1,2,2,2,2,2,2,2,2,2,1,2,2,0,0,0
2008,6,103,1,61408,1,9,1,2,4,2,5,2,1,2,1,2,1,2,2,1,2,2,2,2,3,2,2,2,2,2,1,1,1,2,2,0,0,0
2008,6,37,1,61409,1,9,2,2,1,2,5,2,2,2,1,2,2,1,1,1,2,2,2,2,2,2,2,2,2,2,1,1,2,2,2,0,0,0
2008,6,73,1,61410,1,9,1,2,1,2,5,2,1,2,1,2,1,2,2,2,1,2,2,2,3,2,2,2,2,2,1,1,2,2,2,0,0,0
2008,6,97,1,61411,1,9,1,2,1,2,3,2,5,1,1,2,2,2,2,2,2,2,2,2,1,2,2,2,2,2,2,2,1,2,2,0,0,0
2008,6,25,1,61412,1,9,1,2,1,2,3,2,1,1,2,2,1,2,2,1,2,2,1,2,2,1,1,1,1,2,2,1,1,2,2,0,0,0
2008,6,37,2,61413,1,9,2,2,1,1,3,1,1,2,2,1,1,2,2,2,1,2,2,2,3,2,2,2,2,2,2,2,2,2,2,0,0,0
2008,6,37,1,61414,1,9,2,1,4,2,1,2,1,2,2,2,1,2,1,2,2,2,2,2,1,2,2,2,2,2,2,2,1,2,2,0,0,0
2008,6,29,1,61415,1,9,2,2,1,1,3,1,4,2,2,2,2,2,2,2,2,2,2,2,3,2,2,1,1,2,2,1,2,2,2,0,0,0
2008,6,25,6,61416,1,9,1,2,4,2,6,2,1,2,2,1,1,2,2,1,2,2,1,2,3,1,1,1,1,2,2,1,1,2,2,0,0,0
2008,6,45,1,61417,1,9,1,2,4,2,5,2,1,2,1,2,1,2,2,1,2,2,2,2,1,2,2,2,2,2,2,2,1,2,2,0,0,0
2008,6,37,1,61418,1,9,2,1,1,2,1,2,5,2,1,2,3,2,1,2,2,2,2,2,1,2,2,2,2,2,2,2,2,2,2,0,0,0
2008,6,65,1,61419,1,9,2,2,4,2,2,2,1,2,1,2,1,2,2,2,2,2,2,2,2,1,1,1,1,2,2,1,1,2,2,0,0,0
2008,6,19,1,61420,1,9,1,2,1,2,5,2,4,1,1,2,2,2,1,2,2,2,2,2,3,2,2,2,2,2,1,1,1,2,2,0,0,0
2008,6,107,1,61421,1,9,1,2,1,1,5,1,4,1,1,2,2,2,2,2,2,2,1,2,3,2,2,2,2,1,2,2,2,2,2,0,0,0
2008,6,65,1,61422,1,9,2,2,1,1,4,1,4,1,1,2,2,1,2,2,2,2,2,2,3,2,2,2,2,1,1,1,2,2,2,0,0,0
2008,6,37,1,61423,1,9,2,2,2,2,6,2,4,2,2,2,1,2,1,1,2,2,2,2,1,2,2,2,2,2,2,2,1,2,2,0,0,0
2008,6,39,1,61424,1,9,1,2,1,2,3,2,1,1,2,2,2,2,1,1,2,2,2,2,1,1,1,1,1,2,2,1,1,2,2,0,0,0
2008,6,81,1,61425,1,9,2,2,4,2,3,3,1,1,2,1,1,2,2,2,1,2,2,2,3,2,2,2,2,2,2,2,2,2,2,0,0,0
2008,6,19,1,61426,1,9,2,2,1,2,2,2,1,2,2,2,1,2,2,2,1,2,2,2,3,2,2,2,2,2,2,2,2,2,2,0,0,0
2008,6,59,1,61427,1,9,2,2,1,1,3,1,4,2,2,2,2,2,2,2,2,2,2,2,3,2,2,2,2,2,2,2,2,2,2,0,0,0
2008,6,107,1,61428,1,9,1,2,1,2,3,2,1,2,2,2,1,2,1,2,2,2,2,2,1,2,2,2,2,2,2,2,1,2,2,0,0,0
2008,6,97,1,61429,1,9,1,2,1,2,5,2,3,1,1,2,3,2,2,1,2,2,2,2,3,2,2,2,2,2,2,2,1,2,2,0,0,0
2008,6,13,1,61430,1,9,2,2,1,1,5,1,4,2,2,2,2,2,1,2,2,2,2,2,1,2,2,2,2,1,2,2,2,2,2,0,0,0
2008,6,83,1,61431,1,9,1,2,1,2,6,2,1,1,1,2,1,1,2,1,2,2,1,2,3,2,2,2,2,2,2,2,1,2,2,0,0,0
2008,6,59,1,61432,1,9,2,1,3,2,1,2,1,2,2,2,2,2,2,2,2,2,1,2,3,2,2,2,2,1,2,2,1,2,2,0,0,0
2008,6,1,1,61433,1,9,2,2,1,2,5,2,1,2,2,2,1,2,2,2,1,2,2,2,3,2,2,2,2,2,2,2,2,2,2,0,0,0
2008,6,29,4,61434,1,9,1,2,1,1,5,1,4,2,2,2,2,2,2,2,2,2,1,2,2,1,1,1,1,2,2,1,2,2,2,0,0,0
2008,6,15,1,61435,1,9,1,2,2,2,3,2,1,2,2,2,1,2,2,2,2,2,1,2,1,2,2,2,2,2,2,2,1,2,2,0,0,0
2008,6,73,1,61436,1,9,1,2,2,2,6,2,1,2,2,2,1,2,2,2,2,2,2,2,1,2,2,2,2,2,2,2,1,2,2,0,0,0
2008,6,59,1,61437,1,9,2,2,1,2,2,2,2,2,2,2,3,2,2,1,2,2,2,2,3,2,2,1,1,2,1,1,2,1,1,0,0,0
2008,6,39,1,61438,1,9,2,2,2,2,4,2,1,2,1,2,1,2,2,2,2,2,1,2,1,2,2,2,2,2,2,2,1,2,2,0,0,0
2008,6,107,1,61439,1,9,2,2,1,1,2,1,1,2,1,2,1,2,2,2,1,2,2,2,2,2,2,2,2,2,2,2,2,2,2,0,0,0
2008,6,37,1,61440,1,9,2,2,1,2,4,2,1,2,2,1,1,2,2,1,1,2,2,2,3,2,2,2,2,2,2,2,2,2,2,0,0,0
2008,6,77,1,61441,1,9,2,2,1,1,6,1,1,2,2,2,1,2,2,2,1,2,2,2,3,2,2,2,2,2,2,2,2,2,2,0,0,0
2008,6,21,1,61442,1,9,1,2,4,2,5,2,1,2,2,2,1,2,2,2,2,2,2,2,1,2,2,1,1,2,2,1,1,2,2,0,0,0
2008,6,37,1,61443,1,9,2,1,1,2,1,2,2,2,2,2,2,2,2,1,2,2,1,2,1,2,2,2,2,2,2,2,2,2,2,0,0,0
2008,6,37,1,61444,1,9,1,2,2,2,3,2,1,2,2,2,1,2,2,2,2,2,1,2,1,2,2,2,2,2,1,1,1,2,1,0,0,0
2008,6,111,1,61445,1,9,1,2,1,2,5,2,3,1,2,2,2,2,1,2,2,2,2,2,3,2,2,2,2,2,2,2,2,2,2,0,0,0
2008,6,39,1,61446,1,9,2,2,1,2,6,2,1,1,2,2,1,2,2,2,1,2,2,2,3,2,2,1,1,2,2,1,2,2,2,0,0,0
2008,6,1,1,61447,1,9,2,2,4,2,4,2,1,2,2,2,1,2,2,2,2,2,2,2,3,1,1,1,1,2,2,1,1,2,2,0,0,0
2008,6,23,1,61448,1,9,1,2,4,2,4,2,1,2,1,2,1,2,2,2,2,2,1,2,1,2,2,2,2,2,1,1,1,1,2,0,0,0
2008,6,37,1,61449,1,9,2,2,4,2,2,2,1,2,1,2,1,2,2,2,1,2,2,2,3,2,2,2,2,2,2,2,1,2,2,0,0,0
2008,6,71,1,61450,1,9,2,2,1,1,6,1,4,1,1,2,2,2,2,2,2,2,1,2,3,2,2,2,2,2,1,1,2,2,2,0,0,0
2008,6,95,1,61451,1,9,2,2,1,2,4,2,3,1,1,2,2,2,2,2,2,2,2,2,3,1,1,1,1,2,2,1,1,2,2,0,0,0
2008,6,37,1,61452,1,9,2,2,4,2,6,3,1,1,1,2,1,2,2,2,1,2,2,2,2,2,2,2,2,2,1,1,1,2,2,0,0,0
2008,6,29,1,61453,1,9,2,2,1,1,3,1,4,1,1,2,2,2,1,2,2,2,2,2,3,1,1,1,1,2,2,1,2,1,2,0,0,0
2008,6,19,1,61454,1,9,1,2,1,1,5,1,4,1,1,2,2,2,2,2,2,2,2,2,3,2,2,2,2,1,2,2,2,2,2,0,0,0
2008,6,107,1,61455,1,9,2,2,1,2,4,3,4,1,1,2,2,2,1,1,2,2,2,2,2,2,2,2,2,2,2,2,2,2,2,0,0,0
2008,6,107,1,61456,1,9,1,2,4,1,5,1,1,2,1,2,1,2,2,2,2,2,1,2,1,2,2,2,2,2,2,2,2,2,2,0,0,0
2008,6,5,1,61457,1,9,1,2,4,2,4,2,1,3,1,2,1,2,2,2,2,2,1,2,2,2,2,2,2,1,2,2,1,2,2,0,0,0
2008,6,77,1,61458,1,9,2,2,1,2,3,2,3,2,1,2,2,2,2,2,2,2,2,2,1,2,2,2,2,2,2,2,1,2,2,0,0,0
2008,6,89,1,61459,1,9,1,2,1,2,3,2,5,1,1,2,3,2,2,2,2,2,2,2,1,2,2,2,2,1,2,2,1,2,2,0,0,0
2008,6,47,1,61460,1,9,2,2,1,1,4,1,4,1,1,2,2,2,2,2,2,2,2,2,3,2,2,2,2,1,1,1,2,2,2,0,0,0
2008,6,75,1,61461,1,9,2,2,4,2,4,2,4,2,1,2,1,2,1,1,2,2,2,2,1,2,2,2,2,2,2,2,1,2,2,0,0,0
2008,6,73,1,61462,1,9,2,2,4,2,5,2,4,2,1,2,1,2,2,1,2,2,2,2,1,2,2,2,2,2,2,2,1,2,2,0,0,0
2008,6,71,1,61463,1,9,2,2,4,2,6,2,1,1,1,2,1,2,2,2,2,2,1,2,2,2,2,2,2,2,1,1,1,2,2,0,0,0
2008,6,73,1,61464,1,9,2,1,2,2,1,3,2,1,1,2,1,2,2,2,2,2,2,2,2,2,2,2,2,1,2,2,1,2,2,0,0,0
2008,6,37,1,61465,1,9,2,2,1,2,3,2,5,1,1,2,3,2,2,2,2,2,2,2,3,1,1,1,1,1,2,1,1,2,2,0,0,0
2008,6,111,1,61466,1,9,2,2,1,1,2,1,4,1,1,2,2,2,2,2,2,2,2,2,3,2,2,2,2,1,2,2,2,2,2,0,0,0
2008,6,55,1,61467,1,9,1,2,4,2,5,2,1,1,1,2,1,2,2,2,2,2,1,2,1,2,2,2,2,2,2,2,1,2,2,0,0,0
2008,6,29,1,61468,1,9,2,2,1,2,2,2,1,1,1,1,2,1,1,1,2,2,2,2,3,1,1,1,1,2,2,1,2,2,2,0,0,0
2008,6,25,1,61469,1,9,2,1,3,2,1,2,1,1,1,2,1,2,2,2,2,2,1,2,3,2,2,2,2,1,2,2,1,2,2,0,0,0
2008,6,29,1,61470,1,9,1,1,3,2,1,2,1,2,2,2,1,2,2,2,2,2,1,2,3,2,2,2,2,2,1,1,1,2,2,0,0,0
2008,6,37,2,61471,1,9,2,2,1,1,5,1,2,2,2,2,2,2,2,1,2,2,2,2,1,2,2,2,2,2,1,1,2,2,2,0,0,0
2008,6,73,1,61472,1,9,2,1,4,2,1,3,1,2,2,2,1,2,2,1,2,2,1,2,1,1,1,1,1,2,2,1,1,2,2,0,0,0
2008,6,61,1,61473,1,9,1,2,4,2,6,2,1,2,2,2,1,2,2,2,2,2,1,2,1,2,2,2,2,2,1,1,1,2,2,0,0,0
2008,6,71,1,61474,1,9,1,2,4,2,4,2,1,1,2,2,1,2,1,2,2,2,2,2,2,2,2,2,2,2,2,2,1,2,2,0,0,0
2008,6,73,1,61475,1,9,2,2,1,2,4,2,4,1,2,2,2,2,2,1,2,2,2,2,3,2,2,2,2,2,1,1,1,2,2,0,0,0
2008,6,29,1,61476,1,9,2,2,4,2,4,2,1,1,2,2,1,2,2,2,1,2,2,2,3,2,2,2,2,2,2,2,1,2,2,0,0,0
2008,6,47,1,61477,1,9,2,2,1,2,2,2,5,1,2,2,3,2,2,2,2,2,1,2,3,2,2,2,2,1,1,1,2,2,2,0,0,0
2008,6,47,1,61478,1,9,1,1,4,2,1,2,1,1,2,2,1,2,2,2,2,2,1,2,2,2,2,2,2,1,2,2,1,2,2,0,0,0
2008,6,29,1,61479,1,9,2,2,1,1,4,1,4,1,2,2,3,2,2,1,2,2,1,2,3,2,2,2,2,1,2,2,2,2,2,0,0,0
2008,6,21,1,61480,1,9,1,2,4,2,6,2,1,2,2,2,1,2,2,2,2,2,2,2,1,2,2,2,2,2,2,2,1,2,2,0,0,0
2008,6,1,1,61481,1,9,2,1,1,2,1,2,1,2,2,2,2,2,2,2,1,2,2,2,3,1,1,1,1,2,2,1,2,2,2,0,0,0
2008,6,37,1,61482,1,9,2,2,4,2,2,3,1,2,2,2,1,2,2,1,2,2,2,2,1,2,2,2,2,1,2,2,1,2,2,0,0,0
2008,6,73,1,61483,1,9,2,2,4,2,3,2,1,2,2,2,1,2,2,1,2,2,1,2,1,2,2,1,1,2,2,1,1,2,2,0,0,0
2008,6,25,1,61484,1,9,2,2,4,1,6,1,4,1,2,2,1,2,2,1,2,2,2,2,2,1,1,1,1,2,2,1,2,2,2,0,0,0
2008,6,73,1,61485,1,9,2,1,4,2,1,2,1,1,2,2,1,2,2,2,2,2,1,2,2,2,2,2,2,2,2,2,1,2,2,0,0,0
2008,6,53,1,61486,1,9,1,2,1,2,5,2,4,1,2,2,3,2,2,2,2,2,2,2,1,2,2,2,2,2,2,2,2,2,2,0,0,0
2008,6,31,2,61487,1,9,1,2,1,2,3,2,3,2,2,2,3,2,2,2,2,2,1,2,1,2,2,2,2,2,1,1,2,2,2,0,0,0
2008,6,73,1,61488,1,9,2,2,3,2,2,2,1,2,2,2,1,2,2,2,2,2,2,2,1,2,2,2,2,2,2,2,1,2,2,0,0,0
2008,6,45,1,61489,1,9,2,2,1,2,4,2,2,1,1,2,3,2,1,1,2,2,2,2,3,2,2,2,2,2,1,1,2,1,2,0,0,0
2008,6,85,3,61490,1,9,2,2,1,1,2,1,4,1,1,2,3,2,2,2,2,2,2,2,3,2,2,2,2,2,1,1,2,2,2,0,0,0
2008,6,69,1,61491,1,9,1,2,1,1,3,1,4,2,1,2,2,1,1,2,2,2,2,2,1,2,2,2,2,2,2,2,2,2,2,0,0,0
2008,6,77,1,61492,1,9,2,2,1,2,3,2,4,1,1,2,2,2,2,2,2,2,2,2,3,2,2,2,2,1,2,2,2,2,2,0,0,0
2008,6,73,1,61493,1,9,1,2,4,2,6,2,1,1,1,2,1,2,2,2,2,2,1,2,2,1,1,1,1,2,2,1,1,2,2,0,0,0
2008,6,95,1,61494,1,9,2,1,4,2,1,2,1,1,1,2,1,2,2,2,2,2,1,2,2,2,2,2,2,1,2,2,1,2,2,0,0,0
2008,6,1,1,61495,1,9,2,2,4,1,4,1,1,2,1,2,1,2,2,1,1,2,1,1,2,1,1,1,1,2,2,1,2,2,2,0,0,0
2008,6,73,1,61496,1,9,2,2,2,2,2,2,1,2,1,2,1,2,2,2,1,2,2,2,1,2,2,2,2,2,2,2,1,1,2,0,0,0
2008,6,31,3,61497,1,9,1,2,4,2,6,2,1,3,1,2,1,2,2,1,2,2,1,2,2,1,1,1,1,2,2,1,1,2,2,0,0,0
2008,6,59,1,61498,1,9,2,1,2,2,1,3,1,2,1,2,1,2,2,2,2,2,2,2,2,2,2,2,2,2,2,2,1,2,2,0,0,0
2008,6,73,1,61499,1,9,2,2,1,2,4,2,1,2,1,2,1,2,2,2,2,2,2,2,3,2,2,2,2,2,2,2,2,2,2,0,0,0
2008,6,97,1,61500,1,9,2,2,1,2,5,2,4,1,1,1,2,2,1,2,2,2,2,2,3,2,2,2,2,2,2,2,2,2,2,0,0,0
2008,6,85,1,61501,1,9,2,2,1,1,6,1,1,1,1,2,1,2,2,2,2,1,2,2,2,2,2,2,2,2,2,2,2,2,2,0,0,0
2008,6,67,1,61502,1,9,1,2,1,1,5,1,4,1,1,2,3,1,1,1,2,2,2,2,3,2,2,2,2,2,2,2,2,2,2,0,0,0
2008,6,57,1,61503,1,9,1,2,1,2,4,2,5,1,1,2,2,2,1,2,2,2,2,2,1,2,2,2,2,2,2,2,1,2,2,0,0,0
2008,6,81,1,61504,1,9,2,2,4,2,4,2,1,2,1,2,1,2,2,1,2,2,2,2,1,1,1,1,1,2,2,1,1,2,2,0,0,0
2008,6,65,1,61505,1,9,2,1,1,2,1,2,2,2,1,2,2,1,2,2,1,2,2,2,1,2,2,2,2,2,2,2,1,2,2,0,0,0
2008,6,107,1,61506,1,9,2,2,1,1,4,1,4,2,1,2,2,2,2,2,2,2,2,2,3,2,2,2,2,2,2,2,2,1,2,0,0,0
2008,6,79,1,61507,1,9,1,2,1,2,5,2,5,1,1,2,3,2,2,1,2,2,2,2,3,1,1,1,1,2,2,1,1,2,2,0,0,0
2008,6,29,1,61508,1,9,2,2,1,2,4,2,1,2,2,2,1,2,2,2,1,2,2,2,3,1,1,1,1,2,2,1,2,2,2,0,0,0
2008,6,65,1,61509,1,9,2,2,1,2,3,2,1,2,2,2,1,2,2,2,1,2,2,2,2,2,2,2,2,2,2,2,2,2,2,0,0,0
2008,6,73,1,61510,1,9,1,2,1,2,4,2,4,2,2,2,2,2,1,2,2,2,2,2,3,2,2,2,2,1,2,2,2,2,2,1,0,1
2008,6,37,2,61511,1,9,2,2,1,2,3,2,3,2,2,1,3,2,2,2,2,2,2,2,3,2,2,2,2,2,1,1,1,2,2,0,0,0
2008,6,45,1,61512,1,9,1,2,4,2,6,2,1,2,2,2,1,2,1,2,2,2,2,2,1,2,2,2,2,2,1,1,1,2,2,0,0,0
2008,6,85,1,61513,1,9,2,1,4,2,1,2,1,2,2,2,1,2,2,2,2,2,1,2,1,2,2,2,2,2,2,2,1,2,2,0,0,0
2008,6,103,1,61514,1,9,1,2,4,2,4,2,1,1,2,2,1,2,1,2,2,2,2,2,2,2,2,2,2,2,2,2,1,2,2,0,0,0
2008,6,17,1,61515,1,9,1,2,4,2,5,2,1,1,2,2,1,2,1,1,2,2,2,2,2,2,2,2,2,2,2,2,1,2,2,0,0,0
2008,6,67,1,61516,1,9,2,2,1,1,5,1,4,1,2,2,2,2,1,2,2,2,2,2,1,1,1,1,1,2,2,1,2,2,2,0,0,0
2008,6,39,1,61517,1,9,1,2,1,2,3,2,3,2,2,2,2,2,2,2,2,2,1,2,3,2,2,2,2,1,1,1,1,2,2,0,0,0
2008,6,107,1,61518,1,9,1,2,4,2,3,2,1,2,2,2,1,2,2,1,2,2,1,2,1,2,2,2,2,2,2,2,1,2,2,0,0,0
2008,6,13,1,61519,1,9,2,1,4,2,1,2,1,2,2,2,1,2,2,2,2,2,1,2,1,1,1,1,1,2,2,1,1,2,2,0,0,0
2008,6,37,1,61520,1,9,2,2,4,2,5,2,1,2,2,2,1,2,2,1,2,2,2,2,1,2,2,2,2,2,1,1,1,2,2,0,0,0
2008,6,29,2,61521,1,9,2,2,4,2,2,3,1,2,2,2,1,2,2,1,2,2,1,2,3,2,2,2,2,2,1,1,1,2,2,0,0,0
2008,6,19,1,61522,1,9,2,2,4,2,4,2,1,2,2,2,1,2,2,1,2,2,1,2,3,2,2,2,2,2,2,2,1,2,2,0,0,0
2008,6,65,1,61523,1,9,1,1,4,2,1,2,1,2,2,2,1,2,2,2,2,2,1,2,1,2,2,2,2,2,2,2,1,2,2,0,0,0
2008,6,43,1,61524,1,9,1,2,4,2,5,2,1,1,1,2,1,2,2,2,2,2,2,2,2,2,2,2,2,2,2,2,1,2,2,0,0,0
2008,6,59,1,61525,1,9,2,2,1,2,4,3,4,1,1,2,2,2,1,2,2,2,2,2,2,1,1,1,1,2,2,1,2,2,2,0,0,0
2008,6,71,1,61526,1,9,1,2,2,2,4,2,3,1,1,2,2,2,2,2,2,2,1,2,2,2,2,2,2,2,2,2,1,2,2,0,0,0
2008,6,73,1,61527,1,9,1,1,3,2,1,2,2,1,1,2,1,2,2,1,2,2,2,2,2,2,2,2,2,2,2,2,1,2,2,0,0,0
2008,6,39,1,61528,1,9,2,2,1,1,3,1,1,1,1,1,1,2,2,1,2,1,2,2,3,2,2,2,2,2,2,2,2,2,2,0,0,0
2008,6,37,1,61529,1,9,1,2,4,2,5,2,1,1,1,2,1,2,2,1,2,2,1,2,3,1,1,1,1,2,2,1,1,2,2,0,0,0
2008,6,37,1,61530,1,9,2,2,1,2,5,2,1,2,1,2,1,2,2,2,1,2,2,2,3,2,2,2,2,2,2,2,2,2,2,0,0,0
2008,6,19,2,61531,1,9,1,2,1,2,4,2,2,2,1,2,2,1,2,1,2,2,2,2,1,2,2,2,2,2,2,2,2,2,2,0,0,0
2008,6,37,2,61532,1,9,2,2,4,2,3,2,1,2,1,2,1,2,2,1,2,2,2,2,2,2,2,1,1,2,2,1,1,2,2,0,0,0
2008,6,37,1,61533,1,9,2,2,1,2,6,2,1,2,1,2,1,2,2,2,1,2,2,2,1,2,2,2,2,2,2,2,2,2,2,0,0,0
2008,6,37,1,61534,1,9,2,2,4,2,4,2,1,2,1,2,1,2,2,1,2,2,2,2,1,1,1,1,1,2,2,1,1,2,2,0,0,0
2008,6,65,1,61535,1,9,2,2,4,2,6,2,1,2,1,2,1,2,2,1,2,2,2,2,1,2,2,2,2,2,1,1,1,2,2,0,0,0
2008,6,37,1,61536,1,9,1,2,1,2,6,2,3,2,1,2,2,2,2,2,2,2,1,2,3,1,1,1,1,2,2,1,1,2,2,0,0,0
2008,6,77,2,61537,1,9,2,2,1,2,2,3,5,2,1,2,2,1,2,2,2,2,1,2,3,2,2,2,2,2,1,1,2,2,2,0,0,0
2008,6,19,1,61538,1,9,1,2,1,1,5,1,4,1,1,2,2,1,2,2,2,2,2,2,3,1,1,1,1,2,2,1,2,2,2,0,0,0
2008,6,25,1,61539,1,9,1,2,4,2,3,2,1,1,2,2,1,2,2,1,2,2,2,2,2,1,1,1,1,2,2,1,1,2,2,0,0,0
2008,6,41,1,61540,1,9,2,2,4,2,4,2,1,1,2,2,1,2,1,2,2,2,2,2,2,2,2,2,2,2,2,2,1,2,2,0,0,0
2008,6,107,1,61541,1,9,1,2,4,2,5,2,1,2,2,2,1,2,2,2,2,2,1,2,1,2,2,2,2,2,2,2,1,2,2,0,0,0
2008,6,73,1,61542,1,9,2,1,1,2,1,2,5,1,1,1,2,2,2,2,2,2,2,2,3,2,2,1,1,1,2,1,2,2,2,0,0,0
2008,6,73,1,61543,1,9,2,2,4,2,3,2,1,1,1,2,1,2,2,1,2,2,2,2,3,2,2,2,2,2,1,1,1,2,2,0,0,0
2008,6,75,1,61544,1,9,2,2,1,2,3,2,1,1,1,2,1,2,2,2,2,1,2,2,3,2,2,2,2,2,2,2,2,2,2,0,0,0
2008,6,99,1,61545,1,9,1,2,1,2,5,2,3,2,2,2,2,1,2,2,2,2,2,2,1,2,2,2,2,2,2,2,1,2,2,0,0,0
2008,6,71,1,61546,1,9,2,2,4,2,5,2,1,2,2,2,1,2,2,2,2,2,2,2,1,2,2,2,2,2,1,1,1,2,2,0,0,0
2008,6,19,1,61547,1,9,2,2,4,1,4,1,1,2,2,2,1,2,2,1,2,2,1,2,1,2,2,2,2,2,2,2,2,2,2,0,0,0
2008,6,19,1,61548,1,9,1,1,3,2,1,2,1,1,2,2,1,2,2,2,2,2,1,2,3,2,2,2,2,2,2,2,2,2,2,0,0,0
2008,6,101,1,61549,1,9,1,2,4,2,6,2,1,1,2,2,1,2,2,2,2,2,1,2,1,2,2,2,2,2,2,2,1,2,2,0,0,0
2008,6,37,1,61550,1,9,1,2,4,2,5,2,1,1,2,2,1,2,2,2,2,2,1,2,1,2,2,2,2,2,2,2,1,2,2,0,0,0
2008,6,67,1,61551,1,9,2,2,4,2,4,2,1,2,1,2,1,2,2,1,2,2,2,2,1,2,2,2,2,2,1,1,1,2,2,0,0,0
2008,6,19,1,61552,1,9,1,2,1,2,5,2,3,2,1,2,2,2,2,2,2,2,1,2,1,2,2,2,2,2,2,2,1,2,2,0,0,0
2008,6,89,1,61553,1,9,2,2,1,2,5,2,5,1,1,2,2,2,1,1,2,2,2,2,2,2,2,1,1,2,1,1,1,2,2,0,0,0
2008,6,1,1,61554,1,9,2,1,1,2,1,2,5,1,1,2,3,2,1,1,2,2,2,2,3,1,1,1,1,2,2,1,2,2,2,0,0,0
2008,6,63,1,61555,1,9,1,2,4,2,3,2,1,1,1,2,1,2,2,2,2,2,2,2,2,2,2,2,2,1,2,2,1,2,2,0,0,0
2008,6,113,1,61556,1,9,1,1,2,2,1,2,1,1,1,2,1,2,2,2,1,2,2,2,3,2,2,2,2,1,2,2,2,2,2,0,0,0
2008,6,37,1,61557,1,9,1,2,1,2,6,2,1,1,1,2,1,1,2,2,1,2,2,2,3,2,2,2,2,2,2,2,2,2,2,0,0,0
2008,6,107,1,61558,1,9,1,2,1,2,5,2,3,2,2,2,2,2,2,2,2,2,2,2,3,1,1,1,1,2,2,1,1,2,1,0,0,0
2008,6,37,1,61559,1,9,2,1,1,2,1,2,1,2,2,1,1,2,2,2,1,2,2,2,3,2,2,2,2,2,2,2,2,2,2,0,0,0
2008,6,93,1,61560,1,9,1,2,2,2,5,3,1,2,2,2,1,2,2,2,2,2,1,2,1,2,2,2,2,2,2,2,1,1,2,0,0,0
2008,6,77,1,61561,1,9,2,2,1,2,3,2,2,2,1,2,2,2,1,1,2,2,2,2,1,2,2,2,2,2,2,2,2,1,2,0,0,0
2008,6,85,1,61562,1,9,2,2,3,2,4,2,1,2,1,2,1,2,1,1,2,2,2,2,2,2,2,2,2,2,2,2,1,2,2,0,0,0
2008,6,25,1,61563,1,9,1,1,2,2,1,2,1,2,1,2,1,2,2,2,2,2,1,2,2,2,2,2,2,2,2,2,1,2,2,0,0,0
2008,6,85,1,61564,1,9,2,2,4,1,5,1,2,2,2,2,1,2,1,1,2,2,2,2,1,2,2,2,2,2,2,2,2,2,2,0,0,0
2008,6,53,1,61565,1,9,1,2,1,2,3,2,1,2,2,1,1,2,2,2,1,2,2,2,3,2,2,2,2,2,2,2,2,2,2,0,0,0
2008,6,7,1,61566,1,9,1,2,2,2,3,2,1,1,2,2,1,2,2,2,2,2,1,2,2,2,2,2,2,2,2,2,1,2,2,0,0,0
2008,6,73,1,61567,1,9,2,2,1,1,4,1,1,1,2,2,1,2,2,2,2,2,2,2,3,1,1,1,1,2,2,1,2,2,2,0,0,0
2008,6,65,1,61568,1,9,2,2,4,2,6,2,1,2,2,2,1,2,2,1,2,2,1,2,1,2,2,2,2,2,1,1,1,2,2,0,0,0
2008,6,37,2,61569,1,9,2,1,1,2,1,2,2,1,1,2,3,2,1,1,1,2,2,2,2,2,2,2,2,2,1,1,2,2,2,0,0,0
2008,6,71,1,61570,1,9,1,2,4,2,3,2,1,2,1,2,1,2,2,2,2,2,1,2,2,1,1,1,1,2,2,1,1,2,2,0,0,0
2008,6,37,1,61571,1,9,1,1,2,2,1,2,1,2,1,2,1,2,2,2,2,2,1,2,3,2,2,2,2,2,2,2,2,2,2,0,0,0
2008,6,11,3,61572,1,9,1,1,1,2,1,3,4,1,1,2,2,2,2,2,2,2,1,2,3,1,1,1,1,2,1,1,2,2,2,0,0,0
2008,6,111,1,61573,1,9,2,2,1,1,5,1,3,2,1,2,2,2,2,2,2,2,2,2,1,2,2,2,2,2,1,1,2,2,2,0,0,0
2008,6,77,1,61574,1,9,2,2,1,1,6,1,4,2,1,1,2,2,2,2,2,2,2,2,1,2,2,2,2,2,2,2,2,2,2,0,0,0
2008,6,27,1,61575,1,9,1,2,1,2,3,2,1,2,2,2,1,2,2,2,1,2,2,2,3,2,2,2,2,2,2,2,2,1,2,0,0,0
2008,6,29,1,61576,1,9,2,2,1,2,4,2,1,1,1,2,1,2,2,2,1,2,2,2,3,2,2,2,2,1,2,2,2,2,2,0,0,0
2008,6,71,1,61577,1,9,2,2,1,1,4,1,1,2,2,2,1,2,2,2,1,2,2,2,3,2,2,2,2,2,2,2,2,2,2,0,0,0
2008,6,13,1,61578,1,9,1,2,2,1,6,1,1,2,2,2,1,2,1,1,2,2,2,2,1,2,2,2,2,2,2,2,2,2,2,0,0,0
2008,6,1,1,61579,1,9,1,2,1,2,6,2,1,2,2,1,1,2,2,2,1,2,2,2,3,2,2,2,2,2,1,1,2,2,2,0,0,0
2008,6,37,1,61580,1,9,2,2,1,2,6,2,1,2,2,2,1,2,2,2,1,2,2,2,3,2,2,2,2,2,2,2,2,2,2,0,0,0
2008,6,107,1,61581,1,9,1,2,2,2,5,2,1,2,2,2,1,2,2,2,2,2,2,2,3,2,2,2,2,2,2,2,1,2,2,0,0,0
2008,6,85,1,61582,1,9,2,1,1,2,1,2,1,1,2,2,1,2,2,2,1,2,2,2,3,2,2,2,2,2,2,2,2,2,2,0,0,0
2008,6,65,1,61583,1,9,2,2,4,2,5,2,1,2,2,2,1,2,2,2,2,2,1,2,1,2,2,2,2,2,1,1,1,2,2,0,0,0
2008,6,37,1,61584,1,9,2,2,1,2,4,2,1,2,2,2,1,2,2,2,1,2,2,2,3,2,2,2,2,2,2,2,2,2,2,0,0,0
2008,6,37,1,61585,1,9,2,2,1,1,3,1,4,2,1,2,2,2,1,1,2,2,2,2,1,2,2,2,2,2,2,2,2,2,2,0,0,0
2008,6,81,1,61586,1,9,2,2,4,2,3,2,1,1,1,2,1,2,2,1,2,2,2,2,3,2,2,2,2,1,2,2,1,2,2,0,0,0
2008,6,37,1,61587,1,9,2,1,4,2,1,3,1,2,2,2,1,2,2,1,2,2,2,1,3,1,1,1,1,2,2,1,1,2,2,0,0,0
2008,6,85,1,61588,1,9,1,2,4,2,6,2,1,2,2,1,1,2,2,1,2,2,1,2,3,2,2,2,2,2,2,2,1,2,2,0,0,0
2008,6,71,1,61589,1,9,2,1,4,2,1,2,1,2,2,2,1,2,2,2,2,2,2,2,1,2,2,2,2,2,2,2,1,2,2,0,0,0
2008,6,13,1,61590,1,9,2,2,1,1,3,1,4,1,2,2,2,2,2,2,2,2,1,2,3,2,2,2,2,2,1,1,2,1,2,0,0,0
2008,6,73,1,61591,1,9,2,2,2,2,2,2,1,1,2,2,1,2,2,2,2,2,1,2,3,2,2,2,2,1,2,2,1,2,2,0,0,0
2008,6,85,1,61592,1,9,1,2,4,2,4,2,1,1,2,2,1,2,1,2,2,2,2,2,2,2,2,2,2,2,2,2,1,2,2,0,0,0
2008,6,65,2,61593,1,9,1,1,3,2,1,2,1,1,2,2,1,2,2,2,2,2,1,2,3,1,1,1,1,2,2,1,2,2,2,0,0,0
2008,6,37,1,61594,1,9,2,2,1,1,3,1,1,2,2,2,1,2,2,2,1,2,2,2,3,2,2,2,2,2,2,2,2,2,2,0,0,0
2008,6,37,1,61595,1,9,1,2,1,1,5,1,4,2,2,2,2,2,1,2,2,2,2,2,3,2,2,2,2,2,2,2,2,2,2,0,0,0
2008,6,37,1,61596,1,9,1,2,1,2,5,2,1,2,2,2,1,2,1,2,2,2,2,2,3,2,2,2,2,2,2,2,2,2,2,0,0,0
2008,6,61,1,61597,1,9,1,2,4,2,6,2,1,3,2,2,1,2,2,1,2,2,1,2,1,2,2,2,2,2,2,2,1,2,2,0,0,0
2008,6,99,1,61598,1,9,1,2,4,2,6,2,1,2,2,2,1,2,2,2,2,2,1,2,1,1,1,1,1,2,2,1,1,2,2,0,0,0
2008,6,71,1,61599,1,9,2,2,1,2,4,2,1,2,2,2,1,2,2,2,1,2,2,2,2,2,2,2,2,2,2,2,2,2,2,0,0,0
2008,6,29,1,61600,1,9,1,2,1,2,3,2,1,2,2,2,1,2,2,2,2,2,1,2,3,2,2,2,2,2,2,2,2,2,2,0,0,0
2008,6,37,1,61601,1,9,2,1,2,2,1,2,1,2,1,1,1,2,2,1,2,2,2,2,1,2,2,2,2,2,2,2,1,2,2,0,0,0
2008,6,99,1,61602,1,9,2,2,2,2,2,2,1,1,1,2,1,1,2,2,1,2,2,2,2,2,2,2,2,2,2,2,1,1,2,0,0,0
2008,6,37,1,61603,1,9,2,2,1,2,3,2,3,1,1,2,3,2,2,2,2,2,2,2,1,2,2,2,2,2,2,2,1,2,2,0,0,0
2008,6,37,1,61604,1,9,2,2,1,1,4,1,4,1,1,2,2,1,2,2,2,2,2,2,3,2,2,2,2,2,2,2,2,2,2,0,0,0
2008,6,65,1,61605,1,9,2,2,1,2,6,2,3,2,2,2,2,2,2,2,2,2,2,2,3,2,2,1,1,2,2,1,1,1,2,0,0,0
2008,6,11,1,61606,1,9,1,2,2,2,3,2,1,2,1,2,1,2,2,1,2,2,2,2,1,2,2,2,2,2,2,2,1,2,2,0,0,0
2008,6,37,1,61607,1,9,2,2,1,2,3,2,3,1,1,2,2,2,2,2,2,2,2,2,3,2,2,2,2,2,2,2,1,2,2,0,0,0
2008,6,73,1,61608,1,9,2,1,1,2,1,2,4,1,1,2,3,2,2,1,2,2,1,2,3,2,2,2,2,2,1,1,1,2,2,0,0,0
2008,6,37,1,61609,1,9,2,2,2,2,2,3,1,1,1,2,2,1,1,1,2,2,2,2,3,1,1,1,1,2,2,1,1,2,2,0,0,0
2008,6,17,1,61610,1,9,1,2,1,2,4,2,3,2,1,2,2,2,1,1,2,2,2,2,1,2,2,2,2,2,1,1,1,2,2,0,0,0
2008,6,37,1,61611,1,9,2,2,2,2,2,3,1,2,1,2,2,2,2,2,2,2,2,2,3,2,2,2,2,2,2,2,1,2,2,0,0,0
2008,6,9,1,61612,1,9,1,2,2,2,3,2,1,1,1,2,1,2,2,1,2,2,2,2,2,2,2,2,2,2,2,2,1,2,2,0,0,0
2008,6,77,1,61613,1,9,2,2,1,2,3,3,3,1,1,2,2,2,2,2,2,2,2,2,3,1,1,1,1,1,2,1,2,2,2,0,0,0
2008,6,29,1,61614,1,9,1,2,1,2,5,3,1,1,1,2,1,2,2,2,2,2,1,2,2,2,2,2,2,1,2,2,2,2,2,0,0,0
2008,6,71,1,61615,1,9,2,2,1,2,2,2,5,1,1,2,2,2,2,2,2,2,1,2,3,2,2,2,2,2,2,2,2,2,2,0,0,0
2008,6,77,1,61616,1,9,2,2,1,1,3,1,4,1,1,2,3,2,2,2,2,2,2,2,3,2,2,2,2,2,1,1,2,2,2,0,0,0
2008,6,59,1,61617,1,9,2,2,1,2,6,2,1,1,2,2,1,2,2,2,2,2,2,2,2,2,2,2,2,1,2,2,1,2,2,0,0,0
2008,6,77,2,61618,1,9,2,1,2,2,1,2,1,1,2,2,1,2,2,2,2,2,1,2,3,2,2,2,2,2,2,2,1,2,2,0,0,0
2008,6,37,1,61619,1,9,2,2,1,2,4,2,1,2,1,2,2,2,2,2,2,2,2,2,3,2,2,2,2,2,2,2,2,2,2,0,0,0
2008,6,67,1,61620,1,9,1,2,4,2,4,2,1,2,1,2,1,2,2,2,2,2,2,2,3,1,1,1,1,2,2,1,1,2,2,0,0,0
2008,6,65,1,61621,1,9,1,2,1,2,6,3,3,2,1,2,2,2,1,2,2,2,2,2,3,2,2,2,2,2,2,2,2,2,2,0,0,0
2008,6,73,1,61622,1,9,2,2,1,1,5,1,4,1,1,2,2,2,1,2,2,2,2,2,3,1,1,1,1,2,2,1,2,2,2,0,0,0
2008,6,19,1,61623,1,9,1,2,4,2,5,2,1,2,2,1,1,2,2,2,2,2,2,2,1,2,2,2,2,2,1,1,1,2,2,0,0,0
2008,6,37,1,61624,1,9,2,1,1,2,1,2,5,2,2,2,2,1,2,1,2,2,2,2,3,2,2,2,2,2,2,2,2,2,2,0,0,0
2008,6,47,1,61625,1,9,1,1,3,2,1,2,1,2,1,2,1,2,2,2,2,2,1,2,3,2,2,2,2,2,2,2,1,2,1,0,0,0
2008,6,113,1,61626,1,9,1,2,4,2,4,2,1,2,2,2,1,2,2,2,2,2,1,2,1,2,2,2,2,2,2,2,1,2,2,0,0,0
2008,6,65,1,61627,1,9,1,2,4,2,5,2,1,2,1,2,1,2,1,1,2,2,2,2,2,2,2,2,2,2,2,2,1,2,2,0,0,0
2008,6,29,1,61628,1,9,1,2,1,2,3,2,3,2,1,2,2,1,2,2,2,2,1,2,1,2,2,2,2,2,2,2,1,2,2,0,0,0
2008,6,65,1,61629,1,9,2,2,1,1,5,1,1,2,1,2,1,2,2,1,1,2,2,2,3,2,2,2,2,2,2,2,2,2,2,0,0,0
2008,6,89,1,61630,1,9,1,2,1,2,3,2,1,2,1,2,1,2,1,2,2,2,2,2,2,2,2,2,2,1,2,2,2,2,2,0,0,0
2008,6,79,1,61631,1,9,2,2,1,2,4,2,1,2,1,2,1,2,1,2,2,2,2,2,1,2,2,2,2,1,2,2,2,2,2,0,0,0
2008,6,13,1,61632,1,9,1,2,4,2,5,2,1,2,1,2,1,2,1,1,2,2,2,2,1,2,2,2,2,2,2,2,1,2,2,0,0,0
2008,6,71,1,61633,1,9,1,1,3,2,1,2,1,1,2,2,1,2,2,2,2,2,1,2,3,2,2,2,2,2,2,2,1,1,2,0,0,0
2008,6,65,1,61634,1,9,2,1,1,2,1,2,5,1,1,2,2,2,2,1,2,2,2,2,1,2,2,2,2,2,1,1,2,2,2,0,0,0
2008,6,37,1,61635,1,9,2,1,1,2,1,3,5,1,1,2,2,1,1,1,2,2,2,2,3,2,2,2,2,2,2,2,2,2,2,0,0,0
2008,6,65,1,61636,1,9,1,2,1,2,5,2,3,2,1,2,2,2,2,2,2,2,2,2,3,2,2,1,1,2,2,1,1,2,2,0,0,0
2008,6,45,2,61637,1,9,1,2,1,2,6,2,1,2,1,2,1,2,2,2,2,2,1,2,1,1,1,1,1,2,2,1,1,2,2,1,0,1
2008,6,85,2,61638,1,9,2,2,1,1,3,1,1,2,2,1,1,2,2,1,1,2,2,2,3,2,2,2,2,1,2,2,2,1,2,0,0,0
2008,6,59,1,61639,1,9,2,2,1,2,6,3,1,2,2,2,1,2,2,2,2,2,2,2,1,2,2,2,2,2,2,2,2,2,2,0,0,0
2008,6,7,1,61640,1,9,1,2,1,1,5,1,2,2,2,2,2,2,1,1,2,2,2,2,1,2,2,2,2,2,2,2,2,2,2,0,0,0
2008,6,65,1,61641,1,9,2,1,4,2,1,2,1,2,2,2,1,2,2,2,2,2,2,2,1,2,2,2,2,2,2,2,1,2,2,0,0,0
2008,6,47,1,61642,1,9,1,2,1,1,3,1,1,2,1,1,1,2,2,2,1,2,2,2,3,2,2,2,2,2,2,2,2,2,2,0,0,0
2008,6,99,3,61643,1,9,1,2,1,2,3,2,3,2,1,2,2,2,2,2,2,2,1,2,1,2,2,2,2,2,2,2,1,2,2,0,0,0
2008,6,25,1,61644,1,9,1,2,4,2,5,2,1,2,1,2,1,2,2,1,2,2,2,2,2,2,2,2,2,2,2,2,1,2,2,0,0,0
2008,6,71,2,61645,1,9,1,2,4,2,3,2,1,1,1,2,1,2,2,2,2,2,1,2,2,2,2,2,2,2,2,2,1,2,2,0,0,0
2008,6,47,2,61646,1,9,1,1,1,2,1,2,1,1,1,2,1,2,2,2,2,2,1,2,3,1,1,1,1,2,2,1,1,2,2,0,0,0
2008,6,37,1,61647,1,9,2,2,1,2,3,2,3,1,1,2,2,2,2,2,2,2,2,2,1,2,2,2,2,2,1,1,1,2,2,0,0,0
2008,6,13,1,61648,1,9,1,2,4,2,5,2,1,1,1,2,1,2,2,1,2,2,2,2,2,2,2,2,2,2,2,2,1,2,2,0,0,0
2008,6,89,1,61649,1,9,2,1,4,2,1,2,1,2,2,2,1,2,2,2,2,2,1,2,2,2,2,2,2,1,2,2,1,1,2,0,0,0
2008,6,85,1,61650,1,9,2,2,4,2,2,3,1,2,2,1,2,2,1,1,2,2,2,2,3,2,2,2,2,2,2,2,1,2,2,0,0,0
2008,6,37,1,61651,1,9,2,1,1,2,1,2,1,2,2,2,1,2,2,2,1,2,2,2,3,2,2,2,2,2,2,2,2,2,2,0,0,0
2008,6,37,1,61652,1,9,2,2,1,1,3,1,4,2,2,2,2,2,1,2,2,2,2,2,1,2,2,2,2,2,2,2,2,2,2,0,0,0
2008,6,101,1,61653,1,9,2,2,2,1,5,1,1,1,2,2,1,2,2,2,2,1,2,2,3,2,2,2,2,2,2,2,2,2,2,0,0,0
2008,6,73,1,61654,1,9,1,2,4,2,3,2,1,1,2,2,1,2,1,2,2,2,2,2,2,2,2,2,2,2,1,1,1,2,2,0,0,0
2008,6,45,1,61655,1,9,1,2,4,2,3,2,1,1,2,2,1,2,1,2,2,2,2,2,1,2,2,2,2,2,2,2,1,2,2,0,0,0
2008,6,91,1,61656,1,9,1,2,4,2,3,2,1,1,2,2,1,2,2,2,2,2,1,2,3,2,2,2,2,1,2,2,1,2,2,0,0,0
2008,6,107,1,61657,1,9,2,2,1,1,2,1,4,2,1,1,2,2,2,2,2,2,2,2,3,2,2,2,2,2,2,2,2,2,2,0,0,0
2008,6,47,1,61658,1,9,1,2,4,2,5,2,1,2,2,2,1,2,2,2,2,2,2,2,1,2,2,2,2,2,2,2,1,2,2,0,0,0
2008,6,71,1,61659,1,9,2,2,1,2,3,2,5,1,1,2,3,1,2,2,2,2,2,2,3,2,2,2,2,1,2,2,2,2,2,0,0,0
2008,6,65,4,61660,1,9,2,2,2,2,2,2,1,2,1,2,1,2,2,1,2,2,2,2,2,2,2,2,2,2,1,1,1,2,2,0,0,0
2008,6,71,1,61661,1,9,2,2,1,2,4,2,1,2,2,2,1,2,2,2,1,2,2,2,1,2,2,2,2,2,2,2,2,2,2,0,0,0
2008,6,19,1,61662,1,9,2,2,1,2,3,3,1,2,2,2,1,2,2,2,1,2,2,2,2,2,2,2,2,2,2,2,2,2,2,0,0,0
2008,6,71,1,61663,1,9,2,2,1,1,4,1,4,1,1,2,2,2,1,1,2,2,2,2,3,2,2,2,2,2,2,2,2,2,2,0,0,0
2008,6,29,1,61664,1,9,1,2,4,2,6,2,1,2,2,2,1,2,2,2,2,2,1,2,2,2,2,2,2,1,2,2,1,2,2,0,0,0
2008,6,85,1,61665,1,9,1,2,1,2,3,2,2,2,2,2,2,2,2,1,2,2,1,2,3,1,1,1,1,2,2,1,2,1,2,0,0,0
2008,6,37,1,61666,1,9,2,2,1,2,3,2,1,2,2,1,1,2,2,2,1,2,2,2,2,2,2,2,2,2,2,2,2,1,2,0,0,0
2008,6,73,1,61667,1,9,1,2,2,2,6,2,1,3,1,2,1,2,1,2,2,2,2,2,1,2,2,2,2,2,2,2,1,2,2,1,0,1
2008,6,13,1,61668,1,9,1,2,2,2,5,2,1,2,1,2,1,2,2,1,1,2,2,2,2,2,2,2,2,2,1,1,1,2,2,0,0,0
2008,6,37,1,61669,1,9,1,2,1,2,5,2,5,1,1,2,2,2,2,2,2,2,1,2,3,2,2,2,2,2,2,2,2,2,2,0,0,0
2008,6,37,1,61670,1,9,2,2,1,2,6,2,4,1,1,2,2,2,2,2,2,2,2,2,3,2,2,2,2,1,1,1,2,2,2,0,0,0
2008,6,71,1,61671,1,9,1,1,1,2,1,2,2,1,1,2,3,1,2,1,2,2,2,2,3,1,1,1,1,2,2,1,2,2,2,0,0,0
2008,6,65,1,61672,1,9,2,2,1,2,6,2,1,2,2,1,1,2,2,2,2,2,2,2,3,2,2,2,2,2,2,2,2,2,2,0,0,0
2008,6,67,1,61673,1,9,2,2,1,2,6,2,1,2,2,2,1,2,1,1,2,2,2,2,1,2,2,2,2,2,2,2,2,2,2,0,0,0
2008,6,29,1,61674,1,9,2,2,3,2,2,2,1,1,2,2,1,2,2,2,2,2,1,2,1,2,2,2,2,2,2,2,1,2,2,0,0,0
2008,6,67,1,61675,1,9,1,2,1,1,5,1,4,1,2,2,3,2,2,2,2,2,2,2,3,2,2,2,2,2,2,2,2,2,2,0,0,0
2008,6,85,2,61676,1,9,1,2,1,2,3,2,3,2,2,2,3,2,2,1,2,2,2,2,3,2,2,1,1,2,2,1,1,2,2,0,0,0
2008,6,67,1,61677,1,9,2,2,1,1,4,1,4,2,2,2,2,2,1,2,2,2,2,2,1,2,2,2,2,2,1,1,2,2,2,0,0,0
2008,6,115,1,61678,1,9,2,2,4,2,2,2,1,1,1,2,1,2,2,2,2,2,2,2,2,2,2,2,2,2,2,2,1,2,2,0,0,0
2008,6,19,1,61679,1,9,1,2,1,1,5,1,1,2,1,2,1,2,2,2,2,1,2,2,3,2,2,2,2,2,2,2,2,2,2,0,0,0
2008,6,19,1,61680,1,9,1,2,2,2,5,2,1,2,2,2,1,2,2,2,2,2,1,2,1,2,2,2,2,2,2,2,1,2,2,0,0,0
2008,6,37,1,61681,1,9,2,2,1,2,4,2,5,1,2,2,3,2,1,2,2,2,2,2,3,2,2,2,2,2,1,1,1,2,2,0,0,0
2008,6,65,1,61682,1,9,2,2,4,2,4,2,1,2,1,1,1,2,2,2,1,2,2,2,1,2,2,2,2,2,1,1,1,2,2,0,0,0
2008,6,37,1,61683,1,9,2,2,1,1,4,1,1,1,1,2,1,2,2,2,1,2,2,2,3,2,2,2,2,2,2,2,2,2,2,0,0,0
2008,6,73,1,61684,1,9,2,2,4,2,3,2,1,2,1,2,1,2,2,2,2,2,2,2,2,2,2,2,2,2,2,2,1,2,2,0,0,0
2008,6,65,1,61685,1,9,2,2,4,2,6,2,1,1,1,2,1,2,2,2,2,2,2,2,2,2,2,2,2,2,2,2,1,2,2,0,0,0
2008,6,37,1,61686,1,9,2,1,1,2,1,2,5,1,1,2,2,1,2,1,2,2,1,2,3,2,2,2,2,2,1,1,2,2,2,0,0,0
2008,6,17,1,61687,1,9,1,2,4,2,6,2,1,2,2,2,1,2,1,2,2,2,2,2,1,2,2,2,2,2,2,2,1,2,2,0,0,0
2008,6,37,2,61688,1,9,2,2,1,1,3,1,4,1,1,2,2,2,1,2,2,2,2,2,3,2,2,2,2,2,2,2,2,2,2,0,0,0
2008,6,71,2,61689,1,9,1,1,1,2,1,2,5,2,2,2,3,1,2,2,2,2,2,2,3,2,2,2,2,2,2,2,1,2,2,0,0,0
2008,6,37,1,61690,1,9,2,2,1,2,3,2,1,2,2,1,3,2,2,1,1,2,2,2,3,2,2,2,2,2,1,1,2,2,2,0,0,0
2008,6,37,1,61691,1,9,2,1,1,2,1,2,4,1,1,2,3,2,2,2,2,2,2,2,3,2,2,2,2,2,2,2,2,2,2,0,0,0
2008,6,65,1,61692,1,9,2,2,1,2,3,2,1,2,2,2,1,2,2,1,2,1,2,2,2,2,2,2,2,2,2,2,2,2,2,0,0,0
2008,6,67,1,61693,1,9,2,2,1,1,3,1,4,1,1,2,3,2,2,2,2,2,2,2,3,2,2,2,2,2,2,2,2,1,2,0,0,0
2008,6,37,1,61694,1,9,2,2,1,2,4,2,3,1,1,2,2,2,2,1,2,2,2,2,2,2,2,2,2,2,2,2,1,2,2,0,0,0
2008,6,59,1,61695,1,9,2,2,4,2,2,2,1,2,1,2,1,2,2,1,2,2,1,2,2,2,2,2,2,2,2,2,1,2,2,0,0,0
2008,6,71,1,61696,1,9,2,2,1,1,4,1,4,1,1,1,3,2,2,2,2,2,1,2,1,1,1,1,1,2,2,1,2,2,2,0,0,0
2008,6,71,1,61697,1,9,1,2,1,2,6,2,1,1,1,2,1,2,2,2,2,2,1,2,1,2,2,2,2,2,2,2,2,2,2,0,0,0
2008,6,19,1,61698,1,9,1,2,1,1,5,1,4,1,1,2,2,1,2,2,2,2,2,2,3,2,2,2,2,1,2,2,2,2,2,0,0,0
2008,6,37,1,61699,1,9,2,2,1,1,3,1,1,2,1,2,1,2,1,1,2,2,2,2,2,2,2,2,2,2,1,1,2,2,2,0,0,0
2008,6,19,1,61700,1,9,2,2,1,2,5,2,1,2,1,2,1,2,2,1,1,2,2,2,1,2,2,2,2,2,2,2,2,2,2,0,0,0
2008,6,73,1,61701,1,9,1,2,4,2,5,2,1,1,1,2,1,2,2,2,2,2,1,2,1,2,2,2,2,2,2,2,1,2,2,0,0,0
2008,6,65,1,61702,1,9,1,2,1,1,4,1,4,1,1,2,2,2,2,2,2,2,2,2,3,2,2,2,2,1,2,2,2,2,2,0,0,0
2008,6,29,1,61703,1,9,1,2,1,2,3,2,1,1,1,2,1,1,2,2,1,2,2,2,3,2,2,2,2,2,2,2,2,2,2,0,0,0
2008,6,39,1,61704,1,9,2,2,4,2,6,2,1,1,1,2,1,2,2,2,2,2,2,2,2,2,2,2,2,2,2,2,1,2,1,0,0,0
2008,6,7,1,61705,1,9,1,2,4,2,6,2,1,2,1,2,1,2,2,1,2,2,1,2,1,2,2,2,2,2,1,1,1,2,2,0,0,0
2008,6,77,1,61706,1,9,2,2,1,2,3,2,4,2,1,2,2,1,2,1,2,2,2,2,2,2,2,2,2,2,2,2,2,2,2,0,0,0
2008,6,59,2,61707,1,9,1,2,1,2,4,2,4,2,1,2,2,2,2,2,2,2,2,2,2,1,2,1,2,2,2,2,1,2,2,0,0,0
2008,6,85,1,61708,1,9,2,2,1,2,4,2,4,1,1,2,2,2,2,2,2,2,2,2,3,2,2,2,2,2,2,2,1,2,2,0,0,0
2008,6,111,1,61709,1,9,2,2,1,2,3,3,1,1,1,2,1,2,2,2,2,2,2,2,3,1,1,1,1,2,2,1,2,2,2,0,0,0
2008,6,37,1,61710,1,9,2,2,4,2,2,3,1,1,1,2,1,2,1,1,2,2,2,2,2,2,2,1,1,2,2,1,1,2,2,0,0,0
2008,6,65,2,61711,1,9,1,2,1,2,5,2,4,2,1,2,2,2,2,1,2,2,1,2,1,2,2,2,2,2,2,2,1,2,2,0,0,0
2008,6,101,1,61712,1,9,1,2,1,2,5,2,3,2,1,2,2,2,1,2,2,2,2,2,3,1,1,1,1,2,2,1,2,2,2,0,0,0
2008,6,61,1,61713,1,9,2,1,4,2,1,2,1,2,1,2,1,2,2,1,2,2,1,2,2,2,2,2,2,2,2,2,1,2,2,0,0,0
2008,6,99,1,61714,1,9,2,2,1,2,4,2,1,2,1,2,1,2,2,2,1,2,2,2,3,2,2,2,2,2,2,2,2,2,2,0,0,0
2008,6,43,1,61715,1,9,1,2,4,2,4,2,1,3,1,2,1,2,1,1,2,2,2,2,1,2,2,2,2,2,1,1,1,2,2,0,0,0
2008,6,37,1,61716,1,9,2,2,1,2,2,2,5,2,1,2,2,1,2,2,2,2,1,2,3,2,2,2,2,2,2,2,2,2,2,0,0,0
2008,6,111,1,61717,1,9,1,2,1,2,5,2,1,1,1,2,2,2,1,2,2,2,2,2,3,2,2,2,2,2,1,1,2,2,2,0,0,0
2008,6,111,1,61718,1,9,2,2,4,2,2,2,1,1,1,2,1,2,2,2,2,2,2,2,1,2,2,2,2,2,2,2,1,2,2,0,0,0
2008,6,111,1,61719,1,9,2,2,1,1,3,1,4,2,2,2,2,2,1,2,2,2,2,2,3,1,1,1,1,1,2,1,2,2,2,0,0,0
2008,6,113,1,61720,1,9,2,2,4,2,5,2,1,2,2,2,1,2,2,1,2,2,2,2,1,2,2,2,2,2,1,1,1,1,2,0,0,0
2008,6,37,1,61721,1,9,2,2,1,2,4,2,1,2,2,2,1,2,2,2,1,2,2,2,1,2,2,2,2,2,2,2,1,2,2,0,0,0
2008,6,37,1,61722,1,9,1,2,3,2,3,2,1,2,2,2,1,2,2,2,2,2,1,2,1,2,2,2,2,2,2,2,1,2,2,0,0,0
2008,6,73,1,61723,1,9,2,2,4,2,6,2,1,2,2,2,1,2,2,1,2,2,1,2,1,2,2,2,2,2,2,2,1,2,2,0,0,0
2008,6,65,1,61724,1,9,2,2,1,2,4,2,1,2,2,2,1,2,2,2,1,2,2,2,2,2,2,2,2,2,2,2,2,2,2,0,0,0
2008,6,29,2,61725,1,9,1,2,1,2,4,2,5,2,2,2,3,2,2,2,2,2,2,2,3,2,2,2,2,2,1,1,1,2,2,0,0,0
2008,6,75,1,61726,1,9,2,2,3,2,4,2,1,2,2,2,1,2,2,1,2,2,2,2,1,2,2,2,2,2,2,2,1,2,2,0,0,0
2008,6,37,1,61727,1,9,2,2,4,2,4,2,6,2,2,1,1,2,2,1,2,2,2,2,3,2,2,2,2,2,2,2,1,1,2,0,0,0
2008,6,65,1,61728,1,9,2,2,4,2,6,2,1,2,2,2,1,2,2,2,2,2,2,2,1,2,2,2,2,2,2,2,1,2,2,0,0,0
2008,6,37,1,61729,1,9,2,1,4,2,1,2,1,2,2,2,1,2,2,2,2,2,2,2,1,2,2,2,2,2,2,2,1,2,2,0,0,0
2008,6,111,1,61730,1,9,2,2,2,2,2,2,2,2,2,2,1,2,2,2,2,2,2,2,3,2,2,2,2,2,1,1,1,2,2,0,0,0
2008,6,37,1,61731,1,9,2,2,1,2,6,2,3,1,2,1,3,2,2,2,2,2,2,2,3,2,2,2,2,2,2,2,2,2,2,0,0,0
2008,6,73,2,61732,1,9,1,2,4,2,5,2,1,1,2,2,1,2,1,2,2,2,2,2,1,2,2,2,2,2,2,2,1,2,2,0,0,0
2008,6,77,2,61733,1,9,2,2,1,1,3,1,4,1,2,2,3,2,2,2,2,2,1,2,1,2,2,2,2,1,1,1,2,2,2,0,0,0
2008,6,39,1,61734,1,9,1,2,1,1,3,1,1,1,2,2,2,2,1,2,2,2,2,2,3,2,2,2,2,1,2,2,2,2,2,0,0,0
2008,6,59,1,61735,1,9,2,1,1,2,1,2,1,2,2,2,1,2,1,1,2,2,2,2,1,2,2,2,2,2,2,2,2,2,2,0,0,0
2008,6,37,1,61736,1,9,2,1,4,2,1,3,1,2,2,2,1,2,2,1,2,2,1,2,1,2,2,2,2,2,1,1,1,2,2,0,0,0
2008,6,37,1,61737,1,9,2,1,1,2,1,3,1,2,2,1,1,2,2,1,2,2,1,2,3,2,2,2,2,2,2,2,2,2,2,0,0,0
2008,6,71,1,61738,1,9,2,2,4,2,2,2,1,2,2,2,1,2,1,1,2,2,2,2,1,2,2,2,2,2,2,2,1,2,2,0,0,0
2008,6,37,1,61739,1,9,1,1,4,2,1,2,1,2,2,2,1,2,2,2,2,2,2,2,2,2,2,2,2,2,2,2,1,2,2,0,0,0
2008,6,37,4,61740,1,9,2,1,4,2,1,2,1,1,2,2,1,2,2,2,2,2,2,2,1,2,2,2,2,2,2,2,1,2,2,0,0,0
2008,6,99,1,61741,1,9,1,2,1,2,6,2,1,1,2,2,2,2,2,1,2,2,1,2,3,1,1,1,1,2,2,1,2,2,2,0,0,0
2008,6,19,1,61742,1,9,1,2,4,2,5,2,1,2,2,1,1,2,2,2,2,2,2,2,3,2,2,2,2,2,1,1,1,2,2,0,0,0
2008,6,37,1,61743,1,9,2,2,4,2,6,2,1,2,2,2,1,2,1,2,2,2,2,2,2,2,2,2,2,2,2,2,1,2,2,0,0,0
2008,6,39,1,61744,1,9,2,2,4,2,6,2,1,2,2,1,1,2,2,2,2,2,1,2,3,2,2,2,2,2,2,2,1,2,2,0,0,0
2008,6,19,3,61745,1,9,1,2,4,2,5,2,1,2,2,2,1,2,2,2,2,2,1,2,2,1,1,1,1,2,2,1,1,2,2,0,0,0
2008,6,71,1,61746,1,9,2,2,1,2,3,2,1,2,2,1,1,2,2,2,1,2,2,2,3,2,2,2,2,2,2,2,2,2,2,0,0,0
2008,6,97,1,61747,1,9,1,2,4,2,5,2,1,2,2,2,1,2,2,2,2,2,2,2,1,2,2,2,2,2,2,2,1,2,2,0,0,0
2008,6,71,2,61748,1,9,2,2,4,2,5,2,1,2,2,2,1,2,2,1,2,2,1,1,2,1,1,1,1,2,2,1,1,2,2,0,0,0
2008,6,85,1,61749,1,9,2,2,1,2,4,2,4,1,1,2,2,2,1,2,2,2,2,2,2,2,2,1,1,2,2,1,2,1,2,0,0,0
2008,6,19,1,61750,1,9,2,2,1,1,2,1,4,2,1,2,2,2,2,2,2,2,2,2,3,2,2,2,2,2,1,1,2,2,2,0,0,0
2008,6,37,1,61751,1,9,2,1,1,2,1,2,2,2,1,2,2,2,1,1,2,2,2,2,3,2,2,2,2,2,1,1,2,2,2,0,0,0
2008,6,95,1,61752,1,9,1,2,1,2,5,2,1,2,1,2,1,2,1,2,2,2,2,2,1,2,2,2,2,2,2,2,1,2,2,0,0,0
2008,6,65,1,61753,1,9,2,2,4,1,5,1,1,2,1,2,1,2,2,1,2,2,1,2,1,2,2,2,2,2,1,1,2,2,2,0,0,0
2008,6,19,1,61754,1,9,1,2,1,2,5,2,3,1,1,2,2,2,2,2,2,2,2,2,3,2,2,2,2,1,2,2,1,2,1,0,0,0
2008,6,37,1,61755,1,9,2,2,1,2,2,2,2,1,1,2,3,1,1,1,2,2,2,2,3,2,2,2,2,2,1,1,2,2,2,0,0,0
2008,6,59,1,61756,1,9,2,2,4,2,4,2,1,1,1,2,1,2,1,2,2,2,2,2,2,2,2,1,1,2,2,1,1,2,2,0,0,0
2008,6,71,1,61757,1,9,2,2,1,2,4,2,4,1,1,2,2,2,1,2,2,2,2,2,3,1,1,1,1,2,2,1,2,2,2,0,0,0
2008,6,105,1,61758,1,9,1,2,1,2,3,2,1,1,1,2,1,2,2,1,2,2,1,2,1,2,2,2,2,2,2,2,1,2,2,0,0,0
2008,6,37,2,61759,1,9,2,2,1,2,2,2,2,2,1,2,2,2,2,1,1,2,1,2,2,2,2,2,2,2,2,2,2,2,2,0,0,0
2008,6,23,1,61760,1,9,1,2,1,1,3,1,4,2,1,2,2,2,1,2,2,2,2,2,2,2,2,2,2,2,2,2,2,2,2,1,0,1
2008,6,71,2,61761,1,9,2,1,3,2,1,2,1,2,2,2,3,2,2,2,2,2,2,2,1,2,2,2,2,2,2,2,1,2,2,0,0,0
2008,6,37,1,61762,1,9,2,2,1,1,3,1,1,1,1,2,1,2,2,1,1,2,2,2,2,2,2,2,2,2,2,2,2,2,2,0,0,0
2008,6,73,1,61763,1,9,2,2,1,1,4,1,1,2,1,2,1,2,2,2,2,1,2,2,1,2,2,2,2,2,2,2,2,2,2,0,0,0
2008,6,37,1,61764,1,9,1,2,1,2,3,2,2,2,1,2,2,2,2,2,2,2,2,2,1,2,2,2,2,2,2,2,2,2,2,0,0,0
2008,6,31,1,61765,1,9,2,2,1,1,3,1,2,1,1,2,2,2,2,1,2,2,2,2,3,1,1,1,1,1,2,1,2,2,2,0,0,0
2008,6,71,1,61766,1,9,1,1,4,2,1,2,1,1,1,2,1,2,2,2,2,2,1,2,3,2,2,2,2,2,2,2,1,2,2,0,0,0
2008,6,37,1,61767,1,9,2,1,1,2,1,2,5,1,1,2,3,2,1,1,2,2,2,2,3,2,2,2,2,2,2,2,2,2,2,0,0,0
2008,6,45,1,61768,1,9,2,2,1,2,4,2,1,1,1,2,2,2,1,1,2,2,2,2,3,2,2,2,2,2,2,2,2,2,2,0,0,0
2008,6,73,1,61769,1,9,2,2,1,2,6,2,1,2,2,2,2,2,1,1,2,2,2,2,3,2,2,2,2,2,2,2,2,2,2,0,0,0
2008,6,19,1,61770,1,9,1,2,4,2,6,2,1,2,2,2,1,2,2,2,2,2,2,2,2,2,2,2,2,2,2,2,1,2,2,0,0,0
2008,6,65,2,61771,1,9,1,2,1,2,5,2,3,2,2,2,2,2,2,2,2,2,2,2,1,2,2,2,2,2,2,2,1,2,2,0,0,0
2008,6,65,1,61772,1,9,2,2,3,2,6,2,1,2,2,2,1,2,1,2,2,2,2,2,2,2,2,2,2,2,1,1,1,2,2,0,0,0
2008,6,59,1,61773,1,9,2,2,1,2,2,2,2,2,2,1,2,2,2,2,2,2,1,2,3,2,2,2,2,2,2,2,2,2,2,0,0,0
2008,6,29,1,61774,1,9,1,1,3,2,1,2,1,2,2,2,1,2,2,2,2,2,1,2,3,2,2,2,2,2,2,2,1,2,2,0,0,0
2008,6,75,1,61775,1,9,2,1,1,2,1,2,2,2,2,2,2,2,1,1,2,2,2,2,1,2,2,2,2,2,2,2,2,2,2,0,0,0
2008,6,33,1,61776,1,9,1,2,1,2,3,2,1,1,2,2,1,2,1,1,2,2,2,2,2,2,2,2,2,2,2,2,1,2,2,0,0,0
2008,6,33,1,61777,1,9,1,2,1,2,3,2,4,1,2,2,2,2,1,1,2,2,2,2,3,2,2,2,2,2,2,2,2,2,2,0,0,0
2008,6,37,1,61778,1,9,1,2,4,2,5,2,1,2,2,2,1,2,2,2,2,2,1,2,1,2,2,2,2,2,2,2,1,2,2,0,0,0
2008,6,37,1,61779,1,9,2,2,1,1,3,1,4,2,2,2,2,2,2,1,2,2,2,2,1,2,2,2,2,2,2,2,2,2,2,0,0,0
2008,6,37,1,61780,1,9,2,2,1,2,3,2,1,2,2,1,1,2,2,2,1,2,2,2,3,2,2,2,2,2,2,2,2,2,2,0,0,0
2008,6,59,1,61781,1,9,2,2,3,2,4,2,1,2,2,2,1,2,2,2,2,2,2,2,1,1,1,1,1,2,2,1,1,2,2,0,0,0
2008,6,71,1,61782,1,9,1,1,4,2,1,2,1,2,2,2,1,2,2,2,2,2,2,2,3,1,1,1,1,2,2,1,1,2,2,0,0,0
2008,6,85,1,61783,1,9,2,2,3,2,2,2,1,1,2,2,1,2,2,2,2,2,1,2,1,2,2,2,2,1,2,2,1,2,2,0,0,0
2008,6,107,1,61784,1,9,1,2,1,2,3,2,3,1,2,2,2,1,2,2,2,2,2,2,3,2,2,2,2,2,2,2,1,2,2,0,0,0
2008,6,27,1,61785,1,9,1,2,1,2,3,2,3,1,2,2,2,2,2,2,2,2,1,2,1,2,2,2,2,2,2,2,2,2,2,0,0,0
2008,6,29,1,61786,1,9,1,1,3,2,1,2,1,2,2,2,1,2,2,2,2,2,1,2,3,2,2,2,2,2,2,2,1,2,2,0,0,0
2008,6,67,1,61787,1,9,1,2,1,2,6,2,1,2,1,2,1,2,2,2,1,2,2,2,3,1,1,1,1,2,2,1,2,2,2,0,0,0
2008,6,19,1,61788,1,9,1,2,1,1,3,1,4,1,1,2,2,2,2,2,2,2,2,2,3,2,2,2,2,2,2,2,2,2,2,0,0,0
2008,6,29,1,61789,1,9,1,2,1,2,3,2,3,1,1,2,2,1,2,2,2,2,2,2,3,2,2,2,2,2,2,2,1,2,2,0,0,0
2008,6,37,1,61790,1,9,2,2,1,1,3,1,1,1,1,2,1,2,2,2,1,2,2,2,3,2,2,2,2,2,2,2,2,2,2,0,0,0
2008,6,63,1,61791,1,9,1,2,1,2,3,2,4,1,1,2,2,1,1,2,2,2,2,2,3,2,2,2,2,2,2,2,1,2,2,0,0,0
2008,6,73,2,61792,1,9,1,2,1,2,3,2,3,2,1,2,2,1,2,2,2,2,1,2,1,1,1,1,1,2,2,1,1,2,2,0,0,0
2008,6,37,1,61793,1,9,2,2,1,2,3,2,1,2,1,2,1,2,2,2,1,2,2,2,3,2,2,2,2,1,2,2,2,2,2,0,0,0
2008,6,79,1,61794,1,9,1,2,4,2,3,2,1,2,1,2,1,2,2,1,2,2,1,2,1,2,2,2,2,2,2,2,1,2,2,0,0,0
2008,6,73,1,61795,1,9,2,2,1,1,4,1,1,2,1,2,1,2,2,2,1,2,2,2,3,2,2,2,2,2,2,2,2,2,2,0,0,0
2008,6,13,1,61796,1,9,2,2,4,2,5,2,1,1,1,2,1,2,2,2,2,1,2,2,3,1,2,1,2,2,2,2,1,1,2,0,0,0
2008,6,37,1,61797,1,9,1,2,1,2,4,2,1,1,1,2,2,1,1,1,2,2,2,2,3,2,2,2,2,2,2,2,1,2,2,0,0,0
2008,6,29,1,61798,1,9,2,2,1,2,4,2,1,1,1,1,1,2,2,1,1,2,2,2,3,2,2,2,2,2,2,2,2,2,2,0,0,0
2008,6,59,1,61799,1,9,2,2,4,2,3,2,1,1,1,2,1,2,1,2,2,2,2,2,1,2,2,2,2,2,2,2,1,2,2,0,0,0
2008,6,37,1,61800,1,9,1,1,1,2,1,2,2,2,1,2,2,2,2,1,2,2,2,2,3,2,2,2,2,2,2,2,2,2,2,0,0,0
2008,6,71,1,61801,1,9,1,1,4,2,1,2,1,2,2,2,1,2,2,2,2,2,1,2,2,2,2,2,2,2,2,2,1,2,2,0,0,0
2008,6,97,1,61802,1,9,1,2,4,2,3,2,1,2,2,2,1,2,2,2,2,2,1,2,2,2,2,2,2,2,2,2,1,2,2,0,0,0
2008,6,73,1,61803,1,9,2,1,3,2,1,2,1,2,2,2,1,2,1,2,2,2,2,2,1,2,2,2,2,2,2,2,1,2,2,0,0,0
2008,6,71,1,61804,1,9,2,2,4,2,6,2,1,2,2,2,1,2,2,1,2,2,2,2,1,2,2,2,2,2,1,1,1,2,2,0,0,0
2008,6,13,1,61805,1,9,2,2,1,2,4,2,1,2,2,2,1,2,2,2,1,2,2,2,2,2,2,2,2,2,2,2,2,2,2,0,0,0
2008,6,71,1,61806,1,9,1,1,2,2,1,2,1,2,1,2,1,2,2,2,2,2,1,2,3,1,1,1,1,2,2,1,1,2,2,0,0,0
2008,6,55,1,61807,1,9,1,2,4,2,5,2,1,2,1,2,1,2,2,2,2,2,2,2,2,1,1,1,1,2,2,1,1,2,2,0,0,0
2008,6,37,1,61808,1,9,2,2,1,2,5,2,1,2,1,2,1,2,2,2,1,2,2,2,3,1,1,1,1,2,2,1,2,1,2,0,0,0
2008,6,37,1,61809,1,9,2,2,2,2,2,2,2,1,1,2,1,2,2,2,2,2,2,2,3,2,2,2,2,2,2,2,1,2,2,0,0,0
2008,6,25,1,61810,1,9,1,1,3,2,1,2,1,2,2,2,1,2,2,2,2,2,1,2,2,2,2,2,2,1,2,2,1,2,1,0,0,0
2008,6,37,1,61811,1,9,2,1,1,2,1,2,2,2,2,1,3,2,1,1,2,2,2,2,3,2,2,2,2,2,2,2,2,2,2,0,0,0
2008,6,23,1,61812,1,9,1,2,2,2,3,2,1,1,1,1,1,2,2,2,2,1,2,2,3,2,2,2,2,2,2,2,1,1,2,0,0,0
2008,6,55,1,61813,1,9,1,2,1,2,3,2,1,2,1,2,1,2,2,2,1,2,2,2,3,2,2,2,2,2,2,2,2,2,2,0,0,0
2008,6,59,1,61814,1,9,2,2,3,2,3,2,1,2,1,2,1,2,2,2,2,2,2,2,2,2,2,2,2,2,2,2,1,2,2,0,0,0
2008,6,111,1,61815,1,9,2,2,4,2,4,2,1,1,1,2,1,2,2,2,1,2,2,2,1,2,2,2,2,2,1,1,1,2,2,0,0,0
2008,6,47,1,61816,1,9,1,2,1,2,3,2,3,1,1,2,2,1,2,2,2,2,2,2,3,2,2,2,2,2,1,1,1,2,2,0,0,0
2008,6,37,1,61817,1,9,2,1,1,2,1,2,1,1,1,2,2,1,1,2,2,2,2,2,2,2,2,2,2,2,2,2,2,2,2,0,0,0
2008,6,47,1,61818,1,9,1,2,2,2,3,2,1,2,1,2,1,2,2,2,2,2,1,2,1,2,2,2,2,2,2,2,1,2,2,0,0,0
2008,6,73,1,61819,1,9,2,2,1,2,4,2,4,1,1,2,2,2,2,2,2,2,2,2,3,2,2,2,2,1,2,2,2,2,2,0,0,0
2008,6,7,1,61820,1,9,1,2,4,2,5,2,1,2,1,2,3,1,2,2,2,2,2,2,1,2,2,2,2,2,2,2,1,1,2,0,0,0
2008,6,19,1,61821,1,9,1,2,2,2,5,2,1,2,2,2,1,2,1,2,2,2,2,2,1,2,2,2,2,2,2,2,1,2,2,0,0,0
2008,6,65,1,61822,1,9,1,2,2,2,3,2,1,3,2,2,1,2,2,2,2,2,1,2,2,2,2,2,2,2,2,2,1,2,2,0,0,0
2008,6,77,1,61823,1,9,2,2,2,2,4,2,1,2,2,2,1,2,1,2,2,2,2,2,1,2,2,2,2,2,2,2,1,2,2,0,0,0
2008,6,37,1,61824,1,9,2,2,1,2,6,2,1,1,1,2,1,2,2,2,2,1,2,2,3,2,2,2,2,2,2,2,2,2,2,0,0,0
2008,6,37,1,61825,1,9,2,2,1,1,3,1,4,2,1,2,2,2,1,1,2,2,2,2,1,2,2,2,2,1,2,2,2,2,2,0,0,0
2008,6,37,1,61826,1,9,2,2,4,2,5,2,1,2,2,2,1,2,2,1,2,2,1,2,1,2,2,2,2,2,2,2,1,2,2,0,0,0
2008,6,99,7,61827,1,9,1,2,1,1,6,1,4,1,1,2,2,1,2,2,2,2,1,2,2,2,2,2,2,2,2,2,2,2,2,0,0,0
2008,6,113,1,61828,1,9,2,1,4,2,1,2,1,2,1,2,1,2,2,1,2,2,2,2,1,1,1,1,1,2,2,1,1,2,2,0,0,0
2008,6,85,1,61829,1,9,1,2,1,2,3,2,1,2,1,1,1,2,2,2,1,2,2,2,3,2,2,2,2,2,2,2,2,2,2,0,0,0
2008,6,67,1,61830,1,9,2,2,1,1,5,1,4,1,1,2,2,2,1,2,2,2,2,2,3,2,2,2,2,1,2,2,2,2,2,0,0,0
2008,6,19,1,61831,1,9,1,2,4,2,5,2,1,2,1,2,1,2,2,2,2,2,2,2,1,2,2,2,2,2,2,2,1,2,2,0,0,0
2008,6,37,1,61832,1,9,2,2,1,2,4,2,1,1,1,1,1,2,2,1,1,2,2,2,3,2,2,2,2,2,2,2,2,2,2,0,0,0
2008,6,37,1,61833,1,9,2,2,1,1,3,1,1,2,2,2,1,2,2,2,1,2,2,2,1,2,2,2,2,2,2,2,2,2,2,0,0,0
2008,6,37,1,61834,1,9,2,2,4,2,6,2,1,2,2,2,1,2,2,2,2,2,2,2,1,2,2,2,2,2,1,1,1,2,2,0,0,0
2008,6,47,1,61835,1,9,2,2,1,1,3,1,1,1,2,2,1,1,2,2,1,2,2,2,3,2,2,2,2,1,2,2,2,2,2,0,0,0
2008,6,73,1,61836,1,9,2,2,1,1,4,1,1,2,2,2,1,2,2,2,2,1,2,2,1,2,2,2,2,2,2,2,2,2,2,0,0,0
2008,6,107,1,61837,1,9,1,2,1,2,3,2,3,2,2,2,2,2,2,2,2,2,1,2,1,2,2,2,2,2,2,2,2,2,2,0,0,0
2008,6,73,1,61838,1,9,2,2,2,2,4,2,1,2,2,2,1,2,2,2,2,2,1,2,1,2,2,2,2,2,2,2,1,2,2,0,0,0
2008,6,77,1,61839,1,9,1,2,1,1,3,1,4,1,2,2,2,2,2,2,2,2,2,2,2,2,2,2,2,2,2,2,2,2,2,0,0,0
2008,6,59,1,61840,1,9,1,2,1,2,3,2,1,2,2,2,1,2,1,2,2,2,2,2,3,2,2,2,2,2,2,2,2,2,2,0,0,0
2008,6,37,1,61841,1,9,2,1,1,2,1,2,1,2,2,1,1,2,2,2,1,2,2,2,3,2,2,2,2,2,2,2,2,2,2,0,0,0
2008,6,53,1,61842,1,9,2,2,1,1,6,1,2,1,1,1,2,2,1,2,2,2,2,2,2,2,2,2,2,2,2,2,2,2,2,0,0,0
2008,6,19,1,61843,1,9,1,2,4,2,3,2,1,1,1,2,1,2,2,2,2,2,1,2,2,2,2,2,2,2,2,2,1,2,2,0,0,0
2008,6,67,1,61844,1,9,2,2,1,2,5,2,1,1,1,2,1,1,2,1,1,2,2,2,2,2,2,2,2,2,2,2,2,2,2,0,0,0
2008,6,65,1,61845,1,9,2,2,4,2,6,2,1,1,2,2,1,2,2,1,2,2,1,2,1,2,2,2,2,2,2,2,1,2,2,0,0,0
2008,6,37,1,61846,1,9,2,2,1,1,3,1,1,1,2,2,1,2,2,2,2,1,2,2,2,2,2,2,2,1,2,2,2,2,2,0,0,0
2008,6,73,1,61847,1,9,2,2,1,1,3,1,4,1,2,2,2,2,2,2,2,2,2,2,1,2,2,2,2,2,2,2,2,2,2,0,0,0
2008,6,33,2,61848,1,9,1,2,1,1,4,1,3,1,2,2,2,2,2,2,2,2,1,2,3,1,1,1,1,2,2,1,2,2,1,0,0,0
2008,6,67,1,61849,1,9,1,2,1,1,6,1,4,2,2,1,2,2,1,2,2,2,2,2,3,2,2,2,2,2,2,2,2,2,2,0,0,0
2008,6,29,1,61850,1,9,2,2,1,1,5,1,1,2,1,2,1,2,2,2,1,2,2,2,2,2,2,2,2,2,1,1,2,2,2,0,0,0
2008,6,83,1,61851,1,9,1,2,4,2,6,2,1,1,2,2,1,2,2,2,2,2,1,2,2,2,2,2,2,2,2,2,1,2,2,0,0,0
2008,6,65,1,61852,1,9,1,2,1,2,3,2,3,1,1,2,2,2,2,2,2,2,2,2,2,2,2,2,2,2,2,2,1,2,2,0,0,0
2008,6,73,1,61853,1,9,1,1,1,2,1,2,2,1,2,1,2,2,2,1,2,2,1,2,2,2,2,2,2,1,1,1,2,2,2,0,0,0
2008,6,59,1,61854,1,9,2,2,1,2,4,2,4,2,2,2,2,2,1,2,2,2,2,2,2,2,2,2,2,2,1,1,2,2,2,0,0,0
2008,6,59,1,61855,1,9,2,2,1,2,6,2,1,1,1,2,1,2,2,2,1,2,2,2,2,2,2,2,2,2,2,2,2,2,2,0,0,0
2008,6,71,1,61856,1,9,2,1,1,2,1,2,1,2,1,2,3,1,2,2,1,2,2,2,3,2,2,2,2,2,1,1,2,2,2,0,0,0
2008,6,85,1,61857,1,9,2,2,4,2,6,2,1,2,2,2,1,2,2,2,2,2,2,2,1,2,2,2,2,2,2,2,1,2,2,0,0,0
2008,6,33,1,61858,1,9,1,2,1,2,3,2,1,2,2,2,1,2,2,2,1,2,2,2,3,2,2,2,2,2,2,2,2,2,2,0,0,0
2008,6,37,1,61859,1,9,2,2,4,1,4,1,1,2,2,2,1,2,2,1,2,2,1,2,1,2,2,2,2,2,1,1,2,2,2,0,0,0
2008,6,111,1,61860,1,9,2,2,1,1,4,1,4,1,1,2,2,2,2,2,2,2,2,2,3,2,2,2,2,1,2,2,2,2,2,0,0,0
2008,6,59,1,61861,1,9,2,2,3,2,4,2,1,2,1,2,1,2,2,1,2,2,2,2,1,2,2,2,2,2,1,1,1,2,2,0,0,0
2008,6,17,1,61862,1,9,2,2,2,2,5,2,1,1,1,2,1,2,2,1,2,2,1,2,1,2,2,2,2,2,2,2,1,2,2,0,0,0
2008,6,25,1,61863,1,9,2,1,2,2,1,2,2,1,1,2,1,2,2,2,1,2,2,2,2,2,2,2,2,2,2,2,1,2,2,0,0,0
2008,6,97,1,61864,1,9,1,2,4,2,5,2,1,1,1,2,1,2,2,2,2,2,1,2,1,2,2,2,2,2,2,2,1,2,2,0,0,0
2008,6,65,1,61865,1,9,2,2,4,2,4,2,1,2,1,2,1,2,2,1,2,2,1,2,1,2,2,2,2,2,2,2,1,2,2,0,0,0
2008,6,73,1,61866,1,9,2,2,1,1,4,1,4,2,1,2,2,2,1,2,2,2,2,2,1,2,2,2,2,2,1,1,2,2,2,0,0,0
2008,6,29,3,61867,1,9,1,1,3,2,1,2,1,2,1,2,1,2,2,2,2,2,1,2,3,1,2,1,2,2,2,2,2,2,2,0,0,0
2008,6,37,1,61868,1,9,2,2,3,2,3,2,1,1,1,2,1,2,1,1,2,2,2,2,2,2,2,1,1,2,2,1,1,2,2,0,0,0
2008,6,87,1,61869,1,9,2,2,4,2,2,2,1,2,2,2,1,2,2,2,2,2,2,2,2,2,2,2,2,2,1,1,1,2,2,0,0,0
2008,6,73,1,61870,1,9,1,2,1,2,5,2,1,2,2,1,3,2,2,2,1,2,1,2,3,2,2,2,2,2,1,1,2,2,2,0,0,0
2008,6,19,1,61871,1,9,1,2,1,2,5,3,3,1,2,2,2,2,1,1,2,2,2,2,3,1,1,1,1,2,2,1,2,2,2,0,0,0
2008,6,99,1,61872,1,9,1,2,1,2,6,2,1,1,2,2,1,2,1,2,2,1,2,2,2,2,2,2,2,2,2,2,2,2,2,0,0,0
2008,6,81,1,61873,1,9,1,2,4,2,5,2,1,1,2,2,1,2,1,2,2,2,2,2,2,2,2,2,2,1,2,2,1,2,2,0,0,0
2008,6,95,1,61874,1,9,1,1,1,2,1,2,1,2,2,1,2,2,2,2,1,2,2,2,3,2,2,2,2,2,2,2,2,2,2,0,0,0
2008,6,19,1,61875,1,9,2,2,1,1,4,1,1,2,2,2,1,2,2,2,1,2,2,2,3,2,2,2,2,2,2,2,2,2,2,0,0,0
2008,6,67,1,61876,1,9,2,2,1,1,5,1,1,2,2,2,1,2,2,2,2,1,2,2,3,2,2,2,2,2,2,2,2,2,2,0,0,0
2008,6,37,1,61877,1,9,2,1,1,2,1,3,1,2,1,2,1,2,2,2,2,2,2,2,3,2,2,2,2,2,2,2,2,2,2,0,0,0
2008,6,59,1,61878,1,9,2,2,2,2,4,2,1,2,2,2,1,2,1,2,2,2,2,2,2,1,1,1,1,2,2,1,1,1,2,0,0,0
2008,6,97,1,61879,1,9,1,2,2,2,3,2,1,2,2,2,1,2,2,2,2,2,2,2,3,2,2,2,2,2,1,1,1,1,2,0,0,0
2008,6,1,1,61880,1,9,2,2,1,1,5,1,1,1,1,2,1,2,2,2,1,2,2,2,2,2,2,2,2,1,2,2,2,1,2,0,0,0
2008,6,37,1,61881,1,9,2,2,1,2,3,2,1,1,1,1,1,2,1,2,1,2,2,2,3,2,2,2,2,2,2,2,2,2,2,0,0,0
2008,6,37,1,61882,1,9,2,2,1,1,5,1,4,1,1,2,2,1,1,2,2,2,2,2,2,2,2,2,2,2,2,2,2,2,2,0,0,0
2008,6,37,1,61883,1,9,2,2,1,1,3,1,4,2,1,2,2,2,1,2,2,2,2,2,3,2,2,2,2,2,2,2,2,2,2,0,0,0
2008,6,73,1,61884,1,9,1,2,2,2,6,2,1,2,2,2,1,2,2,1,2,2,1,1,3,2,2,2,2,2,2,2,1,2,2,0,0,0
2008,6,37,1,61885,1,9,2,2,1,1,3,1,1,2,2,1,1,2,2,2,2,1,2,2,3,2,2,2,2,2,2,2,2,2,2,0,0,0
2008,6,37,1,61886,1,9,2,2,1,2,3,2,1,1,1,2,1,2,2,2,1,2,2,2,3,2,2,2,2,1,2,2,2,2,2,0,0,0
2008,6,53,1,61887,1,9,1,2,1,2,3,2,2,2,1,1,2,1,2,1,1,2,2,2,2,2,2,2,2,2,2,2,2,2,2,0,0,0
2008,6,29,1,61888,1,9,2,2,4,2,3,2,1,2,1,2,1,2,1,2,2,2,2,2,2,2,2,1,1,2,2,1,1,2,2,0,0,0
2008,6,27,1,61889,1,9,1,2,1,2,6,2,1,3,1,2,1,2,2,2,2,2,1,2,2,2,2,2,2,2,2,2,1,2,2,0,0,0
2008,6,73,1,61890,1,9,2,2,4,2,4,2,1,2,1,2,1,2,2,1,2,2,1,2,1,2,2,2,2,2,1,1,1,2,2,0,0,0
2008,6,59,1,61891,1,9,2,2,1,2,2,2,2,1,1,2,3,2,1,1,2,2,2,2,3,2,2,2,2,2,2,2,2,2,2,0,0,0
2008,6,59,1,61892,1,9,2,2,1,1,4,1,1,1,1,2,1,2,2,2,1,2,2,2,3,2,2,2,2,2,2,2,2,2,2,0,0,0
2008,6,37,1,61893,1,9,2,2,1,1,3,1,4,1,1,2,2,2,2,2,2,2,2,2,3,2,2,2,2,2,2,2,2,2,2,0,0,0
2008,6,47,1,61894,1,9,1,2,1,2,3,2,1,1,1,2,1,2,1,2,2,2,2,2,2,2,2,2,2,1,2,2,2,2,2,0,0,0
2008,6,65,1,61895,1,9,1,2,1,2,3,2,5,1,1,2,3,1,1,1,2,2,2,2,3,2,2,2,2,1,2,2,1,2,2,0,0,0
2008,6,97,1,61896,1,9,1,2,4,2,6,2,1,1,1,2,1,2,2,2,2,2,2,2,1,2,2,2,2,2,2,2,1,2,2,0,0,0
2008,6,71,1,61897,1,9,2,2,1,2,6,2,1,2,2,1,1,2,2,2,1,2,2,2,1,2,2,2,2,2,2,2,2,1,2,0,0,0
2008,6,41,1,61898,1,9,1,2,4,2,6,2,1,3,2,2,1,2,1,1,2,2,2,2,1,2,2,2,2,2,2,2,1,2,2,0,0,0
2008,6,73,1,61899,1,9,1,1,3,2,1,2,1,2,2,2,1,2,2,1,2,2,1,2,2,1,1,1,1,2,2,1,1,2,1,0,0,0
2008,6,37,1,61900,1,9,1,2,4,2,5,2,1,2,2,2,1,2,2,2,2,2,1,2,2,2,2,1,1,2,2,1,1,2,2,0,0,0
2008,6,31,2,61901,1,9,1,2,1,1,4,1,4,1,2,2,2,1,2,2,2,2,2,2,3,2,2,2,2,2,2,2,2,2,2,0,0,0
2008,6,37,1,61902,1,9,1,2,1,2,5,2,3,1,2,2,2,2,1,2,2,2,2,2,1,2,2,2,2,1,2,2,1,2,2,0,0,0
2008,6,73,1,61903,1,9,1,2,1,2,5,2,4,1,2,2,2,2,1,2,2,2,2,2,3,2,2,2,2,1,2,2,1,2,2,0,0,0
2008,6,37,1,61904,1,9,1,2,1,2,4,2,5,1,2,2,2,2,1,2,2,2,2,2,3,2,2,2,2,2,1,1,2,2,2,0,0,0
2008,6,33,1,61905,1,9,1,2,1,2,6,2,5,2,2,2,2,2,1,1,2,2,2,2,3,2,2,2,2,2,2,2,1,2,2,0,0,0
2008,6,107,1,61906,1,9,1,2,2,2,5,2,1,2,2,2,1,2,2,2,2,2,1,2,3,2,2,2,2,1,2,2,1,2,2,0,0,0
2008,6,71,1,61907,1,9,1,2,1,2,4,2,4,1,1,2,2,2,2,2,2,2,1,2,3,2,2,2,2,1,2,2,1,2,2,0,0,0
2008,6,37,1,61908,1,9,2,1,2,2,1,2,2,1,1,2,1,2,2,2,2,2,2,2,2,2,2,2,2,2,2,2,2,2,2,0,0,0
2008,6,71,1,61909,1,9,2,2,1,1,6,1,4,1,1,2,2,2,2,2,2,2,2,2,1,2,2,2,2,1,1,1,2,2,2,0,0,0
2008,6,65,1,61910,1,9,2,2,2,2,4,2,1,1,1,2,1,2,2,2,2,2,1,2,1,2,2,2,2,2,2,2,1,2,2,0,0,0
2008,6,37,1,61911,1,9,2,1,2,2,1,2,1,2,2,2,1,2,2,1,2,2,2,2,1,2,2,2,2,2,1,1,1,2,2,0,0,0
2008,6,37,1,61912,1,9,2,2,1,2,6,2,6,1,2,2,1,2,2,2,2,2,2,2,2,2,2,2,2,2,2,2,2,2,2,0,0,0
2008,6,95,1,61913,1,9,2,2,3,2,3,2,1,2,2,2,1,2,2,1,2,2,1,2,2,1,1,1,1,2,2,1,1,2,2,0,0,0
2008,6,65,1,61914,1,9,1,2,2,2,3,2,1,2,2,1,1,2,2,2,2,2,1,2,3,1,1,1,1,2,2,1,1,2,2,0,0,0
2008,6,85,1,61915,1,9,2,2,1,1,3,1,1,1,2,1,1,2,2,2,1,2,2,2,3,2,2,2,2,2,2,2,2,2,2,0,0,0
2008,6,65,1,61916,1,9,2,1,1,2,1,2,2,2,2,2,2,2,1,1,2,2,2,2,1,2,2,2,2,2,1,1,2,2,2,0,0,0
2008,6,97,1,61917,1,9,2,2,1,2,2,2,2,1,1,2,2,2,1,2,2,2,2,2,3,2,2,2,2,1,2,2,2,2,2,0,0,0
2008,6,67,1,61918,1,9,2,2,1,2,3,2,4,1,1,2,2,2,2,2,2,2,1,2,3,2,2,2,2,1,2,2,2,2,2,0,0,0
2008,6,71,1,61919,1,9,2,2,1,1,2,1,4,2,1,2,2,2,1,2,2,2,2,2,3,2,2,2,2,2,2,2,2,2,2,0,0,0
2008,6,37,1,61920,1,9,2,2,1,1,3,1,1,2,1,2,1,2,2,2,1,2,2,2,3,2,2,2,2,2,1,1,2,2,2,0,0,0
2008,6,71,1,61921,1,9,2,2,1,1,6,1,1,2,2,2,1,2,2,2,2,1,2,2,3,2,2,2,2,2,2,2,2,2,2,0,0,0
2008,6,73,1,61922,1,9,2,2,1,1,4,1,1,2,2,1,1,2,2,2,1,2,2,2,2,2,2,2,2,2,1,1,2,2,2,0,0,0
2008,6,67,1,61923,1,9,2,2,4,2,3,2,1,2,1,2,1,2,2,2,2,2,2,2,2,2,2,2,2,2,2,2,1,2,2,0,0,0
2008,6,13,1,61924,1,9,2,2,1,2,2,2,2,1,1,2,3,2,2,1,2,2,2,2,3,2,2,2,2,2,2,2,2,2,2,0,0,0
2008,6,37,1,61925,1,9,2,2,1,2,4,2,3,2,1,2,2,2,2,2,2,2,2,2,1,2,2,2,2,2,2,2,1,2,2,0,0,0
2008,6,37,1,61926,1,9,2,2,2,2,6,2,1,2,2,2,1,2,2,2,2,2,2,2,2,1,1,1,1,2,2,1,1,2,2,0,0,0
2008,6,37,1,61927,1,9,2,2,2,2,2,2,1,2,2,2,1,2,2,1,2,2,1,2,1,2,2,2,2,2,2,2,1,1,2,0,0,0
2008,6,111,1,61928,1,9,2,2,2,2,3,2,1,2,2,2,1,2,2,1,2,2,2,2,1,1,1,1,1,2,2,1,1,1,2,0,0,0
2008,6,37,1,61929,1,9,2,2,1,1,3,1,4,2,2,2,2,2,2,1,2,2,1,2,2,2,2,1,1,2,2,1,2,2,2,0,0,0
2008,6,37,1,61930,1,9,2,2,1,2,4,2,1,2,2,2,1,2,2,2,1,2,2,2,3,2,2,2,2,2,2,2,2,2,2,0,0,0
2008,6,39,1,61931,1,9,2,2,1,2,2,2,1,2,2,2,2,2,2,2,1,2,2,2,3,2,2,2,2,2,2,2,2,2,2,0,0,0
2008,6,59,1,61932,1,9,2,2,3,2,2,3,1,2,2,2,1,2,1,2,2,2,2,2,3,2,2,2,2,2,2,2,1,2,2,0,0,0
2008,6,77,1,61933,1,9,1,2,2,2,3,2,1,1,2,2,1,2,2,2,2,2,1,2,2,2,2,2,2,2,2,2,1,2,2,0,0,0
2008,6,61,2,61934,1,9,1,1,2,2,1,2,1,1,1,2,1,1,2,1,2,2,1,2,2,2,2,2,2,2,2,2,1,2,2,0,0,0
2008,6,71,1,61935,1,9,2,2,4,2,4,2,1,1,2,2,1,2,2,1,2,1,2,2,1,2,2,2,2,2,2,2,1,2,2,0,0,0
2008,6,13,1,61936,1,9,2,2,1,1,3,1,4,1,1,2,2,2,2,2,1,2,2,2,2,2,2,2,2,2,2,2,2,2,2,0,0,0
2008,6,73,1,61937,1,9,2,1,1,2,1,2,1,2,1,1,1,2,2,2,1,2,2,2,3,2,2,2,2,2,2,2,2,2,2,0,0,0
2008,6,79,1,61938,1,9,1,2,3,2,3,2,1,1,1,2,1,2,2,2,2,2,1,2,1,1,1,1,1,2,2,1,1,2,2,0,0,0
2008,6,19,1,61939,1,9,1,1,4,2,1,2,1,1,1,2,1,2,2,1,2,2,1,2,3,2,2,2,2,2,2,2,1,2,2,0,0,0
2008,6,59,1,61940,1,9,2,2,4,1,3,1,1,1,1,2,1,2,1,2,2,2,2,2,2,2,2,2,2,2,2,2,2,2,2,0,0,0
2008,6,19,1,61941,1,9,1,2,4,2,3,2,1,1,1,2,1,2,2,2,2,2,1,2,2,2,2,2,2,2,2,2,1,2,2,0,0,0
2008,6,87,1,61942,1,9,2,2,4,2,2,2,1,2,1,2,1,2,2,2,2,2,2,2,1,2,2,2,2,2,2,2,1,2,2,0,0,0
2008,6,37,1,61943,1,9,2,2,4,2,3,2,1,2,1,2,1,2,2,1,2,2,2,2,1,2,2,2,2,2,1,1,1,2,2,0,0,0
2008,6,65,1,61944,1,9,1,2,1,2,5,2,3,1,1,2,2,2,2,2,2,2,2,2,1,2,2,1,1,1,2,1,1,2,2,0,0,0
2008,6,71,1,61945,1,9,2,2,1,2,2,2,4,1,1,2,2,2,2,1,2,2,2,2,3,2,2,2,2,2,2,2,1,2,2,0,0,0
2008,6,97,1,61946,1,9,2,2,4,2,4,2,1,1,2,2,1,2,2,1,2,2,2,2,2,2,2,2,2,2,2,2,1,2,2,0,0,0
2008,6,1,1,61947,1,9,2,2,4,1,3,1,1,1,2,2,1,2,2,1,2,2,2,2,2,2,2,2,2,2,1,1,2,2,2,0,0,0
2008,6,79,1,61948,1,9,1,2,2,2,3,2,1,1,2,2,1,2,2,2,2,2,1,2,1,2,2,2,2,2,2,2,1,2,2,0,0,0
2008,6,59,1,61949,1,9,2,2,3,2,3,2,1,2,1,2,1,2,2,1,2,2,2,2,1,1,1,1,1,2,2,1,1,2,2,0,0,0
2008,6,37,1,61950,1,9,2,2,1,2,2,2,1,1,1,2,3,2,2,1,2,2,2,2,3,2,2,2,2,1,1,1,2,2,2,0,0,0
2008,6,83,1,61951,1,9,2,2,1,1,3,1,2,1,1,2,3,1,2,1,2,2,2,2,1,2,2,2,2,2,2,2,2,2,2,0,0,0
2008,6,103,1,61952,1,9,1,2,1,2,3,2,3,1,1,2,2,1,2,2,2,2,2,2,2,2,2,2,2,1,2,2,1,2,2,0,0,0
2008,6,51,1,61953,1,9,1,2,1,2,3,2,1,1,1,2,1,2,1,2,2,2,2,2,3,2,2,2,2,2,2,2,1,2,2,0,0,0
2008,6,97,1,61954,1,9,2,2,1,2,4,2,1,2,1,2,1,2,2,2,1,2,2,2,2,2,2,2,2,2,2,2,2,2,2,0,0,0
2008,6,71,1,61955,1,9,2,2,4,2,4,2,1,2,1,2,1,2,2,2,2,2,1,2,1,1,1,1,1,2,2,1,1,2,2,0,0,0
2008,6,21,1,61956,1,9,1,1,3,2,1,2,1,2,1,2,1,2,1,1,2,2,2,1,1,2,2,2,2,2,2,2,1,2,2,0,0,0
2008,6,65,1,61957,1,9,2,2,1,2,5,3,1,1,1,2,1,2,2,2,2,2,2,2,2,2,2,2,2,1,2,2,1,2,2,0,0,0
2008,6,87,1,61958,1,9,1,2,1,2,3,2,1,2,2,2,1,2,2,1,2,2,1,2,1,2,2,2,2,2,1,1,1,2,2,0,0,0
2008,6,31,1,61959,1,9,1,2,4,2,6,2,1,1,2,2,1,2,2,2,2,2,1,2,1,1,1,1,1,2,2,1,1,2,2,0,0,0
2008,6,29,1,61960,1,9,2,2,1,2,3,2,1,2,1,1,1,2,2,2,1,2,2,2,3,2,2,2,2,2,2,2,2,2,2,0,0,0
2008,6,67,1,61961,1,9,2,2,1,2,3,2,1,2,1,1,1,2,2,2,1,2,2,2,3,2,2,2,2,2,2,2,2,2,2,0,0,0
2008,6,13,1,61962,1,9,2,2,1,2,4,2,3,1,1,2,2,2,2,2,2,2,2,1,3,2,2,2,2,2,2,2,1,2,2,0,0,0
2008,6,107,1,61963,1,9,1,2,2,2,4,2,1,1,1,2,1,2,2,1,2,2,2,2,1,2,2,2,2,1,2,2,1,2,2,0,0,0
2008,6,37,1,61964,1,9,2,2,1,1,4,1,1,1,1,2,1,1,2,2,2,2,2,2,3,2,2,2,2,2,2,2,2,2,2,0,0,0
2008,6,71,1,61965,1,9,2,2,2,2,3,2,1,2,1,2,1,2,2,2,2,2,2,2,2,2,2,2,2,2,2,2,1,2,2,0,0,0
2008,6,71,1,61966,1,9,2,2,4,1,5,1,1,2,2,2,1,2,1,1,2,2,2,2,1,2,2,2,2,2,1,1,2,2,2,0,0,0
2008,6,79,2,61967,1,9,1,2,4,2,3,2,1,1,1,2,1,2,2,2,2,2,1,2,3,2,2,1,1,2,2,1,1,1,2,0,0,0
2008,6,29,1,61968,1,9,1,1,4,2,1,2,1,1,1,2,1,2,2,1,2,2,2,2,3,2,2,2,2,2,1,1,1,2,2,0,0,0
2008,6,79,1,61969,1,9,2,2,1,1,4,1,1,1,1,2,1,2,1,1,2,2,2,2,1,2,2,2,2,2,2,2,2,2,2,0,0,0
2008,6,55,1,61970,1,9,1,2,4,2,6,2,1,1,1,2,1,2,2,1,2,2,2,2,1,2,2,2,2,2,2,2,1,2,2,0,0,0
2008,6,65,1,61971,1,9,2,2,1,1,4,1,1,2,1,2,1,2,2,2,1,2,2,2,3,2,2,2,2,1,2,2,2,2,2,0,0,0
2008,6,85,1,61972,1,9,2,2,4,2,2,2,1,2,1,2,1,2,1,2,2,2,2,2,1,2,2,2,2,2,2,2,1,2,2,0,0,0
2008,6,83,1,61973,1,9,2,2,1,2,2,2,1,3,3,1,1,2,2,2,1,2,2,2,3,2,2,2,2,2,2,2,2,2,2,0,0,0
2008,6,65,1,61974,1,9,1,2,4,2,3,2,1,1,1,2,1,2,2,2,2,2,2,2,2,2,2,2,2,2,2,2,1,2,2,0,0,0
2008,6,61,1,61975,1,9,2,2,1,1,3,1,4,1,1,2,2,2,1,1,2,2,2,2,2,2,2,2,2,1,1,1,2,2,2,0,0,0
2008,6,59,1,61976,1,9,2,2,1,2,6,2,1,2,1,2,1,2,2,2,2,1,2,2,3,2,2,2,2,2,2,2,2,2,2,0,0,0
2008,6,65,1,61977,1,9,1,2,1,2,3,2,1,1,1,2,2,1,1,2,2,2,2,2,2,2,2,2,2,2,1,1,2,2,2,0,0,0
2008,6,37,1,61978,1,9,2,2,1,1,4,1,1,1,1,2,1,2,2,2,2,1,2,2,3,2,2,2,2,2,2,2,2,2,2,0,0,0
2008,6,77,1,61979,1,9,2,2,1,1,5,1,1,1,1,2,2,2,1,1,2,2,2,2,3,2,2,1,1,2,1,1,2,2,2,0,0,0
2008,6,73,1,61980,1,9,2,1,1,2,1,2,2,2,1,2,3,2,1,1,2,2,1,2,1,1,1,1,1,1,2,1,2,2,2,0,0,0
2008,6,65,1,61981,1,9,2,2,4,2,2,2,1,2,1,2,1,2,2,2,2,2,1,2,2,2,2,2,2,2,2,2,1,2,2,0,0,0
2008,6,73,1,61982,1,9,2,2,3,2,4,2,1,1,1,2,1,2,1,1,2,2,2,2,2,2,2,2,2,2,1,1,1,2,2,0,0,0
2008,6,77,1,61983,1,9,2,2,4,2,2,2,1,1,1,2,1,2,2,2,2,2,1,2,1,2,2,2,2,2,2,2,1,2,2,0,0,0
2008,6,53,3,61984,1,9,1,2,4,2,5,2,1,1,1,2,1,2,2,1,2,2,2,2,1,2,2,2,2,2,2,2,1,2,2,0,0,0
2008,6,37,1,61985,1,9,2,2,1,1,4,1,4,1,1,2,2,2,1,2,2,2,2,2,3,2,2,2,2,2,2,2,2,2,2,0,0,0
2008,6,19,1,61986,1,9,1,1,4,2,1,2,1,2,2,2,1,2,2,2,2,2,1,2,3,2,2,2,2,2,1,1,1,2,2,0,0,0
2008,6,73,1,61987,1,9,2,2,3,2,2,3,1,2,2,2,1,2,1,1,2,2,2,2,2,2,2,1,1,2,2,1,1,2,2,0,0,0
2008,6,37,1,61988,1,9,2,2,1,2,2,2,2,2,2,2,2,2,2,1,2,2,2,2,3,2,2,2,2,2,2,2,2,2,2,0,0,0
2008,6,73,1,61989,1,9,2,1,1,2,1,2,1,2,2,2,1,2,2,2,1,2,2,2,3,2,2,2,2,2,2,2,2,2,2,0,0,0
2008,6,65,1,61990,1,9,2,2,1,2,6,2,1,1,2,2,1,2,2,2,1,2,2,2,3,2,2,2,2,2,2,2,2,2,2,0,0,0
2008,6,21,1,61991,1,9,1,2,4,2,3,2,1,1,2,2,1,2,1,2,2,2,2,2,1,2,2,2,2,2,2,2,1,2,2,0,0,0
2008,6,73,1,61992,1,9,2,2,4,2,6,2,2,1,2,2,1,2,2,1,2,2,2,2,1,2,2,2,2,2,2,2,1,2,2,0,0,0
2008,6,71,1,61993,1,9,2,2,1,1,4,1,1,1,2,2,1,2,2,2,1,2,2,2,2,2,2,2,2,2,2,2,2,2,2,0,0,0
2008,6,57,1,61994,1,9,1,2,1,2,3,2,3,1,2,2,2,2,1,1,2,2,2,2,3,2,2,2,2,1,2,2,1,2,2,0,0,0
2008,6,27,1,61995,1,9,1,2,1,2,3,2,3,1,2,2,2,2,2,2,2,2,1,2,3,2,2,2,2,2,2,2,1,1,2,0,0,0
2008,6,77,1,61996,1,9,2,2,1,1,4,1,1,1,2,2,1,2,2,2,1,2,2,2,3,2,2,2,2,1,2,2,2,2,2,0,0,0
2008,6,107,2,61997,1,9,1,2,1,1,5,1,4,2,2,2,2,2,2,2,2,2,1,2,3,2,2,2,2,1,2,2,2,2,2,0,0,0
2008,6,31,1,61998,1,9,1,2,2,2,5,2,1,1,1,2,1,2,2,2,2,2,1,2,1,2,2,2,2,1,2,2,1,2,2,0,0,0
2008,6,37,1,61999,1,9,2,2,1,1,6,1,4,1,1,2,3,2,2,2,2,2,2,2,3,2,2,2,2,1,2,2,2,2,2,0,0,0
2008,6,73,1,62000,1,9,2,2,3,2,4,2,1,1,1,2,1,2,2,2,2,2,2,2,3,2,2,2,2,1,2,2,1,2,2,0,0,0
2008,6,71,1,62001,1,9,1,2,4,2,3,2,1,1,1,2,1,2,1,2,2,2,2,2,2,2,2,2,2,2,2,2,1,2,2,0,0,0
2008,6,19,1,62002,1,9,1,2,1,1,5,1,4,1,1,2,2,2,2,2,2,2,1,2,3,2,2,2,2,2,1,1,2,2,2,0,0,0
2008,6,67,1,62003,1,9,2,2,1,2,3,2,1,2,1,2,1,2,2,2,1,2,2,2,3,2,2,2,2,2,2,2,2,2,2,0,0,0
2008,6,37,1,62004,1,9,2,2,1,2,4,2,3,2,1,2,2,2,2,1,2,2,2,2,1,2,2,2,2,2,1,1,1,2,2,0,0,0
2008,6,95,1,62005,1,9,2,1,3,2,1,2,1,1,1,2,3,2,1,1,2,2,2,2,3,2,2,2,2,2,2,2,1,2,2,0,0,0
2008,6,19,1,62006,1,9,1,2,1,2,5,2,1,1,1,2,1,2,2,2,2,2,1,2,2,1,1,1,1,2,2,1,1,2,2,0,0,0
2008,6,19,1,62007,1,9,1,2,1,2,5,2,1,2,1,2,1,2,2,2,1,2,2,2,3,2,2,1,1,2,2,1,2,2,2,0,0,0
2008,6,73,1,62008,1,9,2,2,4,2,5,2,1,2,1,2,1,2,2,1,2,2,1,2,1,2,2,2,2,2,1,1,1,2,2,0,0,0
2008,6,47,1,62009,1,9,2,2,1,2,2,2,3,1,1,2,2,2,2,1,2,2,2,2,1,2,2,2,2,2,2,2,1,2,2,0,0,0
2008,6,37,1,62010,1,9,2,2,1,2,2,2,1,2,1,1,2,2,2,2,1,2,2,2,3,2,2,2,2,2,2,2,2,2,2,0,0,0
2008,6,19,1,62011,1,9,2,2,1,1,3,1,4,2,1,2,3,2,1,2,2,2,2,2,3,2,2,2,2,2,1,1,2,2,2,0,0,0
2008,6,85,1,62012,1,9,2,2,1,2,2,2,2,1,1,2,2,1,1,1,2,2,2,2,3,2,2,2,2,2,2,2,2,2,2,0,0,0
2008,6,29,1,62013,1,9,1,2,1,1,3,1,2,1,1,2,2,2,1,1,2,2,2,2,3,2,2,2,2,1,2,2,2,2,2,0,0,0
2008,6,85,1,62014,1,9,1,2,4,2,3,2,2,2,2,2,1,2,2,1,2,2,2,2,1,2,2,2,2,2,2,2,1,2,2,0,0,0
2008,6,59,1,62015,1,9,2,2,1,2,2,2,5,2,2,1,2,2,2,2,2,2,1,2,3,2,2,2,2,2,2,2,2,2,2,0,0,0
2008,6,47,1,62016,1,9,1,2,4,2,5,2,3,1,2,2,2,2,2,2,2,2,2,2,3,2,2,2,2,2,2,2,1,2,2,0,0,0
2008,6,107,2,62017,1,9,1,2,1,2,5,2,1,1,2,2,3,2,1,1,2,2,2,2,3,2,2,2,2,2,2,2,1,2,2,0,0,0
2008,6,43,1,62018,1,9,1,2,4,2,5,2,1,1,2,2,1,2,2,1,2,2,2,2,1,2,2,2,2,2,2,2,1,2,2,0,0,0
2008,6,77,1,62019,1,9,1,2,4,2,5,2,1,2,2,2,1,2,1,2,2,2,2,2,1,2,2,2,2,2,2,2,1,2,2,0,0,0
2008,6,25,1,62020,1,9,1,2,2,2,3,2,1,2,2,2,1,2,2,2,2,2,1,2,1,2,2,2,2,2,2,2,1,2,2,0,0,0
2008,6,93,1,62021,1,9,1,2,4,2,6,2,1,2,2,2,1,2,2,2,2,2,1,2,1,2,2,2,2,2,1,1,1,2,2,0,0,0
2008,6,85,1,62022,1,9,2,2,1,2,2,2,4,2,2,2,2,2,2,1,2,2,2,2,2,2,2,1,1,2,2,1,2,2,2,0,0,0
2008,6,83,1,62023,1,9,1,2,1,2,3,2,3,1,2,2,2,2,2,2,2,2,2,2,3,2,2,2,2,2,2,2,1,1,2,0,0,0
2008,6,29,1,62024,1,9,1,2,2,2,3,2,1,1,2,2,1,2,2,2,2,2,1,2,2,2,2,2,2,1,2,2,1,2,2,0,0,0
2008,6,37,1,62025,1,9,2,1,1,2,1,2,1,2,2,2,1,2,2,2,1,2,2,2,3,2,2,2,2,2,2,2,2,2,2,0,0,0
2008,6,37,2,62026,1,9,2,2,1,2,6,2,1,2,2,2,1,2,2,2,1,2,2,2,2,2,2,2,2,2,2,2,2,2,2,0,0,0
2008,6,37,1,62027,1,9,2,2,1,2,3,2,1,2,2,2,1,2,2,2,1,2,2,2,3,2,2,2,2,2,2,2,2,2,2,0,0,0
2008,6,3,1,62028,1,9,1,2,2,2,3,2,1,2,2,2,1,2,2,2,2,2,1,2,1,2,2,2,2,2,2,2,1,2,2,0,0,0
2008,6,97,1,62029,1,9,1,2,2,2,5,2,1,2,2,2,1,2,2,1,2,2,1,2,2,2,2,2,2,2,2,2,1,2,2,0,0,0
2008,6,73,1,62030,1,9,2,2,4,2,3,2,1,1,1,2,1,2,2,2,2,2,2,2,2,2,2,2,2,2,1,1,1,2,2,0,0,0
2008,6,71,1,62031,1,9,2,1,3,2,1,2,1,1,1,2,1,1,2,2,2,2,1,2,2,2,2,2,2,2,2,2,1,2,2,0,0,0
2008,6,99,1,62032,1,9,1,2,4,2,6,2,1,1,1,2,1,2,2,1,2,2,1,2,3,1,1,1,1,2,2,1,1,2,2,0,0,0
2008,6,67,1,62033,1,9,2,2,1,2,2,2,5,2,1,2,2,2,1,1,2,2,2,2,3,2,2,2,2,2,2,2,2,2,2,0,0,0
2008,6,37,1,62034,1,9,2,2,1,2,2,2,1,2,1,2,1,2,2,2,1,2,2,2,3,1,1,1,1,2,2,1,2,2,2,0,0,0
2008,6,75,1,62035,1,9,2,2,4,2,3,2,1,2,1,2,1,2,1,2,2,2,2,2,1,2,2,2,2,2,2,2,1,2,2,0,0,0
2008,6,75,1,62036,1,9,2,2,1,1,4,1,4,1,1,2,2,2,2,2,2,2,2,2,3,2,2,2,2,1,2,2,2,2,2,0,0,0
2008,6,111,1,62037,1,9,2,2,1,3,6,4,2,1,1,2,3,2,2,2,2,2,2,2,3,1,1,1,1,2,2,1,1,2,2,0,0,0
2008,6,37,1,62038,1,9,2,1,1,2,1,2,5,1,1,2,3,2,1,1,2,2,2,2,3,2,2,1,1,2,2,1,2,2,2,0,0,0
2008,6,37,2,62039,1,9,2,1,4,2,1,3,1,2,1,2,1,2,2,1,2,2,2,2,1,2,2,1,1,2,2,1,1,2,2,0,0,0
2008,6,37,1,62040,1,9,2,2,4,2,4,2,1,2,1,2,1,2,2,1,2,2,2,2,1,2,2,2,2,2,1,1,1,2,2,0,0,0
2008,6,19,1,62041,1,9,2,2,1,1,3,1,1,1,1,2,1,2,2,2,1,2,2,2,3,2,2,2,2,2,1,1,2,2,2,0,0,0
2008,6,91,1,62042,1,9,1,2,1,2,5,2,3,1,1,2,2,2,2,2,2,2,2,2,3,2,2,2,2,1,2,2,1,1,2,0,0,0
2008,6,53,1,62043,1,9,1,2,4,1,5,1,1,2,2,2,1,2,1,2,2,2,2,2,1,2,2,2,2,2,2,2,2,2,2,0,0,0
2008,6,59,1,62044,1,9,2,2,1,2,2,2,1,2,2,2,1,2,2,2,2,2,1,2,2,2,2,2,2,2,1,1,1,2,2,0,0,0
2008,6,73,1,62045,1,9,2,2,1,1,2,1,4,2,2,2,2,1,2,2,2,2,2,2,1,2,2,2,2,2,2,2,2,2,2,0,0,0
2008,6,71,1,62046,1,9,2,1,1,2,1,2,2,1,2,2,2,2,2,2,2,2,1,2,3,2,2,2,2,2,1,1,2,2,2,0,0,0
2008,6,25,1,62047,1,9,1,1,2,2,1,2,1,1,2,2,1,2,2,2,2,2,1,2,3,2,2,2,2,2,2,2,2,2,2,0,0,0
2008,6,17,1,62048,1,9,1,2,1,2,3,2,3,1,2,2,2,2,1,2,2,2,2,2,3,2,2,2,2,2,2,2,1,2,2,0,0,0
2008,6,99,1,62049,1,9,1,2,1,2,3,2,1,2,2,2,1,2,2,2,1,2,2,2,3,2,2,2,2,2,2,2,2,2,2,0,0,0
2008,6,53,1,62050,1,9,1,2,1,2,5,2,1,2,2,2,1,2,2,2,1,2,2,2,3,2,2,2,2,2,2,2,2,2,2,0,0,0
2008,6,115,1,62051,1,9,1,2,4,2,5,2,1,2,2,2,1,2,2,2,2,2,1,2,1,2,2,2,2,2,2,2,1,2,2,0,0,0
2008,6,37,1,62052,1,9,2,2,1,1,4,1,4,2,1,2,3,2,2,2,2,2,2,2,1,2,2,2,2,2,2,2,2,2,2,0,0,0
2008,6,31,1,62053,1,9,1,2,1,2,3,2,2,2,1,2,2,1,2,1,2,2,2,2,1,2,2,2,2,2,2,2,2,2,2,0,0,0
2008,6,81,1,62054,1,9,2,2,1,1,6,1,1,1,1,2,1,2,2,1,1,2,2,2,3,2,2,2,2,2,2,2,2,2,2,0,0,0
2008,6,53,1,62055,1,9,2,2,1,2,5,2,1,2,1,2,1,2,2,2,1,2,2,2,3,2,2,2,2,2,2,2,2,2,2,0,0,0
2008,6,37,1,62056,1,9,2,2,1,2,6,2,1,2,1,2,1,2,2,2,2,2,2,2,3,2,2,1,1,2,2,1,2,2,2,0,0,0
2008,6,69,1,62057,1,9,1,2,1,2,4,2,3,1,1,2,2,2,2,2,2,2,2,2,3,2,2,2,2,2,2,2,1,2,2,0,0,0
2008,6,37,1,62058,1,9,2,2,1,2,2,2,5,1,1,1,2,2,2,2,2,2,2,2,3,2,2,1,1,2,2,1,2,2,2,0,0,0
2008,6,67,1,62059,1,9,2,2,2,2,6,2,1,1,1,2,1,2,2,2,2,2,2,2,3,2,2,2,2,2,1,1,1,2,2,0,0,0
2008,6,1,1,62060,1,9,2,2,1,1,4,1,1,1,1,2,1,1,2,2,2,1,2,2,3,2,2,2,2,2,2,2,2,2,2,0,0,0
2008,6,19,1,62061,1,9,1,2,1,1,5,1,4,1,1,2,2,1,2,1,2,2,2,2,3,2,2,2,2,2,2,2,2,2,2,0,0,0
2008,6,59,1,62062,1,9,2,2,1,2,3,3,4,1,1,2,2,1,1,2,2,2,2,2,3,2,2,2,2,2,1,1,2,2,2,0,0,0
2008,6,37,1,62063,1,9,2,2,1,1,3,1,1,2,1,2,1,2,2,2,1,2,2,2,2,2,2,2,2,2,2,2,2,2,2,0,0,0
2008,6,37,1,62064,1,9,2,2,1,1,3,1,2,2,1,2,2,2,2,1,2,2,2,2,3,2,2,2,2,1,2,2,2,2,2,0,0,0
2008,6,47,2,62065,1,9,1,1,1,2,1,2,3,2,1,2,2,2,2,2,2,2,2,2,1,2,2,2,2,2,2,2,1,2,2,0,0,0
2008,6,77,1,62066,1,9,2,2,1,1,3,1,1,2,2,2,1,2,2,2,1,2,2,2,3,2,2,2,2,2,2,2,2,2,2,0,0,0
2008,6,113,1,62067,1,9,1,2,4,2,6,2,1,3,3,2,1,2,1,1,2,2,2,2,1,2,2,2,2,2,2,2,1,2,2,0,0,0
2008,6,59,1,62068,1,9,2,2,1,2,3,2,1,1,1,2,1,2,2,2,2,1,2,2,3,2,2,2,2,2,2,2,2,2,2,0,0,0
2008,6,37,1,62069,1,9,2,1,1,2,1,2,4,2,2,2,2,2,2,1,2,2,2,2,3,2,2,2,2,2,2,2,2,2,2,0,0,0
2008,6,19,1,62070,1,9,2,2,4,1,4,1,1,2,2,2,1,2,2,1,2,2,2,1,1,2,2,2,2,2,2,2,2,2,2,0,0,0
2008,6,37,1,62071,1,9,2,2,1,2,2,2,2,1,1,2,3,1,2,1,2,2,2,2,3,2,2,2,2,2,1,1,2,2,2,0,0,0
2008,6,71,1,62072,1,9,2,2,1,2,6,2,1,2,1,2,1,2,2,2,1,2,2,2,3,2,2,2,2,2,2,2,2,2,2,0,0,0
2008,6,19,1,62073,1,9,2,2,1,2,4,2,1,2,2,2,1,2,2,2,2,2,2,2,2,2,2,2,2,2,1,1,2,2,2,0,0,0
2008,6,71,1,62074,1,9,2,2,1,1,3,1,1,1,1,2,1,2,2,2,1,2,2,2,2,2,2,2,2,1,2,2,2,2,2,0,0,0
2008,6,71,1,62075,1,9,1,1,2,2,1,3,1,2,2,2,1,1,2,2,2,2,1,2,2,2,2,2,2,2,2,2,1,2,2,0,0,0
2008,6,59,2,62076,1,9,2,2,1,2,2,2,2,1,1,2,3,2,2,1,2,2,2,2,3,2,2,2,2,1,2,2,2,2,2,0,0,0
2008,6,37,1,62077,1,9,2,2,1,1,3,1,1,1,1,2,1,2,2,2,1,2,2,2,2,2,2,2,2,2,2,2,2,1,2,0,0,0
2008,6,25,1,62078,1,9,2,2,1,1,5,1,1,2,1,2,1,2,2,1,1,2,2,2,2,2,2,2,2,2,2,2,2,2,2,0,0,0
2008,6,71,1,62079,1,9,2,2,1,2,4,3,3,1,1,2,2,2,1,2,2,2,2,2,2,2,2,2,2,1,2,2,1,2,2,0,0,0
2008,6,37,1,62080,1,9,2,1,4,2,1,2,1,2,2,2,1,2,2,2,2,2,1,2,2,2,2,2,2,2,2,2,1,2,2,0,0,0
2008,6,59,1,62081,1,9,2,2,1,1,3,1,1,1,1,2,1,2,2,2,1,2,2,2,3,2,2,2,2,2,2,2,2,2,2,0,0,0
2008,6,57,1,62082,1,9,1,1,2,2,1,2,1,2,1,2,1,2,2,2,2,2,1,2,2,2,2,2,2,1,2,2,1,2,2,0,0,0
2008,6,71,1,62083,1,9,2,2,1,1,3,1,4,1,2,2,2,1,2,2,2,2,2,2,2,2,2,2,2,1,2,2,2,1,2,0,0,0
2008,6,111,1,62084,1,9,1,2,4,2,6,2,1,2,2,2,1,2,2,1,2,2,1,2,1,2,2,2,2,2,2,2,1,2,2,0,0,0
2008,6,71,1,62085,1,9,2,2,1,2,3,2,1,1,1,2,1,2,2,2,2,1,2,2,2,2,2,2,2,2,2,2,2,2,2,0,0,0
2008,6,37,1,62086,1,9,2,2,1,2,5,2,1,2,1,1,1,2,2,2,1,2,2,2,3,2,2,2,2,2,2,2,2,2,2,0,0,0
2008,6,77,1,62087,1,9,2,1,3,2,1,2,1,1,1,2,2,1,2,2,2,2,2,2,3,2,2,2,2,2,2,2,1,2,2,0,0,0
2008,6,59,1,62088,1,9,2,2,3,1,3,1,1,1,1,2,1,2,2,1,2,2,2,2,1,2,2,2,2,2,2,2,1,2,2,0,0,0
2008,6,77,1,62089,1,9,1,2,1,2,3,3,4,1,1,2,2,2,1,2,2,2,2,2,3,2,2,2,2,1,2,2,2,2,2,0,0,0
2008,6,7,1,62090,1,9,1,2,4,2,6,2,1,1,2,2,1,2,2,2,2,2,2,2,2,2,2,2,2,1,2,2,1,1,2,0,0,0
2008,6,1,1,62091,1,9,2,1,4,2,1,2,1,2,2,2,1,2,2,2,2,2,2,2,1,2,2,2,2,2,1,1,1,2,2,0,0,0
2008,6,71,1,62092,1,9,1,2,2,2,5,2,1,2,2,2,1,2,2,2,2,2,1,2,2,2,2,2,2,2,1,1,1,2,2,0,0,0
2008,6,37,2,62093,1,9,2,2,1,2,4,2,4,1,2,2,3,2,1,1,2,2,2,2,3,1,1,1,1,2,2,1,2,2,2,0,0,0
2008,6,89,1,62094,1,9,2,2,1,2,5,2,1,2,2,2,1,2,2,1,1,2,2,2,1,2,2,2,2,2,1,1,2,2,2,0,0,0
2008,6,25,1,62095,1,9,1,2,4,2,6,2,1,2,2,1,1,2,2,2,2,2,1,2,3,2,2,2,2,2,1,1,1,2,2,1,0,1
2008,6,37,1,62096,1,9,2,1,1,2,1,2,5,1,1,1,3,1,1,1,2,2,2,2,3,2,2,1,1,2,2,1,2,2,2,0,0,0
2008,6,37,1,62097,1,9,1,1,1,2,1,2,4,2,1,2,3,1,2,1,1,2,2,2,3,2,2,2,2,2,2,2,2,2,2,0,0,0
2008,6,85,1,62098,1,9,2,2,1,1,4,1,3,1,1,2,2,2,2,2,2,2,2,2,1,2,2,2,2,2,2,2,2,2,2,0,0,0
2008,6,37,1,62099,1,9,2,2,2,1,6,1,1,2,1,2,1,2,2,2,2,2,2,2,2,2,2,2,2,2,2,2,2,1,2,0,0,0
2008,6,37,1,62100,1,9,2,2,1,2,3,2,1,2,1,2,1,2,2,2,1,2,2,2,3,1,1,1,1,2,2,1,2,2,2,0,0,0
2008,6,101,1,62101,1,9,2,2,1,2,3,2,1,1,1,2,1,1,2,2,2,1,2,2,3,2,2,2,2,2,2,2,2,2,2,0,0,0
2008,6,37,1,62102,1,9,2,2,1,2,3,2,1,2,2,2,1,2,2,2,1,2,2,2,2,2,2,2,2,2,1,1,2,2,2,0,0,0
2008,6,37,1,62103,1,9,2,2,1,1,4,1,4,1,1,2,2,2,2,2,1,2,2,1,1,2,2,2,2,2,2,2,2,2,2,0,0,0
2008,6,71,1,62104,1,9,1,2,1,2,6,2,2,2,1,2,2,2,1,1,2,2,2,2,1,2,2,2,2,2,2,2,2,2,2,0,0,0
2008,6,21,1,62105,1,9,1,2,1,1,6,1,4,2,2,2,2,2,2,2,2,2,1,2,1,2,2,1,1,2,1,1,2,2,2,0,0,0
2008,6,53,1,62106,1,9,1,2,4,2,3,2,1,1,1,1,1,2,2,2,2,2,1,2,3,1,1,1,1,2,2,1,1,2,2,0,0,0
2008,6,59,1,62107,1,9,2,2,1,1,3,1,4,1,1,2,2,2,1,1,2,2,2,2,2,2,2,2,2,2,1,1,2,2,2,0,0,0
2008,6,37,1,62108,1,9,2,2,1,1,6,1,4,1,1,2,2,2,1,2,2,2,2,2,2,2,2,2,2,2,2,2,2,2,2,0,0,0
2008,6,15,1,62109,1,9,1,2,1,2,5,2,1,2,2,2,1,2,2,1,2,2,1,2,1,2,2,2,2,2,1,1,1,2,2,0,0,0
2008,6,111,5,62110,1,9,1,2,4,2,5,2,1,2,2,2,1,2,2,2,2,2,1,2,1,2,2,2,2,2,2,2,1,2,2,0,0,0
2008,6,29,1,62111,1,9,1,2,4,2,5,2,1,2,2,2,1,2,2,1,2,2,2,2,1,2,2,2,2,2,2,2,1,2,2,0,0,0
2008,6,71,1,62112,1,9,2,2,1,1,3,1,3,1,1,2,2,2,2,2,2,2,2,2,3,2,2,2,2,1,1,1,2,2,2,0,0,0
2008,6,53,1,62113,1,9,2,2,1,2,4,2,1,2,2,2,1,2,2,2,1,2,2,2,2,2,2,2,2,1,2,2,2,2,2,0,0,0
2008,6,19,1,62114,1,9,1,2,1,1,5,1,4,2,2,2,2,2,2,2,2,2,1,2,1,2,2,2,2,2,1,1,2,2,2,0,0,0
2008,6,65,1,62115,1,9,2,2,1,2,4,2,3,1,2,2,3,2,2,2,2,2,2,2,2,1,1,1,1,2,2,1,1,2,2,0,0,0
2008,6,53,3,62116,1,9,1,2,4,2,3,2,1,2,2,2,1,2,2,2,2,2,1,2,2,2,2,2,2,2,2,2,1,2,2,0,0,0
2008,6,65,1,62117,1,9,2,2,1,1,4,1,4,2,2,2,2,2,1,2,2,2,2,2,1,2,2,2,2,1,2,2,2,2,2,0,0,0
2008,6,93,1,62118,1,9,1,1,1,2,1,2,2,2,1,2,2,1,2,1,2,2,2,2,3,2,2,2,2,1,2,2,2,2,2,0,0,0
2008,6,37,1,62119,1,9,2,1,4,2,1,2,1,2,1,2,1,2,2,1,2,2,2,2,2,2,2,2,2,2,1,1,1,2,2,0,0,0
2008,6,47,1,62120,1,9,2,2,4,2,2,3,1,1,1,2,1,2,2,2,2,2,1,2,2,2,2,2,2,2,2,2,1,2,2,0,0,0
2008,6,1,1,62121,1,9,1,2,2,2,5,2,1,1,2,2,1,2,1,1,2,2,2,2,2,2,2,2,2,2,2,2,1,2,2,0,0,0
2008,6,37,1,62122,1,9,2,2,1,2,3,2,1,2,2,2,2,2,2,2,1,2,2,2,3,2,2,2,2,1,2,2,2,2,2,0,0,0
2008,6,65,1,62123,1,9,2,2,1,2,2,2,1,2,2,1,1,2,2,2,1,2,2,2,3,2,2,1,1,2,2,1,2,2,2,0,0,0
2008,6,77,1,62124,1,9,1,2,4,2,5,2,1,1,2,2,1,2,2,2,2,2,1,2,1,2,2,2,2,2,2,2,1,2,2,0,0,0
2008,6,37,1,62125,1,9,2,2,1,1,6,1,1,1,1,2,1,1,2,2,1,2,2,2,2,2,2,2,2,2,2,2,2,2,2,0,0,0
2008,6,29,2,62126,1,9,1,2,1,2,3,2,3,2,2,2,2,2,2,2,2,2,1,2,2,2,2,2,2,2,2,2,2,1,2,0,0,0
2008,6,73,1,62127,1,9,1,1,1,2,1,2,2,1,2,2,2,1,1,1,2,2,2,2,3,2,2,2,2,2,2,2,2,2,2,0,0,0
2008,6,65,1,62128,1,9,1,1,3,2,1,2,1,1,2,2,1,2,2,2,2,2,1,2,2,2,2,2,2,1,2,2,2,2,2,0,0,0
2008,6,11,9,62129,1,9,1,2,4,2,5,2,1,2,2,2,1,2,2,2,2,2,1,2,3,2,2,2,2,2,2,2,1,2,2,0,0,0
2008,6,65,2,62130,1,9,2,2,1,2,5,2,3,1,1,2,2,2,2,2,2,2,2,2,2,2,2,2,2,1,2,2,1,2,2,0,0,0
2008,6,99,1,62131,1,9,1,2,2,2,6,2,1,2,2,2,1,2,1,2,2,2,2,2,2,2,2,2,2,2,2,2,1,2,2,0,0,0
2008,6,113,1,62132,1,9,1,1,2,2,1,2,1,2,2,2,1,2,2,2,2,2,1,2,1,2,2,2,2,2,2,2,1,2,2,0,0,0
2008,6,111,1,62133,1,9,2,2,4,2,5,2,2,2,2,2,1,2,1,1,2,2,2,2,1,2,2,2,2,2,2,2,2,2,2,0,0,0
2008,6,37,1,62134,1,9,2,2,4,2,2,2,1,2,2,2,1,2,2,2,2,2,1,2,1,2,2,2,2,2,1,1,1,2,2,0,0,0
2008,6,37,1,62135,1,9,2,1,4,2,1,3,1,2,2,1,1,2,2,2,2,2,2,2,1,2,2,2,2,2,1,1,1,2,2,0,0,0
2008,6,111,1,62136,1,9,2,2,1,1,3,1,4,1,2,2,2,2,1,2,2,2,2,2,1,2,2,1,1,1,2,1,2,2,2,0,0,0
2008,6,47,2,62137,1,9,1,1,3,2,1,2,1,2,1,2,2,1,2,2,2,2,1,2,3,2,2,2,2,2,2,2,1,2,2,0,0,0
2008,6,37,1,62138,1,9,2,1,1,2,1,2,1,2,1,2,2,2,1,1,2,2,2,2,1,2,2,2,2,2,2,2,2,2,2,0,0,0
2008,6,37,1,62139,1,9,2,2,1,1,4,1,1,1,1,2,1,1,2,2,2,1,2,2,3,2,2,2,2,2,2,2,2,2,2,0,0,0
2008,6,13,1,62140,1,9,2,2,1,2,3,2,5,1,1,2,3,2,2,1,2,2,2,2,1,2,2,2,2,2,2,2,2,2,2,0,0,0
2008,6,77,1,62141,1,9,1,2,1,1,5,1,3,1,1,2,2,1,2,2,2,2,2,2,3,2,2,2,2,2,1,1,2,2,2,0,0,0
2008,6,17,2,62142,1,9,1,2,1,2,3,2,3,1,1,2,2,1,2,1,2,2,2,2,3,2,2,2,2,1,2,2,1,2,2,0,0,0
2008,6,73,1,62143,1,9,2,2,4,2,6,2,1,2,1,2,1,2,2,2,1,2,2,2,2,2,2,2,2,2,2,2,1,2,2,0,0,0
2008,6,43,1,62144,1,9,2,2,4,2,6,2,1,2,1,2,1,2,1,2,2,2,2,2,1,2,2,2,2,2,2,2,1,1,2,0,0,0
2008,6,73,1,62145,1,9,2,2,1,1,4,1,1,2,2,2,1,2,2,2,1,2,2,2,3,2,2,2,2,1,2,2,2,2,2,0,0,0
2008,6,57,1,62146,1,9,2,2,2,2,6,2,1,2,1,2,1,2,1,2,2,2,2,2,1,2,2,2,2,2,2,2,1,2,2,0,0,0
2008,6,73,1,62147,1,9,1,2,1,2,3,2,1,1,1,2,1,2,1,1,2,2,2,2,2,2,2,2,2,2,1,1,2,2,2,0,0,0
2008,6,13,1,62148,1,9,2,2,3,2,4,2,1,1,2,2,1,2,2,1,2,2,2,1,2,2,2,2,2,2,2,2,1,2,2,0,0,0
2008,6,85,1,62149,1,9,1,2,1,1,5,1,1,1,2,2,1,2,2,2,2,1,2,2,3,2,2,2,2,2,2,2,2,2,2,0,0,0
2008,6,37,1,62150,1,9,2,2,1,2,4,3,1,1,1,1,1,2,2,2,2,1,2,2,3,2,2,2,2,1,2,2,2,2,2,0,0,0
2008,6,1,1,62151,1,9,2,2,1,1,4,1,1,1,1,2,2,2,1,1,2,2,2,2,3,1,1,1,1,2,2,1,2,2,2,0,0,0
2008,6,37,1,62152,1,9,2,2,4,2,3,2,1,2,2,2,1,2,1,1,2,2,2,2,1,2,2,2,2,2,2,2,1,2,2,0,0,0
2008,6,37,1,62153,1,9,2,2,4,2,4,2,2,2,2,2,1,2,2,2,2,2,2,2,3,2,2,2,2,2,2,2,1,2,2,0,0,0
2008,6,15,1,62154,1,9,1,2,4,2,6,2,1,2,2,2,1,2,2,2,2,2,1,2,1,2,2,2,2,2,2,2,1,2,2,0,0,0
2008,6,77,1,62155,1,9,2,2,4,2,4,2,1,1,1,2,1,2,2,1,2,2,1,2,1,2,2,2,2,2,1,1,1,2,2,0,0,0
2008,6,59,1,62156,1,9,2,2,4,2,6,2,1,1,1,2,1,2,2,1,2,2,2,2,2,2,2,2,2,1,2,2,1,2,2,0,0,0
2008,6,59,1,62157,1,9,2,2,4,2,6,2,1,2,2,2,1,2,1,2,2,2,2,2,2,2,2,2,2,2,2,2,1,2,2,0,0,0
2008,6,85,1,62158,1,9,2,2,1,1,3,1,2,1,1,2,3,2,2,1,2,2,2,2,3,2,2,2,2,1,2,2,2,2,2,0,0,0
2008,6,37,1,62159,1,9,2,2,1,1,4,1,4,2,2,2,3,2,2,2,2,2,2,2,3,2,2,2,2,2,1,1,2,2,2,0,0,0
2008,6,29,2,62160,1,9,2,2,4,2,4,3,1,1,2,2,1,2,2,1,2,2,1,2,1,2,2,2,2,2,2,2,1,2,2,0,0,0
2008,6,1,1,62161,1,9,2,1,1,2,1,2,5,1,2,2,2,2,2,2,2,2,1,2,3,1,1,1,1,2,2,1,2,2,2,0,0,0
2008,6,71,1,62162,1,9,1,2,1,2,3,2,5,1,2,2,2,2,1,1,2,2,2,2,3,2,2,2,2,2,2,2,1,2,2,0,0,0
2008,6,107,2,62163,1,9,1,2,1,1,5,1,4,1,2,2,2,2,2,2,2,2,1,2,3,1,1,1,1,2,2,1,2,2,2,0,0,0
2008,6,107,1,62164,1,9,2,2,1,1,4,1,4,1,1,2,2,2,2,2,2,2,2,2,3,2,2,2,2,1,2,2,2,2,2,0,0,0
2008,6,37,1,62165,1,9,2,2,4,2,2,3,1,2,2,2,1,2,2,1,2,2,2,2,2,2,2,2,2,2,1,1,1,2,2,0,0,0
2008,6,37,1,62166,1,9,2,2,1,1,3,1,1,1,1,2,1,1,2,2,2,1,2,2,2,2,2,2,2,2,2,2,2,2,2,0,0,0
2008,6,33,1,62167,1,9,1,2,1,2,3,2,5,1,1,2,3,2,1,1,2,2,2,2,3,2,2,2,2,1,2,2,2,2,2,0,0,0
2008,6,73,1,62168,1,9,1,2,4,2,3,2,1,2,1,2,1,2,2,2,2,2,1,2,1,2,2,2,2,2,1,1,1,2,2,0,0,0
2008,6,111,1,62169,1,9,1,2,1,2,3,2,1,2,1,1,1,2,2,2,1,2,2,2,3,2,2,2,2,2,2,2,2,2,2,0,0,0
2008,6,37,1,62170,1,9,2,2,1,2,5,2,1,2,1,1,1,2,2,2,1,2,2,2,3,2,2,2,2,2,2,2,2,2,2,0,0,0
2008,6,53,1,62171,1,9,2,2,1,2,3,2,1,1,1,2,1,2,2,2,1,2,2,2,2,2,2,2,2,2,2,2,1,2,2,0,0,0
2008,6,107,1,62172,1,9,1,2,4,2,3,2,1,2,1,2,1,2,2,1,2,2,2,1,2,2,2,2,2,2,2,2,1,2,2,0,0,0
2008,6,111,1,62173,1,9,2,2,1,1,5,1,1,2,1,2,1,2,2,2,1,2,2,2,2,2,2,2,2,1,2,2,2,2,2,0,0,0
2008,6,47,1,62174,1,9,2,2,1,1,4,1,4,1,1,2,2,2,1,2,2,2,2,2,3,2,2,2,2,2,2,2,2,2,2,0,0,0
2008,6,37,1,62175,1,9,2,2,1,1,3,1,4,1,1,2,3,2,2,2,2,2,2,2,3,2,2,2,2,1,2,2,2,2,2,0,0,0
2008,6,29,1,62176,1,9,2,2,1,1,3,1,4,1,1,2,2,1,1,2,2,2,2,2,3,2,2,2,2,2,2,2,2,2,2,0,0,0
2008,6,85,1,62177,1,9,1,2,1,1,5,1,4,1,1,2,2,2,2,2,2,2,2,2,3,2,2,2,2,1,2,2,2,2,2,0,0,0
2008,6,65,1,62178,1,9,1,2,1,2,3,2,4,1,1,2,2,2,2,2,2,2,2,2,3,2,2,2,2,1,2,2,2,2,2,0,0,0
2008,6,71,1,62179,1,9,2,2,1,1,5,1,1,2,2,1,1,2,2,1,1,2,2,2,3,2,2,2,2,2,2,2,2,2,2,0,0,0
2008,6,37,1,62180,1,9,1,2,4,2,5,2,1,3,3,2,1,2,2,2,2,2,1,2,1,2,2,2,2,2,1,1,1,2,2,0,0,0
2008,6,65,1,62181,1,9,2,1,4,2,1,3,1,2,2,2,1,2,1,2,2,2,2,2,1,2,2,2,2,2,2,2,1,2,2,0,0,0
2008,6,61,1,62182,1,9,1,2,1,2,6,2,1,1,2,2,2,2,1,2,2,2,2,2,3,2,2,2,2,2,1,1,1,2,2,0,0,0
2008,6,37,1,62183,1,9,2,2,1,2,2,2,5,1,2,2,3,2,2,1,2,2,2,2,3,1,1,1,1,2,1,1,2,2,2,0,0,0
2008,6,67,1,62184,1,9,1,2,1,2,3,2,3,1,2,2,3,2,2,2,2,2,1,2,1,2,2,2,2,2,2,2,1,2,2,0,0,0
2008,6,37,1,62185,1,9,2,2,1,2,4,2,1,2,2,1,1,2,2,2,2,2,2,2,3,2,2,2,2,2,2,2,2,2,2,0,0,0
2008,6,29,1,62186,1,9,1,2,1,2,3,2,2,2,2,2,2,2,1,1,2,2,2,2,3,2,2,2,2,2,2,2,2,2,2,0,0,0
2008,6,85,1,62187,1,9,2,2,1,1,3,1,1,1,1,2,1,2,2,2,1,2,2,2,3,2,2,2,2,2,1,1,2,2,2,0,0,0
2008,6,85,1,62188,1,9,2,2,1,1,4,1,1,1,2,2,1,2,2,2,1,2,2,2,2,2,2,2,2,1,2,2,2,2,2,0,0,0
2008,6,7,1,62189,1,9,1,2,4,2,3,2,1,1,2,2,1,2,2,2,2,2,1,2,2,2,2,2,2,1,2,2,1,1,2,0,0,0
2008,6,37,1,62190,1,9,2,2,1,1,5,1,4,2,2,2,2,2,1,2,2,2,2,2,2,2,2,2,2,2,1,1,2,2,2,0,0,0
2008,6,37,1,62191,1,9,2,2,1,2,3,2,1,2,1,2,1,2,2,2,1,2,2,2,3,2,2,2,2,2,2,2,2,2,2,0,0,0
2008,6,107,1,62192,1,9,1,2,1,1,3,1,2,2,1,2,2,1,2,1,2,2,2,2,3,2,2,2,2,2,2,2,2,2,2,0,0,0
2008,6,75,1,62193,1,9,2,2,1,1,3,1,1,1,1,1,1,2,2,2,1,2,2,2,3,2,2,2,2,2,2,2,2,2,2,0,0,0
2008,6,59,1,62194,1,9,2,2,1,1,3,1,1,2,1,2,2,2,1,2,2,2,2,2,3,1,1,1,1,2,2,1,2,2,2,0,0,0
2008,6,59,1,62195,1,9,2,2,4,2,3,2,1,2,2,2,1,2,1,2,2,2,2,2,1,2,2,2,2,2,2,2,1,2,2,0,0,0
2008,6,19,1,62196,1,9,1,2,4,2,5,2,1,2,2,2,1,2,2,2,2,2,1,2,1,2,2,1,1,2,2,1,1,2,2,0,0,0
2008,6,69,1,62197,1,9,1,2,4,2,5,2,1,2,2,2,1,2,2,2,2,2,2,2,1,2,2,2,2,2,2,2,1,1,2,0,0,0
2008,6,37,1,62198,1,9,2,2,4,2,3,2,1,2,2,2,1,2,2,1,2,2,2,2,1,2,2,2,2,2,1,1,1,2,2,0,0,0
2008,6,67,1,62199,1,9,2,2,1,2,3,3,4,2,2,2,2,1,1,1,2,2,2,2,3,2,2,2,2,2,2,2,2,2,2,0,0,0
2008,6,59,1,62200,1,9,2,2,1,2,2,2,1,2,2,1,3,2,2,2,1,2,2,2,3,2,2,2,2,2,2,2,2,2,2,0,0,0
2008,6,37,1,62201,1,9,2,2,1,1,4,1,4,2,2,2,3,2,2,2,2,2,2,2,1,2,2,2,2,2,1,1,2,2,2,0,0,0
2008,6,107,1,62202,1,9,2,2,1,1,2,1,4,2,2,2,2,2,2,2,2,2,2,2,1,1,1,1,1,2,2,1,2,2,2,0,0,0
2008,6,73,2,62203,1,9,2,2,1,2,4,2,1,2,2,2,2,1,1,1,2,2,2,2,1,2,2,2,2,2,1,1,2,2,2,0,0,0
2008,6,65,1,62204,1,9,1,2,1,2,4,2,1,1,2,2,3,2,1,1,2,2,2,2,3,2,2,1,1,2,2,1,2,2,2,0,0,0
2008,6,73,1,62205,1,9,1,2,1,2,3,2,1,1,2,2,1,2,1,1,2,2,2,2,2,2,2,2,2,2,2,2,2,2,2,0,0,0
2008,6,73,1,62206,1,9,1,2,4,2,5,2,1,1,2,2,1,2,1,2,2,2,2,2,2,2,2,2,2,2,2,2,1,2,2,0,0,0
2008,6,113,1,62207,1,9,1,2,2,2,5,2,1,1,2,1,1,2,2,2,2,1,2,2,3,2,2,2,2,2,2,2,1,2,2,0,0,0
2008,6,19,1,62208,1,9,1,2,1,1,5,1,4,1,2,2,2,2,2,2,2,2,2,2,3,1,1,1,1,2,2,1,2,2,2,0,0,0
2008,6,67,1,62209,1,9,1,2,1,2,6,2,3,1,2,2,2,2,1,1,2,2,2,2,3,2,2,2,2,1,2,2,1,2,2,0,0,0
2008,6,59,1,62210,1,9,1,2,1,2,6,2,1,2,2,2,1,2,1,2,2,2,2,2,2,2,2,2,2,2,2,2,2,2,2,0,0,0
2008,6,107,1,62211,1,9,2,2,1,2,2,2,1,2,2,1,1,2,2,2,1,2,2,2,3,2,2,2,2,2,2,2,2,2,2,0,0,0
2008,6,65,1,62212,1,9,2,2,4,1,6,1,1,1,1,2,1,2,2,2,2,2,2,2,2,2,2,2,2,2,2,2,2,2,2,0,0,0
2008,6,19,1,62213,1,9,2,2,1,1,4,1,4,1,1,2,2,2,1,1,2,2,2,2,3,2,2,2,2,2,1,1,2,2,2,0,0,0
2008,6,111,1,62214,1,9,2,2,1,1,3,1,4,1,1,2,2,1,2,2,2,2,2,2,3,2,2,2,2,2,1,1,2,2,2,0,0,0
2008,6,37,1,62215,1,9,2,2,1,2,3,2,2,2,1,2,2,1,2,1,2,2,2,2,2,2,2,2,2,2,2,2,2,2,2,0,0,0
2008,6,71,1,62216,1,9,2,1,4,2,1,2,1,2,1,2,1,2,2,2,2,2,1,2,2,2,2,2,2,2,2,2,1,2,2,0,0,0
2008,6,73,1,62217,1,9,2,2,1,2,3,2,1,2,1,1,2,2,2,2,1,2,2,2,3,2,2,2,2,2,2,2,2,2,2,0,0,0
2008,6,99,1,62218,1,9,2,2,4,2,6,2,1,1,1,2,1,2,2,1,2,2,1,2,2,2,2,2,2,2,2,2,1,2,2,0,0,0
2008,6,81,1,62219,1,9,2,2,1,1,6,1,4,1,1,2,3,1,2,1,1,2,2,2,3,2,2,2,2,2,2,2,2,2,2,0,0,0
2008,6,45,1,62220,1,9,2,2,1,2,5,2,1,1,1,2,1,2,2,2,1,2,2,2,3,2,2,2,2,2,1,1,2,2,2,1,0,1
2008,6,37,1,62221,1,9,2,2,1,1,3,1,1,1,1,1,1,2,2,2,1,2,2,2,1,2,2,2,2,2,2,2,2,2,2,0,0,0
2008,6,45,1,62222,1,9,1,2,4,2,5,2,1,2,1,2,1,2,2,2,2,2,2,2,1,2,2,2,2,2,2,2,1,2,2,0,0,0
2008,6,37,1,62223,1,9,2,2,1,2,4,2,1,2,1,2,1,2,2,1,2,1,2,2,2,2,2,2,2,2,2,2,2,1,2,0,0,0
2008,6,67,1,62224,1,9,2,2,3,2,3,2,1,2,1,2,1,2,2,1,2,2,2,2,1,2,2,2,2,2,2,2,1,2,2,0,0,0
2008,6,71,1,62225,1,9,2,2,1,2,2,2,2,2,1,2,3,1,2,1,2,2,2,2,3,1,1,1,1,2,2,1,2,2,2,0,0,0
2008,6,71,2,62226,1,9,1,1,4,2,1,3,1,2,1,2,1,2,2,1,2,2,1,1,1,2,2,2,2,2,1,1,1,2,2,0,0,0
2008,6,1,1,62227,1,9,1,1,1,2,1,2,2,1,1,2,2,1,2,1,2,2,2,2,3,2,2,2,2,2,2,2,2,2,2,0,0,0
2008,6,37,1,62228,1,9,2,2,1,2,3,2,2,1,1,2,3,2,2,1,1,2,2,2,3,2,2,2,2,1,2,2,2,2,2,0,0,0
2008,6,37,1,62229,1,9,2,2,1,2,6,2,4,1,1,2,2,1,1,2,2,2,2,2,2,2,2,2,2,2,1,1,2,2,2,0,0,0
2008,6,65,1,62230,1,9,1,2,1,2,5,2,1,1,1,2,1,2,2,1,2,2,1,2,2,1,1,1,1,2,2,1,2,2,2,0,0,0
2008,6,19,1,62231,1,9,2,2,1,1,4,1,4,1,1,2,2,2,2,2,2,2,2,2,1,2,2,2,2,2,1,1,2,2,2,0,0,0
2008,6,65,1,62232,1,9,1,2,4,2,4,2,1,2,1,1,1,2,2,1,2,2,1,2,3,2,2,2,2,2,2,2,1,2,2,0,0,0
2008,6,37,1,62233,1,9,2,2,3,2,3,2,1,2,1,2,1,2,1,1,2,2,2,2,2,1,1,1,1,2,2,1,1,2,2,0,0,0
2008,6,71,1,62234,1,9,1,2,1,2,5,2,3,2,1,2,2,2,1,2,2,2,2,2,2,2,2,2,2,2,1,1,2,2,2,0,0,0
2008,6,37,1,62235,1,9,2,2,1,2,3,2,1,2,1,2,1,2,2,2,1,2,2,2,3,2,2,2,2,2,2,2,2,2,2,0,0,0
2008,6,103,1,62236,1,9,1,2,1,2,5,2,3,1,1,2,2,2,2,2,2,2,2,2,3,2,2,2,2,2,2,2,1,1,2,0,0,0
2008,6,71,1,62237,1,9,1,2,1,1,5,1,2,2,2,2,2,2,2,1,2,2,2,2,1,2,2,1,1,2,2,1,2,2,2,0,0,0
2008,6,37,1,62238,1,9,2,2,1,2,3,2,1,2,2,2,1,2,2,2,2,1,2,2,3,2,2,2,2,2,2,2,2,2,2,0,0,0
2008,6,37,1,62239,1,9,2,2,1,2,2,2,1,2,2,2,1,2,2,2,1,2,2,2,3,2,2,2,2,2,2,2,2,2,2,0,0,0
2008,6,37,1,62240,1,9,2,2,4,1,3,1,1,2,2,2,1,2,2,1,2,2,2,2,2,2,2,2,2,2,2,2,2,2,2,0,0,0
2008,6,55,1,62241,1,9,2,2,3,2,2,2,1,1,2,2,1,2,1,1,2,2,2,2,1,2,2,2,2,2,2,2,1,2,2,0,0,0
2008,6,19,1,62242,1,9,1,1,1,2,1,2,4,1,2,2,2,2,2,1,1,2,2,2,3,1,1,1,1,2,2,1,2,2,2,0,0,0
2008,6,17,1,62243,1,9,1,2,1,2,3,2,4,1,2,2,2,2,1,1,2,2,2,2,3,1,1,1,1,2,2,1,1,2,2,0,0,0
2008,6,37,1,62244,1,9,2,2,1,2,4,2,1,2,2,1,1,2,2,1,1,2,2,2,3,1,1,1,1,2,2,1,2,2,2,0,0,0
2008,6,65,1,62245,1,9,1,2,1,2,3,2,1,2,2,2,1,2,2,2,2,2,1,2,3,2,2,2,2,2,2,2,1,1,2,0,0,0
2008,6,37,1,62246,1,9,2,2,1,1,3,1,1,2,2,1,1,2,2,1,1,2,2,2,3,1,1,1,1,2,2,1,2,2,2,0,0,0
2008,6,85,1,62247,1,9,2,2,1,1,5,1,4,2,2,2,2,2,1,2,2,2,2,2,1,2,2,2,2,1,1,1,2,2,2,0,0,0
2008,6,67,3,62248,1,9,1,1,1,2,1,2,3,2,2,2,2,2,2,2,2,2,2,2,1,2,2,2,2,2,2,2,2,2,2,0,0,0
2008,6,71,1,62249,1,9,2,2,4,2,4,2,1,2,2,2,1,2,2,1,2,2,2,2,1,2,2,2,2,2,2,2,1,2,2,0,0,0
2008,6,45,1,62250,1,9,1,2,1,2,3,2,3,1,2,2,2,2,2,2,2,2,2,2,1,2,2,2,2,2,2,2,1,2,2,0,0,0
2008,6,73,2,62251,1,9,2,2,3,2,5,2,1,1,2,2,2,2,2,2,2,2,2,2,3,2,2,2,2,2,2,2,1,2,2,0,0,0
2008,6,37,1,62252,1,9,2,2,1,2,4,2,4,1,2,2,2,2,1,2,2,2,2,2,3,2,2,2,2,2,2,2,2,2,2,0,0,0
2008,6,37,2,62253,1,9,2,2,4,2,5,2,4,2,2,2,1,2,2,1,2,2,2,2,1,2,2,2,2,2,1,1,1,2,2,0,0,0
2008,6,75,1,62254,1,9,2,2,4,2,3,2,1,1,1,2,1,2,2,1,1,2,2,2,3,2,2,2,2,2,2,2,1,2,1,0,0,0
2008,6,1,1,62255,1,9,2,1,1,2,1,2,1,1,1,2,1,2,2,2,1,2,2,2,3,2,2,2,2,2,2,2,2,2,2,0,0,0
2008,6,39,1,62256,1,9,1,2,4,2,5,2,1,1,1,2,1,2,1,2,2,2,2,2,2,2,2,2,2,1,2,2,1,2,2,0,0,0
2008,6,47,1,62257,1,9,1,2,1,1,3,1,4,1,1,2,2,1,2,2,2,2,2,2,3,2,2,2,2,2,2,2,2,2,2,0,0,0
2008,6,41,1,62258,1,9,1,2,1,1,5,1,1,2,1,2,1,2,2,2,1,2,2,2,2,1,1,1,1,2,2,1,2,2,2,0,0,0
2008,6,1,1,62259,1,9,2,1,4,2,1,3,1,2,1,2,1,2,1,2,2,2,2,2,1,2,2,2,2,2,2,2,1,2,2,0,0,0
2008,6,107,1,62260,1,9,1,2,1,2,6,2,1,2,1,2,1,2,2,2,2,1,2,2,3,2,2,2,2,2,2,2,2,2,2,0,0,0
2008,6,89,1,62261,1,9,2,2,1,1,3,1,4,1,1,2,2,2,2,2,2,2,2,2,3,1,1,1,1,1,2,1,2,1,2,0,0,0
2008,6,85,1,62262,1,9,2,2,1,1,3,1,1,1,1,2,2,2,1,1,2,2,2,2,2,2,2,2,2,1,1,1,2,2,2,0,0,0
2008,6,99,1,62263,1,9,1,2,1,2,5,2,1,1,1,2,1,2,2,1,2,1,1,2,2,2,2,2,2,2,2,2,2,2,2,0,0,0
2008,6,83,1,62264,1,9,2,2,2,2,6,2,1,1,2,2,1,2,2,2,1,2,2,2,1,2,2,2,2,2,2,2,1,2,2,0,0,0
2008,6,65,1,62265,1,9,2,2,1,2,6,2,4,1,1,2,2,1,2,2,2,2,2,2,3,2,2,2,2,1,1,1,1,2,1,0,0,0
2008,6,65,2,62266,1,9,2,2,1,2,3,2,1,2,2,1,1,2,2,2,2,2,1,2,2,2,2,2,2,2,2,2,1,2,2,0,0,0
2008,6,71,1,62267,1,9,2,2,2,2,2,2,1,1,2,2,1,2,2,2,2,2,1,2,1,2,2,2,2,2,1,1,1,2,2,0,0,0
2008,6,1,1,62268,1,9,2,2,1,2,3,2,1,1,2,1,1,2,2,2,1,2,2,2,3,2,2,2,2,2,2,2,2,2,2,0,0,0
2008,6,61,1,62269,1,9,2,2,1,2,3,2,1,1,2,2,1,2,2,2,1,2,2,2,3,2,2,2,2,1,2,2,2,2,2,0,0,0
2008,6,77,1,62270,1,9,2,2,1,2,3,2,2,1,2,2,2,2,1,1,2,2,2,2,1,2,2,2,2,1,2,2,2,2,2,0,0,0
2008,6,57,1,62271,1,9,2,2,2,2,5,2,1,2,2,2,1,2,1,2,2,2,2,2,1,2,2,2,2,2,2,2,1,2,2,0,0,0
2008,6,47,1,62272,1,9,1,2,2,2,3,2,1,2,2,2,1,2,2,2,2,2,1,2,2,2,2,2,2,2,2,2,1,2,2,0,0,0
2008,6,59,1,62273,1,9,2,2,4,2,3,2,1,2,2,2,1,2,2,1,2,2,2,2,1,2,2,1,1,2,2,1,1,2,2,0,0,0
2008,6,65,1,62274,1,9,2,1,1,1,1,1,1,2,1,2,1,1,2,2,2,1,2,2,2,2,2,2,2,2,2,2,2,2,2,0,0,0
2008,6,71,1,62275,1,9,1,2,1,2,3,2,4,1,1,2,2,1,2,2,2,2,1,2,3,2,2,2,2,2,2,2,1,2,2,0,0,0
2008,6,29,1,62276,1,9,1,2,3,2,3,2,1,1,2,2,1,2,2,1,2,2,1,2,3,2,2,2,2,2,2,2,1,2,2,0,0,0
2008,6,95,1,62277,1,9,2,2,1,1,4,1,4,1,1,1,2,2,2,1,2,2,2,2,3,2,2,2,2,1,2,2,2,2,2,0,0,0
2008,6,65,1,62278,1,9,2,2,4,2,6,2,2,2,1,2,1,2,1,1,2,2,2,2,3,2,2,2,2,2,1,1,2,2,2,0,0,0
2008,6,13,1,62279,1,9,2,2,1,1,4,1,4,2,1,2,2,2,1,1,2,2,2,1,2,1,1,1,1,2,2,1,2,2,2,0,0,0
2008,6,37,1,62280,1,9,2,2,1,1,4,1,1,1,1,2,1,2,2,2,2,2,2,2,3,1,1,1,1,2,2,1,2,2,2,0,0,0
2008,6,37,1,62281,1,9,2,2,1,2,6,2,1,1,1,2,1,2,2,1,1,2,2,2,2,2,2,1,1,2,2,1,2,2,2,0,0,0
2008,6,93,1,62282,1,9,1,2,4,2,6,2,1,2,1,2,1,2,2,1,2,2,2,2,1,2,2,2,2,2,2,2,1,2,2,0,0,0
2008,6,115,1,62283,1,9,2,2,1,1,4,1,4,1,1,2,2,2,1,2,2,2,2,2,3,2,2,2,2,2,1,1,2,2,2,0,0,0
2008,6,73,2,62284,1,9,1,2,1,2,3,2,3,1,1,2,3,2,2,1,2,2,2,2,3,1,1,1,1,1,2,1,1,2,2,0,0,0
2008,6,53,1,62285,1,9,2,2,3,2,3,2,1,1,1,2,2,2,1,1,2,2,2,2,3,2,2,2,2,2,2,2,1,2,2,0,0,0
2008,6,15,1,62286,1,9,1,2,1,2,3,2,2,1,1,2,3,2,2,1,2,2,2,2,1,2,2,2,2,2,2,2,2,1,2,0,0,0
2008,6,73,1,62287,1,9,2,1,4,2,1,2,1,2,2,2,1,2,2,2,2,2,2,2,3,2,2,2,2,2,2,2,1,1,2,0,0,0
2008,6,87,1,62288,1,9,2,2,4,2,3,2,1,2,2,2,1,2,2,2,2,2,2,2,3,2,2,1,1,2,2,1,1,2,2,0,0,0
2008,6,1,1,62289,1,9,2,2,1,2,6,2,1,2,2,1,1,2,2,2,1,2,2,2,3,2,2,2,2,2,2,2,2,2,2,0,0,0
2008,6,1,1,62290,1,9,2,1,1,2,1,2,1,2,2,2,2,2,1,2,2,2,2,2,3,2,2,2,2,2,2,2,2,2,2,0,0,0
2008,6,37,1,62291,1,9,2,2,4,2,6,3,1,3,1,1,1,2,2,2,1,2,2,2,3,2,2,2,2,2,2,2,1,2,2,0,0,0
2008,6,37,1,62292,1,9,2,2,1,2,6,2,1,1,1,2,1,2,2,2,1,2,2,2,3,2,2,2,2,2,2,2,2,1,2,0,0,0
2008,6,39,1,62293,1,9,1,2,1,2,6,2,5,1,1,2,2,2,2,1,2,2,1,2,2,1,1,1,1,2,2,1,1,2,2,0,0,0
2008,6,75,1,62294,1,9,2,1,4,2,1,2,1,2,2,2,2,2,2,1,2,2,2,2,1,2,2,2,2,2,2,2,1,2,2,0,0,0
2008,6,37,4,62295,1,9,2,2,1,2,3,2,5,2,1,2,2,2,2,1,2,2,2,2,3,1,1,1,1,2,2,1,2,2,2,0,0,0
2008,6,71,1,62296,1,9,1,2,2,2,3,2,1,1,1,2,1,2,1,2,2,2,2,2,2,2,2,2,2,2,2,2,1,2,2,0,0,0
2008,6,37,1,62297,1,9,2,2,4,2,2,2,1,1,1,2,1,2,2,1,2,2,1,2,1,2,2,2,2,2,2,2,1,2,2,0,0,0
2008,6,87,1,62298,1,9,1,2,1,1,6,1,5,1,2,2,2,2,1,1,2,2,2,2,2,2,2,2,2,2,2,2,2,2,2,0,0,0
2008,6,47,1,62299,1,9,1,2,1,1,6,1,4,2,2,2,2,1,2,1,2,2,1,2,3,1,1,1,1,2,2,1,2,2,2,0,0,0
2008,6,65,1,62300,1,9,1,2,1,2,3,2,3,1,2,2,2,2,1,1,2,2,2,2,3,2,2,2,2,2,2,2,1,2,2,0,0,0
2008,6,37,1,62301,1,9,2,1,1,2,1,2,2,2,2,2,2,2,2,1,2,2,1,2,1,2,2,2,2,2,2,2,2,2,2,0,0,0
2008,6,37,1,62302,1,9,2,2,1,1,3,1,4,1,1,2,2,2,2,2,2,2,2,2,3,2,2,2,2,2,2,2,2,2,2,0,0,0
2008,6,111,1,62303,1,9,1,2,1,2,3,2,2,1,2,2,3,2,1,2,2,2,2,2,3,2,2,2,2,1,2,2,2,2,2,0,0,0
2008,6,39,1,62304,1,9,1,2,1,2,5,2,4,2,2,2,2,2,2,1,2,2,2,2,3,1,1,1,1,1,2,1,1,2,2,0,0,0
2008,6,1,1,62305,1,9,2,2,1,1,3,1,4,2,2,2,2,2,1,1,2,2,2,2,2,1,1,1,1,2,2,1,2,2,2,0,0,0
2008,6,29,1,62306,1,9,1,2,1,2,5,2,4,1,1,2,2,2,2,2,2,2,1,2,3,2,2,2,2,2,2,2,1,2,2,0,0,0
2008,6,61,1,62307,1,9,2,2,2,2,4,2,1,2,1,2,1,2,2,2,2,1,2,2,2,2,2,2,2,2,1,1,1,1,2,0,0,0
2008,6,23,1,62308,1,9,1,2,1,2,3,2,2,1,1,1,3,2,2,1,2,2,1,2,1,1,1,1,1,2,2,1,2,2,2,0,0,0
2008,6,37,1,62309,1,9,2,2,1,1,4,1,1,1,1,2,1,2,2,2,1,2,2,2,2,2,2,2,2,1,2,2,2,2,2,0,0,0
2008,6,67,1,62310,1,9,2,2,1,1,5,1,4,2,2,1,2,2,2,2,2,2,2,2,2,1,1,1,1,2,2,1,2,2,2,0,0,0
2008,6,37,1,62311,1,9,2,2,1,1,3,1,4,2,2,2,2,2,2,1,2,2,1,2,2,1,1,1,1,2,2,1,2,2,2,0,0,0
2008,6,53,1,62312,1,9,2,2,1,1,4,1,1,1,2,2,1,2,2,2,2,2,2,2,2,2,2,1,1,2,2,1,2,2,2,0,0,0
2008,6,81,1,62313,1,9,2,2,1,1,3,1,4,1,1,1,2,2,2,2,2,2,2,2,1,1,1,1,1,2,2,1,2,2,2,0,0,0
2008,6,37,1,62314,1,9,2,2,1,1,3,1,1,1,1,2,1,2,2,1,1,2,2,2,2,2,2,2,2,2,1,1,2,2,2,0,0,0
2008,6,37,1,62315,1,9,2,2,3,1,3,1,1,1,1,2,1,2,2,2,2,2,2,2,2,2,2,2,2,1,2,2,2,2,2,0,0,0
2008,6,19,1,62316,1,9,2,2,4,2,2,2,1,2,1,2,1,2,2,2,2,2,1,2,1,2,2,2,2,2,2,2,2,2,2,0,0,0
2008,6,57,1,62317,1,9,1,2,2,2,3,2,1,2,1,2,1,2,2,2,2,2,2,2,3,2,2,2,2,2,2,2,1,2,2,0,0,0
2008,6,99,1,62318,1,9,2,2,1,1,3,1,4,2,1,2,2,2,1,2,2,2,2,2,3,2,2,2,2,1,2,2,2,2,2,0,0,0
2008,6,13,1,62319,1,9,2,2,1,2,5,2,1,1,1,2,1,2,2,2,1,2,2,2,3,2,2,2,2,1,2,2,2,2,2,0,0,0
2008,6,73,1,62320,1,9,2,2,1,1,4,1,4,1,1,2,2,2,2,2,2,2,2,2,2,2,2,2,2,2,2,2,2,2,2,0,0,0
2008,6,19,1,62321,1,9,2,2,2,2,3,2,1,2,2,1,1,2,2,2,1,2,2,2,3,2,2,2,2,2,2,2,1,2,2,0,0,0
2008,6,37,1,62322,1,9,2,2,4,2,3,2,1,2,2,2,1,2,2,1,2,2,2,2,1,1,1,1,1,2,2,1,1,2,2,0,0,0
2008,6,65,1,62323,1,9,1,1,1,2,1,2,2,2,2,2,2,2,1,1,2,2,2,2,1,2,2,2,2,2,2,2,2,2,2,0,0,0
2008,6,101,1,62324,1,9,1,2,4,2,5,2,1,1,2,2,1,2,2,2,2,2,1,2,2,2,2,2,2,2,2,2,1,1,2,0,0,0
2008,6,95,1,62325,1,9,2,2,1,2,6,2,1,1,2,2,1,2,1,1,2,2,2,2,2,1,1,1,1,2,2,1,2,1,2,0,0,0
2008,6,71,1,62326,1,9,2,2,2,2,6,3,1,1,2,2,1,2,2,2,2,2,2,2,2,2,2,2,2,2,2,2,1,2,2,0,0,0
2008,6,61,1,62327,1,9,1,1,4,2,1,2,1,1,2,2,1,2,2,1,2,2,2,2,3,2,2,2,2,2,2,2,1,2,2,0,0,0
2008,6,37,1,62328,1,9,2,2,1,1,3,1,1,2,2,2,1,2,2,2,1,2,2,2,3,2,2,2,2,2,2,2,2,2,2,0,0,0
2008,6,37,1,62329,1,9,2,2,1,2,3,2,1,2,2,2,1,2,2,2,1,2,2,2,3,2,2,1,1,2,2,1,2,2,2,0,0,0
2008,6,37,1,62330,1,9,2,2,1,2,4,2,1,2,2,2,1,2,2,2,1,2,2,2,3,2,2,2,2,2,2,2,2,2,2,0,0,0
2008,6,37,1,62331,1,9,2,2,1,2,3,2,5,2,2,2,3,2,2,1,2,2,2,2,3,2,2,2,2,2,1,1,2,2,2,0,0,0
2008,6,89,1,62332,1,9,1,2,4,2,3,2,1,2,2,2,1,2,2,2,2,2,2,2,3,1,1,1,1,2,2,1,1,1,2,0,0,0
2008,6,81,1,62333,1,9,1,2,4,2,3,2,1,1,2,2,1,2,1,2,2,2,2,2,3,2,2,2,2,1,2,2,1,2,2,0,0,0
2008,6,47,1,62334,1,9,1,1,4,2,1,2,1,1,2,2,1,2,2,2,2,2,1,2,2,2,2,2,2,1,2,2,1,2,2,0,0,0
2008,6,19,1,62335,1,9,1,2,1,1,5,1,4,1,2,2,2,2,2,2,2,2,2,2,3,1,1,1,1,2,2,1,2,2,2,0,0,0
2008,6,73,1,62336,1,9,1,2,4,2,3,2,1,1,2,2,1,2,1,2,2,2,2,2,2,2,2,2,2,2,1,1,1,2,2,0,0,0
2008,6,19,1,62337,1,9,2,2,1,2,2,2,1,2,2,1,1,2,2,2,1,2,2,2,3,2,2,2,2,2,2,2,2,2,2,0,0,0
2008,6,19,1,62338,1,9,1,2,1,2,5,2,1,2,2,2,1,2,2,2,1,2,2,2,3,2,2,2,2,2,2,2,2,2,2,0,0,0
2008,6,65,1,62339,1,9,1,2,1,2,5,2,5,1,1,2,3,2,2,2,2,2,1,2,3,2,2,2,2,2,2,2,1,2,2,0,0,0
2008,6,79,1,62340,1,9,2,2,4,2,4,2,1,2,1,2,1,2,2,1,2,2,1,2,2,2,2,2,2,2,1,1,1,2,2,0,0,0
2008,6,77,1,62341,1,9,1,2,4,2,5,2,1,2,1,2,1,2,2,2,2,2,2,2,2,1,1,1,1,2,2,1,1,2,2,0,0,0
2008,6,19,1,62342,1,9,2,2,1,1,4,1,4,1,1,2,2,2,2,2,2,2,2,2,3,2,2,2,2,1,2,2,2,2,2,0,0,0
2008,6,65,1,62343,1,9,2,2,1,1,3,1,4,1,1,2,2,2,2,2,2,2,2,2,3,2,2,2,2,2,2,2,2,2,2,0,0,0
2008,6,71,1,62344,1,9,2,2,1,2,4,2,1,2,1,1,1,2,2,1,1,2,2,2,3,2,2,2,2,2,2,2,2,2,2,0,0,0
2008,6,37,1,62345,1,9,2,1,4,2,1,2,1,2,1,2,2,2,1,1,2,2,2,2,2,2,2,2,2,2,1,1,1,2,2,0,0,0
2008,6,13,1,62346,1,9,2,2,1,1,3,1,1,1,1,2,1,2,2,2,2,1,2,2,2,2,2,2,2,2,2,2,2,2,2,0,0,0
2008,6,73,1,62347,1,9,2,2,4,2,6,2,1,1,1,2,1,2,1,1,2,2,2,2,2,2,2,2,2,2,1,1,1,2,2,0,0,0
2008,6,47,1,62348,1,9,1,2,4,2,6,2,1,1,1,2,1,2,2,1,2,2,1,2,2,2,2,2,2,2,2,2,1,2,2,0,0,0
2008,6,71,1,62349,1,9,2,1,3,2,1,2,1,2,1,2,1,2,2,2,2,2,1,2,2,2,2,2,2,2,1,1,1,2,2,0,0,0
2008,6,47,1,62350,1,9,1,2,4,2,6,2,1,2,1,2,1,2,2,1,2,2,1,2,2,2,2,2,2,1,2,2,1,2,2,0,0,0
2008,6,75,1,62351,1,9,2,2,1,1,3,1,1,2,1,2,1,2,2,2,1,2,2,2,3,2,2,2,2,2,2,2,2,2,2,0,0,0
2008,6,37,1,62352,1,9,2,2,1,1,4,1,4,2,1,2,2,2,2,1,2,2,2,2,3,1,1,1,1,2,2,1,2,2,2,0,0,0
2008,6,13,1,62353,1,9,2,2,4,2,6,2,1,2,1,2,1,2,2,2,1,2,2,2,2,2,2,2,2,2,2,2,1,2,2,0,0,0
2008,6,65,1,62354,1,9,2,2,3,2,4,2,1,2,1,2,1,2,2,1,2,2,2,2,1,2,2,2,2,2,2,2,1,2,2,0,0,0
2008,6,37,1,62355,1,9,2,2,1,2,4,2,1,2,1,2,1,1,2,2,1,2,2,2,2,2,2,2,2,2,2,2,2,2,2,0,0,0
2008,6,111,1,62356,1,9,2,2,1,2,4,2,1,1,1,2,1,2,2,1,2,1,2,2,3,2,2,2,2,2,1,1,2,2,2,0,0,0
2008,6,65,2,62357,1,9,1,2,1,2,3,2,3,1,1,2,2,1,1,2,2,2,2,2,3,2,2,2,2,2,2,2,1,2,2,0,0,0
2008,6,71,1,62358,1,9,1,2,1,2,3,2,3,1,1,2,3,2,2,2,2,2,1,2,3,2,2,1,1,2,2,1,1,2,2,0,0,0
2008,6,85,1,62359,1,9,2,2,1,2,6,2,1,1,1,2,1,2,2,2,1,2,2,2,2,2,2,2,2,2,2,2,2,2,2,0,0,0
2008,6,113,1,62360,1,9,2,2,1,2,3,2,1,2,2,1,1,2,2,2,1,2,2,2,2,2,2,2,2,2,2,2,2,2,2,0,0,0
2008,6,65,1,62361,1,9,2,2,4,2,3,2,1,2,2,2,1,2,2,1,2,2,1,2,1,2,2,2,2,2,2,2,1,1,2,0,0,0
2008,6,73,1,62362,1,9,2,2,1,1,3,1,4,2,2,2,2,1,2,2,2,2,2,2,3,1,1,1,1,2,2,1,2,2,2,0,0,0
2008,6,113,1,62363,1,9,1,2,1,1,5,1,4,2,2,2,2,1,2,2,2,2,2,2,2,1,1,1,1,2,2,1,2,2,2,0,0,0
2008,6,65,2,62364,1,9,1,2,1,2,5,2,3,2,2,2,3,2,2,2,2,2,1,2,1,1,1,1,1,2,2,1,1,2,2,0,0,0
2008,6,71,1,62365,1,9,1,2,1,2,6,2,3,1,2,2,2,2,2,1,2,2,2,2,3,2,2,2,2,2,2,2,2,2,2,0,0,0
2008,6,85,1,62366,1,9,2,2,1,1,3,1,1,1,2,2,1,2,2,2,1,2,2,2,2,2,2,2,2,2,2,2,2,2,2,0,0,0
2008,6,77,1,62367,1,9,2,1,4,2,1,2,1,1,2,2,1,2,2,2,2,2,2,2,2,2,2,2,2,2,2,2,1,2,2,0,0,0
2008,6,39,1,62368,1,9,1,2,1,2,5,2,1,1,2,2,2,2,1,2,2,2,2,2,3,2,2,2,2,1,2,2,2,2,2,0,0,0
2008,6,37,1,62369,1,9,2,1,1,2,1,2,5,1,2,2,3,2,1,1,2,2,2,2,3,2,2,2,2,2,2,2,2,2,2,0,0,0
2008,6,1,1,62370,1,9,2,1,1,2,1,2,1,2,2,2,1,2,2,2,1,2,2,2,3,2,2,2,2,2,2,2,2,2,2,0,0,0
2008,6,1,1,62371,1,9,2,1,1,2,1,2,2,2,2,1,2,2,2,2,2,2,1,2,3,2,2,2,2,2,1,1,2,2,2,0,0,0
2008,6,79,1,62372,1,9,1,2,4,2,3,2,1,2,2,2,1,2,2,2,2,2,2,2,1,2,2,2,2,2,1,1,1,2,2,0,0,0
2008,6,107,1,62373,1,9,2,2,4,2,2,3,1,2,2,2,1,2,2,2,2,2,1,2,1,2,2,2,2,2,2,2,1,2,2,0,0,0
2008,6,37,1,62374,1,9,2,2,1,1,3,1,1,2,2,2,1,2,2,2,1,2,2,2,3,2,2,2,2,2,2,2,2,2,2,0,0,0
2008,6,99,1,62375,1,9,1,2,1,2,5,2,1,1,2,2,1,2,2,2,2,2,1,2,2,2,2,2,2,2,2,2,1,2,2,0,0,0
2008,6,73,1,62376,1,9,1,2,2,2,3,2,1,1,2,2,2,2,1,2,2,2,2,2,3,2,2,2,2,2,1,1,1,2,2,0,0,0
2008,6,13,1,62377,1,9,1,2,4,2,6,2,1,1,2,2,1,2,2,1,2,2,1,2,2,1,1,1,1,2,2,1,1,2,2,0,0,0
2008,6,37,1,62378,1,9,1,2,4,2,3,2,1,2,2,2,1,2,2,2,2,2,2,2,3,2,2,2,2,2,2,2,1,2,2,0,0,0
2008,6,77,1,62379,1,9,2,2,1,1,3,1,1,2,2,2,1,2,2,2,1,2,2,2,2,2,2,2,2,2,2,2,2,2,2,0,0,0
2008,6,85,2,62380,1,9,2,2,1,2,2,2,5,2,2,2,2,2,2,2,2,2,1,2,3,1,1,1,1,2,2,1,2,2,2,0,0,0
2008,6,73,1,62381,1,9,1,1,4,2,1,2,1,2,2,2,1,2,2,2,2,2,1,2,2,2,2,2,2,2,2,2,1,2,2,0,0,0
2008,6,31,1,62382,1,9,1,2,1,1,4,1,4,1,1,2,2,1,2,2,2,2,1,2,3,1,1,1,1,2,2,1,2,2,2,0,0,0
2008,6,105,1,62383,1,9,1,2,1,1,3,1,1,1,1,2,2,2,1,1,2,2,2,2,3,2,2,2,2,2,2,2,2,2,2,0,0,0
2008,6,37,1,62384,1,9,2,2,1,2,2,2,2,1,1,2,3,1,2,1,2,2,1,2,3,2,2,2,2,2,2,2,2,1,2,0,0,0
2008,6,45,1,62385,1,9,1,2,4,2,5,2,1,1,1,2,1,2,2,2,2,2,2,2,2,2,2,2,2,2,2,2,1,2,2,0,0,0
2008,6,37,1,62386,1,9,2,2,1,2,4,2,3,1,1,2,2,2,2,2,2,2,2,2,1,2,2,2,2,1,2,2,1,2,2,0,0,0
2008,6,29,1,62387,1,9,1,2,4,2,3,2,1,1,1,2,1,2,2,2,2,2,1,2,2,2,2,2,2,1,2,2,1,2,2,0,0,0
2008,6,47,1,62388,1,9,1,2,2,2,6,2,1,2,1,2,1,2,2,2,2,2,1,2,1,2,2,2,2,2,2,2,1,2,2,0,0,0
2008,6,85,1,62389,1,9,1,2,4,2,6,2,1,1,1,2,1,2,2,1,2,2,1,2,3,1,1,1,1,2,2,1,1,2,2,0,0,0
2008,6,1,1,62390,1,9,1,1,1,2,1,2,2,1,1,2,2,1,2,1,2,2,2,2,3,2,2,2,2,2,2,2,2,2,2,0,0,0
2008,6,37,2,62391,1,9,2,2,1,1,3,1,1,1,1,2,3,2,2,1,1,2,2,2,1,2,2,2,2,2,2,2,2,2,2,0,0,0
2008,6,19,1,62392,1,9,2,2,1,2,4,2,1,2,1,2,1,2,2,1,2,1,2,2,2,2,2,2,2,2,1,1,2,2,2,0,0,0
2008,6,37,1,62393,1,9,2,1,1,2,1,2,5,1,1,1,3,1,1,2,2,2,2,2,3,2,2,2,2,2,2,2,2,2,2,0,0,0
2008,6,75,1,62394,1,9,2,2,1,1,5,1,4,1,1,2,2,2,1,2,2,2,2,2,3,2,2,2,2,2,2,2,2,2,2,0,0,0
2008,6,77,1,62395,1,9,1,2,1,1,5,1,4,1,1,2,2,2,2,2,2,2,2,2,3,2,2,2,2,1,2,2,2,2,2,0,0,0
2008,6,61,1,62396,1,9,1,2,1,1,3,1,4,2,1,2,2,2,1,2,2,2,2,2,2,2,2,2,2,2,1,1,2,2,2,0,0,0
2008,6,37,1,62397,1,9,2,1,4,2,1,3,1,2,1,2,1,2,2,2,2,2,2,2,1,2,2,2,2,2,1,1,1,2,2,0,0,0
2008,6,99,1,62398,1,9,2,2,4,2,3,2,1,2,1,2,1,2,2,2,2,2,2,2,2,2,2,2,2,2,2,2,1,2,1,0,0,0
2008,6,87,1,62399,1,9,1,2,1,2,5,2,3,2,1,2,2,2,2,2,2,2,2,2,1,2,2,1,1,2,1,1,1,2,2,0,0,0
2008,6,19,1,62400,1,9,1,2,1,1,5,1,4,1,1,2,2,2,2,2,2,2,2,2,3,2,2,1,1,2,2,1,2,2,2,0,0,0
2008,6,13,1,62401,1,9,2,2,1,2,3,2,3,1,1,2,2,2,2,2,2,2,2,2,3,2,2,2,2,2,2,2,1,2,2,0,0,0
2008,6,95,1,62402,1,9,2,2,1,1,3,1,1,1,1,2,1,2,2,2,1,2,2,2,3,2,2,2,2,2,2,2,2,2,2,0,0,0
2008,6,39,1,62403,1,9,1,2,1,2,3,2,3,1,1,2,3,2,2,2,2,2,2,2,3,2,2,2,2,2,2,2,1,1,2,0,0,0
2008,6,47,1,62404,1,9,1,2,1,2,3,2,5,1,1,2,2,1,2,2,2,2,1,2,3,2,2,2,2,2,2,2,2,2,2,0,0,0
2008,6,37,1,62405,1,9,2,2,1,2,3,2,1,2,2,1,2,2,2,2,1,2,2,2,3,2,2,2,2,2,2,2,2,2,2,0,0,0
2008,6,1,1,62406,1,9,1,2,2,2,5,2,1,3,2,2,1,2,1,2,2,2,2,2,1,2,2,2,2,2,2,2,1,2,2,0,0,0
2008,6,111,1,62407,1,9,1,2,2,2,3,2,1,2,2,2,1,2,2,2,2,2,1,2,1,2,2,2,2,2,2,2,1,2,2,0,0,0
2008,6,99,1,62408,1,9,1,2,1,2,5,2,3,2,2,2,2,1,2,2,2,2,2,2,1,2,2,2,2,2,2,2,1,2,2,0,0,0
2008,6,85,1,62409,1,9,2,2,2,2,3,2,1,2,2,2,1,2,1,1,2,2,2,2,1,2,2,1,1,2,2,1,1,2,2,0,0,0
2008,6,7,1,62410,1,9,1,2,1,2,6,2,1,2,2,2,1,2,2,2,2,2,1,2,2,2,2,2,2,1,2,2,1,2,2,0,0,0
2008,6,49,1,62411,1,9,1,2,4,2,6,2,1,2,2,2,1,2,2,2,2,2,1,2,2,2,2,1,1,2,2,1,1,2,2,0,0,0
2008,6,37,1,62412,1,9,2,2,1,1,3,1,4,1,2,2,3,2,2,2,2,2,2,2,3,2,2,2,2,1,2,2,2,2,2,0,0,0
2008,6,37,1,62413,1,9,2,2,1,1,6,1,4,1,1,2,3,2,2,2,2,2,2,2,1,1,1,1,1,2,1,1,2,2,2,0,0,0
2008,6,37,1,62414,1,9,2,2,1,1,4,1,1,1,1,2,1,2,2,2,1,2,2,2,3,2,2,2,2,2,1,1,2,2,2,0,0,0
2008,6,37,1,62415,1,9,2,2,4,2,3,2,1,2,1,2,1,2,1,1,2,2,2,2,2,2,2,2,2,2,1,1,1,2,2,0,0,0
2008,6,99,1,62416,1,9,2,2,4,1,3,1,1,2,1,2,1,2,2,2,2,2,2,2,1,1,1,1,1,2,2,1,2,1,2,0,0,0
2008,6,19,1,62417,1,9,2,2,4,2,3,2,1,1,1,2,1,2,2,2,2,2,2,2,2,2,2,2,2,2,2,2,1,1,2,0,0,0
2008,6,37,1,62418,1,9,2,2,2,1,6,1,4,2,1,2,1,2,1,1,2,2,2,2,1,2,2,2,2,2,2,2,2,2,2,0,0,0
2008,6,37,1,62419,1,9,2,2,1,1,4,1,4,2,2,2,2,2,2,1,2,2,2,2,1,2,2,2,2,2,2,2,2,2,2,0,0,0
2008,6,87,1,62420,1,9,2,2,4,2,5,2,1,2,2,2,1,2,1,1,2,2,2,2,1,2,2,2,2,2,1,1,1,2,2,0,0,0
2008,6,19,1,62421,1,9,1,2,1,2,5,2,1,3,3,1,1,2,2,2,1,2,2,2,3,2,2,2,2,2,2,2,2,2,2,0,0,0
2008,6,65,1,62422,1,9,1,2,4,2,5,2,1,3,2,2,1,2,2,2,2,2,1,2,1,2,2,2,2,1,2,2,1,2,2,0,0,0
2008,6,37,1,62423,1,9,2,2,1,1,4,1,5,2,1,2,3,2,2,2,2,2,2,2,3,2,2,2,2,2,1,1,2,2,2,0,0,0
2008,6,57,1,62424,1,9,1,2,4,2,6,2,1,2,1,2,1,1,2,2,2,2,1,2,2,2,2,2,2,2,2,2,1,2,2,0,0,0
2008,6,87,2,62425,1,9,1,2,1,2,4,2,4,1,1,2,2,2,2,2,2,2,2,2,2,1,1,1,1,2,2,1,1,2,2,0,0,0
2008,6,59,1,62426,1,9,2,2,1,2,6,2,1,2,1,1,1,2,2,2,2,2,2,2,3,2,2,2,2,2,1,1,2,2,2,0,0,0
2008,6,103,1,62427,1,9,2,2,1,1,4,1,4,1,1,2,2,1,2,2,2,2,2,2,3,2,2,2,2,2,2,2,2,2,2,0,0,0
2008,6,47,1,62428,1,9,1,2,1,2,5,2,5,1,1,2,2,1,2,2,2,2,1,2,3,1,1,1,1,2,2,1,1,2,2,0,0,0
2008,6,29,1,62429,1,9,1,2,1,1,3,1,4,1,1,2,2,2,2,2,2,2,2,2,3,2,2,2,2,1,2,2,2,2,2,0,0,0
2008,6,71,1,62430,1,9,2,2,1,1,4,1,4,1,2,1,2,2,2,2,2,2,2,2,3,2,2,2,2,2,2,2,2,2,2,0,0,0
2008,6,59,1,62431,1,9,2,2,1,1,2,1,4,1,1,2,2,2,1,1,2,2,2,2,3,1,1,1,1,1,2,1,2,2,2,0,0,0
2008,6,71,1,62432,1,9,2,2,1,1,4,1,4,1,1,2,2,2,2,2,2,2,2,2,2,2,2,2,2,2,2,2,2,2,2,0,0,0
2008,6,73,1,62433,1,9,2,2,3,2,3,2,1,2,1,2,1,2,2,2,2,2,2,2,2,1,1,1,1,2,2,1,1,2,2,0,0,0
2008,6,113,1,62434,1,9,1,1,1,2,1,2,1,2,2,2,2,2,2,2,2,2,2,2,3,2,2,2,2,1,2,2,2,2,2,0,0,0
2008,6,37,2,62435,1,9,2,2,4,2,5,2,1,2,2,2,1,2,2,1,2,2,2,2,1,2,2,2,2,2,2,2,1,2,2,0,0,0
2008,6,37,1,62436,1,9,2,1,4,2,1,2,1,2,2,2,1,2,2,2,2,2,1,2,3,2,2,2,2,2,2,2,1,2,2,0,0,0
2008,6,7,1,62437,1,9,2,2,4,2,3,2,1,1,2,2,1,2,2,1,2,2,1,2,2,2,2,2,2,2,2,2,1,2,2,0,0,0
2008,6,71,1,62438,1,9,1,2,1,2,3,2,3,1,2,2,2,2,2,2,2,2,2,2,1,2,2,2,2,2,2,2,1,2,2,0,0,0
2008,6,29,1,62439,1,9,1,2,4,2,3,2,1,1,2,1,1,2,2,1,2,2,1,2,3,2,2,1,1,2,2,1,1,2,2,0,0,0
2008,6,67,2,62440,1,9,1,2,4,2,6,2,1,2,2,2,1,2,2,1,2,2,2,2,1,2,2,2,2,2,2,2,1,2,2,0,0,0
2008,6,83,1,62441,1,9,2,2,4,2,4,2,1,2,2,2,1,2,2,1,2,2,1,2,1,2,2,2,2,2,2,2,1,2,2,0,0,0
2008,6,55,1,62442,1,9,1,2,4,2,6,2,1,2,2,2,1,2,2,1,2,2,1,2,3,1,1,1,1,2,2,1,1,2,2,0,0,0
2008,6,65,1,62443,1,9,2,2,1,1,4,1,4,2,2,2,2,2,2,2,2,2,2,2,1,2,2,2,2,2,1,1,2,2,2,0,0,0
2008,6,65,1,62444,1,9,2,2,1,2,3,2,2,2,2,2,3,1,2,1,2,2,2,2,1,2,2,2,2,1,1,1,2,2,2,0,0,0
2008,6,21,1,62445,1,9,1,2,1,1,3,1,1,2,1,2,1,2,2,1,1,2,2,2,3,2,2,2,2,2,2,2,2,2,2,0,0,0
2008,6,29,1,62446,1,9,1,2,1,2,3,2,1,2,2,2,1,2,2,2,1,2,2,2,3,2,2,2,2,1,2,2,2,2,2,0,0,0
2008,6,73,1,62447,1,9,2,2,2,2,4,2,1,1,1,2,1,2,1,2,2,2,2,2,2,2,2,2,2,2,2,2,1,2,2,0,0,0
2008,6,73,1,62448,1,9,2,2,2,2,2,2,1,2,2,2,1,2,2,1,2,2,1,2,2,1,1,1,1,2,2,1,1,2,2,0,0,0
2008,6,37,1,62449,1,9,2,2,1,2,4,2,4,1,1,2,2,2,2,1,2,2,2,2,3,1,1,1,1,2,2,1,2,2,2,0,0,0
2008,6,67,1,62450,1,9,1,2,1,1,6,1,4,1,1,2,2,2,1,1,2,2,2,2,3,1,1,1,1,2,2,1,2,2,2,0,0,0
2008,6,37,1,62451,1,9,2,2,1,2,6,3,3,1,1,2,2,2,1,2,2,2,2,2,3,2,2,2,2,2,2,2,2,1,2,0,0,0
2008,6,29,1,62452,1,9,1,1,1,2,1,2,4,1,2,2,2,1,2,2,2,2,1,2,3,2,2,2,2,2,2,2,1,2,2,0,0,0
2008,6,37,1,62453,1,9,2,2,4,2,3,2,2,1,1,2,1,2,2,1,2,2,2,2,3,2,2,2,2,2,2,2,1,2,2,0,0,0
2008,6,107,1,62454,1,9,2,2,4,2,4,2,1,1,1,2,1,2,1,2,2,2,2,2,3,2,2,2,2,1,2,2,1,2,2,0,0,0
2008,6,59,1,62455,1,9,1,2,1,2,6,2,1,2,2,2,1,2,2,2,1,2,2,2,3,2,2,2,2,2,2,2,2,2,2,0,0,0
2008,6,73,1,62456,1,9,2,2,4,1,3,1,1,2,1,2,1,2,2,2,2,2,2,2,2,2,2,2,2,1,2,2,2,2,2,0,0,0
2008,6,37,1,62457,1,9,2,2,3,1,3,1,1,2,1,2,1,2,2,2,2,2,2,2,3,2,2,2,2,2,2,2,1,2,2,0,0,0
2008,6,67,1,62458,1,9,2,2,1,1,5,1,1,1,1,2,1,2,2,2,2,1,2,2,3,2,2,2,2,2,2,2,2,2,2,0,0,0
2008,6,107,2,62459,1,9,1,2,1,2,5,2,3,2,2,2,2,2,2,2,2,2,2,2,2,2,2,2,2,2,2,2,1,2,2,0,0,0
2008,6,9,1,62460,1,9,1,2,4,2,5,2,1,2,2,2,1,2,2,2,2,2,2,2,1,2,2,2,2,2,2,2,1,2,2,0,0,0
2008,6,65,1,62461,1,9,1,1,4,2,1,2,1,2,2,2,1,2,2,2,2,2,1,2,2,2,2,2,2,2,2,2,1,2,2,0,0,0
2008,6,1,1,62462,1,9,2,1,1,2,1,2,1,2,2,1,2,2,2,1,1,2,2,2,3,2,2,2,2,2,1,1,2,1,2,0,0,0
2008,6,65,1,62463,1,9,1,2,1,2,3,2,2,2,2,1,2,2,2,1,2,2,1,2,3,1,1,1,1,2,2,1,2,2,2,0,0,0
2008,6,73,1,62464,1,9,1,1,4,2,1,2,1,2,1,2,1,2,2,2,2,2,1,2,2,1,1,1,1,2,2,1,1,2,2,0,0,0
2008,6,37,1,62465,1,9,2,2,1,1,3,1,4,1,1,2,2,2,2,2,2,2,2,2,3,2,2,2,2,1,2,2,2,2,2,0,0,0
2008,6,37,1,62466,1,9,2,2,1,1,3,1,4,2,1,2,2,2,2,2,2,2,2,2,2,2,2,2,2,2,2,2,2,2,2,0,0,0
2008,6,73,1,62467,1,9,2,2,4,2,4,2,1,2,1,2,1,2,2,1,2,2,1,2,1,2,2,2,2,2,1,1,1,2,2,0,0,0
2008,6,45,1,62468,1,9,1,2,1,2,3,2,3,1,1,2,2,2,2,2,2,2,2,2,3,2,2,2,2,2,2,2,1,2,2,0,0,0
2008,6,107,1,62469,1,9,1,2,4,2,6,2,1,2,1,2,1,2,1,1,2,2,2,2,2,2,2,2,2,2,2,2,1,2,2,0,0,0
2008,6,71,4,62470,1,9,1,1,1,2,1,2,3,2,2,2,2,2,2,2,2,2,1,2,2,2,2,2,2,2,1,1,2,2,2,0,0,0
2008,6,71,1,62471,1,9,2,2,1,2,6,2,1,2,2,1,1,2,2,1,1,2,2,2,3,2,2,2,2,2,2,2,2,2,2,0,0,0
2008,6,13,1,62472,1,9,2,2,3,2,4,2,1,2,1,2,1,2,2,1,2,2,2,2,1,2,2,2,2,1,2,2,1,2,2,0,0,0
2008,6,37,1,62473,1,9,2,2,4,2,4,2,1,2,1,2,1,2,1,2,2,2,2,2,2,2,2,2,2,2,1,1,1,2,2,0,0,0
2008,6,63,1,62474,1,9,1,2,4,2,5,2,1,3,1,2,1,2,2,2,2,2,1,2,2,2,2,2,2,2,2,2,1,2,2,0,0,0
2008,6,59,1,62475,1,9,2,2,1,1,3,1,4,2,2,2,3,2,2,1,2,2,2,2,2,2,2,1,1,1,2,1,2,2,2,0,0,0
2008,6,59,1,62476,1,9,2,2,1,1,3,1,1,1,1,2,1,2,2,2,2,1,2,2,2,2,2,2,2,1,2,2,2,2,2,0,0,0
2008,6,71,1,62477,1,9,2,2,1,2,5,2,1,2,2,2,1,2,2,2,1,2,2,2,3,2,2,2,2,2,1,1,2,2,2,0,0,0
2008,6,53,1,62478,1,9,2,2,4,2,3,2,1,1,1,2,1,2,2,1,2,2,2,2,2,2,2,2,2,1,2,2,1,2,2,0,0,0
2008,6,37,1,62479,1,9,2,1,1,2,1,2,2,2,1,2,2,1,2,1,2,2,2,2,3,2,2,2,2,2,2,2,2,2,2,0,0,0
2008,6,37,1,62480,1,9,2,2,1,1,3,1,4,1,1,2,2,2,2,2,1,2,2,2,3,2,2,2,2,2,2,2,2,1,1,0,0,0
2008,6,53,1,62481,1,9,2,2,1,1,6,1,1,2,1,2,1,2,1,1,2,2,2,2,2,2,2,2,2,2,1,1,2,2,2,0,0,0
2008,6,59,1,62482,1,9,2,2,1,2,4,2,1,2,2,2,1,2,2,2,1,2,2,2,2,2,2,2,2,2,2,2,2,2,2,0,0,0
2008,6,67,1,62483,1,9,2,2,1,2,3,2,1,2,2,1,1,2,2,1,1,2,2,2,3,2,2,2,2,2,2,2,2,2,2,0,0,0
2008,6,95,1,62484,1,9,1,1,1,2,1,2,6,2,2,2,2,1,2,1,2,2,2,2,3,2,2,2,2,2,2,2,2,2,2,0,0,0
2008,6,71,1,62485,1,9,2,2,4,1,3,1,1,2,2,2,1,2,2,2,2,2,2,2,1,2,2,2,2,2,2,2,2,2,2,0,0,0
2008,6,37,1,62486,1,9,2,2,1,1,3,1,1,1,2,1,1,2,2,2,2,2,2,2,3,2,2,2,2,2,2,2,2,2,2,0,0,0
2008,6,37,1,62487,1,9,2,2,1,1,4,1,1,1,2,1,1,2,2,2,1,2,2,2,3,2,2,2,2,2,2,2,2,2,2,0,0,0
2008,6,71,1,62488,1,9,2,2,1,1,4,1,4,2,2,1,3,2,2,2,2,2,1,2,1,2,2,2,2,2,2,2,2,2,2,0,0,0
2008,6,65,1,62489,1,9,1,2,1,2,6,2,1,2,2,2,1,2,2,2,1,2,2,2,3,2,2,2,2,2,1,1,2,2,2,0,0,0
2008,6,59,1,62490,1,9,2,2,1,1,5,1,4,1,1,2,2,2,2,2,2,2,2,2,3,2,2,2,2,2,2,2,2,2,2,0,0,0
2008,6,59,1,62491,1,9,2,2,1,2,2,2,2,2,2,2,3,2,2,1,2,2,1,2,3,2,2,2,2,2,2,2,2,2,2,0,0,0
2008,6,97,2,62492,1,9,1,2,4,1,5,1,1,2,2,2,1,2,2,1,2,2,2,2,1,2,2,2,2,2,2,2,2,2,2,0,0,0
2008,6,65,1,62493,1,9,2,2,1,1,6,1,4,1,1,2,2,2,2,2,2,2,2,2,3,2,2,2,2,1,2,2,2,2,2,0,0,0
2008,6,73,1,62494,1,9,1,2,1,2,5,2,3,1,2,2,3,2,1,2,2,2,2,2,3,2,2,2,2,1,2,2,1,2,2,0,0,0
2008,6,79,1,62495,1,9,2,2,1,2,3,2,1,1,2,2,1,2,2,2,1,2,2,2,2,2,2,2,2,1,2,2,2,2,2,0,0,0
2008,6,65,1,62496,1,9,1,1,2,2,1,3,1,1,1,2,1,2,2,2,2,2,1,2,3,2,2,2,2,2,2,2,1,2,1,0,0,0
2008,6,83,1,62497,1,9,1,2,1,2,3,2,4,2,1,2,3,2,2,2,2,2,2,2,1,2,2,2,2,2,1,1,1,2,2,0,0,0
2008,6,37,1,62498,1,9,2,2,1,1,4,1,4,1,1,2,2,2,2,2,2,2,1,2,3,2,2,2,2,2,2,2,2,2,2,0,0,0
2008,6,17,1,62499,1,9,1,2,1,2,3,2,4,1,1,2,2,2,1,2,2,2,2,2,2,2,2,2,2,1,2,2,1,2,2,0,0,0
2008,6,71,1,62500,1,9,2,1,1,1,1,1,4,2,2,2,2,1,1,2,2,2,2,2,3,2,2,2,2,2,2,2,2,2,2,0,0,0
2008,6,33,1,62501,1,9,1,2,1,2,3,2,4,1,2,2,2,2,2,2,2,2,2,2,3,2,2,2,2,2,2,2,1,2,2,0,0,0
2008,6,37,1,62502,1,9,2,1,1,2,1,2,1,2,2,2,2,2,2,2,1,2,2,2,3,2,2,2,2,2,2,2,2,2,2,0,0,0
2008,6,95,1,62503,1,9,2,1,1,2,1,2,2,2,1,2,3,1,2,1,2,2,2,2,3,2,2,2,2,2,1,1,2,2,2,0,0,0
2008,6,13,2,62504,1,9,2,1,1,2,1,2,1,2,2,1,1,2,2,2,1,2,2,2,3,2,2,2,2,2,2,2,2,2,2,0,0,0
2008,6,67,1,62505,1,9,1,2,4,2,3,2,1,1,2,2,1,2,2,2,2,2,1,2,2,2,2,2,2,2,2,2,1,2,2,0,0,0
2008,6,1,1,62506,1,9,2,1,3,2,1,2,1,1,1,2,2,1,2,2,2,2,2,2,3,2,2,2,2,2,2,2,2,2,2,0,0,0
2008,6,19,1,62507,1,9,2,2,1,2,4,2,1,2,2,1,1,2,2,2,1,2,2,2,3,2,2,2,2,2,2,2,2,2,2,0,0,0
2008,6,85,1,62508,1,9,1,2,4,2,3,2,1,1,1,2,1,2,2,2,2,2,2,2,2,2,2,2,2,2,2,2,1,2,2,0,0,0
2008,6,37,1,62509,1,9,2,2,1,2,6,2,1,1,1,2,1,2,2,2,2,2,2,2,3,2,2,2,2,2,2,2,2,2,2,0,0,0
2008,6,71,1,62510,1,9,1,2,1,2,6,2,1,2,2,2,1,2,1,2,2,2,2,2,2,2,2,2,2,2,2,2,1,2,2,0,0,0
2008,6,53,1,62511,1,9,1,2,1,2,3,2,1,2,1,1,1,2,2,1,2,2,2,2,3,2,2,2,2,2,2,2,2,2,2,0,0,0
2008,6,73,1,62512,1,9,2,2,2,2,4,2,1,2,1,2,1,2,2,1,1,2,2,2,2,2,2,2,2,2,1,1,1,2,2,0,0,0
2008,6,111,1,62513,1,9,2,2,1,2,6,2,1,2,2,2,1,2,2,2,1,2,2,2,3,2,2,2,2,2,2,2,2,2,2,0,0,0
2008,6,103,1,62514,1,9,1,2,4,2,6,2,1,1,2,2,1,2,2,2,2,2,1,2,1,2,2,2,2,2,2,2,1,1,2,0,0,0
2008,6,95,1,62515,1,9,1,1,3,2,1,2,1,2,2,2,1,2,2,2,2,2,1,2,1,2,2,2,2,2,2,2,1,2,2,0,0,0
2008,6,37,1,62516,1,9,2,2,1,1,3,1,4,1,2,2,2,2,1,2,2,2,2,2,1,2,2,2,2,2,2,2,2,2,2,0,0,0
2008,6,71,1,62517,1,9,2,2,1,2,5,2,1,2,1,2,1,2,2,1,1,2,2,2,2,2,2,2,2,2,2,2,2,2,2,0,0,0
2008,6,83,2,62518,1,9,2,2,2,2,3,2,1,2,1,2,1,2,2,1,2,2,1,2,1,2,2,2,2,2,1,1,1,2,2,0,0,0
2008,6,37,1,62519,1,9,2,2,1,2,2,2,1,2,2,2,1,2,1,1,2,2,2,2,1,2,2,2,2,2,2,2,2,2,2,0,0,0
2008,6,37,1,62520,1,9,2,2,4,2,2,3,1,2,2,2,1,2,2,1,2,2,1,2,2,1,1,1,1,2,2,1,1,2,2,0,0,0
2008,6,99,1,62521,1,9,1,2,2,2,3,2,1,2,1,2,1,2,2,2,2,2,1,2,1,2,2,2,2,2,2,2,1,2,2,0,0,0
2008,6,31,1,62522,1,9,1,2,1,1,3,1,4,2,1,2,2,2,2,1,2,2,2,2,1,2,2,2,2,2,2,2,2,2,2,0,0,0
2008,6,37,1,62523,1,9,2,2,1,2,2,2,2,2,2,1,2,2,2,1,2,2,2,2,3,2,2,2,2,2,1,1,2,2,2,0,0,0
2008,6,71,1,62524,1,9,2,2,1,2,4,2,1,2,2,2,1,2,2,2,1,2,2,2,2,2,2,2,2,2,2,2,2,2,2,0,0,0
2008,6,113,1,62525,1,9,2,2,1,2,3,2,1,2,2,2,1,2,2,2,1,2,2,2,2,2,2,2,2,2,2,2,2,2,2,0,0,0
2008,6,73,2,62526,1,9,2,2,2,2,5,2,1,2,2,2,1,2,2,1,2,2,2,2,1,2,2,1,1,2,2,1,1,2,2,0,0,0
2008,6,29,1,62527,1,9,1,2,1,1,3,1,1,2,2,1,1,2,2,2,1,2,2,2,3,2,2,2,2,2,2,2,2,2,2,0,0,0
2008,6,73,1,62528,1,9,2,1,2,2,1,3,1,2,2,2,1,2,2,1,2,2,1,2,1,2,2,2,2,2,1,1,1,2,2,0,0,0
2008,6,115,1,62529,1,9,1,2,1,1,6,1,1,2,2,2,1,2,2,1,1,2,2,2,1,2,2,2,2,2,1,1,2,2,2,0,0,0
2008,6,113,1,62530,1,9,2,2,2,2,6,2,1,2,1,1,2,2,2,2,1,2,2,2,3,2,2,2,2,2,2,2,1,2,2,0,0,0
2008,6,17,1,62531,1,9,1,2,4,2,4,2,1,2,2,2,1,2,2,2,2,2,2,2,1,2,2,2,2,2,2,2,1,2,2,0,0,0
2008,6,17,1,62532,1,9,1,2,1,1,4,1,4,2,2,2,2,2,2,2,2,2,1,2,3,1,1,1,1,2,2,1,2,2,2,0,0,0
2008,6,71,2,62533,1,9,2,2,1,1,4,1,6,1,2,2,2,2,1,1,2,2,2,2,3,2,2,2,2,1,1,1,2,2,2,0,0,0
2008,6,71,1,62534,1,9,2,2,1,1,4,1,4,2,2,2,2,2,2,2,2,2,2,2,1,2,2,2,2,2,1,1,2,2,2,0,0,0
2008,6,37,1,62535,1,9,1,2,1,1,4,1,1,2,2,2,1,1,2,2,2,1,2,2,3,2,2,2,2,2,2,2,2,2,2,0,0,0
2008,6,59,1,62536,1,9,2,2,4,2,3,2,1,2,2,2,2,2,1,1,2,2,2,2,1,2,2,2,2,2,2,2,1,2,2,0,0,0
2008,6,59,1,62537,1,9,2,2,1,2,3,2,1,2,2,2,1,2,2,1,1,2,2,2,2,2,2,2,2,2,2,2,2,2,2,0,0,0
2008,6,37,1,62538,1,9,2,2,1,1,3,1,1,1,1,2,1,2,2,2,1,2,2,2,3,2,2,2,2,2,2,2,2,2,2,0,0,0
2008,6,29,1,62539,1,9,2,2,1,1,2,1,3,1,1,2,2,2,2,2,2,2,2,2,3,2,2,2,2,2,2,2,2,2,2,0,0,0
2008,6,97,1,62540,1,9,2,2,3,2,4,2,1,2,2,2,1,2,2,2,2,2,2,2,1,2,2,2,2,2,2,2,1,2,2,0,0,0
2008,6,73,2,62541,1,9,2,2,3,2,5,2,1,2,2,2,1,2,2,1,2,2,1,2,2,2,2,2,2,2,1,1,1,2,2,0,0,0
2008,6,37,1,62542,1,9,2,2,2,2,4,2,1,1,1,2,1,2,1,1,2,2,2,2,2,2,2,2,2,2,2,2,1,2,2,0,0,0
2008,6,99,1,62543,1,9,2,2,4,2,2,3,1,1,1,2,1,2,2,2,2,2,2,2,2,1,1,1,1,2,2,1,1,2,2,0,0,0
2008,6,37,1,62544,1,9,1,2,1,1,3,1,1,1,2,2,1,2,2,2,1,2,2,2,3,2,2,2,2,2,1,1,2,2,2,0,0,0
2008,6,59,1,62545,1,9,2,1,3,2,1,2,1,1,1,2,2,2,2,2,2,2,2,2,1,2,2,2,2,2,2,2,1,2,2,0,0,0
2008,6,1,1,62546,1,9,2,2,1,2,6,2,1,1,2,1,1,2,2,2,1,2,2,2,3,2,2,2,2,2,2,2,2,2,2,0,0,0
2008,6,37,1,62547,1,9,2,2,1,2,5,2,5,2,2,2,2,2,1,1,2,2,2,2,3,2,2,2,2,2,2,2,2,2,2,0,0,0
2008,6,29,1,62548,1,9,2,2,4,2,4,2,1,2,1,2,1,2,2,2,2,2,1,2,1,2,2,2,2,2,2,2,1,2,2,0,0,0
2008,6,71,1,62549,1,9,2,2,2,2,3,2,1,2,2,2,1,2,2,1,2,2,1,2,1,2,2,2,2,2,2,2,1,2,2,0,0,0
2008,6,73,1,62550,1,9,1,2,2,2,3,2,1,2,2,2,1,2,2,2,2,2,1,2,1,2,2,2,2,2,1,1,1,2,2,0,0,0
2008,6,71,1,62551,1,9,1,1,2,2,1,2,1,1,1,2,1,2,2,1,2,2,1,2,2,2,2,2,2,2,2,2,1,2,2,0,0,0
2008,6,101,1,62552,1,9,1,2,1,2,3,2,3,1,1,2,3,2,2,2,2,2,2,2,3,2,2,2,2,2,1,1,1,2,2,0,0,0
2008,6,1,1,62553,1,9,2,2,4,2,3,2,1,1,2,2,1,2,2,1,2,2,2,2,3,1,1,1,1,2,2,1,1,2,2,0,0,0
2008,6,101,1,62554,1,9,1,2,4,1,5,1,1,1,2,2,1,2,2,2,2,2,2,2,2,2,2,2,2,2,2,2,2,2,2,0,0,0
2008,6,111,1,62555,1,9,1,2,2,2,5,2,1,1,1,2,1,2,2,1,2,2,2,2,2,2,2,2,2,2,1,1,1,2,2,0,0,0
2008,6,71,1,62556,1,9,2,1,1,2,1,2,5,1,1,2,2,1,1,2,2,2,2,2,3,1,1,1,1,2,2,1,2,2,2,0,0,0
2008,6,37,1,62557,1,9,2,2,1,2,4,2,1,2,1,1,1,2,2,2,1,2,2,2,3,2,2,2,2,2,2,2,2,2,2,0,0,0
2008,6,19,1,62558,1,9,2,2,4,2,2,3,1,1,1,2,1,2,1,2,2,2,2,2,2,2,2,2,2,2,2,2,1,2,2,0,0,0
2008,6,75,1,62559,1,9,2,2,1,1,6,1,1,1,1,2,1,2,1,2,1,2,2,2,3,2,2,2,2,2,2,2,2,2,2,0,0,0
2008,6,59,1,62560,1,9,2,2,1,2,3,2,1,1,1,2,1,2,2,2,1,2,2,2,2,2,2,2,2,2,2,2,2,1,2,0,0,0
2008,6,85,1,62561,1,9,2,1,1,2,1,2,2,2,1,2,3,2,1,1,2,2,2,2,1,2,2,2,2,2,2,2,2,2,2,0,0,0
2008,6,1,1,62562,1,9,2,1,1,2,1,2,3,2,2,2,2,2,2,2,2,2,2,2,1,2,2,2,2,2,1,1,2,2,2,0,0,0
2008,6,67,1,62563,1,9,2,2,1,2,3,2,2,1,1,2,2,2,2,1,1,2,2,2,3,2,2,2,2,2,2,2,2,2,2,0,0,0
2008,6,37,1,62564,1,9,2,2,1,1,3,1,1,1,1,2,1,2,2,2,1,2,2,2,3,2,2,2,2,2,2,2,2,2,2,0,0,0
2008,6,37,1,62565,1,9,2,2,1,2,6,3,4,2,2,2,2,2,1,2,2,2,2,2,3,2,2,1,1,2,2,1,2,2,2,0,0,0
2008,6,37,1,62566,1,9,2,2,1,1,4,1,4,1,2,2,2,2,2,2,2,2,2,2,3,1,1,1,1,2,2,1,2,2,2,0,0,0
2008,6,79,1,62567,1,9,1,2,2,1,3,1,1,1,2,2,1,2,2,2,2,2,1,2,1,2,2,2,2,2,2,2,2,2,2,0,0,0
2008,6,59,1,62568,1,9,2,2,2,2,2,2,5,2,2,2,1,2,2,2,1,2,2,2,1,2,2,2,2,2,2,2,1,2,2,0,0,0
2008,6,37,1,62569,1,9,2,2,1,2,6,2,1,2,1,2,1,2,2,2,1,2,2,2,1,2,2,2,2,2,2,2,2,2,2,0,0,0
2008,6,19,1,62570,1,9,2,2,1,1,5,1,1,1,1,2,1,2,2,2,2,1,2,2,3,2,2,2,2,2,2,2,2,1,2,0,0,0
2008,6,71,1,62571,1,9,2,2,4,2,2,2,1,2,2,2,1,2,2,2,2,2,1,2,1,2,2,2,2,2,1,1,1,2,2,0,0,0
2008,6,37,1,62572,1,9,2,1,2,2,1,2,1,1,2,2,1,2,2,1,2,2,2,2,1,2,2,2,2,2,1,1,1,2,2,0,0,0
2008,6,37,2,62573,1,9,2,2,4,2,3,2,1,2,2,2,1,2,2,1,2,2,2,2,1,2,2,1,1,2,2,1,1,1,2,0,0,0
2008,6,87,1,62574,1,9,2,2,3,2,2,2,1,2,2,2,1,2,2,1,2,2,1,2,1,2,2,2,2,2,2,2,1,2,2,0,0,0
2008,6,19,1,62575,1,9,2,2,4,2,5,3,1,2,2,2,1,2,2,2,2,2,2,2,1,2,2,2,2,2,2,2,1,2,2,0,0,0
2008,6,1,1,62576,1,9,2,1,2,2,1,2,1,2,2,2,1,2,2,2,2,2,1,2,1,2,2,2,2,2,2,2,1,2,2,0,0,0
2008,6,59,1,62577,1,9,2,2,1,2,6,2,1,2,2,2,1,2,1,1,2,2,2,2,1,2,2,2,2,2,2,2,2,2,2,0,0,0
2008,6,37,1,62578,1,9,2,1,2,2,1,2,1,1,1,2,1,2,2,2,2,2,1,2,1,2,2,2,2,2,2,2,1,2,2,0,0,0
2008,6,107,1,62579,1,9,1,2,1,2,6,2,2,1,1,2,2,2,2,1,2,2,1,2,3,2,2,2,2,2,1,1,2,2,2,0,0,0
2008,6,37,1,62580,1,9,2,2,1,2,6,2,1,2,1,1,1,2,2,2,1,2,2,2,3,2,2,2,2,2,2,2,2,2,2,0,0,0
2008,6,19,1,62581,1,9,2,2,1,1,5,1,4,1,1,2,2,2,2,2,2,2,2,2,3,2,2,2,2,1,2,2,2,2,2,0,0,0
2008,6,37,1,62582,1,9,2,2,3,2,3,2,1,2,2,2,2,2,2,2,2,2,2,2,3,2,2,2,2,1,2,2,1,2,2,0,0,0
2008,6,83,1,62583,1,9,2,2,4,2,5,2,1,2,1,2,1,2,2,2,2,2,2,2,1,2,2,2,2,2,1,1,1,2,2,0,0,0
2008,6,97,1,62584,1,9,2,2,1,1,3,1,1,2,1,2,1,2,2,2,2,1,2,2,2,2,2,2,2,2,1,1,2,2,2,0,0,0
2008,6,71,1,62585,1,9,2,2,4,2,6,2,1,2,1,2,1,2,2,1,2,2,1,2,1,2,2,2,2,2,2,2,1,2,2,0,0,0
2008,6,1,1,62586,1,9,1,1,1,2,1,2,4,2,1,2,3,2,2,2,2,2,2,2,1,2,2,2,2,2,2,2,2,2,2,0,0,0
2008,6,47,1,62587,1,9,2,2,2,2,2,2,5,2,2,2,1,1,2,2,1,2,2,2,3,2,2,2,2,2,2,2,1,2,1,0,0,0
2008,6,73,1,62588,1,9,2,2,1,1,2,1,2,1,1,2,2,1,2,1,2,2,2,2,3,2,2,2,2,1,2,2,2,2,2,0,0,0
2008,6,71,1,62589,1,9,2,2,4,2,3,2,1,2,1,2,1,2,2,1,2,2,2,2,1,2,2,1,1,2,2,1,1,2,2,0,0,0
2008,6,95,1,62590,1,9,1,2,1,2,5,2,2,1,2,2,2,2,2,1,2,2,2,2,3,2,2,2,2,2,2,2,2,2,2,0,0,0
2008,6,73,1,62591,1,9,2,2,4,2,5,2,1,2,2,2,1,2,2,1,2,2,2,2,3,1,1,1,1,2,2,1,1,2,2,0,0,0
2008,6,59,1,62592,1,9,2,2,1,1,3,1,4,1,1,2,2,2,2,2,2,2,2,2,2,2,2,2,2,1,1,1,2,2,2,0,0,0
2008,6,59,1,62593,1,9,2,2,1,1,3,1,2,2,2,1,3,1,2,1,2,2,2,2,1,2,2,1,1,2,1,1,2,2,2,0,0,0
2008,6,55,4,62594,1,9,1,2,1,2,5,2,4,2,2,1,3,2,2,1,2,2,2,2,1,2,2,1,1,2,2,1,1,2,2,0,0,0
2008,6,65,1,62595,1,9,2,2,4,2,6,2,1,2,2,2,1,2,2,1,2,2,1,1,2,1,1,1,1,2,2,1,1,2,2,0,0,0
2008,6,37,1,62596,1,9,2,2,4,2,4,2,1,1,2,2,1,2,1,1,2,2,2,2,2,2,2,2,2,2,2,2,1,2,2,0,0,0
2008,6,13,1,62597,1,9,2,2,1,2,2,3,2,1,2,2,2,2,1,1,2,2,2,2,2,2,2,2,2,2,2,2,2,2,2,0,0,0
2008,6,19,1,62598,1,9,1,2,1,1,3,1,2,1,1,2,3,1,2,1,2,2,1,2,3,2,2,2,2,2,1,1,2,2,2,0,0,0
2008,6,39,1,62599,1,9,2,2,1,2,4,2,1,1,1,2,1,2,2,2,2,2,2,2,3,1,1,1,1,2,2,1,1,2,2,0,0,0
2008,6,99,1,62600,1,9,1,2,1,1,5,1,4,1,1,2,2,2,1,2,2,2,2,2,2,2,2,2,2,2,2,2,2,2,2,0,0,0
2008,6,107,1,62601,1,9,1,2,1,2,3,2,1,2,1,2,2,1,2,1,1,2,2,2,3,2,2,2,2,2,1,1,2,2,2,0,0,0
2008,6,83,1,62602,1,9,2,2,1,1,3,1,1,2,1,2,1,2,2,2,1,2,2,2,2,1,1,1,1,2,2,1,2,2,2,0,0,0
2008,6,37,1,62603,1,9,2,2,1,1,3,1,4,1,1,2,2,2,2,2,2,2,2,2,1,2,2,2,2,2,2,2,2,2,2,0,0,0
2008,6,73,1,62604,1,9,1,2,1,2,3,2,4,2,1,2,2,2,2,2,2,2,2,2,3,2,2,2,2,2,2,2,1,2,2,0,0,0
2008,6,111,1,62605,1,9,1,2,1,2,3,2,4,1,1,2,2,2,2,1,2,2,2,2,3,2,2,2,2,2,1,1,1,2,2,0,0,0
2008,6,73,1,62606,1,9,1,1,3,2,1,2,1,1,1,2,1,2,2,1,2,2,1,2,3,2,2,2,2,2,2,2,1,2,2,0,0,0
2008,6,29,1,62607,1,9,2,2,1,1,5,1,4,1,1,1,2,2,2,2,2,2,2,2,1,2,2,2,2,2,2,2,2,2,2,0,0,0
2008,6,79,1,62608,1,9,1,2,1,2,3,2,3,2,1,2,2,2,2,2,2,2,2,2,2,1,1,1,1,2,2,1,1,2,1,0,0,0
2008,6,37,1,62609,1,9,2,2,4,2,3,2,1,2,2,2,1,2,1,1,2,2,2,2,1,2,2,2,2,2,2,2,1,2,2,0,0,0
2008,6,95,1,62610,1,9,1,1,2,2,1,2,1,2,1,2,1,2,2,1,2,2,2,2,2,2,2,2,2,2,2,2,1,2,2,0,0,0
2008,6,37,1,62611,1,9,2,2,1,1,3,1,4,2,1,2,2,2,2,1,2,2,2,2,1,2,2,1,1,2,2,1,2,2,2,0,0,0
2008,6,37,1,62612,1,9,2,2,4,2,4,2,1,1,1,2,1,2,2,1,2,2,2,2,2,2,2,2,2,2,2,2,1,2,2,0,0,0
2008,6,85,1,62613,1,9,2,2,1,1,4,1,1,1,1,2,1,2,2,2,2,2,2,2,2,2,2,2,2,2,2,2,2,2,2,0,0,0
2008,6,73,1,62614,1,9,2,2,1,2,4,2,1,1,1,1,1,2,2,2,2,1,2,2,1,2,2,2,2,2,2,2,2,2,2,0,0,0
2008,6,99,1,62615,1,9,1,2,1,1,3,1,4,2,1,2,2,2,1,2,2,2,2,2,3,2,2,2,2,1,2,2,2,2,2,0,0,0
2008,6,19,1,62616,1,9,2,2,1,1,4,1,1,2,1,2,1,2,2,2,2,2,2,2,2,2,2,2,2,2,2,2,2,2,2,0,0,0
2008,6,37,1,62617,1,9,2,2,1,2,3,2,1,2,1,1,1,2,2,2,1,2,2,2,3,2,2,2,2,2,2,2,2,2,2,0,0,0
2008,6,19,1,62618,1,9,1,2,1,1,5,1,4,2,1,2,2,2,2,2,2,2,2,2,3,1,1,1,1,2,2,1,2,2,2,0,0,0
2008,6,39,1,62619,1,9,2,2,4,2,2,2,1,2,1,2,1,2,2,2,2,2,2,2,1,2,2,2,2,2,2,2,1,2,2,0,0,0
2008,6,107,1,62620,1,9,1,2,1,1,5,1,4,1,1,2,2,2,2,2,2,2,2,2,3,2,2,2,2,1,2,2,2,2,2,0,0,0
2008,6,61,1,62621,1,9,1,2,1,2,6,2,3,1,1,2,2,2,2,2,2,2,2,2,3,2,2,2,2,1,2,2,1,2,2,0,0,0
2008,6,59,1,62622,1,9,2,2,1,2,3,2,1,2,1,2,1,2,2,2,1,2,2,2,2,2,2,2,2,2,2,2,2,2,2,0,0,0
2008,6,71,1,62623,1,9,2,1,1,2,1,2,1,2,1,2,1,2,2,2,1,2,2,2,3,2,2,2,2,2,2,2,2,2,2,0,0,0
2008,6,37,1,62624,1,9,1,2,3,2,3,2,1,2,1,2,1,2,2,2,2,2,1,2,3,2,2,2,2,2,2,2,1,2,2,0,0,0
2008,6,59,1,62625,1,9,2,2,1,2,3,2,1,2,1,1,2,2,2,2,1,2,2,2,3,2,2,2,2,2,2,2,2,2,2,0,0,0
2008,6,65,1,62626,1,9,2,1,4,2,1,2,1,1,1,2,1,2,2,2,2,2,1,2,2,2,2,2,2,1,2,2,1,2,2,0,0,0
2008,6,37,1,62627,1,9,2,2,1,2,3,2,1,1,1,2,2,2,1,1,2,2,2,2,3,1,1,1,1,2,2,1,2,1,2,0,0,0
2008,6,85,1,62628,1,9,2,1,1,2,1,3,1,2,1,2,1,2,2,1,2,2,1,2,1,2,2,2,2,2,2,2,1,2,2,0,0,0
2008,6,9,1,62629,1,9,1,2,4,2,3,2,1,3,1,2,1,2,2,2,2,2,1,2,2,2,2,2,2,2,2,2,1,2,2,0,0,0
2008,6,65,1,62630,1,9,2,2,1,2,3,2,4,1,1,2,2,2,2,2,2,2,2,2,3,2,2,2,2,1,2,2,2,2,2,0,0,0
2008,6,47,1,62631,1,9,1,2,1,2,3,2,4,1,1,2,2,2,2,2,2,2,2,2,3,2,2,2,2,2,2,2,1,2,2,0,0,0
2008,6,67,1,62632,1,9,1,2,1,2,3,2,1,1,1,2,2,2,2,2,1,2,2,2,2,2,2,2,2,2,2,2,2,2,2,0,0,0
2008,6,71,1,62633,1,9,1,2,1,2,6,2,1,2,2,2,1,2,2,2,1,2,2,2,3,2,2,2,2,1,2,2,2,2,2,0,0,0
2008,6,75,1,62634,1,9,2,2,1,1,4,1,1,2,2,1,1,2,2,1,1,2,2,2,3,2,2,2,2,2,2,2,2,2,2,0,0,0
2008,6,73,1,62635,1,9,1,2,4,2,5,2,1,2,2,2,1,2,2,1,2,2,2,2,2,2,2,2,2,2,1,1,1,2,2,0,0,0
2008,6,71,1,62636,1,9,2,2,4,2,4,2,1,2,2,2,1,2,2,2,2,2,2,2,1,2,2,2,2,2,2,2,1,2,2,0,0,0
2008,6,103,1,62637,1,9,1,2,4,2,6,2,1,2,2,2,1,2,2,1,2,2,2,2,1,2,2,2,2,2,1,1,1,2,2,0,0,0
2008,6,65,1,62638,1,9,1,2,4,2,5,2,1,2,2,2,1,2,2,2,2,2,2,2,1,2,2,2,2,2,1,1,1,2,2,0,0,0
2008,6,19,1,62639,1,9,1,2,1,1,6,1,4,1,2,2,3,2,2,2,2,2,2,2,3,1,1,1,1,2,1,1,2,2,2,0,0,0
2008,6,109,1,62640,1,9,1,2,4,2,6,2,1,1,2,2,1,2,1,1,2,2,2,2,2,2,2,2,2,1,2,2,1,2,2,0,0,0
2008,6,59,1,62641,1,9,2,2,3,2,3,2,1,1,2,2,1,2,1,2,2,2,2,2,1,2,2,2,2,2,2,2,1,2,2,0,0,0
2008,6,21,1,62642,1,9,1,2,1,2,3,2,4,1,2,2,2,2,1,2,2,2,2,2,2,2,2,2,2,2,2,2,2,2,2,0,0,0
2008,6,89,1,62643,1,9,2,2,1,1,2,1,4,1,2,2,2,2,2,2,2,2,1,2,3,2,2,2,2,1,2,2,2,2,2,0,0,0
2008,6,77,1,62644,1,9,2,2,4,2,2,3,1,1,2,2,1,2,2,1,2,2,2,2,2,2,2,2,2,1,2,2,1,2,2,0,0,0
2008,6,37,2,62645,1,9,2,2,1,2,2,2,2,1,2,2,3,2,2,1,2,2,2,2,3,2,2,1,1,2,2,1,2,2,2,0,0,0
2008,6,41,1,62646,1,9,1,2,1,2,5,2,4,2,2,2,2,2,2,2,2,2,2,2,1,2,2,2,2,2,2,2,1,2,2,0,0,0
2008,6,99,1,62647,1,9,1,2,4,2,5,2,1,2,2,2,1,2,2,1,2,2,1,2,1,2,2,2,2,2,1,1,1,2,2,0,0,0
2008,6,37,1,62648,1,9,2,2,1,2,3,2,1,2,2,1,2,2,2,2,1,2,2,2,3,2,2,2,2,2,2,2,2,2,2,0,0,0
2008,6,65,1,62649,1,9,2,2,4,2,2,2,1,2,2,2,1,2,2,2,2,2,2,2,1,2,2,2,2,2,2,2,1,2,2,0,0,0
2008,6,37,1,62650,1,9,2,2,3,2,3,2,1,1,2,2,1,2,2,1,2,2,2,2,2,2,2,2,2,2,2,2,1,2,2,0,0,0
2008,6,65,1,62651,1,9,2,2,1,1,4,1,3,1,2,2,2,2,2,2,2,2,2,2,3,2,2,2,2,2,2,2,2,2,2,0,0,0
2008,6,59,1,62652,1,9,1,2,1,1,3,1,2,2,2,2,2,2,2,1,2,2,2,2,3,2,2,2,2,1,2,2,2,2,2,0,0,0
2008,6,67,1,62653,1,9,1,2,1,2,4,2,1,2,2,1,1,2,2,1,1,2,2,2,3,2,2,2,2,2,1,1,2,2,2,0,0,0
2008,6,37,1,62654,1,9,2,2,1,1,3,1,1,2,2,2,1,2,2,2,2,2,2,2,3,2,2,2,2,2,2,2,2,2,2,0,0,0
2008,6,37,1,62655,1,9,2,2,1,2,3,2,1,2,2,2,1,2,2,2,1,2,2,2,3,2,2,2,2,2,2,2,2,2,2,0,0,0
2008,6,65,1,62656,1,9,2,2,1,2,4,2,1,2,2,2,1,2,1,2,1,2,2,2,3,2,2,2,2,2,2,2,2,2,2,0,0,0
2008,6,53,1,62657,1,9,1,2,4,2,5,2,1,1,1,2,1,2,2,2,2,2,1,2,1,2,2,2,2,2,2,2,1,2,2,0,0,0
2008,6,7,1,62658,1,9,1,2,1,2,5,2,2,1,1,2,2,2,1,1,2,2,2,2,3,2,2,2,2,1,2,2,2,2,2,0,0,0
2008,6,37,1,62659,1,9,2,2,1,2,4,2,1,1,1,2,1,2,2,2,1,2,2,2,3,2,2,2,2,2,2,2,2,2,2,0,0,0
2008,6,31,1,62660,1,9,2,2,1,2,2,2,3,2,1,2,2,2,2,2,2,2,1,2,3,2,2,2,2,2,1,1,1,2,2,0,0,0
2008,6,37,1,62661,1,9,2,2,1,1,3,1,4,2,1,2,2,2,2,2,2,2,2,2,1,2,2,2,2,1,2,2,2,2,2,0,0,0
2008,6,37,1,62662,1,9,2,2,1,2,6,2,1,2,1,2,1,2,2,2,1,2,2,2,3,2,2,2,2,2,2,2,2,2,2,0,0,0
2008,6,71,1,62663,1,9,2,1,3,2,1,2,1,2,1,2,1,2,2,2,2,2,1,2,2,2,2,2,2,2,2,2,1,2,2,0,0,0
2008,6,37,1,62664,1,9,2,2,2,2,5,2,1,2,1,2,1,2,2,1,2,2,2,2,1,2,2,2,2,2,1,1,1,2,2,0,0,0
2008,6,37,1,62665,1,9,2,1,1,2,1,2,2,2,1,2,2,2,2,1,2,2,2,2,3,2,2,2,2,2,2,2,2,2,2,0,0,0
2008,6,1,1,62666,1,9,2,1,4,2,1,3,1,1,1,2,1,2,2,1,2,2,1,2,2,2,2,2,2,2,1,1,1,2,2,0,0,0
2008,6,19,1,62667,1,9,1,1,3,2,1,2,1,1,1,2,2,2,2,2,2,2,1,2,3,1,1,1,1,2,2,1,1,2,2,0,0,0
2008,6,89,1,62668,1,9,2,2,1,1,4,1,1,1,1,2,1,2,2,2,1,2,2,2,2,2,2,2,2,2,2,2,2,2,2,0,0,0
2008,6,71,1,62669,1,9,2,2,4,2,3,2,1,2,1,2,2,2,2,1,2,2,2,2,3,1,1,1,1,2,2,1,1,2,2,0,0,0
2008,6,107,1,62670,1,9,1,2,1,2,5,2,2,1,1,2,2,1,2,1,2,2,2,2,3,2,2,2,2,2,2,2,2,2,2,0,0,0
2008,6,59,1,62671,1,9,2,2,1,2,2,2,2,1,1,2,3,2,2,1,2,2,2,2,3,2,2,2,2,2,2,2,2,2,2,0,0,0
2008,6,29,1,62672,1,9,1,2,1,2,3,2,4,1,1,2,2,2,2,2,2,2,2,2,1,2,2,2,2,1,2,2,1,2,2,0,0,0
2008,6,65,1,62673,1,9,1,1,3,2,1,2,1,1,1,2,2,2,2,1,2,2,1,2,3,2,2,2,2,2,1,1,1,2,2,0,0,0
2008,6,79,1,62674,1,9,1,2,1,1,3,1,4,1,1,2,2,2,2,2,2,2,1,2,1,2,2,2,2,1,2,2,2,2,2,0,0,0
2008,6,1,1,62675,1,9,2,2,1,2,4,3,1,2,2,2,1,2,2,2,2,2,2,2,2,2,2,2,2,2,2,2,2,2,2,0,0,0
2008,6,71,1,62676,1,9,1,2,4,2,5,2,1,2,2,2,1,2,1,2,2,2,2,2,1,2,2,2,2,2,2,2,1,2,2,0,0,0
2008,6,37,1,62677,1,9,2,2,1,1,4,1,1,2,2,2,1,2,2,2,1,2,2,2,3,2,2,2,2,2,2,2,2,2,2,0,0,0
2008,6,7,1,62678,1,9,1,2,4,2,5,2,1,2,2,2,1,2,2,2,2,2,1,2,3,2,2,2,2,2,2,2,1,2,2,0,0,0
2008,6,19,1,62679,1,9,1,2,4,2,5,2,1,2,2,2,1,2,2,1,2,2,2,2,1,2,2,2,2,2,1,1,1,2,2,0,0,0
2008,6,67,1,62680,1,9,2,2,4,2,3,2,1,2,2,2,1,2,2,2,2,2,2,2,2,2,2,2,2,2,2,2,1,2,1,0,0,0
2008,6,75,1,62681,1,9,2,2,1,1,3,1,1,1,2,2,1,2,2,2,1,2,2,2,3,2,2,2,2,2,2,2,2,2,2,0,0,0
2008,6,59,1,62682,1,9,2,2,4,2,4,2,1,1,2,2,1,2,2,2,2,1,2,2,1,2,2,2,2,2,2,2,1,1,2,0,0,0
2008,6,85,1,62683,1,9,2,2,1,1,4,1,4,2,2,2,2,2,2,2,2,2,2,2,2,2,2,2,2,2,2,2,2,2,2,0,0,0
2008,6,37,1,62684,1,9,2,2,1,2,5,2,1,1,1,2,1,2,2,2,2,1,2,2,3,2,2,2,2,2,2,2,2,2,2,0,0,0
2008,6,65,1,62685,1,9,2,2,2,2,4,2,1,1,1,2,1,2,2,1,2,2,1,2,1,2,2,2,2,2,2,2,1,2,2,0,0,0
2008,6,37,1,62686,1,9,2,2,4,1,4,1,1,2,2,2,1,2,2,1,2,2,1,2,1,2,2,2,2,2,2,2,2,2,2,0,0,0
2008,6,65,1,62687,1,9,1,2,2,2,5,2,1,1,2,2,1,2,2,2,2,2,1,2,1,2,2,2,2,2,2,2,1,2,2,0,0,0
2008,6,37,1,62688,1,9,2,2,1,1,6,1,1,1,1,2,1,2,2,2,1,2,2,2,3,2,2,2,2,2,2,2,2,2,2,0,0,0
2008,6,7,1,62689,1,9,1,2,1,1,3,1,4,1,1,2,2,2,2,2,2,2,2,2,3,2,2,2,2,1,2,2,2,2,2,0,0,0
2008,6,37,1,62690,1,9,2,2,3,1,3,1,1,2,1,2,1,2,1,1,2,2,2,2,1,2,2,2,2,2,2,2,2,2,2,0,0,0
2008,6,65,1,62691,1,9,1,2,4,2,5,2,3,1,1,2,3,2,2,2,2,2,2,2,3,2,2,2,2,1,2,2,1,2,2,0,0,0
2008,6,73,1,62692,1,9,2,2,1,2,6,2,1,2,1,2,1,2,2,2,1,2,2,2,3,2,2,2,2,2,2,2,2,2,2,0,0,0
2008,6,59,1,62693,1,9,2,2,1,2,5,2,2,1,1,1,3,2,2,1,2,2,2,2,3,1,1,1,1,1,2,1,2,2,2,0,0,0
2008,6,1,1,62694,1,9,2,1,1,2,1,2,2,2,2,2,2,2,2,1,2,2,2,2,3,2,2,2,2,2,1,1,1,2,2,0,0,0
2008,6,65,2,62695,1,9,2,2,1,2,5,2,3,1,1,2,2,1,2,2,2,2,1,2,3,2,2,2,2,2,2,2,1,2,2,0,0,0
2008,6,19,1,62696,1,9,1,2,2,2,5,2,1,2,2,2,1,2,2,2,2,2,1,2,1,2,2,2,2,2,2,2,1,2,2,0,0,0
2008,6,109,1,62697,1,9,1,2,4,2,3,2,1,1,1,2,1,2,1,2,2,2,2,2,1,2,2,2,2,2,2,2,1,2,2,0,0,0
2008,6,95,1,62698,1,9,2,1,2,2,1,2,1,2,2,2,1,2,2,1,2,2,1,2,1,2,2,2,2,2,2,2,1,2,2,0,0,0
2008,6,73,1,62699,1,9,2,2,4,2,4,2,1,2,2,2,1,2,2,2,2,2,1,2,1,2,2,2,2,2,1,1,1,2,2,0,0,0
2008,6,37,1,62700,1,9,2,2,1,2,4,2,2,2,2,2,2,2,2,1,2,2,2,2,1,2,2,2,2,2,2,2,2,2,2,0,0,0
2008,6,49,1,62701,1,9,1,2,2,2,3,2,1,1,2,2,1,2,2,1,2,2,1,2,2,2,2,2,2,2,2,2,1,2,2,0,0,0
2008,6,37,1,62702,1,9,2,2,1,2,2,2,2,1,2,2,3,1,2,1,2,2,2,2,3,2,2,2,2,1,2,2,2,2,2,0,0,0
2008,6,107,1,62703,1,9,1,2,4,2,6,2,1,3,1,2,1,2,2,2,2,2,1,2,2,2,2,2,2,1,2,2,1,2,2,0,0,0
2008,6,61,1,62704,1,9,1,2,1,2,6,2,1,1,1,2,1,1,2,2,2,2,2,2,2,2,2,2,2,2,2,2,2,2,2,0,0,0
2008,6,37,1,62705,1,9,2,2,1,2,3,2,1,1,1,1,1,2,2,2,1,2,2,2,3,2,2,2,2,1,2,2,2,2,2,0,0,0
2008,6,71,1,62706,1,9,2,2,1,1,6,1,1,1,1,1,1,2,2,2,2,1,2,2,3,2,2,2,2,2,1,1,2,2,2,0,0,0
2008,6,23,1,62707,1,9,1,2,1,2,3,2,1,2,1,2,1,2,2,2,1,2,2,2,2,2,2,2,2,2,2,2,2,2,2,0,0,0
2008,6,37,1,62708,1,9,2,2,4,2,3,2,2,2,2,2,1,2,2,1,2,2,2,2,3,2,2,2,2,2,2,2,1,2,2,0,0,0
2008,6,9,1,62709,1,9,1,2,4,2,5,2,1,2,2,2,1,2,2,2,2,2,1,2,1,2,2,2,2,2,2,2,1,2,2,0,0,0
2008,6,37,1,62710,1,9,2,2,4,2,4,2,1,2,2,2,1,2,2,1,2,2,1,2,2,2,2,1,1,2,2,1,1,2,2,0,0,0
2008,6,111,1,62711,1,9,2,2,4,2,2,2,1,1,2,2,1,2,2,2,2,2,1,2,2,2,2,2,2,2,2,2,1,2,2,0,0,0
2008,6,45,1,62712,1,9,1,2,1,2,3,2,3,1,2,2,2,2,2,1,2,2,2,2,3,2,2,2,2,2,2,2,1,2,2,0,0,0
2008,6,87,1,62713,1,9,2,2,1,2,2,2,1,1,2,2,1,2,2,1,2,2,1,2,2,2,2,2,2,2,2,2,2,2,2,0,0,0
2008,6,73,1,62714,1,9,2,2,4,2,4,2,1,2,2,2,1,2,2,2,1,2,2,2,2,2,2,2,2,2,2,2,1,2,2,0,0,0
2008,6,37,1,62715,1,9,2,2,1,1,3,1,1,2,2,1,1,2,2,2,1,2,2,2,1,2,2,2,2,2,2,2,2,2,2,0,0,0
2008,6,45,1,62716,1,9,2,2,1,1,6,1,1,2,2,2,1,2,2,2,1,2,2,2,3,2,2,2,2,2,2,2,2,2,2,0,0,0
2008,6,115,1,62717,1,9,1,2,4,2,5,2,1,2,2,2,1,2,2,1,2,2,1,2,1,2,2,2,2,2,2,2,1,2,2,0,0,0
2008,6,53,1,62718,1,9,1,2,4,2,3,2,1,2,2,2,1,2,2,2,2,2,2,2,1,1,1,1,1,2,2,1,1,2,2,0,0,0
2008,6,37,1,62719,1,9,2,1,1,2,1,2,1,2,2,2,1,2,2,2,1,2,2,2,2,2,2,2,2,2,1,1,2,2,2,0,0,0
2008,6,73,1,62720,1,9,2,2,4,2,4,2,1,2,2,2,1,2,2,2,2,2,1,2,1,2,2,2,2,2,2,2,1,2,2,0,0,0
2008,6,71,1,62721,1,9,2,2,4,1,6,1,1,2,2,2,1,2,2,2,2,2,2,2,1,2,2,2,2,2,1,1,2,2,2,0,0,0
2008,6,87,1,62722,1,9,1,2,1,2,3,2,1,1,2,2,1,2,1,1,2,2,2,2,2,2,2,2,2,1,2,2,2,2,2,0,0,0
2008,6,55,1,62723,1,9,1,2,4,2,5,2,1,1,2,2,1,2,2,2,2,2,2,2,2,2,2,2,2,2,2,2,1,2,2,0,0,0
2008,6,107,2,62724,1,9,2,2,1,2,4,2,4,1,2,2,2,2,2,1,2,2,2,2,1,2,2,2,2,2,1,1,1,2,2,0,0,0
2008,6,25,1,62725,1,9,1,2,4,2,5,2,1,3,2,2,1,2,2,1,2,2,1,2,1,1,1,1,1,2,2,1,1,2,2,0,0,0
2008,6,19,1,62726,1,9,1,2,1,2,3,2,4,1,1,2,2,1,2,2,2,2,2,2,3,2,2,2,2,1,2,2,2,2,2,0,0,0
2008,6,37,1,62727,1,9,2,2,1,2,3,2,4,1,1,2,3,2,2,1,2,2,2,2,3,2,2,2,2,2,2,2,1,2,2,0,0,0
2008,6,13,1,62728,1,9,2,2,1,2,3,3,1,1,1,2,1,2,2,2,2,2,2,2,2,2,2,2,2,2,2,2,1,2,2,0,0,0
2008,6,35,1,62729,1,9,1,2,4,2,3,2,1,1,1,2,1,2,2,1,2,2,1,2,2,2,2,2,2,1,2,2,1,2,2,0,0,0
2008,6,73,2,62730,1,9,1,2,1,2,4,2,3,2,1,2,2,2,2,2,2,2,2,2,1,2,2,1,1,2,2,1,1,2,2,0,0,0
2008,6,27,1,62731,1,9,1,2,1,1,3,1,1,1,1,2,1,2,2,2,1,2,2,2,3,2,2,2,2,2,2,2,2,1,2,1,0,1
2008,6,19,1,62732,1,9,1,2,1,2,5,2,3,1,1,2,2,2,2,2,2,2,2,2,3,1,1,1,1,2,2,1,1,2,2,0,0,0
2008,6,29,1,62733,1,9,1,2,4,2,3,2,1,1,1,2,1,2,1,2,2,2,2,2,2,2,2,2,2,2,1,1,1,2,2,0,0,0
2008,6,75,1,62734,1,9,2,2,1,1,3,1,1,2,1,2,1,2,2,2,1,2,2,2,3,2,2,2,2,2,2,2,2,2,2,0,0,0
2008,6,37,1,62735,1,9,1,2,4,2,5,2,1,2,1,2,1,2,2,2,2,2,1,2,1,2,2,2,2,2,1,1,1,2,2,0,0,0
2008,6,73,1,62736,1,9,2,2,1,1,4,1,4,1,1,2,2,1,2,2,2,2,2,2,3,2,2,2,2,2,2,2,2,2,2,0,0,0
2008,6,23,1,62737,1,9,1,2,4,2,3,2,1,1,1,2,1,2,2,2,2,2,2,2,2,2,2,2,2,2,2,2,1,2,2,0,0,0
2008,6,37,1,62738,1,9,2,1,1,2,1,2,1,2,1,1,2,1,2,2,1,2,2,2,3,2,2,2,2,1,2,2,2,2,2,0,0,0
2008,6,73,1,62739,1,9,2,2,1,2,3,2,1,2,1,2,1,2,2,2,1,2,2,2,3,2,2,2,2,2,1,1,2,2,2,0,0,0
2008,6,37,1,62740,1,9,2,2,1,1,4,1,1,2,2,2,1,2,2,2,1,2,2,2,3,2,2,2,2,2,2,2,2,2,2,0,0,0
2008,6,59,1,62741,1,9,2,1,4,2,1,3,1,2,1,2,3,2,2,1,2,2,1,2,1,2,2,2,2,1,2,2,1,2,2,0,0,0
2008,6,29,1,62742,1,9,2,2,1,2,3,2,4,1,1,2,2,2,2,2,2,2,2,2,3,2,2,2,2,1,2,2,2,2,2,0,0,0
2008,6,71,1,62743,1,9,2,2,1,1,3,1,1,1,1,2,1,2,2,2,1,2,2,2,3,2,2,2,2,2,2,2,2,2,2,0,0,0
2008,6,113,1,62744,1,9,2,2,1,1,6,1,4,2,2,2,2,2,1,2,2,2,2,2,2,1,1,1,1,2,2,1,2,2,2,0,0,0
2008,6,13,1,62745,1,9,2,1,1,2,1,2,3,2,2,2,3,2,2,2,2,2,2,2,3,2,2,2,2,2,1,1,2,2,2,0,0,0
2008,6,37,1,62746,1,9,1,1,1,2,1,2,1,2,2,2,1,2,2,2,1,2,2,2,2,2,2,2,2,2,2,2,2,2,2,0,0,0
2008,6,107,1,62747,1,9,2,2,1,2,4,2,4,1,2,2,2,2,1,1,2,2,2,2,3,2,2,1,1,1,2,1,1,2,2,0,0,0
2008,6,19,1,62748,1,9,1,2,1,2,3,2,3,2,2,2,2,2,2,2,2,2,2,2,1,2,2,2,2,2,2,2,1,2,2,0,0,0
2008,6,85,1,62749,1,9,1,2,1,2,3,2,5,2,2,2,2,2,2,2,2,2,1,2,1,2,2,2,2,2,2,2,2,2,2,0,0,0
2008,6,67,1,62750,1,9,2,2,4,2,3,2,1,2,2,2,1,2,2,1,2,2,2,2,1,2,2,2,2,2,2,2,1,2,2,0,0,0
2008,6,37,1,62751,1,9,2,1,1,2,1,2,2,2,2,2,2,2,1,1,1,2,2,2,1,2,2,2,2,2,1,1,2,2,2,0,0,0
2008,6,29,1,62752,1,9,2,2,4,2,5,2,1,1,2,2,1,2,2,1,2,2,1,2,2,2,2,2,2,2,2,2,1,1,2,0,0,0
2008,6,23,1,62753,1,9,1,2,1,2,5,2,1,1,2,2,2,2,1,1,2,2,2,2,3,2,2,2,2,2,2,2,2,2,2,1,1,1
2008,6,15,1,62754,1,9,1,2,1,1,5,1,4,2,2,2,2,2,2,1,2,2,1,2,1,2,2,2,2,2,2,2,2,2,2,0,0,0
2008,6,73,1,62755,1,9,1,2,3,2,3,2,1,2,1,2,2,2,2,2,2,2,2,2,3,2,2,2,2,2,2,2,1,2,2,0,0,0
2008,6,37,1,62756,1,9,2,2,1,2,4,2,1,2,2,1,2,2,2,2,1,2,2,2,3,2,2,2,2,1,2,2,2,2,2,0,0,0
2008,6,77,1,62757,1,9,1,2,1,2,5,2,4,2,1,2,2,2,1,1,2,2,2,2,3,1,1,1,1,2,1,1,2,2,2,0,0,0
2008,6,53,1,62758,1,9,1,2,1,2,3,2,1,2,1,2,1,2,2,2,2,2,2,2,2,2,2,2,2,2,2,2,2,2,2,0,0,0
2008,6,115,1,62759,1,9,1,2,1,2,3,2,3,1,1,2,2,2,2,2,2,2,2,2,3,2,2,2,2,1,2,2,1,2,2,0,0,0
2008,6,37,1,62760,1,9,2,1,4,2,1,2,1,1,1,2,2,2,1,2,2,2,2,2,3,2,2,2,2,2,1,1,1,2,2,0,0,0
2008,6,37,1,62761,1,9,2,2,1,1,3,1,4,1,1,2,2,2,1,1,2,2,2,2,1,2,2,2,2,1,2,2,2,2,2,0,0,0
2008,6,37,1,62762,1,9,2,2,1,2,2,2,2,1,1,2,3,1,2,1,2,2,2,2,3,2,2,2,2,2,1,1,2,2,2,0,0,0
2008,6,19,1,62763,1,9,2,2,1,2,2,2,1,2,1,2,2,2,1,1,1,2,2,2,3,2,2,2,2,2,2,2,2,2,2,0,0,0
2008,6,113,1,62764,1,9,2,2,3,1,6,1,3,2,1,2,2,2,1,2,2,2,2,2,1,2,2,2,2,2,2,2,2,2,2,0,0,0
2008,6,71,1,62765,1,9,1,2,4,2,3,2,1,2,1,2,1,2,2,1,2,2,1,2,1,2,2,2,2,2,2,2,1,2,2,0,0,0
2008,6,37,1,62766,1,9,2,2,1,1,3,1,1,2,1,2,1,2,2,2,1,2,2,2,3,2,2,2,2,2,1,1,2,2,2,0,0,0
2008,6,77,1,62767,1,9,1,2,4,2,5,2,1,1,1,2,1,2,2,2,2,2,2,2,2,2,2,1,1,2,2,1,1,2,2,0,0,0
2008,6,13,1,62768,1,9,2,1,3,2,1,2,1,1,1,2,1,2,2,2,2,2,2,2,1,2,2,2,2,2,2,2,1,2,2,0,0,0
2008,6,7,1,62769,1,9,2,2,1,1,5,1,1,1,1,2,1,2,2,2,1,2,2,2,3,2,2,2,2,2,2,2,2,2,2,0,0,0
2008,6,37,1,62770,1,9,2,2,1,2,4,2,1,2,1,2,1,2,2,2,1,2,2,2,3,1,1,1,1,2,2,1,2,2,2,0,0,0
2008,6,87,1,62771,1,9,2,2,1,2,4,2,2,2,1,2,3,2,1,1,2,2,2,2,1,2,2,2,2,2,1,1,2,1,2,0,0,0
2008,6,7,1,62772,1,9,2,2,1,2,5,2,1,1,1,2,1,2,1,2,2,2,2,2,2,2,2,2,2,2,2,2,2,2,2,0,0,0
2008,6,7,1,62773,1,9,2,2,4,2,2,2,1,1,1,2,1,2,2,2,2,2,1,2,2,2,2,2,2,1,2,2,1,2,2,0,0,0
2008,6,71,1,62774,1,9,1,2,1,2,5,2,1,1,1,2,1,2,2,2,2,2,1,2,3,2,2,2,2,2,2,2,1,2,2,0,0,0
2008,6,51,1,62775,1,9,1,2,4,2,3,2,1,1,1,2,1,2,2,2,2,2,2,2,2,2,2,2,2,2,2,2,1,1,2,0,0,0
2008,6,7,2,62776,1,9,1,2,1,2,5,2,4,1,1,2,2,2,2,2,2,2,2,2,1,2,2,2,2,2,2,2,1,1,2,0,0,0
2008,6,95,1,62777,1,9,2,2,1,2,2,2,2,2,1,2,2,1,2,1,2,2,2,2,3,2,2,2,2,2,1,1,2,2,2,0,0,0
2008,6,85,1,62778,1,9,2,2,1,2,2,3,1,2,1,2,1,2,2,2,1,2,2,2,3,2,2,2,2,2,2,2,2,2,2,0,0,0
2008,6,37,1,62779,1,9,2,2,1,2,3,2,1,2,1,2,1,2,2,2,1,2,2,2,3,2,2,2,2,2,2,2,2,2,2,0,0,0
2008,6,87,1,62780,1,9,2,2,1,2,3,2,1,2,1,2,1,2,2,1,1,2,2,2,2,2,2,2,2,1,2,2,2,1,2,0,0,0
2008,6,37,1,62781,1,9,2,2,1,1,4,1,1,1,1,2,1,2,2,2,1,2,2,2,3,2,2,2,2,1,2,2,2,2,2,0,0,0
2008,6,19,1,62782,1,9,1,2,1,2,5,2,1,1,1,2,1,2,2,2,1,2,2,2,3,2,2,2,2,2,2,2,2,2,2,0,0,0
2008,6,7,1,62783,1,9,2,2,1,2,2,2,3,2,2,2,2,2,2,2,2,2,2,2,3,2,2,1,1,2,2,1,2,2,2,0,0,0
2008,6,37,1,62784,1,9,2,2,1,1,3,1,4,2,2,2,2,2,1,1,2,2,2,2,1,2,2,2,2,1,2,2,2,2,2,0,0,0
2008,6,73,1,62785,1,9,1,2,1,2,3,2,1,1,2,2,1,2,1,1,2,2,2,2,2,2,2,2,2,2,2,2,2,2,2,0,0,0
2008,6,37,1,62786,1,9,2,2,4,1,4,1,1,1,2,2,1,2,1,1,2,2,2,2,2,2,2,2,2,2,2,2,2,2,2,0,0,0
2008,6,1,1,62787,1,9,1,2,1,2,3,2,4,1,2,2,2,2,2,1,2,2,2,2,2,1,1,1,1,2,2,1,1,1,2,0,0,0
2008,6,67,2,62788,1,9,1,2,1,2,3,2,3,2,2,2,2,2,2,2,2,2,2,2,1,2,2,2,2,2,2,2,1,2,2,0,0,0
2008,6,25,1,62789,1,9,1,2,4,2,5,2,1,2,2,2,1,2,2,2,2,2,1,2,1,2,2,2,2,2,2,2,1,2,2,0,0,0
2008,6,73,1,62790,1,9,1,2,4,2,3,2,1,3,2,2,1,2,2,2,2,2,1,2,1,2,2,2,2,2,2,2,1,2,2,0,0,0
2008,6,37,1,62791,1,9,2,2,4,2,3,2,5,2,2,2,1,2,1,1,2,2,2,2,1,2,2,2,2,2,2,2,1,2,2,0,0,0
2008,6,111,1,62792,1,9,1,2,1,2,3,2,1,1,2,2,1,2,1,1,2,2,2,2,2,2,2,2,2,2,2,2,2,2,2,0,0,0
2008,6,59,1,62793,1,9,2,2,1,1,3,1,1,1,2,2,1,2,2,2,1,2,2,2,3,2,2,2,2,2,2,2,2,2,2,0,0,0
2008,6,19,1,62794,1,9,2,2,4,2,4,2,1,2,2,2,1,2,2,1,2,2,1,2,1,2,2,2,2,2,2,2,1,2,2,0,0,0
2008,6,59,1,62795,1,9,2,2,1,1,3,1,1,1,1,2,1,2,2,1,1,2,2,2,3,2,2,2,2,2,2,2,2,2,2,0,0,0
2008,6,37,1,62796,1,9,1,2,1,1,6,1,1,1,1,2,1,2,2,2,1,2,2,2,3,2,2,2,2,2,2,2,2,2,2,0,0,0
2008,6,73,1,62797,1,9,2,2,1,2,4,2,1,2,1,2,1,2,2,2,1,2,2,2,3,2,2,2,2,2,2,2,2,2,2,0,0,0
2008,6,37,1,62798,1,9,2,2,1,2,3,2,1,1,1,2,1,2,2,2,2,2,2,2,3,2,2,2,2,1,2,2,2,2,2,0,0,0
2008,6,37,1,62799,1,9,1,2,1,2,6,2,1,1,1,2,1,2,2,1,1,2,2,2,3,2,2,2,2,2,2,2,2,2,2,0,0,0
2008,6,39,1,62800,1,9,1,2,4,2,6,2,1,1,1,2,1,2,2,2,2,2,1,2,2,2,2,2,2,2,2,2,1,2,2,0,0,0
2008,6,67,1,62801,1,9,2,2,2,2,3,2,1,2,1,2,1,2,2,2,2,1,2,2,1,2,2,2,2,2,2,2,1,2,2,0,0,0
2008,6,67,1,62802,1,9,1,2,1,1,6,1,4,2,1,2,2,2,2,2,2,2,2,2,1,2,2,2,2,1,2,2,2,2,2,0,0,0
2008,6,49,1,62803,1,9,1,2,4,2,3,2,1,2,1,2,1,2,2,2,2,2,1,2,3,2,2,1,1,2,2,1,1,2,2,1,0,1
2008,6,81,1,62804,1,9,2,2,1,1,3,1,3,1,1,2,2,2,2,2,2,2,2,2,3,2,2,2,2,2,2,2,2,1,2,0,0,0
2008,6,73,2,62805,1,9,2,2,3,2,4,2,1,2,2,2,1,2,2,1,2,2,1,2,1,2,2,1,1,2,2,1,1,2,2,0,0,0
2008,6,65,1,62806,1,9,2,2,4,2,6,2,1,2,2,2,1,2,2,2,2,2,1,2,1,2,2,2,2,2,2,2,1,2,2,0,1,1
2008,6,65,1,62807,1,9,1,1,3,2,1,2,1,1,1,2,1,2,2,2,2,2,1,2,2,2,2,2,2,1,2,2,1,2,2,0,0,0
2008,6,37,1,62808,1,9,2,2,1,2,4,2,1,2,1,2,1,2,2,2,1,2,2,2,3,2,2,2,2,2,2,2,2,2,2,0,0,0
2008,6,71,1,62809,1,9,1,2,1,2,3,2,4,2,1,2,2,1,2,2,2,2,2,2,1,2,2,2,2,2,1,1,1,2,2,0,0,0
2008,6,95,1,62810,1,9,2,1,4,2,1,3,1,1,1,2,1,2,2,1,2,2,2,1,2,2,2,2,2,2,2,2,1,2,2,0,0,0
2008,6,71,1,62811,1,9,2,1,2,2,1,2,1,2,2,2,1,2,2,2,2,2,2,2,2,1,1,1,1,2,2,1,1,2,2,0,0,0
2008,6,71,1,62812,1,9,1,2,2,2,3,2,1,2,1,2,1,2,2,1,2,2,1,2,3,1,1,1,1,2,2,1,1,2,1,0,0,0
2008,6,65,1,62813,1,9,1,2,3,2,3,2,1,2,1,2,2,1,2,1,2,2,2,2,2,2,2,2,2,2,2,2,1,2,2,0,0,0
2008,6,83,1,62814,1,9,1,2,4,2,3,2,1,1,1,2,1,2,2,1,2,2,1,2,1,2,2,2,2,2,2,2,1,2,2,0,0,0
2008,6,73,1,62815,1,9,2,2,1,2,4,2,1,1,1,2,1,2,2,2,1,2,2,2,2,2,2,2,2,2,1,1,2,2,2,0,0,0
2008,6,111,1,62816,1,9,2,2,1,2,3,2,2,1,1,2,3,2,2,2,2,2,2,2,3,2,2,2,2,1,1,1,2,2,2,0,0,0
2008,6,81,1,62817,1,9,1,1,1,2,1,2,3,2,1,2,2,2,2,2,2,2,1,2,1,2,2,2,2,2,2,2,2,2,2,0,0,0
2008,6,1,1,62818,1,9,2,1,1,2,1,2,2,2,1,2,2,1,2,1,1,2,2,2,3,2,2,2,2,2,2,2,2,2,2,0,0,0
2008,6,65,1,62819,1,9,2,2,1,2,6,2,1,1,1,2,1,2,1,2,2,2,2,2,1,2,2,2,2,2,2,2,2,2,2,0,0,0
2008,6,67,1,62820,1,9,2,2,2,2,2,2,1,2,2,2,1,2,2,2,2,2,2,2,1,2,2,2,2,2,2,2,1,2,2,0,0,0
2008,6,47,1,62821,1,9,2,2,2,2,2,2,1,1,1,2,1,2,2,2,2,2,1,1,2,2,2,2,2,2,1,1,1,2,2,0,0,0
2008,6,65,1,62822,1,9,1,2,4,2,3,2,1,1,1,2,1,2,2,1,2,2,1,2,2,1,1,1,1,2,2,1,1,2,2,0,0,0
2008,6,95,1,62823,1,9,2,2,3,2,3,2,1,2,1,2,1,2,2,2,2,2,2,2,1,2,2,2,2,2,2,2,1,2,2,0,0,0
2008,6,59,1,62824,1,9,2,1,4,2,1,3,1,2,1,2,1,2,2,1,2,2,1,2,2,2,2,1,1,2,2,1,1,2,2,0,0,0
2008,6,37,1,62825,1,9,2,1,4,2,1,2,1,1,2,2,1,2,2,2,2,2,1,2,1,2,2,2,2,2,2,2,1,2,2,0,0,0
2008,6,101,2,62826,1,9,1,2,1,1,3,1,4,1,2,2,2,2,2,2,2,2,1,2,1,2,2,1,1,2,2,1,2,2,2,0,0,0
2008,6,71,1,62827,1,9,2,2,1,2,4,2,1,2,1,2,1,2,2,2,1,2,2,2,2,1,1,1,1,2,2,1,2,2,2,0,0,0
2008,6,59,1,62828,1,9,2,2,1,2,3,2,4,1,1,2,2,2,1,2,2,2,2,2,2,2,2,2,2,1,2,2,2,2,2,0,0,0
2008,6,81,1,62829,1,9,2,1,1,2,1,2,4,2,2,2,2,2,2,2,2,2,2,2,1,2,2,2,2,2,2,2,2,2,2,0,0,0
2008,6,83,1,62830,1,9,2,2,2,2,2,2,1,1,1,2,1,1,2,2,1,2,2,2,3,2,2,2,2,2,2,2,1,1,2,0,0,0
2008,6,73,1,62831,1,9,2,2,1,2,5,2,1,2,1,2,1,2,2,1,1,2,2,2,2,2,2,2,2,2,2,2,2,2,2,0,0,0
2008,6,65,1,62832,1,9,2,2,4,2,2,2,1,2,1,2,1,2,2,1,2,2,1,2,2,2,2,2,2,2,2,2,1,2,2,0,0,0
2008,6,37,1,62833,1,9,2,2,4,2,6,2,1,1,1,2,1,2,2,1,1,2,2,2,2,2,2,2,2,1,2,2,1,2,2,0,0,0
2008,6,73,1,62834,1,9,1,2,1,2,5,2,4,1,1,2,2,2,2,1,2,2,2,2,3,2,2,2,2,2,2,2,1,2,2,0,0,0
2008,6,107,1,62835,1,9,1,2,2,2,5,2,1,2,2,2,1,2,2,1,2,2,1,1,2,2,2,2,2,2,2,2,1,2,2,0,0,0
2008,6,37,1,62836,1,9,2,2,3,2,3,2,1,2,2,2,1,2,2,1,2,2,1,2,1,1,1,1,1,2,2,1,1,2,2,0,0,0
2008,6,99,1,62837,1,9,1,2,1,1,3,1,4,1,1,2,2,2,2,2,2,2,2,2,3,2,2,2,2,2,2,2,2,2,2,0,0,0
2008,6,99,1,62838,1,9,2,2,3,1,2,1,5,1,1,2,2,1,1,2,2,2,2,2,3,2,2,2,2,1,2,2,2,2,2,0,0,0
2008,6,37,1,62839,1,9,2,2,1,1,3,1,4,2,1,2,2,1,1,2,2,2,2,2,1,2,2,2,2,2,1,1,2,2,2,0,0,0
2008,6,59,1,62840,1,9,2,2,1,2,3,2,1,2,2,2,1,2,2,2,1,2,2,2,3,2,2,2,2,2,2,2,2,2,2,0,0,0
2008,6,85,1,62841,1,9,1,2,2,1,5,1,1,1,1,2,1,2,2,1,2,2,2,2,3,2,2,2,2,2,2,2,2,2,2,0,0,0
2008,6,97,1,62842,1,9,2,2,1,2,2,2,1,2,2,2,3,2,2,2,1,2,2,2,3,2,2,2,2,2,2,2,2,2,2,0,0,0
2008,6,95,1,62843,1,9,1,2,1,1,3,1,4,2,1,1,2,2,2,1,2,2,1,2,3,1,1,1,1,2,2,1,2,2,2,0,0,0
2008,6,81,1,62844,1,9,2,2,1,1,4,1,1,1,1,2,1,2,2,2,1,2,2,2,2,2,2,2,2,2,2,2,2,2,2,0,0,0
2008,6,85,1,62845,1,9,2,2,1,2,6,2,4,2,1,2,2,2,1,2,2,2,2,2,3,2,2,2,2,2,2,2,2,2,2,0,0,0
2008,6,99,1,62846,1,9,1,2,3,2,5,2,1,2,2,2,1,2,2,1,2,2,2,2,1,2,2,2,2,2,2,2,1,2,1,0,0,0
2008,6,71,1,62847,1,9,2,1,1,2,1,2,2,1,1,1,3,1,2,1,2,2,2,2,3,2,2,2,2,1,1,1,2,2,2,0,0,0
2008,6,73,1,62848,1,9,2,1,1,2,1,3,2,2,2,1,2,2,2,1,2,2,1,2,3,2,2,1,1,2,2,1,2,2,2,0,0,0
2008,6,77,1,62849,1,9,1,2,1,2,5,2,2,1,1,2,2,2,1,1,2,2,2,2,2,2,2,2,2,2,2,2,1,2,2,0,0,0
2008,6,73,1,62850,1,9,2,2,1,2,4,2,1,1,1,2,1,2,2,2,2,1,2,2,2,2,2,2,2,2,2,2,2,2,2,0,0,0
2008,6,73,1,62851,1,9,2,1,1,2,1,2,1,2,1,1,1,2,2,2,1,2,2,2,3,2,2,2,2,2,2,2,2,2,2,0,0,0
2008,6,37,1,62852,1,9,1,2,1,2,6,2,1,1,1,2,1,2,2,2,1,2,2,2,3,2,2,2,2,2,2,2,2,2,2,0,0,0
2008,6,47,1,62853,1,9,1,2,1,1,5,1,4,1,1,2,2,1,2,2,2,2,2,2,1,2,2,2,2,2,2,2,2,2,2,0,0,0
2008,6,31,1,62854,1,9,2,2,1,1,5,1,1,1,1,2,1,2,2,1,1,2,2,2,3,2,2,2,2,2,2,2,2,2,2,0,0,0
2008,6,23,1,62855,1,9,1,2,4,2,6,2,1,2,1,2,1,2,2,1,2,2,2,2,1,2,2,2,2,2,2,2,1,2,2,0,0,0
2008,6,73,1,62856,1,9,2,1,3,2,1,2,1,2,2,2,1,2,2,2,2,2,2,2,1,2,2,2,2,2,2,2,1,2,2,0,0,0
2008,6,31,1,62857,1,9,1,2,1,2,3,2,3,1,2,2,2,2,2,2,2,2,1,2,1,2,2,2,2,1,2,2,1,1,2,0,0,0
2008,6,59,1,62858,1,9,2,2,1,2,4,2,1,2,2,2,2,2,2,2,2,1,2,2,3,1,1,1,1,2,2,1,2,2,2,0,0,0
2008,6,13,1,62859,1,9,1,2,1,2,6,2,1,3,3,1,1,2,2,2,2,1,2,2,3,2,2,2,2,2,2,2,1,2,2,0,0,0
2008,6,73,1,62860,1,9,2,2,1,1,5,1,4,2,2,2,2,2,2,1,2,2,2,2,3,2,2,2,2,2,1,1,2,2,2,0,0,0
2008,6,37,1,62861,1,9,2,2,4,2,6,2,1,1,1,2,1,2,2,2,1,2,2,2,3,2,2,2,2,2,2,2,1,2,2,0,0,0
2008,6,37,1,62862,1,9,2,2,4,2,4,2,1,2,1,2,1,2,2,2,2,2,2,2,2,2,2,2,2,2,2,2,1,2,2,0,0,0
2008,6,115,1,62863,1,9,1,2,4,2,5,2,1,2,1,2,1,2,2,2,2,2,2,2,1,2,2,2,2,2,2,2,1,2,2,0,0,0
2008,6,37,1,62864,1,9,2,2,1,1,3,1,4,2,1,2,2,2,2,2,2,2,2,2,3,2,2,2,2,2,1,1,2,2,2,0,0,0
2008,6,59,1,62865,1,9,2,1,1,2,1,2,2,2,2,1,3,2,2,1,1,2,2,2,1,2,2,2,2,2,2,2,2,2,2,0,0,0
2008,6,37,1,62866,1,9,1,2,4,2,5,2,1,3,2,2,1,2,2,2,2,2,1,2,2,2,2,2,2,2,2,2,1,2,2,0,0,0
2008,6,73,1,62867,1,9,2,2,4,2,2,3,1,1,1,2,1,1,2,1,2,2,2,2,3,2,2,2,2,2,2,2,1,2,2,0,0,0
2008,6,99,1,62868,1,9,1,2,1,1,5,1,4,1,1,2,2,1,2,2,2,2,2,2,3,1,1,1,1,2,2,1,2,2,2,0,0,0
2008,6,53,1,62869,1,9,1,2,4,2,6,2,1,2,1,2,1,2,2,1,2,2,2,2,3,2,2,2,2,2,2,2,1,2,2,0,0,0
2008,6,37,1,62870,1,9,1,2,4,2,5,2,1,2,1,2,1,2,2,1,2,2,1,2,1,2,2,2,2,2,2,2,1,2,2,0,0,0
2008,6,67,1,62871,1,9,1,1,4,2,1,2,1,2,1,2,1,2,2,2,2,2,1,2,2,2,2,2,2,2,2,2,1,2,2,0,0,0
2008,6,13,1,62872,1,9,2,2,1,2,5,2,4,1,2,2,2,2,2,1,2,2,2,2,3,2,2,2,2,1,2,2,2,1,2,0,0,0
2008,6,19,1,62873,1,9,1,2,4,2,5,2,1,3,2,2,1,2,2,1,2,2,1,2,2,2,2,2,2,2,1,1,1,2,2,0,0,0
2008,6,59,1,62874,1,9,2,2,3,2,3,2,1,2,2,2,1,2,2,1,2,2,2,2,1,2,2,2,2,2,2,2,1,2,2,0,0,0
2008,6,73,1,62875,1,9,1,2,1,2,3,2,1,1,2,2,1,2,1,1,2,2,2,2,2,2,2,2,2,2,2,2,2,2,2,0,0,0
2008,6,75,1,62876,1,9,2,2,1,1,3,1,1,2,2,1,1,2,2,2,1,2,2,2,3,2,2,2,2,2,2,2,2,2,2,0,0,0
2008,6,37,1,62877,1,9,2,2,1,2,3,2,1,2,1,2,1,2,2,2,1,2,2,2,2,2,2,2,2,2,2,2,2,2,2,0,0,0
2008,6,29,1,62878,1,9,2,2,1,1,5,1,4,2,2,2,2,2,2,1,1,2,2,2,2,2,2,2,2,2,2,2,2,1,2,0,0,0
2008,6,65,1,62879,1,9,2,2,1,1,4,1,4,1,1,2,2,2,2,2,2,2,2,2,3,1,1,1,1,2,2,1,2,2,2,0,0,0
2008,6,77,3,62880,1,9,1,1,1,2,1,2,3,2,2,2,2,2,2,2,2,2,2,2,2,2,2,2,2,1,2,2,2,2,2,0,0,0
2008,6,99,1,62881,1,9,2,2,2,2,5,2,1,2,2,2,1,2,2,2,2,2,1,2,1,2,2,1,1,2,2,1,1,2,2,0,0,0
2008,6,73,1,62882,1,9,2,1,4,2,1,3,1,2,2,2,1,2,2,1,2,2,2,2,1,2,2,2,2,2,1,1,1,2,2,0,0,0
2008,6,89,1,62883,1,9,2,2,1,2,5,2,1,2,1,2,1,1,2,2,1,2,2,2,2,2,2,2,2,2,2,2,2,2,2,0,0,0
2008,6,37,1,62884,1,9,2,2,4,1,3,1,1,2,1,2,1,2,2,1,2,2,2,2,2,2,2,2,2,2,2,2,2,2,2,0,0,0
2008,6,37,1,62885,1,9,2,2,4,2,3,2,1,2,1,2,1,2,2,1,1,2,2,2,2,2,2,2,2,2,2,2,1,2,2,0,0,0
2008,6,1,1,62886,1,9,2,1,1,2,1,2,1,2,1,2,1,2,2,2,1,2,2,2,3,2,2,2,2,2,2,2,2,2,2,0,0,0
2008,6,1,1,62887,1,9,2,2,1,1,6,1,1,1,1,2,1,2,2,2,1,2,2,2,3,2,2,2,2,2,2,2,2,2,2,0,0,0
2008,6,37,1,62888,1,9,2,2,1,2,6,2,1,2,1,1,1,2,2,1,1,2,2,2,3,2,2,2,2,2,2,2,2,2,2,0,0,0
2008,6,7,1,62889,1,9,1,2,1,2,4,2,1,2,1,2,1,2,2,2,1,2,2,2,3,2,2,2,2,1,2,2,2,2,2,0,0,0
2008,6,37,1,62890,1,9,2,2,1,1,3,1,4,1,1,2,3,2,2,2,2,2,2,2,3,2,2,2,2,2,1,1,2,2,2,0,0,0
2008,6,37,2,62891,1,9,2,2,1,2,4,2,2,2,2,2,3,2,2,1,2,2,2,2,3,1,1,1,1,2,2,1,2,2,2,0,0,0
2008,6,85,1,62892,1,9,2,1,4,2,1,3,1,2,2,2,1,2,2,1,2,2,2,2,1,2,2,2,2,2,1,1,1,2,2,0,0,0
2008,6,85,1,62893,1,9,2,2,1,1,4,1,1,2,2,2,1,2,2,2,1,2,2,2,1,2,2,2,2,2,2,2,2,2,2,0,0,0
2008,6,73,1,62894,1,9,1,2,1,2,3,2,3,2,2,2,2,2,2,2,2,2,1,2,1,1,1,1,1,2,2,1,1,2,2,0,0,0
2008,6,53,2,62895,1,9,1,2,1,2,3,2,4,1,2,2,2,2,2,2,2,2,2,2,1,2,2,2,2,1,2,2,1,2,2,0,0,0
2008,6,37,1,62896,1,9,2,2,1,1,3,1,3,1,1,2,2,2,2,2,2,2,1,2,2,2,2,1,1,2,2,1,2,2,2,0,0,0
2008,6,55,1,62897,1,9,2,2,1,2,5,2,2,1,1,2,2,2,2,1,2,2,2,2,3,2,2,2,2,2,2,2,2,2,2,0,0,0
2008,6,37,1,62898,1,9,2,2,1,1,4,1,1,1,2,1,1,2,2,2,1,2,2,2,3,2,2,2,2,2,2,2,2,2,2,0,0,0
2008,6,37,1,62899,1,9,2,2,1,2,4,2,2,3,1,2,2,2,2,1,2,2,2,2,3,2,2,2,2,1,1,1,2,2,2,0,0,0
2008,6,65,1,62900,1,9,2,2,1,1,6,1,1,1,1,2,1,2,2,2,2,1,2,2,2,2,2,2,2,1,2,2,2,2,2,0,0,0
2008,6,37,1,62901,1,9,2,2,1,2,3,2,4,1,1,2,3,2,2,1,2,2,2,2,3,2,2,1,1,2,2,1,1,2,2,0,0,0
2008,6,83,2,62902,1,9,1,2,1,2,3,2,4,1,1,2,2,2,2,2,2,2,2,2,1,2,2,2,2,2,1,1,1,2,2,0,0,0
2008,6,37,1,62903,1,9,2,2,1,2,4,2,3,2,2,2,2,2,2,2,2,2,2,2,3,2,2,2,2,2,2,2,1,2,2,0,0,0
2008,6,37,1,62904,1,9,2,2,4,2,3,2,2,1,1,2,1,2,2,1,2,2,2,2,3,2,2,2,2,1,2,2,1,2,2,0,0,0
2008,6,37,1,62905,1,9,2,2,2,2,2,2,1,2,1,2,1,2,2,1,2,2,1,2,2,2,2,2,2,2,2,2,1,1,2,0,0,0
2008,6,29,1,62906,1,9,1,2,2,2,3,2,1,1,1,2,1,2,2,1,2,2,2,2,2,2,2,2,2,2,2,2,1,2,2,0,0,0
2008,6,85,1,62907,1,9,2,2,4,2,5,2,1,1,1,2,1,2,2,2,2,2,2,2,2,1,1,1,1,2,2,1,1,2,2,0,0,0
2008,6,37,1,62908,1,9,2,2,1,2,4,2,4,2,1,2,3,2,2,2,2,2,2,2,1,2,2,2,2,1,2,2,1,2,2,0,0,0
2008,6,65,1,62909,1,9,1,2,4,2,3,2,1,1,1,2,1,2,2,2,2,2,2,2,2,1,1,1,1,2,2,1,1,2,2,0,0,0
2008,6,37,1,62910,1,9,1,2,1,2,5,2,3,1,2,2,2,2,1,2,2,2,2,2,3,2,2,1,1,2,2,1,1,2,2,0,0,0
2008,6,25,1,62911,1,9,2,1,2,2,1,2,1,2,1,1,1,2,2,2,1,2,2,2,2,2,2,2,2,2,2,2,1,2,2,0,0,0
2008,6,47,1,62912,1,9,2,2,1,2,2,2,1,2,1,2,1,2,2,2,1,2,2,2,2,2,2,2,2,2,2,2,2,2,2,0,0,0
2008,6,37,1,62913,1,9,2,2,1,1,4,1,4,1,1,2,2,2,2,1,2,2,2,1,2,1,1,1,1,1,2,1,2,2,2,0,0,0
2008,6,111,1,62914,1,9,2,2,2,2,2,2,1,2,1,2,1,2,2,2,2,2,2,2,1,2,2,2,2,2,1,1,1,2,1,0,0,0
2008,6,73,1,62915,1,9,1,2,4,2,6,2,1,2,2,2,1,2,2,1,2,2,1,2,1,2,2,2,2,2,1,1,1,2,2,0,0,0
2008,6,71,1,62916,1,9,2,1,1,2,1,2,5,1,1,2,2,2,2,2,2,2,2,2,3,2,2,2,2,2,2,2,2,2,2,0,0,0
2008,6,37,1,62917,1,9,1,2,4,2,3,2,1,2,1,2,1,2,2,1,2,2,2,2,2,2,2,2,2,2,2,2,1,2,2,0,0,0
2008,6,75,1,62918,1,9,2,2,4,2,3,3,1,2,2,2,1,2,1,1,2,2,2,2,1,2,2,2,2,2,2,2,1,2,2,0,0,0
2008,6,37,1,62919,1,9,2,2,1,1,4,1,1,2,2,2,1,2,2,2,1,2,2,2,3,1,1,1,1,2,2,1,2,2,2,0,0,0
2008,6,59,1,62920,1,9,2,2,1,2,2,2,2,2,2,1,2,2,2,1,2,2,2,2,1,2,2,2,2,2,2,2,2,2,2,0,0,0
2008,6,61,1,62921,1,9,2,2,4,2,4,2,1,2,2,2,1,2,2,1,2,2,2,2,1,1,1,1,1,2,2,1,1,2,2,0,0,0
2008,6,59,1,62922,1,9,2,2,1,2,3,2,1,2,2,2,1,2,2,2,1,2,2,2,3,2,2,2,2,2,2,2,2,2,2,0,0,0
2008,6,73,1,62923,1,9,1,1,1,2,1,2,4,1,2,2,2,2,2,1,2,2,1,2,3,1,1,1,1,2,2,1,1,2,2,0,0,0
2008,6,95,1,62924,1,9,1,2,1,1,3,1,5,1,2,2,2,2,1,2,2,2,2,2,3,2,2,2,2,2,2,2,2,2,2,0,0,0
2008,6,71,1,62925,1,9,2,2,1,2,2,2,3,2,2,2,2,2,2,2,2,2,2,2,3,1,1,1,1,2,2,1,1,2,2,0,0,0
2008,6,99,1,62926,1,9,2,2,1,2,3,3,4,2,2,2,2,1,2,1,2,2,2,2,1,2,2,2,2,2,2,2,2,2,2,0,0,0
2008,6,83,1,62927,1,9,2,2,4,2,5,2,1,2,2,2,1,2,2,2,2,2,2,2,2,1,1,1,1,2,2,1,1,2,2,0,0,0
2008,6,85,1,62928,1,9,2,2,4,2,4,2,1,1,1,2,1,2,2,1,2,2,1,2,2,1,1,1,1,2,2,1,1,1,2,0,0,0
2008,6,97,1,62929,1,9,2,2,1,1,4,1,1,2,1,2,1,2,2,2,1,2,2,2,3,2,2,2,2,1,2,2,2,2,2,0,0,0
2008,6,1,1,62930,1,9,2,2,3,2,5,2,1,2,2,2,1,2,1,1,2,2,2,2,3,2,2,2,2,2,2,2,1,2,2,0,0,0
2008,6,73,1,62931,1,9,2,2,1,2,4,2,2,2,1,2,2,2,1,2,2,2,2,2,3,2,2,2,2,2,2,2,2,2,2,0,0,0
2008,6,67,1,62932,1,9,2,2,4,2,5,2,1,2,1,2,1,2,2,1,2,2,2,2,2,1,1,1,1,2,2,1,1,2,2,0,0,0
2008,6,49,1,62933,1,9,2,2,4,2,5,2,1,1,2,2,1,2,2,2,2,2,2,2,2,2,2,2,2,2,2,2,1,2,2,0,0,0
2008,6,85,1,62934,1,9,2,2,1,2,3,2,1,2,2,2,1,2,2,2,1,2,2,2,2,2,2,2,2,2,2,2,2,2,2,0,0,0
2008,6,37,1,62935,1,9,2,2,1,2,4,2,1,2,2,1,1,2,2,2,1,2,2,2,3,2,2,2,2,2,2,2,2,2,2,0,0,0
2008,6,85,1,62936,1,9,2,2,1,1,3,1,4,1,1,2,2,2,1,2,2,2,2,2,3,2,2,2,2,2,2,2,2,2,2,0,0,0
2008,6,73,1,62937,1,9,2,2,1,2,3,2,1,1,1,2,1,2,1,2,1,2,2,2,3,2,2,2,2,2,2,2,2,2,2,0,0,0
2008,6,65,1,62938,1,9,2,1,4,2,1,2,1,2,1,2,1,2,2,1,2,2,2,2,1,2,2,2,2,2,2,2,1,2,2,0,0,0
2008,6,37,1,62939,1,9,2,2,1,1,3,1,1,2,1,2,1,2,2,2,1,2,2,2,3,2,2,2,2,2,2,2,2,2,2,0,0,0
2008,6,101,1,62940,1,9,1,2,2,2,6,2,1,1,1,2,1,2,2,2,2,2,1,2,1,2,2,2,2,2,2,2,1,2,2,0,0,0
2008,6,37,2,62941,1,9,1,1,4,2,1,2,1,1,1,2,1,2,2,2,2,2,1,2,2,2,2,2,2,2,2,2,1,2,2,0,0,0
2008,6,115,1,62942,1,9,1,2,1,2,3,2,5,1,1,2,3,2,2,2,2,2,2,2,2,2,2,2,2,2,2,2,1,2,2,0,0,0
2008,6,45,1,62943,1,9,1,2,1,2,3,2,4,1,1,2,2,2,2,1,2,2,2,2,3,2,2,2,2,2,2,2,1,2,2,0,0,0
2008,6,67,1,62944,1,9,1,2,2,2,4,2,2,2,1,2,1,2,2,2,2,2,2,2,1,1,1,1,1,2,2,1,1,2,2,0,0,0
2008,6,65,1,62945,1,9,2,2,4,2,6,2,1,1,1,2,1,2,2,2,2,2,2,2,2,2,2,2,2,1,2,2,1,2,2,0,0,0
2008,6,37,1,62946,1,9,2,2,4,2,6,2,5,1,1,2,1,2,2,2,1,2,2,2,3,2,2,2,2,2,2,2,1,2,2,0,0,0
2008,6,37,1,62947,1,9,2,2,1,1,3,1,4,1,1,2,2,2,2,2,2,2,2,2,3,2,2,2,2,2,2,2,2,2,2,0,0,0
2008,6,37,1,62948,1,9,2,2,1,1,4,1,4,2,2,2,3,2,2,2,2,2,1,1,1,2,2,2,2,1,1,1,2,2,2,0,0,0
2008,6,37,1,62949,1,9,2,2,1,1,3,1,1,1,1,2,1,2,2,2,1,2,2,2,3,2,2,2,2,2,2,2,2,2,2,0,0,0
2008,6,19,1,62950,1,9,2,2,1,2,4,2,1,2,2,1,1,2,2,2,1,2,2,2,1,2,2,2,2,2,2,2,2,2,2,0,0,0
2008,6,65,1,62951,1,9,2,2,1,2,4,2,1,2,2,2,1,2,2,2,1,2,2,2,3,2,2,2,2,2,2,2,2,2,2,0,0,0
2008,6,73,1,62952,1,9,1,2,2,2,3,2,1,1,2,2,2,2,2,2,2,2,2,2,2,1,1,1,1,2,2,1,1,1,2,0,0,0
2008,6,107,1,62953,1,9,2,2,1,1,4,1,1,2,2,2,1,2,2,2,1,2,2,2,2,2,2,2,2,2,2,2,2,1,2,0,0,0
2008,6,73,1,62954,1,9,1,2,1,1,4,1,1,1,1,2,1,2,2,2,1,2,2,2,3,2,2,2,2,2,2,2,2,2,2,0,0,0
2008,6,25,1,62955,1,9,1,2,1,2,3,2,5,1,1,2,2,2,2,2,2,2,2,2,3,2,2,2,2,2,2,2,1,2,2,0,0,0
2008,6,95,1,62956,1,9,2,1,4,2,1,2,1,2,1,2,1,2,2,2,2,2,2,2,2,2,2,2,2,2,2,2,1,2,2,0,0,0
2008,6,59,1,62957,1,9,2,2,3,2,3,2,1,2,1,2,1,2,2,1,2,2,2,2,1,1,1,1,1,2,2,1,1,2,2,0,0,0
2008,6,43,1,62958,1,9,1,2,4,2,6,2,1,1,1,2,1,2,2,2,2,2,2,2,2,2,2,2,2,2,1,1,1,2,2,0,0,0
2008,6,71,1,62959,1,9,2,2,1,2,6,2,1,1,1,2,1,2,2,2,1,2,2,2,3,2,2,2,2,1,2,2,2,2,2,0,0,0
2008,6,107,1,62960,1,9,2,2,1,2,2,2,5,1,1,2,3,1,2,1,2,2,2,2,3,1,1,1,1,2,1,1,2,2,2,0,0,0
2008,6,37,1,62961,1,9,2,2,1,2,3,2,1,1,1,1,1,2,2,2,2,2,2,2,3,2,2,2,2,2,2,2,2,2,2,0,0,0
2008,6,59,1,62962,1,9,2,2,4,2,6,2,1,2,1,2,1,2,2,1,2,2,2,2,1,2,2,2,2,2,2,2,1,2,2,0,0,0
2008,6,37,5,62963,1,9,2,2,1,1,3,1,4,1,1,2,3,2,2,1,2,2,1,2,1,1,1,1,1,2,2,1,2,2,2,0,0,0
2008,6,1,1,62964,1,9,2,2,1,1,4,1,1,2,2,2,1,2,1,2,1,2,2,2,3,2,2,2,2,2,2,2,2,2,2,0,0,0
2008,6,61,2,62965,1,9,1,1,2,2,1,2,4,1,1,2,2,2,2,2,2,2,2,2,3,2,2,2,2,2,2,2,1,2,2,0,0,0
2008,6,73,1,62966,1,9,1,1,4,2,1,2,1,1,1,2,1,2,2,1,2,2,1,2,3,2,2,2,2,2,2,2,1,2,2,0,0,0
2008,6,71,1,62967,1,9,1,1,1,2,1,2,1,1,1,2,1,2,2,2,2,2,1,2,3,2,2,2,2,2,2,2,1,2,2,0,0,0
2008,6,37,1,62968,1,9,2,2,2,2,4,2,1,1,1,2,1,2,1,2,2,2,2,2,2,2,2,2,2,2,2,2,1,2,2,0,0,0
2008,6,37,1,62969,1,9,2,2,2,2,2,2,5,1,2,2,1,2,2,2,1,2,2,2,3,2,2,2,2,2,2,2,1,2,2,0,0,0
2008,6,13,1,62970,1,9,2,2,1,1,3,1,1,2,2,1,1,2,2,1,1,2,2,2,3,2,2,2,2,2,2,2,2,2,2,0,0,0
2008,6,61,1,62971,1,9,1,2,4,2,6,2,1,2,2,2,1,2,2,2,2,2,1,2,1,2,2,2,2,2,1,1,1,2,2,0,0,0
2008,6,73,1,62972,1,9,2,2,1,2,3,2,1,2,2,2,2,2,2,2,1,2,2,2,3,2,2,1,1,2,2,1,2,2,2,0,0,0
2008,6,77,2,62973,1,9,1,2,1,1,5,1,4,2,2,1,3,2,2,2,2,2,1,2,1,2,2,2,2,2,2,2,2,2,2,0,0,0
2008,6,73,1,62974,1,9,2,1,4,2,1,2,1,2,2,2,1,2,2,2,2,2,2,2,2,2,2,1,1,2,2,1,1,2,2,0,0,0
2008,6,37,1,62975,1,9,2,2,1,1,3,1,1,1,1,2,1,2,2,2,1,2,2,2,1,2,2,2,2,2,2,2,2,2,2,0,0,0
2008,6,97,2,62976,1,9,2,2,1,2,2,2,5,1,1,2,3,2,2,2,2,2,2,2,1,2,2,2,2,1,2,2,2,2,2,0,0,0
2008,6,1,1,62977,1,9,2,1,1,2,1,2,1,2,1,1,2,2,2,1,1,2,2,2,2,2,2,2,2,1,2,2,2,2,2,0,0,0
2008,6,45,1,62978,1,9,1,2,4,2,3,2,1,2,1,2,1,2,2,2,2,2,1,2,2,2,2,1,1,2,2,1,1,2,2,0,0,0
2008,6,73,2,62979,1,9,2,2,1,1,4,1,4,2,2,1,3,2,2,2,2,2,2,2,1,2,2,2,2,2,1,1,2,2,2,0,0,0
2008,6,87,1,62980,1,9,2,2,1,2,5,2,3,2,1,1,2,2,2,2,2,2,2,2,1,2,2,2,2,2,2,2,1,2,2,0,0,0
2008,6,13,1,62981,1,9,2,2,1,1,3,1,1,1,1,2,1,2,2,2,1,2,2,2,2,2,2,2,2,2,2,2,2,2,2,0,0,0
2008,6,71,1,62982,1,9,2,1,2,2,1,2,1,1,1,2,1,2,2,1,2,2,1,2,2,1,1,1,1,2,2,1,1,2,2,0,0,0
2008,6,65,1,62983,1,9,1,2,4,2,3,2,1,1,1,2,1,2,2,2,2,2,1,2,1,2,2,2,2,2,2,2,1,2,2,0,0,0
2008,6,59,1,62984,1,9,2,1,1,2,1,2,3,2,2,2,2,2,2,2,2,2,1,2,1,2,2,2,2,2,2,2,2,2,2,0,0,0
2008,6,77,1,62985,1,9,2,2,1,2,3,2,1,2,2,1,2,2,2,2,1,2,2,2,3,2,2,2,2,2,2,2,2,2,2,0,0,0
2008,6,23,1,62986,1,9,1,2,1,2,3,2,1,2,1,2,1,2,2,2,1,2,2,2,2,2,2,2,2,2,2,2,2,2,2,0,0,0
2008,6,73,1,62987,1,9,1,2,1,2,4,2,3,1,1,2,2,2,2,2,2,2,2,2,1,2,2,2,2,1,2,2,1,2,2,0,0,0
2008,6,65,1,62988,1,9,1,2,1,2,3,2,3,1,1,2,2,2,1,2,2,2,2,2,3,2,2,2,2,2,2,2,1,2,2,0,0,0
2008,6,85,1,62989,1,9,2,1,1,2,1,2,2,1,1,2,2,2,2,2,2,2,2,2,2,2,2,2,2,2,2,2,2,2,2,0,0,0
2008,6,71,1,62990,1,9,2,2,1,1,3,1,4,2,1,2,2,2,2,2,2,2,2,2,3,2,2,2,2,1,2,2,2,2,2,0,0,0
2008,6,73,1,62991,1,9,1,2,4,2,6,2,1,1,1,2,1,2,2,2,2,2,2,2,3,2,2,2,2,2,2,2,1,2,2,0,0,0
2008,6,71,1,62992,1,9,2,2,1,2,4,2,1,2,2,2,1,2,2,1,2,2,1,2,2,2,2,2,2,2,2,2,2,2,2,0,0,0
2008,6,1,1,62993,1,9,2,2,4,2,3,2,1,2,2,2,1,2,2,2,2,2,2,2,1,2,2,2,2,2,2,2,1,2,2,0,0,0
2008,6,111,1,62994,1,9,1,2,1,2,3,2,5,1,1,2,2,1,2,2,1,2,2,2,3,2,2,2,2,2,2,2,2,2,1,0,0,0
2008,6,37,1,62995,1,9,1,2,1,1,6,1,4,2,2,2,2,2,2,2,2,2,2,2,3,2,2,2,2,2,2,2,2,2,2,0,0,0
2008,6,99,1,62996,1,9,1,2,1,2,5,2,1,1,2,2,1,2,2,2,2,2,1,2,1,2,2,2,2,2,2,2,2,2,2,0,0,0
2008,6,71,1,62997,1,9,2,2,1,2,3,2,1,1,2,2,1,2,2,2,2,1,2,2,3,2,2,2,2,2,2,2,2,2,2,0,0,0
2008,6,1,1,62998,1,9,2,2,4,2,6,2,1,1,2,2,1,2,2,2,1,2,2,2,2,2,2,2,2,2,2,2,2,2,2,0,0,0
2008,6,37,1,62999,1,9,2,2,1,1,3,1,3,2,1,2,2,2,2,2,2,2,1,2,3,2,2,2,2,2,1,1,2,2,2,0,0,0
2008,6,67,1,63000,1,9,2,2,1,2,5,2,1,2,2,2,1,2,2,2,1,2,2,2,2,2,2,2,2,2,2,2,2,2,2,0,0,0
2008,6,65,1,63001,1,9,2,2,1,1,3,1,1,2,2,2,1,2,2,2,2,1,2,2,1,2,2,2,2,2,1,1,2,2,2,0,0,0
2008,6,71,1,63002,1,9,2,1,1,2,1,2,1,2,2,2,1,2,2,2,2,2,1,2,1,2,2,2,2,2,2,2,1,2,2,0,0,0
2008,6,37,1,63003,1,9,2,2,1,1,3,1,4,2,1,2,2,2,1,2,2,2,2,2,3,2,2,2,2,2,1,1,2,2,2,0,0,0
2008,6,71,1,63004,1,9,2,1,1,2,1,2,3,2,1,2,2,2,2,2,2,2,2,2,3,2,2,2,2,2,1,1,2,2,2,0,0,0
2008,6,47,1,63005,1,9,1,2,4,2,3,2,1,2,1,2,1,2,2,2,2,2,1,2,1,1,1,1,1,2,2,1,1,2,2,0,0,0
2008,6,1,2,63006,1,9,1,2,2,2,4,2,1,2,1,2,1,2,2,1,2,2,1,2,2,1,1,1,1,2,2,1,1,2,2,0,0,0
2008,6,67,1,63007,1,9,2,2,1,2,5,2,4,2,2,2,2,2,1,2,2,2,2,2,3,2,2,2,2,2,1,1,2,2,2,0,0,0
2008,6,65,4,63008,1,9,1,2,1,1,3,1,4,2,2,2,2,2,2,2,2,2,2,2,1,2,2,2,2,2,2,2,2,2,2,0,0,0
2008,6,13,1,63009,1,9,1,2,1,2,6,2,2,1,1,1,2,2,2,1,2,2,2,2,3,2,2,2,2,2,2,2,2,2,2,0,0,0
2008,6,1,1,63010,1,9,2,2,1,1,3,1,1,1,2,2,1,2,2,1,1,2,2,2,3,2,2,2,2,1,2,2,2,2,2,0,0,0
2008,6,1,2,63011,1,9,2,2,1,1,3,1,5,2,2,2,2,2,2,2,2,2,1,2,3,2,2,2,2,2,2,2,2,2,2,0,0,0
2008,6,71,4,63012,1,9,1,1,1,2,1,2,2,1,2,1,3,1,2,2,2,2,1,2,3,2,2,2,2,1,2,2,2,2,2,0,0,0
2008,6,67,1,63013,1,9,1,2,4,1,4,1,1,2,1,2,1,2,2,1,2,2,2,2,3,2,2,1,1,2,2,1,2,2,2,0,0,0
2008,6,59,1,63014,1,9,2,2,1,2,4,2,1,2,2,2,1,2,2,2,1,2,2,2,3,2,2,2,2,1,2,2,2,2,2,0,0,0
2008,6,111,1,63015,1,9,2,2,4,2,5,2,1,1,1,2,1,2,2,1,2,2,1,2,1,2,2,2,2,2,2,2,1,2,2,0,0,0
2008,6,73,1,63016,1,9,2,2,3,2,3,2,1,2,2,1,1,2,2,1,2,2,1,2,3,2,2,2,2,2,2,2,1,2,2,0,0,0
2008,6,37,1,63017,1,9,2,2,1,1,4,1,4,2,2,2,2,2,2,2,2,2,2,2,3,2,2,2,2,2,1,1,2,2,2,0,0,0
2008,6,37,1,63018,1,9,2,2,1,1,4,1,4,1,1,2,3,1,2,1,2,2,2,2,1,2,2,2,2,2,1,1,2,2,2,0,0,0
2008,6,71,1,63019,1,9,1,2,1,2,3,2,2,2,2,2,3,1,2,1,2,2,2,2,3,2,2,2,2,2,2,2,2,2,2,0,0,0
2008,6,65,1,63020,1,9,1,1,1,2,1,2,4,1,1,2,2,1,2,2,2,2,2,2,3,2,2,2,2,1,2,2,2,2,2,0,0,0
2008,6,59,1,63021,1,9,2,2,1,1,4,1,1,2,2,2,1,2,2,2,1,2,2,2,3,2,2,2,2,2,2,2,2,2,2,0,0,0
2008,6,59,1,63022,1,9,2,2,1,1,3,1,1,1,2,2,1,2,2,2,1,2,2,2,3,2,2,2,2,2,2,2,2,2,2,0,0,0
2008,6,113,1,63023,1,9,1,1,1,2,1,2,3,2,1,2,3,2,2,2,2,2,2,2,1,2,2,2,2,2,1,1,1,1,2,0,0,0
2008,6,37,1,63024,1,9,1,2,1,2,3,2,1,2,2,2,1,2,2,2,1,2,2,2,3,2,2,2,2,2,2,2,2,2,2,0,0,0
2008,6,77,1,63025,1,9,2,2,1,1,3,1,1,2,1,2,1,2,2,2,1,2,2,2,3,2,2,2,2,2,2,2,2,2,2,0,0,0
2008,6,73,1,63026,1,9,2,1,1,2,1,2,1,2,1,2,1,2,2,2,1,2,2,2,3,2,2,2,2,2,2,2,2,2,2,0,0,0
2008,6,97,1,63027,1,9,1,2,1,2,3,2,3,2,1,2,2,2,2,2,2,2,2,2,1,2,2,2,2,2,2,2,1,2,2,0,0,0
2008,6,1,1,63028,1,9,2,2,1,2,3,2,1,2,1,2,1,2,2,2,1,2,2,2,2,2,2,2,2,2,2,2,2,2,2,0,0,0
2008,6,29,1,63029,1,9,2,2,1,1,4,1,1,1,1,2,1,2,2,2,1,2,2,2,3,2,2,2,2,2,2,2,2,2,2,0,0,0
2008,6,53,1,63030,1,9,1,2,4,2,3,2,1,1,1,2,1,2,2,2,2,2,1,2,2,2,2,2,2,2,2,2,1,2,2,0,0,0
2008,6,37,1,63031,1,9,2,2,1,1,6,1,3,1,1,2,2,2,2,2,2,2,2,2,3,1,1,1,1,2,2,1,2,2,2,0,0,0
2008,6,55,1,63032,1,9,1,1,1,2,1,2,1,1,1,2,1,2,1,1,2,2,2,2,1,2,2,2,2,2,2,2,2,2,2,0,0,0
2008,6,65,1,63033,1,9,2,2,1,2,6,2,1,1,2,2,1,2,2,2,1,2,2,2,2,2,2,2,2,2,2,2,2,2,2,0,0,0
2008,6,67,1,63034,1,9,2,2,4,2,2,2,1,1,2,2,1,2,2,2,2,2,2,2,3,2,2,2,2,2,2,2,1,2,2,0,0,0
2008,6,73,1,63035,1,9,2,2,1,2,4,2,1,2,2,2,1,2,2,2,1,2,2,2,2,2,2,1,1,2,2,1,2,2,2,0,0,0
2008,6,71,1,63036,1,9,2,2,4,1,3,1,1,1,1,2,1,2,2,2,2,2,2,2,3,2,2,2,2,2,2,2,2,2,2,0,0,0
2008,6,37,1,63037,1,9,2,2,1,2,4,2,1,1,1,2,1,2,2,2,1,2,2,2,3,2,2,2,2,2,2,2,2,2,2,0,0,0
2008,6,73,1,63038,1,9,1,2,1,2,3,2,1,1,2,2,2,2,1,1,2,2,2,2,3,2,2,1,1,2,2,1,2,2,2,0,0,0
2008,6,37,1,63039,1,9,2,2,1,2,4,2,1,2,2,2,1,2,2,2,1,2,2,2,3,2,2,2,2,2,2,2,2,2,2,0,0,0
2008,6,85,1,63040,1,9,2,2,1,2,2,2,1,2,1,1,1,2,2,2,1,2,2,2,2,2,2,2,2,2,2,2,2,2,2,0,0,0
2008,6,19,1,63041,1,9,1,2,2,2,3,2,1,1,2,2,1,2,2,2,2,2,1,2,3,2,2,2,2,2,1,1,1,2,2,0,0,0
2008,6,47,1,63042,1,9,1,2,1,1,3,1,2,1,2,2,2,2,2,1,2,2,2,2,3,2,2,2,2,2,1,1,2,2,2,0,0,0
2008,6,81,1,63043,1,9,2,2,1,2,3,2,1,2,1,2,1,2,2,2,1,2,2,2,3,2,2,2,2,2,2,2,2,2,2,0,0,0
2008,6,7,1,63044,1,9,1,2,1,2,3,2,5,1,1,2,2,2,2,1,2,2,2,2,3,2,2,2,2,2,2,2,2,2,2,0,0,0
2008,6,65,1,63045,1,9,2,2,1,1,5,1,4,1,1,2,2,2,2,2,2,2,1,2,3,2,2,2,2,2,1,1,2,1,2,0,0,0
2008,6,37,1,63046,1,9,1,2,4,2,5,2,1,1,1,2,1,2,2,2,2,2,2,2,1,1,1,1,1,2,2,1,1,2,2,0,0,0
2008,6,29,1,63047,1,9,2,2,1,2,2,2,3,1,1,2,2,2,2,2,2,2,2,2,3,2,2,2,2,1,2,2,1,2,2,0,0,0
2008,6,95,1,63048,1,9,2,2,1,1,3,1,1,1,1,2,1,2,2,2,1,2,2,2,3,2,2,2,2,2,2,2,2,1,2,0,0,0
2008,6,71,1,63049,1,9,2,1,4,2,1,3,1,2,2,2,1,2,1,1,2,2,2,1,2,2,2,2,2,2,1,1,1,2,2,0,0,0
2008,6,65,1,63050,1,9,2,2,1,2,5,2,4,2,2,2,2,2,2,2,2,2,2,1,1,1,1,1,1,2,2,1,1,2,2,0,0,0
2008,6,67,1,63051,1,9,2,2,1,2,5,2,1,2,2,2,1,2,2,2,1,2,2,2,2,2,2,2,2,2,1,1,2,2,2,0,0,0
2008,6,37,1,63052,1,9,2,2,1,2,4,2,2,1,1,2,2,2,1,1,2,2,2,2,2,2,2,2,2,2,1,1,2,2,2,0,0,0
2008,6,75,1,63053,1,9,2,2,2,2,6,2,1,1,1,2,1,2,2,1,2,2,1,2,2,2,2,2,2,2,1,1,1,2,2,0,0,0
2008,6,65,1,63054,1,9,2,2,1,2,4,2,2,1,1,2,2,2,2,2,2,2,1,2,2,2,2,1,1,2,2,1,2,2,2,0,0,0
2008,6,19,1,63055,1,9,2,2,1,1,3,1,4,1,2,2,2,2,2,1,2,2,1,2,3,1,1,1,1,2,2,1,2,2,2,0,0,0
2008,6,37,1,63056,1,9,1,2,1,2,3,2,2,2,2,2,2,2,2,1,1,2,2,2,3,2,2,2,2,2,2,2,2,2,2,0,0,0
2008,6,23,1,63057,1,9,2,2,2,2,4,2,1,1,1,2,1,2,2,2,2,2,2,2,3,2,2,2,2,1,2,2,1,2,2,1,0,1
2008,6,71,1,63058,1,9,2,1,1,2,1,2,1,2,1,2,1,2,2,2,1,2,2,2,3,1,1,1,1,2,2,1,2,2,2,0,0,0
2008,6,73,1,63059,1,9,2,1,1,2,1,3,2,2,2,1,2,2,2,2,2,2,1,2,3,2,2,2,2,2,1,1,2,2,2,0,0,0
2008,6,65,1,63060,1,9,2,2,1,2,4,2,2,2,2,2,2,2,1,1,2,2,2,2,1,1,1,1,1,2,2,1,2,2,2,0,0,0
2008,6,73,1,63061,1,9,2,2,1,2,4,2,1,2,2,2,1,2,2,2,1,2,2,2,2,2,2,2,2,2,1,1,2,1,2,0,0,0
2008,6,97,1,63062,1,9,1,2,1,2,3,2,4,1,1,2,2,1,2,1,2,2,2,2,3,2,2,2,2,2,2,2,1,2,2,0,0,0
2008,6,73,1,63063,1,9,2,2,1,2,4,2,1,2,1,2,1,2,2,2,1,2,2,2,2,2,2,2,2,2,2,2,2,1,2,0,0,0
2008,6,37,1,63064,1,9,2,1,1,2,1,3,2,1,1,2,2,2,2,1,2,2,1,2,3,2,2,2,2,2,2,2,2,2,2,0,0,0
2008,6,85,1,63065,1,9,2,2,1,2,2,2,4,2,2,2,2,2,2,1,2,2,2,2,1,1,1,1,1,1,2,1,2,2,2,0,0,0
2008,6,85,1,63066,1,9,2,2,1,2,6,2,1,1,1,2,1,2,2,2,1,2,2,2,2,2,2,2,2,2,2,2,2,2,2,0,0,0
2008,6,37,1,63067,1,9,2,2,1,1,3,1,4,1,1,2,2,2,2,2,2,2,2,2,3,2,2,2,2,2,2,2,2,2,2,0,0,0
2008,6,73,1,63068,1,9,2,2,1,1,6,1,1,1,1,2,1,2,2,2,1,2,2,2,3,2,2,2,2,2,2,2,2,2,2,0,0,0
2008,6,37,1,63069,1,9,2,2,1,1,3,1,4,1,1,2,2,2,2,1,1,2,2,2,3,2,2,2,2,2,1,1,2,2,2,0,0,0
2008,6,29,1,63070,1,9,2,2,3,2,6,2,1,2,2,2,1,2,2,1,2,2,1,2,3,1,1,1,1,2,2,1,1,2,2,0,0,0
2008,6,81,1,63071,1,9,2,2,1,2,2,2,2,2,1,2,2,2,2,1,2,2,2,2,3,2,2,2,2,1,1,1,2,2,2,0,0,0
2008,6,37,1,63072,1,9,2,2,1,2,3,2,3,1,1,2,2,2,2,2,2,2,2,2,3,2,2,2,2,1,2,2,1,2,2,0,0,0
2008,6,65,1,63073,1,9,2,2,1,2,2,2,2,1,1,2,2,1,2,1,2,2,2,2,3,2,2,2,2,2,2,2,2,2,2,0,0,0
2008,6,111,1,63074,1,9,2,2,4,1,3,1,1,2,2,2,1,2,2,2,2,2,1,2,1,2,2,2,2,2,2,2,2,2,2,0,0,0
2008,6,65,1,63075,1,9,2,2,1,2,2,2,1,2,2,2,1,1,2,2,1,2,2,2,3,2,2,2,2,2,2,2,2,2,2,0,0,0
2008,6,71,2,63076,1,9,2,2,1,1,2,1,4,2,1,2,2,2,2,2,2,2,2,2,3,1,1,1,1,2,2,1,2,2,2,0,0,0
2008,6,71,1,63077,1,9,2,2,1,1,2,1,1,2,1,2,1,2,2,2,1,2,2,2,2,2,2,2,2,2,2,2,2,2,2,0,0,0
2008,6,37,1,63078,1,9,2,2,1,2,3,2,1,2,1,2,1,2,2,2,1,2,2,2,2,2,2,2,2,2,2,2,2,1,2,0,0,0
2008,6,65,1,63079,1,9,2,2,1,2,3,2,1,1,1,2,1,2,2,2,1,2,2,2,2,2,2,2,2,2,1,1,2,2,2,0,0,0
2008,6,37,1,63080,1,9,2,2,1,1,3,1,3,2,2,2,2,2,1,2,2,2,2,2,3,2,2,2,2,1,2,2,2,2,2,0,0,0
2008,6,59,1,63081,1,9,2,2,3,2,3,2,1,2,1,2,1,2,1,2,2,2,2,2,3,2,2,2,2,2,2,2,1,2,2,0,0,0
2008,6,37,1,63082,1,9,2,2,1,2,3,2,1,2,1,2,1,2,2,2,1,2,2,2,3,2,2,2,2,2,2,2,2,2,2,0,0,0
2008,6,71,1,63083,1,9,2,2,4,1,5,1,1,2,2,2,1,2,2,1,2,2,2,2,3,2,2,2,2,2,2,2,2,2,2,0,0,0
2008,6,113,1,63084,1,9,1,2,1,2,4,2,1,1,2,2,1,2,2,2,2,1,2,2,3,2,2,2,2,2,2,2,2,2,2,0,0,0
2008,6,33,1,63085,1,9,2,2,1,1,2,1,4,1,1,2,2,2,2,2,2,2,2,2,3,1,1,1,1,1,2,1,2,2,2,0,0,0
2008,6,19,1,63086,1,9,2,2,1,1,6,1,1,1,1,2,1,2,2,2,1,2,2,2,3,2,2,2,2,2,1,1,2,2,2,0,0,0
2008,6,37,1,63087,1,9,2,2,1,1,3,1,4,1,1,1,2,2,2,1,2,2,2,2,3,2,2,1,1,2,1,1,2,2,2,0,0,0
2008,6,67,1,63088,1,9,1,2,1,2,4,2,4,1,1,2,2,2,1,2,2,2,2,2,2,2,2,2,2,1,2,2,2,2,2,0,0,0
2008,6,59,1,63089,1,9,2,2,1,1,3,1,4,1,1,2,3,2,2,2,2,2,2,2,3,1,1,1,1,1,2,1,2,2,2,0,0,0
2008,6,13,1,63090,1,9,2,2,1,2,3,2,5,2,1,2,3,2,1,2,2,2,2,2,1,1,1,1,1,2,2,1,1,1,2,0,0,0
2008,6,37,1,63091,1,9,2,2,1,1,3,1,4,1,1,2,2,2,2,2,2,2,2,2,3,2,2,2,2,1,2,2,2,2,2,0,0,0
2008,6,29,1,63092,1,9,2,2,4,2,4,2,1,2,1,2,1,2,1,2,2,2,2,2,1,2,2,2,2,2,2,2,1,2,2,0,0,0
2008,6,37,1,63093,1,9,2,2,1,1,3,1,1,1,1,2,1,2,2,1,2,2,2,2,3,2,2,2,2,2,2,2,2,2,2,0,0,0
2008,6,37,1,63094,1,9,2,2,1,1,4,1,1,1,1,2,1,2,2,2,1,2,2,2,3,2,2,2,2,2,2,2,2,2,2,0,0,0
2008,6,101,1,63095,1,9,1,2,1,1,3,1,3,1,1,2,2,2,2,2,2,2,2,2,3,2,2,2,2,1,2,2,2,2,2,0,0,0
2008,6,85,2,63096,1,9,2,2,3,2,6,2,1,2,1,2,1,2,2,1,2,2,2,2,1,2,2,2,2,2,1,1,1,2,2,0,0,0
2008,6,73,1,63097,1,9,2,2,4,1,4,1,4,2,2,2,1,2,2,1,2,2,2,2,2,2,2,2,2,2,2,2,2,2,2,0,0,0
2008,6,37,1,63098,1,9,2,2,1,2,4,2,2,2,1,2,3,2,2,1,2,2,2,2,3,2,2,2,2,2,2,2,2,2,2,0,0,0
2008,6,29,1,63099,1,9,2,2,4,2,6,2,1,2,1,2,1,2,2,1,2,2,1,2,1,2,2,2,2,2,1,1,1,2,2,0,0,0
2008,6,59,1,63100,1,9,2,1,4,2,1,3,1,1,2,2,1,2,2,2,2,2,1,2,2,2,2,2,2,2,2,2,1,2,2,0,0,0
2008,6,73,1,63101,1,9,2,2,1,1,4,1,1,2,1,2,1,2,2,2,1,2,2,2,2,2,2,2,2,2,2,2,2,2,2,0,0,0
2008,6,47,1,63102,1,9,2,2,2,2,6,2,1,1,1,2,1,1,2,2,2,1,2,2,3,2,2,2,2,2,2,2,1,2,2,0,0,0
2008,6,57,1,63103,1,9,1,2,2,2,6,2,1,2,1,2,1,2,2,1,2,2,2,1,1,2,2,2,2,2,2,2,1,2,2,0,0,0
2008,6,115,1,63104,1,9,1,2,2,2,6,2,1,2,1,2,1,2,2,1,2,2,1,2,1,2,2,2,2,2,1,1,1,2,2,0,0,0
2008,6,73,1,63105,1,9,2,2,1,1,4,1,1,2,1,2,1,2,2,2,1,2,2,2,3,2,2,2,2,2,2,2,2,2,2,0,0,0
2008,6,37,1,63106,1,9,1,2,4,2,5,2,1,1,1,2,1,2,2,1,2,2,1,2,3,2,2,2,2,2,2,2,1,2,2,0,0,0
2008,6,65,2,63107,1,9,2,2,1,2,4,2,4,2,1,2,2,2,2,2,2,2,2,2,2,2,2,2,2,1,2,2,1,2,2,0,0,0
2008,6,1,1,63108,1,9,2,2,1,1,4,1,3,2,2,2,2,2,2,2,2,2,2,2,1,2,2,1,1,2,1,1,2,2,2,0,0,0
2008,6,1,1,63109,1,9,2,2,1,1,6,1,1,2,2,1,1,2,2,2,1,2,2,2,3,2,2,2,2,2,2,2,2,2,2,0,0,0
2008,6,37,1,63110,1,9,2,2,1,2,4,2,1,1,1,1,1,2,2,2,1,2,2,2,3,2,2,2,2,2,2,2,2,2,2,0,0,0
2008,6,71,1,63111,1,9,2,2,3,2,2,2,1,2,2,2,1,2,2,1,2,2,2,2,2,2,2,2,2,2,1,1,1,2,2,0,0,0
2008,6,85,1,63112,1,9,2,2,1,1,3,1,2,2,2,2,3,2,2,1,2,2,2,2,1,2,2,2,2,2,2,2,2,2,2,0,0,0
2008,6,37,1,63113,1,9,2,2,1,1,3,1,1,1,1,2,1,2,2,2,1,2,2,2,3,2,2,2,2,2,2,2,2,2,2,0,0,0
2008,6,37,1,63114,1,9,2,2,1,1,3,1,4,1,1,2,2,2,2,1,2,2,2,2,3,2,2,2,2,2,2,2,2,2,2,0,0,0
2008,6,85,1,63115,1,9,2,2,1,2,3,3,1,1,1,2,1,2,2,2,2,2,1,2,3,2,2,2,2,2,2,2,2,1,2,0,0,0
2008,6,59,1,63116,1,9,2,2,3,2,6,2,1,2,1,2,1,2,2,1,2,2,2,2,2,2,2,2,2,2,2,2,1,2,2,0,0,0
2008,6,37,1,63117,1,9,2,2,4,2,4,2,1,2,2,2,1,2,2,1,2,2,2,2,1,1,1,1,1,2,2,1,1,2,2,0,0,0
2008,6,37,1,63118,1,9,2,2,1,2,3,2,4,1,1,2,2,2,1,2,2,2,2,2,3,2,2,2,2,2,2,2,2,2,2,0,0,0
2008,6,59,1,63119,1,9,2,2,1,2,3,2,1,1,2,2,1,2,2,2,1,2,2,2,3,2,2,2,2,2,2,2,2,2,2,0,0,0
2008,6,111,1,63120,1,9,2,2,1,1,3,1,4,2,2,2,2,2,2,2,2,2,1,2,3,1,1,1,1,2,2,1,2,2,2,0,0,0
2008,6,37,1,63121,1,9,2,2,4,1,3,1,1,1,1,2,1,2,2,1,2,2,2,2,3,2,2,2,2,1,2,2,2,2,2,0,0,0
2008,6,65,1,63122,1,9,1,2,1,1,3,1,4,1,2,2,3,2,2,1,2,2,2,2,1,2,2,2,2,2,1,1,2,2,2,0,0,0
2008,6,37,1,63123,1,9,2,1,1,2,1,2,1,2,1,1,1,2,2,2,1,2,2,2,3,2,2,2,2,2,2,2,2,2,2,0,0,0
2008,6,65,1,63124,1,9,1,2,1,2,5,2,4,2,2,2,2,2,2,1,2,2,2,2,2,1,1,1,1,2,2,1,1,2,2,0,0,0
2008,6,47,1,63125,1,9,1,1,4,2,1,2,1,1,2,2,1,2,2,2,2,2,2,2,3,2,2,2,2,1,2,2,1,2,1,0,0,0
2008,6,59,1,63126,1,9,2,2,4,2,4,2,1,2,2,2,2,2,2,1,2,2,1,2,3,1,1,1,1,2,1,1,1,2,2,0,0,0
2008,6,71,1,63127,1,9,2,2,1,1,3,1,4,1,1,2,2,2,1,2,2,2,2,2,2,2,2,2,2,2,2,2,2,2,2,0,0,0
2008,6,65,1,63128,1,9,2,2,1,1,2,1,2,1,1,2,2,2,2,2,2,2,1,2,3,2,2,2,2,1,2,2,2,2,2,0,0,0
2008,6,77,1,63129,1,9,1,1,1,2,1,2,5,2,2,2,2,2,1,1,2,2,1,1,1,2,2,2,2,2,2,2,2,2,2,0,0,0
2008,6,85,1,63130,1,9,2,2,1,2,3,2,3,1,2,2,2,2,1,1,2,2,2,2,2,2,2,2,2,1,2,2,1,2,2,0,0,0
2008,6,77,1,63131,1,9,2,2,1,2,3,2,4,1,1,2,2,2,2,2,2,2,2,2,3,1,1,1,1,2,2,1,2,2,2,0,0,0
2008,6,71,1,63132,1,9,2,2,4,2,5,2,1,2,2,2,1,2,2,1,2,2,2,1,1,2,2,2,2,2,2,2,1,2,2,0,0,0
2008,6,47,1,63133,1,9,2,2,1,2,3,2,1,2,1,2,1,1,2,2,2,2,2,2,3,2,2,2,2,2,2,2,2,2,2,0,0,0
2008,6,71,1,63134,1,9,2,2,4,2,4,2,1,1,1,2,1,2,2,2,2,2,2,2,3,2,2,2,2,1,2,2,1,2,2,0,0,0
2008,6,37,1,63135,1,9,2,2,4,2,5,2,1,2,2,2,1,2,2,1,2,2,1,1,2,2,2,2,2,2,2,2,1,2,2,0,0,0
2008,6,85,1,63136,1,9,2,2,1,1,6,1,1,1,1,2,1,2,2,2,1,2,2,2,3,2,2,2,2,2,2,2,2,2,2,0,0,0
2008,6,37,1,63137,1,9,2,2,1,2,3,2,1,2,1,2,1,2,2,2,1,2,2,2,3,2,2,2,2,2,2,2,2,2,2,0,0,0
2008,6,37,1,63138,1,9,2,2,3,2,3,2,1,1,1,2,1,2,2,1,2,2,2,2,3,2,2,2,2,2,2,2,1,2,2,0,0,0
2008,6,71,1,63139,1,9,2,2,4,2,5,2,1,2,2,2,1,2,2,2,2,2,2,2,1,2,2,2,2,2,2,2,1,2,2,0,0,0
2008,6,37,1,63140,1,9,2,2,4,1,3,1,1,1,1,2,1,2,2,2,1,2,2,2,3,1,1,1,1,2,2,1,2,2,2,0,0,0
2008,6,71,1,63141,1,9,2,2,1,1,3,1,4,1,1,2,2,2,2,2,2,2,2,2,3,2,2,2,2,1,2,2,2,2,2,0,0,0
2008,6,73,1,63142,1,9,2,2,1,2,3,2,1,2,1,2,1,2,2,2,1,2,2,2,3,2,2,2,2,2,2,2,2,2,2,0,0,0
2008,6,65,1,63143,1,9,2,2,4,2,5,2,2,2,2,2,1,2,2,1,2,2,2,2,1,2,2,2,2,2,2,2,2,2,2,0,0,0
2008,6,37,1,63144,1,9,2,2,4,2,5,2,1,1,1,2,1,1,2,2,2,2,2,2,3,2,2,2,2,2,2,2,1,2,2,0,0,0
2008,6,37,1,63145,1,9,2,2,1,2,3,2,4,2,2,2,2,2,2,2,2,2,2,2,3,2,2,2,2,1,2,2,2,2,2,0,0,0
2008,8,77,1,80001,1,8,2,2,1,2,3,3,4,1,1,2,2,2,1,1,2,2,2,2,3,2,2,2,2,1,2,2,2,2,2,0,0,0
2008,8,85,1,80002,1,8,1,2,1,1,3,1,2,1,1,2,2,1,2,2,2,2,2,2,3,2,2,2,2,2,2,2,2,1,2,0,0,0
2008,8,45,2,80003,1,8,1,2,1,2,3,3,4,1,1,2,2,1,2,2,2,2,2,2,3,2,2,2,2,2,1,1,2,2,2,0,0,0
2008,8,15,1,80004,1,8,1,2,4,2,3,2,1,1,1,2,1,2,2,1,2,2,1,2,2,2,2,2,2,2,2,2,1,2,2,0,0,0
2008,8,29,1,80005,1,8,1,2,4,2,4,3,4,1,1,2,1,2,2,2,2,2,2,2,3,2,2,2,2,2,2,2,1,2,2,0,0,0
2008,8,59,2,80006,1,8,2,2,2,1,3,1,1,2,2,2,1,2,2,1,2,2,2,2,1,2,2,2,2,2,1,1,2,2,2,0,0,0
2008,8,123,1,80007,1,8,1,2,1,1,5,1,4,2,1,2,2,1,2,2,2,2,2,2,1,2,2,2,2,2,2,2,2,2,2,0,0,0
2008,8,31,1,80008,1,8,2,2,1,2,3,2,1,2,2,2,1,2,2,2,1,2,2,2,1,2,2,2,2,1,2,2,2,2,2,0,0,0
2008,8,77,1,80009,1,8,2,1,1,2,1,2,1,1,1,2,1,2,2,2,1,2,2,2,3,2,2,2,2,1,2,2,2,2,2,0,0,0
2008,8,69,1,80010,1,8,2,2,4,2,4,2,1,2,1,2,1,2,2,1,2,2,1,2,1,2,2,2,2,2,2,2,1,2,2,0,0,0
2008,8,1,1,80011,1,8,2,2,1,1,3,1,1,2,1,2,1,2,2,2,1,2,2,2,3,2,2,2,2,2,1,1,2,2,2,0,0,0
2008,8,41,1,80012,1,8,1,2,4,2,6,2,1,2,1,2,1,2,2,1,2,2,1,2,2,1,2,1,2,2,2,2,1,2,2,0,0,0
2008,8,101,1,80013,1,8,2,2,1,1,4,1,1,1,1,2,1,1,2,2,2,1,2,2,3,2,2,2,2,2,2,2,2,2,2,0,0,0
2008,8,101,2,80014,1,8,2,2,4,2,3,3,1,1,1,2,1,2,2,1,2,2,2,2,3,2,2,2,2,2,2,2,1,2,2,0,0,0
2008,8,41,1,80015,1,8,2,2,4,2,3,2,1,2,2,2,3,2,2,1,2,2,1,2,3,2,2,2,2,2,2,2,1,2,2,0,0,0
2008,8,123,1,80016,1,8,1,2,1,1,4,1,4,1,2,2,2,2,2,2,2,2,1,2,3,2,2,2,2,2,1,1,2,2,2,0,0,0
2008,8,55,1,80017,1,8,1,2,4,2,5,2,1,2,2,2,1,2,2,1,2,2,1,2,2,1,1,1,1,2,2,1,1,2,2,0,0,0
2008,8,55,1,80018,1,8,1,2,1,2,3,2,4,1,1,2,2,1,2,2,2,2,2,2,3,2,2,2,2,1,2,2,1,2,2,0,0,0
2008,8,35,1,80019,1,8,1,2,4,2,3,2,1,2,1,2,1,2,2,1,2,2,1,2,1,1,1,1,1,2,2,1,1,2,2,0,0,0
2008,8,31,1,80020,1,8,2,1,3,2,1,2,1,1,1,2,1,2,2,1,2,2,1,2,1,2,2,2,2,2,2,2,1,2,2,0,0,0
2008,8,5,1,80021,1,8,2,2,1,1,3,1,1,1,2,2,3,2,2,2,1,2,2,2,3,2,2,2,2,1,2,2,2,2,2,0,0,0
2008,8,85,2,80022,1,8,1,2,1,2,4,2,4,1,1,2,2,2,2,1,2,2,2,2,3,1,1,1,1,2,2,1,1,2,2,0,0,0
2008,8,77,1,80023,1,8,2,2,4,2,3,3,1,1,2,2,1,2,2,2,2,2,2,2,3,2,2,2,2,2,2,2,1,2,2,0,0,0
2008,8,117,1,80024,1,8,1,1,4,2,1,2,6,2,2,2,1,2,2,1,2,2,2,2,3,2,2,2,2,2,2,2,1,2,2,0,0,0
2008,8,105,1,80025,1,8,1,2,2,2,3,2,4,1,1,2,2,2,2,2,2,2,2,2,3,2,2,2,2,1,2,2,1,1,2,0,0,0
2008,8,67,1,80026,1,8,2,2,1,2,3,2,1,2,1,2,1,2,2,2,1,2,2,2,1,2,2,2,2,2,2,2,2,2,2,0,0,0
2008,8,119,1,80027,1,8,1,2,1,1,3,1,4,1,2,2,2,2,2,2,2,2,2,2,3,2,2,2,2,1,2,2,2,2,2,0,0,0
2008,8,13,3,80028,1,8,2,2,4,1,4,1,1,2,1,2,1,2,2,1,2,2,2,2,1,2,2,2,2,2,1,1,2,2,2,0,0,0
2008,8,5,1,80029,1,8,2,2,1,2,3,2,4,2,1,2,2,2,2,2,2,2,2,2,3,2,2,2,2,1,2,2,2,2,2,0,0,0
2008,8,123,1,80030,1,8,1,1,4,2,1,2,1,2,1,2,1,2,2,2,2,2,2,2,2,2,2,2,2,2,1,1,1,2,1,0,0,0
2008,8,77,1,80031,1,8,2,2,1,1,3,1,2,1,1,2,2,2,2,1,2,2,2,2,3,2,2,2,2,2,1,1,2,2,2,0,0,0
2008,8,45,1,80032,1,8,2,2,2,2,3,2,1,1,1,2,2,2,2,1,2,2,1,2,3,2,2,2,2,2,1,1,1,2,2,0,0,0
2008,8,59,1,80033,1,8,2,2,3,2,2,3,1,2,2,2,1,2,2,1,2,2,1,2,1,2,2,2,2,2,2,2,1,2,2,0,0,0
2008,8,31,1,80034,1,8,2,1,3,2,1,2,1,2,2,2,1,2,2,2,2,2,1,2,3,2,2,2,2,2,2,2,1,1,2,0,0,0
2008,8,55,1,80035,1,8,1,1,1,2,1,3,6,1,1,2,1,1,2,2,2,2,2,2,3,2,2,2,2,2,1,1,2,2,2,0,0,0
2008,8,5,1,80036,1,8,2,1,1,2,1,2,3,2,1,2,2,2,2,2,2,2,2,2,3,2,2,2,2,2,2,2,1,2,2,0,0,0
2008,8,37,1,80037,1,8,1,1,3,2,1,3,1,1,1,2,2,1,2,2,2,2,2,2,3,2,2,2,2,2,2,2,1,2,2,0,0,0
2008,8,101,1,80038,1,8,2,1,1,2,1,2,3,1,1,2,3,2,2,2,2,2,2,2,3,2,2,2,2,1,2,2,1,2,2,0,0,0
2008,8,93,1,80039,1,8,1,2,4,2,3,2,1,1,1,2,2,1,2,1,2,2,2,2,3,2,2,2,2,1,2,2,1,2,2,0,0,0
2008,8,59,1,80040,1,8,2,2,1,2,2,3,3,2,1,2,2,2,2,2,2,2,2,2,3,2,2,2,2,1,2,2,2,2,2,0,0,0
2008,8,101,1,80041,1,8,1,1,3,2,1,2,1,1,1,2,1,2,2,2,2,2,1,2,2,2,2,2,2,2,2,2,1,2,2,0,0,0
2008,8,41,1,80042,1,8,1,2,4,2,5,2,1,2,2,2,1,2,2,1,2,2,2,2,1,2,2,2,2,1,2,2,1,2,2,0,0,0
2008,8,59,1,80043,1,8,2,2,1,1,3,1,3,2,2,2,2,2,2,1,2,2,2,2,1,2,2,2,2,2,2,2,2,2,2,0,0,0
2008,8,5,3,80044,1,8,1,1,1,2,1,2,2,2,2,2,3,1,2,2,2,2,2,2,3,2,2,2,2,1,2,2,2,2,1,0,0,0
2008,8,41,2,80045,1,8,2,1,1,2,1,2,3,2,1,2,2,2,2,2,2,2,1,2,1,2,2,2,2,2,2,2,2,2,2,0,0,0
2008,8,59,1,80046,1,8,1,2,4,2,4,2,1,2,1,2,1,2,2,2,2,2,1,2,2,2,2,2,2,2,2,2,1,2,1,0,0,0
2008,8,31,1,80047,1,8,2,2,4,1,2,1,1,2,2,2,1,2,2,2,2,2,2,2,1,2,2,2,2,1,2,2,1,2,2,0,0,0
2008,8,103,1,80048,1,8,1,2,4,2,5,2,1,1,1,2,1,1,2,2,2,2,1,2,2,2,2,2,2,2,2,2,1,2,1,0,0,0
2008,8,41,1,80049,1,8,2,2,4,2,5,2,1,2,2,1,1,2,2,1,1,2,2,2,1,2,2,1,1,2,2,1,1,2,2,0,0,0
2008,8,123,1,80050,1,8,1,2,4,2,5,2,1,1,2,2,1,1,2,2,2,2,1,2,2,2,2,2,2,2,2,2,1,1,2,0,0,0
2008,8,41,1,80051,1,8,1,2,4,2,4,2,1,1,2,2,1,2,1,1,2,2,2,2,1,2,2,2,2,2,2,2,1,2,2,0,0,0
2008,8,31,1,80052,1,8,2,2,1,2,6,2,2,2,2,1,2,2,2,2,2,2,2,2,3,1,1,1,1,2,2,1,2,2,2,0,0,0
2008,8,31,1,80053,1,8,2,2,4,1,5,1,1,2,2,2,1,2,2,1,2,2,2,2,1,2,2,2,2,2,1,1,2,2,2,0,0,0
2008,8,59,1,80054,1,8,2,2,1,2,3,2,1,2,2,2,1,2,2,2,1,2,2,2,1,2,2,2,2,2,1,1,2,2,2,0,0,0
2008,8,41,1,80055,1,8,2,2,4,2,6,2,4,2,2,2,1,2,2,1,2,2,2,2,1,2,2,2,2,2,1,1,2,2,2,0,0,0
2008,8,35,1,80056,1,8,1,2,1,2,4,2,4,1,1,2,2,2,2,2,2,2,1,2,1,2,2,2,2,2,2,2,1,2,2,0,0,0
2008,8,1,1,80057,1,8,2,2,1,1,3,1,1,1,1,2,1,2,2,2,1,2,2,2,3,2,2,2,2,2,2,2,2,2,2,0,0,0
2008,8,59,1,80058,1,8,2,2,1,2,4,2,4,1,1,2,2,2,2,2,2,2,2,2,1,2,2,2,2,1,2,2,1,2,2,0,0,0
2008,8,35,3,80059,1,8,2,2,1,2,2,3,4,1,2,2,2,2,2,1,2,2,1,2,3,2,2,2,2,1,2,2,1,2,2,0,0,0
2008,8,1,1,80060,1,8,2,2,1,1,3,1,4,1,1,2,2,2,2,2,2,2,2,2,3,2,2,1,1,2,1,1,2,2,2,0,0,0
2008,8,123,1,80061,1,8,1,2,4,2,3,2,1,2,2,2,1,2,2,2,2,2,1,2,1,2,2,2,2,2,2,2,1,2,2,0,0,0
2008,8,123,1,80062,1,8,1,2,3,2,3,2,1,2,2,2,1,2,2,2,2,2,1,2,1,2,2,2,2,2,2,2,1,2,2,0,0,0
2008,8,123,1,80063,1,8,1,1,1,2,1,2,4,2,1,2,3,1,2,1,2,2,1,2,3,2,2,1,1,2,2,1,2,2,2,0,0,0
2008,8,35,1,80064,1,8,1,2,4,2,6,2,1,1,2,2,1,2,2,1,2,2,1,2,2,2,2,2,2,2,2,2,1,2,2,0,0,0
2008,8,29,1,80065,1,8,1,2,4,2,4,2,1,2,1,2,1,2,2,2,2,2,1,2,1,2,2,2,2,1,2,2,1,2,2,0,0,0
2008,8,1,1,80066,1,8,1,1,3,2,1,3,4,2,2,2,1,1,2,2,1,2,1,2,3,2,2,2,2,2,2,2,2,2,2,0,0,0
2008,8,1,2,80067,1,8,2,1,2,2,1,2,2,2,2,2,2,2,2,2,2,2,2,2,3,2,2,2,2,2,2,2,1,2,2,0,0,0
2008,8,123,1,80068,1,8,1,1,1,1,1,1,4,1,1,2,2,2,2,2,2,2,2,2,3,2,2,1,1,1,2,1,2,2,2,0,0,0
2008,8,77,1,80069,1,8,2,2,2,2,3,2,4,1,1,2,2,2,2,2,2,2,2,2,3,2,2,2,2,1,2,2,1,2,2,0,0,0
2008,8,31,1,80070,1,8,2,2,1,1,4,1,1,1,1,2,1,2,2,2,1,2,2,2,3,2,2,2,2,2,2,2,2,2,2,0,0,0
2008,8,35,1,80071,1,8,1,1,1,2,1,2,4,1,1,2,2,1,2,2,2,2,1,2,1,2,2,2,2,2,2,2,2,2,2,0,0,0
2008,8,1,1,80072,1,8,2,2,1,1,5,1,4,1,1,2,2,2,1,2,2,2,2,1,3,2,2,2,2,2,2,2,2,2,2,0,0,0
2008,8,123,2,80073,1,8,1,2,1,2,3,2,3,2,1,2,2,2,2,2,2,2,2,2,1,2,2,2,2,2,2,2,1,2,2,0,0,0
2008,8,41,2,80074,1,8,1,2,1,2,3,2,4,1,2,2,3,1,2,2,2,2,1,2,3,2,2,2,2,2,2,2,1,2,2,0,0,0
2008,8,31,1,80075,1,8,2,2,3,2,6,2,1,1,1,2,1,2,2,2,2,2,2,2,3,2,2,2,2,2,2,2,1,2,2,0,0,0
2008,8,35,1,80076,1,8,1,2,3,1,3,1,1,2,2,2,1,2,2,1,2,2,1,2,1,2,2,2,2,2,2,2,2,2,2,0,0,0
2008,8,75,1,80077,1,8,2,2,4,2,5,2,1,2,2,2,1,2,2,2,2,2,1,2,1,2,2,2,2,2,1,1,1,2,2,0,0,0
2008,8,101,1,80079,1,8,2,2,1,1,3,1,3,1,1,2,2,2,2,2,2,2,2,2,3,2,2,2,2,1,1,1,2,2,2,0,0,0
2008,8,43,1,80080,1,8,1,2,4,2,3,2,1,1,1,2,1,2,1,1,2,2,2,2,2,2,2,2,2,1,2,2,1,2,2,0,0,0
2008,8,77,1,80081,1,8,1,1,4,2,1,3,1,2,1,2,1,2,2,1,2,2,1,2,1,2,2,2,2,2,1,1,1,2,2,0,0,0
2008,8,69,1,80082,1,8,1,2,4,2,5,2,1,1,1,2,1,2,2,2,2,2,1,2,2,2,2,2,2,1,2,2,1,1,2,0,0,0
2008,8,41,1,80083,1,8,2,2,4,2,4,2,1,2,2,2,1,2,2,1,2,2,1,2,3,1,1,1,1,2,2,1,1,2,2,0,0,0
2008,8,37,1,80084,1,8,1,1,4,2,1,2,1,1,1,2,3,1,2,2,2,2,2,2,3,2,2,2,2,2,1,1,1,2,2,0,0,0
2008,8,45,1,80085,1,8,1,2,2,2,5,2,1,1,2,2,1,2,2,1,2,2,2,2,1,2,2,2,2,2,2,2,1,2,2,0,0,0
2008,8,29,2,80086,1,8,1,2,4,2,4,2,1,2,2,2,1,2,2,2,2,2,1,2,3,2,2,2,2,2,1,1,1,2,2,0,0,0
2008,8,35,1,80087,1,8,2,2,1,2,6,2,1,1,2,2,1,2,1,2,2,2,2,2,1,2,2,2,2,2,2,2,1,2,2,0,0,0
2008,8,13,1,80088,1,8,2,2,1,2,6,2,1,2,2,2,1,2,2,1,1,2,2,2,3,1,1,1,1,2,2,1,2,2,2,0,0,0
2008,8,15,1,80089,1,8,1,2,4,2,3,3,4,1,1,2,2,2,2,1,2,2,2,2,3,2,2,2,2,2,1,1,1,2,1,0,0,0
2008,8,41,1,80090,1,8,1,2,1,2,4,2,3,2,1,2,2,2,2,2,2,2,1,2,1,2,2,2,2,2,2,2,1,2,2,0,0,0
2008,8,31,1,80091,1,8,2,2,1,2,3,2,1,2,2,1,1,2,2,2,1,2,2,2,3,2,2,2,2,2,2,2,2,2,2,0,0,0
2008,8,19,1,80092,1,8,1,1,4,2,1,3,1,2,1,2,1,2,2,1,2,2,1,2,2,2,2,2,2,2,2,2,1,2,2,0,0,0
2008,8,49,1,80093,1,8,1,2,1,2,3,2,4,1,1,2,2,2,2,2,2,2,2,2,3,2,2,2,2,2,2,2,1,1,2,0,0,0
2008,8,101,1,80094,1,8,2,2,1,2,6,2,1,2,2,2,1,2,2,1,2,2,1,2,3,2,2,2,2,2,2,2,1,2,2,0,0,0
2008,8,14,1,80095,1,8,1,1,1,2,1,2,2,2,2,2,2,2,1,1,2,2,2,2,3,2,2,2,2,2,2,2,2,2,2,0,0,0
2008,8,41,1,80096,1,8,2,1,3,2,1,2,1,2,2,2,1,2,2,1,2,2,1,2,1,2,2,2,2,2,2,2,1,2,2,0,0,0
2008,8,1,2,80097,1,8,1,2,1,1,4,1,4,2,2,2,2,2,2,2,2,2,1,2,3,2,2,2,2,2,2,2,2,2,2,0,0,0
2008,8,69,1,80098,1,8,1,2,4,2,3,2,1,2,2,2,1,1,2,1,2,2,1,2,2,2,2,2,2,2,2,2,1,2,2,0,0,0
2008,8,101,1,80099,1,8,2,2,3,2,3,2,1,2,2,2,1,2,2,1,2,2,2,2,3,1,1,1,1,2,2,1,1,2,2,0,0,0
2008,8,121,1,80100,1,8,1,2,4,2,3,2,1,1,1,2,1,2,2,1,2,2,1,2,2,1,1,1,1,2,2,1,1,2,1,0,0,0
2008,8,109,1,80101,1,8,1,2,1,2,3,2,3,1,1,2,2,1,2,2,2,2,2,2,3,2,2,2,2,1,2,2,1,2,2,0,0,0
2008,8,87,1,80102,1,8,1,1,3,2,1,2,1,1,1,2,1,2,2,1,2,2,1,2,3,2,2,2,2,2,1,1,1,2,2,0,0,0
2008,8,69,1,80103,1,8,2,2,4,2,6,2,1,1,2,2,1,2,1,1,2,2,2,2,1,2,2,2,2,2,2,2,1,2,2,0,0,0
2008,8,41,1,80104,1,8,2,2,1,2,3,2,4,2,2,2,2,2,2,1,2,2,2,2,1,2,2,2,2,2,2,2,1,2,2,0,0,0
2008,8,41,1,80105,1,8,1,2,1,2,4,2,1,1,2,2,3,1,1,1,2,2,2,2,3,2,2,2,2,2,2,2,2,2,2,0,0,0
2008,8,123,1,80106,1,8,1,2,1,1,4,1,4,2,1,2,2,2,2,2,2,2,2,2,1,2,2,2,2,2,2,2,2,2,2,0,0,0
2008,8,69,1,80107,1,8,1,2,4,2,5,2,1,1,1,2,1,2,1,2,2,2,2,2,2,2,2,2,2,2,2,2,1,2,2,0,0,0
2008,8,45,2,80108,1,8,1,1,1,2,1,2,1,2,1,2,3,1,2,1,2,2,1,2,3,2,2,2,2,2,2,2,2,1,2,0,0,0
2008,8,123,2,80109,1,8,1,2,1,1,5,1,4,1,1,2,2,2,2,2,2,2,2,2,1,2,2,1,1,1,2,1,2,2,2,0,0,0
2008,8,123,1,80110,1,8,1,1,3,2,1,3,1,1,2,2,1,2,1,1,2,2,2,2,2,2,2,2,2,2,2,2,1,2,2,0,0,0
2008,8,59,1,80111,1,8,2,2,1,2,4,2,1,1,2,2,1,2,2,1,2,1,1,2,3,2,2,2,2,2,2,2,2,2,2,0,0,0
2008,8,45,1,80112,1,8,1,1,3,2,1,2,1,2,2,2,1,2,1,1,2,2,2,2,1,2,2,2,2,2,2,2,1,2,2,0,0,0
2008,8,5,1,80113,1,8,2,2,4,2,6,2,1,2,2,2,1,2,2,1,2,2,1,2,2,1,1,1,1,2,2,1,1,2,2,0,0,0
2008,8,59,1,80114,1,8,2,2,4,2,2,2,1,1,2,2,1,2,1,1,2,2,2,2,1,2,2,2,2,2,2,2,1,2,2,0,0,0
2008,8,71,1,80115,1,8,1,2,4,1,6,1,1,2,1,2,1,2,2,1,2,2,1,2,1,2,2,2,2,2,2,2,2,2,2,0,0,0
2008,8,123,1,80116,1,8,1,2,4,2,6,2,1,2,2,1,1,2,2,2,2,2,1,2,3,2,2,2,2,2,2,2,1,2,2,0,0,0
2008,8,9,1,80117,1,8,1,2,4,2,5,2,1,1,1,2,1,2,2,2,2,2,1,2,2,2,2,2,2,2,2,2,1,2,2,0,0,0
2008,8,101,1,80118,1,8,1,2,4,2,3,2,1,1,1,2,1,2,2,2,2,2,1,2,3,2,2,2,2,2,2,2,1,2,2,0,0,0
2008,8,101,1,80119,1,8,1,2,1,2,3,2,3,2,2,2,2,2,2,2,2,2,2,2,1,2,2,2,2,2,2,2,1,1,2,0,0,0
2008,8,1,1,80120,1,8,2,2,4,1,3,1,1,2,2,2,1,2,2,1,2,2,2,2,1,1,1,1,1,2,2,1,2,2,2,0,0,0
2008,8,85,1,80121,1,8,1,2,4,2,5,2,1,1,2,2,1,2,2,2,2,2,2,2,2,2,2,2,2,2,2,2,1,2,2,0,0,0
2008,8,123,1,80122,1,8,1,2,1,1,4,1,4,1,2,2,2,1,2,2,2,2,2,2,3,2,2,2,2,2,2,2,2,2,2,0,0,0
2008,8,1,1,80123,1,8,2,2,1,2,2,2,4,2,1,2,1,1,2,2,1,2,2,2,3,2,2,2,2,2,2,2,2,2,2,0,0,0
2008,8,59,1,80124,1,8,2,2,1,1,3,1,1,1,1,2,2,2,1,1,2,2,2,1,3,2,2,2,2,2,2,2,2,2,2,0,0,0
2008,8,123,1,80125,1,8,2,2,4,2,4,2,1,2,1,2,1,2,2,1,2,2,1,2,1,2,2,2,2,2,2,2,1,2,2,0,0,0
2008,8,1,1,80127,1,8,1,1,1,2,1,2,2,1,1,1,3,1,2,1,2,2,2,2,3,2,2,2,2,1,2,2,2,2,2,0,0,0
2008,8,85,1,80128,1,8,1,2,4,2,6,2,1,1,2,2,1,2,2,2,2,2,2,2,2,2,2,2,2,2,2,2,1,2,2,0,0,0
2008,8,93,1,80129,1,8,1,2,1,2,3,2,4,1,2,2,2,2,2,2,2,2,1,2,1,2,2,2,2,1,2,2,1,2,2,0,0,0
2008,8,3,1,80130,1,8,1,2,4,2,3,2,1,1,2,2,1,2,2,1,2,2,1,2,1,2,2,2,2,2,2,2,1,2,2,0,0,0
2008,8,99,1,80131,1,8,1,2,2,2,4,2,1,1,1,2,1,2,2,2,2,2,1,2,2,2,2,2,2,2,2,2,1,2,1,0,0,0
2008,8,1,1,80132,1,8,2,2,1,2,3,2,4,2,2,2,2,2,2,1,2,2,2,2,3,1,1,1,1,2,1,1,1,2,2,0,0,0
2008,8,1,1,80133,1,8,2,1,3,2,1,2,1,2,2,2,1,2,2,2,2,2,1,2,1,2,2,2,2,2,2,2,1,2,2,0,0,0
2008,8,9,1,80134,1,8,1,2,4,2,6,2,1,2,2,2,1,2,2,1,2,2,1,2,1,1,1,1,1,2,2,1,1,2,2,0,0,0
2008,8,9,2,80135,1,8,1,2,1,1,3,1,4,2,2,2,2,1,2,2,2,2,1,2,3,2,2,2,2,2,2,2,2,2,2,0,0,0
2008,8,69,1,80136,1,8,1,2,1,2,3,2,1,1,2,2,1,2,1,2,2,2,2,2,2,2,2,2,2,2,2,2,2,2,2,0,0,0
2008,8,117,1,80137,1,8,1,1,4,2,1,2,1,1,1,2,1,2,2,1,2,2,1,2,3,2,2,2,2,2,2,2,1,2,2,0,0,0
2008,8,1,1,80138,1,8,2,2,1,1,3,1,4,1,1,2,3,2,2,2,2,2,2,2,3,1,1,1,1,2,2,1,2,2,2,0,0,0
2008,8,77,2,80139,1,8,2,1,1,2,1,2,3,1,1,2,3,1,2,2,2,2,2,2,3,2,2,2,2,2,2,2,2,2,2,0,0,0
2008,8,31,1,80140,1,8,2,2,1,2,3,2,1,1,1,2,2,2,1,2,2,2,2,2,3,2,2,2,2,2,2,2,2,2,2,0,0,0
2008,8,101,1,80141,1,8,1,1,4,2,1,3,1,2,1,2,1,2,2,2,2,2,1,2,1,2,2,2,2,2,2,2,1,2,1,0,0,0
2008,8,31,1,80142,1,8,2,2,4,2,3,2,4,1,1,2,1,2,2,2,2,2,2,2,3,2,2,2,2,1,2,2,1,2,2,0,0,0
2008,8,101,3,80143,1,8,1,1,3,2,1,2,1,2,1,2,2,2,2,2,2,2,1,2,3,2,2,2,2,2,2,2,1,2,1,0,0,0
2008,8,101,1,80144,1,8,2,2,4,2,2,2,1,1,1,2,1,2,2,2,2,2,1,2,2,2,2,2,2,2,1,1,1,2,2,0,0,0
2008,8,81,2,80145,1,8,1,2,4,2,5,2,1,2,2,2,1,2,2,1,2,2,1,2,1,2,2,2,2,2,2,2,1,2,2,0,0,0
2008,8,35,1,80146,1,8,1,1,1,2,1,2,1,2,2,2,1,2,1,2,2,2,2,2,2,2,2,2,2,2,2,2,2,2,2,0,0,0
2008,8,63,1,80147,1,8,1,2,4,2,5,2,1,2,2,2,1,2,2,2,2,2,2,2,3,2,2,2,2,2,2,2,1,2,2,0,0,0
2008,8,13,1,80148,1,8,1,2,1,2,3,2,1,2,1,1,2,2,2,2,1,2,2,2,3,2,2,2,2,2,2,2,2,1,2,0,0,0
2008,8,31,1,80149,1,8,2,2,1,1,3,1,4,2,1,1,2,2,2,2,2,2,2,2,3,1,1,1,1,2,2,1,2,2,2,0,0,0
2008,8,39,1,80150,1,8,1,2,4,2,4,2,1,1,1,2,1,2,2,2,2,2,1,2,2,1,1,1,1,2,2,1,1,2,2,0,0,0
2008,8,45,1,80151,1,8,1,1,3,2,1,2,1,2,1,2,1,2,2,2,2,2,1,2,3,2,2,2,2,2,2,2,1,2,2,0,0,0
2008,8,71,1,80152,1,8,1,1,1,2,1,2,1,1,1,2,1,2,2,2,2,2,1,2,3,2,2,2,2,2,2,2,1,1,2,0,0,0
2008,8,69,1,80153,1,8,1,2,1,2,3,2,4,2,1,2,2,2,2,2,2,2,2,2,3,2,2,1,1,1,2,1,1,2,2,0,0,0
2008,8,41,1,80154,1,8,1,2,4,2,5,2,1,1,2,2,1,2,2,1,2,2,1,2,3,2,2,2,2,1,2,2,1,2,2,0,0,0
2008,8,61,4,80155,1,8,1,2,1,2,3,2,3,1,1,2,3,1,2,2,2,2,2,2,3,2,2,2,2,1,1,1,1,2,2,0,0,0
2008,8,67,2,80156,1,8,1,2,1,2,5,2,4,2,2,2,2,2,2,1,2,2,2,2,1,2,2,2,2,1,2,2,1,2,2,0,0,0
2008,8,5,1,80157,1,8,1,1,4,2,1,2,1,1,2,2,1,2,2,2,2,2,1,2,3,1,1,1,1,2,2,1,1,2,1,0,0,0
2008,8,59,1,80158,1,8,1,2,4,2,6,2,1,1,2,2,1,2,2,2,2,2,1,2,1,2,2,2,2,2,2,2,1,2,2,0,0,0
2008,8,13,1,80159,1,8,2,2,1,1,4,1,3,1,2,2,3,2,1,1,2,2,2,2,3,1,1,1,1,2,2,1,2,2,2,0,0,0
2008,8,41,2,80160,1,8,2,2,1,1,3,1,1,1,2,2,2,2,1,1,2,2,2,2,3,2,2,1,1,1,2,1,2,2,2,0,0,0
2008,8,67,1,80161,1,8,1,2,1,2,5,2,3,1,1,2,2,2,2,2,2,2,2,2,3,2,2,2,2,1,2,2,1,2,2,0,0,0
2008,8,101,1,80162,1,8,2,2,4,2,4,2,1,1,1,2,1,2,2,1,2,2,1,2,3,2,2,2,2,2,2,2,1,2,2,0,0,0
2008,8,45,2,80163,1,8,1,1,1,2,1,2,3,2,1,2,2,2,2,2,2,2,2,2,1,2,2,2,2,1,2,2,2,2,2,0,0,0
2008,8,31,2,80164,1,8,2,2,2,2,3,3,1,2,2,2,1,2,1,1,2,2,2,2,2,1,1,1,1,2,2,1,1,2,2,0,0,0
2008,8,63,1,80165,1,8,1,1,1,2,1,2,2,1,1,2,2,1,2,2,2,2,1,2,3,2,2,2,2,2,2,2,2,2,2,0,0,0
2008,8,85,1,80166,1,8,1,2,4,2,6,2,1,2,1,2,1,2,2,2,2,2,1,2,1,2,2,2,2,2,2,2,1,2,2,0,0,0
2008,8,69,1,80167,1,8,2,2,1,2,2,2,3,1,2,2,2,2,2,2,2,2,1,2,3,2,2,1,1,2,1,1,1,2,2,0,0,0
2008,8,1,1,80168,1,8,2,2,1,1,3,1,1,2,1,2,1,2,2,2,1,2,2,2,3,2,2,2,2,2,2,2,2,2,2,0,0,0
2008,8,43,2,80169,1,8,1,2,4,2,3,2,1,1,1,2,1,2,2,2,2,2,2,2,2,2,2,2,2,1,2,2,1,2,1,0,0,0
2008,8,67,1,80170,1,8,1,2,4,2,6,2,1,1,1,2,1,2,2,2,2,2,1,2,1,2,2,2,2,2,2,2,1,2,2,0,0,0
2008,8,35,1,80171,1,8,1,2,4,2,5,2,1,1,2,2,1,2,1,2,2,2,2,2,2,2,2,2,2,1,2,2,1,2,2,0,0,0
2008,8,49,1,80172,1,8,1,2,4,2,5,2,1,1,1,2,1,2,2,1,2,2,1,2,3,2,2,2,2,1,2,2,1,2,1,0,0,0
2008,8,123,1,80173,1,8,1,2,2,2,5,3,1,1,2,2,1,2,1,2,2,2,2,2,1,2,2,2,2,2,2,2,1,2,2,0,0,0
2008,8,87,1,80174,1,8,1,1,4,2,1,3,1,1,2,2,1,2,2,2,2,2,1,2,2,2,2,2,2,2,2,2,1,2,2,0,0,0
2008,8,41,1,80175,1,8,2,2,1,1,3,1,4,1,1,2,2,2,2,2,2,2,2,2,3,2,2,2,2,2,2,2,2,2,2,0,0,0
2008,8,123,1,80176,1,8,1,2,3,2,3,2,1,1,1,2,2,2,2,2,2,2,1,2,3,2,2,2,2,2,2,2,1,1,2,0,0,0
2008,8,117,1,80177,1,8,1,2,1,1,3,1,1,2,2,2,1,2,1,1,2,2,2,2,1,2,2,2,2,2,2,2,2,2,2,0,0,0
2008,8,45,1,80178,1,8,1,2,4,2,5,2,1,2,2,2,1,2,2,2,2,2,1,2,1,2,2,2,2,2,2,2,1,2,2,0,0,0
2008,8,41,1,80179,1,8,1,2,1,2,3,2,2,2,2,2,3,2,2,2,1,2,2,2,1,2,2,2,2,2,2,2,2,2,2,0,0,0
2008,8,75,1,80180,1,8,2,1,4,2,1,2,1,1,2,2,1,2,2,2,2,2,1,2,2,2,2,2,2,2,2,2,1,2,1,0,0,0
2008,8,125,1,80181,1,8,1,2,1,1,6,1,4,1,2,2,2,2,2,1,2,2,1,2,3,2,2,2,2,2,2,2,2,2,2,0,0,0
2008,8,31,1,80183,1,8,2,2,1,2,4,2,1,2,1,1,1,2,2,2,1,2,2,2,3,2,2,2,2,2,2,2,2,2,2,0,0,0
2008,8,41,1,80184,1,8,1,1,4,2,1,2,1,1,1,2,1,2,2,2,2,2,1,2,2,2,2,2,2,2,2,2,1,2,2,0,0,0
2008,8,5,1,80185,1,8,2,1,1,2,1,2,2,2,2,2,2,2,2,2,2,2,2,2,3,2,2,2,2,2,1,1,2,2,2,0,0,0
2008,8,83,1,80186,1,8,2,2,1,1,3,1,4,1,1,2,2,2,1,2,2,2,2,2,3,2,2,2,2,1,2,2,2,2,2,0,0,0
2008,8,103,1,80187,1,8,1,2,1,2,4,2,1,1,1,2,1,2,1,2,2,2,2,2,2,2,2,2,2,2,2,2,1,2,2,0,0,0
2008,8,31,1,80188,1,8,2,1,1,2,1,2,2,1,1,2,2,2,2,2,2,2,2,2,3,1,1,1,1,1,2,1,2,2,2,0,0,0
2008,8,43,1,80189,1,8,1,2,1,2,3,2,1,1,2,2,1,2,2,2,2,2,1,2,1,2,2,2,2,2,2,2,1,2,2,0,0,0
2008,8,13,1,80190,1,8,2,2,1,1,3,1,1,1,2,2,1,1,2,2,2,1,2,2,3,2,2,2,2,2,2,2,2,2,2,0,0,0
2008,8,123,1,80191,1,8,1,1,1,2,1,3,1,2,2,2,2,2,2,2,2,2,1,2,3,2,2,2,2,2,1,1,2,2,2,0,0,0
2008,8,43,1,80192,1,8,1,2,4,2,5,2,1,1,2,2,1,2,1,2,2,2,2,2,2,2,2,2,2,1,2,2,1,2,2,0,0,0
2008,8,59,1,80193,1,8,2,2,2,2,5,2,1,2,2,2,1,2,1,1,2,2,2,2,1,2,2,2,2,2,1,1,1,2,2,0,0,0
2008,8,59,1,80194,1,8,2,2,1,1,3,1,4,1,1,2,2,2,1,2,2,2,2,2,3,2,2,2,2,1,2,2,2,1,2,0,0,0
2008,8,101,1,80195,1,8,2,2,1,1,3,1,3,2,1,2,3,2,1,1,2,2,2,2,3,2,2,2,2,2,1,1,2,2,2,0,0,0
2008,8,59,1,80196,1,8,2,2,1,1,3,1,3,1,2,2,2,2,2,2,2,2,2,2,3,2,2,2,2,1,2,2,2,2,2,0,0,0
2008,8,5,1,80197,1,8,2,2,1,1,3,1,4,2,1,2,2,2,2,2,2,2,2,2,3,2,2,1,1,2,1,1,2,2,2,0,0,0
2008,8,45,1,80198,1,8,1,2,4,2,5,2,1,1,1,2,1,2,2,2,2,2,1,2,1,2,2,2,2,2,2,2,1,2,2,0,0,0
2008,8,121,1,80199,1,8,1,2,1,2,3,2,4,1,1,2,2,2,2,1,2,2,2,2,3,1,1,1,1,2,2,1,1,2,1,0,0,0
2008,8,93,2,80200,1,8,1,2,1,2,3,2,3,1,1,2,2,2,2,2,2,2,2,2,2,2,2,2,2,1,2,2,1,2,2,0,0,0
2008,8,7,1,80201,1,8,1,2,4,2,3,2,1,1,2,2,1,2,1,2,2,2,2,2,3,2,2,2,2,1,2,2,1,2,2,0,0,0
2008,8,113,1,80202,1,8,1,2,4,2,4,2,1,1,1,2,1,2,2,2,2,2,1,2,2,2,2,2,2,1,2,2,1,2,1,0,0,0
2008,8,123,2,80203,1,8,1,2,1,2,4,2,3,2,2,2,3,2,2,1,2,2,1,2,3,2,2,2,2,2,2,2,1,2,2,0,0,0
2008,8,125,1,80204,1,8,1,2,4,2,5,2,1,2,2,2,1,2,2,1,2,2,1,2,1,2,2,2,2,2,2,2,1,2,2,0,0,0
2008,8,41,1,80205,1,8,2,2,4,1,4,1,1,2,2,2,2,2,2,1,2,2,2,1,1,1,1,1,1,2,2,1,2,2,2,0,0,0
2008,8,39,1,80206,1,8,1,2,4,2,5,2,1,1,2,2,1,2,2,2,2,2,2,2,2,1,1,1,1,2,2,1,1,2,1,0,0,0
2008,8,41,1,80207,1,8,1,1,3,2,1,2,1,2,2,2,1,2,2,2,2,2,1,2,2,2,2,2,2,2,2,2,1,2,2,0,0,0
2008,8,113,1,80208,1,8,1,2,1,2,4,2,4,1,1,2,2,2,2,2,2,2,1,2,3,1,1,1,1,2,2,1,1,1,2,0,0,0
2008,8,59,1,80209,1,8,2,2,1,1,4,1,4,1,1,2,2,2,2,2,2,2,2,2,3,2,2,2,2,1,2,2,2,2,2,0,0,0
2008,8,5,1,80210,1,8,2,2,1,1,3,1,1,2,1,2,2,2,1,2,2,2,2,2,3,1,1,1,1,2,2,1,2,2,2,0,0,0
2008,8,79,1,80211,1,8,1,2,1,2,3,2,1,1,2,2,1,2,1,1,2,2,2,2,3,2,2,2,2,2,2,2,2,2,2,0,0,0
2008,8,69,1,80212,1,8,2,2,4,2,4,2,1,2,2,2,1,2,2,2,2,2,1,2,1,2,2,2,2,2,2,2,1,2,2,0,0,0
2008,8,1,1,80213,1,8,2,2,1,2,6,2,1,1,2,2,1,2,1,1,2,2,2,2,2,2,2,2,2,2,2,2,2,2,2,0,0,0
2008,8,123,1,80214,1,8,1,2,1,2,6,2,1,2,2,2,1,2,2,1,2,2,1,2,1,2,2,2,2,2,1,1,1,2,2,0,0,0
2008,8,41,1,80215,1,8,2,2,1,1,3,1,2,2,2,2,2,2,2,2,2,2,2,2,3,2,2,2,2,2,1,1,2,2,2,0,0,0
2008,8,13,1,80216,1,8,2,2,1,2,3,3,4,1,2,2,2,2,2,2,2,2,2,2,3,2,2,2,2,1,2,2,1,2,2,0,0,0
2008,8,59,1,80217,1,8,2,2,1,2,3,2,1,2,1,2,1,2,1,2,2,2,2,2,3,2,2,2,2,2,2,2,2,1,2,0,0,0
2008,8,19,1,80218,1,8,1,1,4,2,1,2,1,1,2,2,1,2,2,2,2,2,1,2,3,2,2,2,2,2,2,2,1,2,2,0,0,0
2008,8,89,2,80219,1,8,1,2,1,2,5,3,1,1,1,2,1,2,2,2,2,2,1,2,2,2,2,2,2,2,2,2,2,1,2,0,0,0
2008,8,57,1,80220,1,8,1,2,4,2,4,2,1,2,1,2,1,2,2,2,2,2,1,2,1,2,2,2,2,2,2,2,1,2,2,0,0,0
2008,8,85,1,80221,1,8,1,2,1,2,3,2,1,1,1,2,1,2,1,2,2,2,2,2,2,2,2,2,2,2,2,2,2,1,2,0,0,0
2008,8,1,1,80222,1,8,2,1,2,1,1,1,1,1,1,1,1,2,2,2,1,2,2,2,3,2,2,2,2,2,2,2,1,2,2,0,0,0
2008,8,1,1,80223,1,8,2,2,1,2,5,2,1,2,1,2,1,2,2,1,1,2,2,2,3,2,2,2,2,2,1,1,2,2,2,0,0,0
2008,8,13,1,80224,1,8,1,2,4,2,4,2,1,1,1,2,1,2,1,1,2,2,2,2,2,2,2,2,2,2,2,2,1,2,2,0,0,0
2008,8,31,1,80225,1,8,2,2,1,1,3,1,1,2,2,2,1,2,2,2,1,2,2,2,3,2,2,2,2,2,2,2,2,2,2,0,0,0
2008,8,73,2,80226,1,8,1,1,3,2,1,2,1,1,2,2,1,2,2,2,2,2,1,2,3,2,2,2,2,1,2,2,1,2,1,0,0,0
2008,8,71,1,80227,1,8,1,2,4,2,5,2,1,2,2,2,1,2,2,2,2,2,1,2,1,2,2,2,2,2,2,2,1,2,2,0,0,0
2008,8,5,3,80228,1,8,2,2,1,2,2,2,4,1,2,2,2,2,2,1,2,2,2,2,2,2,2,2,2,2,1,1,1,2,2,0,0,0
2008,8,45,1,80229,1,8,1,2,4,2,5,2,1,2,2,2,1,2,2,2,2,2,2,2,1,2,2,2,2,2,2,2,1,2,2,0,0,0
2008,8,123,1,80230,1,8,1,2,4,2,5,2,1,1,1,2,1,2,2,1,2,2,1,2,3,2,2,2,2,2,2,2,1,2,2,0,0,0
2008,8,67,1,80231,1,8,1,2,4,2,5,2,1,2,1,2,1,2,2,2,2,2,1,2,2,2,2,2,2,2,2,2,1,2,1,0,0,0
2008,8,1,1,80232,1,8,1,2,1,2,5,2,1,1,1,2,1,1,2,2,2,2,1,2,2,2,2,2,2,2,2,2,1,2,1,0,0,0
2008,8,35,1,80233,1,8,2,2,1,1,5,1,1,2,1,2,1,2,2,2,2,2,2,2,3,2,2,2,2,2,1,1,2,2,2,0,0,0
2008,8,91,1,80234,1,8,1,2,2,2,3,2,1,1,1,1,1,2,2,2,2,1,2,2,2,2,2,2,2,2,2,2,1,2,2,0,0,0
2008,8,57,1,80235,1,8,1,2,4,2,4,2,1,2,2,2,1,2,1,2,2,2,2,2,2,2,2,2,2,2,2,2,1,2,2,0,0,0
2008,8,31,1,80236,1,8,2,2,1,2,2,3,1,1,1,2,1,2,1,2,2,2,2,2,3,2,2,2,2,2,2,2,2,2,2,0,0,0
2008,8,31,1,80238,1,8,2,2,1,1,3,1,1,1,1,2,1,2,1,1,2,1,2,2,3,2,2,2,2,2,1,1,2,2,2,0,0,0
2008,8,5,2,80239,1,8,2,2,2,2,6,2,1,2,2,2,1,2,1,1,2,2,2,2,1,2,2,2,2,2,2,2,1,2,2,0,0,0
2008,8,31,1,80240,1,8,2,2,1,1,3,1,3,1,1,2,2,2,2,1,2,2,2,2,3,2,2,2,2,1,1,1,2,2,2,0,0,0
2008,8,37,1,80241,1,8,1,1,4,2,1,2,1,2,2,2,1,2,2,2,2,2,1,2,1,2,2,1,1,2,2,1,1,2,2,0,0,0
2008,8,13,1,80242,1,8,1,2,4,2,5,2,1,2,2,2,1,2,2,1,2,2,1,2,1,2,2,1,1,2,2,1,1,2,2,0,0,0
2008,8,91,1,80243,1,8,1,2,1,1,3,1,1,1,2,2,2,2,1,2,2,2,2,2,3,2,2,2,2,1,2,2,2,2,2,0,0,0
2008,8,41,2,80244,1,8,1,1,3,2,1,2,1,1,1,2,1,2,2,2,2,2,1,2,2,2,2,2,2,2,2,2,1,2,2,0,0,0
2008,8,41,1,80245,1,8,1,2,4,2,6,2,1,2,1,2,1,2,2,1,2,2,1,2,2,1,1,1,1,2,2,1,1,2,2,0,0,0
2008,8,1,1,80246,1,8,2,2,1,2,6,2,1,1,1,2,1,2,2,2,2,1,2,2,3,1,1,1,1,2,2,1,2,1,2,0,0,0
2008,8,69,1,80247,1,8,2,2,2,2,4,2,1,2,1,2,1,2,2,2,2,1,2,2,1,2,2,1,1,2,2,1,1,2,2,0,0,0
2008,8,69,1,80248,1,8,1,2,4,2,5,2,1,1,1,2,1,2,2,1,2,2,1,2,2,2,2,2,2,2,2,2,1,2,1,0,0,0
2008,8,101,1,80249,1,8,2,2,1,2,3,3,4,1,1,2,2,2,1,1,2,2,2,2,1,1,1,1,1,2,2,1,2,2,2,0,0,0
2008,8,31,1,80250,1,8,2,1,4,2,1,3,1,2,1,2,1,2,1,1,2,2,2,2,2,2,2,2,2,2,2,2,1,2,2,0,0,0
2008,8,1,1,80251,1,8,2,2,1,1,3,1,4,1,2,2,2,2,2,2,2,2,2,2,3,2,2,2,2,2,2,2,2,2,2,0,0,0
2008,8,1,1,80252,1,8,2,2,1,1,3,1,4,2,1,2,2,2,2,1,2,2,1,2,3,1,1,1,1,2,2,1,2,2,2,0,0,0
2008,8,59,1,80253,1,8,2,2,1,1,3,1,3,1,1,2,2,2,2,2,2,2,2,2,3,1,1,1,1,2,2,1,2,2,2,0,0,0
2008,8,123,1,80254,1,8,2,2,1,2,3,2,2,1,2,2,2,2,1,1,2,2,2,2,3,2,2,2,2,2,2,2,2,1,2,0,0,0
2008,8,7,1,80255,1,8,1,2,4,2,5,2,1,1,1,2,1,2,2,1,2,2,1,2,2,1,1,1,1,2,2,1,1,2,2,0,0,0
2008,8,85,1,80256,1,8,1,2,1,1,3,1,4,1,1,2,2,2,2,2,2,2,2,2,3,2,2,2,2,1,2,2,2,2,2,0,0,0
2008,8,123,1,80257,1,8,1,2,1,1,4,1,4,1,1,2,2,2,2,2,2,2,1,2,1,2,2,2,2,1,2,2,2,2,2,0,0,0
2008,8,13,1,80258,1,8,1,2,1,2,3,2,1,1,2,2,2,2,1,2,2,2,2,2,1,2,2,2,2,2,2,2,2,2,2,0,0,0
2008,8,73,2,80259,1,8,1,1,4,2,1,3,1,2,2,2,1,2,2,2,2,2,1,2,2,2,2,2,2,2,1,1,1,1,2,0,0,0
2008,8,59,1,80260,1,8,2,2,1,1,3,1,1,2,2,2,1,2,1,1,2,2,2,2,1,2,2,2,2,2,2,2,2,2,2,0,0,0
2008,8,19,1,80261,1,8,1,2,4,2,5,2,1,2,1,2,1,2,2,2,2,2,1,2,2,2,2,2,2,2,2,2,1,1,2,0,0,0
2008,8,37,1,80262,1,8,1,2,4,2,4,2,1,2,2,2,1,2,1,1,2,2,2,2,3,2,2,2,2,2,2,2,1,2,2,0,0,0
2008,8,5,1,80263,1,8,2,2,1,1,4,1,3,1,1,2,2,1,2,2,2,2,2,2,3,2,2,2,2,2,2,2,2,2,2,0,0,0
2008,8,113,1,80264,1,8,1,2,1,2,4,2,1,1,1,2,1,2,2,2,2,2,1,2,2,2,2,2,2,2,2,2,1,2,2,0,0,0
2008,8,31,1,80265,1,8,2,2,1,2,3,2,1,1,1,2,1,2,2,2,1,2,2,2,3,2,2,2,2,2,2,2,2,2,2,0,0,0
2008,8,77,1,80266,1,8,1,2,1,1,3,1,4,1,1,2,2,2,1,1,2,2,2,2,3,2,2,2,2,2,1,1,2,2,2,0,0,0
2008,8,101,1,80267,1,8,2,2,2,2,3,2,1,1,2,2,1,2,1,2,2,2,2,2,3,2,2,2,2,1,2,2,1,2,2,0,0,0
2008,8,67,1,80268,1,8,2,2,1,1,4,1,3,2,1,2,2,2,1,1,2,2,2,2,3,2,2,2,2,2,1,1,2,2,2,0,0,0
2008,8,1,1,80269,1,8,2,2,1,1,3,1,3,1,1,2,2,2,2,2,2,2,2,2,3,2,2,2,2,1,2,2,2,2,2,0,0,0
2008,8,13,1,80270,1,8,1,2,4,2,4,2,1,1,1,2,1,2,2,1,2,2,2,2,3,2,2,2,2,2,2,2,1,2,2,0,0,0
2008,8,41,1,80271,1,8,2,2,1,2,3,3,4,2,1,1,2,2,1,2,2,2,2,2,1,2,2,2,2,2,2,2,2,2,2,0,0,0
2008,8,1,1,80272,1,8,2,2,1,2,3,2,1,2,2,1,1,2,2,2,1,2,2,2,3,2,2,2,2,2,2,2,2,2,2,0,0,0
2008,8,49,1,80273,1,8,1,2,1,2,3,2,3,1,1,2,2,1,2,2,2,2,2,2,3,2,2,2,2,2,2,2,1,2,2,0,0,0
2008,8,107,1,80274,1,8,1,2,4,2,3,2,1,1,1,2,1,2,2,2,2,2,2,2,1,2,2,2,2,2,1,1,1,2,2,0,0,0
2008,8,5,1,80275,1,8,2,2,3,2,3,2,1,2,1,2,1,2,1,2,2,2,2,2,3,2,2,1,1,2,2,1,1,2,2,0,0,0
2008,8,5,1,80276,1,8,2,2,4,2,5,2,1,2,2,2,1,2,2,1,2,2,1,2,1,2,2,2,2,2,1,1,1,2,2,0,0,0
2008,8,31,1,80277,1,8,2,2,4,1,4,1,1,2,1,2,1,2,2,1,2,2,2,2,3,2,2,2,2,2,1,1,2,2,2,0,0,0
2008,8,41,2,80278,1,8,2,2,1,1,5,1,1,2,1,2,1,2,2,1,2,1,2,2,3,2,2,2,2,2,2,2,2,2,2,0,0,0
2008,8,123,1,80279,1,8,1,2,4,2,5,2,1,2,1,2,1,2,2,1,2,2,2,2,1,2,2,2,2,2,2,2,1,2,2,0,0,0
2008,8,1,3,80280,1,8,2,1,2,1,1,1,1,2,2,2,1,2,2,1,2,2,1,2,1,2,2,2,2,2,1,1,1,2,2,0,0,0
2008,8,41,1,80281,1,8,2,2,1,1,3,1,4,1,2,2,2,2,1,2,2,2,2,2,3,2,2,2,2,2,2,2,2,2,2,0,0,0
2008,8,13,1,80282,1,8,1,2,4,2,4,2,1,1,2,2,1,2,1,1,2,2,2,2,3,2,2,2,2,2,2,2,1,2,2,0,0,0
2008,8,5,2,80283,1,8,2,2,4,2,3,2,1,2,2,2,1,2,2,1,2,2,2,2,1,2,2,2,2,2,2,2,1,2,2,0,0,0
2008,8,31,1,80284,1,8,2,2,1,1,3,1,4,2,1,2,2,2,1,1,2,2,2,2,3,1,1,1,1,2,2,1,2,2,2,0,0,0
2008,8,85,1,80285,1,8,1,2,4,2,5,2,1,1,1,2,1,2,1,2,2,2,2,2,2,2,2,2,2,1,2,2,1,2,2,0,0,0
2008,8,109,1,80286,1,8,1,2,4,2,3,2,1,2,1,2,1,2,2,2,2,2,1,2,2,1,1,1,1,2,2,1,1,1,2,0,0,0
2008,8,73,1,80287,1,8,1,2,1,2,4,2,3,1,1,2,2,1,2,2,2,2,2,2,3,1,1,1,1,2,2,1,1,2,1,0,0,0
2008,8,29,1,80288,1,8,1,2,1,1,4,1,1,1,1,2,2,2,1,2,2,2,2,2,3,2,2,2,2,2,1,1,2,2,2,0,0,0
2008,8,31,1,80289,1,8,2,2,1,1,3,1,4,2,1,2,2,2,2,1,1,2,1,2,3,2,2,2,2,2,2,2,2,2,2,0,0,0
2008,8,31,1,80290,1,8,2,2,1,1,3,1,4,1,1,2,2,2,1,2,2,2,2,2,3,2,2,2,2,2,1,1,2,2,2,0,0,0
2008,8,5,1,80291,1,8,2,2,2,2,6,2,1,2,2,2,1,2,1,2,2,2,2,2,1,2,2,2,2,2,2,2,1,2,2,0,0,0
2008,8,31,1,80292,1,8,2,2,1,2,3,2,3,1,1,2,3,2,2,1,2,2,2,2,1,1,1,1,1,2,2,1,1,2,2,0,0,0
2008,8,3,1,80293,1,8,1,2,4,2,3,2,1,1,1,2,1,2,2,1,2,2,2,2,3,2,2,2,2,2,2,2,1,2,1,0,0,0
2008,8,123,1,80294,1,8,2,2,3,2,2,3,1,2,2,2,1,2,2,1,2,2,1,2,1,2,2,2,2,2,2,2,1,2,2,0,0,0
2008,8,101,1,80295,1,8,2,2,2,2,3,2,1,2,1,2,1,2,2,2,2,2,2,2,3,2,2,2,2,2,2,2,1,2,2,0,0,0
2008,8,59,1,80296,1,8,2,2,1,2,3,2,1,2,2,2,1,2,1,1,2,2,2,2,1,2,2,2,2,2,2,2,2,2,2,0,0,0
2008,8,45,1,80297,1,8,1,1,4,2,1,2,1,1,2,2,1,2,2,2,2,2,1,2,3,2,2,2,2,2,2,2,1,1,2,0,0,0
2008,8,59,1,80298,1,8,1,2,4,2,5,2,1,2,2,2,1,2,1,1,2,2,2,2,1,2,2,2,2,2,2,2,1,2,2,0,0,0
2008,8,57,1,80299,1,8,1,2,1,2,6,2,4,1,1,2,2,2,1,1,2,2,2,2,3,2,2,2,2,2,2,2,1,2,2,0,0,0
2008,8,59,1,80300,1,8,2,2,1,1,3,1,4,1,1,2,2,2,2,2,2,2,2,2,3,2,2,1,1,2,1,1,2,2,2,0,0,0
2008,8,77,1,80301,1,8,1,2,4,2,5,2,1,2,1,2,1,2,2,1,2,2,1,2,1,2,2,2,2,2,2,2,1,2,2,0,0,0
2008,8,15,1,80302,1,8,1,2,4,2,5,2,1,2,2,2,1,2,2,1,2,2,1,2,1,2,2,1,1,2,2,1,1,2,2,0,0,0
2008,8,83,1,80303,1,8,1,2,4,2,3,2,1,1,2,2,1,2,2,1,2,2,1,2,1,2,2,2,2,2,2,2,1,2,2,0,0,0
2008,8,31,1,80304,1,8,2,1,4,2,1,3,1,1,2,2,1,2,1,1,2,2,2,2,3,2,2,2,2,2,2,2,1,2,2,0,0,0
2008,8,123,6,80305,1,8,1,2,1,2,5,2,4,1,2,2,2,1,2,2,2,2,1,2,2,2,2,2,2,2,2,2,1,1,2,0,0,0
2008,8,35,1,80306,1,8,1,2,4,2,4,2,1,1,2,2,1,2,1,1,2,2,2,2,2,2,2,2,2,2,2,2,1,2,2,0,0,0
2008,8,59,1,80307,1,8,2,2,4,2,3,2,1,1,1,2,1,2,2,2,2,2,2,2,2,2,2,2,2,2,2,2,1,2,2,0,0,0
2008,8,93,1,80308,1,8,1,2,1,2,3,2,1,1,1,2,2,1,1,1,2,2,2,2,3,2,2,2,2,2,2,2,2,2,2,0,0,0
2008,8,51,1,80309,1,8,1,2,4,2,3,2,1,2,2,2,1,2,2,1,2,2,1,2,2,2,2,2,2,2,2,2,1,2,2,0,0,0
2008,8,31,1,80310,1,8,2,2,1,2,2,3,2,1,1,2,1,2,2,2,1,2,2,2,3,2,2,2,2,2,2,2,2,1,2,0,0,0
2008,8,13,1,80311,1,8,1,2,4,2,5,2,1,2,1,2,1,2,2,2,2,2,1,2,2,2,2,2,2,2,2,2,1,2,2,0,0,0
2008,8,59,1,80312,1,8,2,1,1,2,1,3,4,1,1,2,2,2,2,1,2,2,1,2,3,2,2,2,2,2,1,1,2,2,2,0,0,0
2008,8,5,1,80313,1,8,2,2,1,1,3,1,2,1,1,2,3,2,1,2,2,2,2,2,1,1,1,1,1,2,1,1,2,1,2,0,0,0
2008,8,103,1,80314,1,8,1,2,4,2,4,3,1,1,2,2,1,2,1,2,2,2,2,2,1,2,2,2,2,2,2,2,1,2,2,0,0,0
2008,8,59,1,80315,1,8,2,2,1,1,3,1,4,1,2,2,2,2,1,2,2,2,2,2,3,2,2,2,2,2,2,2,2,2,2,0,0,0
2008,8,5,2,80316,1,8,2,2,1,2,2,2,3,1,2,2,3,2,2,2,2,2,1,2,3,2,2,2,2,2,2,2,2,2,2,0,0,0
2008,8,97,1,80317,1,8,1,2,1,2,5,2,1,2,2,2,1,2,2,1,2,2,1,2,3,2,2,2,2,2,2,2,1,2,2,0,0,0
2008,8,35,1,80318,1,8,2,2,1,2,3,2,4,1,1,2,2,2,2,2,2,2,2,2,3,2,2,2,2,2,2,2,2,2,2,0,0,0
2008,8,59,1,80319,1,8,2,2,1,1,3,1,4,1,1,1,3,2,2,2,2,2,2,2,3,2,2,2,2,2,2,2,2,2,2,0,0,0
2008,8,37,1,80320,1,8,1,1,1,2,1,3,2,1,1,2,2,2,2,2,2,2,2,2,3,2,2,2,2,1,2,2,2,2,2,0,0,0
2008,8,45,1,80321,1,8,2,2,1,1,3,1,4,1,2,2,2,2,2,2,2,2,2,2,3,2,2,2,2,2,1,1,2,2,2,0,0,0
2008,8,123,1,80322,1,8,1,2,1,1,5,1,4,1,1,2,3,2,2,2,2,2,1,2,3,1,1,1,1,2,2,1,2,2,2,0,0,0
2008,8,5,1,80323,1,8,2,2,4,2,6,2,4,2,2,2,1,2,2,1,1,2,2,2,3,2,2,2,2,2,1,1,1,2,2,0,0,0
2008,8,69,1,80324,1,8,1,2,1,2,3,2,3,1,1,2,3,1,2,2,2,2,2,2,3,2,2,2,2,2,2,2,1,1,2,0,0,0
2008,8,101,1,80325,1,8,2,2,1,2,4,3,4,1,1,2,2,2,2,1,2,2,2,2,3,2,2,2,2,1,2,2,2,2,2,0,0,0
2008,8,5,3,80326,1,8,2,2,1,2,3,3,4,2,1,1,2,2,2,1,2,2,2,2,2,2,2,2,2,2,1,1,2,2,2,0,0,0
2008,8,31,1,80327,1,8,2,2,1,2,3,2,1,2,2,2,1,2,2,2,1,2,2,2,3,2,2,2,2,2,2,2,2,2,2,0,0,0
2008,8,5,1,80328,1,8,1,1,4,2,1,2,1,1,2,2,1,2,2,2,2,2,1,2,1,2,2,2,2,2,2,2,1,2,2,0,0,0
2008,8,71,1,80329,1,8,1,2,1,2,5,2,3,1,1,2,2,2,2,2,2,2,2,2,3,2,2,2,2,2,2,2,1,2,1,0,0,0
2008,8,31,1,80330,1,8,2,2,1,2,3,2,1,1,1,1,1,2,2,2,2,1,2,2,3,2,2,2,2,2,2,2,2,2,2,0,0,0
2008,8,41,1,80331,1,8,2,2,1,2,5,2,1,1,2,2,1,2,1,1,2,2,2,2,2,2,2,1,1,2,2,1,2,2,2,0,0,0
2008,8,31,1,80332,1,8,2,2,2,2,3,3,1,2,2,2,1,2,1,2,2,2,2,2,3,2,2,2,2,2,2,2,1,2,2,0,0,0
2008,8,109,1,80333,1,8,1,2,4,2,5,2,1,2,2,2,1,2,1,1,2,2,2,2,1,2,2,2,2,2,2,2,1,2,2,0,0,0
2008,8,45,1,80334,1,8,1,1,4,2,1,3,1,2,2,2,1,2,2,2,2,2,1,2,3,2,2,2,2,2,1,1,1,2,1,0,0,0
2008,8,75,1,80335,1,8,2,1,1,2,1,3,1,2,1,2,1,2,2,2,2,2,1,2,1,2,2,2,2,2,2,2,1,2,1,0,0,0
2008,8,59,1,80336,1,8,2,2,1,2,2,2,3,2,1,2,2,2,2,2,2,2,2,2,1,2,2,2,2,2,1,1,2,2,2,0,0,0
2008,8,31,1,80337,1,8,2,2,1,1,4,1,4,2,2,2,2,2,2,1,2,2,2,2,3,2,2,2,2,2,1,1,2,2,2,0,0,0
2008,8,77,1,80338,1,8,2,2,1,2,5,3,4,1,1,2,2,2,1,1,2,2,2,2,3,1,1,1,1,2,2,1,2,2,2,0,0,0
2008,8,41,1,80339,1,8,2,2,1,1,3,1,4,1,1,2,2,2,2,2,2,2,2,2,3,2,2,2,2,2,2,2,2,2,2,0,0,0
2008,8,75,1,80340,1,8,1,2,4,2,5,2,1,1,1,2,1,2,2,1,2,2,1,2,2,1,1,1,1,2,2,1,1,2,2,0,0,0
2008,8,13,2,80341,1,8,1,2,1,2,4,2,4,2,2,2,2,2,2,1,2,2,1,2,3,1,1,1,1,2,2,1,1,2,2,0,0,0
2008,8,3,1,80342,1,8,1,2,4,2,5,3,1,1,1,2,1,2,2,1,2,2,1,2,2,2,2,2,2,1,2,2,1,2,2,0,0,0
2008,8,13,1,80343,1,8,2,2,1,1,3,1,4,1,2,2,2,2,2,2,2,2,2,2,1,1,1,1,1,1,2,1,2,2,2,0,0,0
2008,8,35,1,80344,1,8,1,1,1,2,1,2,3,2,2,2,2,1,2,1,2,2,2,2,1,2,2,2,2,2,2,2,1,2,2,0,0,0
2008,8,27,1,80345,1,8,1,2,1,2,5,2,4,1,1,2,2,1,2,2,2,2,2,2,1,2,2,2,2,2,2,2,1,2,2,0,0,0
2008,8,39,1,80346,1,8,1,1,2,2,1,2,5,1,1,2,1,1,2,2,1,2,2,2,3,2,2,2,2,2,1,1,1,2,2,0,0,0
2008,8,31,1,80347,1,8,2,2,1,1,3,1,4,2,2,2,2,2,2,2,2,2,2,2,3,2,2,2,2,1,1,1,2,2,1,0,0,0
2008,8,31,1,80348,1,8,2,2,1,2,5,2,1,1,1,2,1,2,2,2,1,2,2,2,3,2,2,2,2,2,2,2,2,2,2,0,0,0
2008,8,59,2,80349,1,8,1,2,4,2,4,2,1,1,2,2,1,2,1,1,2,2,2,2,2,2,2,2,2,2,2,2,1,2,2,0,0,0
2008,8,31,1,80350,1,8,2,2,1,2,3,2,3,2,2,2,2,2,2,2,2,2,2,2,1,2,2,2,2,2,1,1,1,2,2,0,0,0
2008,8,13,1,80351,1,8,2,2,1,1,6,1,1,2,2,2,1,2,2,2,2,1,2,2,3,2,2,2,2,2,2,2,2,2,2,0,0,0
2008,8,1,1,80352,1,8,1,2,1,1,5,1,4,2,1,2,2,2,2,2,2,2,1,2,3,2,2,2,2,2,2,2,2,2,2,0,0,0
2008,8,111,1,80353,1,8,1,2,4,2,3,2,1,2,2,2,1,2,2,1,2,2,1,2,1,2,2,2,2,2,2,2,1,2,2,0,0,0
2008,8,31,1,80354,1,8,2,2,1,1,3,1,3,2,1,2,2,2,1,2,2,2,2,2,1,2,2,2,2,2,1,1,2,2,2,0,0,0
2008,8,123,1,80355,1,8,1,2,1,2,4,2,3,1,1,2,2,2,2,2,2,2,2,2,2,2,2,2,2,2,2,2,1,2,2,0,0,0
2008,8,123,1,80356,1,8,2,2,1,1,4,1,3,1,1,1,2,2,1,2,2,2,2,2,3,2,2,2,2,2,1,1,2,2,2,0,0,0
2008,8,5,1,80357,1,8,2,2,1,2,6,2,1,1,1,2,1,2,2,2,1,2,2,2,3,1,1,1,1,2,2,1,2,2,2,0,0,0
2008,8,1,2,80358,1,8,1,2,1,2,4,2,4,1,1,2,2,2,2,2,2,2,2,2,1,2,2,2,2,2,1,1,1,1,2,0,0,0
2008,8,31,1,80359,1,8,2,2,1,2,2,2,2,2,1,2,2,2,2,1,2,2,2,2,3,2,2,1,1,1,2,1,2,2,2,0,0,0
2008,8,123,2,80360,1,8,1,2,4,1,4,1,1,2,2,2,1,2,2,1,2,2,2,2,1,2,2,2,2,2,2,2,1,2,2,0,0,0
2008,8,41,1,80361,1,8,1,2,4,2,3,2,1,1,1,2,1,2,2,2,2,2,2,2,3,2,2,2,2,2,2,2,1,2,1,0,0,0
2008,8,5,1,80362,1,8,2,2,2,2,5,3,1,1,2,2,1,2,2,2,2,2,2,2,1,2,2,2,2,2,2,2,1,1,2,0,0,0
2008,8,59,1,80363,1,8,2,2,1,2,4,2,1,2,1,2,1,2,2,2,1,2,2,2,3,2,2,2,2,2,2,2,2,2,2,0,0,0
2008,8,37,1,80364,1,8,2,2,1,1,3,1,1,2,1,1,1,2,2,2,1,2,2,2,2,2,2,2,2,2,2,2,2,2,2,0,0,0
2008,8,85,1,80365,1,8,1,2,4,2,4,2,1,1,1,2,1,2,2,2,2,2,1,2,2,2,2,2,2,2,2,2,1,2,1,0,0,0
2008,8,31,1,80366,1,8,2,2,4,2,4,2,1,2,1,2,1,2,2,1,2,2,2,2,1,2,2,2,2,2,2,2,1,2,2,0,0,0
2008,8,35,1,80367,1,8,2,2,2,2,6,2,1,2,2,2,1,2,1,1,2,2,2,2,1,2,2,2,2,2,2,2,1,2,2,0,0,0
2008,8,9,1,80368,1,8,1,2,1,2,3,2,3,2,2,2,2,1,2,2,2,2,2,2,3,2,2,2,2,1,2,2,1,2,1,0,0,0
2008,8,43,1,80369,1,8,1,2,4,2,5,2,1,2,2,2,1,2,2,1,2,2,1,2,1,2,2,2,2,2,2,2,1,1,2,0,0,0
2008,8,27,1,80370,1,8,1,2,4,2,4,2,1,1,2,2,1,2,1,2,2,2,2,2,1,2,2,2,2,2,2,2,1,2,2,0,0,0
2008,8,59,1,80371,1,8,2,2,1,2,5,2,1,1,2,2,1,2,2,2,2,2,2,2,3,2,2,2,2,2,2,2,2,2,2,0,0,0
2008,8,5,1,80372,1,8,2,2,1,1,5,1,4,1,1,2,2,2,2,2,2,2,2,2,3,2,2,2,2,1,2,2,2,2,2,0,0,0
2008,8,35,1,80373,1,8,2,2,1,1,3,1,1,1,1,2,2,2,1,1,2,2,2,2,3,2,2,2,2,2,2,2,2,2,2,0,0,0
2008,8,71,1,80374,1,8,1,1,3,2,1,2,1,1,1,2,1,2,2,2,2,2,1,2,2,1,1,1,1,2,2,1,1,2,2,0,0,0
2008,8,7,1,80375,1,8,1,2,4,2,4,2,1,1,1,2,1,2,2,2,2,2,1,2,3,2,2,2,2,1,2,2,1,2,2,0,0,0
2008,8,49,1,80376,1,8,1,2,4,2,3,2,1,1,2,2,1,2,2,1,2,2,1,2,3,2,2,2,2,2,2,2,1,2,2,0,0,0
2008,8,123,1,80377,1,8,1,1,1,2,1,2,2,1,1,2,2,1,2,1,2,2,2,2,3,2,2,2,2,2,2,2,2,1,2,0,0,0
2008,8,77,1,80378,1,8,1,2,1,2,4,2,3,1,1,2,2,2,1,2,2,2,2,2,3,1,1,1,1,2,2,1,1,2,2,0,0,0
2008,8,13,1,80379,1,8,2,2,2,2,2,3,1,1,1,2,1,2,2,1,2,2,2,2,3,2,2,2,2,1,2,2,1,2,2,0,0,0
2008,8,41,1,80380,1,8,2,2,1,1,3,1,2,2,1,1,2,2,1,2,2,2,2,2,2,2,2,2,2,2,2,2,2,2,2,0,0,0
2008,8,5,1,80381,1,8,1,1,1,2,1,2,1,1,1,2,1,2,2,2,2,2,1,2,3,2,2,2,2,2,2,2,2,2,2,0,0,0
2008,8,105,2,80382,1,8,1,2,4,2,5,2,1,2,2,2,1,2,1,2,2,2,2,2,3,2,2,2,2,2,1,1,1,2,2,0,0,0
2008,8,113,1,80383,1,8,1,2,4,2,6,2,1,2,2,2,1,2,2,1,2,2,1,2,1,2,2,1,1,2,2,1,1,2,2,0,0,0
2008,8,59,1,80384,1,8,1,2,1,1,4,1,1,1,2,2,2,2,1,1,2,2,2,2,1,2,2,2,2,2,2,2,2,2,2,0,0,0
2008,8,77,1,80385,1,8,2,2,1,1,4,1,4,1,2,2,2,2,2,1,2,2,2,2,3,2,2,2,2,2,1,1,2,2,2,0,0,0
2008,8,31,1,80386,1,8,2,2,1,2,3,2,1,2,2,2,1,2,2,2,1,2,2,2,3,2,2,2,2,2,1,1,2,2,2,0,0,0
2008,8,103,1,80387,1,8,1,2,4,2,4,3,1,1,1,2,1,1,2,2,2,2,1,2,2,2,2,2,2,2,2,2,1,2,2,0,0,0
2008,8,77,1,80388,1,8,1,2,1,2,4,2,4,1,1,2,2,1,2,1,2,2,2,2,3,2,2,2,2,2,2,2,1,2,2,0,0,0
2008,8,31,1,80389,1,8,2,2,1,2,3,2,1,2,1,2,1,2,2,2,1,2,2,2,3,2,2,2,2,2,2,2,2,2,2,0,0,0
2008,8,63,1,80390,1,8,1,1,2,2,1,2,1,2,1,2,2,1,2,2,2,2,2,2,3,2,2,2,2,2,2,2,1,2,1,0,0,0
2008,8,41,1,80391,1,8,2,2,4,2,2,2,1,2,2,2,1,2,1,1,2,2,2,2,1,2,2,2,2,2,2,2,1,2,2,0,0,0
2008,8,31,1,80392,1,8,2,2,1,1,3,1,1,1,1,2,1,2,2,2,1,2,2,2,3,2,2,2,2,2,2,2,2,2,2,0,0,0
2008,8,59,1,80393,1,8,2,2,4,2,4,2,1,1,1,2,1,2,2,2,2,2,1,2,3,2,2,2,2,1,2,2,1,2,2,0,0,0
2008,8,123,1,80394,1,8,1,2,1,2,4,2,3,1,1,2,2,1,2,2,2,2,2,2,3,2,2,2,2,2,2,2,1,1,2,0,0,0
2008,8,13,1,80395,1,8,2,2,2,2,3,2,1,1,1,2,1,2,2,1,2,2,1,2,1,2,2,2,2,2,2,2,1,2,2,0,0,0
2008,8,41,1,80396,1,8,2,2,1,2,3,2,4,2,2,2,2,2,2,2,2,2,2,2,1,2,2,2,2,2,2,2,1,2,2,0,0,0
2008,8,87,1,80397,1,8,1,2,4,1,6,1,1,2,2,2,1,2,2,2,2,2,1,2,3,1,1,1,1,2,2,1,2,1,2,0,0,0
2008,8,5,1,80398,1,8,2,2,1,2,5,2,1,2,2,1,1,2,2,2,1,2,2,2,2,2,2,2,2,2,2,2,2,2,2,0,0,0
2008,8,5,1,80399,1,8,2,2,1,1,3,1,4,2,2,2,2,2,2,2,2,2,2,2,1,2,2,1,1,2,2,1,2,2,2,0,0,0
2008,8,11,1,80400,1,8,1,2,1,2,5,3,1,1,1,2,1,2,2,2,2,2,2,2,3,2,2,2,2,2,1,1,2,2,2,0,0,0
2008,8,1,1,80401,1,8,2,2,1,2,2,2,1,2,1,2,1,2,2,2,1,2,2,2,3,2,2,2,2,2,2,2,2,2,2,0,0,0
2008,8,69,1,80402,1,8,1,2,4,2,4,2,1,1,2,2,1,2,2,1,2,2,1,2,2,2,2,2,2,1,2,2,1,1,2,0,0,0
2008,8,59,1,80403,1,8,2,2,1,1,3,1,1,1,1,2,1,2,2,2,1,2,2,2,3,2,2,2,2,2,2,2,2,2,2,0,0,0
2008,8,69,1,80404,1,8,2,2,1,1,3,1,1,1,1,2,1,2,2,2,2,2,2,2,3,2,2,2,2,2,2,2,2,2,2,0,0,0
2008,8,37,1,80405,1,8,1,1,1,2,1,3,4,2,2,2,3,1,2,2,2,2,2,2,3,2,2,2,2,2,2,2,2,2,2,0,0,0
2008,8,67,1,80406,1,8,1,2,1,2,3,2,1,2,2,2,2,1,2,2,2,2,1,2,3,2,2,2,2,2,2,2,2,2,2,0,0,0
2008,8,103,1,80407,1,8,1,2,4,2,4,2,1,2,2,2,1,2,2,2,2,2,1,2,3,2,2,2,2,2,2,2,1,2,2,0,0,0
2008,8,89,3,80408,1,8,1,2,1,2,5,3,1,1,1,2,1,2,2,2,2,2,1,2,2,1,1,1,1,2,2,1,2,2,2,0,0,0
2008,8,87,1,80409,1,8,1,1,4,2,1,2,1,1,2,2,1,2,2,2,2,2,1,2,2,2,2,2,2,2,2,2,1,2,1,0,0,0
2008,8,95,1,80410,1,8,1,2,4,2,3,2,1,1,1,2,1,2,2,1,2,2,1,2,3,2,2,2,2,1,2,2,1,2,2,0,0,0
2008,8,29,1,80411,1,8,1,2,4,2,6,2,1,2,1,2,1,2,2,1,2,2,1,2,1,2,2,2,2,2,1,1,1,2,2,0,0,0
2008,8,45,1,80412,1,8,1,1,3,2,1,2,1,1,1,2,1,2,2,2,2,2,1,2,3,2,2,1,1,2,2,1,1,1,2,0,0,0
2008,8,1,1,80413,1,8,2,1,1,2,1,3,2,2,1,2,2,2,1,2,2,2,2,2,3,1,1,1,1,2,2,1,2,2,2,0,0,0
2008,8,5,1,80414,1,8,2,2,4,1,4,1,1,2,1,2,1,2,2,2,2,2,2,2,2,1,1,1,1,2,2,1,2,1,2,0,0,0
2008,8,41,1,80415,1,8,2,2,3,2,4,2,1,1,2,2,1,2,1,2,2,2,2,2,2,2,2,2,2,2,2,2,1,2,2,0,0,0
2008,8,59,1,80416,1,8,2,2,1,1,3,1,1,1,2,2,1,2,1,2,2,2,2,2,3,2,2,2,2,2,2,2,2,1,2,0,0,0
2008,8,97,1,80417,1,8,1,2,1,2,4,2,4,2,2,2,2,2,2,1,2,2,2,2,3,2,2,1,1,2,2,1,1,2,2,0,0,0
2008,8,69,1,80418,1,8,2,2,4,2,5,2,1,2,2,2,1,2,2,1,2,2,2,2,1,2,2,2,2,2,1,1,1,2,2,0,0,0
2008,8,37,1,80419,1,8,1,2,4,2,5,2,1,2,1,2,1,2,2,1,2,2,1,2,3,2,2,2,2,2,1,1,1,2,2,0,0,0
2008,8,13,2,80420,1,8,1,2,1,2,3,2,3,1,1,2,2,2,2,2,2,2,2,2,1,2,2,2,2,2,2,2,1,2,2,0,0,0
2008,8,31,1,80421,1,8,2,2,1,2,3,2,1,1,1,2,1,2,1,2,2,2,2,2,2,2,2,2,2,2,2,2,2,2,2,0,0,0
2008,8,69,1,80422,1,8,1,2,4,2,3,2,1,1,1,2,1,2,2,1,2,2,1,2,3,2,2,2,2,2,1,1,1,2,1,0,0,0
2008,8,41,1,80423,1,8,1,2,4,2,4,2,1,2,2,2,1,2,2,2,2,2,1,2,1,2,2,2,2,2,2,2,1,2,2,0,0,0
2008,8,14,1,80424,1,8,2,1,1,2,1,3,1,2,2,2,1,1,2,2,1,2,2,2,3,2,2,2,2,2,2,2,2,2,2,0,0,0
2008,8,5,1,80425,1,8,2,2,4,2,3,2,1,2,1,2,1,2,2,1,2,2,2,2,2,2,2,2,2,2,1,1,1,2,2,0,0,0
2008,8,69,7,80426,1,8,2,1,3,2,1,2,1,2,1,2,1,2,2,2,2,2,2,2,2,2,2,2,2,2,2,2,1,2,1,0,0,0
2008,8,1,1,80427,1,8,1,2,4,2,5,2,1,2,1,2,1,2,2,1,2,2,1,2,1,2,2,2,2,2,1,1,1,2,2,0,0,0
2008,8,5,1,80428,1,8,2,2,4,2,2,2,1,2,2,2,1,2,2,1,2,2,1,2,1,2,2,2,2,2,2,2,1,2,2,0,0,0
2008,8,123,1,80429,1,8,1,1,3,2,1,2,1,2,2,2,1,2,2,1,2,2,1,2,2,2,2,2,2,2,2,2,1,2,2,0,0,0
2008,8,101,1,80430,1,8,1,2,1,2,3,2,3,1,2,2,2,1,2,2,2,2,2,2,3,1,1,1,1,1,2,1,1,1,2,0,0,0
2008,8,41,1,80431,1,8,2,1,2,2,1,3,2,1,1,2,2,1,2,1,2,2,1,2,3,1,1,1,1,2,2,1,1,1,2,0,0,0
2008,8,41,1,80432,1,8,2,2,2,1,3,1,1,1,1,2,2,2,1,1,2,2,2,2,3,2,2,2,2,2,1,1,2,2,2,0,0,0
2008,8,59,1,80433,1,8,2,2,2,2,2,2,1,1,1,2,3,2,2,1,2,2,1,2,1,2,2,2,2,2,1,1,1,2,2,0,0,0
2008,8,1,1,80434,1,8,2,2,1,2,6,2,2,1,1,2,3,2,1,2,2,2,2,2,3,1,2,1,2,2,1,1,2,1,2,0,0,0
2008,8,59,1,80435,1,8,2,2,1,1,6,1,4,1,1,2,2,2,2,2,2,2,2,2,3,1,1,1,1,2,2,1,2,2,2,0,0,0
2008,8,1,1,80436,1,8,2,1,1,2,1,2,2,1,1,2,2,2,2,2,2,2,2,2,3,2,2,2,2,1,2,2,2,2,2,0,0,0
2008,8,5,1,80437,1,8,2,2,2,2,6,2,1,2,1,2,1,2,2,1,2,2,1,2,1,1,1,1,1,2,2,1,1,2,2,0,0,0
2008,8,83,1,80438,1,8,2,2,1,1,3,1,4,1,1,2,2,2,1,2,2,2,2,2,3,1,1,1,1,2,2,1,2,2,2,0,0,0
2008,8,69,1,80439,1,8,2,2,1,2,6,2,1,1,1,2,1,2,2,2,2,1,2,2,3,2,2,2,2,2,2,2,1,1,2,0,0,0
2008,8,5,1,80440,1,8,2,2,2,1,5,1,1,1,1,2,1,1,2,2,2,2,2,2,3,2,2,2,2,2,2,2,2,2,2,0,0,0
2008,8,41,1,80441,1,8,2,2,3,2,4,3,1,2,2,2,1,2,1,1,2,2,2,2,3,2,2,2,2,2,2,2,1,2,2,0,0,0
2008,8,1,1,80442,1,8,2,2,1,2,6,3,1,2,1,2,1,1,2,2,2,2,1,2,2,2,2,2,2,2,2,2,2,2,2,0,0,0
2008,8,41,1,80443,1,8,2,1,1,2,1,2,3,2,1,2,2,1,2,2,2,2,2,2,1,2,2,2,2,2,1,1,1,2,2,0,0,0
2008,8,31,1,80444,1,8,2,1,4,2,1,3,1,2,1,2,1,2,2,2,2,2,2,2,1,2,2,2,2,2,1,1,1,2,1,0,0,0
2008,8,23,3,80445,1,8,1,2,1,1,6,1,4,1,1,2,2,2,2,2,2,2,2,2,1,2,2,2,2,1,2,2,2,2,2,0,0,0
2008,8,35,1,80446,1,8,2,2,1,2,3,2,3,1,1,2,3,2,2,2,2,2,1,2,3,1,1,1,1,2,2,1,1,2,2,0,0,0
2008,8,119,1,80447,1,8,1,2,1,1,4,1,2,1,2,2,3,2,2,2,2,2,2,2,3,2,2,2,2,1,2,2,2,2,2,0,0,0
2008,8,41,2,80448,1,8,2,2,1,2,5,2,2,1,2,2,2,2,1,1,2,2,2,2,3,1,1,1,1,2,2,1,2,2,2,0,0,0
2008,8,71,1,80449,1,8,1,2,4,2,4,2,1,2,2,2,1,2,2,1,2,2,1,2,2,1,1,1,1,2,2,1,1,2,2,0,0,0
2008,8,125,1,80450,1,8,1,2,4,1,6,1,1,2,1,2,1,2,2,1,2,2,1,2,3,2,2,2,2,2,2,2,2,2,2,0,0,0
2008,8,5,2,80451,1,8,2,2,1,1,3,1,4,1,1,2,2,2,2,2,2,2,2,2,3,2,2,2,2,1,2,2,2,2,2,0,0,0
2008,8,59,1,80452,1,8,1,2,4,2,4,2,1,2,2,2,1,2,2,1,2,2,1,1,1,2,2,2,2,2,2,2,1,2,2,0,0,0
2008,8,59,1,80453,1,8,2,1,4,2,1,2,1,2,2,2,1,2,2,1,2,2,1,2,3,1,1,1,1,2,2,1,1,2,2,0,0,0
2008,8,13,1,80454,1,8,1,2,4,2,3,2,1,1,2,2,1,2,2,1,2,2,1,2,2,2,2,2,2,2,2,2,1,2,2,0,0,0
2008,8,29,1,80455,1,8,1,2,1,2,4,2,3,1,1,2,2,2,2,2,2,2,1,2,3,2,2,2,2,1,2,2,1,2,2,0,0,0
2008,8,25,1,80456,1,8,1,2,4,2,4,2,1,1,1,2,1,2,2,2,2,2,1,2,3,2,2,2,2,1,2,2,1,2,2,0,0,0
2008,8,103,1,80457,1,8,1,2,4,2,4,2,1,2,1,2,1,2,2,1,2,2,1,2,3,2,2,2,2,2,2,2,1,2,2,0,0,0
2008,8,55,1,80458,1,8,1,2,1,2,3,2,1,2,1,2,1,2,2,2,1,2,2,2,3,2,2,2,2,2,2,2,2,2,2,0,0,0
2008,8,69,2,80459,1,8,1,2,1,2,3,2,4,1,1,2,3,2,2,1,2,2,1,2,3,2,2,2,2,2,2,2,1,2,2,0,0,0
2008,8,101,1,80460,1,8,1,1,4,2,1,2,1,1,1,2,1,2,2,2,2,2,1,2,2,2,2,2,2,1,2,2,1,2,1,0,0,0
2008,8,123,2,80461,1,8,1,1,1,2,1,2,1,2,1,2,3,2,2,1,2,2,1,2,1,2,2,2,2,2,1,1,2,2,2,0,0,0
2008,8,31,1,80462,1,8,2,2,1,2,4,2,1,2,2,1,1,2,2,2,1,2,2,2,3,2,2,2,2,2,2,2,2,1,2,0,0,0
2008,8,31,1,80463,1,8,2,2,1,1,3,1,1,2,2,2,1,2,2,2,1,2,2,2,3,2,2,2,2,2,2,2,2,2,2,0,0,0
2008,8,41,1,80464,1,8,1,2,1,2,4,3,4,2,1,2,2,1,2,2,2,2,2,2,3,2,2,2,2,1,2,2,1,2,2,0,0,0
2008,8,1,1,80465,1,8,2,1,1,2,1,2,1,2,2,2,1,2,2,2,1,2,2,2,3,2,2,2,2,2,2,2,2,2,2,0,0,0
2008,8,123,1,80466,1,8,1,2,4,2,4,2,1,2,1,2,1,2,2,1,2,2,2,2,2,1,1,1,1,2,2,1,1,2,2,0,0,0
2008,8,81,1,80467,1,8,1,2,1,2,4,2,3,1,1,2,2,2,2,2,2,2,2,2,3,2,2,1,1,2,2,1,1,2,2,0,0,0
2008,8,101,3,80468,1,8,1,2,1,2,3,2,3,1,2,2,2,2,2,2,2,2,2,2,2,1,1,1,1,2,2,1,1,2,1,0,0,0
2008,8,99,2,80469,1,8,1,2,4,2,5,2,1,2,2,2,1,2,2,1,2,2,1,2,1,2,2,2,2,2,1,1,1,2,2,0,0,0
2008,8,39,1,80470,1,8,1,2,4,1,6,1,1,2,2,2,1,2,2,1,2,2,1,2,1,2,2,2,2,2,2,2,2,2,2,0,0,0
2008,8,35,1,80471,1,8,1,2,1,2,3,2,1,1,2,1,3,2,1,1,2,2,2,2,3,2,2,2,2,1,2,2,2,2,2,0,0,0
2008,8,35,1,80472,1,8,2,2,1,1,4,1,1,2,2,2,1,2,2,2,1,2,2,2,3,2,2,2,2,2,2,2,2,2,2,0,0,0
2008,8,75,1,80473,1,8,2,2,1,2,3,2,1,2,2,2,1,2,2,2,1,2,2,2,3,2,2,2,2,2,2,2,2,2,2,0,0,0
2008,8,35,1,80474,1,8,2,2,2,2,4,2,1,1,2,2,1,2,2,2,2,2,1,2,3,2,2,2,2,2,2,2,1,2,2,0,0,0
2008,8,41,1,80475,1,8,2,2,1,1,4,1,1,1,1,2,1,2,1,1,2,2,2,2,3,2,2,2,2,2,2,2,2,2,2,0,0,0
2008,8,5,1,80476,1,8,2,2,2,2,6,2,1,2,2,2,1,2,2,1,2,2,2,2,3,2,2,2,2,2,2,2,1,2,2,0,0,0
2008,8,1,1,80477,1,8,2,2,1,1,3,1,4,1,1,2,3,2,2,2,2,2,2,2,3,2,2,2,2,2,2,2,2,1,2,0,0,0
2008,9,9,1,90001,1,1,2,2,4,2,3,2,1,2,2,2,1,2,2,1,2,2,1,2,1,2,2,2,2,2,2,2,1,2,2,0,0,0
2008,9,9,1,90002,1,1,2,2,3,2,2,2,1,2,2,2,1,2,2,2,2,2,1,2,1,2,2,2,2,2,2,2,1,2,2,0,0,0
2008,9,3,1,90003,1,1,2,2,1,2,3,2,3,2,2,2,2,2,2,2,2,2,2,2,1,2,2,2,2,2,2,2,1,2,2,0,0,0
2008,9,9,2,90004,1,1,2,2,4,2,6,2,1,2,2,2,1,2,2,1,2,2,1,2,2,1,1,1,1,2,2,1,1,2,2,0,0,0
2008,9,9,3,90005,1,1,2,2,1,2,2,2,5,2,2,2,2,2,2,2,2,2,2,2,1,2,2,2,2,2,2,2,2,2,2,0,0,0
2008,9,1,1,90006,1,1,2,1,3,2,1,3,1,2,2,2,1,2,2,1,2,2,1,2,1,2,2,2,2,2,2,2,1,2,2,0,0,0
2008,9,3,1,90007,1,1,1,2,4,2,6,3,1,1,1,2,1,1,2,2,1,2,2,2,2,2,2,2,2,2,2,2,2,2,2,0,0,0
2008,9,1,1,90008,1,1,1,2,4,2,6,2,1,1,1,2,1,2,2,2,2,2,2,2,2,2,2,2,2,1,2,2,1,2,2,0,0,0
2008,9,3,1,90009,1,1,2,2,1,2,6,2,1,1,1,2,1,2,2,2,1,2,2,2,2,2,2,2,2,2,2,2,2,2,2,0,0,0
2008,9,1,2,90010,1,1,2,2,1,2,3,2,3,1,1,2,2,2,2,2,2,2,2,2,1,2,2,2,2,1,2,2,1,2,2,0,0,0
2008,9,3,1,90011,1,1,2,2,4,2,4,2,1,2,2,2,1,2,2,2,2,2,2,2,2,2,2,2,2,2,1,1,1,2,2,0,0,0
2008,9,9,2,90012,1,1,2,2,4,2,6,2,1,2,1,2,1,2,2,2,2,2,2,2,2,1,1,1,1,2,2,1,1,2,2,0,0,0
2008,9,9,2,90013,1,1,2,2,4,2,4,2,1,1,2,2,1,2,2,2,2,2,1,2,3,2,2,2,2,1,2,2,1,2,2,0,0,0
2008,9,1,2,90014,1,1,2,2,1,2,4,2,2,1,2,2,3,2,2,1,2,2,2,2,3,2,2,2,2,2,2,2,2,2,2,0,0,0
2008,9,1,1,90015,1,1,2,1,3,2,1,2,1,2,1,2,1,2,2,1,2,2,1,2,3,2,2,2,2,2,2,2,1,2,2,0,0,0
2008,9,1,1,90016,1,1,2,1,1,2,1,2,1,2,2,2,1,2,2,2,1,2,2,1,3,2,2,2,2,2,2,2,2,2,2,0,0,0
2008,9,1,1,90017,1,1,2,2,1,2,3,2,3,1,2,2,2,2,2,2,2,2,2,2,1,2,2,2,2,2,2,2,1,2,2,0,0,0
2008,9,13,1,90018,1,1,1,2,1,2,3,2,3,1,2,2,2,2,2,2,2,2,2,2,1,2,2,2,2,2,2,2,1,2,2,0,0,0
2008,9,3,1,90019,1,1,2,1,3,2,1,2,1,1,1,2,1,2,2,2,2,2,1,2,1,2,2,2,2,2,2,2,1,2,2,0,0,0
2008,9,1,1,90020,1,1,2,2,4,2,2,2,1,2,2,2,1,2,2,1,2,2,1,2,1,2,2,2,2,2,2,2,1,2,2,0,0,0
2008,9,3,1,90021,1,1,2,2,1,1,4,1,4,1,1,2,2,2,2,2,2,2,2,2,3,2,2,2,2,1,2,2,2,2,2,0,0,0
2008,9,1,1,90022,1,1,2,2,1,1,5,1,3,1,1,2,2,2,2,2,2,2,2,2,1,2,2,2,2,2,2,2,2,2,2,0,0,0
2008,9,11,1,90023,1,1,1,2,1,2,5,2,3,1,1,2,2,2,2,2,2,2,2,2,3,2,2,2,2,2,1,1,1,2,2,0,0,0
2008,9,15,1,90024,1,1,1,2,4,2,4,2,1,2,1,2,1,2,2,1,2,2,1,2,2,1,2,1,2,2,2,2,1,2,2,0,0,0
2008,9,13,1,90025,1,1,1,2,4,2,6,2,1,1,2,2,1,2,2,1,2,2,2,2,1,2,2,2,2,2,2,2,1,2,2,0,0,0
2008,9,13,1,90026,1,1,1,2,4,2,5,2,1,2,1,2,1,2,2,1,2,2,1,2,2,1,1,1,1,2,2,1,1,2,2,0,0,0
2008,9,9,1,90027,1,1,2,2,1,2,3,2,3,1,1,2,2,2,2,2,2,2,2,2,3,2,2,1,1,1,2,1,1,2,2,0,0,0
2008,9,3,1,90028,1,1,2,2,1,2,3,2,4,2,2,2,2,2,1,2,2,2,2,2,3,2,2,2,2,2,1,1,1,2,2,0,0,0
2008,9,3,2,90029,1,1,2,2,4,2,6,2,1,2,1,2,1,2,2,1,2,2,2,2,3,2,2,2,2,2,1,1,1,2,2,0,0,0
2008,9,15,1,90030,1,1,2,1,3,2,1,3,1,2,2,2,1,1,2,2,2,2,1,2,2,2,2,2,2,2,2,2,1,2,2,0,0,0
2008,9,3,1,90031,1,1,2,2,1,2,3,2,1,1,1,2,1,2,2,2,1,2,2,2,2,2,2,2,2,2,2,2,2,2,2,0,0,0
2008,9,9,1,90032,1,1,2,2,4,2,4,2,1,2,2,1,1,2,2,1,2,2,1,2,3,1,1,1,1,2,2,1,1,2,2,0,0,0
2008,9,9,1,90033,1,1,2,2,1,1,4,1,4,1,1,2,3,2,2,2,2,2,2,2,3,1,1,1,1,1,2,1,2,2,2,0,0,0
2008,9,15,1,90034,1,1,2,1,4,2,1,2,1,2,2,2,1,2,2,2,2,2,1,2,1,2,2,2,2,1,2,2,1,2,2,0,0,0
2008,9,1,1,90035,1,1,1,2,1,2,4,2,1,2,2,2,1,2,1,1,2,2,2,2,1,2,2,2,2,2,2,2,2,2,2,0,0,0
2008,9,9,1,90036,1,1,2,1,4,2,1,3,1,1,2,2,1,2,1,1,2,2,2,2,2,2,2,2,2,2,2,2,1,2,2,0,0,0
2008,9,15,1,90037,1,1,2,2,4,2,6,2,1,1,2,2,1,2,2,2,2,2,1,2,3,2,2,2,2,2,1,1,1,2,2,0,0,0
2008,9,3,1,90038,1,1,2,1,4,2,1,2,1,1,1,2,1,2,2,2,2,2,2,2,2,2,2,2,2,2,2,2,1,2,2,0,0,0
2008,9,3,1,90039,1,1,2,2,1,1,4,1,1,2,1,2,1,2,2,2,1,2,2,2,3,2,2,2,2,2,2,2,2,2,1,0,0,0
2008,9,15,1,90040,1,1,2,2,4,2,5,2,1,1,1,2,1,2,1,2,2,2,2,2,2,2,2,2,2,2,2,2,1,2,2,0,0,0
2008,9,9,1,90041,1,1,2,2,1,1,3,1,1,1,2,2,1,2,2,2,1,2,2,2,3,2,2,2,2,2,2,2,2,2,2,0,0,0
2008,9,11,1,90042,1,1,2,2,1,2,4,2,5,2,2,2,3,2,1,2,2,2,2,2,1,2,2,2,2,2,2,2,1,2,2,0,0,0
2008,9,3,1,90043,1,1,2,2,1,2,4,2,3,1,1,2,1,2,2,1,2,2,1,2,3,2,2,2,2,2,1,1,1,2,2,0,0,0
2008,9,1,1,90044,1,1,2,2,4,2,4,2,1,2,1,2,1,2,2,2,2,2,2,2,1,2,2,2,2,2,2,2,1,2,2,0,0,0
2008,9,9,1,90045,1,1,2,2,1,2,4,3,4,1,1,2,2,2,2,2,2,2,2,2,3,2,2,2,2,1,2,2,2,2,2,0,0,0
2008,9,9,1,90046,1,1,2,2,1,1,3,1,1,1,1,2,1,2,2,2,1,2,2,2,3,2,2,2,2,2,2,2,2,2,2,0,0,0
2008,9,9,1,90047,1,1,2,1,4,2,1,3,1,2,1,2,1,2,1,2,2,2,2,2,1,2,2,2,2,2,2,2,2,2,2,0,0,0
2008,9,13,1,90048,1,1,1,2,1,2,5,2,1,2,2,2,1,2,2,2,1,2,2,2,2,2,2,2,2,2,2,2,2,2,2,0,0,0
2008,9,3,1,90049,1,1,2,2,4,2,4,2,1,2,2,2,1,2,1,2,2,2,2,2,2,2,2,2,2,2,2,2,1,2,2,0,0,0
2008,9,11,1,90050,1,1,2,2,4,2,5,2,1,1,1,2,1,2,1,2,2,2,2,2,2,2,2,1,1,2,2,1,1,2,2,0,0,0
2008,9,9,1,90051,1,1,2,2,1,1,5,1,1,1,1,2,1,2,2,2,2,1,2,2,2,2,2,2,2,2,2,2,2,2,2,0,0,0
2008,9,11,2,90052,1,1,2,2,4,2,6,2,1,2,1,2,1,2,1,2,2,2,2,2,1,2,2,2,2,2,2,2,1,2,2,0,0,0
2008,9,11,1,90053,1,1,2,2,1,1,4,1,1,2,1,1,1,2,2,2,1,2,2,2,3,2,2,2,2,2,2,2,2,2,2,0,0,0
2008,9,3,1,90054,1,1,2,1,1,2,1,2,2,2,1,2,2,2,2,2,2,2,1,2,3,2,2,2,2,2,2,2,2,2,2,0,0,0
2008,9,7,1,90055,1,1,2,2,1,2,3,3,4,1,2,2,2,2,2,2,2,2,2,2,2,1,1,1,1,2,2,1,2,2,2,0,0,0
2008,9,1,1,90056,1,1,2,2,1,1,6,1,4,2,1,2,2,2,1,2,2,2,2,2,3,2,2,2,2,1,1,1,2,2,2,0,0,0
2008,9,3,2,90057,1,1,2,1,1,2,1,2,4,2,2,2,2,2,2,2,2,2,2,2,3,1,1,1,1,2,2,1,1,2,2,0,0,0
2008,9,9,1,90058,1,1,2,2,1,1,6,1,4,1,1,2,2,2,1,2,2,2,2,2,3,2,2,2,2,2,2,2,2,2,2,0,0,0
2008,9,3,2,90059,1,1,2,1,4,2,1,3,1,1,2,2,1,2,1,1,2,2,2,2,2,2,2,2,2,2,2,2,1,2,2,0,0,0
2008,9,9,1,90060,1,1,2,2,1,1,3,1,4,1,2,2,2,2,2,1,2,2,2,2,3,2,2,2,2,1,2,2,2,2,2,0,0,0
2008,9,15,2,90061,1,1,1,2,1,2,5,2,3,1,1,2,2,2,1,2,2,2,2,2,3,2,2,2,2,2,1,1,1,2,2,0,0,0
2008,9,3,1,90062,1,1,2,2,1,2,2,3,1,2,1,2,1,2,2,2,2,2,1,2,1,2,2,2,2,2,1,1,2,2,2,0,0,0
2008,9,7,1,90063,1,1,2,1,1,2,1,3,2,2,2,2,2,2,1,1,2,2,2,2,3,2,2,2,2,2,2,2,2,2,2,0,0,0
2008,9,3,1,90064,1,1,2,2,1,1,6,1,4,1,1,2,2,2,1,1,2,2,2,2,3,1,1,1,1,1,2,1,2,2,2,0,0,0
2008,9,9,1,90065,1,1,2,2,1,1,4,1,4,1,1,2,2,2,2,2,2,2,2,2,3,2,2,2,2,2,2,2,2,2,2,0,0,0
2008,9,3,1,90066,1,1,2,2,4,2,6,2,1,1,2,2,1,2,2,2,2,2,2,2,1,2,2,2,2,2,2,2,1,2,2,0,0,0
2008,9,3,1,90067,1,1,2,2,4,2,6,2,5,2,1,2,1,2,2,2,1,2,2,2,2,2,2,2,2,2,2,2,1,2,2,0,0,0
2008,9,9,1,90068,1,1,2,2,1,2,3,2,1,2,1,1,1,2,2,2,1,2,2,2,3,2,2,2,2,2,2,2,2,2,2,0,0,0
2008,9,1,1,90069,1,1,2,2,1,1,6,1,4,1,2,2,2,2,2,1,2,2,2,2,3,1,1,1,1,2,2,1,2,2,2,0,0,0
2008,9,1,1,90070,1,1,2,2,1,1,3,1,4,1,1,2,2,1,2,2,2,2,2,2,3,2,2,2,2,2,2,2,2,2,2,0,0,0
2008,9,15,1,90071,1,1,1,2,1,2,5,3,4,1,1,2,2,2,1,2,2,2,2,2,1,2,2,2,2,2,2,2,2,2,2,0,0,0
2008,9,13,1,90072,1,1,1,1,1,2,1,3,2,1,1,2,2,1,2,1,2,2,2,2,2,2,2,2,2,2,2,2,2,1,2,0,0,0
2008,9,3,1,90073,1,1,2,2,1,2,4,3,4,1,1,2,2,2,1,2,2,2,2,2,3,2,2,2,2,2,2,2,2,2,2,0,0,0
2008,9,13,1,90074,1,1,1,1,3,2,1,2,1,2,2,2,1,2,1,2,2,2,2,2,2,2,2,2,2,2,2,2,1,2,2,0,0,0
2008,9,1,1,90075,1,1,2,2,4,2,5,2,1,2,2,2,1,2,2,1,2,2,1,2,1,1,1,1,1,2,2,1,1,2,2,0,0,0
2008,9,1,1,90076,1,1,2,2,1,1,3,1,4,2,1,2,2,2,1,2,2,2,2,2,3,2,2,2,2,2,1,1,2,2,2,0,0,0
2008,9,15,1,90077,1,1,2,2,1,2,4,2,3,1,1,2,2,2,2,2,2,2,2,2,3,2,2,2,2,1,2,2,1,2,2,0,0,0
2008,9,9,1,90078,1,1,2,2,1,1,3,1,4,2,1,2,2,2,1,2,2,2,2,2,1,1,1,1,1,2,2,1,2,2,2,0,0,0
2008,9,7,1,90079,1,1,2,1,4,2,1,3,1,2,1,2,1,2,1,1,2,2,2,2,2,2,2,2,2,2,2,2,1,2,2,0,0,0
2008,9,3,1,90080,1,1,2,2,4,2,5,2,1,2,2,2,1,2,2,1,2,2,1,2,1,2,2,2,2,2,2,2,1,2,2,0,0,0
2008,9,11,1,90081,1,1,1,2,1,2,3,2,3,2,2,2,2,2,2,2,2,2,2,2,2,1,1,1,1,2,2,1,1,2,2,0,0,0
2008,9,11,1,90082,1,1,1,2,1,2,5,2,3,1,1,2,2,2,2,2,2,2,2,2,3,2,2,2,2,1,2,2,1,2,2,0,0,0
2008,9,3,1,90083,1,1,2,2,1,2,4,2,4,2,2,2,2,2,2,1,2,2,2,2,3,2,2,1,1,2,2,1,1,2,2,0,0,0
2008,9,7,1,90084,1,1,1,2,1,2,4,2,3,1,1,2,2,2,2,2,2,2,2,2,3,2,2,2,2,1,2,2,1,2,2,0,0,0
2008,9,13,1,90085,1,1,1,2,4,2,5,2,1,1,1,2,1,2,2,2,2,2,2,2,2,2,2,2,2,1,2,2,1,2,2,0,0,0
2008,9,9,1,90086,1,1,2,2,1,2,5,2,3,2,2,2,2,2,2,2,2,2,2,2,1,2,2,2,2,2,2,2,1,2,2,0,0,0
2008,9,11,1,90087,1,1,1,2,4,2,3,2,1,1,1,2,1,2,2,1,2,2,1,2,1,2,2,2,2,2,2,2,1,2,2,0,0,0
2008,9,9,1,90088,1,1,2,2,1,2,3,2,2,2,1,1,2,2,1,2,2,2,2,2,3,2,2,2,2,2,1,1,2,2,2,0,0,0
2008,9,1,1,90089,1,1,2,2,1,1,6,1,1,2,2,1,1,2,2,2,2,1,2,2,3,2,2,2,2,2,2,2,2,2,2,0,0,0
2008,9,1,1,90090,1,1,2,2,4,2,4,2,1,2,1,2,1,2,2,2,2,2,2,2,2,1,1,1,1,2,2,1,1,2,2,0,0,0
2008,9,15,1,90091,1,1,1,2,1,2,3,2,3,1,1,2,2,2,2,2,2,2,2,2,3,2,2,2,2,2,2,2,1,2,2,0,0,0
2008,9,9,1,90092,1,1,2,2,4,2,4,2,1,2,1,2,1,2,2,2,2,2,1,2,3,2,2,2,2,2,2,2,1,2,2,0,0,0
2008,9,1,1,90093,1,1,2,2,1,1,4,1,1,2,2,2,1,2,2,2,1,2,2,2,3,2,2,2,2,2,2,2,2,2,2,0,0,0
2008,9,5,1,90094,1,1,2,2,4,2,5,2,1,1,1,2,1,2,2,2,2,2,1,2,1,2,2,2,2,1,2,2,1,2,2,0,0,0
2008,9,9,1,90095,1,1,2,2,4,2,3,2,1,2,2,2,1,2,2,1,2,2,1,2,1,2,2,2,2,2,2,2,1,2,2,0,0,0
2008,9,9,1,90096,1,1,2,2,1,2,3,2,3,2,1,2,2,2,2,2,2,2,1,2,1,2,2,2,2,2,1,1,1,2,2,0,0,0
2008,9,9,1,90097,1,1,2,2,1,2,3,3,4,1,2,2,2,2,1,1,2,2,2,2,3,2,2,2,2,2,1,1,2,2,2,0,0,0
2008,9,9,1,90098,1,1,2,2,1,2,4,2,2,1,2,2,2,2,1,2,2,2,2,2,3,2,2,2,2,2,1,1,2,2,2,0,0,0
2008,9,9,1,90099,1,1,2,2,1,2,4,3,4,1,1,2,2,1,1,1,2,2,2,2,3,2,2,2,2,2,2,2,2,2,2,0,0,0
2008,9,1,1,90100,1,1,2,2,1,2,2,3,5,2,1,2,2,2,2,1,2,2,2,2,1,2,2,2,2,2,1,1,2,2,2,0,0,0
2008,9,1,1,90101,1,1,1,2,4,2,3,2,1,2,2,2,1,2,1,2,2,2,2,2,2,2,2,2,2,2,2,2,1,2,2,0,0,0
2008,9,1,1,90102,1,1,2,2,3,2,2,2,1,1,1,2,1,2,2,2,2,2,1,2,2,2,2,2,2,2,2,2,1,2,2,0,0,0
2008,9,3,1,90103,1,1,2,2,1,2,3,2,1,2,1,2,1,2,2,2,1,2,2,2,2,2,2,2,2,2,2,2,2,2,2,0,0,0
2008,9,9,1,90104,1,1,2,2,4,2,4,2,1,2,1,2,1,2,2,1,2,2,2,2,1,2,2,1,1,2,2,1,1,2,2,0,0,0
2008,9,9,1,90105,1,1,2,2,2,2,4,2,1,1,2,1,1,2,2,2,1,2,2,2,1,2,2,2,2,2,2,2,1,1,2,0,0,0
2008,9,3,1,90106,1,1,2,2,1,1,3,1,1,2,2,1,1,2,2,2,1,2,2,2,2,2,2,2,2,2,1,1,2,2,2,0,0,0
2008,9,9,1,90107,1,1,2,2,1,2,3,2,1,2,1,2,1,2,2,2,2,2,2,2,2,2,2,2,2,2,2,2,2,2,2,0,0,0
2008,9,1,1,90108,1,1,2,2,4,2,5,2,1,2,2,2,1,2,2,2,2,2,1,2,2,1,1,1,1,2,2,1,1,2,2,0,0,0
2008,9,13,1,90109,1,1,1,2,4,2,6,2,1,2,2,2,1,2,2,1,2,2,1,2,1,1,1,1,1,2,2,1,1,2,2,0,0,0
2008,9,1,1,90110,1,1,2,2,4,2,5,3,1,1,1,2,1,1,2,2,1,2,2,2,2,2,2,2,2,2,2,2,2,2,2,0,0,0
2008,9,3,1,90111,1,1,2,1,4,2,1,3,1,2,2,2,1,2,2,2,2,2,2,2,1,2,2,2,2,2,2,2,1,2,2,0,0,0
2008,9,9,1,90112,1,1,2,1,1,2,1,2,1,2,1,2,2,1,2,2,1,2,2,2,2,2,2,2,2,2,2,2,2,2,2,0,0,0
2008,9,5,1,90113,1,1,2,2,1,2,3,2,3,1,2,2,2,2,2,2,2,2,2,2,1,2,2,2,2,1,2,2,1,2,2,0,0,0
2008,9,9,2,90114,1,1,2,2,4,2,2,3,1,2,1,2,1,2,2,1,2,2,1,2,2,1,1,1,1,2,2,1,1,2,2,0,0,0
2008,9,9,1,90115,1,1,2,2,1,2,4,2,1,2,1,2,1,2,2,2,1,2,2,2,3,2,2,2,2,2,2,2,2,2,2,0,0,0
2008,9,9,1,90116,1,1,2,2,1,1,4,1,4,2,1,2,2,2,2,1,2,2,2,2,1,2,2,2,2,2,2,2,2,2,2,0,0,0
2008,9,5,1,90117,1,1,2,2,4,2,6,2,1,2,1,2,1,2,2,1,2,2,1,2,1,2,2,2,2,2,1,1,1,2,2,0,0,0
2008,9,5,1,90118,1,1,2,2,1,2,2,3,1,2,1,2,1,2,2,2,1,2,2,2,2,2,2,2,2,2,2,2,2,2,2,0,0,0
2008,9,11,1,90119,1,1,1,2,1,2,4,2,4,2,2,2,2,2,2,2,2,2,2,2,1,2,2,2,2,2,2,2,1,2,2,0,0,0
2008,9,5,1,90120,1,1,2,2,1,2,6,2,1,1,2,2,1,2,2,2,1,2,2,2,2,2,2,2,2,2,2,2,2,2,2,0,0,0
2008,9,7,1,90121,1,1,2,2,1,1,3,1,4,1,1,2,2,2,2,2,2,2,2,2,2,2,2,2,2,1,2,2,2,2,2,0,0,0
2008,9,9,1,90122,1,1,2,1,1,2,1,3,2,2,1,2,3,1,2,1,2,2,2,2,2,2,2,2,2,2,2,2,2,2,2,0,0,0
2008,9,9,1,90123,1,1,2,1,3,2,1,2,1,2,1,2,1,2,2,2,2,2,2,2,1,2,2,2,2,2,1,1,1,2,2,0,0,0
2008,9,9,1,90124,1,1,2,2,4,2,4,2,1,1,2,2,1,2,2,2,2,2,2,2,3,2,2,2,2,1,2,2,1,2,2,0,0,0
2008,9,9,1,90125,1,1,2,1,1,2,1,2,1,1,2,2,1,2,2,2,2,2,2,2,3,2,2,2,2,2,2,2,2,2,2,0,0,0
2008,9,7,1,90126,1,1,2,2,1,1,3,1,2,1,2,2,2,2,1,1,2,2,2,2,2,2,2,2,2,2,2,2,2,2,2,0,0,0
2008,9,3,1,90127,1,1,2,2,1,1,4,1,4,2,1,1,2,1,1,2,2,2,2,2,1,2,2,2,2,2,2,2,2,2,2,0,0,0
2008,9,5,1,90128,1,1,2,2,2,2,3,2,1,2,1,1,1,2,2,2,1,2,2,2,2,2,2,2,2,1,2,2,2,2,2,0,0,0
2008,9,3,1,90129,1,1,2,2,4,1,3,1,1,2,1,1,1,2,2,1,2,2,2,2,3,1,1,1,1,2,2,1,2,2,2,0,0,0
2008,9,7,2,90130,1,1,2,1,4,2,1,3,1,2,2,2,1,2,2,2,2,2,2,2,2,2,2,2,2,2,2,2,1,2,2,0,0,0
2008,9,9,1,90131,1,1,1,2,4,2,4,2,1,1,1,2,1,2,2,2,2,2,1,2,2,2,2,2,2,1,2,2,1,2,2,0,0,0
2008,9,7,1,90132,1,1,2,2,4,2,5,2,1,1,2,2,1,2,2,1,2,2,2,2,2,1,1,1,1,2,2,1,1,2,2,0,0,0
2008,9,9,1,90133,1,1,2,2,1,2,4,3,1,1,2,2,1,2,1,1,2,2,2,2,2,2,2,2,2,2,2,2,2,2,2,0,0,0
2008,9,1,1,90134,1,1,1,2,1,2,5,2,4,2,2,2,2,2,2,2,2,2,2,2,1,2,2,2,2,2,1,1,1,2,2,0,0,0
2008,9,1,1,90135,1,1,2,2,4,2,2,2,1,1,1,2,1,2,2,2,2,2,2,2,2,2,2,2,2,1,2,2,1,2,2,0,0,0
2008,9,15,1,90136,1,1,2,2,1,1,6,1,4,2,2,2,2,2,1,2,2,2,2,2,3,2,2,2,2,2,2,2,2,2,2,0,0,0
2008,9,9,1,90137,1,1,2,1,4,2,1,3,1,2,2,2,1,2,2,1,2,2,1,2,2,2,2,2,2,2,2,2,1,2,2,0,0,0
2008,9,3,1,90138,1,1,2,1,1,2,1,3,2,2,1,2,2,1,2,2,1,2,2,2,3,2,2,2,2,2,2,2,2,2,2,0,0,0
2008,9,1,1,90139,1,1,2,2,4,2,3,2,1,1,1,2,2,1,2,2,2,2,2,2,2,2,2,2,2,2,1,1,1,2,2,0,0,0
2008,9,3,2,90140,1,1,2,1,4,2,1,2,1,2,1,2,1,2,2,1,2,2,2,2,3,2,2,1,1,2,2,1,1,2,2,0,0,0
2008,9,15,2,90141,1,1,2,2,4,1,4,1,1,2,2,2,1,2,1,1,2,2,2,2,1,2,2,2,2,2,2,2,2,2,2,0,0,0
2008,9,11,1,90142,1,1,2,2,1,1,2,1,4,2,2,2,2,2,1,1,2,2,2,2,1,2,2,2,2,2,2,2,2,2,2,0,0,0
2008,9,3,2,90143,1,1,2,1,1,2,1,3,2,2,2,2,3,1,1,1,2,2,2,2,3,2,2,2,2,2,2,2,2,2,2,0,0,0
2008,9,3,1,90144,1,1,2,1,3,2,1,3,1,2,1,2,1,2,2,1,2,2,1,2,3,2,2,2,2,2,2,2,1,2,2,0,0,0
2008,9,5,1,90145,1,1,1,2,4,2,5,2,1,2,2,2,1,2,1,2,2,2,2,2,1,2,2,2,2,2,1,1,1,2,2,0,0,0
2008,9,1,1,90146,1,1,2,2,1,2,6,2,1,1,1,2,1,1,2,2,1,2,2,2,3,2,2,2,2,2,1,1,2,2,2,0,0,0
2008,9,3,1,90147,1,1,2,1,1,2,1,3,2,2,2,2,2,2,1,1,2,2,2,2,1,2,2,2,2,2,1,1,2,2,2,0,0,0
2008,9,9,1,90148,1,1,2,1,1,2,1,2,2,2,1,2,2,2,2,1,2,2,1,2,1,2,2,2,2,2,2,2,2,2,2,0,0,0
2008,9,3,1,90149,1,1,2,2,4,2,6,2,1,1,1,2,1,2,2,2,2,2,2,2,2,2,2,2,2,1,2,2,1,2,2,0,0,0
2008,9,1,1,90150,1,1,2,2,4,1,3,1,1,2,1,2,1,2,2,1,2,2,1,2,1,2,2,2,2,2,2,2,2,2,2,0,0,0
2008,9,3,1,90151,1,1,2,1,4,2,1,3,1,2,2,2,1,2,2,2,2,2,2,2,1,2,2,2,2,2,2,2,1,2,2,0,0,0
2008,9,7,1,90152,1,1,2,2,4,2,6,2,1,1,2,2,1,2,2,1,2,2,2,2,2,2,2,2,2,2,2,2,1,2,2,0,0,0
2008,9,9,2,90153,1,1,2,2,1,1,3,1,4,2,2,2,2,2,1,2,2,2,2,2,1,2,2,2,2,2,2,2,2,2,2,0,0,0
2008,9,15,1,90154,1,1,1,2,4,2,3,2,1,2,2,2,1,2,1,1,2,2,2,2,1,2,2,2,2,2,2,2,1,2,2,0,0,0
2008,9,3,1,90155,1,1,2,2,1,2,2,3,5,1,1,2,3,1,2,2,2,2,1,2,3,2,2,2,2,1,2,2,2,2,2,0,0,0
2008,9,9,1,90156,1,1,2,1,1,2,1,3,2,1,1,2,3,1,2,1,2,2,2,2,2,2,2,2,2,2,2,2,2,2,2,0,0,0
2008,9,11,1,90157,1,1,2,1,4,2,1,3,1,2,1,2,1,2,2,2,2,2,2,2,2,2,2,2,2,2,2,2,1,2,2,0,0,0
2008,9,13,1,90158,1,1,1,2,1,2,5,2,3,1,1,2,2,1,2,2,2,2,2,2,3,2,2,2,2,2,2,2,1,2,2,0,0,0
2008,9,1,1,90159,1,1,2,2,4,2,6,2,1,2,1,2,1,2,1,2,2,2,2,2,3,2,2,2,2,2,2,2,1,2,2,0,0,0
2008,9,13,1,90160,1,1,1,2,4,2,5,2,1,2,2,2,1,2,2,1,2,2,2,2,1,2,2,2,2,2,2,2,1,2,2,0,0,0
2008,9,1,1,90161,1,1,2,2,4,2,6,3,1,2,1,2,1,2,2,2,1,2,2,2,2,2,2,2,2,2,2,2,2,2,2,0,0,0
2008,9,9,1,90162,1,1,2,2,1,1,4,1,4,2,1,2,3,2,2,2,2,2,2,2,3,2,2,2,2,2,2,2,2,2,2,0,0,0
2008,9,1,1,90163,1,1,2,2,4,2,6,2,1,2,1,2,1,2,2,1,2,2,2,2,1,1,1,1,1,2,2,1,1,2,2,0,0,0
2008,9,9,1,90164,1,1,2,2,1,1,5,1,4,1,1,2,3,2,1,2,2,2,2,2,3,2,2,2,2,1,1,1,2,2,2,0,0,0
2008,9,11,1,90165,1,1,1,2,4,2,5,2,1,1,1,2,1,2,2,2,2,2,1,2,1,2,2,2,2,2,2,2,1,2,2,0,0,0
2008,9,7,1,90166,1,1,2,2,1,1,4,1,4,1,1,2,3,2,2,2,2,2,1,2,3,2,2,2,2,2,1,1,2,2,2,0,0,0
2008,9,15,1,90167,1,1,1,1,4,2,1,2,1,2,1,2,1,2,2,1,2,2,2,2,1,2,2,2,2,2,2,2,1,2,2,0,0,0
2008,9,9,1,90168,1,1,2,2,1,1,5,1,1,1,1,1,1,2,2,2,1,2,2,2,3,2,2,2,2,2,2,2,2,2,2,0,0,0
2008,9,7,1,90169,1,1,1,2,4,1,5,1,1,2,2,2,1,2,2,2,2,2,2,2,1,2,2,2,2,2,1,1,2,2,2,0,0,0
2008,9,1,1,90170,1,1,2,1,4,2,1,3,1,1,2,2,1,2,2,2,2,2,1,2,2,2,2,2,2,2,1,1,1,2,1,0,0,0
2008,9,15,1,90171,1,1,1,2,4,2,6,2,1,2,2,2,1,2,2,1,2,2,1,2,1,2,2,2,2,2,2,2,1,2,2,0,0,0
2008,9,11,1,90172,1,1,1,2,4,2,6,2,1,2,2,2,1,2,2,2,2,2,2,2,3,2,2,2,2,2,2,2,1,2,2,0,0,0
2008,9,1,1,90173,1,1,2,2,3,2,2,2,1,2,1,2,1,2,2,1,2,2,2,2,1,2,2,2,2,2,1,1,1,2,2,0,0,0
2008,9,1,1,90174,1,1,2,2,1,1,4,1,3,1,2,2,2,2,1,2,2,2,2,2,3,2,2,2,2,2,2,2,2,2,2,0,0,0
2008,9,11,1,90175,1,1,2,2,4,2,5,2,1,2,1,2,1,2,2,1,2,2,1,2,1,2,2,2,2,2,2,2,1,2,2,0,0,0
2008,9,9,1,90176,1,1,2,2,1,1,5,1,2,2,1,2,2,2,2,1,2,2,2,2,1,2,2,2,2,2,2,2,2,2,2,0,0,0
2008,9,7,1,90177,1,1,2,2,1,2,5,2,3,2,1,2,2,2,2,2,2,2,2,2,1,2,2,2,2,2,1,1,1,2,2,0,0,0
2008,9,3,1,90178,1,1,2,2,4,2,6,2,1,2,1,2,1,2,2,2,2,2,2,2,3,2,2,2,2,2,2,2,1,2,2,0,0,0
2008,9,11,1,90179,1,1,2,2,1,2,3,2,5,2,1,2,3,2,2,2,2,2,2,2,1,2,2,2,2,1,2,2,1,2,2,0,0,0
2008,9,1,1,90180,1,1,2,2,1,1,6,1,4,1,1,2,2,2,1,2,2,2,2,2,3,2,2,2,2,1,1,1,2,2,2,0,0,0
2008,9,1,1,90181,1,1,1,2,4,2,5,2,1,1,2,2,2,2,2,1,2,2,1,2,1,2,2,2,2,2,2,2,1,2,2,0,0,0
2008,9,1,1,90182,1,1,2,2,1,2,5,2,1,2,2,1,1,2,2,2,2,1,2,2,1,2,2,2,2,2,1,1,2,2,2,0,0,0
2008,9,5,1,90183,1,1,1,2,4,2,4,2,1,2,2,2,1,2,1,2,2,2,2,2,1,2,2,2,2,2,2,2,1,2,2,0,0,0
2008,9,3,1,90184,1,1,2,2,4,2,2,3,1,1,1,2,1,2,1,2,2,2,2,2,2,2,2,2,2,2,2,2,2,2,2,0,0,0
2008,9,15,1,90185,1,1,1,2,1,2,5,2,1,2,2,2,1,2,2,2,1,2,2,2,3,2,2,2,2,2,2,2,2,2,2,0,0,0
2008,9,5,1,90186,1,1,1,2,4,2,4,2,1,1,2,2,1,2,1,1,2,2,2,2,2,2,2,2,2,2,2,2,1,2,2,0,0,0
2008,9,9,1,90187,1,1,2,2,4,2,2,2,1,1,1,2,1,2,2,2,2,2,2,2,2,2,2,2,2,2,2,2,1,2,2,0,0,0
2008,9,15,1,90188,1,1,1,2,1,2,5,2,3,1,1,2,2,2,2,2,2,2,2,2,3,2,2,2,2,2,2,2,1,2,2,0,0,0
2008,9,9,1,90189,1,1,2,2,1,2,3,2,4,1,1,2,2,2,2,2,2,2,2,2,3,2,2,2,2,1,2,2,2,2,2,0,0,0
2008,9,13,1,90190,1,1,2,2,4,1,6,1,1,2,2,2,1,2,2,2,2,2,2,2,2,2,2,2,2,1,2,2,2,2,2,0,0,0
2008,9,9,1,90191,1,1,2,2,4,2,4,2,1,2,2,2,1,2,1,2,2,2,2,2,1,2,2,2,2,2,2,2,1,2,2,0,0,0
2008,9,13,1,90192,1,1,1,2,4,2,5,2,1,1,1,2,1,2,2,2,2,2,2,2,2,2,2,2,2,2,2,2,1,2,2,0,0,0
2008,9,9,1,90193,1,1,2,2,4,2,2,3,1,2,1,2,1,2,2,2,2,2,1,2,1,2,2,2,2,2,2,2,1,2,2,0,0,0
2008,9,15,2,90194,1,1,2,2,4,2,4,2,1,1,2,2,1,2,1,2,2,2,2,2,2,2,2,2,2,2,2,2,1,1,2,0,0,0
2008,9,9,1,90195,1,1,2,1,1,2,1,2,5,2,1,1,3,1,2,2,2,2,2,2,2,2,2,2,2,2,2,2,2,2,2,0,0,0
2008,9,9,1,90196,1,1,2,2,4,2,2,3,1,2,2,2,1,2,2,2,2,2,1,2,1,2,2,2,2,2,1,1,1,2,2,0,0,0
2008,9,9,1,90197,1,1,2,2,1,2,3,2,1,2,1,2,1,2,2,2,2,1,2,2,1,2,2,2,2,2,2,2,2,2,2,0,0,0
2008,9,9,1,90198,1,1,2,2,4,2,6,2,1,2,1,2,1,2,2,2,2,2,2,2,3,2,2,2,2,1,2,2,1,2,2,0,0,0
2008,9,3,1,90199,1,1,2,2,4,2,3,2,1,2,1,2,1,2,2,1,2,2,2,2,2,2,2,2,2,2,1,1,1,2,2,0,0,0
2008,9,3,1,90200,1,1,2,2,4,2,6,3,1,1,2,2,1,2,2,2,1,2,2,2,2,2,2,2,2,2,2,2,2,2,2,0,0,0
2008,9,9,1,90201,1,1,2,2,4,2,3,2,1,2,2,2,1,2,2,1,2,2,2,2,1,2,2,2,2,2,2,2,1,2,2,0,0,0
2008,9,3,1,90202,1,1,2,2,1,2,4,2,1,2,2,1,1,2,2,2,1,2,2,2,2,2,2,2,2,2,2,2,2,2,2,0,0,0
2008,9,5,1,90203,1,1,2,2,3,2,2,2,1,1,2,2,1,2,2,2,2,2,2,2,2,2,2,2,2,2,2,2,1,2,2,0,0,0
2008,9,5,1,90204,1,1,1,2,4,2,5,2,1,1,2,2,1,2,2,1,2,2,2,2,1,2,2,2,2,2,1,1,1,2,2,0,0,0
2008,9,3,1,90205,1,1,2,2,1,2,4,2,3,1,1,2,2,2,2,1,2,2,2,2,3,2,2,2,2,2,2,2,1,2,2,0,0,0
2008,9,5,1,90206,1,1,1,2,4,2,4,2,1,2,1,2,1,2,2,2,2,2,2,2,2,2,2,2,2,2,2,2,1,2,2,0,0,0
2008,9,3,1,90207,1,1,1,2,1,2,4,2,3,1,1,2,2,2,2,2,2,2,2,2,3,2,2,2,2,1,2,2,1,2,2,0,0,0
2008,9,9,1,90208,1,1,2,1,1,2,1,3,1,1,1,2,1,1,2,2,1,2,2,2,3,2,2,2,2,2,2,2,2,2,2,0,0,0
2008,9,9,1,90209,1,1,2,1,1,2,1,3,2,1,1,2,3,1,2,1,2,2,2,2,2,2,2,2,2,2,1,1,2,2,2,0,0,0
2008,9,15,1,90210,1,1,1,2,1,2,5,2,1,2,2,2,1,2,2,2,1,2,2,2,3,2,2,2,2,2,2,2,2,2,2,0,0,0
2008,9,9,1,90211,1,1,2,1,1,2,1,3,1,2,1,2,1,2,2,2,1,2,2,2,2,2,2,2,2,2,2,2,2,2,2,0,0,0
2008,9,9,1,90212,1,1,2,1,1,2,1,2,1,1,1,2,1,1,2,2,1,2,2,2,2,2,2,2,2,2,2,2,2,2,2,0,0,0
2008,9,3,2,90213,1,1,2,2,4,1,4,1,1,2,1,2,1,2,2,1,2,2,1,2,1,2,2,2,2,2,1,1,2,2,2,0,0,0
2008,9,1,1,90214,1,1,2,2,4,2,2,2,1,1,2,2,1,2,2,1,2,2,1,2,2,2,2,2,2,2,2,2,1,2,2,0,0,0
2008,9,9,1,90215,1,1,2,2,1,1,5,1,3,1,1,2,2,2,2,2,2,2,2,2,2,2,2,2,2,1,2,2,2,2,2,0,0,0
2008,9,1,1,90216,1,1,2,2,1,1,6,1,3,2,2,2,2,2,1,2,2,2,2,2,1,2,2,2,2,2,2,2,2,2,2,0,0,0
2008,9,11,1,90217,1,1,2,2,4,2,4,3,1,2,2,2,1,2,2,1,2,2,2,2,1,2,2,2,2,2,2,2,1,2,2,0,0,0
2008,9,3,1,90218,1,1,2,2,4,2,3,2,1,2,2,2,1,2,2,2,2,2,1,2,1,2,2,2,2,2,2,2,1,2,2,0,0,0
2008,9,15,1,90219,1,1,1,2,4,2,5,2,1,1,1,2,1,2,2,2,2,2,2,2,2,2,2,2,2,2,2,2,1,2,2,0,0,0
2008,9,1,1,90220,1,1,2,2,4,2,4,2,1,2,2,2,1,2,2,2,2,2,1,2,1,2,2,2,2,2,2,2,1,2,2,0,0,0
2008,9,1,1,90221,1,1,2,2,3,2,2,2,1,1,1,2,2,2,2,1,2,2,1,2,2,2,2,2,2,1,2,2,1,2,2,0,0,0
2008,9,3,1,90222,1,1,2,2,1,2,4,2,1,1,1,2,1,2,2,2,1,2,2,2,3,2,2,2,2,2,2,2,2,2,2,0,0,0
2008,9,3,2,90223,1,1,2,2,3,2,6,2,1,2,2,2,1,2,2,1,2,2,2,2,1,2,2,2,2,2,2,2,1,2,2,0,0,0
2008,9,1,1,90224,1,1,2,2,1,2,3,2,1,2,1,2,1,2,2,2,1,2,2,2,3,2,2,2,2,2,2,2,2,2,2,0,0,0
2008,9,5,1,90225,1,1,2,2,1,2,3,2,1,2,2,2,1,2,2,2,1,2,2,2,3,2,2,2,2,2,2,2,2,2,2,0,0,0
2008,9,9,1,90226,1,1,2,1,1,2,1,2,5,1,1,2,2,2,2,2,2,2,1,2,1,2,2,2,2,2,1,1,2,2,2,0,0,0
2008,9,3,1,90227,1,1,2,2,1,1,4,1,4,1,1,2,2,2,2,1,2,2,2,2,3,2,2,2,2,1,2,2,2,2,2,0,0,0
2008,9,13,1,90228,1,1,1,2,1,2,5,2,4,1,1,2,2,1,2,1,2,2,2,2,2,2,2,1,1,2,2,1,1,2,2,0,0,0
2008,9,9,1,90229,1,1,2,2,1,2,2,3,1,2,1,1,3,2,2,2,1,2,2,2,3,2,2,1,1,2,2,1,2,2,2,0,0,0
2008,9,9,1,90230,1,1,2,2,4,1,3,1,1,1,1,2,1,2,2,2,2,2,1,2,3,2,2,2,2,2,1,1,2,1,2,0,0,0
2008,9,3,1,90231,1,1,2,2,1,2,3,2,4,1,2,2,2,2,2,2,2,2,2,2,3,1,1,1,1,2,2,1,2,2,2,0,0,0
2008,9,11,1,90232,1,1,1,2,4,1,6,1,1,1,1,2,1,2,2,2,2,2,2,2,3,2,2,2,2,1,2,2,2,2,2,0,0,0
2008,9,3,1,90233,1,1,2,2,1,2,3,2,1,1,1,2,1,2,2,2,2,1,2,2,2,1,1,1,1,2,2,1,2,2,2,0,0,0
2008,9,5,1,90234,1,1,1,2,4,1,3,1,1,2,1,2,1,2,2,2,2,2,2,2,3,2,2,2,2,1,2,2,1,2,2,0,0,0
2008,9,13,1,90235,1,1,1,2,4,2,5,2,1,1,1,2,1,2,2,1,2,2,1,2,3,2,2,2,2,2,2,2,1,2,2,0,0,0
2008,9,3,1,90236,1,1,2,2,1,1,4,1,1,1,1,2,1,2,2,2,1,2,2,2,3,2,2,2,2,2,2,2,2,2,2,0,0,0
2008,9,9,1,90237,1,1,2,2,1,1,4,1,4,1,2,2,3,2,2,2,2,2,2,2,3,1,1,1,1,2,1,1,2,2,2,0,0,0
2008,9,3,1,90238,1,1,2,2,4,2,3,2,1,2,2,2,1,2,2,2,2,2,2,2,1,2,2,2,2,2,1,1,1,2,2,0,0,0
2008,9,5,1,90239,1,1,2,2,1,2,4,2,1,2,1,2,2,2,1,1,2,2,2,2,3,1,1,1,1,1,2,1,2,2,2,0,0,0
2008,9,9,1,90240,1,1,2,1,4,2,1,3,1,2,2,2,1,2,2,1,2,2,2,2,1,2,2,2,2,2,2,2,1,2,2,0,0,0
2008,9,15,1,90241,1,1,1,2,4,2,6,2,1,2,1,2,1,2,1,2,2,2,2,2,1,2,2,2,2,2,2,2,2,2,2,0,0,0
2008,9,9,1,90242,1,1,2,2,1,1,3,1,4,1,1,2,2,2,1,2,2,2,2,2,3,2,2,2,2,1,2,2,2,2,2,0,0,0
2008,9,1,1,90243,1,1,1,2,4,2,5,2,1,1,1,2,1,2,2,1,2,2,1,2,2,2,2,2,2,1,2,2,1,2,2,0,0,0
2008,9,3,1,90244,1,1,2,2,1,2,4,2,4,1,1,2,2,1,2,1,2,2,2,2,1,2,2,2,2,2,2,2,1,2,2,0,0,0
2008,9,3,1,90245,1,1,1,2,4,2,6,2,1,1,2,2,1,2,2,1,2,2,2,2,2,1,1,1,1,2,2,1,1,2,2,0,0,0
2008,9,9,1,90246,1,1,2,2,1,2,3,2,1,1,1,2,1,2,2,2,1,2,2,2,3,2,2,2,2,2,2,2,2,2,2,0,0,0
2008,9,9,1,90247,1,1,2,2,4,2,6,2,1,1,2,2,1,2,2,2,2,2,2,2,2,2,2,2,2,2,2,2,1,2,2,0,0,0
2008,9,9,1,90248,1,1,2,2,4,2,4,2,1,2,2,2,1,2,1,1,2,2,2,2,1,2,2,2,2,2,2,2,1,2,2,0,0,0
2008,9,9,1,90249,1,1,2,2,1,1,4,1,4,1,1,2,2,2,1,1,2,2,2,2,3,2,2,2,2,2,2,2,2,2,2,0,0,0
2008,9,9,1,90250,1,1,2,2,2,2,4,2,1,2,2,1,1,2,2,1,1,2,2,2,3,1,1,1,1,2,2,1,1,2,2,0,0,0
2008,9,9,1,90251,1,1,2,2,1,2,6,2,1,2,2,1,1,2,2,2,1,2,2,2,3,2,2,2,2,2,2,2,2,2,2,0,0,0
2008,9,9,1,90252,1,1,2,2,1,1,6,1,1,2,1,2,1,2,2,2,2,1,2,2,1,2,2,2,2,2,2,2,2,2,2,0,0,0
2008,9,9,1,90253,1,1,2,2,1,2,6,2,4,1,1,2,2,2,2,2,2,2,2,2,3,2,2,2,2,1,2,2,2,2,2,0,0,0
2008,9,3,2,90254,1,1,2,2,4,2,5,2,1,2,2,2,1,2,2,1,2,2,1,2,1,2,2,2,2,2,2,2,1,2,2,0,0,0
2008,9,11,1,90255,1,1,2,2,4,2,6,2,1,1,2,2,1,2,2,2,2,2,2,2,2,2,2,2,2,2,2,2,1,2,2,0,0,0
2008,9,5,1,90256,1,1,2,2,1,2,4,2,1,1,1,2,1,2,2,2,1,2,2,2,3,2,2,2,2,2,2,2,2,2,2,0,0,0
2008,9,9,1,90257,1,1,2,2,1,2,4,2,3,2,2,2,2,2,2,2,2,2,2,2,1,2,2,2,2,2,2,2,1,2,2,0,0,0
2008,9,1,2,90258,1,1,2,2,4,1,4,1,1,2,2,2,1,2,2,1,2,2,2,2,3,2,2,2,2,2,2,2,2,2,2,0,0,0
2008,9,3,1,90259,1,1,2,1,1,2,1,2,5,2,2,2,3,2,2,1,2,2,2,2,3,1,1,1,1,2,1,1,2,2,2,0,0,0
2008,9,7,1,90260,1,1,1,2,1,2,4,2,5,1,2,2,2,2,2,2,2,2,1,2,3,2,2,2,2,2,2,2,1,2,2,0,0,0
2008,9,3,1,90262,1,1,2,2,1,1,4,1,4,1,1,2,2,2,1,2,2,2,2,2,3,2,2,2,2,1,2,2,2,2,2,0,0,0
2008,9,9,1,90263,1,1,2,2,1,2,6,2,5,1,2,2,2,2,2,2,2,2,2,2,3,2,2,2,2,2,2,2,1,2,2,0,0,0
2008,9,3,1,90264,1,1,2,2,1,2,3,2,3,1,2,2,2,2,2,2,2,2,1,2,3,2,2,2,2,2,2,2,1,2,2,0,0,0
2008,9,9,1,90265,1,1,2,1,1,2,1,3,2,1,1,2,1,2,2,2,2,2,2,2,2,2,2,2,2,1,2,2,2,1,2,0,0,0
2008,9,3,1,90266,1,1,2,2,1,2,5,2,1,1,1,2,1,1,2,2,1,2,2,2,2,2,2,2,2,2,2,2,2,2,2,0,0,0
2008,9,9,1,90267,1,1,2,2,1,1,3,1,1,2,1,2,1,2,2,2,1,2,2,2,3,2,2,1,1,2,2,1,2,2,2,0,0,0
2008,9,9,1,90268,1,1,2,2,1,2,3,2,1,1,1,2,1,2,2,2,1,2,2,2,3,2,2,2,2,2,2,2,2,2,2,0,0,0
2008,9,13,1,90269,1,1,2,2,1,1,5,1,4,1,1,2,2,2,1,2,2,2,2,2,2,2,2,2,2,2,2,2,2,2,2,0,0,0
2008,9,11,1,90270,1,1,1,2,4,2,6,2,1,2,2,2,1,2,2,2,2,2,1,2,1,2,2,2,2,2,1,1,1,2,2,0,0,0
2008,9,9,1,90271,1,1,2,2,4,2,4,2,1,2,2,2,1,2,2,1,2,2,1,2,1,2,2,2,2,2,2,2,1,2,2,0,0,0
2008,9,3,1,90272,1,1,2,2,4,2,4,2,1,2,1,2,1,2,2,2,2,2,1,2,3,2,2,2,2,2,2,2,1,2,2,0,0,0
2008,9,1,1,90273,1,1,2,2,1,1,2,1,4,2,2,2,2,2,1,2,2,2,2,2,2,2,2,2,2,2,2,2,2,2,2,0,0,0
2008,9,9,1,90274,1,1,2,2,1,2,5,2,3,1,1,2,3,2,2,2,2,2,2,2,3,2,2,2,2,1,1,1,1,2,2,0,0,0
2008,9,11,1,90275,1,1,2,2,1,2,6,2,1,1,2,2,1,2,2,2,2,2,2,2,3,2,2,2,2,2,2,2,2,2,2,0,0,0
2008,9,3,1,90276,1,1,2,2,1,2,3,2,1,2,1,2,1,2,2,2,1,2,2,2,3,2,2,2,2,2,2,2,2,2,2,0,0,0
2008,9,7,1,90277,1,1,1,2,4,1,5,1,1,2,2,2,1,2,1,1,2,2,2,2,2,1,1,1,1,2,2,1,2,2,2,0,0,0
2008,9,9,1,90278,1,1,2,2,4,2,6,3,1,1,1,2,1,2,2,2,1,2,2,2,2,2,2,2,2,2,2,2,2,2,2,0,0,0
2008,9,9,1,90279,1,1,2,2,1,2,6,2,1,2,2,2,1,2,2,2,1,2,2,2,3,2,2,2,2,2,1,1,2,2,2,0,0,0
2008,9,9,1,90280,1,1,2,2,1,2,6,2,5,1,2,2,1,2,2,1,2,2,2,2,2,2,2,2,2,2,2,2,2,2,2,0,0,0
2008,10,3,1,100001,1,3,2,2,1,1,3,1,4,1,1,2,2,2,2,2,2,2,1,2,3,2,2,2,2,1,2,2,2,2,2,0,0,0
2008,10,1,1,100002,1,3,1,2,4,2,3,2,1,1,1,2,1,2,2,2,2,2,2,2,3,2,2,2,2,2,2,2,1,2,2,0,0,0
2008,10,3,1,100003,1,3,2,2,1,2,3,2,1,2,2,2,1,2,2,2,1,2,2,2,3,2,2,2,2,2,1,1,2,2,2,0,0,0
2008,10,3,1,100004,1,3,2,2,1,2,3,2,1,2,2,2,1,2,2,2,1,2,2,2,3,2,2,2,2,2,2,2,2,2,2,0,0,0
2008,10,5,1,100005,1,3,1,2,4,2,6,2,1,2,2,2,1,2,2,2,2,2,2,2,1,2,2,2,2,2,2,2,1,2,2,0,0,0
2008,10,3,1,100006,1,3,2,1,1,2,1,3,2,2,2,2,2,1,2,1,2,2,2,2,1,2,2,2,2,2,2,2,2,2,2,0,0,0
2008,10,5,1,100007,1,3,2,2,4,1,5,1,4,1,1,2,2,2,2,2,2,2,2,2,2,2,2,2,2,2,2,2,2,2,2,0,0,0
2008,10,5,1,100008,1,3,1,2,1,1,5,1,4,2,1,2,2,2,2,2,2,2,2,2,3,1,1,1,1,1,2,1,2,2,2,0,0,0
2008,10,5,1,100009,1,3,1,2,4,2,4,2,1,2,2,2,1,2,2,2,2,2,2,2,1,2,2,2,2,2,2,2,1,2,2,0,0,0
2008,10,3,1,100010,1,3,2,2,1,1,4,1,1,2,2,2,1,2,2,2,1,2,2,2,3,2,2,2,2,1,2,2,2,2,2,0,0,0
2008,10,3,1,100011,1,3,2,2,1,2,2,2,4,2,2,2,3,2,2,1,2,2,2,2,3,2,2,1,1,2,2,1,1,2,2,0,0,0
2008,10,5,1,100012,1,3,1,2,4,2,6,2,1,2,1,2,1,2,2,2,2,2,2,2,2,2,2,2,2,2,2,2,1,2,2,0,0,0
2008,10,3,1,100013,1,3,2,1,4,2,1,3,1,1,2,2,1,2,2,1,2,2,1,2,3,2,2,1,1,2,2,1,1,2,2,0,0,0
2008,10,3,1,100014,1,3,2,2,1,1,6,1,1,1,1,2,1,2,2,2,1,2,2,2,3,2,2,2,2,2,2,2,2,1,2,0,0,0
2008,10,1,1,100015,1,3,1,2,1,2,3,2,3,2,2,2,2,1,2,2,2,2,2,2,1,2,2,2,2,2,2,2,2,2,2,0,0,0
2008,10,3,1,100016,1,3,2,2,2,2,3,2,1,1,1,2,1,2,1,1,2,2,2,2,1,2,2,2,2,2,2,2,1,2,2,0,0,0
2008,10,5,1,100017,1,3,1,2,4,2,6,2,1,2,2,2,1,2,2,2,2,2,1,2,1,2,2,2,2,2,2,2,1,2,2,0,0,0
2008,10,3,1,100018,1,3,2,2,4,2,6,2,1,2,2,2,1,2,2,2,2,2,2,2,3,2,2,2,2,2,1,1,1,2,1,0,0,0
2008,10,3,1,100019,1,3,2,1,4,2,1,2,1,2,1,2,1,2,2,1,2,2,2,2,2,2,2,2,2,2,2,2,1,2,2,0,0,0
2008,10,3,1,100020,1,3,1,2,4,1,5,1,1,2,1,2,1,2,2,2,2,2,2,2,3,2,2,2,2,1,2,2,2,2,2,0,0,0
2008,10,5,1,100021,1,3,1,2,1,1,5,1,4,1,1,2,2,2,2,2,2,2,2,2,3,2,2,2,2,1,2,2,2,1,2,0,0,0
2008,10,1,1,100022,1,3,1,2,1,2,4,2,1,2,1,2,1,2,2,2,2,1,2,2,3,2,2,2,2,2,2,2,2,2,2,0,0,0
2008,10,3,1,100023,1,3,2,2,1,2,3,2,1,2,2,2,1,2,2,2,1,2,2,2,3,2,2,2,2,2,2,2,2,2,2,0,0,0
2008,10,5,1,100024,1,3,1,2,1,2,3,2,1,2,2,2,1,2,2,2,1,2,2,2,3,2,2,2,2,2,2,2,2,2,2,0,0,0
2008,10,5,2,100025,1,3,1,2,4,2,6,2,1,2,1,2,1,2,2,1,2,2,2,2,1,2,2,2,2,2,2,2,1,2,2,0,0,0
2008,10,5,2,100026,1,3,1,2,1,2,4,2,3,2,2,2,2,2,2,2,2,2,1,2,1,2,2,2,2,1,1,1,1,2,2,0,0,0
2008,10,5,1,100027,1,3,1,2,1,2,3,2,2,2,2,1,3,2,1,1,2,2,2,2,1,2,2,2,2,2,2,2,2,2,2,0,0,0
2008,10,1,1,100028,1,3,1,2,4,2,5,2,1,2,1,2,1,2,2,2,2,2,1,2,1,2,2,2,2,2,2,2,1,2,2,0,0,0
2008,10,3,1,100029,1,3,2,2,1,1,4,1,1,2,1,1,1,2,2,2,1,2,2,2,3,2,2,2,2,2,2,2,2,2,2,0,0,0
2008,10,3,2,100030,1,3,1,2,1,1,3,1,4,1,1,2,2,2,2,2,2,2,2,2,2,1,1,1,1,1,2,1,2,2,2,0,0,0
2008,10,5,4,100031,1,3,1,2,1,1,3,1,2,2,2,1,3,2,2,1,2,2,1,2,1,1,1,1,1,2,2,1,2,2,2,0,0,0
2008,10,3,2,100032,1,3,2,2,1,1,3,1,4,1,2,2,2,2,2,2,2,2,2,2,3,2,2,2,2,1,1,1,2,2,2,0,0,0
2008,10,3,1,100033,1,3,2,2,1,2,3,2,1,1,1,2,1,2,2,2,1,2,2,2,3,2,2,2,2,2,2,2,2,2,2,0,0,0
2008,10,5,1,100034,1,3,1,2,1,2,3,2,1,2,1,1,1,2,2,2,1,2,2,2,3,2,2,2,2,2,2,2,2,2,2,0,0,0
2008,10,3,1,100035,1,3,2,2,1,2,3,2,1,1,1,2,2,2,2,2,2,1,2,2,3,1,1,1,1,2,2,1,2,2,2,0,0,0
2008,10,1,1,100036,1,3,1,2,1,1,3,1,1,1,2,2,2,2,1,1,2,2,2,2,2,2,2,2,2,2,2,2,2,2,2,0,0,0
2008,10,5,1,100037,1,3,1,2,4,2,4,2,1,1,2,2,1,2,2,2,2,2,1,2,3,2,2,2,2,1,2,2,1,2,1,0,0,0
2008,10,1,1,100038,1,3,1,2,1,2,6,2,1,2,2,2,1,2,1,2,2,2,2,2,1,2,2,2,2,2,2,2,2,2,2,0,0,0
2008,10,1,1,100039,1,3,2,2,4,2,6,2,1,2,1,2,1,2,2,1,2,2,2,2,1,2,2,2,2,2,2,2,1,2,2,0,0,0
2008,10,1,1,100040,1,3,2,2,1,2,2,2,2,2,2,2,2,2,2,1,2,2,2,2,1,1,1,1,1,2,2,1,2,2,2,0,0,0
2008,10,1,1,100041,1,3,1,2,1,2,6,2,1,2,1,2,1,2,1,1,2,2,2,2,1,2,2,2,2,2,1,1,1,2,2,0,0,0
2008,10,3,1,100042,1,3,2,1,4,2,1,2,1,2,1,2,1,2,2,1,2,2,1,2,1,2,2,2,2,2,2,2,1,2,2,0,0,0
2008,10,5,1,100043,1,3,1,2,1,1,5,1,4,1,1,2,2,1,2,2,2,2,2,2,3,2,2,2,2,2,2,2,2,2,2,0,0,0
2008,10,5,2,100044,1,3,1,2,1,2,5,2,1,2,1,2,1,2,2,2,2,2,2,2,3,2,2,2,2,2,2,2,2,2,2,0,0,0
2008,10,3,1,100045,1,3,2,1,1,2,1,2,5,2,1,2,2,1,2,2,2,2,1,2,3,2,2,2,2,2,1,1,2,2,2,0,0,0
2008,10,3,1,100046,1,3,2,2,1,2,4,2,3,2,1,2,2,2,2,2,2,2,2,2,3,2,2,2,2,2,1,1,1,2,1,0,0,0
2008,10,1,1,100047,1,3,1,2,1,1,3,1,2,1,1,2,2,2,2,1,2,2,2,2,3,2,2,2,2,1,2,2,2,2,2,0,0,0
2008,10,5,1,100048,1,3,1,2,4,2,6,2,1,2,2,2,1,2,2,1,2,2,2,2,1,2,2,2,2,2,1,1,1,2,2,0,0,0
2008,10,1,1,100049,1,3,1,2,4,2,6,2,1,2,2,2,1,2,2,2,2,2,1,2,1,2,2,2,2,2,2,2,1,1,2,0,0,0
2008,10,3,1,100050,1,3,1,2,2,2,5,2,1,2,1,2,1,2,2,2,2,2,1,2,3,2,2,2,2,2,1,1,1,2,2,0,0,0
2008,10,3,1,100051,1,3,2,2,1,2,3,2,1,1,2,1,1,2,2,2,1,2,2,2,3,2,2,2,2,2,2,2,2,2,2,0,0,0
2008,10,5,1,100052,1,3,1,2,4,2,6,2,1,2,2,2,1,2,2,2,2,2,1,2,1,2,2,2,2,2,1,1,1,2,2,0,0,0
2008,10,3,2,100053,1,3,2,2,1,1,3,1,4,2,1,2,2,2,2,2,2,2,2,2,3,1,1,1,1,1,2,1,2,2,2,0,0,0
2008,10,5,1,100054,1,3,1,2,1,2,5,2,4,1,1,2,2,1,2,1,2,2,1,2,3,2,2,2,2,2,2,2,1,2,2,0,0,0
2008,10,3,1,100055,1,3,2,2,4,2,4,2,1,1,2,2,1,2,1,2,2,2,2,2,1,2,2,2,2,2,2,2,1,2,2,0,0,0
2008,10,5,1,100056,1,3,1,2,1,2,6,2,1,1,1,2,1,2,2,2,2,1,2,2,3,2,2,2,2,2,2,2,2,1,2,0,0,0
2008,10,3,1,100057,1,3,2,2,1,2,3,2,1,2,1,2,1,2,2,2,1,2,2,2,3,2,2,2,2,2,2,2,2,2,2,0,0,0
2008,10,3,1,100058,1,3,2,1,2,2,1,3,1,2,2,2,2,1,2,2,2,2,2,2,1,2,2,2,2,2,2,2,1,2,1,0,0,0
2008,10,3,1,100059,1,3,2,2,1,2,3,2,1,2,2,2,1,2,2,2,1,2,2,2,3,2,2,2,2,2,2,2,2,2,2,0,0,0
2008,10,3,1,100060,1,3,2,2,1,2,3,2,1,2,1,1,2,2,2,2,1,2,2,2,3,2,2,2,2,2,1,1,2,2,2,0,0,0
2008,10,3,1,100061,1,3,1,2,1,2,5,2,4,2,2,2,2,2,1,1,2,2,2,2,3,2,2,2,2,2,2,2,2,2,2,0,0,0
2008,10,5,1,100062,1,3,1,2,1,1,3,1,2,1,1,2,2,2,2,2,2,2,2,2,3,2,2,2,2,2,2,2,2,2,2,0,0,0
2008,10,3,1,100063,1,3,1,2,4,1,5,1,1,2,1,2,1,2,1,2,2,2,2,2,1,2,2,2,2,2,2,2,2,2,2,0,0,0
2008,10,5,1,100064,1,3,1,2,1,1,3,1,4,1,2,2,2,2,2,2,2,2,1,2,3,2,2,2,2,1,2,2,2,2,2,0,0,0
2008,10,1,1,100065,1,3,2,2,1,2,4,2,1,2,2,1,2,2,2,2,1,2,2,2,3,2,2,1,1,2,2,1,2,2,2,0,0,0
2008,10,3,1,100066,1,3,2,2,1,2,3,2,1,2,2,2,1,2,1,1,2,2,2,2,1,2,2,2,2,2,2,2,1,2,2,0,0,0
2008,10,3,1,100067,1,3,1,2,1,1,3,1,4,1,1,2,2,2,1,1,2,2,2,2,2,2,2,2,2,2,1,1,2,2,2,0,0,0
2008,10,1,1,100068,1,3,2,2,4,2,6,2,1,2,1,2,1,2,2,1,1,2,2,2,1,2,2,2,2,2,2,2,1,2,2,0,0,0
2008,10,1,1,100069,1,3,1,2,1,2,6,2,1,1,1,2,1,2,1,1,2,2,2,2,2,2,2,2,2,2,2,2,2,2,2,0,0,0
2008,10,5,1,100070,1,3,1,2,4,2,5,2,1,2,1,2,1,2,1,1,2,2,2,2,1,2,2,2,2,2,2,2,1,2,2,0,0,0
2008,10,3,1,100071,1,3,2,2,4,1,3,1,1,2,2,2,1,2,1,1,2,2,2,2,1,2,2,2,2,2,1,1,2,1,2,0,0,0
2008,10,1,1,100072,1,3,1,2,1,1,3,1,4,1,1,2,3,2,2,2,2,2,2,2,3,2,2,2,2,2,1,1,2,2,2,0,0,0
2008,10,3,1,100073,1,3,1,2,4,2,6,2,1,1,1,2,1,2,1,1,2,2,2,2,2,2,2,2,2,2,2,2,1,2,2,0,0,0
2008,10,3,1,100074,1,3,2,2,4,2,4,2,5,2,1,1,1,2,2,2,1,2,2,2,2,2,2,2,2,2,2,2,2,2,2,0,0,0
2008,10,5,1,100075,1,3,1,2,1,2,3,2,2,2,1,2,2,2,1,2,2,2,2,1,1,2,2,2,2,2,2,2,2,2,2,0,0,0
2008,10,1,1,100076,1,3,1,2,1,2,4,2,2,2,2,2,2,2,2,2,2,2,1,2,3,2,2,2,2,2,2,2,2,2,2,0,0,0
2008,10,5,1,100077,1,3,1,2,4,2,6,2,1,2,1,2,1,2,2,2,2,2,2,2,2,2,2,2,2,2,2,2,1,2,2,0,0,0
2008,10,1,1,100078,1,3,1,2,4,2,5,2,1,2,2,2,1,2,2,1,2,2,1,2,1,1,1,1,1,2,2,1,1,2,2,0,0,0
2008,10,1,1,100079,1,3,1,2,1,2,5,2,3,2,2,2,2,2,2,2,2,2,2,2,1,1,1,1,1,2,2,1,1,2,2,0,0,0
2008,10,3,1,100080,1,3,1,2,1,1,4,1,4,1,1,2,2,1,1,1,2,2,2,2,3,2,2,2,2,2,1,1,2,2,2,0,0,0
2008,10,1,1,100081,1,3,1,2,1,2,5,2,4,2,2,2,2,2,2,1,2,2,2,2,2,2,2,2,2,2,2,2,1,1,2,0,0,0
2008,10,5,1,100082,1,3,2,2,1,2,5,2,1,2,2,2,1,2,2,2,2,1,2,2,3,2,2,2,2,2,2,2,2,2,2,0,0,0
2008,10,5,1,100083,1,3,1,2,4,2,5,2,1,2,2,2,1,2,2,2,2,2,1,2,1,2,2,2,2,2,2,2,1,1,2,0,0,0
2008,10,5,1,100084,1,3,1,2,1,2,3,2,1,2,1,2,1,2,2,2,2,1,2,2,3,2,2,2,2,2,2,2,2,2,2,0,0,0
2008,10,3,1,100085,1,3,1,2,1,1,5,1,4,1,1,2,2,2,2,2,2,2,2,2,2,2,2,2,2,2,2,2,2,2,2,0,0,0
2008,10,5,1,100086,1,3,1,2,4,2,6,2,1,2,2,2,1,2,2,1,2,2,1,2,1,2,2,2,2,2,2,2,1,2,2,0,0,0
2008,10,3,1,100087,1,3,2,2,4,2,3,2,1,1,1,2,1,2,2,2,2,2,1,2,2,2,2,2,2,2,2,2,1,2,2,0,0,0
2008,10,5,1,100088,1,3,1,2,1,1,3,1,4,2,2,2,2,2,2,2,2,2,2,2,3,2,2,2,2,2,1,1,2,2,2,0,0,0
2008,10,3,1,100089,1,3,2,2,1,1,3,1,1,2,2,2,1,2,2,2,1,2,2,2,2,2,2,2,2,2,2,2,2,2,2,0,0,0
2008,10,5,1,100090,1,3,1,2,4,2,6,2,1,1,2,2,1,2,2,2,2,2,2,2,1,2,2,2,2,2,2,2,1,2,2,0,0,0
2008,10,3,1,100091,1,3,2,2,4,1,3,1,1,2,1,2,1,2,2,1,2,2,1,2,1,2,2,2,2,2,2,2,2,2,2,0,0,0
2008,10,1,1,100092,1,3,2,2,1,1,4,1,1,2,2,2,1,2,2,2,2,1,2,2,1,2,2,2,2,2,2,2,2,2,2,0,0,0
2008,10,5,2,100093,1,3,1,2,1,2,5,2,3,1,1,2,2,2,2,1,2,2,2,2,2,1,1,1,1,2,2,1,2,1,2,0,0,0
2008,10,3,1,100094,1,3,2,2,1,1,3,1,1,2,2,2,1,2,2,2,1,2,2,2,2,2,2,2,2,2,2,2,2,2,2,0,0,0
2008,10,1,6,100095,1,3,1,2,1,2,5,2,3,1,1,2,2,2,2,2,2,2,2,2,2,2,2,2,2,2,2,2,2,2,2,0,0,0
2008,10,3,1,100096,1,3,2,2,4,2,5,2,1,1,1,2,2,2,2,2,2,2,2,2,3,2,2,2,2,1,2,2,1,2,2,0,0,0
2008,10,3,1,100097,1,3,1,2,1,2,4,2,1,1,2,2,1,2,2,2,2,2,2,2,2,2,2,2,2,1,2,2,1,2,2,0,0,0
2008,10,5,1,100098,1,3,1,2,4,2,6,2,1,1,1,2,1,2,2,2,2,2,2,2,2,2,2,1,1,2,2,1,1,2,2,0,0,0
2008,10,5,1,100099,1,3,1,2,4,2,4,2,1,2,2,2,1,2,2,2,2,2,2,2,3,2,2,2,2,2,1,1,1,2,2,0,0,0
2008,10,3,1,100100,1,3,2,2,1,2,3,2,1,2,1,2,1,2,2,2,1,2,2,2,2,2,2,2,2,2,2,2,2,2,2,0,0,0
2008,10,5,2,100101,1,3,1,2,4,2,6,2,1,1,1,2,1,2,2,2,2,2,1,2,2,1,1,1,1,2,2,1,1,2,2,0,0,0
2008,10,1,1,100102,1,3,2,2,1,1,6,1,4,2,2,2,3,2,2,2,2,2,1,2,3,1,1,1,1,2,2,1,2,2,2,0,0,0
2008,10,3,1,100103,1,3,2,2,1,2,3,2,4,2,2,1,1,2,2,2,1,2,2,2,3,2,2,2,2,2,2,2,2,2,2,0,0,0
2008,10,1,1,100104,1,3,1,2,4,2,5,2,1,2,1,2,1,2,2,1,2,2,2,2,1,2,2,2,2,2,2,2,1,2,2,0,0,0
2008,10,3,1,100105,1,3,2,2,1,2,3,2,1,2,1,2,1,2,2,2,1,2,2,2,2,2,2,2,2,2,2,2,2,2,2,0,0,0
2008,11,1,1,110001,1,3,2,1,4,2,1,2,2,2,2,2,1,2,2,2,2,2,2,2,2,2,2,2,2,2,2,2,2,2,2,0,0,0
2008,11,1,1,110002,1,3,2,1,1,2,1,2,1,2,1,2,1,2,2,2,1,2,2,2,3,2,2,2,2,2,2,2,2,2,2,0,0,0
2008,11,1,2,110003,1,3,2,2,1,2,6,2,2,2,2,2,2,2,2,1,2,2,2,2,3,2,2,2,2,2,1,1,2,2,2,0,0,0
2008,11,1,1,110004,1,3,2,2,1,1,6,1,1,1,1,2,1,2,2,2,1,2,2,2,3,2,2,2,2,1,2,2,2,2,2,0,0,0
2008,11,1,1,110005,1,3,2,2,1,2,6,2,1,2,1,1,1,2,2,2,1,2,2,2,3,2,2,2,2,2,2,2,2,2,2,0,0,0
2008,11,1,1,110006,1,3,2,1,3,2,1,2,1,2,2,2,1,2,2,1,2,2,1,2,2,2,2,2,2,2,1,1,1,2,2,0,0,0
2008,11,1,1,110007,1,3,2,2,1,2,6,2,1,1,1,2,1,2,2,2,1,2,2,2,3,2,2,2,2,2,2,2,2,2,2,0,0,0
2008,11,1,1,110008,1,3,2,2,1,1,6,1,4,2,1,2,2,2,2,1,2,2,2,2,3,2,2,2,2,2,2,2,2,2,2,0,0,0
2008,11,1,1,110009,1,3,2,2,1,1,6,1,1,2,2,2,1,2,1,2,1,2,2,2,3,2,2,2,2,2,2,2,2,2,2,0,0,0
2008,11,1,1,110010,1,3,2,1,3,2,1,2,1,1,1,2,1,2,1,2,2,2,2,2,3,2,2,2,2,2,2,2,1,2,2,0,0,0
2008,11,1,1,110011,1,3,2,2,1,1,6,1,4,2,2,1,2,2,2,1,2,2,2,2,1,2,2,2,2,2,2,2,2,2,2,0,0,0
2008,11,1,1,110012,1,3,2,2,4,2,6,2,1,2,2,2,1,2,2,2,2,2,1,2,3,2,2,2,2,1,2,2,1,2,2,0,0,0
2008,11,1,1,110013,1,3,2,2,1,1,6,1,4,1,1,2,2,2,1,2,2,2,2,2,1,2,2,2,2,1,2,2,2,2,2,0,0,0
2008,11,1,1,110014,1,3,2,2,1,1,6,1,4,2,1,2,2,2,1,1,2,2,2,2,2,2,2,2,2,2,2,2,2,2,2,0,0,0
2008,11,1,1,110015,1,3,2,2,1,1,6,1,4,2,2,2,2,2,1,2,2,2,2,2,3,2,2,2,2,2,2,2,2,2,2,0,0,0
2008,11,1,1,110016,1,3,2,2,1,1,6,1,1,2,1,2,1,2,2,2,1,2,2,2,3,2,2,2,2,2,2,2,2,2,2,0,0,0
2008,11,1,1,110017,1,3,2,2,1,1,6,1,1,1,1,2,1,1,2,2,2,1,2,2,2,2,2,2,2,2,2,2,2,2,2,0,0,0
2008,11,1,1,110019,1,3,2,2,4,2,6,2,1,1,2,2,1,2,2,2,2,2,2,2,3,2,2,2,2,1,2,2,1,2,2,0,0,0
2008,11,1,1,110020,1,3,2,2,1,2,6,2,3,2,1,2,2,2,1,2,2,2,2,2,1,2,2,2,2,2,1,1,2,2,2,0,0,0
2008,11,1,1,110021,1,3,2,2,1,2,6,2,1,2,1,2,1,2,2,2,1,2,2,2,1,2,2,2,2,2,2,2,2,2,2,0,0,0
2008,11,1,1,110022,1,3,2,2,2,2,6,2,1,2,2,2,1,2,1,2,2,2,2,2,3,2,2,2,2,2,2,2,1,2,2,0,0,0
2008,11,1,2,110023,1,3,2,2,1,2,6,2,1,2,2,2,1,2,2,2,2,2,2,2,2,2,2,2,2,2,2,2,2,2,2,0,0,0
2008,11,1,1,110024,1,3,2,2,4,2,6,2,1,1,1,2,1,2,2,2,2,2,2,2,2,2,2,2,2,1,2,2,1,2,2,0,0,0
2008,11,1,1,110025,1,3,2,1,4,2,1,2,1,2,1,2,1,2,2,1,2,2,2,2,3,2,2,2,2,2,2,2,1,2,2,0,0,0
2008,11,1,1,110026,1,3,2,2,1,2,6,2,2,1,2,2,2,2,2,1,2,2,1,2,3,2,2,2,2,1,2,2,2,2,2,0,0,0
2008,11,1,1,110027,1,3,2,2,1,2,6,2,1,2,1,1,1,2,2,1,1,2,2,2,1,2,2,2,2,2,2,2,2,1,2,0,0,0
2008,11,1,1,110028,1,3,2,2,1,1,6,1,4,2,2,2,2,2,2,2,2,2,2,2,3,2,2,2,2,2,2,2,2,2,2,0,0,0
2008,11,1,1,110029,1,3,2,2,1,2,6,2,1,1,1,2,1,2,2,2,1,2,2,2,3,2,2,2,2,2,2,2,2,2,2,0,0,0
2008,11,1,1,110030,1,3,2,2,4,2,6,2,1,1,1,2,1,2,1,2,2,2,2,2,3,2,2,2,2,2,2,2,1,2,2,0,0,0
2008,11,1,1,110031,1,3,2,2,4,2,6,2,2,2,2,2,1,2,2,1,2,2,2,2,3,2,2,2,2,2,2,2,2,2,2,0,0,0
2008,11,1,1,110032,1,3,2,2,1,1,6,1,4,2,1,2,2,2,2,1,2,2,2,2,1,2,2,2,2,2,1,1,2,2,2,0,0,0
2008,11,1,1,110033,1,3,2,2,1,1,6,1,4,1,1,2,2,2,1,1,2,2,2,2,1,2,2,2,2,2,2,2,2,2,2,0,0,0
2008,12,105,2,120001,1,4,2,2,1,1,3,1,1,2,1,2,1,2,2,1,2,2,1,2,1,2,2,2,2,2,1,1,2,2,2,0,0,0
2008,12,55,1,120002,1,4,2,2,4,2,6,2,1,2,1,2,1,2,2,2,2,2,1,2,1,2,2,1,1,2,2,1,1,1,2,0,0,0
2008,12,97,1,120003,1,4,1,1,2,2,1,3,1,2,1,2,1,2,2,1,2,2,2,2,1,2,2,2,2,2,1,1,1,1,2,0,0,0
2008,12,95,1,120004,1,4,1,2,4,2,6,2,1,2,1,2,1,2,2,1,2,1,2,2,2,2,2,2,2,2,1,1,1,2,2,0,0,0
2008,12,101,2,120005,1,4,1,2,1,2,3,2,3,1,1,2,3,2,1,1,2,2,2,2,1,2,2,2,2,2,1,1,1,2,2,0,0,0
2008,12,57,1,120006,1,4,2,2,1,2,3,2,1,2,1,2,1,2,2,2,1,2,2,2,2,2,2,2,2,2,2,2,2,2,2,0,0,0
2008,12,103,1,120007,1,4,2,2,1,2,6,2,1,2,1,2,1,2,1,1,2,2,2,2,1,2,2,2,2,2,2,2,2,2,2,0,0,0
2008,12,9,1,120008,1,4,2,1,1,2,1,2,1,2,1,2,1,2,2,2,1,2,2,2,1,2,2,2,2,2,2,2,2,1,2,0,0,0
2008,12,86,1,120009,1,4,2,2,1,2,6,2,1,2,1,2,1,2,2,2,2,2,2,2,2,2,2,2,2,2,2,2,2,2,2,0,0,0
2008,12,53,1,120010,1,4,1,2,3,2,6,2,1,2,1,2,1,2,2,2,2,2,1,2,2,2,2,2,2,2,1,1,1,1,2,0,0,0
2008,12,11,1,120011,1,4,2,2,2,2,4,2,1,1,1,2,1,2,2,2,2,2,2,2,2,2,2,1,1,2,2,1,1,2,2,0,0,0
2008,12,105,2,120012,1,4,2,2,1,1,3,1,2,1,1,2,3,1,2,2,2,2,2,2,3,2,2,2,2,1,1,1,2,1,2,0,0,0
2008,12,99,1,120013,1,4,2,1,4,2,1,2,1,2,2,2,1,2,2,2,2,2,1,2,1,2,2,2,2,2,2,2,1,1,2,0,0,0
2008,12,95,1,120014,1,4,2,2,1,2,4,2,1,2,2,2,1,2,2,2,1,2,2,2,3,2,2,2,2,2,2,2,2,2,2,0,0,0
2008,12,127,1,120015,1,4,2,1,3,2,1,2,1,2,2,2,1,2,2,2,2,2,2,2,2,2,2,1,1,2,2,1,1,1,2,0,0,0
2008,12,53,1,120016,1,4,2,2,1,2,3,2,4,1,2,2,2,2,2,2,2,2,2,2,1,2,2,2,2,2,2,2,1,1,2,0,0,0
2008,12,87,1,120017,1,4,1,2,1,2,3,2,4,2,2,2,3,2,1,2,2,2,2,2,3,2,2,2,2,2,2,2,1,2,2,0,0,0
2008,12,86,1,120018,1,4,2,2,2,2,2,3,1,1,2,2,2,2,2,2,2,2,1,2,3,2,2,2,2,1,2,2,1,1,2,0,0,0
2008,12,11,2,120019,1,4,2,2,3,2,3,2,1,2,2,2,3,2,2,1,2,2,2,2,1,2,2,2,2,2,1,1,1,1,2,0,0,0
2008,12,105,1,120020,1,4,2,2,3,1,3,1,1,2,2,2,1,2,2,2,2,2,1,2,1,2,2,2,2,2,2,2,2,1,2,0,0,0
2008,12,11,1,120021,1,4,2,2,1,1,5,1,4,1,2,2,3,2,1,2,2,2,2,2,3,2,2,2,2,1,2,2,2,2,2,0,0,0
2008,12,121,1,120022,1,4,1,1,2,2,1,2,1,2,2,2,1,2,2,2,2,2,1,2,2,1,1,1,1,2,2,1,1,1,2,0,0,0
2008,12,103,2,120024,1,4,2,2,1,1,3,1,4,1,1,2,2,2,1,1,2,2,1,2,3,2,2,2,2,2,1,1,2,2,2,0,0,0
2008,12,11,1,120025,1,4,2,2,1,2,6,3,1,1,1,2,1,2,2,2,2,2,2,2,1,2,2,2,2,1,2,2,2,2,2,0,0,0
2008,12,81,1,120026,1,4,2,2,1,2,3,2,1,2,1,1,3,2,2,2,1,2,2,2,3,2,2,2,2,2,1,1,2,2,2,0,0,0
2008,12,99,1,120027,1,4,2,1,1,2,1,2,2,2,1,2,3,2,2,1,2,2,2,2,3,1,1,1,1,2,2,1,2,1,2,0,0,0
2008,12,97,1,120028,1,4,1,2,1,1,6,1,4,1,1,2,2,2,1,1,2,2,2,2,3,2,2,2,2,2,2,2,2,2,2,0,0,0
2008,12,1,1,120029,1,4,1,2,1,1,6,1,4,1,1,2,2,1,2,2,2,2,2,2,3,2,2,2,2,2,2,2,2,2,2,0,0,0
2008,12,27,1,120030,1,4,1,2,1,1,3,1,3,1,1,2,3,1,2,2,2,2,2,2,3,2,2,2,2,2,2,2,2,2,2,0,0,0
2008,12,105,4,120031,1,4,1,1,1,2,1,2,4,2,1,2,3,1,2,2,2,2,2,2,1,2,2,2,2,1,2,2,1,2,2,0,0,0
2008,12,127,1,120032,1,4,1,2,2,2,6,2,1,2,1,2,1,2,1,1,2,2,2,2,1,2,2,2,2,2,2,2,1,1,2,0,0,0
2008,12,101,1,120033,1,4,2,2,1,2,3,2,4,2,1,2,2,2,2,1,2,2,1,2,3,2,2,2,2,2,2,2,2,2,2,0,0,0
2008,12,103,1,120034,1,4,1,2,1,2,6,2,4,2,1,2,2,1,1,1,2,2,2,2,3,2,2,2,2,2,2,2,2,2,2,0,0,0
2008,12,11,1,120035,1,4,2,1,1,2,1,2,1,2,1,2,1,2,2,2,1,2,2,2,3,2,2,2,2,2,2,2,2,2,2,0,0,0
2008,12,99,1,120036,1,4,2,2,1,2,3,2,1,2,1,2,1,2,2,1,1,2,2,2,3,2,2,2,2,2,2,2,2,2,2,0,0,0
2008,12,81,1,120037,1,4,2,2,1,1,3,1,1,2,1,2,1,2,2,2,1,2,2,2,3,2,2,2,2,2,2,2,2,2,2,0,0,0
2008,12,79,1,120038,1,4,1,1,1,2,1,2,2,1,1,2,2,1,2,2,2,2,2,2,1,2,2,2,2,2,2,2,2,1,2,0,0,0
2008,12,103,1,120039,1,4,2,2,1,1,3,1,4,1,1,2,2,2,2,2,2,2,1,2,3,1,1,1,1,2,2,1,2,2,2,0,0,0
2008,12,11,1,120040,1,4,2,2,4,1,6,1,1,2,1,2,1,2,2,2,1,2,2,2,3,2,2,2,2,2,2,2,2,2,2,0,0,0
2008,12,29,1,120041,1,4,1,2,2,2,4,2,1,2,1,2,1,2,2,2,2,2,1,2,1,2,2,2,2,2,2,2,1,1,2,0,0,0
2008,12,103,1,120042,1,4,1,2,1,2,6,2,1,1,1,2,1,2,2,2,2,1,2,2,2,2,2,2,2,2,2,2,2,1,2,0,0,0
2008,12,95,1,120043,1,4,2,1,2,2,1,2,1,2,1,2,1,2,1,2,2,2,2,2,1,2,2,2,2,2,2,2,1,1,2,0,0,0
2008,12,86,1,120044,1,4,2,2,1,1,3,1,4,1,1,2,3,2,2,2,2,2,2,2,3,2,2,2,2,1,1,1,2,2,2,0,0,0
2008,12,105,1,120045,1,4,1,2,1,2,3,2,3,1,1,2,2,2,2,2,2,2,2,2,3,2,2,2,2,2,2,2,2,2,2,0,0,0
2008,12,23,1,120046,1,4,1,2,1,1,6,1,4,1,1,2,2,2,2,2,2,2,1,2,3,1,1,1,1,1,2,1,2,2,2,0,0,0
2008,12,73,1,120047,1,4,2,2,1,2,4,3,2,2,1,2,2,2,2,2,2,2,2,2,3,1,1,1,1,2,2,1,2,1,2,0,0,0
2008,12,127,1,120048,1,4,1,1,2,2,1,3,1,2,2,2,1,2,1,2,2,2,2,2,1,2,2,2,2,2,2,2,1,1,2,0,0,0
2008,12,79,1,120049,1,4,1,1,3,2,1,2,1,1,1,2,1,2,2,1,2,2,1,2,2,1,1,1,1,2,2,1,1,2,2,0,0,0
2008,12,105,1,120050,1,4,2,2,1,1,3,1,4,1,1,2,2,2,2,2,2,2,2,2,3,2,2,2,2,1,2,2,2,2,2,0,0,0
2008,12,115,1,120051,1,4,1,1,2,2,1,2,1,1,1,2,1,2,2,2,2,2,1,2,2,2,2,2,2,2,2,2,1,1,2,0,0,0
2008,12,101,1,120052,1,4,2,2,1,2,3,2,3,2,2,2,2,2,2,2,2,2,2,2,3,2,2,2,2,2,2,2,1,1,2,0,0,0
2008,12,101,1,120053,1,4,2,2,1,2,3,2,1,2,2,2,1,2,2,2,1,2,2,2,3,2,2,2,2,2,2,2,2,2,2,0,0,0
2008,12,87,1,120054,1,4,2,2,1,2,3,2,1,2,2,2,1,2,2,2,1,2,2,2,2,2,2,2,2,2,2,2,2,2,2,0,0,0
2008,12,71,1,120055,1,4,1,2,1,1,6,1,4,2,2,2,2,1,2,2,2,2,1,2,3,2,2,2,2,2,2,2,2,2,2,0,0,0
2008,12,127,1,120056,1,4,1,2,2,2,6,2,1,2,2,2,1,2,1,2,2,2,2,2,1,2,2,2,2,2,2,2,1,1,2,0,0,0
2008,12,95,1,120057,1,4,2,2,1,2,6,2,1,2,2,1,1,2,2,2,1,2,2,2,3,2,2,2,2,2,2,2,2,2,2,0,0,0
2008,12,15,1,120058,1,4,1,2,1,1,6,1,3,1,2,2,2,2,2,2,2,2,2,2,3,2,2,2,2,1,2,2,2,2,2,0,0,0
2008,12,86,1,120059,1,4,2,2,1,1,3,1,3,1,2,2,2,2,2,2,2,2,1,2,1,2,2,2,2,2,2,2,2,2,2,0,0,0
2008,12,115,1,120060,1,4,1,2,1,2,6,3,1,1,2,2,1,2,1,1,2,2,2,2,2,2,2,2,2,2,2,2,2,1,2,0,0,0
2008,12,91,1,120061,1,4,1,2,2,2,4,2,1,2,1,2,1,2,2,1,2,2,1,2,1,2,2,2,2,2,1,1,1,2,2,0,0,0
2008,12,131,1,120062,1,4,1,2,3,2,3,2,1,2,2,2,1,2,2,2,2,2,1,2,3,1,1,1,1,2,2,1,1,1,2,0,0,0
2008,12,101,1,120063,1,4,2,2,1,2,3,2,1,2,2,2,1,2,1,2,1,2,2,2,3,2,2,2,2,2,2,2,2,2,2,0,0,0
2008,12,127,2,120064,1,4,2,2,2,1,4,1,1,2,2,2,1,2,2,2,2,2,2,2,1,2,2,2,2,2,2,2,2,2,2,0,0,0
2008,12,9,1,120065,1,4,2,1,1,2,1,2,1,2,1,2,1,2,2,2,1,2,2,2,3,2,2,2,2,2,2,2,2,2,2,0,0,0
2008,12,21,1,120066,1,4,1,1,2,2,1,2,1,1,1,2,1,1,2,1,2,2,1,2,2,2,2,2,2,2,2,2,2,2,2,0,0,0
2008,12,3,1,120067,1,4,1,2,1,2,4,2,3,1,1,2,2,2,2,2,2,2,2,2,2,2,2,1,1,2,2,1,1,2,2,0,0,0
2008,12,105,1,120068,1,4,2,2,1,1,3,1,4,2,1,2,2,1,2,2,2,2,2,2,1,2,2,2,2,2,2,2,2,2,2,0,0,0
2008,12,115,1,120069,1,4,2,2,1,1,3,1,2,1,1,2,2,2,2,2,2,2,1,2,3,2,2,2,2,2,2,2,2,1,2,0,0,0
2008,12,101,1,120070,1,4,2,1,1,2,1,2,4,1,1,2,2,1,2,2,2,2,2,2,2,2,2,2,2,2,1,1,1,1,2,0,0,0
2008,12,121,1,120071,1,4,1,2,2,2,4,2,1,2,1,2,1,2,2,1,2,2,1,2,3,2,2,2,2,1,2,2,1,1,2,0,0,0
2008,12,33,2,120072,1,4,2,2,1,2,3,2,3,2,1,2,2,2,2,2,2,2,1,2,1,1,1,1,1,2,2,1,1,2,2,0,0,0
2008,12,11,2,120073,1,4,2,1,1,2,1,2,3,2,1,2,2,2,2,2,2,2,2,2,1,2,2,2,2,2,1,1,2,1,2,0,0,0
2008,12,57,1,120074,1,4,1,2,1,1,6,1,2,1,1,2,2,2,2,2,2,2,2,2,3,2,2,2,2,2,1,1,2,1,2,0,0,0
2008,12,81,1,120075,1,4,1,2,4,2,6,2,1,1,1,2,1,2,2,1,2,2,2,2,1,2,2,2,2,1,2,2,1,2,2,0,0,0
2008,12,89,1,120076,1,4,1,2,1,1,4,1,4,1,1,2,2,2,2,2,2,2,2,2,3,2,2,2,2,1,2,2,2,2,2,0,0,0
2008,12,107,1,120077,1,4,1,2,1,2,6,2,1,1,1,2,1,2,2,2,2,1,2,2,3,2,2,2,2,2,2,2,2,2,2,0,0,0
2008,12,55,1,120078,1,4,1,2,1,2,3,2,2,2,1,2,2,1,2,2,2,2,2,2,3,2,2,2,2,1,2,2,2,2,2,0,0,0
2008,12,31,1,120079,1,4,2,2,2,2,3,2,1,2,1,2,1,2,2,2,2,2,2,2,1,2,2,2,2,2,2,2,1,1,2,0,0,0
2008,12,103,1,120080,1,4,2,2,1,1,6,1,3,2,1,1,2,2,1,1,2,2,2,2,3,2,2,2,2,2,2,2,2,2,2,0,0,0
2008,12,97,1,120081,1,4,1,2,1,2,6,2,1,2,1,2,1,2,2,2,2,2,2,2,3,2,2,2,2,2,2,2,2,2,2,0,0,0
2008,12,81,1,120082,1,4,1,2,1,1,6,1,3,1,1,2,2,2,2,2,2,2,2,2,3,2,2,2,2,2,2,2,2,2,2,0,0,0
2008,12,101,1,120083,1,4,1,2,1,2,6,2,1,2,2,2,1,2,2,2,1,2,2,2,2,2,2,2,2,2,2,2,2,2,2,0,0,0
2008,12,85,1,120084,1,4,2,2,2,2,3,2,1,1,1,2,1,2,2,2,2,2,2,2,3,2,2,2,2,2,2,2,1,2,2,0,0,0
2008,12,85,1,120085,1,4,1,2,1,2,3,2,1,2,2,1,3,2,2,2,2,1,2,2,2,2,2,2,2,2,1,1,2,2,2,0,0,0
2008,12,86,1,120086,1,4,1,2,1,2,6,2,3,2,2,2,2,2,1,2,2,2,2,2,3,1,1,1,1,2,2,1,2,1,2,0,0,0
2008,12,131,1,120087,1,4,1,1,3,2,1,2,1,1,2,2,1,2,2,1,2,2,2,2,3,2,2,2,2,2,2,2,1,2,2,0,0,0
2008,12,101,1,120088,1,4,2,2,1,1,3,1,4,2,2,2,2,2,2,2,2,2,2,2,3,2,2,2,2,1,2,2,2,2,2,0,0,0
2008,12,109,1,120089,1,4,1,2,1,2,4,2,1,2,2,2,2,2,2,2,2,1,2,2,3,2,2,2,2,1,2,2,2,2,2,0,0,0
2008,12,57,1,120090,1,4,2,1,2,2,1,2,1,2,2,2,1,2,2,2,2,2,2,2,3,2,2,2,2,2,1,1,1,1,2,0,0,0
2008,12,83,1,120091,1,4,2,2,1,1,3,1,4,1,2,2,2,2,2,2,2,2,2,2,3,2,2,2,2,2,2,2,2,2,2,0,0,0
2008,12,115,1,120092,1,4,2,2,1,1,3,1,1,2,1,2,1,2,2,2,1,2,2,2,3,2,2,2,2,2,2,2,2,2,2,0,0,0
2008,12,103,1,120093,1,4,1,1,2,2,1,2,1,1,2,2,1,2,2,1,2,2,1,2,2,2,2,2,2,2,2,2,1,1,2,0,0,0
2008,12,85,2,120094,1,4,1,2,1,2,3,2,5,2,2,2,3,2,2,2,2,2,1,2,3,2,2,2,2,1,1,1,1,2,2,0,0,0
2008,12,61,1,120095,1,4,1,2,3,2,4,2,1,2,2,2,1,2,2,2,2,2,2,2,1,2,2,2,2,2,2,2,1,1,2,0,0,0
2008,12,86,1,120096,1,4,2,2,1,2,4,2,1,2,1,2,1,2,2,2,1,2,2,2,3,2,2,2,2,2,2,2,2,2,2,0,0,0
2008,12,86,1,120097,1,4,2,1,3,2,1,2,1,2,2,2,1,2,2,2,2,2,1,2,2,2,2,2,2,2,2,2,1,1,2,0,0,0
2008,12,99,1,120098,1,4,1,2,1,2,3,3,4,1,1,2,3,1,2,2,2,2,2,2,3,2,2,2,2,2,2,2,2,2,2,0,0,0
2008,12,86,1,120099,1,4,2,2,1,1,3,1,4,2,1,2,2,2,1,2,2,2,2,2,3,2,2,2,2,2,2,2,2,2,2,0,0,0
2008,12,23,1,120100,1,4,1,2,1,2,6,2,1,2,1,2,1,2,2,2,1,2,2,2,3,1,1,1,1,2,2,1,2,2,2,0,0,0
2008,12,109,1,120101,1,4,1,1,1,2,1,2,2,2,1,2,2,1,2,2,2,2,2,2,3,2,2,2,2,2,2,2,2,2,2,0,0,0
2008,12,27,1,120102,1,4,1,2,1,1,6,1,4,1,1,2,2,2,2,1,2,2,1,2,1,2,2,1,1,2,2,1,2,2,2,0,0,0
2008,12,21,1,120103,1,4,2,2,1,1,6,1,1,2,1,2,3,2,2,2,1,2,2,2,3,2,2,2,2,2,2,2,2,2,2,0,0,0
2008,12,86,1,120104,1,4,1,2,1,2,6,2,1,1,1,2,1,2,2,2,1,2,2,2,3,2,2,2,2,2,1,1,2,2,2,0,0,0
2008,12,11,2,120105,1,4,2,1,1,2,1,2,4,2,1,2,3,1,2,2,2,2,1,2,3,2,2,2,2,2,1,1,1,2,2,0,0,0
2008,12,9,1,120106,1,4,2,2,1,1,6,1,1,2,1,2,1,2,2,2,1,2,2,2,3,2,2,2,2,1,2,2,2,2,2,0,0,0
2008,12,69,1,120107,1,4,2,2,1,1,3,1,1,2,1,2,1,2,2,2,1,2,2,2,2,2,2,2,2,2,2,2,2,2,2,0,0,0
2008,12,111,1,120108,1,4,2,2,1,2,3,2,4,1,1,2,2,1,1,2,2,2,2,2,3,2,2,2,2,2,2,2,2,2,2,0,0,0
2008,12,105,1,120109,1,4,2,2,2,1,4,1,1,2,2,2,1,2,2,1,2,2,1,2,2,2,2,1,1,2,2,1,2,2,2,0,0,0
2008,12,57,1,120110,1,4,2,2,1,2,3,2,1,2,2,2,1,2,2,2,1,2,2,2,3,2,2,2,2,2,2,2,2,2,2,0,0,0
2008,12,21,4,120111,1,4,1,2,1,2,3,2,1,1,1,2,2,1,2,2,2,2,1,2,2,2,2,2,2,2,1,1,1,1,2,0,0,0
2008,12,129,1,120112,1,4,1,2,2,2,6,2,1,1,1,2,1,2,2,2,1,2,2,2,2,2,2,2,2,2,2,2,2,2,2,0,0,0
2008,12,127,1,120113,1,4,2,1,1,2,1,2,1,2,2,2,1,1,2,2,1,2,2,2,3,2,2,2,2,2,2,2,2,2,2,0,0,0
2008,12,11,1,120114,1,4,1,1,1,2,1,2,1,2,1,2,1,2,2,2,2,2,1,2,2,2,2,2,2,2,2,2,1,1,2,0,0,0
2008,12,83,1,120115,1,4,1,2,4,1,6,1,1,2,1,2,1,2,2,2,2,2,2,2,2,2,2,2,2,2,2,2,2,2,2,0,0,0
2008,12,21,1,120116,1,4,1,2,1,2,6,2,3,1,2,1,2,2,1,2,2,2,2,2,3,2,2,1,1,2,1,1,2,2,2,0,0,0
2008,12,71,1,120117,1,4,2,1,2,2,1,2,1,2,2,2,1,2,2,2,2,2,1,2,3,2,2,2,2,2,2,2,1,1,2,0,0,0
2008,12,99,1,120118,1,4,2,2,1,2,4,2,4,2,2,1,3,2,2,2,2,2,2,2,1,2,2,1,1,1,2,1,2,2,2,0,0,0
2008,12,73,1,120119,1,4,2,2,1,1,3,1,4,1,2,2,3,2,2,2,2,2,2,2,3,1,1,1,1,2,1,1,2,1,2,0,0,0
2008,12,119,1,120120,1,4,1,2,1,2,6,2,5,1,1,2,3,2,2,2,2,2,2,2,3,2,2,2,2,1,1,1,1,2,2,0,0,0
2008,12,99,1,120122,1,4,2,2,1,2,5,3,4,1,1,2,2,2,2,1,2,2,2,2,3,1,1,1,1,1,2,1,2,2,2,0,0,0
2008,12,129,1,120123,1,4,1,2,2,2,3,2,1,2,2,2,1,2,2,2,2,2,1,2,1,2,2,2,2,2,2,2,1,1,2,0,0,0
2008,12,33,3,120124,1,4,1,2,2,2,4,2,3,1,1,2,2,2,2,2,2,2,2,2,2,2,2,2,2,1,2,2,1,1,2,0,0,0
2008,12,115,1,120125,1,4,2,2,1,1,3,1,4,1,1,2,2,2,2,2,2,2,2,2,3,2,2,2,2,1,2,2,2,2,2,0,0,0
2008,12,95,1,120126,1,4,2,2,1,1,6,1,4,2,1,2,2,2,1,2,2,2,2,2,1,2,2,1,1,2,2,1,2,2,2,0,0,0
2008,12,31,1,120127,1,4,2,2,1,2,3,2,1,2,1,2,1,1,2,2,1,2,2,2,3,2,2,2,2,2,2,2,2,2,2,0,0,0
2008,12,87,2,120128,1,4,2,2,1,1,3,1,4,2,1,2,2,2,1,1,2,2,2,2,2,2,2,2,2,2,2,2,2,2,2,0,0,0
2008,12,83,1,120129,1,4,2,2,1,2,3,2,1,2,1,2,1,2,2,2,1,2,2,2,3,2,2,2,2,2,1,1,2,2,2,0,0,0
2008,12,11,2,120130,1,4,2,2,1,1,4,1,2,1,1,2,3,2,2,2,2,2,1,2,3,2,2,2,2,1,1,1,2,2,2,0,0,0
2008,12,131,1,120131,1,4,1,2,1,2,4,2,1,1,1,2,1,2,2,2,2,1,2,2,2,2,2,2,2,2,2,2,2,2,2,0,0,0
2008,12,49,1,120132,1,4,2,2,1,2,3,2,1,2,1,2,1,2,2,2,1,2,2,2,3,2,2,2,2,2,2,2,2,2,2,0,0,0
2008,12,86,1,120133,1,4,1,2,1,2,3,2,3,1,1,2,2,1,2,2,2,2,1,2,3,2,2,2,2,2,1,1,1,2,2,0,0,0
2008,12,69,1,120134,1,4,1,2,2,2,6,2,1,2,1,2,1,2,2,2,2,2,1,2,1,2,2,2,2,2,2,2,1,1,2,0,0,0
2008,12,107,1,120135,1,4,1,2,1,2,3,2,1,2,1,2,1,2,1,2,2,2,2,2,2,2,2,2,2,2,2,2,2,2,2,0,0,0
2008,12,99,1,120136,1,4,2,1,1,2,1,2,1,1,1,2,1,2,2,2,1,2,2,2,3,2,2,2,2,2,2,2,2,2,2,0,0,0
2008,12,97,1,120137,1,4,1,2,1,2,6,2,4,1,1,2,2,2,2,2,2,2,1,2,3,2,2,2,2,1,2,2,2,2,2,0,0,0
2008,12,95,1,120138,1,4,1,2,3,2,6,2,1,2,1,2,1,2,2,2,2,2,1,2,1,2,2,1,1,2,2,1,1,1,2,0,0,0
2008,12,45,1,120139,1,4,1,2,2,2,3,2,3,1,1,2,2,2,2,1,2,2,1,1,3,2,2,2,2,2,2,2,1,2,2,0,0,0
2008,12,127,1,120140,1,4,1,2,1,1,6,1,4,2,1,1,2,2,2,1,2,2,2,2,3,2,2,2,2,2,2,2,2,2,2,0,0,0
2008,12,97,1,120141,1,4,2,2,1,2,3,2,2,2,1,2,2,1,1,2,2,2,2,2,3,2,2,2,2,2,2,2,2,2,2,0,0,0
2008,12,95,1,120142,1,4,2,2,1,2,3,2,1,2,1,1,1,2,2,2,2,1,2,2,3,2,2,2,2,2,2,2,2,2,2,0,0,0
2008,12,57,1,120143,1,4,2,2,2,2,3,2,1,1,1,2,1,2,2,2,2,2,2,2,2,2,2,2,2,2,2,2,1,1,2,0,0,0
2008,12,86,1,120144,1,4,1,2,1,2,6,2,1,2,1,2,1,2,2,2,2,2,2,2,1,2,2,2,2,2,2,2,2,2,2,0,0,0
2008,12,86,1,120145,1,4,2,1,4,2,1,2,1,2,2,2,1,2,2,2,2,2,1,2,1,2,2,2,2,2,2,2,1,1,2,0,0,0
2008,12,86,1,120146,1,4,2,2,2,2,6,3,1,1,2,2,1,2,2,2,1,2,2,2,3,2,2,2,2,2,2,2,2,2,2,0,0,0
2008,12,103,1,120147,1,4,2,2,1,1,6,1,1,2,2,2,1,2,2,2,1,2,2,2,3,2,2,2,2,1,2,2,2,2,2,0,0,0
2008,12,86,1,120149,1,4,2,2,1,1,3,1,1,1,1,2,1,2,2,2,1,2,2,2,3,2,2,2,2,1,2,2,2,2,2,0,0,0
2008,12,127,1,120150,1,4,2,2,1,2,3,2,3,2,1,2,2,2,1,2,2,2,2,2,1,2,2,2,2,2,1,1,1,1,2,0,0,0
2008,12,5,1,120151,1,4,2,2,1,1,3,1,1,1,1,2,1,2,2,2,1,2,2,2,2,2,2,2,2,2,2,2,2,2,2,0,0,0
2008,12,21,1,120152,1,4,2,2,1,1,6,1,4,1,2,2,2,2,1,2,2,2,2,2,3,1,1,1,1,2,2,1,2,2,2,0,0,0
2008,12,111,1,120153,1,4,2,2,1,2,3,2,1,2,1,1,1,2,2,2,2,1,2,2,1,2,2,2,2,2,2,2,2,1,2,0,0,0
2008,12,49,1,120154,1,4,1,2,1,1,6,1,5,1,1,2,2,1,2,2,2,2,2,2,3,2,2,2,2,2,1,1,2,2,2,0,0,0
2008,12,101,1,120155,1,4,1,2,1,2,6,2,3,1,1,2,2,2,2,1,2,2,1,2,1,2,2,2,2,2,2,2,1,1,2,0,0,0
2008,12,31,1,120156,1,4,2,2,2,2,4,2,1,2,2,2,1,2,2,2,2,2,1,2,1,2,2,2,2,2,2,2,1,1,2,0,0,0
2008,12,61,1,120157,1,4,2,2,1,1,3,1,1,2,2,2,1,2,2,2,1,2,2,2,3,1,1,1,1,2,2,1,2,2,2,0,0,0
2008,12,71,1,120158,1,4,2,2,4,1,6,1,1,1,2,2,1,2,2,2,2,2,1,2,1,2,2,2,2,2,2,2,2,2,2,0,0,0
2008,12,127,1,120159,1,4,2,2,1,1,3,1,2,2,2,2,2,2,1,2,2,2,2,2,1,2,2,2,2,2,2,2,2,2,2,0,0,0
2008,12,105,1,120160,1,4,1,2,1,2,6,2,3,1,2,2,2,2,1,2,2,2,2,2,3,2,2,2,2,2,2,2,1,2,2,0,0,0
2008,12,83,1,120161,1,4,2,2,1,2,3,2,3,1,2,2,2,1,2,2,2,2,1,2,3,1,1,1,1,2,2,1,1,2,2,0,0,0
2008,12,99,1,120162,1,4,2,2,1,2,3,2,1,2,2,2,1,2,2,2,1,2,2,2,3,2,2,2,2,2,2,2,2,2,2,0,0,0
2008,12,11,1,120163,1,4,2,2,1,1,3,1,1,2,2,2,1,2,2,2,1,2,2,2,3,2,2,2,2,2,2,2,2,2,2,0,0,0
2008,12,51,1,120164,1,4,2,2,1,2,6,2,1,1,2,2,1,2,2,2,2,1,2,2,3,2,2,2,2,2,2,2,2,2,2,0,0,0
2008,12,99,1,120165,1,4,2,2,1,1,3,1,4,2,2,2,3,2,2,2,2,2,1,2,3,1,1,1,1,2,1,1,2,2,2,0,0,0
2008,12,75,1,120166,1,4,1,2,2,2,3,2,1,1,2,2,2,2,2,2,2,2,2,2,3,2,2,2,2,2,2,2,1,2,2,0,0,0
2008,12,39,1,120167,1,4,1,1,1,2,1,2,4,1,2,2,2,2,2,2,2,2,1,2,3,2,2,2,2,2,2,2,1,2,2,0,0,0
2008,12,127,1,120168,1,4,1,1,1,2,1,2,5,2,2,2,3,2,2,1,2,2,2,2,1,2,2,2,2,2,1,1,2,1,2,0,0,0
2008,12,57,1,120169,1,4,2,2,1,2,3,2,3,2,2,2,2,2,2,2,2,2,2,2,1,1,1,1,1,2,2,1,2,2,2,0,0,0
2008,12,83,1,120170,1,4,1,2,2,1,6,1,1,2,2,2,1,2,1,2,2,2,2,2,1,2,2,2,2,2,2,2,2,1,2,0,0,0
2008,12,111,1,120171,1,4,2,1,1,2,1,2,1,2,2,2,1,2,2,2,1,2,1,2,1,2,2,2,2,2,2,2,2,2,2,0,0,0
2008,12,69,1,120172,1,4,1,2,1,2,4,2,3,1,1,2,3,1,2,2,2,2,2,2,3,2,2,2,2,1,2,2,2,1,2,0,0,0
2008,12,91,1,120173,1,4,2,2,1,2,4,3,1,1,1,2,2,2,1,1,2,2,2,2,3,2,2,2,2,2,2,2,2,1,2,0,0,0
2008,12,31,1,120174,1,4,2,1,1,1,1,1,4,1,1,2,2,2,1,2,2,2,2,2,3,2,2,2,2,2,2,2,2,2,2,0,0,0
2008,12,83,1,120175,1,4,1,2,4,2,6,2,1,2,1,1,1,2,2,2,2,2,1,2,1,2,2,2,2,2,2,2,1,1,2,0,0,0
2008,12,1,1,120176,1,4,2,2,4,2,3,2,1,1,1,2,1,2,2,2,2,2,2,2,3,2,2,2,2,2,2,2,1,2,2,0,0,0
2008,12,83,1,120177,1,4,1,2,1,2,3,2,4,1,1,2,2,1,2,2,2,2,2,2,3,1,1,1,1,2,2,1,2,2,2,0,0,0
2008,12,115,1,120178,1,4,2,2,3,2,3,2,1,1,1,2,1,2,1,2,2,2,2,2,2,2,2,2,2,2,2,2,1,1,2,0,0,0
2008,12,86,1,120179,1,4,1,2,2,2,6,2,1,1,1,2,1,2,2,2,2,2,2,2,3,2,2,2,2,2,2,2,1,1,2,0,0,0
2008,12,7,1,120180,1,4,1,2,1,2,4,2,1,2,1,2,1,2,2,2,2,2,1,2,1,2,2,2,2,2,1,1,1,1,2,0,0,0
2008,12,57,1,120181,1,4,2,2,1,1,3,1,4,2,1,2,2,2,2,1,2,2,2,2,1,2,2,1,1,2,2,1,2,2,2,0,0,0
2008,12,105,2,120182,1,4,1,2,1,1,3,1,4,2,1,2,2,2,2,2,2,2,1,2,3,1,1,1,1,2,2,1,2,2,2,0,0,0
2008,12,53,1,120183,1,4,2,2,1,2,3,2,1,2,1,2,3,2,2,2,1,2,2,2,3,2,2,2,2,1,2,2,2,2,2,0,0,0
2008,12,57,1,120184,1,4,1,2,1,1,6,1,4,2,1,2,2,2,2,2,2,2,2,2,3,1,1,1,1,2,2,1,2,2,2,0,0,0
2008,12,105,1,120185,1,4,2,2,1,1,3,1,1,1,1,1,1,1,2,2,2,2,2,2,3,2,2,2,2,2,2,2,2,2,2,0,0,0
2008,12,19,1,120186,1,4,2,2,1,1,6,1,2,2,1,2,2,2,1,2,2,2,2,2,1,2,2,2,2,2,2,2,2,1,2,0,0,0
2008,12,21,1,120187,1,4,1,2,1,1,3,1,4,1,1,2,2,1,2,2,2,2,2,2,3,2,2,2,2,1,2,2,2,2,2,0,0,0
2008,12,95,1,120188,1,4,2,1,1,2,1,2,1,1,1,2,1,2,2,2,1,2,2,2,3,2,2,2,2,2,2,2,2,2,2,0,0,0
2008,12,103,1,120189,1,4,2,1,2,2,1,2,1,2,2,2,1,2,1,1,2,2,2,2,1,2,2,2,2,2,2,2,1,2,2,0,0,0
2008,12,99,1,120190,1,4,2,2,1,2,5,2,3,1,1,2,2,2,2,2,2,2,2,2,3,2,2,2,2,2,2,2,1,2,2,0,0,0
2008,12,86,1,120191,1,4,2,2,1,1,3,1,2,1,1,2,3,2,2,2,2,2,2,2,3,2,2,2,2,1,2,2,2,1,2,0,0,0
2008,12,113,1,120192,1,4,2,2,2,2,4,2,1,2,1,2,1,2,2,2,2,2,1,2,1,2,2,2,2,2,2,2,1,2,2,0,0,0
2008,12,105,1,120193,1,4,2,2,1,1,3,1,2,1,1,2,2,1,2,2,2,2,2,2,3,2,2,2,2,2,2,2,2,1,2,0,0,0
2008,12,57,1,120194,1,4,3,3,1,2,7,2,1,2,2,2,1,2,2,2,1,2,2,2,3,2,2,2,2,2,2,2,2,2,2,0,0,0
2008,12,86,1,120195,1,4,1,2,1,1,6,1,1,2,2,2,1,2,2,2,2,1,2,2,2,2,2,2,2,2,1,1,2,2,2,0,0,0
2008,12,59,1,120196,1,4,2,2,2,2,6,2,1,2,2,2,1,2,2,2,2,2,1,2,1,2,2,2,2,2,2,2,1,1,2,0,0,0
2008,12,57,1,120197,1,4,1,2,1,2,3,2,3,1,1,2,2,2,2,2,2,2,2,2,1,1,1,1,1,2,2,1,1,2,2,0,0,0
2008,12,57,1,120198,1,4,2,1,1,2,1,2,1,2,2,2,1,2,2,2,2,2,1,2,2,2,2,2,2,2,2,2,1,2,2,0,0,0
2008,12,73,1,120200,1,4,1,2,4,2,6,2,1,1,2,2,1,2,2,2,2,2,1,2,2,2,2,2,2,2,2,2,1,2,2,0,0,0
2008,12,85,1,120201,1,4,2,2,1,2,3,2,1,2,2,2,1,2,2,2,1,2,2,2,3,2,2,2,2,1,2,2,2,2,2,0,0,0
2008,12,1,1,120202,1,4,1,2,1,2,6,2,1,1,2,2,1,2,2,2,2,1,2,2,2,2,2,2,2,2,2,2,2,1,2,0,0,0
2008,12,13,1,120203,1,4,1,2,2,2,6,2,1,1,2,2,1,2,1,2,2,2,2,2,2,2,2,2,2,2,2,2,1,1,2,0,0,0
2008,12,35,1,120204,1,4,1,2,2,2,3,2,1,2,2,2,1,2,1,2,2,2,2,2,1,2,2,2,2,2,2,2,1,1,2,0,0,0
2008,12,55,1,120205,1,4,1,2,1,2,6,2,1,2,2,2,1,2,2,2,2,2,2,2,3,2,2,2,2,2,2,2,2,2,2,0,0,0
2008,12,99,1,120206,1,4,2,2,1,2,4,2,1,1,2,2,1,2,1,2,2,2,2,2,3,2,2,2,2,2,2,2,1,2,2,0,0,0
2008,12,11,1,120207,1,4,2,2,1,1,6,1,4,2,2,2,2,2,1,2,2,2,1,2,1,1,1,1,1,2,1,1,2,2,2,0,0,0
2008,12,87,1,120208,1,4,2,2,1,2,3,2,1,2,2,2,2,2,2,2,1,2,2,2,3,2,2,2,2,1,2,2,2,2,2,0,0,0
2008,12,9,1,120209,1,4,2,2,1,2,3,2,2,1,2,2,2,2,1,2,2,2,2,2,1,2,2,2,2,2,2,2,2,2,2,0,0,0
2008,12,83,1,120210,1,4,1,2,1,1,6,1,4,1,2,2,2,2,1,2,2,2,2,2,3,2,2,2,2,2,2,2,2,2,2,0,0,0
2008,12,83,1,120211,1,4,2,2,1,2,3,2,1,2,1,2,1,2,2,2,1,2,2,2,3,1,1,1,1,2,2,1,2,1,2,0,0,0
2008,12,21,1,120212,1,4,2,2,4,2,3,2,1,2,1,1,1,2,2,2,2,1,2,2,3,2,2,2,2,2,2,2,2,1,2,0,0,0
2008,12,9,1,120213,1,4,2,2,3,2,3,2,1,1,1,2,1,2,2,2,2,2,1,2,2,2,2,2,2,2,2,2,1,1,2,0,0,0
2008,12,103,2,120214,1,4,2,2,1,1,6,1,1,1,1,2,1,2,2,2,1,2,2,2,3,2,2,2,2,2,2,2,2,1,2,0,0,0
2008,12,101,1,120215,1,4,1,2,1,2,6,2,3,1,1,2,3,2,1,2,2,2,2,2,3,1,1,1,1,2,2,1,1,1,2,0,0,0
2008,12,99,1,120216,1,4,1,2,1,2,3,2,2,2,1,2,2,1,2,2,2,2,2,2,3,1,1,1,1,2,2,1,2,1,2,0,0,0
2008,12,9,1,120217,1,4,1,1,1,2,1,2,2,1,1,2,2,1,2,2,2,2,1,2,3,2,2,2,2,2,1,1,2,2,2,0,0,0
2008,12,11,1,120218,1,4,2,2,4,2,4,2,1,2,1,2,1,2,2,2,2,2,2,2,1,2,2,2,2,1,2,2,1,2,2,0,0,0
2008,12,55,1,120219,1,4,1,2,1,2,6,2,1,1,1,2,1,2,2,2,2,2,2,2,3,2,2,2,2,2,2,2,2,2,2,0,0,0
2008,12,31,1,120220,1,4,2,2,1,1,3,1,1,1,1,2,1,2,2,2,1,2,2,2,3,2,2,2,2,1,2,2,2,2,2,0,0,0
2008,12,75,1,120221,1,4,1,2,1,2,5,3,4,2,1,2,2,2,2,2,2,2,2,2,3,2,2,2,2,1,2,2,2,2,2,0,0,0
2008,12,101,1,120222,1,4,2,2,1,2,3,3,4,2,1,2,2,2,2,2,2,2,2,2,3,1,1,1,1,2,2,1,2,1,2,0,0,0
2008,12,11,1,120223,1,4,2,2,1,2,3,2,1,3,1,1,1,2,2,2,1,2,2,2,3,2,2,2,2,2,2,2,2,2,2,0,0,0
2008,12,83,1,120224,1,4,1,2,1,1,4,1,4,2,1,2,2,1,2,2,2,2,2,2,3,2,2,2,2,1,2,2,2,1,2,0,0,0
2008,12,35,1,120226,1,4,1,2,2,1,3,1,4,1,1,2,2,2,2,2,2,2,1,2,3,2,2,2,2,2,2,2,2,2,2,0,0,0
2008,12,86,1,120227,1,4,1,2,1,2,3,2,3,2,1,2,2,2,2,2,2,2,2,2,1,2,2,2,2,2,2,2,1,2,2,0,0,0
2008,12,83,1,120228,1,4,2,1,1,2,1,2,2,1,1,2,3,1,2,2,2,2,2,2,3,2,2,2,2,2,2,2,2,1,2,0,0,0
2008,12,77,1,120229,1,4,1,2,2,2,6,2,1,1,1,2,1,2,2,2,2,2,1,2,2,2,2,2,2,2,2,2,1,2,2,0,0,0
2008,12,107,1,120230,1,4,1,2,2,2,4,2,1,1,1,2,1,2,2,2,2,2,2,2,2,2,2,2,2,2,2,2,1,2,2,0,0,0
2008,12,113,1,120231,1,4,2,2,1,2,3,2,1,2,1,1,3,2,2,2,1,2,2,2,3,1,1,1,1,1,2,1,2,2,2,0,0,0
2008,12,86,1,120232,1,4,2,2,2,2,3,2,1,2,1,2,1,2,2,2,2,2,1,2,3,2,2,1,1,2,2,1,1,2,2,0,0,0
2008,12,57,1,120233,1,4,2,2,1,1,3,1,1,2,2,2,1,2,2,2,1,2,2,2,3,2,2,2,2,2,1,1,2,2,2,0,0,0
2008,12,11,1,120234,1,4,2,1,1,2,1,2,5,1,1,2,2,2,2,2,2,2,1,2,3,2,2,2,2,1,1,1,1,1,2,0,0,0
2008,12,11,1,120235,1,4,2,1,1,2,1,2,1,2,1,1,1,2,2,2,1,2,2,2,3,2,2,2,2,2,2,2,2,2,2,0,0,0
2008,12,103,1,120236,1,4,2,2,1,2,3,2,1,2,2,2,1,2,2,2,1,2,2,2,1,2,2,2,2,2,1,1,2,2,2,0,0,0
2008,12,101,1,120237,1,4,1,1,2,2,1,2,1,2,2,2,1,2,2,1,2,2,2,2,3,2,2,1,1,2,2,1,1,1,2,0,0,0
2008,12,85,1,120238,1,4,2,2,1,2,6,2,1,1,2,2,1,2,2,2,1,2,2,2,3,2,2,2,2,2,2,2,2,2,2,0,0,0
2008,12,101,1,120239,1,4,1,2,4,2,6,2,1,2,2,2,1,2,2,2,2,2,1,2,1,2,2,2,2,2,2,2,1,1,2,0,0,0
2008,12,105,1,120240,1,4,2,2,1,2,3,2,1,2,2,2,1,2,2,2,1,2,2,2,3,2,2,2,2,2,2,2,2,2,2,0,0,0
2008,12,83,1,120241,1,4,1,2,1,2,6,2,4,1,2,2,2,2,2,2,2,2,2,1,3,2,2,1,1,2,2,1,2,2,2,0,0,0
2008,12,81,1,120242,1,4,2,2,1,2,5,2,1,2,2,2,1,2,2,2,1,2,2,2,1,2,2,2,2,2,2,2,2,2,2,0,0,0
2008,12,121,1,120243,1,4,1,2,1,1,4,1,4,1,2,2,2,2,2,2,2,2,1,2,3,2,2,2,2,2,2,2,2,2,2,0,0,0
2008,12,97,1,120244,1,4,2,2,1,2,3,2,1,2,2,2,1,1,2,2,1,2,2,2,3,2,2,2,2,2,2,2,2,2,2,0,0,0
2008,12,103,1,120245,1,4,1,2,1,2,6,2,3,2,2,2,2,2,2,1,2,2,2,2,1,1,1,1,1,2,2,1,1,2,2,0,0,0
2008,12,87,2,120246,1,4,1,2,2,2,6,2,1,1,2,2,1,2,2,1,2,2,1,2,1,2,2,2,2,2,2,2,1,1,2,0,0,0
2008,12,129,1,120247,1,4,1,2,1,1,3,1,3,2,2,2,2,2,1,2,2,2,2,2,1,2,2,2,2,2,2,2,2,2,2,0,0,0
2008,12,127,1,120248,1,4,2,2,1,1,3,1,4,1,2,2,2,2,1,1,2,2,2,2,3,2,2,2,2,1,2,2,2,2,2,0,0,0
2008,12,31,1,120249,1,4,2,1,1,2,1,2,1,2,2,2,1,2,2,2,1,2,2,2,2,2,2,2,2,2,2,2,2,2,2,0,0,0
2008,12,7,1,120250,1,4,2,2,4,2,3,2,1,1,1,2,1,2,2,2,2,2,2,2,2,2,2,2,2,2,2,2,1,1,2,0,0,0
2008,12,3,2,120251,1,4,1,1,4,2,1,2,1,1,1,2,1,2,2,2,2,2,2,2,2,2,2,2,2,2,1,1,2,2,2,0,0,0
2008,12,97,1,120253,1,4,1,2,2,2,6,2,1,2,2,2,1,2,2,2,2,2,2,2,2,2,2,2,2,2,2,2,1,2,2,0,0,0
2008,12,97,1,120254,1,4,1,2,3,2,6,2,1,2,2,2,1,2,2,1,2,2,2,2,3,1,1,1,1,2,2,1,1,2,2,0,0,0
2008,12,5,1,120255,1,4,2,2,1,2,3,2,2,2,1,1,2,2,2,2,2,2,1,2,3,2,2,2,2,2,2,2,2,1,2,0,0,0
2008,12,107,1,120256,1,4,1,2,2,2,3,2,1,1,1,2,1,2,2,2,2,2,1,2,2,2,2,2,2,2,2,2,1,1,2,0,0,0
2008,12,97,2,120257,1,4,2,2,1,2,3,2,3,2,1,2,2,1,2,1,2,2,2,2,1,2,2,2,2,2,2,2,1,2,2,0,0,0
2008,12,9,1,120258,1,4,2,2,1,2,6,2,1,2,1,2,1,2,2,2,2,2,1,2,2,2,2,2,2,2,2,2,1,2,2,0,0,0
2008,12,101,1,120259,1,4,2,2,1,2,3,2,4,2,1,2,2,2,2,2,2,2,2,2,3,2,2,2,2,2,2,2,2,2,2,0,0,0
2008,12,133,1,120260,1,4,1,2,1,2,3,2,1,1,1,2,1,2,2,2,2,2,2,2,3,2,2,2,2,1,2,2,2,2,2,0,0,0
2008,12,11,1,120261,1,4,2,2,1,2,5,2,1,2,1,2,1,2,2,2,1,2,2,2,3,2,2,2,2,2,2,2,2,2,2,0,0,0
2008,12,73,1,120262,1,4,2,2,1,1,3,1,1,1,1,2,1,2,2,2,2,1,2,2,3,2,2,2,2,2,1,1,2,2,2,0,0,0
2008,12,95,1,120263,1,4,2,2,1,2,3,2,4,2,1,2,2,2,2,2,2,2,1,2,1,1,1,1,1,2,2,1,1,2,2,0,0,0
2008,12,99,1,120264,1,4,2,2,1,2,3,2,1,2,1,2,1,2,2,2,1,2,2,2,3,1,1,1,1,2,2,1,2,2,2,0,0,0
2008,12,95,2,120265,1,4,2,2,4,2,2,2,1,2,1,2,1,2,2,1,2,2,2,2,2,2,2,2,2,2,2,2,1,2,2,0,0,0
2008,12,105,1,120266,1,4,2,2,1,1,3,1,4,1,1,2,2,2,2,2,2,2,2,2,2,2,2,2,2,2,2,2,2,2,2,0,0,0
2008,12,111,1,120267,1,4,2,2,1,1,3,1,4,1,1,2,2,2,1,2,2,2,2,2,2,2,2,2,2,1,2,2,2,2,2,0,0,0
2008,12,99,2,120268,1,4,2,2,1,1,3,1,3,2,1,2,2,2,2,2,2,2,2,2,3,2,2,2,2,1,1,1,2,2,2,0,0,0
2008,12,47,1,120269,1,4,1,1,1,2,1,2,4,2,1,2,2,1,2,2,2,2,2,2,3,2,2,2,2,2,1,1,2,1,2,0,0,0
2008,12,9,1,120270,1,4,2,2,2,2,4,2,1,1,1,2,1,2,2,2,2,2,2,2,2,2,2,2,2,2,2,2,1,2,2,0,0,0
2008,12,15,1,120271,1,4,2,2,1,1,3,1,2,2,2,2,2,2,1,2,2,2,2,2,3,1,1,1,1,2,2,1,2,1,2,0,0,0
2008,12,57,1,120272,1,4,2,2,3,2,3,2,1,2,2,2,1,2,2,2,2,2,2,2,3,2,2,2,2,2,1,1,1,1,2,0,0,0
2008,12,85,1,120273,1,4,1,2,1,2,6,2,1,2,2,2,1,2,2,2,2,1,2,2,3,2,2,2,2,2,2,2,2,2,2,0,0,0
2008,12,83,1,120274,1,4,1,2,2,2,6,2,1,1,2,2,1,2,2,2,1,2,2,2,2,2,2,2,2,2,2,2,1,1,2,0,0,0
2008,12,95,1,120275,1,4,1,2,1,2,6,2,1,2,2,2,1,2,2,1,2,2,1,2,1,2,2,2,2,2,2,2,2,1,2,0,0,0
2008,12,113,1,120276,1,4,1,2,4,2,4,2,1,2,2,2,1,2,2,2,2,2,2,2,2,2,2,2,2,2,2,2,1,1,2,0,0,0
2008,12,1,1,120277,1,4,1,2,1,1,6,1,3,1,2,2,2,2,1,1,2,2,2,2,3,2,2,2,2,2,2,2,2,2,2,0,0,0
2008,12,99,1,120278,1,4,2,2,2,2,5,2,1,1,2,2,1,2,2,2,2,2,1,2,2,1,1,1,1,2,2,1,1,2,2,0,0,0
2008,12,99,1,120279,1,4,2,2,2,2,2,2,1,2,2,2,1,2,2,1,2,2,1,2,3,2,2,2,2,2,2,2,1,2,2,0,0,0
2008,12,87,1,120280,1,4,1,2,1,2,6,2,4,1,2,2,3,2,2,2,2,2,2,2,1,2,2,2,2,2,2,2,1,1,2,0,0,0
2008,12,127,1,120281,1,4,2,2,4,2,4,2,1,2,2,2,1,2,1,1,2,2,2,2,1,2,2,2,2,2,2,2,1,2,2,0,0,0
2008,12,5,1,120282,1,4,1,2,2,2,3,2,1,1,2,2,1,2,2,2,2,2,1,2,3,1,1,1,1,2,2,1,1,1,2,0,0,0
2008,12,73,1,120283,1,4,2,2,2,2,6,2,1,1,2,2,1,2,2,2,1,2,2,2,3,2,2,2,2,2,2,2,1,1,1,0,0,0
2008,12,81,1,120284,1,4,1,2,2,2,6,2,1,3,2,2,1,2,1,2,2,2,2,2,1,2,2,1,1,2,2,1,1,1,2,0,0,0
2008,12,19,1,120285,1,4,1,2,2,2,6,2,1,1,1,2,1,2,2,1,2,2,1,2,1,2,2,2,2,2,2,2,1,1,2,0,0,0
2008,12,31,1,120286,1,4,2,2,1,2,3,2,4,1,1,2,3,2,2,1,2,2,2,2,3,1,1,1,1,1,2,1,1,2,2,0,0,0
2008,12,83,1,120287,1,4,1,2,2,2,6,2,1,1,1,2,1,2,2,2,2,2,2,2,2,2,2,2,2,2,2,2,1,1,2,0,0,0
2008,12,11,1,120288,1,4,2,2,1,1,3,1,1,1,1,2,1,2,2,2,1,2,2,2,3,2,2,2,2,2,2,2,2,2,2,0,0,0
2008,12,71,1,120289,1,4,1,2,1,2,4,2,3,1,1,2,2,2,2,2,2,2,2,2,3,2,2,2,2,2,1,1,1,2,2,0,0,0
2008,12,69,1,120291,1,4,2,2,2,2,3,2,1,2,1,2,1,2,2,2,2,2,2,2,1,2,2,2,2,2,2,2,1,1,2,0,0,0
2008,12,57,1,120292,1,4,1,2,2,2,6,3,4,2,1,2,2,2,2,1,2,2,2,2,1,1,1,1,1,2,2,1,1,1,2,0,0,0
2008,12,127,1,120293,1,4,1,2,2,2,6,2,3,2,1,2,1,2,2,1,2,2,2,2,1,2,2,2,2,2,2,2,1,1,2,0,0,0
2008,12,127,1,120294,1,4,1,2,1,2,6,2,1,2,1,2,1,1,2,2,1,2,2,2,3,2,2,2,2,2,2,2,2,2,2,0,0,0
2008,12,95,1,120295,1,4,1,2,2,1,6,1,1,2,1,2,1,2,2,2,2,2,2,2,1,2,2,2,2,2,2,2,2,1,2,0,0,0
2008,12,35,1,120296,1,4,1,2,1,2,3,2,1,2,1,2,1,2,2,2,1,2,2,2,3,2,2,2,2,2,2,2,2,2,2,0,0,0
2008,12,23,1,120297,1,4,1,2,1,2,3,2,2,1,1,2,3,1,2,2,2,2,2,2,3,2,2,2,2,1,2,2,2,1,2,0,0,0
2008,12,23,1,120298,1,4,1,2,1,2,6,2,1,2,1,2,1,2,2,1,2,2,2,2,1,2,2,2,2,2,2,2,2,2,2,0,0,0
2008,12,15,1,120299,1,4,1,2,1,2,6,3,4,1,1,2,2,2,1,2,2,2,2,2,3,2,2,2,2,2,2,2,2,2,2,0,0,0
2008,12,61,2,120300,1,4,2,1,2,2,1,2,1,1,1,2,1,2,2,2,1,2,2,2,2,2,2,2,2,2,1,1,1,2,2,0,0,0
2008,12,77,1,120301,1,4,1,2,2,2,6,2,1,2,2,2,1,2,2,1,2,2,1,2,1,2,2,2,2,2,2,2,1,1,2,0,0,0
2008,12,27,1,120302,1,4,1,2,2,2,6,2,1,2,2,2,1,2,2,2,2,2,2,2,1,2,2,2,2,2,2,2,1,1,2,0,0,0
2008,12,86,1,120303,1,4,2,1,1,2,1,3,2,2,2,2,3,2,2,1,2,2,1,2,3,1,1,1,1,2,2,1,2,1,2,0,0,0
2008,12,86,1,120304,1,4,2,2,1,1,3,1,4,2,2,2,2,2,1,2,2,2,2,2,3,2,2,2,2,2,2,2,2,2,2,0,0,0
2008,12,57,1,120305,1,4,2,2,1,1,6,1,4,1,2,2,2,2,2,2,2,2,1,2,3,2,2,2,2,2,2,2,2,2,2,0,0,0
2008,12,127,1,120306,1,4,2,2,1,1,3,1,1,1,2,2,2,2,1,2,1,2,2,2,3,2,2,2,2,1,2,2,2,1,2,0,0,0
2008,12,69,1,120307,1,4,2,2,4,2,6,2,1,1,2,2,1,2,2,2,2,2,2,2,3,2,2,2,2,2,2,2,1,2,2,0,0,0
2008,12,127,1,120308,1,4,2,2,1,2,3,2,1,2,2,2,1,2,2,2,1,2,2,2,3,2,2,1,1,2,2,1,2,2,2,0,0,0
2008,12,95,1,120309,1,4,1,2,2,2,6,2,1,2,2,2,1,2,2,2,2,2,2,2,1,2,2,2,2,2,2,2,1,1,2,0,0,0
2008,12,127,1,120310,1,4,1,2,2,2,6,2,1,1,2,2,1,2,1,1,2,2,2,2,3,2,2,2,2,2,1,1,1,2,2,0,0,0
2008,12,31,1,120311,1,4,2,1,1,2,1,2,2,1,2,2,3,2,1,2,2,2,2,2,3,2,2,2,2,2,2,2,1,1,2,0,0,0
2008,12,33,1,120312,1,4,2,2,1,2,4,2,4,1,2,2,3,2,2,2,2,2,2,2,3,2,2,1,1,2,2,1,1,1,2,0,0,0
2008,12,105,1,120313,1,4,1,2,1,1,6,1,4,2,2,2,2,2,1,2,2,2,2,2,3,1,1,1,1,2,2,1,2,2,2,0,0,0
2008,12,61,2,120314,1,4,1,2,3,2,3,2,1,2,2,2,1,2,2,2,2,2,1,2,3,2,2,2,2,2,2,2,1,1,2,0,0,0
2008,12,51,1,120315,1,4,2,2,1,1,3,1,1,1,2,1,1,2,2,2,2,1,2,2,3,2,2,2,2,2,2,2,2,2,2,0,0,0
2008,12,57,1,120316,1,4,2,2,1,1,6,1,1,1,2,1,1,2,2,2,2,2,2,2,3,2,2,2,2,2,2,2,2,2,2,0,0,0
2008,12,33,1,120317,1,4,1,2,1,2,4,3,4,1,2,2,2,2,2,2,2,2,2,2,3,2,2,2,2,1,2,2,2,1,2,0,0,0
2008,12,57,1,120318,1,4,2,2,1,1,3,1,1,2,2,2,1,2,2,2,1,2,2,2,1,2,2,2,2,2,2,2,2,2,2,0,0,0
2008,12,127,2,120319,1,4,2,2,1,2,3,2,2,3,2,2,2,2,1,2,2,2,2,2,1,2,2,2,2,2,2,2,2,2,2,0,0,0
2008,12,81,1,120320,1,4,1,2,1,2,6,3,4,1,2,2,2,2,1,2,2,2,2,2,3,2,2,2,2,2,2,2,2,2,2,0,0,0
2008,12,31,1,120321,1,4,2,2,1,2,4,2,1,2,1,2,1,2,2,2,1,2,2,2,3,2,2,2,2,1,2,2,2,2,2,0,0,0
2008,12,27,1,120322,1,4,1,2,1,2,6,2,2,1,1,1,2,2,2,2,2,2,2,2,3,2,2,2,2,1,2,2,2,1,2,0,0,0
2008,12,105,1,120323,1,4,1,2,1,2,4,2,3,1,1,2,2,1,2,2,2,2,2,2,1,2,2,2,2,2,2,2,1,2,2,0,0,0
2008,12,99,1,120324,1,4,2,1,2,2,1,3,1,1,1,2,1,2,2,2,2,2,2,2,1,2,2,2,2,1,2,2,1,2,2,0,0,0
2008,12,89,1,120325,1,4,2,2,1,1,4,1,4,1,1,2,2,2,1,2,2,2,2,2,3,2,2,2,2,2,2,2,2,2,2,0,0,0
2008,12,99,1,120326,1,4,2,2,1,2,4,2,2,1,1,2,2,2,2,1,2,2,2,2,2,1,1,1,1,1,2,1,1,1,2,0,0,0
2008,12,1,1,120327,1,4,1,2,2,2,3,2,1,2,1,2,1,2,2,2,2,2,2,2,3,2,2,2,2,2,2,2,1,1,2,0,0,0
2008,12,19,1,120328,1,4,1,2,2,2,3,2,1,1,1,2,1,2,2,2,2,2,2,2,3,2,2,2,2,2,2,2,1,1,2,0,0,0
2008,12,127,1,120329,1,4,1,2,2,1,6,1,1,2,1,2,1,2,2,1,2,2,2,2,1,2,2,2,2,2,2,2,2,2,2,0,0,0
2008,12,83,1,120330,1,4,1,2,1,2,3,2,3,2,1,2,2,2,2,2,2,2,2,2,3,2,2,2,2,1,2,2,2,2,2,0,0,0
2008,12,57,1,120331,1,4,2,2,1,2,3,2,2,1,1,2,3,2,2,2,2,2,2,2,3,2,2,2,2,1,2,2,2,1,2,0,0,0
2008,12,127,1,120332,1,4,1,2,2,2,3,2,1,2,2,2,1,2,1,1,2,2,2,1,1,2,2,2,2,2,2,2,1,1,2,0,0,0
2008,12,57,1,120333,1,4,2,2,1,1,4,1,1,1,1,2,1,2,2,2,1,2,2,2,3,2,2,2,2,1,2,2,2,1,2,0,0,0
2008,12,71,1,120334,1,4,1,2,2,2,6,2,1,2,2,2,1,2,2,1,2,2,1,2,3,2,2,2,2,2,1,1,1,1,2,0,0,0
2008,12,107,1,120335,1,4,2,2,1,2,3,2,1,2,2,2,2,2,2,2,2,1,2,2,3,1,1,1,1,2,2,1,2,2,2,0,0,0
2008,12,21,1,120336,1,4,1,1,1,2,1,2,2,2,2,2,2,2,2,2,2,2,2,2,3,2,2,2,2,2,2,2,2,2,2,0,0,0
2008,12,9,1,120337,1,4,2,2,1,2,3,2,1,2,2,2,1,2,2,2,2,1,2,2,3,2,2,2,2,2,2,2,2,2,2,0,0,0
2008,12,83,1,120338,1,4,1,2,3,2,6,2,1,2,2,2,1,2,2,2,2,2,2,2,2,1,1,1,1,2,2,1,1,1,2,0,0,0
2008,12,21,1,120339,1,4,2,2,1,1,6,1,1,2,2,2,1,2,2,2,1,2,2,2,3,2,2,2,2,2,2,2,2,2,2,0,0,0
2008,12,23,2,120340,1,4,1,2,1,2,6,2,4,2,2,2,2,2,2,2,2,2,1,2,1,2,2,1,1,2,2,1,1,1,2,0,0,0
2008,12,71,1,120341,1,4,2,2,1,2,4,2,1,2,2,2,1,2,2,2,1,2,2,2,3,2,2,2,2,2,1,1,2,2,2,0,0,0
2008,12,31,1,120342,1,4,2,2,3,2,3,2,1,1,2,2,2,2,2,2,2,2,1,2,1,2,2,2,2,1,2,2,1,2,2,0,0,0
2008,12,63,1,120343,1,4,1,2,2,2,5,2,1,2,2,2,1,2,2,2,2,2,1,2,2,2,2,2,2,2,2,2,1,1,2,0,0,0
2008,12,53,1,120344,1,4,2,2,1,1,3,1,4,1,1,2,2,2,2,2,2,2,2,2,3,2,2,2,2,1,2,2,2,1,2,0,0,0
2008,12,23,1,120346,1,4,2,2,1,1,4,1,4,1,1,2,2,2,2,2,2,2,2,2,3,2,2,2,2,1,2,2,2,2,2,0,0,0
2008,12,117,1,120347,1,4,1,2,1,1,6,1,4,1,1,2,2,2,2,2,2,2,2,2,1,2,2,1,1,1,2,1,2,2,2,0,0,0
2008,12,103,1,120348,1,4,2,2,1,2,3,2,1,2,2,2,1,2,2,2,1,2,2,2,3,2,2,2,2,2,2,2,2,2,2,0,0,0
2008,12,81,1,120349,1,4,1,2,2,2,6,2,1,1,2,2,1,2,2,2,2,2,1,2,3,2,2,2,2,2,2,2,1,1,2,0,0,0
2008,12,33,1,120350,1,4,2,2,1,2,3,2,1,2,2,2,1,2,2,2,1,2,2,2,1,2,2,2,2,2,2,2,2,2,2,0,0,0
2008,12,23,1,120351,1,4,1,1,1,2,1,2,2,2,2,2,2,2,2,2,2,2,1,2,3,2,2,1,1,2,2,1,2,1,2,0,0,0
2008,12,95,1,120352,1,4,1,2,2,2,6,2,1,2,2,2,1,2,2,2,2,2,2,2,1,2,2,2,2,2,2,2,1,1,2,0,0,0
2008,12,33,1,120353,1,4,1,2,2,2,6,2,1,2,2,2,1,2,2,2,2,2,1,2,1,2,2,2,2,2,2,2,1,1,2,0,0,0
2008,12,7,1,120354,1,4,1,2,1,2,4,2,3,1,1,2,2,2,2,2,2,2,2,2,2,2,2,2,2,2,1,1,1,2,2,0,0,0
2008,12,101,1,120355,1,4,2,2,1,2,3,2,2,1,1,2,3,2,2,2,2,2,2,2,3,2,2,2,2,1,1,1,2,1,2,0,0,0
2008,12,23,1,120356,1,4,1,1,2,2,1,2,1,2,2,1,1,1,2,2,1,2,2,2,3,2,2,2,2,2,2,2,2,2,2,0,0,0
2008,12,86,1,120357,1,4,2,2,1,1,4,1,1,1,1,2,1,2,2,2,1,2,2,2,3,2,2,2,2,2,2,2,2,1,2,0,0,0
2008,12,53,1,120358,1,4,2,2,2,2,3,2,1,2,2,1,1,2,2,2,1,2,2,2,2,2,2,2,2,2,2,2,2,2,2,0,0,0
2008,12,99,1,120359,1,4,2,2,4,2,4,2,1,1,2,2,1,2,2,2,2,2,1,2,1,2,2,2,2,2,2,2,1,1,2,0,0,0
2008,12,103,1,120360,1,4,2,2,1,1,6,1,4,2,1,2,2,2,2,1,2,2,1,2,1,2,2,2,2,1,2,2,2,2,2,0,0,0
2008,12,86,1,120361,1,4,2,2,1,2,4,2,1,1,1,1,1,2,2,2,1,2,2,2,3,2,2,2,2,2,2,2,2,2,2,0,0,0
2008,12,99,2,120362,1,4,2,2,4,2,2,2,1,2,2,2,1,2,2,2,2,2,2,2,2,2,2,2,2,1,2,2,1,2,2,0,0,0
2008,12,99,1,120363,1,4,2,2,3,2,2,2,1,1,2,2,1,2,2,1,2,2,2,2,2,2,2,2,2,2,2,2,1,1,2,0,0,0
2008,12,105,1,120364,1,4,1,2,1,1,6,1,1,1,1,2,1,2,2,2,2,1,2,2,3,2,2,2,2,2,2,2,2,2,2,0,0,0
2008,12,86,1,120365,1,4,1,2,2,2,6,2,1,1,1,2,1,2,1,2,2,2,2,2,1,2,2,2,2,2,1,1,1,1,2,0,0,0
2008,12,11,1,120366,1,4,2,2,1,1,6,1,4,1,1,2,2,2,2,2,2,2,2,2,3,2,2,2,2,1,2,2,2,2,2,0,0,0
2008,12,103,2,120367,1,4,2,2,1,1,6,1,4,2,2,2,2,2,2,2,2,2,2,2,2,1,1,1,1,2,2,1,2,1,2,0,0,0
2008,12,11,1,120368,1,4,2,2,3,2,6,2,1,1,1,2,1,2,2,2,2,2,2,2,2,1,1,1,1,2,2,1,1,2,2,0,0,0
2008,12,86,1,120369,1,4,1,2,2,1,6,1,1,2,2,2,1,2,2,2,2,2,1,2,1,2,2,2,2,2,2,2,2,1,2,0,0,0
2008,12,86,1,120370,1,4,1,2,1,2,6,2,1,2,2,2,1,2,2,2,1,2,2,2,3,2,2,2,2,2,2,2,2,2,2,0,0,0
2008,12,57,1,120371,1,4,1,2,2,2,6,2,1,2,2,2,1,2,1,2,2,2,2,2,1,2,2,2,2,2,2,2,1,1,2,0,0,0
2008,12,71,1,120372,1,4,2,2,1,2,4,2,1,2,1,2,1,2,2,2,1,2,2,2,3,2,2,2,2,2,2,2,2,2,2,0,0,0
2008,12,57,1,120373,1,4,1,2,1,1,6,1,2,1,1,2,2,2,2,2,2,2,1,2,3,2,2,2,2,2,2,2,2,2,2,0,0,0
2008,12,57,1,120374,1,4,1,2,2,2,6,2,1,2,2,2,1,2,2,2,2,2,2,2,2,2,2,2,2,2,2,2,1,1,2,0,0,0
2008,12,95,3,120375,1,4,2,1,1,2,1,2,2,2,2,2,2,2,1,2,2,2,1,2,1,1,1,1,1,2,2,1,2,1,2,0,0,0
2008,12,11,1,120376,1,4,2,2,2,2,6,2,1,1,1,2,1,2,2,2,2,2,1,2,2,2,2,2,2,2,2,2,1,2,2,0,0,0
2008,12,93,1,120377,1,4,1,2,1,2,3,2,3,1,2,2,2,2,2,2,2,2,2,2,3,2,2,2,2,2,2,2,1,2,2,0,0,0
2008,12,117,1,120378,1,4,2,2,2,2,3,2,1,2,1,2,1,2,2,1,2,2,2,2,1,2,2,2,2,2,1,1,1,1,2,0,0,0
2008,12,31,1,120379,1,4,2,2,1,1,6,1,4,1,1,2,2,1,1,1,2,2,2,2,3,2,2,1,1,2,2,1,2,2,2,0,0,0
2008,12,99,1,120380,1,4,2,2,2,1,5,1,1,2,1,2,1,2,2,2,2,2,1,2,2,2,2,2,2,2,2,2,2,2,2,0,0,0
2008,12,81,1,120381,1,4,2,2,1,1,3,1,4,1,1,2,2,2,2,2,2,2,2,2,1,2,2,2,2,2,2,2,2,2,2,0,0,0
2008,12,95,1,120382,1,4,2,1,3,1,1,1,1,2,1,2,1,2,2,2,2,2,1,2,1,2,2,2,2,2,2,2,2,1,2,0,0,0
2008,12,95,1,120383,1,4,2,1,3,2,1,3,1,2,2,2,1,2,2,1,2,2,2,2,1,2,2,2,2,2,2,2,1,2,2,0,0,0
2008,12,123,1,120384,1,4,2,2,1,2,3,3,4,1,2,2,2,2,1,2,2,2,2,2,3,2,2,2,2,2,2,2,2,2,2,0,0,0
2008,12,11,1,120385,1,4,2,2,2,2,6,2,1,2,2,2,1,2,2,2,2,2,2,2,3,2,2,2,2,2,2,2,1,2,2,0,0,0
2008,12,99,1,120386,1,4,2,2,1,2,2,2,2,1,2,2,2,2,1,2,2,2,2,2,1,2,2,2,2,2,2,2,1,2,2,0,0,0
2008,12,11,1,120387,1,4,2,2,1,1,3,1,2,2,2,2,2,2,1,2,2,2,2,2,3,2,2,2,2,2,1,1,2,2,2,0,0,0
2008,12,119,1,120388,1,4,2,2,4,2,4,2,1,2,2,2,1,2,2,2,2,2,2,2,1,2,2,2,2,1,2,2,1,2,2,0,0,0
2008,12,33,1,120389,1,4,2,2,4,1,4,1,1,2,1,2,1,2,2,1,2,2,2,2,1,2,2,2,2,2,2,2,2,2,2,0,0,0
2008,12,127,1,120390,1,4,2,2,1,1,6,1,4,2,1,2,2,2,1,1,2,2,2,2,1,1,1,1,1,2,2,1,2,2,2,0,0,0
2008,12,117,1,120391,1,4,2,2,2,1,3,1,1,2,1,2,1,2,2,2,2,2,1,2,2,2,2,2,2,2,2,2,2,2,2,0,0,0
2008,12,69,1,120392,1,4,2,2,1,2,4,2,4,1,1,2,3,1,2,2,2,2,1,2,3,2,2,2,2,2,2,2,1,2,2,0,0,0
2008,12,99,1,120393,1,4,2,2,1,2,4,2,1,1,1,2,1,2,1,2,2,2,2,2,3,2,2,2,2,2,2,2,2,2,2,0,0,0
2008,12,86,1,120394,1,4,2,2,1,2,3,2,1,2,1,2,1,2,2,2,1,2,2,2,3,2,2,2,2,1,2,2,2,2,2,0,0,0
2008,12,99,1,120395,1,4,2,2,2,2,4,2,1,2,1,2,1,2,2,1,2,2,2,2,2,2,2,2,2,2,2,2,1,2,2,0,0,0
2008,12,105,1,120396,1,4,2,2,1,1,3,1,1,1,1,2,1,2,2,2,1,2,2,2,3,2,2,2,2,2,2,2,2,2,2,0,0,0
2008,12,115,1,120397,1,4,2,2,1,2,3,3,1,2,2,2,1,2,2,2,1,2,2,2,3,2,2,2,2,2,2,2,2,2,2,0,0,0
2008,12,86,1,120398,1,4,2,2,1,1,3,1,4,2,2,2,2,2,2,2,2,2,2,2,3,1,1,1,1,1,2,1,2,2,2,0,0,0
2008,12,57,1,120399,1,4,2,2,1,2,6,2,1,2,1,2,1,2,2,2,1,2,2,2,3,2,2,2,2,2,2,2,2,2,2,0,0,0
2008,12,69,1,120400,1,4,1,2,2,2,6,2,1,1,2,2,1,2,1,2,2,2,2,2,1,2,2,2,2,2,2,2,1,2,2,0,0,0
2008,12,99,1,120401,1,4,2,2,1,1,4,1,2,1,1,2,3,2,2,2,2,2,1,2,3,1,1,1,1,2,2,1,2,2,2,0,0,0
2008,12,69,1,120402,1,4,2,2,1,2,6,3,1,1,1,2,1,2,2,2,1,2,2,2,3,2,2,2,2,2,2,2,2,2,2,0,0,0
2008,12,71,1,120403,1,4,2,2,1,1,6,1,4,1,1,2,2,2,2,2,2,2,1,2,3,2,2,2,2,1,2,2,2,2,2,0,0,0
2008,12,86,1,120404,1,4,2,2,1,1,4,1,3,2,1,2,2,2,1,2,2,2,2,2,3,2,2,2,2,2,1,1,2,2,2,0,0,0
2008,12,105,1,120405,1,4,2,1,3,2,1,2,1,2,1,2,1,2,2,2,2,2,1,2,3,2,2,2,2,2,2,2,1,1,2,0,0,0
2008,12,69,1,120406,1,4,1,2,2,2,6,2,1,2,1,2,1,2,2,2,2,2,2,2,1,2,2,2,2,2,2,2,1,1,2,0,0,0
2008,12,57,1,120407,1,4,1,2,1,1,6,1,4,1,1,2,2,2,1,2,2,2,2,2,1,2,2,2,2,2,2,2,2,2,2,0,0,0
2008,12,21,1,120408,1,4,1,2,1,2,6,2,1,2,2,2,1,2,2,1,2,2,1,2,2,1,1,1,1,2,2,1,1,2,2,0,0,0
2008,12,111,1,120409,1,4,2,2,1,2,6,2,1,1,2,2,1,2,2,2,1,2,2,2,2,1,1,1,1,2,2,1,2,2,2,0,0,0
2008,12,99,1,120410,1,4,2,2,1,1,2,1,4,2,1,2,2,2,1,1,2,2,2,2,3,2,2,2,2,2,2,2,2,2,2,0,0,0
2008,12,83,1,120411,1,4,1,2,2,2,3,2,1,2,1,2,2,2,1,2,2,2,2,2,1,2,2,2,2,2,2,2,1,2,2,0,0,0
2008,12,83,1,120413,1,4,1,2,2,2,6,2,1,2,2,2,1,2,2,1,2,2,2,2,1,2,2,2,2,2,2,2,1,1,2,0,0,0
2008,12,57,1,120414,1,4,2,2,1,2,3,2,4,2,2,2,2,2,2,1,2,2,2,2,1,2,2,2,2,2,1,1,1,2,2,0,0,0
2008,12,11,1,120415,1,4,2,2,2,2,5,2,1,2,2,2,1,2,1,2,2,2,2,2,1,2,2,2,2,2,2,2,1,1,2,0,0,0
2008,12,99,2,120416,1,4,2,2,1,2,2,2,5,1,1,2,3,2,2,1,2,2,1,2,1,1,1,1,1,1,1,1,2,1,2,0,0,0
2008,12,91,1,120417,1,4,2,2,1,1,3,1,4,1,2,2,2,2,1,2,2,2,2,2,3,2,2,2,2,1,2,2,2,2,2,0,0,0
2008,12,31,1,120418,1,4,2,2,2,2,6,2,1,2,1,2,1,2,2,2,2,2,2,2,2,2,2,2,2,2,2,2,1,2,2,0,0,0
2008,12,57,1,120419,1,4,2,2,2,2,3,2,1,2,1,2,1,2,2,1,2,2,2,2,2,2,2,2,2,2,1,1,1,2,2,0,0,0
2008,12,61,1,120420,1,4,2,2,1,1,3,1,4,1,1,2,3,2,2,1,2,2,1,2,1,1,1,1,1,1,2,1,2,2,2,0,0,0
2008,12,73,1,120421,1,4,1,2,2,2,6,2,1,2,1,2,1,2,2,1,2,2,2,2,2,1,1,1,1,2,2,1,1,2,2,0,0,0
2008,12,127,1,120422,1,4,2,2,1,1,4,1,4,1,1,2,2,2,2,2,2,2,1,2,3,2,2,2,2,2,2,2,2,2,2,0,0,0
2008,12,127,2,120423,1,4,2,2,1,2,3,3,4,1,2,2,2,2,1,2,2,2,2,2,3,2,2,2,2,2,2,2,2,2,2,0,0,0
2008,12,119,1,120424,1,4,2,2,2,2,2,2,1,1,1,2,1,2,2,1,2,2,2,2,2,2,2,2,2,2,1,1,1,1,2,0,0,0
2008,12,9,1,120425,1,4,2,2,1,2,3,3,2,2,2,2,2,2,1,1,2,2,2,2,1,2,2,2,2,1,2,2,2,1,2,0,0,0
2008,12,43,1,120426,1,4,1,2,1,1,3,1,4,1,1,2,2,1,2,2,2,2,2,2,3,2,2,1,1,2,2,1,2,2,2,0,0,0
2008,12,11,1,120427,1,4,2,2,1,2,2,2,2,1,1,2,3,2,2,2,2,2,1,2,3,2,2,2,2,2,2,2,2,1,2,0,0,0
2008,12,93,2,120428,1,4,1,2,1,2,3,2,3,1,2,2,2,2,2,2,2,2,2,2,1,1,1,1,1,2,2,1,1,1,2,0,0,0
2008,12,86,1,120429,1,4,2,2,1,2,6,2,1,2,2,2,1,2,2,2,1,2,2,2,3,2,2,2,2,1,2,2,2,1,2,0,0,0
2008,12,31,1,120430,1,4,1,2,2,2,6,2,1,2,1,2,1,2,2,1,2,2,1,1,2,2,2,2,2,2,1,1,1,2,2,0,0,0
2008,12,95,1,120431,1,4,1,2,1,2,3,2,3,1,1,2,2,1,2,2,2,2,2,2,3,2,2,2,2,1,2,2,2,2,2,0,0,0
2008,12,31,1,120432,1,4,2,2,2,2,3,3,1,1,2,2,1,2,2,2,2,2,2,2,3,2,2,2,2,1,2,2,1,2,2,0,0,0
2008,12,73,1,120433,1,4,1,2,4,2,6,2,1,2,2,2,1,2,2,2,2,2,2,2,1,2,2,2,2,2,2,2,1,1,2,0,0,0
2008,12,57,1,120434,1,4,1,2,1,2,6,2,4,1,1,2,2,2,1,2,2,2,2,2,3,1,1,1,1,1,2,1,2,2,2,0,0,0
2008,12,11,1,120435,1,4,2,2,1,1,5,1,4,1,1,2,2,2,2,2,2,2,2,2,3,2,2,2,2,1,2,2,2,2,2,0,0,0
2008,12,86,1,120436,1,4,2,2,4,1,6,1,1,2,1,2,1,2,2,1,2,2,2,2,2,1,1,1,1,2,2,1,2,2,2,0,0,0
2008,12,11,1,120439,1,4,2,2,1,2,3,2,1,1,1,2,1,2,2,1,2,1,2,2,2,2,2,2,2,2,2,2,2,2,2,0,0,0
2008,12,95,1,120440,1,4,2,2,1,2,2,2,1,1,1,2,1,2,2,2,2,2,1,2,3,2,2,2,2,2,2,2,2,2,2,0,0,0
2008,12,127,1,120441,1,4,2,2,1,2,3,2,3,2,2,2,3,2,1,1,2,2,2,2,1,2,2,2,2,2,2,2,1,2,2,0,0,0
2008,12,103,1,120442,1,4,2,2,4,2,6,2,1,2,1,2,1,2,2,2,2,2,2,2,1,2,2,2,2,1,2,2,2,2,2,0,0,0
2008,12,95,1,120443,1,4,2,2,1,1,6,1,4,1,1,2,2,2,1,2,2,2,2,2,3,2,2,2,2,2,2,2,2,2,2,0,0,0
2008,12,86,1,120445,1,4,1,2,1,1,6,1,4,1,1,2,2,2,1,1,2,2,2,2,3,2,2,2,2,2,2,2,2,2,2,0,0,0
2008,12,111,1,120446,1,4,2,2,1,1,4,1,4,2,1,2,2,2,2,2,2,2,2,2,3,2,2,2,2,1,2,2,2,1,2,0,0,0
2008,12,57,1,120447,1,4,1,2,2,2,4,2,1,2,2,2,1,2,2,2,2,2,1,2,2,2,2,2,2,2,2,2,1,1,2,0,0,0
2008,12,86,1,120448,1,4,2,2,4,1,4,1,1,2,1,2,1,2,1,1,2,2,2,2,1,2,2,2,2,2,2,2,2,2,2,0,0,0
2008,12,1,1,120449,1,4,1,1,3,2,1,2,1,2,2,2,1,2,2,2,2,2,2,2,3,1,1,1,1,2,2,1,1,1,2,0,0,0
2008,12,86,1,120450,1,4,2,2,1,1,3,1,4,2,2,2,2,2,2,2,2,2,2,2,3,2,2,2,2,2,1,1,2,1,2,0,0,0
2008,12,86,1,120451,1,4,2,2,3,2,3,2,1,2,1,2,1,2,2,2,2,2,1,2,3,2,2,2,2,2,2,2,1,1,2,0,0,0
2008,12,86,1,120452,1,4,1,2,2,2,6,2,1,2,2,2,1,2,2,2,2,2,2,2,2,1,1,1,1,2,2,1,1,2,1,0,0,0
2008,12,103,1,120453,1,4,2,2,1,1,6,1,1,1,1,2,1,2,2,2,1,2,2,2,3,2,2,2,2,2,2,2,2,2,2,0,0,0
2008,12,11,1,120455,1,4,2,1,1,2,1,2,2,2,1,2,3,2,1,1,2,2,2,2,3,2,2,1,1,2,2,1,2,2,2,0,0,0
2008,12,57,1,120456,1,4,2,2,1,2,3,2,4,2,2,2,2,2,2,2,2,2,2,2,1,1,1,1,1,2,2,1,1,2,2,0,0,0
2008,12,41,1,120457,1,4,1,2,1,1,3,1,3,1,2,2,2,2,2,2,2,2,2,2,2,2,2,2,2,2,2,2,2,2,2,0,0,0
2008,12,57,1,120458,1,4,1,2,4,2,6,2,1,2,2,2,1,2,2,2,2,2,1,2,2,2,2,2,2,2,2,2,1,1,2,0,0,0
2008,12,86,1,120459,1,4,2,2,2,2,6,2,1,2,2,2,1,2,2,2,2,2,2,2,3,2,2,2,2,2,1,1,1,1,2,0,0,0
2008,12,79,1,120460,1,4,1,2,2,2,6,2,1,1,1,2,1,2,2,2,2,2,2,2,3,2,2,2,2,2,2,2,1,1,2,0,0,0
2008,12,11,1,120461,1,4,1,2,1,1,4,1,4,2,1,2,2,2,1,2,2,2,2,2,3,2,2,2,2,2,2,2,2,2,2,0,0,0
2008,12,11,1,120462,1,4,2,1,1,2,1,2,2,2,1,2,3,1,1,1,2,2,2,2,3,2,2,2,2,2,2,2,2,2,2,0,0,0
2008,12,57,1,120463,1,4,2,1,1,2,1,2,1,2,1,2,1,2,2,2,1,2,2,2,3,2,2,2,2,2,2,2,2,2,2,0,0,0
2008,12,86,1,120464,1,4,2,2,1,2,4,2,1,1,1,2,1,2,2,1,1,2,2,2,3,2,2,2,2,2,1,1,2,2,2,0,0,0
2008,12,99,1,120465,1,4,2,2,1,2,6,2,4,1,2,2,2,2,1,2,2,2,2,2,3,1,1,1,1,2,2,1,2,2,2,0,0,0
2008,12,86,2,120466,1,4,1,2,1,2,3,2,3,2,1,2,2,2,2,2,2,2,2,2,2,2,2,1,1,2,2,1,2,2,2,0,0,0
2008,12,95,1,120467,1,4,1,2,1,1,6,1,1,2,2,2,1,2,2,1,1,2,2,2,3,2,2,2,2,2,1,1,2,2,2,0,0,0
2008,12,119,2,120469,1,4,1,2,1,2,3,2,5,1,1,2,2,1,2,2,1,2,2,2,3,2,2,2,2,1,2,2,2,2,2,0,0,0
2008,12,115,1,120470,1,4,2,2,1,2,3,2,1,2,1,2,1,2,2,2,1,2,2,2,3,2,2,2,2,2,2,2,2,2,2,0,0,0
2008,12,31,1,120471,1,4,2,2,1,1,6,1,2,1,1,2,1,2,2,2,2,2,2,2,3,2,2,2,2,2,2,2,2,1,2,0,0,0
2008,12,85,1,120472,1,4,2,2,1,2,4,2,1,2,1,2,1,2,2,2,2,2,2,2,2,2,2,2,2,2,2,2,2,2,2,0,0,0
2008,12,57,1,120473,1,4,1,2,1,2,6,2,1,2,1,2,1,2,2,2,1,2,2,2,3,2,2,2,2,2,2,2,2,2,2,0,0,0
2008,12,71,1,120474,1,4,2,2,2,1,6,1,1,1,1,2,1,2,2,2,2,2,2,2,3,2,2,2,2,2,2,2,2,2,2,0,0,0
2008,12,11,1,120475,1,4,2,2,1,2,3,2,1,2,2,2,2,2,1,1,2,2,2,2,3,2,2,1,1,2,1,1,2,2,2,0,0,0
2008,12,83,1,120476,1,4,1,2,4,2,6,2,1,1,1,2,1,2,2,2,2,2,2,2,3,2,2,2,2,2,2,2,1,1,2,0,0,0
2008,12,103,1,120477,1,4,2,2,1,1,3,1,2,1,2,2,3,2,1,2,2,2,2,2,3,2,2,2,2,1,2,2,2,2,2,0,0,0
2008,12,99,1,120478,1,4,2,2,1,1,3,1,3,1,2,2,2,2,2,2,2,2,2,2,3,2,2,2,2,1,2,2,2,2,2,0,0,0
2008,12,69,1,120479,1,4,2,2,1,2,3,2,1,2,2,2,1,2,2,2,1,2,2,2,3,2,2,2,2,2,2,2,2,2,2,0,0,0
2008,12,57,1,120480,1,4,1,2,4,2,6,2,1,2,1,2,1,2,2,2,2,2,1,2,1,2,2,2,2,2,2,2,1,1,2,0,0,0
2008,12,103,1,120481,1,4,1,2,3,2,6,2,1,1,1,2,3,2,1,2,2,2,2,2,1,2,2,2,2,2,2,2,1,1,2,0,0,0
2008,12,5,1,120482,1,4,2,2,2,2,3,2,1,1,1,2,1,2,2,2,2,2,1,2,3,2,2,2,2,2,1,1,1,1,2,0,0,0
2008,12,57,1,120483,1,4,1,2,4,2,6,2,1,2,1,2,1,2,2,2,2,2,1,2,1,2,2,2,2,2,2,2,1,2,2,0,0,0
2008,12,127,1,120484,1,4,2,2,1,1,3,1,4,2,1,2,2,2,1,2,2,2,2,2,3,2,2,2,2,2,2,2,2,2,2,0,0,0
2008,12,103,1,120485,1,4,2,2,1,1,4,1,4,1,1,2,2,2,2,2,2,2,1,2,3,2,2,2,2,1,2,2,2,1,2,0,0,0
2008,12,53,1,120486,1,4,2,2,1,1,3,1,4,1,1,2,2,2,2,1,2,2,2,2,3,2,2,2,2,2,2,2,2,2,2,0,0,0
2008,12,31,1,120487,1,4,2,1,1,2,1,2,1,2,1,2,1,2,2,2,2,2,1,2,1,2,2,2,2,2,2,2,1,1,2,0,0,0
2008,12,86,1,120488,1,4,2,2,1,1,6,1,4,2,2,2,2,2,1,2,2,2,2,2,3,2,2,2,2,2,1,1,2,2,2,0,0,0
2008,12,93,1,120489,1,4,1,2,1,2,6,3,4,2,2,2,2,1,2,2,2,2,2,2,3,2,2,2,2,1,2,2,2,1,2,0,0,0
2008,12,5,1,120490,1,4,1,2,2,2,6,2,1,2,1,2,1,2,1,1,2,2,2,2,1,2,2,2,2,2,2,2,1,2,2,0,0,0
2008,12,65,2,120492,1,4,1,1,2,2,1,2,1,1,2,2,1,2,2,1,2,2,2,2,3,2,2,2,2,2,2,2,1,2,2,0,0,0
2008,12,73,1,120493,1,4,2,2,4,1,6,1,1,2,2,2,1,2,2,1,2,2,2,2,1,2,2,2,2,2,1,1,2,2,2,0,0,0
2008,12,99,2,120494,1,4,2,1,1,2,1,2,2,1,2,2,2,2,2,1,2,2,2,2,2,2,2,2,2,2,1,1,2,1,2,0,0,0
2008,12,17,1,120495,1,4,2,2,1,1,3,1,2,1,2,2,3,2,2,2,2,2,1,2,3,2,2,2,2,1,2,2,2,1,2,0,0,0
2008,12,31,1,120496,1,4,2,1,4,2,1,2,1,1,2,2,1,2,2,2,2,2,2,2,3,2,2,2,2,2,2,2,1,1,2,0,0,0
2008,12,9,1,120497,1,4,1,1,2,2,1,2,6,2,2,2,1,2,2,2,2,2,2,2,2,2,2,2,2,2,2,2,1,2,2,0,0,0
2008,12,35,1,120498,1,4,2,2,1,2,4,2,3,2,2,2,2,2,2,2,2,2,2,2,1,2,2,2,2,2,2,2,1,2,2,0,0,0
2008,12,103,1,120499,1,4,1,2,1,1,6,1,4,1,1,2,2,2,1,1,2,2,2,2,3,2,2,2,2,1,2,2,2,2,2,0,0,0
2008,12,83,1,120500,1,4,1,2,2,2,3,2,1,1,1,2,1,2,2,2,2,2,2,2,3,2,2,2,2,2,2,2,1,1,2,0,0,0
2008,12,11,1,120501,1,4,2,2,4,2,3,3,1,1,1,2,1,2,2,2,1,2,2,2,2,2,2,2,2,2,2,2,2,2,2,0,0,0
2008,12,85,1,120502,1,4,2,2,1,1,3,1,1,2,1,2,1,2,2,2,2,1,2,2,3,2,2,2,2,2,2,2,2,2,2,0,0,0
2008,12,57,1,120503,1,4,1,2,1,2,6,2,2,2,1,2,2,2,2,2,2,2,2,2,3,2,2,1,1,2,2,1,2,1,2,0,0,0
2008,12,7,1,120504,1,4,1,2,1,1,6,1,3,2,1,2,2,2,2,1,2,2,2,2,1,2,2,2,2,1,1,1,2,2,2,0,0,0
2008,12,95,1,120505,1,4,1,2,4,2,6,2,1,2,1,2,1,2,1,2,2,2,2,2,2,2,2,2,2,2,2,2,1,1,2,0,0,0
2008,12,121,1,120506,1,4,1,2,1,1,4,1,4,1,1,2,2,2,2,2,2,2,1,2,3,2,2,2,2,2,2,2,2,2,2,0,0,0
2008,12,39,1,120507,1,4,1,2,1,2,5,3,3,2,1,2,2,2,1,2,2,2,2,2,1,2,2,2,2,1,1,1,2,2,2,0,0,0
2008,12,101,1,120508,1,4,1,2,2,2,6,2,1,2,1,2,1,2,2,1,2,2,1,2,3,2,2,1,1,2,2,1,1,1,2,0,0,0
2008,12,33,3,120509,1,4,1,2,1,1,4,1,4,2,2,2,2,2,2,2,2,2,2,2,2,1,1,1,1,2,2,1,2,2,2,0,0,0
2008,12,105,1,120510,1,4,1,2,4,2,6,2,1,1,1,2,1,2,1,2,2,2,2,2,2,2,2,2,2,2,1,1,1,2,2,0,0,0
2008,12,97,1,120511,1,4,2,1,2,2,1,3,1,2,2,2,1,2,1,1,2,2,2,2,1,2,2,2,2,2,2,2,1,2,2,0,0,0
2008,12,1,1,120512,1,4,1,2,2,2,3,2,1,2,1,2,1,2,2,1,2,2,1,2,1,1,1,1,1,2,2,1,1,2,2,0,0,0
2008,12,35,1,120513,1,4,1,2,4,2,3,3,1,2,1,2,1,2,1,1,2,2,2,2,1,2,2,2,2,2,1,1,1,1,2,0,0,0
2008,12,21,1,120514,1,4,1,1,3,2,1,2,1,2,2,2,1,2,2,2,2,2,1,2,3,2,2,2,2,2,1,1,1,2,2,0,0,0
2008,12,35,1,120515,1,4,2,2,1,2,6,2,1,2,2,2,1,2,2,2,2,1,2,2,3,1,1,1,1,2,2,1,2,2,2,0,0,0
2008,12,55,1,120516,1,4,1,2,4,2,3,2,1,2,2,2,1,2,2,2,2,2,1,2,1,2,2,2,2,2,1,1,1,1,2,0,0,0
2008,12,71,1,120517,1,4,2,2,1,1,3,1,4,1,2,2,2,2,1,2,2,2,2,2,3,2,2,2,2,2,2,2,2,2,2,0,0,0
2008,12,129,1,120518,1,4,1,2,2,2,3,2,1,1,2,2,1,2,2,2,2,2,2,2,1,2,2,2,2,2,1,1,1,2,2,0,0,0
2008,12,31,1,120519,1,4,2,2,4,2,6,2,1,1,2,2,1,2,2,2,2,2,2,2,2,2,2,2,2,2,2,2,1,1,2,0,0,0
2008,12,21,1,120520,1,4,2,2,3,2,3,2,1,2,2,2,1,2,2,1,2,2,1,2,3,2,2,2,2,2,2,2,1,1,2,0,0,0
2008,12,7,1,120521,1,4,1,2,2,2,4,2,1,2,2,2,1,2,2,1,2,2,2,2,1,2,2,2,2,2,2,2,1,1,2,0,0,0
2008,12,49,1,120522,1,4,1,2,1,2,4,2,3,2,2,2,2,2,2,2,2,2,2,2,2,2,2,1,1,2,2,1,1,2,2,0,0,0
2008,12,95,1,120523,1,4,2,2,4,2,3,2,1,2,2,2,1,2,2,2,2,2,2,2,1,2,2,2,2,2,2,2,1,2,2,0,0,0
2008,12,53,1,120524,1,4,1,2,1,2,6,2,1,1,1,2,2,2,1,1,2,2,2,2,3,2,2,2,2,2,2,2,2,1,2,0,0,0
2008,12,101,1,120525,1,4,1,2,2,1,6,1,1,2,2,2,1,2,2,1,2,2,2,2,2,2,2,2,2,2,2,2,2,1,2,0,0,0
2008,12,127,1,120526,1,4,1,2,2,2,6,2,1,2,1,2,1,2,2,1,2,2,2,2,1,1,1,1,1,2,2,1,1,1,2,0,0,0
2008,12,11,1,120527,1,4,1,2,3,2,3,2,1,3,3,2,1,2,2,1,2,2,1,2,3,2,2,2,2,2,1,1,1,1,2,0,0,0
2008,12,86,1,120528,1,4,2,2,1,1,6,1,4,1,1,2,2,2,1,2,2,1,2,2,1,2,2,2,2,2,2,2,2,2,2,0,0,0
2008,12,51,1,120529,1,4,1,2,1,2,3,2,6,1,1,2,2,2,2,2,2,2,2,2,3,2,2,2,2,1,2,2,2,1,2,0,0,0
2008,12,61,1,120530,1,4,2,2,4,2,3,2,1,1,1,2,1,2,1,2,2,2,2,2,1,2,2,2,2,2,2,2,1,1,2,0,0,0
2008,12,69,1,120531,1,4,1,2,1,2,6,2,3,1,1,2,2,1,2,2,2,2,2,2,3,2,2,2,2,2,2,2,1,2,2,0,0,0
2008,12,127,1,120532,1,4,2,1,1,2,1,2,1,2,1,2,1,1,2,2,1,2,2,2,3,2,2,2,2,2,2,2,2,2,2,0,0,0
2008,12,23,1,120533,1,4,2,2,1,1,3,1,2,1,1,2,2,2,1,2,2,2,2,2,3,2,2,2,2,1,2,2,2,2,2,0,0,0
2008,12,109,1,120534,1,4,1,2,2,2,4,2,1,2,1,2,1,2,2,1,2,2,2,2,1,2,2,2,2,2,2,2,1,1,2,0,0,0
2008,12,31,1,120535,1,4,2,2,1,2,6,2,1,2,2,2,1,2,1,2,2,2,2,2,1,2,2,2,2,2,2,2,2,1,2,0,0,0
2008,12,23,1,120536,1,4,1,2,2,1,6,1,1,2,1,2,1,2,2,2,2,2,2,2,1,1,1,1,1,2,2,1,2,1,2,0,0,0
2008,12,86,1,120537,1,4,2,2,6,2,2,2,2,1,1,2,1,2,2,2,2,2,2,2,3,2,2,2,2,2,2,2,2,1,2,0,0,0
2008,12,33,1,120538,1,4,2,1,2,2,1,2,1,2,2,2,1,2,2,1,2,2,1,2,2,2,2,2,2,2,1,1,1,1,2,0,0,0
2008,12,86,1,120539,1,4,2,2,1,1,6,1,4,2,2,2,2,2,2,2,2,2,1,2,1,1,1,1,1,2,2,1,2,1,2,0,0,0
2008,12,81,1,120540,1,4,2,1,2,2,1,2,2,2,1,2,1,1,2,2,2,2,2,2,3,2,2,2,2,2,2,2,2,1,2,0,0,0
2008,12,73,1,120541,1,4,2,2,3,2,3,2,1,1,1,2,3,2,2,2,2,2,1,2,1,1,1,1,1,2,2,1,1,2,2,0,0,0
2008,12,86,1,120542,1,4,2,1,1,2,1,2,1,2,1,1,1,2,2,2,1,2,2,2,3,2,2,2,2,2,2,2,2,2,2,0,0,0
2008,12,11,2,120543,1,4,1,1,4,2,1,2,1,1,1,2,1,2,2,1,2,2,1,2,3,2,2,2,2,1,2,2,1,1,2,0,0,0
2008,12,31,1,120544,1,4,2,1,2,2,1,2,1,2,1,2,1,2,2,1,2,2,2,2,1,2,2,2,2,2,2,2,1,1,2,0,0,0
2008,12,55,1,120545,1,4,1,2,4,1,6,1,1,2,2,2,1,2,2,1,2,2,2,2,1,2,2,2,2,2,2,2,2,1,2,0,0,0
2008,12,93,1,120546,1,4,1,2,2,2,6,2,1,2,1,2,1,2,2,2,2,2,2,2,1,1,1,1,1,2,2,1,1,1,2,0,0,0
2008,12,107,2,120547,1,4,1,2,4,2,6,2,5,2,1,2,2,2,2,1,2,2,2,2,3,2,2,2,2,2,1,1,1,2,2,0,0,0
2008,12,95,1,120548,1,4,1,2,2,2,6,2,1,2,1,2,1,2,1,2,2,2,2,2,3,2,2,2,2,2,2,2,1,2,2,0,0,0
2008,12,97,2,120549,1,4,1,2,1,2,6,2,3,2,2,2,2,2,2,2,2,2,2,2,1,2,2,2,2,2,2,2,2,2,2,0,0,0
2008,12,127,1,120550,1,4,2,2,3,1,3,1,1,2,2,2,1,2,1,2,2,2,2,2,3,2,2,2,2,2,2,2,2,2,2,0,0,0
2008,12,1,1,120551,1,4,2,2,1,2,3,2,1,2,2,2,1,2,2,2,1,2,2,2,2,1,1,1,1,2,2,1,2,2,2,0,0,0
2008,12,31,1,120552,1,4,2,2,2,2,3,2,1,2,2,2,1,2,2,1,2,2,2,2,1,2,2,2,2,2,1,1,1,1,2,0,0,0
2008,12,79,1,120553,1,4,1,2,2,2,4,2,1,2,2,2,1,2,2,2,2,2,2,2,1,2,2,2,2,2,2,2,1,1,2,0,0,0
2008,12,57,1,120554,1,4,2,2,1,2,3,2,2,2,2,2,2,2,2,1,2,2,1,2,1,2,2,2,2,2,2,2,2,1,2,0,0,0
2008,12,31,1,120555,1,4,2,2,1,2,4,2,1,1,2,2,1,2,2,2,2,1,2,2,3,1,1,1,1,2,2,1,2,2,2,0,0,0
2008,12,81,1,120556,1,4,1,2,1,1,6,1,2,1,2,2,2,2,2,2,2,2,2,2,3,2,2,2,2,1,2,2,2,1,2,0,0,0
2008,12,51,2,120557,1,4,1,2,1,2,3,2,3,2,2,2,2,2,2,2,2,2,2,2,1,2,2,2,2,2,1,1,2,1,2,0,0,0
2008,12,19,1,120558,1,4,1,2,4,2,4,2,1,1,2,2,1,2,1,2,2,2,2,2,1,2,2,2,2,2,2,2,1,2,2,0,0,0
2008,12,95,1,120559,1,4,1,2,2,2,6,2,1,2,2,2,1,2,1,1,2,2,2,2,1,2,2,2,2,2,2,2,1,1,2,0,0,0
2008,12,91,1,120560,1,4,1,2,3,2,6,2,1,2,1,2,1,2,2,1,2,2,1,2,1,2,2,2,2,2,2,2,1,1,2,0,0,0
2008,12,19,1,120561,1,4,1,2,1,2,4,2,3,1,2,2,2,2,2,2,2,2,1,2,3,2,2,2,2,2,2,2,2,2,2,0,0,0
2008,12,86,1,120562,1,4,2,2,1,2,4,2,4,2,2,2,2,2,2,2,2,2,2,2,3,2,2,1,1,2,2,1,1,1,2,0,0,0
2008,12,83,1,120563,1,4,1,2,1,2,6,2,4,1,1,2,3,1,2,2,2,2,2,2,1,2,2,2,2,2,2,2,1,2,2,0,0,0
2008,12,43,2,120564,1,4,1,2,1,2,3,2,3,1,1,2,2,1,2,2,2,2,2,2,3,2,2,2,2,2,2,2,1,2,2,0,0,0
2008,12,31,1,120565,1,4,2,1,3,2,1,2,1,1,1,2,1,2,2,2,2,2,1,2,3,2,2,2,2,2,2,2,1,2,2,0,0,0
2008,12,31,1,120566,1,4,2,2,1,2,3,2,4,1,1,2,3,2,1,2,2,2,2,2,1,2,2,2,2,2,2,2,2,2,2,0,0,0
2008,12,95,1,120567,1,4,2,2,1,2,4,2,5,2,1,2,2,2,2,1,2,2,1,2,3,2,2,1,1,2,2,1,1,1,2,0,0,0
2008,12,121,1,120568,1,4,1,1,4,2,1,2,1,1,1,2,1,2,2,2,2,2,2,2,2,2,2,1,1,2,2,1,1,1,2,0,0,0
2008,12,59,1,120569,1,4,1,2,2,2,6,2,1,1,1,2,1,2,2,2,2,2,1,2,2,1,1,1,1,2,2,1,1,1,2,0,0,0
2008,12,51,1,120570,1,4,2,2,1,1,6,1,1,2,1,2,1,2,2,2,1,2,2,2,3,2,2,2,2,2,2,2,2,2,2,0,0,0
2008,12,57,1,120571,1,4,2,2,1,2,3,3,4,1,1,2,2,2,1,2,2,2,2,2,3,2,2,2,2,2,1,1,2,2,2,0,0,0
2008,12,57,1,120572,1,4,2,2,1,2,3,2,2,1,1,2,2,2,2,2,2,2,2,2,3,2,2,2,2,2,2,2,2,2,2,0,0,0
2008,12,101,1,120573,1,4,1,2,2,2,6,2,1,2,1,2,1,2,2,1,2,2,1,2,1,2,2,2,2,2,2,2,1,1,2,0,0,0
2008,12,99,1,120574,1,4,2,2,1,2,2,2,2,1,1,2,2,2,2,1,2,2,2,2,1,2,2,2,2,2,2,2,2,1,2,0,0,0
2008,12,105,1,120575,1,4,1,2,2,2,3,2,1,2,1,2,1,2,2,2,2,2,1,2,1,2,2,2,2,2,2,2,1,1,2,0,0,0
2008,12,133,1,120576,1,4,1,2,1,2,6,3,4,1,1,2,2,2,2,1,2,2,1,2,3,2,2,1,1,2,2,1,2,2,2,0,0,0
2008,12,35,1,120577,1,4,2,2,2,2,6,2,1,1,1,2,1,2,2,1,2,2,2,2,3,1,1,1,1,2,2,1,1,1,2,0,0,0
2008,12,31,1,120578,1,4,2,2,1,2,2,2,1,1,1,2,1,1,2,2,1,2,2,2,3,2,2,2,2,2,2,2,2,2,2,0,0,0
2008,12,81,1,120579,1,4,2,2,1,1,3,1,4,2,2,2,2,2,1,2,2,2,2,2,1,2,2,2,2,2,2,2,2,2,2,0,0,0
2008,12,127,1,120580,1,4,2,2,2,2,6,2,1,2,2,2,1,2,1,1,2,2,2,2,1,2,2,2,2,2,2,2,1,2,2,0,0,0
2008,12,85,1,120581,1,4,2,2,1,2,2,2,2,2,2,2,2,2,2,2,2,2,2,2,1,2,2,2,2,2,2,2,2,2,2,0,0,0
2008,12,83,1,120582,1,4,1,2,4,2,6,2,1,2,2,2,1,2,2,1,2,2,2,2,1,2,2,2,2,2,2,2,1,2,2,0,0,0
2008,12,103,1,120583,1,4,2,2,1,2,3,2,1,2,2,2,1,2,2,2,2,1,2,2,3,2,2,2,2,2,2,2,2,2,2,0,0,0
2008,12,1,2,120584,1,4,1,1,3,2,1,2,1,2,2,2,2,1,2,2,2,2,1,2,3,2,2,2,2,1,2,2,1,1,2,0,0,0
2008,12,23,1,120585,1,4,1,2,4,2,6,2,1,2,2,2,1,2,2,1,2,2,1,2,1,2,2,2,2,2,2,2,1,2,2,0,0,0
2008,12,115,1,120586,1,4,2,2,3,1,4,1,1,2,2,2,1,2,1,2,2,2,2,2,1,2,2,2,2,2,2,2,2,1,2,0,0,0
2008,12,73,1,120587,1,4,1,2,2,2,6,2,1,1,2,2,1,2,2,2,2,2,2,2,1,2,2,1,1,2,2,1,1,2,2,0,0,0
2008,12,95,2,120588,1,4,1,2,2,2,3,2,1,1,2,2,1,2,2,2,2,2,1,2,1,2,2,2,2,2,2,2,1,1,2,0,0,0
2008,12,1,1,120589,1,4,1,1,1,2,1,2,1,1,1,2,2,1,2,2,1,2,2,2,3,2,2,2,2,2,2,2,2,1,2,0,0,0
2008,12,41,2,120590,1,4,1,2,1,2,3,2,3,1,1,2,2,2,2,2,2,2,2,2,3,2,2,2,2,1,2,2,1,1,2,0,0,0
2008,12,83,1,120591,1,4,2,2,2,2,3,2,1,1,1,2,1,2,2,2,2,2,1,2,2,2,2,2,2,1,2,2,1,2,2,0,0,0
2008,12,81,1,120592,1,4,2,1,2,2,1,2,2,1,1,2,1,1,2,2,2,2,2,2,3,2,2,2,2,2,2,2,1,1,2,0,0,0
2008,12,27,1,120593,1,4,1,2,1,1,6,1,4,1,1,2,2,1,2,2,2,2,2,2,3,1,1,1,1,2,2,1,2,2,2,0,0,0
2008,12,86,1,120594,1,4,1,2,1,1,3,1,4,2,1,2,2,1,2,2,2,2,1,2,3,2,2,2,2,2,1,1,2,2,2,0,0,0
2008,12,11,1,120595,1,4,2,1,2,2,1,2,1,1,1,2,1,2,2,2,2,2,2,2,3,2,2,2,2,2,2,2,1,2,2,0,0,0
2008,12,131,2,120596,1,4,1,2,1,2,3,2,3,2,1,2,3,2,2,1,2,2,1,2,1,2,2,2,2,2,2,2,2,2,2,0,0,0
2008,12,109,1,120597,1,4,1,2,1,2,3,2,2,1,1,2,2,1,2,2,2,2,2,2,3,2,2,2,2,2,1,1,2,1,2,0,0,0
2008,12,105,1,120598,1,4,1,2,2,2,6,2,1,2,1,2,1,2,2,2,2,2,2,2,3,2,2,2,2,1,2,2,1,1,2,0,0,0
2008,12,109,1,120599,1,4,1,2,1,1,3,1,3,1,1,2,2,2,2,2,2,2,2,2,3,2,2,2,2,2,2,2,2,1,2,0,0,0
2008,12,87,1,120600,1,4,2,2,1,2,3,2,1,2,1,2,2,2,2,2,1,2,2,2,1,2,2,2,2,2,2,2,2,2,2,0,0,0
2008,12,86,1,120601,1,4,2,2,1,1,4,1,4,1,1,2,2,2,1,2,2,2,2,2,3,2,2,2,2,2,2,2,2,2,2,0,0,0
2008,12,31,1,120602,1,4,2,2,1,2,3,2,3,2,1,2,2,1,2,2,2,2,2,2,3,2,2,2,2,2,1,1,1,1,2,0,0,0
2008,12,57,1,120603,1,4,2,2,1,2,3,2,1,2,1,2,1,2,2,2,1,2,2,2,3,2,2,1,1,2,2,1,2,2,2,0,0,0
2008,12,57,1,120604,1,4,2,2,1,2,3,2,4,1,1,2,2,2,1,2,2,2,2,2,2,2,2,2,2,2,2,2,2,2,2,0,0,0
2008,12,93,1,120605,1,4,1,2,1,2,6,2,1,2,1,2,1,2,2,2,2,1,2,2,1,2,2,2,2,1,2,2,2,2,2,0,0,0
2008,12,105,1,120606,1,4,1,2,1,1,6,1,4,1,1,2,2,1,1,2,2,2,2,2,3,2,2,2,2,2,1,1,2,2,2,0,0,0
2008,12,87,1,120608,1,4,2,2,1,2,3,2,1,2,2,2,1,2,2,2,1,2,2,2,3,2,2,2,2,2,2,2,2,1,2,0,0,0
2008,12,33,1,120609,1,4,1,2,1,1,6,1,3,1,1,2,2,2,2,2,2,2,2,2,3,2,2,2,2,1,2,2,2,2,2,0,0,0
2008,12,81,2,120610,1,4,2,2,1,1,3,1,4,1,1,2,2,2,2,2,2,2,1,2,3,2,2,2,2,2,2,2,2,2,2,0,0,0
2008,12,83,1,120611,1,4,2,1,1,2,1,2,1,2,2,1,2,2,2,2,1,2,2,2,3,2,2,2,2,2,2,2,2,2,2,0,0,0
2008,12,9,2,120612,1,4,2,2,2,2,3,2,1,2,2,2,1,2,1,2,2,2,2,2,1,2,2,2,2,2,2,2,1,1,2,0,0,0
2008,12,23,2,120613,1,4,1,2,4,2,6,2,1,2,2,2,1,2,2,1,2,2,2,2,1,2,2,2,2,2,1,1,1,1,2,0,0,0
2008,12,39,1,120614,1,4,1,2,1,2,4,2,3,2,2,2,2,2,2,2,2,2,2,2,1,1,1,1,1,2,1,1,1,1,2,0,0,0
2008,12,99,1,120615,1,4,2,2,1,1,5,1,4,2,2,2,2,2,1,1,2,2,2,2,3,2,2,1,1,2,2,1,2,2,2,0,0,0
2008,12,95,1,120616,1,4,1,2,4,2,6,2,1,2,2,2,1,2,1,2,2,2,2,2,2,2,2,2,2,2,2,2,1,1,2,0,0,0
2008,12,83,1,120617,1,4,2,2,1,1,3,1,4,1,2,2,2,2,1,2,2,2,2,2,3,2,2,2,2,1,2,2,2,2,2,0,0,0
2008,12,31,1,120618,1,4,2,2,4,2,3,2,1,2,2,1,1,2,2,2,2,1,2,2,1,2,2,2,2,2,1,1,2,1,2,0,0,0
2008,12,81,1,120619,1,4,1,2,2,2,6,2,1,1,2,2,1,2,2,2,2,2,2,2,1,2,2,2,2,2,2,2,1,1,2,0,0,0
2008,12,31,1,120620,1,4,2,1,2,2,1,3,1,2,2,2,1,2,2,1,2,2,2,2,1,2,2,2,2,2,2,2,1,1,2,0,0,0
2008,12,39,3,120621,1,4,1,2,1,2,6,3,3,1,2,2,2,2,2,1,2,2,1,2,1,1,1,1,1,2,2,1,1,1,2,0,0,0
2008,12,33,1,120622,1,4,1,2,2,2,6,2,1,2,2,2,1,2,2,1,2,2,1,2,1,2,2,2,2,2,2,2,1,1,2,0,0,0
2008,12,11,1,120623,1,4,2,2,1,2,3,2,3,2,2,2,3,2,1,2,2,2,2,2,1,2,2,2,2,2,1,1,1,2,2,0,0,0
2008,12,33,1,120624,1,4,2,2,1,2,3,2,1,1,1,2,1,2,1,2,2,2,2,2,2,2,2,2,2,2,2,2,1,2,2,0,0,0
2008,12,89,2,120625,1,4,1,2,1,2,3,2,3,1,1,2,3,2,2,2,2,2,1,2,3,2,2,2,2,1,2,2,2,2,2,0,0,0
2008,12,97,1,120627,1,4,2,2,1,2,3,2,1,2,1,2,1,2,2,2,1,2,2,2,3,2,2,2,2,2,1,1,2,2,2,0,0,0
2008,12,99,1,120628,1,4,1,2,1,2,3,2,1,1,1,2,1,2,2,2,2,2,1,2,3,2,2,2,2,2,1,1,1,2,2,0,0,0
2008,12,71,1,120629,1,4,2,1,1,2,1,2,2,1,1,2,2,1,2,2,2,2,2,2,3,2,2,2,2,2,2,2,2,1,2,0,0,0
2008,12,53,1,120630,1,4,2,2,1,2,3,2,1,2,2,2,1,2,2,2,1,2,2,2,3,1,1,1,1,2,2,1,2,2,2,0,0,0
2008,12,131,1,120631,1,4,1,1,3,2,1,2,1,1,1,2,1,1,2,2,2,2,1,2,2,2,2,2,2,2,2,2,1,1,2,0,0,0
2008,12,57,1,120632,1,4,2,1,1,2,1,2,2,2,2,1,3,2,1,2,2,2,2,2,1,2,2,2,2,2,1,1,2,1,2,0,0,0
2008,12,87,1,120633,1,4,1,2,2,2,6,2,1,2,2,2,1,2,1,2,2,2,2,2,2,1,1,1,1,2,2,1,1,1,2,0,0,0
2008,12,83,1,120634,1,4,2,2,1,1,3,1,2,2,2,2,2,1,2,2,2,2,2,2,1,2,2,2,2,2,1,1,2,1,2,0,0,0
2008,12,3,1,120635,1,4,1,1,1,2,1,2,4,1,2,2,2,2,2,2,2,2,2,2,3,2,2,2,2,2,2,2,1,2,2,0,0,0
2008,12,9,1,120636,1,4,1,1,1,2,1,2,1,1,2,2,1,2,2,2,2,2,1,2,2,2,2,2,2,2,2,2,2,1,2,0,0,0
2008,12,43,1,120637,1,4,1,2,4,2,4,2,1,1,2,2,1,2,2,2,2,2,1,2,3,2,2,2,2,2,2,2,1,1,2,0,0,0
2008,12,83,1,120638,1,4,2,2,1,2,3,2,4,1,1,2,2,2,2,2,2,2,2,2,3,2,2,2,2,2,2,2,2,2,2,0,0,0
2008,12,129,1,120639,1,4,1,2,2,2,6,2,1,2,2,2,1,2,2,1,2,2,1,2,1,1,1,1,1,2,2,1,1,1,2,0,0,0
2008,12,129,2,120640,1,4,1,2,2,2,4,2,1,1,1,2,1,2,2,2,2,2,2,2,2,2,2,2,2,2,2,2,1,2,2,0,0,0
2008,12,65,1,120641,1,4,1,2,2,2,6,2,1,1,1,2,1,2,2,1,2,2,2,2,2,2,2,1,1,2,2,1,1,1,2,0,0,0
2008,12,81,1,120642,1,4,3,3,2,2,7,2,1,1,1,2,1,2,2,1,2,2,1,2,1,2,2,2,2,2,2,2,1,1,2,0,0,0
2008,12,15,1,120643,1,4,2,2,2,2,4,2,1,2,1,2,1,2,1,2,2,2,2,2,1,2,2,2,2,2,1,1,1,2,2,0,0,0
2008,12,47,1,120644,1,4,1,2,3,2,6,2,1,2,2,2,1,2,2,2,2,2,2,2,1,2,2,2,2,2,2,2,1,2,2,0,0,0
2008,12,39,1,120645,1,4,1,1,1,2,1,2,2,2,2,2,2,2,2,1,2,2,1,2,1,2,2,2,2,2,1,1,2,1,2,0,0,0
2008,12,1,2,120646,1,4,1,2,2,2,4,2,1,2,2,2,1,2,2,1,2,2,1,2,2,2,2,2,2,2,2,2,1,2,2,0,0,0
2008,12,101,1,120647,1,4,1,1,2,2,1,2,1,1,1,2,1,2,2,1,2,2,1,2,3,2,2,2,2,2,1,1,1,1,2,0,0,0
2008,12,51,1,120648,1,4,1,2,4,2,6,2,1,3,2,2,1,2,2,2,2,2,1,2,1,2,2,2,2,2,2,2,1,1,2,0,0,0
2008,12,101,1,120649,1,4,2,2,1,1,3,1,4,2,2,2,3,2,1,2,2,2,2,2,1,2,2,2,2,2,2,2,2,2,2,0,0,0
2008,12,71,1,120650,1,4,2,2,3,1,4,1,1,2,2,1,1,2,1,2,2,2,2,2,3,2,2,2,2,2,2,2,2,1,2,0,0,0
2008,12,9,1,120651,1,4,1,2,1,2,6,2,1,2,2,2,1,2,2,2,1,2,2,2,2,2,2,2,2,2,1,1,2,2,2,0,0,0
2008,12,9,1,120652,1,4,1,2,2,2,3,2,1,1,2,2,1,2,2,2,2,2,1,2,1,2,2,2,2,2,2,2,1,1,2,0,0,0
2008,12,127,1,120653,1,4,1,2,1,2,6,2,1,1,2,2,1,2,2,2,2,2,1,2,2,2,2,2,2,2,2,2,1,1,2,0,0,0
2008,12,9,1,120654,1,4,2,1,2,2,1,2,1,1,2,2,1,2,2,2,2,2,2,2,2,2,2,2,2,2,2,2,1,2,2,0,0,0
2008,12,127,1,120655,1,4,2,1,2,2,1,2,1,1,1,2,1,2,2,2,2,2,1,2,3,2,2,2,2,2,2,2,1,1,2,0,0,0
2008,12,89,1,120656,1,4,1,1,2,2,1,2,1,2,2,2,1,2,2,2,2,2,2,2,2,2,2,2,2,2,1,1,1,2,2,0,0,0
2008,12,11,1,120657,1,4,2,1,2,2,1,3,1,2,2,2,1,2,2,2,2,2,2,2,3,1,1,1,1,2,2,1,1,2,2,0,0,0
2008,12,71,1,120658,1,4,1,2,2,2,6,2,1,1,1,2,1,2,1,2,2,2,2,2,3,2,2,1,1,2,2,1,1,1,2,0,0,0
2008,12,69,1,120659,1,4,1,2,2,2,6,2,1,2,1,2,1,2,2,2,2,2,1,2,3,2,2,2,2,2,2,2,1,1,2,0,0,0
2008,12,109,1,120660,1,4,1,2,1,2,3,2,2,2,1,2,2,2,1,2,2,2,2,2,1,2,2,2,2,2,2,2,2,1,2,0,0,0
2008,12,115,1,120661,1,4,1,1,4,2,1,2,1,2,1,2,1,2,2,2,2,2,1,2,3,2,2,2,2,2,2,2,1,1,2,0,0,0
2008,12,93,1,120662,1,4,1,2,1,1,3,1,4,2,2,2,2,1,2,2,2,2,2,2,2,2,2,1,1,2,2,1,2,2,2,0,0,0
2008,12,53,1,120663,1,4,1,2,2,2,3,2,1,2,1,2,1,2,2,2,2,2,1,2,3,2,2,2,2,2,2,2,1,1,2,0,0,0
2008,12,99,1,120664,1,4,2,1,2,2,1,2,1,2,2,2,1,2,2,2,2,2,1,2,3,2,2,2,2,2,2,2,1,1,2,0,0,0
2008,12,61,2,120665,1,4,1,1,1,2,1,2,1,2,2,2,1,2,1,2,1,2,2,2,3,2,2,2,2,2,2,2,2,2,2,0,0,0
2008,12,73,1,120666,1,4,1,2,1,1,6,1,2,1,2,2,3,2,1,2,2,2,2,2,1,2,2,2,2,2,2,2,2,1,2,0,0,0
2008,12,75,1,120667,1,4,1,2,2,2,5,2,1,2,1,2,1,2,2,1,2,2,2,2,3,2,2,2,2,2,2,2,1,1,2,0,0,0
2008,12,11,2,120669,1,4,2,1,1,2,1,3,1,2,1,2,1,2,2,2,2,2,1,2,1,1,1,1,1,2,2,1,1,2,2,0,0,0
2008,12,11,1,120670,1,4,1,1,1,2,1,2,1,1,1,2,1,2,2,2,1,2,2,2,3,2,2,2,2,1,2,2,2,2,2,0,0,0
2008,12,57,1,120671,1,4,1,2,2,2,6,2,1,2,1,2,1,2,1,1,2,2,2,2,1,2,2,2,2,2,2,2,1,1,2,0,0,0
2008,12,11,1,120672,1,4,2,1,2,2,1,2,1,1,1,2,1,2,2,2,2,2,2,2,3,2,2,2,2,2,1,1,1,1,2,0,0,0
2008,12,86,1,120673,1,4,2,2,1,1,3,1,4,1,1,2,2,2,2,2,2,2,2,2,3,2,2,2,2,1,1,1,2,2,2,0,0,0
2008,12,3,1,120674,1,4,1,1,2,2,1,2,1,1,1,2,1,2,2,2,2,2,1,2,2,2,2,2,2,2,1,1,1,1,2,0,0,0
2008,12,71,1,120675,1,4,2,2,1,1,3,1,1,2,2,2,1,2,2,2,1,2,2,2,3,2,2,2,2,2,2,2,2,2,2,0,0,0
2008,12,9,1,120676,1,4,2,2,1,1,3,1,4,2,2,2,2,2,2,2,2,2,2,2,1,2,2,2,2,2,2,2,2,2,2,0,0,0
2008,12,63,2,120677,1,4,1,1,2,2,1,2,1,1,2,2,1,2,2,2,2,2,1,2,2,1,1,1,1,2,2,1,1,1,2,0,0,0
2008,12,19,1,120678,1,4,1,2,1,2,6,2,2,2,2,2,2,2,1,1,2,2,2,2,1,2,2,2,2,2,2,2,2,2,2,0,0,0
2008,12,75,1,120679,1,4,1,2,1,2,3,2,2,1,2,2,2,2,1,1,2,2,2,2,3,2,2,2,2,2,2,2,2,2,2,0,0,0
2008,12,115,1,120680,1,4,1,1,3,2,1,2,1,2,2,2,2,1,2,1,2,2,2,2,1,2,2,2,2,2,2,2,1,1,2,0,0,0
2008,12,99,3,120681,1,4,2,1,1,2,1,2,3,2,2,2,3,2,2,2,2,2,2,2,1,2,2,2,2,1,2,2,2,2,2,0,0,0
2008,12,103,1,120682,1,4,2,1,2,2,1,3,1,2,2,2,1,2,2,1,2,2,2,2,3,2,2,2,2,2,2,2,1,2,2,0,0,0
2008,12,123,1,120683,1,4,1,2,3,2,3,2,1,2,2,2,1,2,2,2,2,2,1,2,2,1,1,1,1,2,2,1,1,1,2,0,0,0
2008,12,85,1,120684,1,4,1,2,1,2,4,2,1,2,2,2,1,2,2,2,2,2,1,2,1,2,2,2,2,2,2,2,2,2,2,0,0,0
2008,12,15,1,120685,1,4,1,1,2,2,1,2,2,2,2,2,2,2,2,2,2,2,1,2,1,2,2,2,2,2,2,2,1,1,2,0,0,0
2008,12,69,1,120686,1,4,1,2,1,2,6,2,5,2,1,2,2,2,2,2,2,2,1,2,1,2,2,2,2,2,2,2,1,2,2,0,0,0
2008,12,71,1,120687,1,4,1,2,1,2,6,2,1,2,1,2,1,2,2,2,1,2,2,2,1,2,2,2,2,2,1,1,2,2,2,0,0,0
2008,12,119,1,120689,1,4,1,1,1,2,1,2,2,2,1,2,2,1,2,1,2,2,2,2,3,2,2,2,2,1,2,2,2,1,2,0,0,0
2008,12,57,1,120690,1,4,2,2,1,2,3,2,2,2,1,2,2,1,1,2,2,2,2,2,1,2,2,2,2,2,2,2,2,1,2,0,0,0
2008,12,86,1,120691,1,4,2,2,2,2,3,2,1,2,1,2,1,2,2,2,2,2,2,2,3,2,2,2,2,2,2,2,1,2,2,0,0,0
2008,12,53,1,120692,1,4,1,2,4,2,6,2,1,1,1,2,1,2,2,2,2,2,2,2,2,2,2,2,2,1,2,2,1,1,2,0,0,0
2008,12,86,1,120694,1,4,1,2,1,1,6,1,4,1,1,2,2,2,2,2,2,2,2,2,3,2,2,2,2,1,2,2,2,2,2,0,0,0
2008,12,86,1,120695,1,4,2,2,1,1,3,1,4,1,1,2,2,1,1,2,2,2,2,2,3,2,2,2,2,1,2,2,2,1,2,0,0,0
2008,12,57,1,120696,1,4,2,2,1,1,4,1,2,1,1,2,3,1,2,2,2,2,2,2,3,2,2,2,2,1,2,2,2,2,2,0,0,0
2008,12,91,1,120697,1,4,1,2,4,2,6,2,1,1,1,2,1,1,2,2,2,2,1,2,2,2,2,2,2,2,2,2,1,1,2,0,0,0
2008,12,71,1,120698,1,4,1,2,2,2,6,2,1,1,1,2,1,2,2,2,2,2,1,2,1,2,2,2,2,2,2,2,1,1,2,0,0,0
2008,12,115,1,120699,1,4,2,2,1,1,3,1,4,1,1,2,2,2,2,2,2,2,2,2,3,2,2,2,2,1,2,2,2,2,2,0,0,0
2008,12,57,2,120700,1,4,2,2,1,2,3,2,4,1,2,2,2,2,2,2,2,2,2,2,3,2,2,2,2,2,2,2,1,1,2,0,0,0
2008,12,109,1,120701,1,4,1,1,1,2,1,2,2,1,2,2,2,2,2,1,2,2,1,2,1,2,2,2,2,2,2,2,1,1,2,0,0,0
2008,12,95,1,120702,1,4,1,2,1,2,6,2,6,1,2,2,3,2,1,2,2,2,2,2,1,2,2,2,2,2,2,2,2,2,2,0,0,0
2008,12,105,1,120703,1,4,2,2,1,2,3,2,3,2,2,2,2,2,1,1,2,2,2,2,3,2,2,2,2,2,1,1,1,2,2,0,0,0
2008,12,99,1,120704,1,4,2,1,2,2,1,2,1,2,2,2,1,2,2,2,2,2,1,2,3,2,2,2,2,2,1,1,1,1,2,0,0,0
2008,12,109,1,120705,1,4,1,1,1,2,1,2,5,2,2,2,3,1,2,2,2,2,1,2,3,2,2,2,2,2,1,1,2,2,2,0,0,0
2008,12,31,1,120706,1,4,2,1,4,2,1,2,1,2,2,2,1,2,2,1,2,2,2,2,1,1,1,1,1,2,2,1,1,1,2,0,0,0
2008,12,15,1,120707,1,4,1,1,3,2,1,2,1,2,1,2,1,2,2,2,2,2,1,2,1,2,2,2,2,2,2,2,1,1,2,0,0,0
2008,12,3,1,120708,1,4,1,2,1,2,4,2,4,1,1,2,2,2,2,2,2,2,1,2,3,1,1,1,1,2,2,1,2,2,2,0,0,0
2008,12,95,1,120709,1,4,2,2,2,2,3,2,1,2,1,2,1,2,2,2,2,2,1,2,1,2,2,2,2,2,2,2,1,1,2,0,0,0
2008,12,49,2,120710,1,4,2,2,1,2,3,2,4,1,1,2,2,2,2,2,2,2,1,2,3,1,1,1,1,2,2,1,2,1,2,0,0,0
2008,12,33,1,120711,1,4,2,2,1,2,6,3,1,1,1,2,1,2,2,2,2,2,2,2,2,1,1,1,1,2,2,1,2,2,2,0,0,0
2008,12,41,1,120712,1,4,1,2,4,2,6,2,1,2,2,2,1,2,2,2,2,2,1,2,1,2,2,2,2,2,2,2,1,1,2,0,0,0
2008,12,105,1,120714,1,4,1,2,1,1,3,1,2,1,1,2,2,1,2,2,2,2,2,2,3,2,2,2,2,2,2,2,2,1,2,0,0,0
2008,12,109,1,120715,1,4,1,2,2,2,4,2,1,2,2,2,1,2,1,1,2,2,2,2,1,2,2,2,2,2,2,2,2,2,2,0,0,0
2008,12,41,1,120716,1,4,1,2,1,2,6,2,3,2,2,2,2,2,1,2,2,2,2,2,1,2,2,2,2,2,2,2,2,2,2,0,0,0
2008,12,99,1,120717,1,4,2,1,2,2,1,3,1,2,1,2,1,2,2,1,2,2,2,2,1,2,2,2,2,2,2,2,1,1,2,0,0,0
2008,12,9,1,120718,1,4,1,1,3,2,1,2,1,2,2,2,1,2,2,1,2,2,1,2,2,1,1,1,1,2,2,1,1,1,2,0,0,0
2008,12,89,1,120720,1,4,1,2,2,2,6,2,1,2,2,2,1,2,2,1,2,2,1,2,1,2,2,2,2,2,2,2,1,2,2,0,0,0
2008,12,95,1,120721,1,4,2,2,6,2,3,2,1,2,2,1,1,2,2,2,1,2,2,2,3,2,2,2,2,2,2,2,2,2,2,0,0,0
2008,12,117,1,120722,1,4,2,1,1,2,1,2,2,2,2,2,2,2,2,2,2,2,1,2,3,2,2,2,2,2,2,2,1,2,2,0,0,0
2008,12,7,1,120723,1,4,1,2,2,2,4,2,1,1,2,2,1,2,2,2,2,2,2,2,2,2,2,2,2,2,2,2,1,1,2,0,0,0
2008,12,57,1,120724,1,4,2,2,1,1,3,1,4,2,2,2,2,2,1,2,2,2,2,2,1,2,2,2,2,2,2,2,2,2,2,0,0,0
2008,12,31,1,120725,1,4,2,2,2,2,2,2,1,2,1,2,1,2,1,2,2,2,2,2,1,2,2,2,2,2,2,2,1,1,2,0,0,0
2008,12,15,1,120726,1,4,2,2,1,1,4,1,2,1,1,2,2,2,2,1,2,2,2,2,1,2,2,2,2,1,2,2,2,1,2,0,0,0
2008,12,1,1,120727,1,4,2,2,2,1,3,1,1,2,2,2,1,2,2,1,2,2,1,2,1,2,2,2,2,2,2,2,2,1,2,0,0,0
2008,12,83,1,120728,1,4,1,2,2,2,6,2,1,1,1,2,1,2,2,2,2,2,2,2,1,2,2,2,2,2,2,2,1,2,2,0,0,0
2008,12,105,1,120729,1,4,2,2,1,2,3,2,1,1,1,2,1,2,2,2,1,2,2,2,3,2,2,2,2,2,1,1,2,2,2,0,0,0
2008,12,83,1,120730,1,4,1,2,1,2,6,2,4,2,1,2,2,2,2,2,2,2,2,2,1,2,2,2,2,2,2,2,1,1,2,0,0,0
2008,12,71,1,120731,1,4,1,2,1,1,6,1,4,1,1,2,2,2,2,2,2,2,1,2,3,2,2,2,2,2,2,2,2,2,2,0,0,0
2008,12,57,1,120732,1,4,2,2,1,1,3,1,4,2,1,2,3,1,2,2,2,2,2,2,3,2,2,2,2,1,2,2,2,2,2,0,0,0
2008,12,19,1,120733,1,4,1,2,1,1,6,1,3,2,1,2,2,2,1,1,2,2,2,2,1,1,1,1,1,2,2,1,2,2,2,0,0,0
2008,12,91,1,120734,1,4,2,2,1,2,4,2,1,2,1,2,1,2,2,2,2,1,2,2,3,2,2,1,1,2,2,1,2,2,2,0,0,0
2008,12,33,2,120735,1,4,2,2,1,2,3,2,3,2,1,2,2,2,2,2,2,2,2,2,2,2,2,2,2,2,2,2,1,2,2,0,0,0
2008,12,81,2,120736,1,4,2,2,1,1,3,1,4,1,1,2,2,1,2,2,2,2,2,2,3,1,1,1,1,2,2,1,2,2,2,0,0,0
2008,12,83,1,120737,1,4,2,2,3,2,3,2,1,2,1,2,1,2,2,2,2,2,1,2,1,2,2,2,2,2,1,1,1,1,2,0,0,0
2008,12,105,1,120738,1,4,1,2,1,2,6,2,1,1,1,2,1,2,1,1,2,2,2,2,2,2,2,2,2,2,2,2,2,1,2,0,0,0
2008,12,101,1,120739,1,4,2,2,1,2,3,2,1,2,2,2,1,2,2,2,1,2,2,2,3,1,1,1,1,2,2,1,2,2,2,0,0,0
2008,12,1,1,120741,1,4,1,2,1,1,6,1,1,1,1,2,1,2,2,2,2,1,2,2,2,2,2,2,2,2,2,2,2,2,2,0,0,0
2008,12,35,1,120742,1,4,2,2,3,2,3,2,1,2,1,2,1,2,1,2,2,2,2,2,2,2,2,2,2,2,2,2,1,1,2,0,0,0
2008,12,101,1,120743,1,4,2,2,1,2,3,2,3,1,1,2,2,2,2,2,2,2,2,2,3,2,2,2,2,1,2,2,2,2,2,0,0,0
2008,12,33,1,120744,1,4,1,2,2,2,3,2,1,1,1,2,1,2,2,2,2,2,1,2,1,2,2,2,2,2,2,2,1,1,2,0,0,0
2008,12,33,1,120745,1,4,1,2,2,2,6,2,1,1,1,2,1,2,2,2,2,2,2,2,2,2,2,2,2,2,2,2,1,1,2,0,0,0
2008,12,99,1,120746,1,4,2,1,1,2,1,2,2,1,1,2,3,1,2,2,2,2,1,2,1,1,1,1,1,2,2,1,2,2,2,0,0,0
2008,12,97,1,120747,1,4,2,2,1,2,3,2,2,2,2,2,3,2,1,2,2,2,2,2,3,1,1,1,1,2,2,1,2,1,2,0,0,0
2008,12,57,1,120748,1,4,2,2,1,1,3,1,4,1,1,2,2,2,1,1,2,2,2,2,2,2,2,2,2,1,1,1,2,2,2,0,0,0
2008,12,1,1,120749,1,4,1,2,2,2,6,2,1,1,2,2,1,2,2,2,2,2,1,2,1,2,2,2,2,2,1,1,1,1,2,0,0,0
2008,12,15,1,120750,1,4,1,2,1,1,6,1,4,2,2,2,2,2,2,2,2,2,1,2,1,2,2,2,2,2,2,2,2,2,2,0,0,0
2008,12,71,1,120751,1,4,2,2,1,1,4,1,1,1,2,2,1,2,2,2,2,1,2,2,3,2,2,2,2,2,2,2,2,2,2,0,0,0
2008,12,51,1,120752,1,4,1,2,1,2,6,2,3,1,2,2,2,1,2,2,2,2,2,2,1,2,2,2,2,2,1,1,2,2,2,0,0,0
2008,12,86,1,120753,1,4,2,2,1,2,3,2,4,2,1,2,2,2,2,2,2,2,1,2,3,2,2,2,2,2,2,2,1,1,2,0,0,0
2008,12,69,1,120754,1,4,1,2,3,2,3,2,1,2,1,2,1,2,2,2,2,2,1,2,2,2,2,2,2,2,2,2,1,2,2,0,0,0
2008,12,109,1,120755,1,4,1,2,1,2,3,2,5,1,2,2,2,2,1,2,2,2,2,2,3,2,2,2,2,1,2,2,2,2,2,0,0,0
2008,12,99,1,120756,1,4,2,2,2,2,2,2,1,1,1,2,2,1,2,2,2,2,1,2,3,2,2,2,2,2,2,2,1,2,2,0,0,0
2008,12,115,1,120757,1,4,2,1,3,2,1,2,1,1,1,2,2,2,2,2,2,2,1,2,3,2,2,2,2,2,2,2,1,1,2,0,0,0
2008,12,99,1,120758,1,4,2,2,1,2,4,2,4,2,2,1,2,2,1,2,2,2,2,2,1,1,1,1,1,2,2,1,2,2,2,0,0,0
2008,12,55,1,120759,1,4,1,2,2,2,6,2,1,2,2,2,1,2,1,1,2,2,2,2,1,2,2,2,2,2,2,2,1,2,2,0,0,0
2008,12,71,1,120760,1,4,2,2,3,2,3,2,1,1,1,2,1,2,2,2,2,2,1,2,3,2,2,2,2,2,2,2,1,1,2,0,0,0
2008,12,101,1,120761,1,4,1,2,1,2,4,2,2,1,1,2,3,2,1,2,2,2,2,2,3,2,2,2,2,2,2,2,2,2,2,0,0,0
2008,12,11,1,120762,1,4,2,1,1,2,1,2,2,2,1,2,3,2,1,2,2,2,2,2,3,2,2,2,2,2,2,2,2,1,2,0,0,0
2008,12,99,1,120763,1,4,1,2,2,2,3,2,1,2,2,2,1,2,1,2,2,2,2,2,1,2,2,2,2,2,2,2,1,1,2,0,0,0
2008,12,71,1,120764,1,4,2,1,3,2,1,2,1,1,2,2,1,2,2,1,2,2,2,2,3,2,2,2,2,2,1,1,1,1,2,0,0,0
2008,12,5,1,120765,1,4,1,2,1,2,6,2,1,2,2,2,1,2,2,2,1,2,2,2,3,2,2,2,2,2,1,1,2,2,2,0,0,0
2008,12,86,1,120766,1,4,2,1,3,2,1,2,1,2,2,2,1,2,2,2,2,2,2,2,2,2,2,2,2,2,1,1,1,1,2,0,0,0
2008,12,105,1,120767,1,4,2,2,1,1,3,1,4,2,1,2,2,2,1,2,2,2,2,2,3,2,2,2,2,2,1,1,2,2,2,0,0,0
2008,12,105,1,120768,1,4,1,2,1,1,3,1,5,2,1,2,2,1,2,2,2,2,2,2,3,2,2,2,2,2,1,1,2,2,2,0,0,0
2008,12,83,1,120770,1,4,1,1,3,2,1,2,1,1,1,2,1,2,2,2,2,2,1,2,3,2,2,2,2,1,2,2,1,1,2,0,0,0
2008,12,61,1,120772,1,4,1,1,4,2,1,2,1,1,2,2,1,2,2,2,2,2,1,2,2,2,2,2,2,2,2,2,1,1,2,0,0,0
2008,12,103,1,120773,1,4,1,2,1,2,6,2,4,1,2,2,2,2,2,1,2,2,2,2,2,2,2,2,2,2,2,2,2,2,2,0,0,0
2008,12,35,1,120774,1,4,1,2,1,2,3,2,3,1,2,2,2,2,2,1,2,2,2,2,1,2,2,2,2,2,2,2,2,2,2,0,0,0
2008,12,69,1,120777,1,4,1,2,1,2,6,2,3,2,1,2,2,2,2,2,2,2,1,2,1,2,2,2,2,2,1,1,1,2,2,0,0,0
2008,12,69,1,120778,1,4,1,2,1,2,6,2,3,1,1,2,2,1,2,2,2,2,2,2,3,2,2,2,2,1,2,2,1,2,2,0,0,0
2008,12,51,1,120779,1,4,1,2,1,2,3,2,2,1,1,2,3,1,2,2,2,2,2,2,3,2,2,2,2,2,1,1,2,2,2,0,0,0
2008,12,125,1,120780,1,4,1,2,2,2,6,2,1,2,2,2,1,2,2,2,2,2,2,2,1,2,2,2,2,2,2,2,1,1,2,0,0,0
2008,12,85,1,120781,1,4,2,2,1,2,3,3,1,2,2,2,1,2,2,2,2,1,2,2,2,2,2,2,2,1,2,2,2,2,2,0,0,0
2008,12,86,1,120782,1,4,1,2,1,2,3,2,3,2,2,2,2,1,2,2,2,2,2,2,1,2,2,2,2,2,1,1,1,2,2,0,0,0
2008,12,11,1,120783,1,4,2,1,2,2,1,2,1,1,1,2,1,2,2,2,2,2,2,2,2,2,2,2,2,2,1,1,1,2,2,0,0,0
2008,12,99,1,120784,1,4,2,2,2,2,5,2,1,1,1,2,1,2,2,2,2,2,2,2,1,2,2,2,2,2,2,2,1,2,2,0,0,0
2008,12,86,1,120785,1,4,1,2,1,2,3,2,1,2,1,2,1,2,1,2,2,2,2,2,3,2,2,2,2,2,2,2,2,2,2,0,0,0
2008,12,11,1,120786,1,4,2,2,1,2,3,2,1,2,1,2,1,2,2,2,1,2,2,2,3,2,2,2,2,2,2,2,2,2,2,0,0,0
2008,12,127,1,120787,1,4,2,2,1,1,3,1,4,1,1,2,2,2,2,2,2,2,2,2,2,2,2,2,2,1,2,2,2,2,2,0,0,0
2008,12,117,1,120788,1,4,2,2,1,1,3,1,4,1,2,2,2,2,2,2,2,2,2,2,3,1,1,1,1,1,2,1,2,2,2,0,0,0
2008,12,105,1,120790,1,4,1,2,1,1,6,1,1,1,1,2,1,2,2,2,2,1,2,2,3,2,2,2,2,2,2,2,2,2,2,0,0,0
2008,12,11,1,120791,1,4,2,2,1,1,3,1,1,1,2,2,1,2,2,2,1,2,2,2,2,1,1,1,1,2,2,1,2,2,2,0,0,0
2008,12,103,1,120792,1,4,2,2,1,2,6,2,4,2,2,2,2,2,2,1,2,2,2,2,1,2,2,2,2,2,2,2,2,2,2,0,0,0
2008,12,127,1,120793,1,4,2,2,1,1,3,1,4,2,1,2,2,2,1,2,2,2,2,2,1,2,2,2,2,2,2,2,2,2,2,0,0,0
2008,12,103,1,120794,1,4,2,2,3,2,3,2,1,2,2,2,1,2,1,1,2,2,2,2,2,2,2,2,2,2,2,2,1,2,2,0,0,0
2008,12,19,1,120796,1,4,2,2,1,1,3,1,2,1,1,2,3,2,2,2,2,2,2,2,3,2,2,2,2,1,2,2,2,1,2,0,0,0
2008,12,57,1,120797,1,4,1,2,2,2,3,2,1,1,1,2,1,2,2,2,2,2,2,2,2,2,2,2,2,2,1,1,1,2,2,0,0,0
2008,12,103,1,120798,1,4,2,2,1,2,6,2,1,2,1,2,1,2,2,2,1,2,2,2,3,2,2,2,2,2,2,2,2,1,2,0,0,0
2008,12,86,1,120799,1,4,1,2,1,2,6,2,1,2,2,2,1,2,2,2,1,2,2,2,3,2,2,2,2,2,2,2,2,2,2,0,0,0
2008,12,103,1,120800,1,4,2,2,1,1,4,1,1,2,2,2,1,2,2,2,2,1,2,2,3,2,2,2,2,1,2,2,2,2,2,0,0,0
2008,12,103,1,120801,1,4,2,2,2,2,4,2,1,2,1,1,1,2,2,2,1,2,2,2,1,2,2,2,2,2,2,2,2,1,2,0,0,0
2008,12,105,1,120802,1,4,2,2,1,2,4,2,2,2,1,2,2,1,1,2,2,2,2,2,1,2,2,2,2,2,2,2,1,2,2,0,0,0
2008,12,119,1,120803,1,4,1,2,2,2,3,2,1,1,2,2,1,2,2,2,2,2,2,2,3,2,2,2,2,2,2,2,1,1,2,0,0,0
2008,12,11,1,120805,1,4,2,2,1,2,4,2,1,1,1,2,1,2,2,2,1,2,2,2,3,2,2,2,2,2,2,2,2,2,2,0,0,0
2008,12,11,1,120806,1,4,2,2,1,1,6,1,4,3,2,2,2,2,1,2,2,2,2,2,3,1,1,1,1,1,2,1,2,2,2,0,0,0
2008,12,27,1,120807,1,4,1,2,1,2,3,2,1,2,2,1,1,2,2,2,2,1,2,2,3,2,2,2,2,2,2,2,2,2,2,0,0,0
2008,12,57,1,120808,1,4,2,1,1,2,1,2,1,2,2,2,2,2,2,2,1,2,2,2,3,2,2,2,2,2,1,1,2,2,2,0,0,0
2008,12,57,1,120809,1,4,2,1,1,2,1,3,5,1,2,2,2,2,2,2,2,2,2,2,3,2,2,2,2,1,2,2,1,1,2,0,0,0
2008,12,87,1,120810,1,4,2,2,1,2,3,2,1,1,1,2,1,2,2,2,2,1,2,2,3,2,2,2,2,2,2,2,2,2,2,0,0,0
2008,12,86,2,120811,1,4,2,2,2,2,2,2,1,2,2,2,1,2,2,2,2,2,2,2,3,2,2,2,2,2,2,2,1,2,2,0,0,0
2008,12,57,1,120812,1,4,1,2,4,2,6,2,1,2,1,2,1,2,2,1,2,2,1,2,2,1,1,1,1,2,2,1,1,1,2,0,0,0
2008,12,99,1,120813,1,4,2,2,1,1,4,1,4,1,1,2,2,2,2,2,2,2,2,2,3,2,2,1,1,1,2,1,2,2,2,0,0,0
2008,12,105,1,120814,1,4,2,2,1,2,3,2,1,2,1,2,1,2,2,2,1,2,2,2,3,2,2,2,2,2,2,2,2,2,2,0,0,0
2008,12,86,1,120815,1,4,2,2,3,2,3,2,1,2,1,2,1,2,2,1,2,2,1,2,1,1,1,1,1,2,2,1,1,1,2,0,0,0
2008,12,99,1,120816,1,4,2,2,1,1,3,1,1,1,1,2,1,2,2,2,2,1,2,2,3,2,2,2,2,1,2,2,2,2,2,0,0,0
2008,12,103,1,120817,1,4,2,2,1,2,3,2,2,2,1,2,2,2,2,2,2,2,2,2,1,2,2,2,2,2,2,2,2,1,2,0,0,0
2008,12,69,1,120818,1,4,2,2,1,2,6,2,1,2,2,1,1,2,2,2,1,2,2,2,3,2,2,2,2,2,2,2,2,2,2,0,0,0
2008,12,105,1,120819,1,4,2,2,1,2,3,2,1,2,2,2,1,2,2,2,1,2,2,2,3,2,2,2,2,2,2,2,2,2,2,0,0,0
2008,12,57,1,120820,1,4,1,2,1,1,6,1,2,1,1,2,2,2,1,1,2,2,2,2,2,2,2,1,1,2,1,1,2,2,2,0,0,0
2008,12,71,1,120821,1,4,2,2,1,1,6,1,5,2,2,1,2,2,1,1,2,2,2,2,3,1,1,1,1,2,2,1,2,2,2,0,0,0
2008,12,101,1,120822,1,4,1,2,1,1,6,1,4,1,2,2,2,2,2,2,2,2,2,2,3,2,2,2,2,2,2,2,2,2,2,0,0,0
2008,12,86,1,120823,1,4,2,2,2,2,6,2,1,1,2,2,1,2,2,1,2,2,1,2,1,2,2,2,2,2,2,2,1,2,2,0,0,0
2008,12,57,1,120824,1,4,1,1,3,1,1,1,1,2,2,2,1,2,2,2,2,2,1,2,1,2,2,2,2,2,2,2,2,2,2,0,0,0
2008,12,119,1,120825,1,4,1,2,4,2,6,2,1,1,1,2,1,2,2,2,2,2,2,2,2,2,2,2,2,2,2,2,1,1,2,0,0,0
2008,12,103,1,120826,1,4,2,2,1,1,6,1,4,2,1,2,2,2,2,2,2,2,2,2,1,2,2,2,2,2,1,1,2,2,2,0,0,0
2008,12,101,2,120827,1,4,1,1,4,2,1,2,1,1,1,2,1,2,2,2,2,2,1,2,2,1,1,1,1,2,2,1,1,1,2,0,0,0
2008,12,101,1,120828,1,4,1,2,1,2,4,2,1,2,1,2,1,2,2,2,1,2,2,2,3,2,2,2,2,2,2,2,2,2,2,0,0,0
2008,12,91,1,120829,1,4,2,2,1,2,6,2,5,2,1,2,2,2,1,2,2,2,2,2,1,2,2,1,1,2,2,1,2,2,2,0,0,0
2008,12,11,1,120830,1,4,2,2,2,2,2,2,1,2,1,2,2,1,2,2,2,2,2,2,3,2,2,2,2,2,2,2,1,1,2,0,0,0
2008,12,11,1,120831,1,4,2,2,1,2,3,2,1,2,1,2,1,2,2,2,1,2,2,2,3,2,2,2,2,2,2,2,2,2,2,0,0,0
2008,12,11,1,120832,1,4,1,2,1,1,6,1,4,2,2,2,2,2,2,2,2,2,1,2,3,2,2,1,1,2,2,1,2,2,2,0,0,0
2008,12,99,1,120833,1,4,1,2,2,2,6,2,1,1,2,2,1,2,2,2,2,2,1,2,1,2,2,2,2,2,2,2,1,1,2,0,0,0
2008,12,11,1,120834,1,4,2,2,1,2,6,2,1,2,2,2,1,2,2,2,1,2,2,2,3,2,2,2,2,2,2,2,2,1,2,0,0,0
2008,12,11,1,120835,1,4,2,1,4,2,1,2,1,1,2,2,1,2,2,2,2,2,2,2,3,2,2,2,2,2,2,2,1,1,2,0,0,0
2008,12,57,1,120836,1,4,2,2,2,2,3,2,1,1,1,2,1,2,2,2,2,2,1,2,1,2,2,2,2,2,2,2,1,1,2,0,0,0
2008,12,57,1,120837,1,4,2,1,2,2,1,2,1,2,1,2,1,2,1,1,2,2,2,2,3,2,2,2,2,2,2,2,1,1,2,0,0,0
2008,12,9,1,120838,1,4,2,2,2,2,3,2,1,2,1,2,1,2,2,1,2,2,1,2,1,2,2,1,1,2,2,1,1,1,2,0,0,0
2008,12,57,1,120839,1,4,1,2,1,2,6,2,3,1,1,2,2,2,2,2,2,2,2,2,3,2,2,2,2,2,2,2,1,2,2,0,0,0
2008,12,99,1,120840,1,4,2,2,1,2,3,2,2,2,1,1,2,2,1,2,2,2,2,2,3,2,2,2,2,2,2,2,2,1,2,0,0,0
2008,12,97,1,120841,1,4,2,2,2,1,6,1,4,2,2,2,1,2,2,2,2,2,2,2,3,2,2,2,2,2,2,2,2,1,2,0,0,0
2008,12,103,1,120842,1,4,2,2,1,1,3,1,4,1,1,2,2,2,1,1,2,2,2,2,1,2,2,2,2,2,2,2,2,1,2,0,0,0
2008,12,31,1,120843,1,4,2,2,2,2,6,2,1,2,1,2,1,2,1,2,2,2,2,2,1,2,2,2,2,2,2,2,1,2,2,0,0,0
2008,12,99,1,120844,1,4,2,2,2,1,4,1,1,2,2,2,1,2,2,2,2,2,1,2,2,2,2,2,2,2,2,2,2,1,2,0,0,0
2008,12,95,1,120845,1,4,1,2,2,2,6,2,1,1,2,1,1,2,2,2,2,2,1,2,2,2,2,2,2,2,2,2,1,1,2,0,0,0
2008,12,11,1,120846,1,4,2,2,1,2,2,2,1,2,2,2,1,2,2,2,1,2,2,2,3,2,2,2,2,1,2,2,2,2,2,0,0,0
2008,12,129,1,120847,1,4,1,2,2,2,5,2,1,1,2,2,1,2,2,2,2,2,2,2,2,2,2,2,2,1,2,2,1,1,2,0,0,0
2008,12,39,1,120848,1,4,1,1,1,2,1,2,5,1,2,2,2,2,2,2,2,2,2,2,1,2,2,2,2,2,1,1,2,2,2,0,0,0
2008,12,133,1,120849,1,4,1,2,2,2,6,2,1,2,2,2,1,2,2,1,2,2,1,2,1,2,2,2,2,2,2,2,1,2,2,0,0,0
2008,12,57,1,120850,1,4,2,2,1,2,3,2,2,1,2,2,2,1,2,2,2,2,2,2,1,1,1,1,1,2,2,1,2,1,2,0,0,0
2008,12,55,1,120851,1,4,2,2,1,2,6,2,4,2,2,2,2,2,1,2,2,2,2,2,3,2,2,2,2,2,2,2,2,2,2,0,0,0
2008,12,55,1,120852,1,4,2,2,1,2,3,2,4,1,2,2,2,2,1,2,2,2,2,2,3,2,2,2,2,1,2,2,2,2,2,0,0,0
2008,12,99,1,120853,1,4,1,2,1,2,3,2,1,2,2,2,1,2,2,2,1,2,2,2,3,2,2,2,2,2,2,2,2,2,2,0,0,0
2008,12,115,1,120854,1,4,1,1,1,2,1,2,4,1,2,2,2,2,2,2,2,2,1,2,3,2,2,2,2,2,2,2,2,2,2,0,0,0
2008,12,83,1,120855,1,4,1,2,1,2,6,2,1,2,2,2,1,2,2,2,2,2,1,2,1,2,2,2,2,2,2,2,1,1,2,0,0,0
2008,12,57,1,120856,1,4,1,2,1,1,3,1,4,1,1,2,2,2,1,2,2,2,2,2,3,2,2,2,2,1,2,2,2,2,2,0,0,0
2008,12,59,1,120857,1,4,1,2,4,2,6,2,1,2,1,2,1,2,2,2,2,2,1,2,2,2,2,2,2,2,2,2,1,1,2,0,0,0
2008,12,83,1,120858,1,4,2,2,2,2,6,2,1,1,1,2,1,2,2,2,2,2,1,2,2,2,2,2,2,2,2,2,1,1,2,0,0,0
2008,12,99,1,120859,1,4,2,2,1,2,4,2,2,2,1,2,3,2,1,1,2,2,2,2,3,2,2,2,2,2,1,1,2,1,2,0,0,0
2008,12,127,1,120860,1,4,2,2,1,2,6,2,1,1,1,2,1,2,1,2,2,2,2,2,3,2,2,2,2,2,2,2,2,1,2,0,0,0
2008,12,31,1,120861,1,4,2,2,2,2,4,2,1,2,1,2,1,2,2,2,2,2,1,2,1,2,2,2,2,2,2,2,1,2,2,0,0,0
2008,12,95,1,120862,1,4,1,2,1,1,6,1,1,2,1,2,1,2,2,2,1,2,2,2,3,2,2,2,2,2,2,2,2,2,2,0,0,0
2008,12,31,1,120863,1,4,2,2,1,1,4,1,4,1,1,2,2,1,2,2,2,2,2,2,1,2,2,2,2,1,2,2,2,2,2,0,0,0
2008,12,31,1,120864,1,4,2,2,1,2,2,2,4,1,1,2,2,2,2,2,2,2,1,2,1,2,2,2,2,2,2,2,1,1,2,0,0,0
2008,12,133,2,120865,1,4,1,2,1,2,6,2,3,2,1,2,2,2,1,2,2,2,2,2,3,2,2,2,2,2,2,2,2,2,2,0,0,0
2008,12,81,1,120867,1,4,1,2,2,2,3,2,1,1,1,2,1,2,2,2,2,2,1,2,2,2,2,2,2,2,2,2,1,1,2,0,0,0
2008,12,95,1,120868,1,4,2,2,1,2,3,2,1,1,1,2,1,2,2,2,1,2,2,2,3,2,2,2,2,2,2,2,2,2,2,0,0,0
2008,12,39,3,120869,1,4,1,1,2,2,1,2,1,1,1,2,1,2,2,1,2,2,1,2,3,2,2,2,2,2,2,2,1,1,2,0,0,0
2008,12,11,1,120870,1,4,2,2,3,2,4,2,1,2,1,2,1,2,2,2,2,2,2,2,3,2,2,1,1,2,2,1,1,1,2,0,0,0
2008,12,97,1,120871,1,4,2,2,3,2,6,2,1,2,1,2,1,2,2,1,2,2,2,2,3,1,1,1,1,2,2,1,1,1,2,0,0,0
2008,12,105,2,120872,1,4,1,2,1,2,4,2,4,1,1,2,2,1,2,2,2,2,2,2,3,2,2,2,2,1,2,2,2,2,2,0,0,0
2008,12,79,1,120873,1,4,1,1,3,2,1,2,1,2,1,2,1,2,2,2,2,2,2,2,1,2,2,2,2,2,2,2,1,1,2,0,0,0
2008,12,85,1,120874,1,4,2,2,1,2,3,2,1,2,1,2,1,2,2,2,1,2,2,2,3,2,2,2,2,2,2,2,2,2,2,0,0,0
2008,12,117,1,120875,1,4,2,2,1,1,3,1,1,2,1,2,1,2,2,2,1,2,2,2,3,2,2,2,2,2,2,2,2,2,2,0,0,0
2008,12,3,1,120876,1,4,1,1,1,2,1,2,4,1,1,2,2,2,2,2,2,2,1,2,2,1,1,1,1,2,2,1,1,1,2,0,0,0
2008,12,109,1,120877,1,4,1,2,2,2,4,2,1,2,2,2,1,2,2,1,2,2,2,2,1,2,2,2,2,2,2,2,1,2,2,0,0,0
2008,12,85,1,120878,1,4,1,2,2,2,5,2,1,2,2,2,1,2,2,1,2,2,2,2,1,2,2,2,2,2,2,2,1,1,2,0,0,0
2008,12,75,1,120879,1,4,1,2,1,2,6,2,1,2,2,2,1,2,2,1,1,2,2,2,3,1,1,1,1,2,2,1,2,2,2,0,0,0
2008,12,1,1,120880,1,4,1,2,2,2,6,2,1,2,2,2,1,2,2,2,2,2,1,2,1,2,2,2,2,2,2,2,1,1,2,0,0,0
2008,12,31,2,120881,1,4,2,2,1,2,6,2,4,3,2,2,2,2,2,2,2,2,2,2,1,2,2,2,2,2,2,2,1,1,2,0,0,0
2008,12,57,1,120882,1,4,2,2,1,1,3,1,4,2,2,2,2,2,2,2,2,2,2,2,2,2,2,1,1,2,2,1,2,2,2,0,0,0
2008,12,57,1,120883,1,4,2,1,1,2,1,2,1,2,2,2,1,2,1,1,2,2,2,2,1,2,2,2,2,1,2,2,2,1,2,0,0,0
2008,12,86,1,120884,1,4,2,2,1,2,3,2,5,2,2,2,2,2,2,2,1,2,1,2,2,2,2,2,2,2,2,2,2,1,2,0,0,0
2008,12,111,1,120885,1,4,1,2,2,2,3,2,1,1,2,2,1,2,1,2,2,2,2,2,1,2,2,2,2,2,2,2,1,2,2,0,0,0
2008,12,119,1,120886,1,4,1,2,2,2,4,2,1,1,2,2,1,2,2,1,2,2,2,2,3,2,2,2,2,2,2,2,1,2,2,0,0,0
2008,12,86,1,120887,1,4,2,2,2,2,2,2,1,2,2,1,1,2,2,2,1,2,2,2,3,2,2,2,2,2,2,2,1,2,2,0,0,0
2008,12,127,1,120888,1,4,1,2,3,2,3,2,1,2,2,2,1,2,2,1,2,2,1,2,3,2,2,2,2,2,2,2,1,1,2,0,0,0
2008,12,11,1,120889,1,4,2,2,1,1,5,1,1,2,2,2,1,2,2,2,1,2,2,2,3,2,2,2,2,2,2,2,2,2,2,0,0,0
2008,12,89,1,120890,1,4,1,2,1,2,3,2,3,2,2,2,2,1,2,2,2,2,2,2,1,2,2,2,2,2,1,1,1,2,2,0,0,0
2008,12,95,1,120891,1,4,1,2,2,1,6,1,1,2,2,2,1,2,2,1,2,2,2,2,1,1,1,1,1,2,2,1,2,1,2,0,0,0
2008,12,31,1,120892,1,4,2,2,1,2,6,2,3,1,1,2,2,2,1,2,2,2,2,2,1,2,2,2,2,2,2,2,1,2,2,0,0,0
2008,12,86,1,120893,1,4,1,2,4,1,6,1,1,2,1,1,1,2,2,2,1,2,2,2,3,2,2,2,2,2,2,2,2,2,2,0,0,0
2008,12,101,1,120894,1,4,1,2,4,2,6,2,1,2,1,2,1,2,2,2,2,2,1,2,1,2,2,2,2,2,2,2,1,1,2,0,0,0
2008,12,49,1,120895,1,4,1,2,2,2,3,2,1,2,1,2,1,2,2,2,2,2,1,2,1,2,2,2,2,2,2,2,1,1,2,0,0,0
2008,12,69,1,120896,1,4,1,2,4,2,6,2,1,2,1,2,1,2,2,1,2,2,1,2,1,2,2,2,2,2,1,1,1,2,2,0,0,0
2008,12,9,2,120897,1,4,1,1,1,2,1,2,3,1,1,2,3,2,2,2,2,2,2,2,3,2,2,2,2,1,2,2,2,2,2,0,0,0
2008,12,57,1,120898,1,4,1,2,1,2,6,2,1,2,1,2,1,2,2,2,2,2,2,2,2,2,2,2,2,2,2,2,2,2,2,0,0,0
2008,12,57,1,120899,1,4,2,2,2,2,2,2,1,2,1,2,1,2,2,1,2,2,1,2,1,2,2,2,2,2,2,2,1,1,2,0,0,0
2008,12,95,1,120900,1,4,2,2,2,2,6,2,1,2,1,2,1,2,2,1,2,2,1,2,1,2,2,2,2,2,1,1,1,2,2,0,0,0
2008,12,61,1,120901,1,4,2,2,1,2,2,2,5,1,1,2,2,1,2,2,2,2,2,2,3,2,2,2,2,2,2,2,2,2,2,0,0,0
2008,12,83,1,120902,1,4,1,2,1,2,3,2,2,2,1,2,2,1,1,1,2,2,2,2,1,2,2,2,2,2,2,2,2,1,2,0,0,0
2008,12,99,1,120903,1,4,2,1,1,2,1,2,2,2,1,2,2,2,2,2,2,2,2,2,3,2,2,2,2,2,2,2,2,1,2,0,0,0
2008,12,103,1,120904,1,4,2,2,1,1,3,1,4,2,1,2,2,2,1,1,2,2,2,2,3,2,2,2,2,2,2,2,2,2,2,0,0,0
2008,12,117,1,120905,1,4,1,1,1,2,1,2,2,2,1,2,2,2,1,2,2,2,2,2,3,2,2,2,2,2,1,1,2,2,2,0,0,0
2008,12,33,1,120906,1,4,2,2,1,1,3,1,4,2,1,2,2,2,2,2,2,2,1,2,3,2,2,2,2,2,2,2,2,2,2,0,0,0
2008,12,105,1,120907,1,4,1,2,4,2,6,2,1,2,1,2,1,2,2,2,2,2,1,2,1,2,2,2,2,2,1,1,1,1,2,0,0,0
2008,12,87,1,120908,1,4,1,2,1,2,6,2,1,1,1,2,1,2,2,2,1,2,2,2,3,2,2,2,2,2,2,2,2,2,2,0,0,0
2008,12,23,1,120909,1,4,1,2,2,2,6,2,1,2,1,2,1,2,1,2,2,2,2,2,3,2,2,2,2,2,2,2,1,1,2,0,0,0
2008,12,73,1,120910,1,4,1,2,2,2,6,2,1,2,1,2,1,2,2,2,2,2,1,2,1,2,2,2,2,2,2,2,1,1,2,0,0,0
2008,12,71,1,120911,1,4,1,2,2,2,6,2,1,2,2,2,1,2,1,2,2,2,2,2,1,2,2,2,2,2,2,2,1,1,2,0,0,0
2008,12,21,1,120912,1,4,2,2,2,2,3,2,1,1,1,2,1,2,2,2,2,2,2,2,3,2,2,2,2,2,2,2,1,2,2,0,0,0
2008,12,31,1,120913,1,4,2,2,1,2,3,2,1,2,2,2,1,2,2,2,1,2,2,2,3,1,1,1,1,2,2,1,2,2,2,0,0,0
2008,12,127,1,120914,1,4,2,2,4,2,6,2,1,2,2,2,1,2,1,2,2,1,2,2,3,2,2,2,2,2,1,1,2,1,2,0,0,0
2008,12,103,1,120915,1,4,2,2,1,2,3,2,1,2,2,2,1,2,2,2,1,2,2,2,2,2,2,2,2,2,2,2,2,2,2,0,0,0
2008,12,33,1,120916,1,4,2,1,2,2,1,2,1,2,2,2,1,2,1,1,2,2,2,2,1,2,2,2,2,2,1,1,1,1,2,0,0,0
2008,12,95,1,120917,1,4,1,2,4,2,6,2,1,1,2,2,1,2,1,1,2,2,2,2,2,1,1,1,1,2,2,1,1,1,2,0,0,0
2008,12,86,1,120918,1,4,2,2,1,1,3,1,4,2,2,2,2,2,1,2,2,2,2,2,1,2,2,2,2,2,2,2,2,2,2,0,0,0
2008,12,71,1,120919,1,4,2,2,2,2,4,2,1,1,2,2,1,2,1,2,2,2,2,2,3,2,2,2,2,2,2,2,1,1,2,0,0,0
2008,12,111,1,120920,1,4,2,2,2,2,2,2,1,1,2,2,1,2,2,2,2,2,1,2,2,2,2,2,2,2,2,2,1,1,2,0,0,0
2008,12,81,1,120921,1,4,2,2,1,2,3,2,1,2,2,2,1,2,2,2,1,2,2,2,3,2,2,2,2,2,1,1,2,2,2,0,0,0
2008,12,53,1,120922,1,4,1,2,1,2,6,2,1,2,2,2,1,2,2,2,2,1,2,2,3,2,2,2,2,2,2,2,2,2,2,0,0,0
2008,12,53,1,120923,1,4,1,2,1,2,6,2,1,2,2,1,1,2,2,2,2,1,1,2,1,2,2,2,2,2,2,2,2,2,2,0,0,0
2008,12,133,1,120924,1,4,1,2,2,2,6,2,1,2,2,2,1,2,2,2,2,2,1,2,3,2,2,2,2,2,2,2,1,1,2,0,0,0
2008,12,127,2,120925,1,4,1,1,1,2,1,2,1,2,2,2,1,2,2,2,2,2,1,2,1,2,2,2,2,2,2,2,1,1,2,0,0,0
2008,12,86,1,120926,1,4,2,1,1,2,1,2,2,2,2,2,3,2,1,1,2,2,2,2,1,2,2,2,2,2,1,1,2,1,2,0,0,0
2008,12,86,1,120927,1,4,2,1,2,2,1,3,1,2,2,2,1,2,2,2,2,2,2,2,3,2,2,2,2,2,2,2,1,1,2,0,0,0
2008,12,15,1,120928,1,4,1,2,1,2,6,2,1,1,2,2,2,2,1,1,2,2,2,2,3,2,2,2,2,1,2,2,2,2,2,0,0,0
2008,12,9,1,120929,1,4,2,2,1,2,3,2,3,2,2,2,2,2,2,2,2,2,2,2,3,2,2,2,2,2,1,1,2,1,2,0,0,0
2008,12,95,2,120930,1,4,1,2,1,2,6,2,1,2,2,2,1,2,1,1,1,2,2,2,1,2,2,2,2,2,2,2,2,2,2,0,0,0
2008,12,83,1,120931,1,4,2,2,1,1,6,1,4,2,2,2,2,2,1,1,2,2,2,2,3,2,2,2,2,2,2,2,2,2,2,0,0,0
2008,12,99,1,120932,1,4,2,2,1,1,4,1,4,1,1,2,2,2,1,2,2,2,2,2,3,2,2,2,2,2,1,1,2,2,2,0,0,0
2008,12,95,1,120933,1,4,1,2,3,2,3,2,1,1,1,2,3,1,2,2,2,2,1,2,3,2,2,2,2,2,2,2,1,1,2,0,0,0
2008,12,5,1,120934,1,4,2,2,3,2,3,2,1,2,1,2,1,2,2,2,2,2,1,2,1,2,2,2,2,2,1,1,1,1,2,0,0,0
2008,12,57,1,120935,1,4,1,2,2,2,6,2,1,2,1,2,1,2,1,1,2,2,2,2,1,2,2,2,2,2,2,2,1,2,2,0,0,0
2008,12,87,1,120936,1,4,2,2,1,1,3,1,1,2,1,2,1,2,2,2,1,2,2,2,3,2,2,2,2,2,2,2,2,2,2,0,0,0
2008,12,131,1,120937,1,4,1,2,4,2,6,2,1,1,1,2,1,2,2,1,2,2,1,2,1,2,2,2,2,2,1,1,1,1,2,0,0,0
2008,12,71,1,120938,1,4,2,1,4,2,1,2,1,2,1,2,1,2,2,2,2,2,1,2,3,2,2,2,2,2,2,2,1,1,2,0,0,0
2008,12,81,1,120939,1,4,2,1,1,2,1,2,3,1,1,2,3,1,2,2,2,2,1,2,3,2,2,2,2,2,2,2,2,1,2,0,0,0
2008,12,31,1,120940,1,4,2,1,1,2,1,2,3,2,1,2,3,1,2,2,2,2,1,2,3,2,2,1,1,2,2,1,1,1,2,0,0,0
2008,12,23,1,120941,1,4,1,2,2,2,6,2,1,2,1,2,1,2,1,2,2,2,2,2,1,2,2,2,2,2,2,2,1,1,2,0,0,0
2008,12,103,1,120942,1,4,2,2,1,1,4,1,4,1,1,2,2,2,1,2,2,2,2,2,3,2,2,2,2,2,2,2,2,2,2,0,0,0
2008,12,105,1,120943,1,4,1,2,1,2,6,2,1,1,1,2,1,2,2,2,2,2,1,2,3,1,1,1,1,2,2,1,2,1,2,0,0,0
2008,12,61,1,120944,1,4,2,2,2,2,6,2,1,1,1,2,1,2,2,2,2,2,1,2,2,2,2,2,2,1,2,2,1,2,2,0,0,0
2008,12,97,1,120945,1,4,2,2,1,2,3,2,1,2,2,2,1,2,2,2,1,2,2,2,3,2,2,2,2,2,2,2,2,2,2,0,0,0
2008,12,99,1,120946,1,4,2,1,2,2,1,2,1,2,2,2,1,2,2,2,2,2,1,2,1,2,2,2,2,2,2,2,1,2,2,0,0,0
2008,12,111,1,120947,1,4,2,1,4,2,1,2,1,2,2,2,1,2,2,2,2,2,2,2,2,2,2,2,2,2,2,2,1,1,2,0,0,0
2008,12,79,1,120948,1,4,1,1,1,2,1,2,2,2,1,2,2,1,2,2,2,2,1,2,3,2,2,2,2,2,2,2,2,1,2,0,0,0
2008,12,57,1,120949,1,4,2,2,1,1,6,1,1,2,2,2,1,2,2,2,1,2,2,2,2,2,2,1,1,2,2,1,2,2,2,0,0,0
2008,12,99,1,120950,1,4,2,2,2,2,3,2,1,2,1,2,1,2,1,2,2,2,2,2,1,1,1,1,1,2,2,1,1,2,2,0,0,0
2008,12,105,1,120951,1,4,1,2,1,2,6,2,3,1,1,2,2,1,2,2,2,2,2,2,3,2,2,2,2,2,2,2,1,1,2,0,0,0
2008,12,31,1,120952,1,4,2,2,2,2,4,2,2,2,1,2,1,2,2,2,2,2,2,2,3,2,2,2,2,2,2,2,2,2,2,0,0,0
2008,12,95,1,120953,1,4,2,2,1,1,3,1,1,2,1,2,1,2,2,2,1,2,2,2,3,2,2,2,2,2,2,2,2,2,2,0,0,0
2008,12,86,1,120954,1,4,2,2,1,1,3,1,3,2,2,2,2,2,1,2,2,2,2,2,1,2,2,2,2,2,2,2,2,2,2,0,0,0
2008,12,86,1,120955,1,4,2,1,1,2,1,3,1,2,2,2,1,2,2,2,2,2,1,2,1,2,2,2,2,2,2,2,2,1,2,0,0,0
2008,12,105,1,120956,1,4,2,2,2,2,3,2,1,1,2,2,1,2,2,2,2,2,1,2,3,2,2,2,2,2,2,2,1,1,2,0,0,0
2008,12,31,1,120957,1,4,2,2,2,2,6,2,1,2,2,2,1,2,2,2,2,2,1,2,2,2,2,2,2,1,2,2,1,1,2,0,0,0
2008,12,113,3,120958,1,4,1,2,1,2,6,2,4,1,2,2,2,2,2,1,2,2,2,2,2,1,1,1,1,1,2,1,1,1,2,0,0,0
2008,12,31,2,120959,1,4,2,1,1,1,1,1,2,2,2,2,3,2,2,2,2,2,2,2,3,2,2,2,2,1,2,2,2,1,2,0,0,0
2008,12,57,1,120960,1,4,2,2,1,2,3,2,1,2,2,2,1,2,2,2,2,1,2,2,3,2,2,2,2,2,1,1,2,2,2,0,0,0
2008,12,97,1,120961,1,4,2,2,1,2,6,2,3,1,2,2,2,2,2,2,2,2,2,2,2,2,2,2,2,2,2,2,1,2,2,0,0,0
2008,12,86,1,120962,1,4,2,2,2,2,3,3,1,2,2,2,2,2,2,2,2,2,1,2,1,2,2,2,2,2,2,2,1,1,2,0,0,0
2008,12,33,1,120963,1,4,2,2,1,1,4,1,4,2,2,1,2,2,2,2,2,2,2,2,3,2,2,2,2,2,2,2,2,2,2,0,0,0
2008,12,57,1,120964,1,4,1,2,1,2,6,2,1,2,2,2,2,2,2,2,1,2,2,2,3,1,1,1,1,2,2,1,2,2,2,0,0,0
2008,12,95,1,120965,1,4,2,2,1,2,3,2,4,2,2,2,2,2,2,1,2,2,1,2,3,2,2,1,1,2,1,1,1,1,2,0,0,0
2008,12,31,1,120966,1,4,2,2,1,1,3,1,4,1,2,2,3,2,1,2,2,2,2,2,1,2,2,2,2,1,2,2,2,2,2,0,0,0
2008,12,91,1,120967,1,4,2,2,2,2,3,2,1,1,2,2,1,2,2,2,2,2,1,2,1,1,1,1,1,2,2,1,1,2,2,0,0,0
2008,12,9,1,120968,1,4,2,2,4,2,6,2,1,2,2,2,1,2,2,2,2,2,1,2,3,2,2,2,2,2,2,2,1,2,2,0,0,0
2008,12,99,2,120969,1,4,2,2,4,2,4,2,1,1,2,2,1,2,2,2,2,2,1,2,1,2,2,2,2,2,1,1,1,1,2,0,0,0
2008,12,115,1,120970,1,4,1,2,1,1,6,1,4,2,2,2,2,2,2,2,2,2,2,2,3,1,1,1,1,2,2,1,2,2,2,0,0,0
2008,12,86,1,120971,1,4,2,2,1,2,3,2,5,1,2,1,3,2,2,2,2,2,1,2,1,2,2,2,2,1,2,2,1,1,2,0,0,0
2008,12,17,1,120972,1,4,1,2,1,2,6,2,1,2,2,2,2,2,1,2,2,2,2,2,3,2,2,2,2,2,2,2,1,1,2,0,0,0
2008,12,31,1,120973,1,4,2,2,1,2,3,2,2,2,2,2,2,2,1,1,2,2,2,2,1,2,2,2,2,2,2,2,2,1,2,0,0,0
2008,12,99,1,120974,1,4,2,2,1,1,3,1,4,1,1,2,2,2,1,1,2,2,1,2,1,2,2,2,2,2,1,1,2,1,2,0,0,0
2008,12,83,1,120975,1,4,1,2,2,2,3,2,1,1,1,2,1,2,2,2,2,2,1,2,3,2,2,2,2,2,1,1,1,1,2,0,0,0
2008,12,71,1,120976,1,4,2,2,1,1,3,1,4,1,1,2,2,2,2,2,2,2,2,2,3,2,2,2,2,1,1,1,2,2,2,0,0,0
2008,12,53,1,120977,1,4,1,2,3,2,6,2,1,2,2,2,1,2,2,1,2,2,2,2,3,2,2,2,2,2,1,1,1,1,2,0,0,0
2008,12,117,5,120978,1,4,1,2,1,2,6,3,1,2,1,2,1,2,2,1,2,2,2,2,2,2,2,2,2,2,1,1,2,2,2,0,0,0
2008,12,83,1,120979,1,4,1,2,2,2,6,2,1,1,1,2,1,2,2,2,2,2,2,2,2,2,2,2,2,1,2,2,1,1,2,0,0,0
2008,12,99,1,120980,1,4,2,1,1,2,1,3,2,1,1,2,3,2,2,1,2,2,2,2,1,1,1,1,1,1,1,1,2,1,2,0,0,0
2008,12,9,1,120981,1,4,2,1,3,2,1,2,1,1,1,2,1,2,2,2,2,2,1,2,2,2,2,2,2,2,1,1,1,1,2,0,0,0
2008,12,71,1,120982,1,4,2,2,1,1,6,1,3,1,1,2,2,2,2,2,2,2,1,2,3,2,2,2,2,2,1,1,2,2,2,0,0,0
2008,12,99,1,120983,1,4,2,2,2,2,3,2,1,1,1,2,1,2,2,2,1,2,2,2,3,2,2,2,2,2,1,1,1,1,2,0,0,0
2008,12,86,1,120984,1,4,2,2,1,1,6,1,1,1,1,2,2,2,1,2,2,2,2,2,3,1,1,1,1,1,2,1,2,1,2,0,0,0
2008,12,91,1,120985,1,4,1,2,1,2,4,2,3,2,1,2,2,1,2,2,2,2,2,2,1,2,2,2,2,2,2,2,1,1,2,0,0,0
2008,12,35,1,120986,1,4,2,2,3,2,6,2,1,2,1,2,1,2,2,1,2,2,2,2,1,2,2,2,2,2,2,2,1,2,2,0,0,0
2008,12,103,1,120987,1,4,2,2,1,1,6,1,4,2,2,2,3,2,2,2,2,2,1,2,1,2,2,2,2,2,1,1,2,2,2,0,0,0
2008,12,86,1,120988,1,4,1,2,1,1,6,1,4,2,2,2,2,2,1,2,2,2,2,2,3,1,1,1,1,2,2,1,2,2,2,0,0,0
2008,12,83,1,120989,1,4,1,2,1,1,6,1,1,1,1,2,1,2,2,2,2,1,2,2,2,2,2,2,2,1,2,2,2,1,2,0,0,0
2008,12,99,1,120990,1,4,1,2,1,2,3,2,2,1,1,2,2,1,1,2,2,2,2,2,3,2,2,2,2,2,2,2,2,1,2,0,0,0
2008,12,57,1,120991,1,4,2,2,1,2,3,2,2,2,2,2,2,2,2,2,2,2,1,2,1,2,2,2,2,2,2,2,1,1,2,0,0,0
2008,12,57,1,120992,1,4,2,2,1,2,3,2,4,1,1,2,2,1,2,2,2,2,2,2,3,2,2,2,2,2,2,2,1,2,2,0,0,0
2008,12,11,1,120993,1,4,2,1,2,2,1,3,1,2,2,2,1,2,1,1,2,2,2,2,3,2,2,2,2,2,2,2,1,1,2,0,0,0
2008,12,57,2,120994,1,4,1,2,2,2,6,2,1,1,1,2,2,2,2,2,2,2,2,2,3,2,2,2,2,2,1,1,1,1,2,0,0,0
2008,12,95,1,120995,1,4,2,2,1,1,6,1,4,2,2,2,2,2,1,2,2,2,2,2,1,2,2,2,2,2,2,2,2,2,2,0,0,0
2008,12,19,1,120996,1,4,1,2,2,2,3,2,1,2,2,2,1,2,1,1,2,2,2,2,3,2,2,2,2,2,2,2,1,2,2,0,0,0
2008,12,105,1,120997,1,4,1,2,1,1,6,1,4,1,2,2,2,2,1,2,2,2,2,2,3,2,2,2,2,2,2,2,2,2,2,0,0,0
2008,12,115,1,120998,1,4,1,2,1,2,6,2,1,1,2,2,1,2,2,2,2,1,2,1,3,2,2,2,2,2,2,2,2,2,2,0,0,0
2008,12,33,1,120999,1,4,2,2,1,2,3,2,1,2,2,2,1,2,2,2,2,1,2,2,2,2,2,2,2,2,2,2,2,2,2,0,0,0
2008,12,81,1,121000,1,4,1,2,1,1,6,1,4,1,1,2,2,2,2,2,2,2,1,2,3,2,2,2,2,2,2,2,2,2,2,0,0,0
2008,12,86,2,121001,1,4,2,2,3,2,3,2,1,2,2,2,1,2,2,1,2,2,2,2,1,2,2,2,2,2,2,2,1,2,2,0,0,0
2008,12,99,1,121002,1,4,2,2,1,2,2,2,2,2,2,2,2,2,2,2,2,2,1,2,3,2,2,2,2,2,2,2,2,1,2,0,0,0
2008,12,103,1,121003,1,4,2,2,1,2,3,2,2,1,1,2,2,2,1,1,2,2,2,2,3,2,2,2,2,2,1,1,2,2,2,0,0,0
2008,12,21,1,121005,1,4,1,2,1,1,6,1,4,2,1,2,2,2,2,2,2,2,2,2,3,1,1,1,1,1,2,1,2,2,2,0,0,0
2008,12,99,1,121006,1,4,2,2,1,1,3,1,1,1,1,2,1,1,2,2,2,1,2,2,3,2,2,2,2,2,2,2,2,2,2,0,0,0
2008,12,101,1,121007,1,4,2,2,1,1,3,1,4,1,1,1,2,2,1,2,2,2,2,2,3,2,2,2,2,2,1,1,2,2,2,0,0,0
2008,12,39,1,121008,1,4,1,1,2,2,1,2,1,1,1,2,1,2,2,2,2,2,1,2,2,2,2,2,2,2,2,2,1,2,2,0,0,0
2008,12,37,1,121009,1,4,1,2,1,2,3,2,1,1,1,2,1,2,2,1,2,2,1,2,1,2,2,2,2,2,2,2,2,1,2,0,0,0
2008,12,33,1,121010,1,4,2,2,1,1,4,1,1,2,1,2,1,2,2,2,1,2,2,2,3,2,2,2,2,2,2,2,2,2,2,0,0,0
2008,12,101,1,121011,1,4,1,2,2,2,3,2,1,2,1,2,1,2,2,2,1,2,2,2,3,2,2,2,2,1,2,2,2,2,2,0,0,0
2008,12,31,1,121012,1,4,2,2,1,2,6,3,1,1,1,2,1,2,2,2,2,2,1,2,2,2,2,2,2,2,1,1,2,2,2,0,0,0
2008,12,95,1,121013,1,4,1,2,1,2,6,2,1,1,1,2,1,2,2,2,1,2,2,2,3,2,2,1,1,2,2,1,2,2,2,0,0,0
2008,12,95,1,121014,1,4,2,2,1,2,3,2,1,2,1,2,1,2,2,2,2,2,1,2,1,2,2,2,2,2,2,2,1,2,2,0,0,0
2008,12,31,1,121015,1,4,2,1,2,2,1,2,1,2,1,2,1,2,2,2,1,2,2,2,2,2,2,2,2,2,2,2,1,2,2,0,0,0
2008,12,63,2,121016,1,4,1,2,1,1,5,1,4,1,1,2,2,2,2,2,2,2,1,2,3,1,1,1,1,2,1,1,2,2,2,0,0,0
2008,12,11,1,121017,1,4,2,2,1,1,4,1,4,1,1,2,2,2,1,1,2,2,2,2,3,2,2,2,2,2,2,2,2,1,2,0,0,0
2008,12,86,1,121018,1,4,2,2,1,1,6,1,1,2,2,2,1,2,2,2,1,2,2,2,3,2,2,2,2,2,1,1,2,2,2,0,0,0
2008,12,95,1,121019,1,4,2,2,1,2,2,2,2,2,2,2,3,2,2,2,2,2,2,2,1,2,2,1,1,2,1,1,2,2,2,0,0,0
2008,12,33,1,121020,1,4,1,2,2,1,6,1,1,2,2,2,1,2,2,1,2,2,1,2,1,1,1,1,1,2,2,1,2,2,2,0,0,0
2008,12,9,1,121021,1,4,2,2,1,2,6,2,1,2,2,1,1,2,2,2,1,2,2,2,3,2,2,2,2,2,2,2,2,2,2,0,0,0
2008,12,113,1,121022,1,4,2,2,1,1,3,1,1,2,2,1,2,2,2,2,1,2,2,2,3,2,2,2,2,2,1,1,2,2,2,0,0,0
2008,12,85,1,121023,1,4,2,2,1,2,3,2,1,2,2,1,1,2,2,2,2,1,2,2,3,2,2,2,2,2,2,2,2,2,2,0,0,0
2008,12,75,1,121024,1,4,1,2,1,1,4,1,4,1,2,2,2,2,2,2,2,2,2,2,3,2,2,2,2,1,2,2,2,2,2,0,0,0
2008,12,95,1,121025,1,4,2,2,2,2,3,2,1,2,1,2,1,2,2,2,2,2,1,2,2,2,2,2,2,2,2,2,1,2,2,0,0,0
2008,12,47,1,121026,1,4,1,2,4,2,6,2,1,2,2,2,1,2,2,2,2,2,2,2,1,2,2,2,2,2,2,2,1,1,2,0,0,0
2008,12,71,1,121027,1,4,2,2,1,1,3,1,1,2,2,1,2,2,2,2,1,2,2,2,3,2,2,2,2,2,2,2,2,2,2,0,0,0
2008,12,95,1,121028,1,4,2,2,1,1,6,1,4,1,2,2,2,2,2,2,2,2,2,2,3,2,2,2,2,2,2,2,2,2,2,0,0,0
2008,12,95,1,121029,1,4,2,2,1,2,3,2,2,1,2,2,3,2,1,2,2,2,2,2,3,2,2,2,2,2,1,1,2,2,2,0,0,0
2008,12,11,1,121030,1,4,2,2,1,1,3,1,1,2,2,2,1,2,2,2,1,2,2,2,3,2,2,2,2,2,1,1,2,2,2,0,0,0
2008,12,71,1,121031,1,4,2,1,2,2,1,2,1,2,2,2,1,2,2,2,2,2,1,2,3,2,2,2,2,2,2,2,1,2,2,0,0,0
2008,12,121,1,121032,1,4,1,2,1,2,6,2,5,1,1,2,2,2,2,1,2,2,2,2,2,2,2,2,2,2,2,2,1,2,2,0,0,0
2008,12,11,1,121033,1,4,2,2,1,2,3,2,1,2,1,2,1,2,2,2,1,2,2,2,3,1,1,1,1,2,2,1,2,2,2,0,0,0
2008,12,105,1,121034,1,4,2,2,4,2,6,2,1,1,2,2,1,2,2,2,2,2,2,2,1,2,2,2,2,2,1,1,1,2,2,0,0,0
2008,12,23,1,121035,1,4,2,2,4,1,4,1,1,2,1,2,1,2,2,2,2,2,2,2,2,2,2,2,2,2,2,2,2,2,2,0,0,0
2008,12,99,1,121036,1,4,2,2,1,2,5,2,1,1,2,2,1,2,2,2,1,2,2,2,3,2,2,2,2,2,2,2,2,2,2,0,0,0
2008,12,31,1,121037,1,4,2,2,1,1,6,1,4,1,2,1,2,2,2,2,2,2,2,2,1,2,2,2,2,1,2,2,2,2,2,0,0,0
2008,12,99,1,121038,1,4,2,2,1,1,5,1,1,1,1,2,1,2,2,2,1,2,2,2,3,2,2,2,2,2,1,1,2,1,2,0,0,0
2008,12,127,1,121039,1,4,2,2,1,1,6,1,4,1,1,2,2,2,2,1,2,2,1,2,3,1,1,1,1,2,2,1,2,2,2,0,0,0
2008,12,95,1,121040,1,4,2,2,1,2,3,2,2,2,1,1,2,2,1,2,2,2,2,2,1,2,2,2,2,2,2,2,2,1,2,0,0,0
2008,12,95,1,121041,1,4,2,2,1,1,3,1,4,1,1,2,2,2,2,1,2,2,2,2,3,2,2,2,2,2,2,2,2,2,2,0,0,0
2008,12,57,1,121042,1,4,1,2,4,2,6,2,1,2,2,2,1,2,2,2,2,2,1,2,3,2,2,2,2,2,2,2,1,1,2,0,0,0
2008,12,31,1,121043,1,4,2,2,1,1,6,1,4,2,1,2,2,2,2,2,2,2,2,2,3,1,1,1,1,2,2,1,2,2,2,0,0,0
2008,12,11,1,121044,1,4,2,2,1,1,3,1,1,2,2,2,1,2,2,1,2,1,2,2,3,2,2,2,2,2,2,2,2,2,2,0,0,0
2008,12,71,1,121045,1,4,2,2,1,1,6,1,1,2,1,1,1,2,2,2,2,1,2,2,3,2,2,2,2,2,2,2,2,2,2,0,0,0
2008,12,105,1,121046,1,4,1,2,2,2,6,2,1,2,2,2,1,2,2,2,2,2,2,2,2,2,2,2,2,2,2,2,1,2,2,0,0,0
2008,12,99,1,121047,1,4,2,2,1,1,4,1,4,1,2,2,2,2,1,2,2,2,2,2,3,2,2,2,2,2,2,2,2,2,2,0,0,0
2008,12,57,1,121048,1,4,2,2,1,1,3,1,3,1,1,2,2,2,2,2,2,2,2,2,3,2,2,2,2,2,1,1,2,2,2,0,0,0
2008,12,86,1,121049,1,4,2,2,1,1,3,1,1,1,1,2,1,2,2,2,1,2,2,2,3,2,2,2,2,2,2,2,2,2,2,0,0,0
2008,12,115,1,121050,1,4,2,2,1,1,3,1,1,2,1,1,2,2,2,2,1,2,2,2,3,2,2,2,2,1,2,2,2,2,2,0,0,0
2008,12,95,1,121051,1,4,2,2,2,2,6,2,1,2,2,2,1,2,2,2,2,2,1,2,3,1,1,1,1,2,2,1,1,1,2,0,0,0
2008,12,69,1,121052,1,4,2,2,2,2,6,2,1,2,2,2,1,2,1,2,2,2,2,2,1,2,2,2,2,2,2,2,1,1,2,0,0,0
2008,12,99,1,121053,1,4,2,2,1,1,4,1,3,1,1,2,2,2,2,2,2,2,2,2,3,2,2,2,2,1,2,2,2,1,2,0,0,0
2008,12,71,1,121054,1,4,2,2,1,2,4,2,1,2,2,2,1,2,2,2,1,2,2,2,3,2,2,2,2,2,2,2,2,2,2,0,0,0
2008,12,57,1,121055,1,4,1,2,1,1,6,1,4,1,1,2,2,2,1,2,2,2,2,2,3,2,2,1,1,1,2,1,2,2,2,0,0,0
2008,12,11,1,121056,1,4,2,2,1,2,3,2,2,1,1,2,3,2,2,2,2,2,2,2,3,2,2,2,2,1,2,2,2,1,2,0,0,0
2008,12,57,1,121057,1,4,1,2,2,2,6,2,1,1,2,2,1,2,1,2,2,2,2,2,1,2,2,2,2,2,1,1,1,1,2,0,0,0
2008,12,131,1,121058,1,4,1,2,3,2,3,2,1,2,2,2,1,2,2,2,2,2,1,2,1,2,2,2,2,2,1,1,1,1,2,0,0,0
2008,12,95,1,121059,1,4,2,2,1,1,6,1,4,1,1,2,2,2,2,2,2,2,2,2,3,2,2,2,2,1,2,2,2,2,2,0,0,0
2008,12,35,1,121060,1,4,1,2,2,2,6,2,1,1,1,2,1,2,1,2,2,2,2,2,3,1,1,1,1,2,2,1,1,1,2,0,0,0
2008,12,86,1,121061,1,4,2,2,1,2,3,2,1,2,1,2,1,2,2,2,1,2,2,2,3,2,2,2,2,2,2,2,2,2,2,0,0,0
2008,12,103,1,121062,1,4,2,2,2,2,6,2,1,2,2,2,1,2,1,2,2,2,2,2,1,2,2,2,2,2,2,2,1,1,2,0,0,0
2008,12,99,1,121063,1,4,2,2,1,1,5,1,1,1,2,1,1,2,2,2,1,2,2,2,3,2,2,2,2,2,2,2,2,2,2,0,0,0
2008,12,97,1,121064,1,4,2,2,1,2,3,2,2,1,1,2,3,1,2,2,2,2,2,2,3,1,1,1,1,2,2,1,2,1,2,0,0,0
2008,12,31,1,121065,1,4,2,2,2,2,6,2,1,1,1,2,1,2,2,2,2,2,2,2,2,2,2,2,2,2,2,2,1,1,2,0,0,0
2008,12,57,1,121066,1,4,2,2,1,1,4,1,4,1,1,2,2,2,2,2,2,2,2,2,3,1,1,1,1,2,2,1,2,2,2,0,0,0
2008,12,11,1,121067,1,4,2,2,1,2,3,2,1,2,1,2,1,2,2,2,1,2,2,2,3,2,2,2,2,2,2,2,2,2,2,0,0,0
2008,12,86,1,121068,1,4,2,2,1,2,4,2,1,2,1,2,1,2,2,2,1,2,2,2,3,2,2,2,2,2,2,2,2,2,2,0,0,0
2008,12,57,1,121069,1,4,2,2,1,2,3,3,4,1,1,2,2,2,2,2,2,2,2,2,3,2,2,2,2,1,2,2,2,2,2,0,0,0
2008,12,83,1,121070,1,4,2,2,1,2,3,2,1,1,1,2,1,2,2,2,2,2,2,2,3,2,2,2,2,2,2,2,2,2,2,0,0,0
2008,12,11,1,121071,1,4,2,2,1,1,6,1,4,1,1,2,2,2,2,2,2,2,2,2,3,1,1,1,1,1,2,1,2,2,2,0,0,0
2008,12,127,1,121072,1,4,2,2,1,2,3,2,1,2,2,2,1,2,2,2,2,1,2,2,3,2,2,2,2,2,2,2,2,2,2,0,0,0
2008,12,86,1,121073,1,4,1,2,1,1,6,1,4,2,2,2,2,2,2,2,2,2,2,2,3,2,2,2,2,2,1,1,2,2,2,0,0,0
2008,12,99,1,121074,1,4,2,2,1,1,3,1,2,2,1,2,2,2,2,2,2,2,2,2,3,1,1,1,1,2,2,1,2,1,2,0,0,0
2008,12,105,1,121075,1,4,2,2,1,1,6,1,1,2,2,2,1,2,2,2,1,2,2,2,3,2,2,2,2,2,2,2,2,2,2,0,0,0
2008,12,127,1,121076,1,4,2,2,4,2,3,2,1,2,2,2,1,2,2,2,2,2,1,2,1,2,2,1,1,2,2,1,1,2,2,0,0,0
2008,12,86,1,121077,1,4,2,2,1,1,6,1,4,2,2,1,2,2,1,2,2,2,2,2,3,2,2,1,1,2,2,1,2,2,2,0,0,0
2008,12,71,1,121078,1,4,2,2,1,1,6,1,4,1,1,2,2,2,2,2,2,2,2,2,3,2,2,2,2,2,2,2,2,2,2,0,0,0
2008,12,31,1,121079,1,4,2,2,1,1,4,1,4,1,1,2,2,2,1,2,2,2,2,2,3,2,2,2,2,2,2,2,2,2,2,0,0,0
2008,12,86,1,121080,1,4,2,2,1,2,4,2,1,2,1,2,1,2,2,2,2,2,1,2,3,2,2,2,2,2,2,2,1,1,2,0,0,0
2008,12,103,1,121081,1,4,2,2,1,2,6,2,5,2,1,1,2,2,1,2,2,2,2,2,1,1,1,1,1,2,2,1,2,2,2,0,0,0
2008,12,57,1,121082,1,4,2,2,2,2,2,2,1,2,1,2,1,2,2,2,2,2,2,2,3,2,2,2,2,2,2,2,1,2,2,0,0,0
2008,12,95,1,121083,1,4,2,2,1,2,3,2,1,2,2,2,1,2,2,2,2,1,2,2,2,1,1,1,1,2,2,1,2,2,2,0,0,0
2008,12,86,1,121084,1,4,2,2,1,2,2,2,2,2,2,2,2,2,1,1,2,2,2,2,3,2,2,2,2,2,2,2,2,2,2,0,0,0
2008,12,31,1,121085,1,4,2,2,1,2,4,2,2,1,1,1,2,2,2,2,2,2,1,2,3,2,2,2,2,2,2,2,2,2,2,0,0,0
2008,12,101,1,121086,1,4,1,2,2,1,6,1,1,2,1,2,1,2,1,1,2,2,2,2,3,1,1,1,1,2,2,1,2,1,2,0,0,0
2008,12,117,1,121087,1,4,1,2,1,1,6,1,1,1,1,2,1,2,2,2,2,1,2,2,3,2,2,2,2,2,2,2,2,2,2,0,0,0
2008,12,11,1,121088,1,4,2,2,1,1,4,1,1,3,3,2,1,2,2,2,1,2,2,2,3,2,2,2,2,2,2,2,2,2,2,0,0,0
2008,12,99,1,121089,1,4,2,2,4,1,4,1,1,2,2,2,1,2,1,2,2,2,2,2,1,2,2,2,2,2,2,2,2,1,2,0,0,0
2008,12,86,1,121090,1,4,1,1,4,2,1,2,1,2,2,2,1,2,1,2,2,2,2,2,3,2,2,2,2,2,1,1,1,1,2,0,0,0
2008,12,9,1,121091,1,4,2,2,1,1,3,1,4,2,2,2,2,2,1,2,2,2,2,2,1,2,2,2,2,1,2,2,2,2,2,0,0,0
2008,12,95,1,121092,1,4,2,2,1,1,3,1,4,2,2,2,3,2,2,2,2,2,1,2,1,2,2,2,2,2,2,2,2,2,2,0,0,0
2008,12,86,1,121093,1,4,2,2,1,2,6,2,3,2,2,2,2,2,2,2,2,2,2,2,3,2,2,2,2,2,2,2,2,1,2,0,0,0
2008,12,117,1,121094,1,4,2,1,2,2,1,2,1,1,2,2,1,2,2,2,2,2,1,2,3,2,2,2,2,2,2,2,1,2,2,0,0,0
2008,12,101,1,121095,1,4,2,2,1,1,3,1,1,2,2,2,1,2,2,2,1,2,2,2,2,2,2,2,2,2,1,1,2,2,2,0,0,0
2008,12,86,1,121096,1,4,2,2,1,2,6,2,5,1,2,1,3,1,2,2,2,2,2,2,3,2,2,2,2,2,2,2,1,2,2,0,0,0
2008,12,11,1,121097,1,4,2,2,1,2,3,2,1,2,2,1,1,2,2,2,1,2,2,2,3,2,2,2,2,2,2,2,2,2,2,0,0,0
2008,12,101,1,121098,1,4,2,2,1,2,3,2,1,2,1,2,1,2,2,2,1,2,2,2,3,2,2,2,2,2,2,2,2,2,2,0,0,0
2008,12,86,1,121099,1,4,2,2,2,2,6,2,1,2,2,2,1,2,1,2,2,2,2,2,1,2,2,2,2,2,2,2,1,2,2,0,0,0
2008,12,99,1,121100,1,4,2,2,1,2,3,2,1,1,2,2,1,2,2,2,1,2,2,2,3,2,2,2,2,2,2,2,2,2,2,0,0,0
2008,12,11,1,121101,1,4,2,2,1,2,3,3,2,1,1,2,3,2,2,2,2,2,2,2,3,2,2,2,2,2,2,2,2,1,2,0,0,0
2008,12,7,1,121102,1,4,2,2,1,1,3,1,1,2,1,2,1,2,2,2,2,1,2,2,2,2,2,2,2,2,2,2,2,2,2,0,0,0
2008,12,105,1,121103,1,4,1,2,1,2,4,2,1,2,1,2,1,2,2,2,2,2,1,2,1,2,2,2,2,2,2,2,2,1,2,0,0,0
2008,12,127,1,121104,1,4,1,2,1,1,3,1,4,1,1,2,2,2,2,2,2,2,2,2,3,2,2,2,2,2,2,2,2,1,2,0,0,0
2008,12,101,1,121105,1,4,1,2,1,2,6,2,1,1,2,2,1,2,1,1,2,2,2,2,1,2,2,2,2,2,2,2,2,2,2,0,0,0
2008,12,99,1,121106,1,4,1,2,3,2,3,2,1,1,1,2,1,2,2,2,2,2,1,2,3,2,2,1,1,2,2,1,1,2,2,0,0,0
2008,12,101,1,121107,1,4,2,2,1,2,3,2,1,2,2,2,1,2,2,2,1,2,2,2,3,2,2,2,2,2,2,2,2,2,2,0,0,0
2008,12,69,1,121108,1,4,1,2,2,2,4,2,1,1,1,2,1,2,1,2,2,2,2,2,3,2,2,2,2,2,2,2,1,1,2,0,0,0
2008,12,86,1,121109,1,4,2,2,2,2,3,2,1,1,1,2,1,2,2,2,2,2,2,2,3,2,2,2,2,1,2,2,1,2,2,0,0,0
2008,12,99,1,121110,1,4,1,2,3,2,3,2,1,2,2,2,1,2,2,2,2,2,1,2,1,2,2,2,2,2,2,2,1,1,2,0,0,0
2008,12,117,1,121111,1,4,2,1,2,2,1,2,1,2,2,2,1,2,2,1,2,2,1,2,1,2,2,1,1,2,2,1,1,1,2,0,0,0
2008,12,53,1,121112,1,4,1,2,2,2,6,2,1,1,2,2,1,2,1,1,2,2,2,2,3,2,2,2,2,2,2,2,1,1,2,0,0,0
2008,12,86,1,121113,1,4,2,2,1,1,4,1,1,2,1,1,1,2,2,2,1,2,2,2,3,2,2,2,2,2,2,2,2,2,2,0,0,0
2008,12,19,1,121114,1,4,1,2,1,2,6,2,1,2,2,2,1,2,2,2,2,2,1,2,3,2,2,2,2,2,1,1,2,2,2,0,0,0
2008,12,127,1,121115,1,4,2,2,1,2,3,2,2,1,2,2,2,2,2,1,2,2,1,2,3,2,2,1,1,2,2,1,2,1,2,0,0,0
2008,12,99,1,121116,1,4,2,1,1,2,1,2,2,2,1,2,2,2,1,1,2,2,2,2,3,2,2,2,2,1,2,2,2,1,2,0,0,0
2008,12,103,1,121117,1,4,2,2,3,2,4,2,1,2,1,2,2,2,2,2,2,2,2,2,3,2,2,2,2,1,2,2,1,2,2,0,0,0
2008,12,105,1,121118,1,4,1,2,1,1,6,1,1,1,1,2,1,2,1,2,2,2,2,2,3,2,2,2,2,1,2,2,2,1,2,0,0,0
2008,12,111,1,121119,1,4,2,1,3,2,1,2,1,2,1,2,2,2,2,2,2,2,1,2,3,2,2,2,2,2,2,2,1,1,2,0,0,0
2008,12,69,1,121120,1,4,1,2,2,2,6,3,1,1,1,2,1,2,2,1,2,2,1,2,1,2,2,2,2,2,2,2,1,2,2,0,0,0
2008,12,95,1,121121,1,4,2,2,1,1,6,1,2,2,2,1,3,2,1,1,2,2,2,2,1,1,1,1,1,2,2,1,2,2,2,0,0,0
2008,12,117,1,121122,1,4,1,2,2,2,6,2,1,2,2,2,1,2,2,2,2,2,2,2,2,1,1,1,1,2,2,1,1,1,2,0,0,0
2008,12,9,1,121123,1,4,2,2,1,2,3,2,1,2,2,2,1,2,2,2,1,2,2,2,3,2,2,2,2,2,2,2,2,2,2,0,0,0
2008,12,109,1,121124,1,4,2,2,4,2,6,2,1,2,2,2,1,2,2,2,2,2,2,2,1,2,2,2,2,2,2,2,1,2,2,0,0,0
2008,12,69,1,121125,1,4,1,2,4,2,6,2,1,2,2,2,1,2,2,2,2,2,2,2,2,2,2,2,2,2,2,2,1,2,2,0,0,0
2008,12,31,1,121126,1,4,2,2,4,2,6,2,1,2,2,2,1,2,2,2,2,2,1,2,2,2,2,2,2,2,1,1,1,1,2,0,0,0
2008,12,103,1,121127,1,4,2,2,2,2,3,2,1,2,2,2,1,2,1,1,2,2,2,1,1,2,2,2,2,2,2,2,1,2,2,0,0,0
2008,12,95,1,121128,1,4,1,2,4,2,6,2,1,2,1,2,1,2,2,2,2,2,2,2,1,2,2,2,2,2,2,2,1,1,2,0,0,0
2008,12,81,1,121129,1,4,1,2,1,1,6,1,3,1,1,2,2,2,2,2,2,2,2,2,3,2,2,2,2,1,2,2,2,2,2,0,0,0
2008,12,95,1,121130,1,4,1,2,1,1,6,1,4,2,1,2,2,2,1,2,2,2,2,2,3,2,2,2,2,2,2,2,2,2,2,0,0,0
2008,12,103,2,121131,1,4,1,2,1,1,6,1,4,2,1,2,2,2,2,1,2,2,1,2,1,2,2,2,2,2,2,2,2,2,2,0,0,0
2008,12,57,1,121132,1,4,2,2,1,1,6,1,4,1,1,2,2,2,1,2,2,2,2,2,3,2,2,2,2,2,2,2,2,2,2,0,0,0
2008,12,61,1,121133,1,4,2,2,1,1,4,1,4,1,1,2,2,2,2,2,2,2,2,2,3,1,1,1,1,2,2,1,2,1,2,0,0,0
2008,12,86,1,121134,1,4,1,2,1,2,6,2,4,2,1,2,2,2,1,2,2,2,2,2,3,2,2,1,1,2,1,1,2,2,2,0,0,0
2008,12,57,1,121135,1,4,2,2,1,1,3,1,4,1,1,2,2,2,2,2,2,2,2,2,3,2,2,2,2,1,2,2,2,2,2,0,0,0
2008,12,9,1,121136,1,4,2,2,3,2,3,2,1,2,2,2,1,2,2,2,2,2,1,2,1,2,2,2,2,2,2,2,1,1,2,0,0,0
2008,12,109,1,121137,1,4,1,1,1,2,1,2,1,2,2,1,3,2,2,2,1,2,2,2,3,2,2,2,2,2,2,2,2,2,2,0,0,0
2008,12,33,1,121138,1,4,1,2,1,1,6,1,4,2,2,2,2,2,1,2,2,2,2,2,2,1,1,1,1,2,2,1,2,2,2,0,0,0
2008,12,11,1,121139,1,4,2,2,1,1,5,1,4,2,2,2,2,2,2,2,2,2,2,2,1,2,2,2,2,2,1,1,2,2,2,0,0,0
2008,12,85,1,121140,1,4,2,2,3,2,3,2,1,2,2,2,1,2,2,2,2,2,1,2,1,2,2,2,2,2,2,2,1,1,2,0,0,0
2008,12,89,1,121141,1,4,1,2,2,2,6,2,1,2,2,2,2,2,2,2,2,2,1,2,1,2,2,2,2,2,2,2,1,1,2,0,0,0
2008,12,107,1,121142,1,4,2,2,2,2,6,2,1,2,2,2,1,2,2,1,2,2,1,2,1,1,1,1,1,2,2,1,1,1,2,0,0,0
2008,12,31,1,121143,1,4,2,2,2,2,6,2,1,2,2,2,1,2,1,2,2,2,2,2,1,2,2,2,2,2,2,2,1,1,2,0,0,0
2008,12,33,1,121145,1,4,1,2,1,1,3,1,4,1,1,2,2,2,2,2,2,2,1,2,3,2,2,2,2,1,2,2,2,2,2,0,0,0
2008,12,103,1,121146,1,4,2,2,1,2,3,2,1,2,1,2,1,2,2,2,1,2,2,2,3,2,2,2,2,2,2,2,2,2,2,0,0,0
2008,12,105,1,121147,1,4,1,2,1,2,6,2,3,1,1,2,2,1,2,2,2,2,2,2,3,2,2,2,2,1,2,2,1,2,2,0,0,0
2008,12,3,1,121148,1,4,1,1,2,2,1,2,1,1,1,2,1,2,2,2,2,2,1,2,3,2,2,2,2,2,2,2,1,2,2,0,0,0
2008,12,67,1,121149,1,4,1,2,1,1,4,1,4,1,1,2,2,2,2,2,2,2,2,2,3,2,2,2,2,2,2,2,2,2,2,0,0,0
2008,12,35,2,121150,1,4,2,1,2,2,1,2,1,2,1,2,1,2,2,2,2,2,2,2,2,2,2,2,2,2,2,2,1,1,2,0,0,0
2008,12,11,1,121151,1,4,2,2,1,1,3,1,4,1,1,2,2,2,1,2,2,2,2,2,3,2,2,1,1,2,2,1,2,2,2,0,0,0
2008,12,99,1,121152,1,4,1,2,1,2,3,2,1,1,1,2,1,2,2,2,2,2,1,2,3,2,2,2,2,2,2,2,1,1,2,0,0,0
2008,12,63,1,121153,1,4,1,2,2,2,6,2,1,2,2,2,1,2,2,2,2,2,2,2,1,2,2,2,2,2,2,2,1,1,2,0,0,0
2008,12,21,1,121154,1,4,2,1,2,1,1,1,1,1,1,2,2,2,2,2,2,2,2,2,3,2,2,2,2,2,2,2,2,1,2,0,0,0
2008,12,99,1,121155,1,4,1,2,4,1,6,1,1,2,2,2,1,2,2,2,2,2,2,2,1,2,2,2,2,2,2,2,2,1,2,0,0,0
2008,12,21,1,121156,1,4,1,2,1,2,6,2,3,1,2,2,2,2,2,2,2,2,2,2,3,1,1,1,1,2,2,1,1,1,2,0,0,0
2008,12,11,1,121157,1,4,2,2,2,1,4,1,1,1,2,2,2,2,2,2,2,2,1,2,3,2,2,2,2,2,2,2,2,2,2,0,0,0
2008,12,103,1,121158,1,4,2,2,2,2,3,2,1,1,2,2,1,2,1,2,2,2,2,2,3,2,2,2,2,2,1,1,1,2,2,0,0,0
2008,12,81,1,121159,1,4,2,1,2,2,1,2,1,1,2,2,1,2,2,2,2,2,1,2,3,2,2,2,2,1,2,2,1,1,2,0,0,0
2008,12,83,2,121160,1,4,2,2,2,2,6,2,1,1,2,2,1,2,1,2,2,2,2,2,1,2,2,2,2,2,2,2,1,2,2,0,0,0
2008,12,101,1,121161,1,4,1,1,1,2,1,2,5,1,2,2,2,2,2,2,2,2,2,2,3,2,2,2,2,1,2,2,1,2,2,0,0,0
2008,12,57,1,121162,1,4,2,2,1,2,3,2,1,2,2,2,1,2,2,2,1,2,2,2,3,2,2,2,2,2,2,2,2,2,2,0,0,0
2008,12,103,1,121163,1,4,2,2,1,1,6,1,4,1,1,2,2,2,2,2,2,2,1,2,3,2,2,2,2,1,1,1,2,2,2,0,0,0
2008,12,81,1,121164,1,4,1,2,1,2,6,2,1,1,1,2,2,1,2,2,2,2,2,2,3,2,2,2,2,2,2,2,2,1,2,0,0,0
2008,12,97,1,121165,1,4,1,2,2,2,6,2,1,2,1,2,1,2,2,2,2,2,2,2,2,1,1,1,1,2,2,1,1,1,2,0,0,0
2008,12,79,1,121166,1,4,1,1,2,2,1,2,1,1,1,2,1,1,2,2,2,2,2,2,2,2,2,2,2,2,2,2,2,2,2,0,0,0
2008,12,105,1,121167,1,4,2,2,1,1,3,1,4,2,1,2,2,2,2,2,2,2,1,2,1,1,1,1,1,2,2,1,2,2,2,0,0,0
2008,12,81,1,121168,1,4,2,2,1,1,3,1,1,2,1,2,1,2,2,2,1,2,2,2,3,2,2,2,2,2,2,2,2,2,2,0,0,0
2008,12,115,1,121169,1,4,1,1,1,2,1,2,1,2,1,2,1,2,2,2,1,2,2,2,3,1,1,1,1,2,2,1,2,2,2,0,0,0
2008,12,86,1,121170,1,4,2,1,2,2,1,2,1,2,1,2,1,2,2,2,2,2,1,2,1,2,2,2,2,2,2,2,1,1,2,0,0,0
2008,12,61,1,121171,1,4,2,2,1,2,3,2,1,2,1,1,1,2,2,2,1,2,2,2,3,2,2,2,2,2,2,2,2,2,2,0,0,0
2008,12,1,1,121172,1,4,1,2,1,2,3,2,1,2,1,2,1,2,2,2,2,1,2,2,3,2,2,2,2,2,2,2,2,2,2,0,0,0
2008,12,123,1,121173,1,4,1,2,1,1,6,1,4,1,1,2,3,2,1,1,2,2,2,2,3,1,1,1,1,2,1,1,2,2,2,0,0,0
2008,12,105,1,121174,1,4,1,2,2,2,6,2,1,2,1,2,1,2,2,2,2,2,1,2,3,2,2,2,2,2,2,2,1,1,2,0,0,0
2008,12,83,2,121175,1,4,2,2,1,1,6,1,4,1,1,2,2,2,1,1,2,2,2,2,2,2,2,2,2,1,2,2,2,2,2,0,0,0
2008,12,101,1,121176,1,4,1,2,2,2,6,2,1,2,2,2,1,2,2,2,2,2,1,2,1,2,2,2,2,2,2,2,1,2,2,0,0,0
2008,12,23,1,121177,1,4,1,2,1,2,4,2,4,2,2,2,2,2,2,1,2,2,2,2,1,2,2,2,2,1,2,2,1,1,2,0,0,0
2008,12,1,1,121178,1,4,1,2,2,2,6,2,1,2,2,2,1,2,2,2,2,2,1,2,2,1,1,1,1,2,2,1,1,1,2,0,0,0
2008,12,95,1,121179,1,4,2,2,2,2,3,2,1,2,2,1,1,2,2,2,2,1,2,2,2,2,2,2,2,2,1,1,1,1,2,0,0,0
2008,12,133,1,121180,1,4,1,2,2,1,6,1,1,1,2,2,1,2,1,1,2,2,2,2,3,1,1,1,1,2,2,1,2,1,2,0,0,0
2008,12,23,1,121181,1,4,1,2,2,2,6,2,1,2,2,2,1,2,2,1,2,2,1,2,1,2,2,2,2,2,2,2,1,2,2,0,0,0
2008,12,99,1,121182,1,4,1,2,4,1,6,1,1,2,2,2,1,2,2,2,2,2,2,2,3,2,2,2,2,2,2,2,2,1,2,0,0,0
2008,12,81,1,121183,1,4,1,2,2,2,6,2,1,2,2,2,1,2,2,2,2,2,2,2,1,2,2,2,2,2,2,2,1,1,2,0,0,0
2008,12,17,2,121184,1,4,1,2,1,1,6,1,4,2,2,2,2,2,1,2,2,2,2,2,1,1,1,1,1,2,2,1,2,1,2,0,0,0
2008,12,19,2,121185,1,4,1,2,1,2,3,2,2,1,1,2,3,2,2,2,2,2,2,2,3,1,1,1,1,1,2,1,1,1,2,0,0,0
2008,12,79,1,121186,1,4,1,1,2,2,1,2,1,2,1,2,1,2,2,2,2,2,1,2,2,1,1,1,1,2,2,1,1,1,2,0,0,0
2008,12,105,1,121187,1,4,1,1,1,2,1,2,1,1,1,2,1,1,2,2,1,2,2,2,3,2,2,2,2,2,2,2,2,2,2,0,0,0
2008,12,9,1,121188,1,4,1,2,2,1,6,1,1,2,1,2,1,2,2,1,2,2,1,2,2,2,2,2,2,2,2,2,2,2,2,0,0,0
2008,12,21,1,121189,1,4,1,1,2,2,1,2,1,2,1,2,1,1,2,2,2,2,1,2,2,2,2,2,2,2,2,2,1,1,2,0,0,0
2008,12,103,1,121190,1,4,2,2,1,1,3,1,4,2,1,1,2,2,2,1,2,2,2,2,1,2,2,1,1,2,2,1,2,1,2,0,0,0
2008,12,83,1,121191,1,4,1,2,1,1,6,1,3,1,1,2,2,2,1,2,2,2,2,2,3,2,2,2,2,1,2,2,2,2,2,0,0,0
2008,12,105,1,121192,1,4,1,2,2,2,6,2,1,2,1,2,1,2,2,2,2,2,1,2,3,2,2,2,2,2,2,2,1,1,2,0,0,0
2008,12,121,1,121193,1,4,1,2,2,2,6,2,1,1,1,2,1,2,2,2,2,2,2,2,2,2,2,2,2,2,2,2,1,1,1,0,0,0
2008,12,131,1,121194,1,4,1,2,2,2,6,2,1,2,2,2,2,1,2,2,2,2,1,2,2,2,2,2,2,2,2,2,1,1,2,0,0,0
2008,12,95,1,121195,1,4,2,2,1,1,3,1,1,1,2,2,1,2,2,2,1,2,2,2,3,2,2,2,2,2,2,2,2,2,2,0,0,0
2008,12,86,1,121196,1,4,2,2,2,2,2,2,1,2,2,2,1,2,2,2,2,2,1,2,1,2,2,2,2,2,2,2,1,1,2,0,0,0
2008,12,81,1,121197,1,4,2,2,4,1,3,1,1,2,2,2,1,2,2,1,2,2,2,1,3,2,2,2,2,2,1,1,2,2,2,0,0,0
2008,12,99,1,121198,1,4,2,2,2,2,5,2,1,2,2,2,1,2,2,2,2,2,2,2,1,2,2,2,2,2,2,2,1,2,2,0,0,0
2008,12,81,2,121199,1,4,2,2,2,2,3,2,1,2,2,2,1,2,2,1,2,2,1,2,1,2,2,2,2,2,2,2,1,2,2,0,0,0
2008,12,63,1,121200,1,4,1,2,4,2,3,2,1,2,2,2,1,2,2,1,2,2,1,2,3,2,2,2,2,2,2,2,1,1,2,0,0,0
2008,12,9,1,121201,1,4,2,2,1,2,3,2,1,2,2,2,1,2,2,2,1,2,2,2,3,2,2,2,2,2,2,2,2,2,2,0,0,0
2008,12,23,1,121202,1,4,1,2,1,1,4,1,6,2,2,2,2,2,1,2,2,2,2,2,1,2,2,2,2,2,2,2,2,1,2,0,0,0
2008,12,86,1,121203,1,4,2,2,1,2,3,2,3,2,1,2,3,2,2,1,2,2,2,2,1,2,2,2,2,2,2,2,2,2,2,0,0,0
2008,12,9,1,121204,1,4,1,1,1,2,1,3,1,1,1,2,1,2,2,1,2,2,1,2,3,2,2,2,2,2,2,2,1,2,2,0,0,0
2008,12,133,1,121205,1,4,1,2,2,2,4,2,1,2,1,2,1,2,2,1,2,2,2,2,2,2,2,2,2,1,2,2,1,1,2,0,0,0
2008,12,99,1,121206,1,4,2,2,2,2,5,2,1,2,1,2,1,2,1,1,2,2,2,2,3,2,2,2,2,2,1,1,1,2,2,0,0,0
2008,12,125,1,121207,1,4,2,2,2,1,6,1,1,2,1,2,1,2,2,1,2,2,2,2,1,2,2,2,2,2,2,2,2,2,2,0,0,0
2008,12,55,1,121208,1,4,1,2,1,1,3,1,4,1,1,2,2,2,2,2,2,2,2,2,3,2,2,2,2,1,1,1,2,2,2,0,0,0
2008,12,5,1,121209,1,4,1,2,2,2,6,2,1,2,2,2,1,2,1,1,2,2,2,2,1,2,2,2,2,2,2,2,1,1,2,0,0,0
2008,12,9,1,121210,1,4,2,2,1,2,3,2,1,2,2,2,1,2,2,2,1,2,2,2,3,2,2,2,2,2,2,2,2,2,2,0,0,0
2008,12,75,1,121211,1,4,1,2,1,1,3,1,4,1,2,2,2,2,2,2,2,2,2,2,3,2,2,2,2,2,2,2,2,2,2,0,0,0
2008,12,105,1,121212,1,4,2,2,1,1,5,1,4,2,1,2,2,1,2,2,2,2,2,2,2,2,2,2,2,1,2,2,2,2,2,0,0,0
2008,12,95,1,121213,1,4,2,2,4,2,3,2,2,1,2,2,1,2,2,2,2,2,2,2,2,2,2,2,2,2,2,2,2,2,2,0,0,0
2008,12,73,1,121214,1,4,3,3,4,2,7,2,1,2,2,2,1,2,2,2,2,2,2,2,1,2,2,2,2,2,2,2,1,2,2,0,0,0
2008,12,95,1,121215,1,4,2,2,1,2,3,2,1,2,2,1,1,2,2,2,1,2,2,2,3,2,2,2,2,2,2,2,2,2,2,0,0,0
2008,12,99,1,121216,1,4,2,2,1,1,5,1,2,1,1,2,2,2,1,1,2,2,2,2,3,2,2,1,1,2,2,1,2,2,2,0,0,0
2008,12,103,1,121217,1,4,2,2,1,1,4,1,2,2,1,2,2,2,1,1,2,2,2,2,3,2,2,2,2,2,1,1,2,2,2,0,0,0
2008,12,109,1,121218,1,4,2,2,2,2,6,2,1,2,2,2,1,2,2,2,1,2,2,2,3,2,2,2,2,2,2,2,2,2,2,0,0,0
2008,12,9,1,121219,1,4,2,2,1,1,3,1,2,1,1,2,2,2,1,2,2,2,2,2,3,2,2,2,2,2,2,2,2,2,2,0,0,0
2008,12,9,1,121220,1,4,2,2,2,1,6,1,1,2,2,2,1,2,2,1,2,2,2,2,2,2,2,2,2,2,2,2,2,1,2,0,0,0
2008,12,105,1,121221,1,4,2,2,1,1,3,1,2,1,1,2,3,1,2,2,2,2,2,2,3,2,2,2,2,2,2,2,2,2,2,0,0,0
2008,12,103,1,121222,1,4,3,3,4,2,7,2,1,2,2,2,1,2,2,2,2,2,2,2,1,2,2,2,2,2,2,2,1,1,2,0,0,0
2008,12,11,1,121223,1,4,2,2,1,2,2,2,2,2,1,2,3,1,2,2,2,2,1,2,3,2,2,2,2,2,1,1,2,1,2,0,0,0
2008,12,103,1,121225,1,4,2,2,2,2,4,2,1,2,2,2,1,2,1,1,2,2,2,2,3,2,2,2,2,2,1,1,1,1,2,0,0,0
2008,12,103,1,121226,1,4,2,2,1,1,6,1,4,2,1,2,2,2,1,2,2,2,2,2,1,2,2,2,2,2,1,1,2,2,2,0,0,0
2008,12,83,1,121227,1,4,2,2,1,1,3,1,4,1,1,2,2,2,2,2,2,2,2,2,3,2,2,2,2,1,2,2,2,2,2,0,0,0
2008,12,99,1,121228,1,4,2,2,2,2,4,2,1,2,2,2,2,2,2,1,2,2,1,2,1,2,2,2,2,2,1,1,1,1,2,0,0,0
2008,12,57,1,121229,1,4,2,2,2,1,3,1,1,2,2,2,1,2,1,2,2,2,2,2,2,2,2,2,2,2,2,2,2,1,2,0,0,0
2008,12,95,1,121230,1,4,2,2,1,1,3,1,1,1,1,2,1,2,2,2,1,2,2,2,2,2,2,2,2,2,2,2,2,2,2,0,0,0
2008,12,9,1,121231,1,4,2,1,2,2,1,2,1,1,1,2,1,2,2,2,2,2,1,2,2,2,2,2,2,2,2,2,1,1,2,0,0,0
2008,12,117,1,121232,1,4,2,2,1,1,6,1,4,2,2,2,2,2,1,1,2,2,2,2,3,2,2,2,2,2,2,2,2,2,2,0,0,0
2008,12,99,1,121233,1,4,1,2,2,2,6,2,1,2,1,2,1,2,2,1,2,2,2,2,1,2,2,2,2,2,1,1,1,2,2,0,0,0
2008,12,95,1,121234,1,4,2,1,1,2,1,3,3,2,2,2,2,2,2,2,2,2,2,2,3,2,2,2,2,1,2,2,2,2,2,0,0,0
2008,12,86,1,121235,1,4,2,2,1,2,3,2,1,2,1,2,1,2,2,2,1,2,2,2,3,2,2,2,2,2,2,2,2,2,2,0,0,0
2008,12,115,1,121236,1,4,2,2,1,1,3,1,4,1,1,2,2,2,2,2,2,2,2,2,3,2,2,2,2,1,2,2,2,2,2,0,0,0
2008,12,99,1,121237,1,4,2,2,1,2,6,2,4,1,2,2,2,2,1,2,2,2,2,2,1,2,2,2,2,2,2,2,1,1,2,0,0,0
2008,12,86,1,121238,1,4,1,2,4,2,6,2,1,1,1,2,1,2,2,2,2,2,2,2,3,2,2,2,2,1,2,2,1,1,2,0,0,0
2008,12,91,1,121239,1,4,2,2,4,2,4,2,1,2,1,2,1,2,2,2,2,2,1,2,3,2,2,2,2,2,2,2,1,1,2,0,0,0
2008,12,57,1,121240,1,4,2,2,1,2,3,2,4,1,1,2,2,2,1,2,2,2,2,2,3,2,2,2,2,2,2,2,2,2,2,0,0,0
2008,12,86,3,121241,1,4,2,2,1,2,3,2,3,2,1,2,2,2,2,2,2,2,2,2,1,2,2,2,2,2,2,2,2,2,2,0,0,0
2008,12,73,1,121242,1,4,2,2,1,1,3,1,1,2,1,2,2,2,2,2,2,1,2,2,3,2,2,2,2,2,1,1,2,2,2,0,0,0
2008,12,86,1,121245,1,4,2,2,1,2,2,2,1,2,2,2,2,2,2,2,1,2,2,2,3,2,2,2,2,2,2,2,2,1,2,0,0,0
2008,12,127,1,121246,1,4,2,2,1,2,4,2,1,1,2,2,2,2,1,2,2,2,2,2,3,2,2,2,2,2,2,2,2,2,2,0,0,0
2008,12,17,1,121247,1,4,1,2,2,2,6,2,1,1,2,2,1,2,1,2,2,2,2,2,3,2,2,2,2,1,2,2,1,1,2,0,0,0
2008,12,105,1,121248,1,4,1,2,1,2,6,2,1,3,1,1,1,2,2,2,2,2,2,2,3,2,2,2,2,2,2,2,2,2,2,0,0,0
2008,12,11,1,121249,1,4,2,2,1,2,3,2,3,2,2,2,2,2,1,2,2,2,2,2,3,2,2,2,2,2,1,1,2,1,2,0,0,0
2008,12,127,1,121250,1,4,2,1,1,2,1,2,2,1,1,2,2,2,2,2,2,2,1,2,3,2,2,2,2,2,2,2,2,2,2,0,0,0
2008,12,127,1,121251,1,4,2,1,3,2,1,2,1,2,1,2,1,2,2,2,2,2,2,2,1,2,2,1,1,2,2,1,1,1,2,0,0,0
2008,12,115,1,121252,1,4,1,2,1,2,6,2,2,1,1,2,2,2,2,2,2,2,2,2,3,2,2,2,2,1,2,2,2,1,2,0,0,0
2008,12,86,1,121253,1,4,2,2,1,1,4,1,5,1,2,2,3,1,2,2,2,2,2,2,3,2,2,2,2,1,2,2,2,1,2,0,0,0
2008,12,101,1,121254,1,4,1,2,1,1,6,1,4,1,1,2,2,2,1,2,2,2,2,2,2,2,2,2,2,1,2,2,2,1,2,0,0,0
2008,12,81,1,121255,1,4,2,2,1,1,4,1,3,2,1,2,3,2,2,2,2,2,2,2,1,2,2,2,2,2,2,2,2,2,2,0,0,0
2008,12,107,1,121256,1,4,1,2,2,2,3,2,1,1,1,2,1,2,2,1,2,2,2,2,2,2,2,2,2,2,1,1,1,1,2,0,0,0
2008,12,107,1,121257,1,4,2,2,1,1,4,1,4,2,2,2,2,1,2,1,2,2,1,2,1,2,2,2,2,2,2,2,2,2,2,0,0,0
2008,12,125,1,121258,1,4,1,2,2,2,6,2,1,2,2,2,1,2,2,1,2,2,1,2,1,1,1,1,1,2,2,1,1,1,2,0,0,0
2008,12,127,1,121259,1,4,1,2,1,1,3,1,4,1,2,2,2,2,2,2,2,2,1,2,1,2,2,2,2,2,2,2,2,2,2,0,0,0
2008,12,127,1,121260,1,4,1,2,4,2,3,2,1,2,2,2,1,2,2,1,2,2,1,2,1,1,1,1,1,2,2,1,1,1,2,0,0,0
2008,12,11,1,121261,1,4,2,2,3,2,3,2,1,2,2,2,1,2,2,2,2,2,2,2,1,2,2,1,1,2,2,1,1,1,2,0,0,0
2008,12,101,2,121262,1,4,1,2,1,2,6,2,4,1,1,2,2,1,2,2,2,2,1,2,2,2,2,1,1,2,2,1,2,1,2,0,0,0
2008,12,125,1,121263,1,4,1,2,1,2,4,2,1,2,1,2,1,2,1,2,2,2,2,2,1,2,2,2,2,2,2,2,2,1,2,0,0,0
2008,12,69,1,121264,1,4,2,2,1,2,6,2,3,1,1,2,2,1,2,2,2,2,2,2,3,2,2,2,2,2,2,2,1,2,2,0,0,0
2008,12,127,1,121265,1,4,2,2,2,2,3,3,1,2,1,2,1,2,2,2,2,2,2,2,3,2,2,2,2,2,2,2,1,2,2,0,0,0
2008,12,86,1,121266,1,4,2,2,1,2,2,2,1,1,1,2,2,1,1,2,2,2,2,2,3,2,2,2,2,2,2,2,2,1,2,0,0,0
2008,12,71,1,121267,1,4,1,2,1,2,6,3,4,2,1,2,2,2,1,1,2,2,2,2,3,1,1,1,1,2,2,1,2,2,2,0,0,0
2008,12,35,1,121269,1,4,1,2,2,2,4,2,1,2,1,2,1,2,2,1,2,2,1,2,1,2,2,2,2,2,2,2,1,1,2,0,0,0
2008,12,31,1,121270,1,4,2,1,3,2,1,2,1,1,2,2,1,2,2,2,2,2,1,2,2,2,2,2,2,2,2,2,2,2,2,0,0,0
2008,12,103,1,121271,1,4,2,2,1,1,6,1,1,2,1,2,2,2,1,1,2,2,2,2,3,2,2,2,2,2,1,1,2,2,2,0,0,0
2008,12,109,2,121273,1,4,1,1,1,2,1,2,3,2,1,2,2,2,2,2,2,2,1,2,3,2,2,2,2,2,2,2,2,2,2,0,0,0
2008,12,133,1,121274,1,4,1,2,1,2,3,2,1,2,1,2,1,2,2,2,2,2,1,2,3,2,2,2,2,2,2,2,2,1,2,0,0,0
2008,12,63,2,121275,1,4,1,2,2,2,6,2,1,1,1,2,1,2,2,1,2,2,2,2,1,2,2,2,2,2,1,1,1,2,2,0,0,0
2008,12,39,1,121276,1,4,1,1,3,2,1,2,1,2,2,2,1,2,2,2,2,2,1,2,2,2,2,2,2,2,2,2,1,2,2,0,0,0
2008,12,95,1,121277,1,4,2,2,1,1,3,1,2,1,2,2,2,2,2,2,2,2,2,2,3,2,2,1,1,2,2,1,2,1,2,0,0,0
2008,12,97,1,121278,1,4,2,2,1,1,3,1,1,2,2,1,1,2,2,2,1,2,2,2,3,2,2,2,2,2,2,2,2,2,2,0,0,0
2008,12,97,1,121279,1,4,1,2,1,1,6,1,4,1,2,2,2,2,1,2,2,2,2,2,3,2,2,2,2,2,2,2,2,2,2,0,0,0
2008,12,57,1,121280,1,4,1,2,4,2,6,2,1,1,2,2,1,2,2,1,2,2,2,2,1,2,2,2,2,2,2,2,1,2,2,0,0,0
2008,12,121,1,121281,1,4,1,1,1,2,1,2,1,2,2,2,1,2,2,2,2,2,1,2,2,1,1,1,1,2,2,1,1,1,2,0,0,0
2008,12,39,1,121282,1,4,1,2,4,2,6,2,1,2,2,2,1,2,2,1,2,2,2,2,1,2,2,2,2,2,2,2,1,1,2,0,0,0
2008,12,83,1,121283,1,4,2,1,2,2,1,2,1,2,2,2,1,2,2,2,2,2,2,2,2,1,1,1,1,2,2,1,1,1,2,0,0,0
2008,12,81,1,121284,1,4,1,2,1,2,3,3,4,1,1,2,2,2,1,2,2,2,2,2,3,1,1,1,1,2,2,1,2,2,2,0,0,0
2008,12,95,1,121285,1,4,2,2,1,1,4,1,1,1,1,2,1,2,2,2,1,2,2,2,3,2,2,2,2,2,2,2,2,2,2,0,0,0
2008,12,33,1,121286,1,4,1,1,1,2,1,2,3,1,1,2,3,1,2,1,2,2,2,2,3,1,1,1,1,2,1,1,1,1,2,0,0,0
2008,12,31,1,121287,1,4,2,2,1,1,6,1,1,2,1,2,1,2,2,2,1,2,2,1,3,2,2,2,2,2,2,2,2,2,2,0,0,0
2008,12,83,1,121288,1,4,1,2,2,2,3,2,1,2,1,2,1,2,2,1,2,2,1,2,1,2,2,2,2,2,1,1,1,1,2,0,0,0
2008,12,11,1,121289,1,4,2,2,1,2,2,2,2,1,1,2,2,1,1,2,2,2,2,2,3,2,2,2,2,2,2,2,2,1,2,0,0,0
2008,12,81,2,121290,1,4,2,2,1,2,3,2,2,2,1,2,3,2,2,2,2,2,1,2,1,2,2,2,2,1,2,2,2,1,2,0,0,0
2008,12,83,1,121291,1,4,2,1,3,2,1,2,1,2,1,1,2,2,2,2,2,2,2,2,3,2,2,2,2,2,2,2,1,2,2,0,0,0
2008,12,95,2,121292,1,4,1,1,1,1,1,1,4,2,1,2,2,2,2,2,2,2,2,2,1,2,2,1,1,2,1,1,2,2,2,0,0,0
2008,12,11,2,121294,1,4,1,1,1,2,1,2,1,1,1,2,1,2,2,2,2,2,1,2,3,2,2,2,2,2,2,2,2,2,2,0,0,0
2008,12,99,1,121295,1,4,2,2,1,1,4,1,4,2,2,2,2,2,1,2,2,2,2,2,3,2,2,2,2,2,1,1,2,2,2,0,0,0
2008,12,17,1,121296,1,4,1,2,2,2,6,2,1,2,2,2,1,2,2,1,2,2,1,2,3,2,2,2,2,2,1,1,1,2,2,0,0,0
2008,12,71,1,121297,1,4,2,2,1,1,6,1,4,1,2,2,3,2,2,2,2,2,2,2,3,1,1,1,1,1,2,1,2,2,2,0,0,0
2008,12,99,1,121298,1,4,2,2,3,2,5,2,1,2,2,2,1,2,2,1,2,2,1,2,1,2,2,2,2,2,2,2,1,2,2,0,0,0
2008,12,115,1,121299,1,4,1,2,4,2,4,2,1,2,2,2,1,2,1,2,2,2,2,2,3,2,2,2,2,2,2,2,1,1,2,0,0,0
2008,12,83,1,121300,1,4,1,2,4,2,6,2,1,1,2,2,1,2,2,2,2,2,1,2,1,2,2,2,2,2,2,2,1,1,2,0,0,0
2008,12,71,1,121301,1,4,2,1,1,1,1,1,2,2,2,2,2,1,2,2,2,2,2,2,3,2,2,2,2,2,2,2,2,2,2,0,0,0
2008,12,23,1,121302,1,4,1,2,2,2,6,2,1,2,1,2,1,2,2,2,2,2,1,2,1,2,2,2,2,2,2,2,1,2,2,0,0,0
2008,12,57,1,121303,1,4,2,2,1,2,3,2,1,2,1,2,1,2,2,2,1,2,2,2,2,2,2,1,1,2,2,1,2,1,2,0,0,0
2008,12,71,1,121304,1,4,2,1,2,1,1,1,1,2,1,2,1,1,2,2,2,2,1,2,3,2,2,2,2,2,2,2,2,1,2,0,0,0
2008,12,99,1,121305,1,4,2,2,1,1,3,1,1,2,1,2,2,2,2,2,1,2,2,2,3,2,2,2,2,2,2,2,2,2,2,0,0,0
2008,12,21,1,121306,1,4,1,1,1,1,1,1,4,1,1,2,2,2,2,2,2,2,1,2,3,2,2,2,2,2,2,2,2,1,2,0,0,0
2008,12,33,1,121307,1,4,2,1,1,2,1,2,1,2,2,2,1,2,2,2,2,2,1,2,1,2,2,2,2,2,1,1,1,2,2,0,0,0
2008,12,99,1,121308,1,4,2,2,1,2,6,3,1,2,2,2,1,2,2,2,2,2,2,2,3,2,2,2,2,2,2,2,2,2,2,0,0,0
2008,12,97,1,121309,1,4,2,2,2,1,3,1,1,2,1,2,1,2,2,1,2,2,1,2,3,2,2,2,2,2,2,2,2,2,2,0,0,0
2008,12,57,1,121310,1,4,2,2,1,1,3,1,4,1,1,2,2,2,2,2,2,1,2,2,3,2,2,2,2,2,2,2,2,2,2,0,0,0
2008,12,86,1,121311,1,4,2,2,1,1,3,1,1,2,2,2,1,2,2,1,1,2,2,2,3,2,2,2,2,2,2,2,2,2,2,0,0,0
2008,12,103,1,121312,1,4,1,2,1,1,6,1,4,1,1,2,2,2,2,2,2,2,2,2,3,2,2,2,2,1,2,2,2,2,2,0,0,0
2008,12,35,1,121313,1,4,2,1,1,2,1,2,2,2,1,2,2,1,2,2,2,2,1,2,3,2,2,2,2,2,2,2,2,2,2,0,0,0
2008,12,73,1,121314,1,4,1,2,2,2,6,2,1,2,1,2,1,2,2,1,2,2,2,2,1,2,2,2,2,2,2,2,1,1,2,0,0,0
2008,12,11,3,121315,1,4,2,2,1,2,6,3,1,2,2,2,1,2,2,2,2,2,2,2,3,2,2,2,2,2,2,2,2,2,2,0,0,0
2008,12,101,1,121316,1,4,1,2,1,2,3,2,3,1,1,2,2,1,2,2,2,2,2,2,2,2,2,2,2,2,2,2,1,2,2,0,0,0
2008,12,86,1,121318,1,4,1,2,4,2,6,2,1,1,1,2,1,2,2,2,2,2,2,2,3,2,2,2,2,2,1,1,1,1,2,0,0,0
2008,12,11,1,121319,1,4,2,2,1,1,4,1,4,1,2,2,2,2,1,2,2,2,2,2,3,2,2,2,2,2,2,2,2,2,2,0,0,0
2008,12,86,1,121320,1,4,1,2,3,2,6,2,1,2,1,2,1,2,2,2,2,2,2,2,1,1,1,1,1,2,2,1,1,1,2,0,0,0
2008,12,101,2,121321,1,4,2,2,1,2,3,2,4,1,1,2,2,2,2,2,2,2,1,2,3,2,2,2,2,2,1,1,1,1,2,0,0,0
2008,12,99,1,121322,1,4,2,2,1,1,3,1,4,2,2,2,2,2,2,2,2,2,2,2,1,2,2,2,2,2,2,2,2,2,2,0,0,0
2008,12,57,1,121323,1,4,2,2,2,2,3,3,1,1,2,2,1,2,2,2,2,2,1,2,1,2,2,2,2,2,2,2,1,1,2,0,0,0
2008,12,31,1,121324,1,4,2,2,1,2,2,2,5,2,2,2,3,2,1,1,2,2,1,2,1,1,1,1,1,2,1,1,2,1,2,0,0,0
2008,12,21,1,121325,1,4,1,1,3,2,1,2,1,1,1,2,1,2,1,2,2,2,2,2,1,2,2,2,2,2,2,2,1,1,2,0,0,0
2008,12,69,1,121326,1,4,1,2,3,2,3,2,1,1,1,2,1,2,2,2,2,2,1,2,3,1,1,1,1,2,2,1,1,1,2,0,0,0
2008,12,57,1,121327,1,4,2,2,1,1,3,1,4,1,1,2,3,2,2,2,2,2,2,2,1,1,1,1,1,2,2,1,2,2,2,0,0,0
2008,12,101,1,121328,1,4,2,2,1,1,3,1,4,2,1,2,2,2,1,2,2,2,2,2,3,2,2,2,2,2,1,1,2,2,2,0,0,0
2008,12,95,2,121329,1,4,1,2,2,2,6,2,1,2,1,2,1,2,1,2,2,2,2,2,3,2,2,2,2,2,2,2,1,1,2,0,0,0
2008,12,9,1,121330,1,4,2,1,3,2,1,2,1,1,1,2,1,2,2,2,2,2,1,2,3,2,2,2,2,2,2,2,1,2,2,0,0,0
2008,12,95,1,121331,1,4,1,2,2,2,6,2,1,2,1,2,1,2,2,1,2,2,2,2,1,1,1,1,1,2,2,1,1,2,2,0,0,0
2008,12,97,1,121332,1,4,2,2,1,1,3,1,2,1,2,2,3,1,2,2,2,2,2,2,3,1,1,1,1,2,2,1,2,1,2,0,0,0
2008,12,103,1,121333,1,4,1,2,1,2,6,2,1,2,2,1,1,2,2,2,1,2,2,2,2,2,2,2,2,2,2,2,2,2,2,0,0,0
2008,12,99,1,121334,1,4,1,2,2,2,3,2,1,2,2,2,1,2,2,2,2,2,1,2,3,2,2,2,2,2,2,2,1,1,2,0,0,0
2008,12,99,1,121335,1,4,2,2,1,2,3,2,5,2,2,1,3,2,1,1,2,2,2,2,1,2,2,2,2,2,2,2,2,1,2,0,0,0
2008,12,35,1,121336,1,4,1,2,1,2,3,2,2,1,1,2,2,2,1,1,2,2,2,2,3,2,2,2,2,2,2,2,2,1,2,0,0,0
2008,12,11,1,121337,1,4,2,1,2,2,1,2,1,1,1,2,1,2,2,2,2,2,2,2,2,2,2,2,2,1,2,2,1,1,2,0,0,0
2008,12,61,2,121338,1,4,1,1,2,2,1,2,5,1,1,2,1,2,2,2,2,2,2,2,2,2,2,2,2,2,1,1,1,1,2,0,0,0
2008,12,86,1,121339,1,4,2,2,1,1,4,1,3,1,1,2,2,1,2,2,2,2,2,2,3,2,2,2,2,2,2,2,2,2,2,0,0,0
2008,12,99,1,121340,1,4,2,2,1,1,4,1,4,2,1,2,2,2,1,2,2,2,1,2,1,2,2,2,2,2,2,2,2,2,2,0,0,0
2008,12,33,1,121341,1,4,2,2,1,1,3,1,2,1,1,2,2,2,1,1,2,2,2,2,1,2,2,2,2,2,2,2,2,1,2,0,0,0
2008,12,31,1,121342,1,4,2,2,2,2,6,2,1,2,1,2,1,2,2,2,2,2,1,2,1,2,2,2,2,2,2,2,1,1,2,0,0,0
2008,12,95,1,121343,1,4,2,2,1,1,3,1,1,2,1,2,1,2,2,2,1,2,2,2,3,2,2,2,2,2,2,2,2,2,2,0,0,0
2008,12,101,1,121344,1,4,1,2,1,2,6,2,1,2,1,1,1,2,2,2,1,2,2,2,3,2,2,2,2,2,2,2,2,2,2,0,0,0
2008,12,35,1,121345,1,4,1,2,1,1,3,1,1,2,2,2,1,2,2,2,1,2,2,2,3,1,1,1,1,2,2,1,2,2,2,0,0,0
2008,12,35,1,121346,1,4,1,2,1,1,3,1,4,2,2,2,2,2,2,2,2,2,2,2,1,2,2,2,2,1,2,2,2,2,2,0,0,0
2008,12,19,1,121347,1,4,1,2,1,1,4,1,3,2,2,2,2,2,1,2,2,2,2,2,1,2,2,2,2,2,2,2,2,2,2,0,0,0
2008,12,103,1,121348,1,4,2,2,1,2,4,2,1,2,2,2,1,2,2,2,2,1,2,2,3,2,2,2,2,2,2,2,2,2,2,0,0,0
2008,12,11,1,121349,1,4,2,1,3,2,1,2,1,2,2,2,1,2,1,2,2,2,2,2,1,2,2,2,2,2,2,2,1,2,2,0,0,0
2008,12,127,1,121350,1,4,2,2,1,1,3,1,3,1,2,2,2,2,1,2,2,2,2,2,3,2,2,2,2,2,2,2,2,2,2,0,0,0
2008,12,57,2,121351,1,4,2,2,1,2,3,2,5,2,2,2,2,2,2,2,2,2,1,2,2,1,1,1,1,2,2,1,2,2,2,0,0,0
2008,12,95,1,121353,1,4,1,2,1,1,6,1,2,1,1,2,2,2,2,2,2,2,2,2,3,2,2,2,2,1,2,2,2,2,2,0,0,0
2008,12,95,1,121354,1,4,1,2,1,2,6,2,3,1,1,2,2,2,2,2,2,2,2,2,3,1,1,1,1,2,2,1,1,2,2,0,0,0
2008,12,73,1,121355,1,4,1,2,2,2,6,2,1,2,1,2,1,2,1,2,2,2,2,2,1,2,2,2,2,2,2,2,1,1,2,0,0,0
2008,12,105,1,121356,1,4,1,2,2,2,6,2,1,2,1,2,1,2,2,2,2,2,2,2,3,2,2,2,2,2,2,2,1,1,2,0,0,0
2008,12,83,2,121357,1,4,1,2,1,2,6,2,5,2,1,2,2,2,1,1,2,2,2,2,1,2,2,2,2,2,2,2,2,1,2,0,0,0
2008,12,99,1,121358,1,4,1,2,2,2,6,2,1,1,1,2,1,1,2,2,2,2,2,2,3,2,2,2,2,2,2,2,1,2,2,0,0,0
2008,12,71,1,121359,1,4,2,2,3,2,6,2,1,2,1,2,1,2,1,2,2,2,2,2,1,2,2,2,2,2,2,2,1,1,2,0,0,0
2008,12,95,2,121360,1,4,2,2,2,2,6,2,1,2,1,2,1,2,2,1,2,2,2,2,2,1,1,1,1,2,2,1,1,2,2,0,0,0
2008,12,35,1,121361,1,4,2,1,1,1,1,1,1,2,2,2,1,2,1,2,2,2,2,2,1,2,2,2,2,2,2,2,2,1,2,0,0,0
2008,12,91,1,121362,1,4,1,2,2,2,6,2,1,2,2,2,1,2,2,1,2,2,2,2,1,2,2,2,2,2,1,1,1,1,2,0,0,0
2008,12,39,1,121363,1,4,1,2,2,2,3,2,1,2,2,2,1,2,2,1,2,2,2,2,1,2,2,2,2,2,2,2,1,1,2,0,0,0
2008,12,95,1,121364,1,4,1,1,2,1,1,1,1,2,2,2,1,2,2,2,2,2,2,2,1,2,2,2,2,2,1,1,2,1,2,0,0,0
2008,12,103,1,121365,1,4,1,2,4,2,6,2,1,1,2,2,1,2,2,2,2,2,2,2,2,1,1,1,1,2,2,1,1,1,2,0,0,0
2008,12,31,1,121366,1,4,2,2,2,2,4,2,5,1,1,2,1,2,2,2,1,2,2,2,3,2,2,2,2,2,2,2,1,2,2,0,0,0
2008,12,95,1,121367,1,4,2,2,2,2,6,2,1,2,1,2,1,2,1,2,2,2,2,2,2,2,2,1,1,2,2,1,1,2,2,0,0,0
2008,12,5,1,121368,1,4,2,2,1,2,3,2,2,2,1,2,2,2,1,2,2,2,2,2,1,2,2,2,2,2,2,2,2,2,2,0,0,0
2008,12,57,2,121369,1,4,2,1,2,2,1,2,1,1,2,2,1,2,2,2,1,2,2,2,3,2,2,2,2,2,2,2,1,2,2,0,0,0
2008,12,71,1,121370,1,4,2,2,1,2,6,2,1,2,2,2,1,2,1,2,2,2,2,2,3,2,2,2,2,2,2,2,2,1,2,0,0,0
2008,12,105,1,121371,1,4,1,1,1,2,1,2,2,2,1,2,3,1,2,2,2,2,2,2,3,2,2,2,2,2,1,1,2,1,2,0,0,0
2008,12,53,1,121372,1,4,1,2,1,2,6,2,1,2,1,2,1,2,2,2,1,2,2,2,3,2,2,2,2,2,1,1,2,2,2,0,0,0
2008,12,41,1,121373,1,4,1,2,2,2,3,2,1,2,1,2,1,2,2,2,1,2,2,2,3,2,2,2,2,2,2,2,2,2,2,0,0,0
2008,12,1,1,121374,1,4,2,2,1,2,3,2,5,1,1,2,2,2,2,2,2,2,2,2,3,2,2,2,2,2,2,2,1,2,2,0,0,0
2008,12,9,1,121375,1,4,2,2,1,2,6,3,4,2,1,2,2,2,1,2,2,2,2,2,2,2,2,2,2,2,2,2,2,2,2,0,0,0
2008,12,17,1,121377,1,4,2,2,1,1,4,1,1,2,1,2,1,2,2,2,1,2,2,2,3,2,2,2,2,2,2,2,2,2,2,0,0,0
2008,12,17,1,121378,1,4,1,2,1,1,6,1,4,1,2,2,2,2,1,2,2,2,2,2,3,2,2,2,2,2,1,1,2,2,2,0,0,0
2008,12,127,1,121379,1,4,2,2,1,1,3,1,2,2,2,2,2,2,1,2,2,2,2,2,3,2,2,2,2,2,2,2,2,1,2,0,0,0
2008,12,69,1,121380,1,4,2,2,1,1,3,1,1,1,1,2,1,2,2,2,1,2,2,2,3,2,2,2,2,2,2,2,2,2,2,0,0,0
2008,12,95,1,121381,1,4,2,2,1,1,6,1,1,2,1,2,1,2,2,2,2,2,2,2,3,1,1,1,1,2,2,1,2,2,2,0,0,0
2008,12,69,1,121383,1,4,1,2,1,2,6,2,4,1,1,2,2,2,2,2,2,2,2,2,3,1,1,1,1,2,2,1,1,2,2,0,0,0
2008,12,69,1,121384,1,4,2,2,1,1,3,1,4,2,1,2,2,1,2,2,2,2,2,2,1,2,2,2,2,2,2,2,2,2,2,0,0,0
2008,12,1,1,121385,1,4,2,2,2,2,6,3,1,1,1,2,1,2,2,1,2,2,2,2,3,2,2,2,2,2,2,2,1,1,2,0,0,0
2008,12,86,1,121387,1,4,2,2,1,1,4,1,1,2,1,2,1,1,2,2,2,1,2,2,3,2,2,2,2,2,1,1,2,2,2,0,0,0
2008,12,57,1,121388,1,4,2,2,4,2,6,2,1,1,1,2,1,2,2,1,2,2,2,2,3,2,2,2,2,2,1,1,1,2,2,0,0,0
2008,12,11,1,121389,1,4,2,2,1,2,3,2,5,1,1,2,2,2,2,2,1,2,2,2,3,2,2,2,2,1,1,1,2,2,2,0,0,0
2008,12,97,1,121390,1,4,2,2,4,2,6,2,2,2,2,2,1,2,1,2,2,2,2,2,1,2,2,2,2,2,2,2,2,2,2,0,0,0
2008,12,11,1,121391,1,4,2,2,1,2,5,2,3,2,1,1,2,2,2,2,2,2,2,2,3,2,2,2,2,2,1,1,1,1,2,0,0,0
2008,12,9,1,121392,1,4,2,2,2,2,6,2,1,1,2,2,1,2,2,2,2,2,2,2,3,2,2,2,2,2,2,2,1,1,2,0,0,0
2008,12,127,1,121393,1,4,2,2,2,2,6,2,1,1,1,2,1,2,1,1,2,2,2,2,3,2,2,2,2,2,1,1,1,2,2,0,0,0
2008,12,105,1,121394,1,4,1,2,1,2,6,2,1,2,2,1,1,2,2,2,1,2,2,2,3,2,2,2,2,2,2,2,2,2,2,0,0,0
2008,12,9,1,121395,1,4,2,1,1,2,1,2,1,1,1,2,1,2,2,2,2,2,1,2,2,2,2,2,2,2,2,2,1,1,2,0,0,0
2008,12,15,1,121397,1,4,1,2,1,2,6,2,1,1,2,2,2,2,2,2,2,2,1,2,3,2,2,2,2,2,2,2,1,1,2,0,0,0
2008,12,17,1,121398,1,4,2,2,1,2,4,2,1,2,1,2,1,2,2,2,1,2,2,2,3,1,1,1,1,2,2,1,2,2,2,0,0,0
2008,12,11,1,121399,1,4,2,1,1,2,1,2,5,1,1,2,2,2,2,2,2,2,1,2,3,2,2,2,2,2,2,2,1,2,2,0,0,0
2008,12,15,1,121400,1,4,1,2,2,2,6,2,1,1,1,2,1,2,1,2,2,2,2,2,3,2,2,2,2,1,2,2,1,1,2,0,0,0
2008,12,105,1,121401,1,4,1,2,1,2,3,2,1,2,1,2,1,2,2,2,1,2,2,2,3,2,2,2,2,2,2,2,2,2,2,0,0,0
2008,12,113,1,121402,1,4,2,2,1,2,3,2,1,2,1,2,1,2,2,2,1,2,2,2,1,2,2,2,2,2,2,2,2,2,2,0,0,0
2008,12,133,1,121403,1,4,1,2,4,2,4,2,1,1,1,2,1,2,2,2,2,2,1,2,2,2,2,2,2,1,2,2,1,1,2,0,0,0
2008,12,105,1,121404,1,4,1,1,2,2,1,2,2,1,2,2,1,2,2,2,2,2,2,2,2,2,2,2,2,2,2,2,2,1,2,0,0,0
2008,12,86,1,121405,1,4,2,2,1,1,6,1,4,2,1,2,3,2,2,1,2,2,2,2,3,2,2,2,2,2,1,1,2,2,2,0,0,0
2008,12,119,1,121406,1,4,1,2,1,2,4,2,4,1,1,2,2,2,2,2,2,2,1,2,3,2,2,2,2,2,1,1,1,2,2,0,0,0
2008,12,113,1,121407,1,4,1,2,4,1,6,1,1,1,1,2,1,2,2,1,2,2,1,2,1,2,2,2,2,2,2,2,2,2,2,0,0,0
2008,12,95,1,121408,1,4,2,2,4,1,6,1,1,2,1,2,1,2,2,2,2,2,2,2,1,2,2,2,2,2,1,1,2,2,2,0,0,0
2008,12,31,1,121409,1,4,2,2,4,2,6,2,1,2,1,2,1,2,2,2,2,2,2,2,3,1,1,1,1,2,2,1,1,1,2,0,0,0
2008,12,91,1,121410,1,4,2,2,2,2,4,2,1,2,2,2,1,2,1,1,2,2,2,2,1,2,2,2,2,2,2,2,1,2,2,0,0,0
2008,12,105,1,121411,1,4,2,1,1,2,1,2,2,1,2,2,2,2,2,2,2,2,1,2,3,2,2,2,2,1,2,2,2,1,2,0,0,0
2008,12,57,1,121412,1,4,1,2,2,2,6,2,1,2,2,2,1,2,2,2,2,2,2,2,3,1,1,1,1,2,2,1,1,1,2,0,0,0
2008,12,111,1,121413,1,4,1,2,1,2,3,2,2,2,1,2,3,1,2,2,2,2,2,2,3,2,2,2,2,2,1,1,2,1,2,0,0,0
2008,12,91,1,121415,1,4,1,2,1,2,4,2,3,1,1,2,2,2,2,2,2,2,2,2,3,2,2,2,2,1,2,2,1,1,2,0,0,0
2008,12,99,1,121416,1,4,2,1,1,2,1,2,4,2,1,2,2,1,2,2,2,2,2,2,3,2,2,2,2,2,2,2,2,2,2,0,0,0
2008,12,1,1,121417,1,4,1,2,2,2,6,2,1,1,1,2,1,2,2,2,2,2,1,2,2,1,1,1,1,2,2,1,1,1,2,0,0,0
2008,12,99,1,121418,1,4,2,2,2,2,3,2,1,2,1,2,1,2,1,1,2,2,2,2,1,2,2,2,2,2,2,2,1,1,2,0,0,0
2008,12,71,1,121419,1,4,2,2,4,2,3,2,1,1,1,2,1,2,2,2,2,1,2,2,3,2,2,2,2,2,2,2,2,2,2,0,0,0
2008,12,1,1,121420,1,4,2,1,4,2,1,2,1,2,1,2,1,2,2,2,2,2,1,2,3,2,2,2,2,2,2,2,1,2,2,0,0,0
2008,12,71,1,121421,1,4,2,2,2,2,6,2,1,2,1,2,1,2,1,1,2,2,2,2,3,2,2,2,2,2,2,2,1,1,2,0,0,0
2008,12,23,1,121422,1,4,1,2,1,2,4,3,6,1,1,2,2,1,2,1,2,2,2,2,3,2,2,2,2,2,2,2,1,1,2,0,0,0
2008,12,95,1,121423,1,4,1,2,2,2,6,2,1,2,1,2,1,2,2,2,2,2,2,2,3,1,1,1,1,2,2,1,1,1,2,0,0,0
2008,12,71,1,121424,1,4,2,2,4,1,4,1,1,2,1,2,1,2,1,2,2,2,2,2,1,2,2,2,2,2,2,2,2,2,2,0,0,0
2008,12,99,1,121425,1,4,2,2,1,1,5,1,4,2,2,2,2,2,2,2,2,2,1,2,2,2,2,2,2,1,2,2,2,2,2,0,0,0
2008,12,105,1,121426,1,4,2,2,2,1,4,1,1,2,2,2,1,2,2,2,2,2,2,2,3,2,2,2,2,2,2,2,2,1,2,0,0,0
2008,12,99,1,121427,1,4,1,2,1,2,3,2,2,1,1,2,2,1,2,2,2,2,2,2,3,2,2,2,2,2,2,2,2,1,2,0,0,0
2008,12,43,2,121428,1,4,1,2,1,2,4,2,4,1,1,2,2,2,2,1,2,2,2,2,3,2,2,2,2,1,2,2,2,1,2,0,0,0
2008,12,95,1,121429,1,4,2,2,1,1,3,1,4,2,2,2,2,2,2,2,2,2,2,2,1,2,2,2,2,2,1,1,2,2,2,0,0,0
2008,12,47,2,121430,1,4,1,2,1,2,6,2,3,1,2,2,2,2,2,2,2,2,1,2,1,2,2,2,2,2,2,2,1,2,2,0,0,0
2008,12,63,1,121431,1,4,1,2,2,1,3,1,1,2,2,2,1,2,2,2,2,2,2,2,1,2,2,2,2,1,2,2,2,2,2,0,0,0
2008,12,99,1,121432,1,4,2,2,1,2,6,3,1,1,1,2,1,2,2,2,2,2,2,2,3,2,2,2,2,1,2,2,2,2,2,0,0,0
2008,12,105,1,121433,1,4,2,2,1,2,4,2,2,1,1,2,2,1,2,2,2,2,2,2,3,2,2,2,2,2,2,2,2,1,2,0,0,0
2008,12,103,1,121434,1,4,2,2,3,2,3,2,1,2,2,2,1,2,1,2,2,2,2,2,3,2,2,2,2,2,2,2,1,2,2,0,0,0
2008,12,86,1,121435,1,4,2,2,1,1,3,1,4,1,2,2,2,2,2,2,2,2,2,2,3,2,2,2,2,1,2,2,2,2,2,0,0,0
2008,12,86,1,121436,1,4,2,2,2,1,3,1,1,2,1,2,2,2,2,2,1,2,2,2,3,2,2,2,2,2,1,1,2,2,2,0,0,0
2008,12,81,1,121437,1,4,2,2,2,2,6,2,1,2,1,2,1,2,1,2,2,2,2,2,3,2,2,2,2,2,1,1,1,1,2,0,0,0
2008,12,117,1,121438,1,4,1,2,1,2,6,3,1,1,1,2,1,1,2,2,2,2,2,2,3,2,2,2,2,2,2,2,2,2,2,0,0,0
2008,12,83,1,121439,1,4,1,2,1,1,6,1,4,1,2,2,2,2,2,2,2,2,2,2,3,2,2,2,2,2,2,2,2,1,2,0,0,0
2008,12,127,1,121440,1,4,2,2,1,1,3,1,1,1,1,2,2,2,1,2,2,2,2,2,3,2,2,2,2,1,2,2,2,2,2,0,0,0
2008,12,57,1,121441,1,4,2,2,1,2,6,2,2,1,1,2,3,2,2,2,2,2,2,2,3,2,2,2,2,1,2,2,2,1,2,0,0,0
2008,12,99,1,121442,1,4,2,2,1,2,5,2,1,2,2,2,1,2,2,2,2,1,2,2,3,2,2,2,2,2,2,2,2,2,2,0,0,0
2008,12,103,1,121443,1,4,2,2,1,1,6,1,2,1,2,2,2,2,2,2,2,2,2,2,3,2,2,2,2,2,2,2,2,2,2,0,0,0
2008,12,33,1,121444,1,4,2,2,1,1,6,1,2,2,1,2,2,2,2,2,2,2,1,2,3,2,2,2,2,2,2,2,2,1,2,0,0,0
2008,12,11,1,121445,1,4,2,2,1,2,4,2,1,2,2,2,1,2,2,2,1,2,2,2,3,2,2,2,2,2,2,2,2,2,2,0,0,0
2008,12,99,1,121446,1,4,2,2,1,2,4,2,2,2,1,2,2,2,1,2,2,2,2,2,3,2,2,2,2,2,2,2,2,1,2,0,0,0
2008,12,71,1,121447,1,4,1,2,1,1,6,1,1,1,1,1,1,2,2,2,2,1,2,2,1,2,2,2,2,2,2,2,2,2,2,0,0,0
2008,12,57,1,121448,1,4,2,2,1,1,6,1,3,1,1,2,2,2,2,2,2,2,2,2,3,2,2,2,2,1,2,2,2,2,2,0,0,0
2008,12,31,1,121449,1,4,2,2,2,2,3,2,1,1,1,2,1,2,2,2,2,2,2,2,2,2,2,2,2,2,2,2,1,1,2,0,0,0
2008,12,86,1,121450,1,4,2,1,1,1,1,1,1,2,1,2,1,2,2,2,1,2,2,2,3,2,2,2,2,2,1,1,2,2,2,0,0,0
2008,12,57,2,121451,1,4,2,2,1,2,3,2,1,2,2,2,1,2,2,2,1,2,2,2,2,2,2,2,2,2,2,2,2,2,2,0,0,0
2008,12,39,1,121452,1,4,2,2,2,2,4,2,1,2,1,2,1,2,2,1,2,2,2,2,2,1,1,1,1,2,2,1,1,1,2,0,0,0
2008,12,111,1,121453,1,4,2,2,1,1,3,1,4,2,2,2,2,2,2,2,2,2,2,2,3,2,2,2,2,1,2,2,2,2,2,0,0,0
2008,12,11,1,121454,1,4,2,2,1,2,6,2,3,2,2,2,2,2,2,2,2,2,2,2,1,2,2,2,2,1,2,2,1,1,2,0,0,0
2008,12,95,1,121455,1,4,2,2,2,2,6,2,1,1,2,2,1,2,2,2,2,2,2,2,3,2,2,2,2,1,2,2,1,2,2,0,0,0
2008,12,99,1,121456,1,4,2,2,1,2,6,2,1,2,2,2,1,2,2,2,2,2,2,2,1,2,2,2,2,2,2,2,2,2,2,0,0,0
2008,12,11,1,121457,1,4,2,2,1,2,4,2,1,2,2,1,1,2,2,2,1,2,2,2,3,2,2,2,2,2,2,2,2,2,2,0,0,0
2008,12,127,1,121458,1,4,2,2,1,1,6,1,2,2,1,2,2,2,1,2,2,2,2,2,1,1,1,1,1,2,2,1,2,1,2,0,0,0
2008,12,103,1,121460,1,4,2,2,4,2,4,2,1,1,1,2,1,2,2,2,1,2,2,2,2,2,2,2,2,2,2,2,1,2,2,0,0,0
2008,12,83,1,121461,1,4,2,2,4,2,3,2,1,2,2,2,1,2,2,1,2,2,2,2,1,2,2,2,2,2,1,1,1,1,2,0,0,0
2008,12,127,1,121462,1,4,2,2,1,2,3,2,1,2,1,2,2,2,2,2,2,1,2,2,3,2,2,2,2,1,2,2,2,2,2,0,0,0
2008,12,127,1,121463,1,4,2,2,2,2,6,2,1,2,1,2,1,2,2,2,2,2,2,2,3,2,2,2,2,2,2,2,1,1,2,0,0,0
2008,12,99,1,121464,1,4,2,2,2,2,2,2,1,2,2,2,1,2,1,2,2,2,2,2,1,2,2,2,2,2,2,2,1,1,2,0,0,0
2008,12,105,1,121465,1,4,2,2,1,1,3,1,4,1,1,2,2,1,2,2,2,2,2,2,3,2,2,2,2,1,2,2,2,2,2,0,0,0
2008,12,69,1,121466,1,4,2,2,1,2,3,2,4,2,1,2,2,1,2,2,2,2,2,2,1,2,2,2,2,2,2,2,1,2,2,0,0,0
2008,12,71,1,121467,1,4,2,2,1,1,6,1,2,2,2,2,2,2,1,2,2,2,2,2,3,2,2,2,2,2,2,2,2,2,2,0,0,0
2008,12,86,1,121468,1,4,2,2,4,2,4,2,2,1,1,2,1,2,2,2,2,2,2,2,3,2,2,2,2,2,2,2,2,1,2,0,0,0
2008,12,11,1,121469,1,4,2,2,2,2,2,2,1,1,1,2,1,2,2,2,2,2,2,2,3,2,2,2,2,1,2,2,1,2,2,0,0,0
2008,12,57,1,121470,1,4,2,2,1,1,6,1,1,1,1,2,1,2,2,2,1,2,2,2,3,2,2,2,2,2,2,2,2,2,2,0,0,0
2008,12,57,1,121471,1,4,2,2,1,2,3,2,1,2,1,2,1,2,2,2,1,2,2,2,3,2,2,2,2,2,1,1,2,2,2,0,0,0
2008,12,11,1,121472,1,4,2,2,1,2,3,2,1,1,1,2,1,2,2,2,1,2,2,2,3,2,2,2,2,2,2,2,2,2,2,0,0,0
2008,12,57,1,121473,1,4,2,2,2,2,3,3,1,2,2,2,1,2,1,2,2,2,2,2,1,2,2,2,2,2,2,2,1,2,2,0,0,0
2008,12,99,1,121474,1,4,1,2,4,2,6,2,1,1,1,2,1,2,2,2,2,2,2,2,2,2,2,2,2,2,2,2,1,2,2,0,0,0
2008,12,33,1,121475,1,4,2,2,1,1,3,1,2,1,1,2,3,2,2,2,2,2,2,2,3,2,2,1,1,1,2,1,2,1,2,0,0,0
2008,12,11,1,121476,1,4,2,2,1,2,3,2,1,2,1,2,1,2,2,2,1,2,2,2,3,2,2,2,2,2,2,2,2,2,2,0,0,0
2008,12,101,1,121477,1,4,2,2,1,1,3,1,4,2,2,2,2,1,1,1,2,2,2,2,1,2,2,2,2,2,2,2,2,2,2,0,0,0
2008,12,91,1,121478,1,4,2,2,1,1,3,1,2,2,1,2,2,2,1,2,2,2,2,2,3,2,2,2,2,2,2,2,2,2,2,0,0,0
2008,12,17,1,121479,1,4,2,2,2,2,3,2,1,2,2,2,2,2,1,2,2,2,2,2,1,1,1,1,1,2,2,1,1,2,2,0,0,0
2008,12,57,1,121480,1,4,1,2,1,1,6,1,1,2,2,2,1,2,2,2,1,2,2,2,3,2,2,2,2,2,2,2,2,2,2,0,0,0
2008,12,109,1,121481,1,4,1,2,2,2,6,2,1,2,1,2,1,2,1,1,2,2,2,2,1,2,2,2,2,2,1,1,1,2,2,0,0,0
2008,12,11,1,121482,1,4,2,2,6,2,5,2,1,2,2,2,1,2,2,2,2,2,2,2,1,2,2,1,1,2,2,1,1,2,2,0,0,0
2008,12,11,1,121483,1,4,2,2,1,2,3,3,2,1,1,2,2,2,1,2,2,2,2,2,3,1,1,1,1,2,2,1,2,2,2,0,0,0
2008,12,57,1,121484,1,4,1,2,2,2,6,2,1,2,2,2,1,2,2,1,2,2,2,2,1,2,2,2,2,2,2,2,1,2,2,0,0,0
2008,12,33,1,121485,1,4,2,2,1,1,6,1,4,2,1,2,2,2,1,1,2,2,2,2,3,2,2,2,2,1,2,2,2,2,2,0,0,0
2008,12,57,1,121486,1,4,1,2,2,2,6,2,1,2,2,2,1,2,2,2,2,2,1,2,1,2,2,1,1,2,2,1,1,1,2,0,0,0
2008,12,57,1,121487,1,4,2,2,1,1,3,1,1,2,2,2,1,2,2,2,1,2,2,2,3,2,2,2,2,2,2,2,2,2,2,0,0,0
2008,12,9,1,121488,1,4,2,2,2,2,6,2,1,1,2,2,1,2,2,2,2,2,1,2,3,2,2,2,2,2,2,2,1,2,2,0,0,0
2008,12,111,1,121489,1,4,2,2,1,1,3,1,5,1,2,2,3,2,2,1,2,2,2,2,2,2,2,1,1,1,1,1,2,1,2,0,0,0
2008,12,99,1,121490,1,4,2,2,1,2,2,3,1,1,1,2,1,2,2,2,2,2,1,2,2,2,2,2,2,2,2,2,2,2,2,0,0,0
2008,12,99,1,121491,1,4,2,2,1,2,2,2,1,1,2,1,2,2,2,2,1,2,2,2,3,2,2,2,2,2,2,2,2,2,2,0,0,0
2008,12,86,1,121492,1,4,2,2,4,1,3,1,1,1,2,2,1,2,2,2,2,2,2,2,2,2,2,2,2,2,2,2,2,2,2,0,0,0
2008,12,99,1,121493,1,4,2,2,3,2,3,2,1,1,1,2,1,2,2,1,2,2,1,2,2,2,2,2,2,2,2,2,1,2,2,0,0,0
2008,12,11,2,121494,1,4,2,2,2,2,3,2,1,2,1,2,1,2,1,2,2,2,2,2,3,2,2,2,2,2,2,2,1,2,2,0,0,0
2008,12,99,1,121495,1,4,2,2,1,2,3,2,1,1,1,2,1,2,2,2,1,2,2,2,3,1,1,1,1,2,2,1,2,2,2,0,0,0
2008,12,117,1,121496,1,4,2,2,1,2,6,2,1,1,1,2,2,2,1,2,2,2,2,2,3,2,2,2,2,2,2,2,2,1,2,0,0,0
2008,12,5,1,121497,1,4,1,2,1,1,6,1,1,1,2,2,1,2,1,2,2,2,2,2,1,2,2,2,2,2,2,2,2,1,2,0,0,0
2008,12,127,1,121498,1,4,1,2,2,2,6,2,1,2,2,2,1,2,2,2,2,2,2,2,3,2,2,2,2,2,2,2,1,2,2,0,0,0
2008,12,86,1,121499,1,4,2,1,2,2,1,2,1,1,2,2,1,2,1,1,2,2,2,2,3,2,2,2,2,2,2,2,1,2,2,0,0,0
2008,12,9,1,121500,1,4,2,1,4,2,1,2,1,2,2,2,1,2,2,2,2,2,1,2,3,2,2,2,2,2,2,2,2,1,2,0,0,0
2008,12,86,1,121501,1,4,2,2,1,2,4,2,1,2,1,2,1,2,2,2,1,2,2,2,3,2,2,2,2,2,2,2,2,2,2,0,0,0
2008,12,9,1,121502,1,4,2,2,1,2,3,2,4,1,1,2,3,2,1,2,2,2,2,2,3,2,2,2,2,1,2,2,2,2,2,0,0,0
2008,12,86,1,121503,1,4,2,1,1,2,1,2,4,2,1,2,2,1,2,1,2,2,1,2,3,2,2,2,2,2,1,1,1,1,2,0,0,0
2008,12,86,1,121504,1,4,2,2,1,1,3,1,4,2,1,2,2,2,1,2,2,2,2,2,3,1,1,1,1,1,2,1,2,2,2,0,0,0
2008,12,86,1,121505,1,4,1,2,2,2,6,2,1,2,2,2,1,2,2,1,2,2,2,2,3,2,2,2,2,2,2,2,1,1,2,0,0,0
2008,12,86,1,121506,1,4,2,2,1,1,6,1,4,1,2,2,2,2,1,2,2,2,2,2,3,2,2,2,2,2,1,1,2,2,2,0,0,0
2008,12,31,1,121507,1,4,2,2,1,1,3,1,1,2,1,2,1,2,2,2,2,1,2,2,3,2,2,2,2,2,2,2,2,2,2,0,0,0
2008,12,107,1,121508,1,4,1,2,2,2,3,2,1,2,1,2,1,2,2,1,2,2,1,2,1,2,2,2,2,2,2,2,1,1,2,0,0,0
2008,12,86,2,121509,1,4,2,2,1,2,2,2,3,1,2,2,3,2,2,2,2,2,2,2,3,2,2,1,1,1,2,1,1,1,2,0,0,0
2008,12,109,1,121510,1,4,1,2,4,2,4,2,1,1,1,2,1,2,2,2,2,2,1,2,2,2,2,2,2,2,2,2,1,2,2,0,0,0
2008,12,49,1,121511,1,4,1,2,1,2,3,2,2,1,1,2,3,2,1,2,2,2,2,2,3,1,1,1,1,2,2,1,1,1,2,0,0,0
2008,12,86,1,121512,1,4,2,2,1,1,3,1,2,2,1,2,2,2,2,2,2,2,2,2,3,2,2,2,2,2,1,1,2,1,2,0,0,0
2008,12,111,1,121513,1,4,2,2,1,1,6,1,4,2,2,2,2,2,2,2,2,2,1,2,1,2,2,2,2,2,1,1,2,2,2,0,0,0
2008,12,86,1,121514,1,4,2,1,2,2,1,2,1,2,2,2,2,2,2,1,2,2,1,2,1,2,2,2,2,2,1,1,1,1,2,0,0,0
2008,12,41,1,121515,1,4,1,2,1,2,6,2,1,2,1,2,1,2,2,2,2,1,2,2,1,2,2,2,2,2,2,2,2,2,2,0,0,0
2008,12,65,1,121516,1,4,1,2,2,2,6,2,1,1,2,2,1,2,2,1,2,2,2,2,1,2,2,2,2,2,2,2,1,1,2,0,0,0
2008,12,121,1,121517,1,4,1,2,2,2,6,2,1,1,2,2,1,2,2,2,2,2,1,2,2,2,2,2,2,1,2,2,1,1,2,0,0,0
2008,12,45,1,121518,1,4,1,2,2,2,3,2,1,1,2,2,1,2,2,2,2,2,1,2,3,2,2,2,2,2,2,2,1,1,2,0,0,0
2008,12,15,1,121519,1,4,2,2,2,2,4,2,1,2,1,2,1,2,2,2,1,2,2,2,3,2,2,2,2,1,2,2,1,2,2,0,0,0
2008,12,101,1,121520,1,4,2,2,1,1,3,1,1,2,1,2,1,2,1,2,1,2,2,2,3,2,2,2,2,2,2,2,2,2,2,0,0,0
2008,12,83,1,121521,1,4,2,1,2,2,1,2,2,1,1,2,1,1,2,2,1,2,2,2,2,2,2,2,2,2,2,2,1,1,2,0,0,0
2008,12,103,1,121523,1,4,1,2,1,1,6,1,4,1,1,2,2,2,2,2,2,2,2,2,3,2,2,2,2,1,2,2,2,2,2,0,0,0
2008,12,57,1,121524,1,4,1,2,1,1,6,1,4,2,1,2,3,2,2,2,2,2,2,2,3,2,2,2,2,2,2,2,2,2,2,0,0,0
2008,12,81,1,121525,1,4,2,1,3,2,1,2,1,1,1,2,1,2,1,2,2,2,2,2,2,2,2,2,2,1,2,2,1,1,2,0,0,0
2008,12,81,1,121526,1,4,2,1,2,2,1,2,1,2,2,2,1,2,2,2,2,2,2,2,3,2,2,2,2,2,2,2,1,1,2,0,0,0
2008,12,113,2,121527,1,4,1,2,1,1,6,1,1,2,2,1,1,2,2,2,1,2,2,2,3,2,2,1,1,2,2,1,2,1,2,0,0,0
2008,12,39,1,121528,1,4,1,1,2,1,1,1,1,1,1,2,1,2,2,1,2,2,2,2,3,2,2,2,2,2,2,2,2,2,2,0,0,0
2008,12,21,1,121529,1,4,2,2,2,2,6,2,1,2,2,2,1,2,2,2,2,2,1,2,1,2,2,2,2,2,2,2,1,1,2,0,0,0
2008,12,86,1,121530,1,4,2,2,2,2,6,3,1,1,2,2,1,2,2,2,2,2,2,2,3,2,2,2,2,2,2,2,1,1,2,0,0,0
2008,12,105,1,121531,1,4,2,2,1,1,3,1,4,1,2,2,2,2,2,2,2,2,2,2,3,2,2,2,2,1,2,2,2,2,2,0,0,0
2008,12,11,1,121532,1,4,2,2,1,1,6,1,4,1,1,2,2,2,1,2,2,2,2,2,3,2,2,2,2,2,2,2,2,2,2,0,0,0
2008,12,86,1,121533,1,4,1,2,4,2,6,2,1,1,2,2,1,2,2,2,1,2,2,2,3,2,2,2,2,2,2,2,1,1,2,0,0,0
2008,12,31,1,121534,1,4,2,2,1,2,2,2,1,2,1,2,1,2,2,2,1,2,2,2,3,1,1,1,1,2,2,1,2,2,2,0,0,0
2008,12,131,1,121535,1,4,1,2,1,2,3,2,2,1,1,2,2,1,2,2,2,2,2,2,3,2,2,2,2,1,2,2,2,1,2,0,0,0
2008,12,95,2,121536,1,4,1,2,2,2,3,2,1,2,2,2,1,2,2,2,2,2,2,2,1,2,2,2,2,2,2,2,1,1,2,0,0,0
2008,12,69,1,121537,1,4,2,2,1,2,3,2,4,1,1,2,2,2,1,2,2,2,2,2,2,2,2,2,2,2,1,1,2,2,2,0,0,0
2008,12,15,1,121538,1,4,1,2,1,1,6,1,1,2,2,1,1,2,2,2,1,2,2,2,3,2,2,2,2,2,2,2,2,2,2,0,0,0
2008,12,89,1,121539,1,4,2,2,1,2,4,2,1,2,1,2,1,2,2,2,1,2,2,2,3,2,2,2,2,2,2,2,2,2,2,0,0,0
2008,12,85,1,121540,1,4,2,2,2,2,3,2,1,1,2,2,1,2,2,2,2,2,1,2,2,2,2,2,2,2,2,2,1,1,2,0,0,0
2008,12,21,1,121541,1,4,1,2,1,1,6,1,1,1,1,2,1,2,2,2,2,1,2,2,3,2,2,2,2,2,2,2,2,2,2,0,0,0
2008,12,101,1,121542,1,4,2,2,1,1,3,1,2,1,1,2,2,2,1,2,2,2,2,2,3,2,2,2,2,2,2,2,2,2,2,0,0,0
2008,12,91,1,121543,1,4,2,2,1,2,3,2,1,2,2,2,1,2,2,2,1,2,2,2,2,2,2,2,2,2,2,2,2,2,2,0,0,0
2008,12,33,1,121544,1,4,1,2,2,2,6,2,1,2,2,2,1,2,2,2,2,2,1,2,1,2,2,2,2,2,2,2,1,1,2,0,0,0
2008,12,111,1,121545,1,4,2,1,3,2,1,2,1,2,2,2,1,2,2,2,2,2,1,2,1,2,2,2,2,2,2,2,1,2,2,0,0,0
2008,12,105,1,121546,1,4,2,2,1,2,4,2,1,2,2,2,1,2,2,2,2,2,1,2,1,2,2,2,2,2,2,2,1,1,2,0,0,0
2008,12,95,1,121547,1,4,1,2,1,1,6,1,4,1,1,2,2,2,2,2,2,2,2,2,3,2,2,2,2,1,2,2,2,2,2,0,0,0
2008,12,89,1,121548,1,4,2,2,2,1,4,1,1,2,2,2,1,2,2,2,2,2,1,2,1,2,2,2,2,2,2,2,2,1,2,0,0,0
2008,12,61,1,121549,1,4,1,2,2,2,6,2,1,1,1,2,1,2,2,1,2,2,2,2,2,2,2,2,2,2,2,2,1,2,2,0,0,0
2008,12,31,1,121550,1,4,2,2,2,2,4,2,1,2,1,2,2,2,2,2,2,2,2,2,3,1,1,1,1,2,2,1,1,2,2,0,0,0
2008,12,99,2,121551,1,4,2,1,1,2,1,2,2,2,1,2,2,2,2,1,2,2,1,2,1,1,1,1,1,2,2,1,2,1,2,0,0,0
2008,12,1,1,121552,1,4,1,2,1,2,4,2,4,1,1,2,2,1,2,2,2,2,2,2,3,2,2,2,2,2,2,2,1,2,2,0,0,0
2008,12,31,1,121554,1,4,2,1,2,2,1,2,1,1,1,2,1,2,2,2,2,2,2,2,2,2,2,2,2,2,2,2,1,1,2,0,0,0
2008,12,11,1,121555,1,4,2,1,1,2,1,2,2,2,1,2,2,2,2,2,2,2,2,2,1,2,2,2,2,2,2,2,2,1,2,0,0,0
2008,12,11,1,121556,1,4,2,1,1,2,1,2,2,2,2,2,2,2,1,1,2,2,2,2,3,2,2,2,2,2,1,1,2,2,2,0,0,0
2008,12,11,1,121557,1,4,2,2,1,2,3,2,1,2,1,2,1,2,1,2,2,2,2,2,1,2,2,2,2,2,2,2,1,2,2,0,0,0
2008,12,83,1,121558,1,4,1,2,1,2,6,2,1,2,1,1,1,2,2,2,2,1,2,2,3,2,2,2,2,2,2,2,2,2,2,0,0,0
2008,12,123,2,121559,1,4,1,2,1,2,3,2,3,2,1,2,2,2,2,2,2,2,2,2,1,2,2,2,2,1,2,2,2,2,2,0,0,0
2008,12,15,1,121560,1,4,1,2,1,1,6,1,2,1,1,2,3,2,2,2,2,2,2,2,3,2,2,2,2,1,2,2,2,1,2,0,0,0
2008,12,1,1,121561,1,4,1,2,2,2,6,2,1,2,2,2,1,2,2,1,2,2,2,2,1,2,2,2,2,2,2,2,1,1,2,0,0,0
2008,12,39,1,121562,1,4,1,1,1,2,1,2,1,2,2,2,2,1,2,2,1,2,2,2,3,2,2,2,2,2,1,1,2,2,2,0,0,0
2008,12,89,1,121563,1,4,1,2,2,2,3,2,1,2,1,2,1,2,2,2,2,2,2,2,2,2,2,2,2,2,1,1,1,1,2,0,0,0
2008,12,83,1,121564,1,4,2,2,1,1,3,1,1,1,1,2,1,2,2,2,1,2,2,2,3,1,1,1,1,2,2,1,2,2,2,0,0,0
2008,12,71,1,121565,1,4,2,2,4,1,3,1,1,2,1,2,1,2,2,1,2,2,2,1,2,2,2,2,2,2,1,1,2,1,2,0,0,0
2008,12,11,1,121566,1,4,2,1,1,2,1,2,1,2,1,2,1,2,2,2,1,2,2,2,3,2,2,2,2,2,2,2,2,2,2,0,0,0
2008,12,57,1,121567,1,4,2,2,1,1,6,1,4,2,1,2,2,2,2,2,2,2,2,2,3,1,1,1,1,2,2,1,2,2,2,0,0,0
2008,12,95,1,121568,1,4,1,2,1,2,6,2,1,2,1,2,1,2,2,2,1,2,2,2,3,2,2,2,2,2,1,1,2,2,2,0,0,0
2008,12,89,2,121570,1,4,1,2,4,2,6,2,1,1,2,2,1,2,2,2,2,2,1,2,3,1,1,1,1,2,2,1,1,1,2,0,0,0
2008,12,31,1,121571,1,4,2,2,3,2,6,2,1,2,2,2,1,2,2,2,2,2,2,2,1,2,2,2,2,2,1,1,1,1,2,0,0,0
2008,12,63,1,121572,1,4,1,2,2,2,3,2,1,1,1,2,1,2,2,2,2,2,1,2,1,2,2,2,2,2,2,2,1,1,2,0,0,0
2008,12,53,1,121573,1,4,2,2,1,1,4,1,2,1,1,2,2,1,2,2,2,2,2,2,3,2,2,2,2,2,2,2,2,1,2,0,0,0
2008,12,119,1,121574,1,4,1,1,1,2,1,2,2,2,1,2,2,1,2,2,2,2,1,2,3,2,2,2,2,2,1,1,2,1,2,0,0,0
2008,12,53,1,121575,1,4,1,2,2,2,6,2,1,2,2,2,1,2,1,2,2,2,2,2,1,2,2,2,2,2,2,2,1,1,2,0,0,0
2008,12,7,1,121576,1,4,2,2,4,2,3,3,1,1,1,2,1,2,2,2,2,2,1,2,3,2,2,2,2,1,2,2,1,2,2,0,0,0
2008,12,11,1,121577,1,4,2,2,1,2,5,2,4,2,2,2,2,2,2,2,2,2,2,2,1,2,2,2,2,2,1,1,1,2,2,0,0,0
2008,12,11,1,121578,1,4,2,2,1,2,3,2,3,1,1,2,3,2,2,2,2,2,2,2,3,2,2,2,2,2,2,2,1,1,2,0,0,0
2008,12,35,1,121579,1,4,1,2,1,1,3,1,4,2,1,2,2,2,2,2,2,2,2,2,3,2,2,2,2,1,2,2,2,2,2,0,0,0
2008,12,33,1,121580,1,4,2,2,2,2,6,2,1,2,1,2,1,2,2,2,2,2,2,2,1,2,2,2,2,2,1,1,1,1,2,0,0,0
2008,12,49,1,121581,1,4,1,2,2,2,6,2,1,1,1,2,1,2,2,2,2,2,1,2,3,2,2,1,1,2,2,1,1,1,2,0,0,0
2008,12,127,1,121582,1,4,1,1,3,2,1,2,1,1,1,2,1,2,1,2,2,2,2,2,3,2,2,2,2,2,1,1,1,2,2,0,0,0
2008,12,101,1,121583,1,4,1,2,4,2,6,2,1,2,2,2,1,2,2,2,2,2,1,2,1,2,2,2,2,2,2,2,1,1,2,0,0,0
2008,12,57,1,121584,1,4,2,2,1,1,4,1,4,2,1,2,2,1,2,2,2,2,2,2,1,2,2,2,2,2,1,1,2,2,2,0,0,0
2008,12,111,1,121585,1,4,1,3,1,1,7,1,1,2,2,2,1,2,1,2,1,2,2,2,3,2,2,2,2,2,2,2,2,2,2,0,0,0
2008,12,105,1,121586,1,4,1,2,1,1,6,1,4,1,2,2,2,2,2,2,2,2,1,2,3,2,2,2,2,2,2,2,2,2,2,0,0,0
2008,12,86,1,121587,1,4,2,2,4,2,6,2,1,2,1,2,1,2,2,1,2,2,1,2,1,2,2,2,2,2,2,2,1,1,2,0,0,0
2008,12,33,1,121588,1,4,2,2,1,1,4,1,2,1,1,2,2,2,1,1,2,2,2,2,2,2,2,2,2,2,1,1,2,1,2,0,0,0
2008,12,86,1,121589,1,4,2,2,1,1,4,1,1,2,2,2,1,1,2,2,1,2,2,2,3,2,2,2,2,2,2,2,2,2,2,0,0,0
2008,12,99,1,121590,1,4,2,2,1,1,2,1,2,1,1,2,3,2,2,2,2,2,2,2,3,2,2,2,2,1,2,2,2,2,2,0,0,0
2008,12,57,1,121591,1,4,2,2,1,1,3,1,4,2,2,2,2,2,2,2,2,2,1,2,3,2,2,2,2,2,1,1,2,2,2,0,0,0
2008,12,86,1,121592,1,4,1,2,1,2,6,2,1,2,2,2,1,2,2,2,2,1,2,2,3,2,2,2,2,1,2,2,2,2,2,0,0,0
2008,12,11,1,121593,1,4,2,2,2,2,4,2,1,2,1,2,1,2,2,2,2,2,2,2,1,2,2,2,2,2,2,2,1,2,2,0,0,0
2008,12,117,1,121594,1,4,2,1,3,2,1,2,1,2,1,2,2,1,2,2,2,2,1,2,3,2,2,2,2,2,2,2,1,1,2,0,0,0
2008,12,86,1,121595,1,4,2,1,1,2,1,2,3,2,1,2,2,2,2,2,2,2,2,2,1,2,2,2,2,2,2,2,2,2,2,0,0,0
2008,12,17,1,121596,1,4,1,2,3,1,6,1,1,2,1,2,1,2,2,1,2,2,2,2,1,2,2,2,2,2,1,1,2,1,2,0,0,0
2008,12,86,1,121597,1,4,2,2,1,1,3,1,1,2,1,2,1,2,2,2,1,2,2,2,3,2,2,2,2,1,2,2,2,2,2,0,0,0
2008,12,86,1,121598,1,4,2,2,1,2,6,2,5,1,1,2,2,2,2,2,2,2,2,2,1,2,2,2,2,1,2,2,2,1,2,0,0,0
2008,12,101,1,121599,1,4,2,2,1,2,3,3,4,1,1,2,2,2,2,2,2,2,2,2,3,2,2,2,2,2,2,2,2,2,2,0,0,0
2008,12,86,1,121600,1,4,2,2,1,2,6,2,4,2,2,2,2,2,1,2,2,2,2,2,3,2,2,2,2,2,1,1,2,2,2,0,0,0
2008,12,71,1,121602,1,4,2,2,4,2,6,2,1,2,2,2,1,2,2,2,2,2,1,2,1,2,2,2,2,2,2,2,1,2,2,0,0,0
2008,12,97,1,121604,1,4,2,2,1,2,6,2,3,1,2,2,2,2,2,2,2,2,2,2,3,2,2,2,2,2,1,1,1,2,2,0,0,0
2008,12,57,1,121605,1,4,2,2,1,1,3,1,2,2,2,2,2,2,1,2,2,2,2,2,3,2,2,2,2,2,2,2,2,2,2,0,0,0
2008,12,17,1,121606,1,4,1,2,2,2,6,2,1,2,1,2,1,2,2,1,2,2,1,2,3,2,2,2,2,2,1,1,1,2,2,0,0,0
2008,12,69,1,121607,1,4,1,2,4,1,6,1,1,2,2,1,1,2,2,2,1,2,2,2,2,2,2,2,2,2,2,2,2,2,2,0,0,0
2008,12,105,1,121608,1,4,1,2,4,2,6,2,1,2,2,2,1,2,2,1,2,2,2,1,3,2,2,2,2,2,2,2,1,2,2,0,0,0
2008,12,101,1,121609,1,4,2,2,1,1,3,1,4,1,1,2,2,2,2,2,2,2,2,2,3,2,2,2,2,1,2,2,2,2,2,0,0,0
2008,12,81,1,121610,1,4,1,2,2,2,6,2,1,2,2,2,1,2,2,2,2,2,2,2,3,2,2,2,2,2,2,2,1,1,2,0,0,0
2008,12,127,1,121611,1,4,2,2,4,2,3,2,1,2,2,2,1,2,2,1,2,2,1,2,1,2,2,2,2,2,2,2,1,2,2,0,0,0
2008,12,93,1,121612,1,4,1,2,2,2,6,2,1,2,2,2,1,2,2,1,2,2,1,2,1,2,2,2,2,2,1,1,1,2,2,0,0,0
2008,12,31,1,121613,1,4,2,2,2,2,6,2,1,1,1,2,1,2,2,2,2,2,1,2,1,2,2,2,2,2,2,2,1,1,2,0,0,0
2008,12,95,1,121614,1,4,1,2,3,2,6,2,1,1,1,2,3,2,2,2,2,2,2,2,3,2,2,2,2,2,2,2,1,2,2,0,0,0
2008,12,105,1,121615,1,4,2,2,2,2,3,2,1,1,1,2,1,2,2,2,2,2,2,2,3,2,2,2,2,2,1,1,1,1,2,0,0,0
2008,12,95,1,121616,1,4,2,2,1,2,2,2,4,2,1,2,2,2,2,2,2,2,2,2,3,2,2,2,2,2,2,2,1,1,2,0,0,0
2008,12,23,1,121617,1,4,1,1,2,2,1,2,1,1,1,2,1,2,2,2,2,2,1,2,2,2,2,2,2,2,2,2,1,1,2,0,0,0
2008,12,86,1,121618,1,4,2,2,1,1,3,1,4,1,2,2,2,2,2,2,2,2,2,2,3,2,2,2,2,2,2,2,2,2,2,0,0,0
2008,12,101,1,121619,1,4,2,2,4,2,6,2,2,1,1,2,1,2,2,2,1,2,2,2,3,2,2,2,2,1,2,2,2,1,2,0,0,0
2008,12,27,1,121620,1,4,1,2,4,2,3,2,2,1,1,2,1,1,2,2,1,2,2,2,3,2,2,2,2,2,2,2,2,2,2,0,0,0
2008,12,105,1,121621,1,4,2,2,1,1,3,1,1,2,2,1,1,2,2,2,1,2,2,2,3,2,2,2,2,2,2,2,2,2,2,0,0,0
2008,12,103,1,121622,1,4,2,2,1,1,4,1,4,2,2,2,2,2,2,2,2,2,2,2,3,1,1,1,1,2,2,1,2,2,2,0,0,0
2008,12,57,1,121623,1,4,2,2,1,1,3,1,4,2,2,2,2,2,2,2,2,2,1,2,3,2,2,2,2,1,1,1,2,2,2,0,0,0
2008,12,95,1,121624,1,4,2,2,3,2,2,2,1,2,2,2,1,2,2,2,2,2,1,2,2,2,2,2,2,2,2,2,2,1,2,0,0,0
2008,12,35,1,121625,1,4,1,2,2,2,3,2,1,2,2,2,1,2,1,2,2,2,2,2,1,2,2,2,2,2,2,2,1,1,2,0,0,0
2008,12,23,1,121626,1,4,1,2,2,2,6,2,1,2,2,2,1,2,2,1,2,2,1,2,1,2,2,2,2,2,1,1,1,1,2,0,0,0
2008,12,83,1,121627,1,4,1,2,1,2,6,2,1,2,2,1,1,2,2,2,1,2,2,2,3,2,2,2,2,2,2,2,2,2,2,0,0,0
2008,12,53,1,121628,1,4,1,2,2,2,3,2,4,2,1,2,2,2,2,2,2,2,2,2,3,1,1,1,1,2,2,1,1,2,2,0,0,0
2008,12,31,1,121629,1,4,2,2,1,2,6,2,1,2,1,2,2,2,2,2,2,2,2,2,3,2,2,2,2,2,1,1,2,2,2,0,0,0
2008,12,85,1,121631,1,4,1,2,2,2,4,2,1,1,1,2,2,1,2,2,2,2,2,2,3,1,1,1,1,2,2,1,1,1,2,0,0,0
2008,12,127,1,121632,1,4,2,2,1,1,3,1,4,1,1,2,2,2,2,2,2,2,2,2,3,2,2,2,2,2,1,1,2,2,2,0,0,0
2008,12,57,2,121633,1,4,2,2,2,2,2,2,1,2,2,2,1,2,2,1,2,2,1,2,1,2,2,2,2,2,1,1,1,2,2,0,0,0
2008,12,99,1,121634,1,4,2,2,1,2,3,2,1,1,1,2,1,2,2,2,1,2,2,2,3,2,2,2,2,1,2,2,2,2,2,0,0,0
2008,12,73,1,121635,1,4,1,3,1,1,7,1,1,1,1,2,3,1,2,2,2,2,1,2,3,2,2,2,2,2,1,1,2,2,2,0,0,0
2008,12,17,1,121636,1,4,1,2,1,2,6,2,4,1,2,2,2,2,1,2,2,2,2,2,3,2,2,2,2,2,2,2,1,1,2,0,0,0
2008,12,86,1,121637,1,4,2,2,1,2,2,2,2,1,2,2,2,2,1,2,2,2,2,2,3,1,1,1,1,2,2,1,2,1,2,0,0,0
2008,12,95,2,121639,1,4,1,2,2,2,6,2,1,2,2,2,1,2,2,1,2,2,2,2,1,2,2,2,2,2,1,1,1,2,2,0,0,0
2008,12,69,1,121640,1,4,2,2,1,1,6,1,4,1,1,2,2,2,1,2,2,2,2,2,2,2,2,1,1,2,1,1,2,2,2,0,0,0
2008,12,9,1,121641,1,4,2,2,1,2,3,2,1,2,1,2,1,2,1,2,1,2,2,2,3,2,2,2,2,2,2,2,2,2,2,0,0,0
2008,12,101,1,121642,1,4,2,2,1,2,3,2,1,2,1,2,1,2,2,2,1,2,2,2,3,2,2,2,2,2,2,2,2,2,2,0,0,0
2008,12,97,1,121643,1,4,1,2,2,2,6,2,1,1,1,2,1,2,2,2,2,2,2,2,3,2,2,2,2,1,2,2,1,2,2,0,0,0
2008,12,53,1,121644,1,4,1,2,1,2,6,2,1,1,1,2,1,2,2,2,1,2,2,2,2,2,2,2,2,2,2,2,2,2,2,0,0,0
2008,12,133,1,121645,1,4,1,2,2,2,6,2,1,2,1,2,1,2,2,2,2,2,2,2,1,2,2,2,2,2,2,2,1,1,2,0,0,0
2008,12,99,1,121646,1,4,2,1,2,2,1,2,1,2,1,2,1,2,2,1,2,2,1,2,1,2,2,2,2,2,2,2,1,1,2,0,0,0
2008,12,57,1,121647,1,4,2,2,1,2,2,2,3,1,1,2,3,2,2,2,2,2,2,2,1,2,2,2,2,2,1,1,2,1,2,0,0,0
2008,12,33,1,121648,1,4,2,2,2,2,4,2,1,2,1,2,1,2,1,1,2,2,2,2,2,2,2,2,2,2,1,1,1,1,2,0,0,0
2008,12,9,1,121649,1,4,1,2,1,2,6,2,1,2,1,2,1,2,2,2,1,2,2,2,3,2,2,2,2,2,2,2,2,2,2,0,0,0
2008,12,41,1,121650,1,4,1,2,1,2,4,2,3,1,1,2,2,1,2,2,2,2,2,2,3,2,2,2,2,2,2,2,1,2,2,0,0,0
2008,12,33,2,121651,1,4,2,2,2,2,3,2,1,2,1,2,1,2,2,1,2,2,1,2,1,2,2,2,2,2,1,1,1,1,2,0,0,0
2008,12,85,1,121652,1,4,1,2,1,2,6,2,3,2,1,2,2,2,2,2,2,2,2,2,3,2,2,2,2,1,2,2,1,1,2,0,0,0
2008,12,115,1,121653,1,4,2,1,1,2,1,2,2,2,1,2,2,2,1,2,2,2,2,2,3,1,1,1,1,2,2,1,2,1,2,0,0,0
2008,12,21,1,121654,1,4,1,2,1,1,6,1,4,2,1,2,2,2,1,2,2,2,2,2,3,1,1,1,1,2,2,1,2,2,2,0,0,0
2008,12,17,2,121655,1,4,1,2,1,1,6,1,4,2,2,2,2,2,2,2,2,2,2,2,1,2,2,2,2,2,2,2,2,2,2,0,0,0
2008,12,109,1,121656,1,4,2,2,1,1,3,1,1,2,2,2,2,2,1,2,2,2,2,2,3,1,1,1,1,2,2,1,2,2,2,0,0,0
2008,12,1,1,121657,1,4,1,2,2,2,6,2,1,1,2,2,1,2,1,2,2,2,2,2,1,2,2,2,2,2,2,2,1,1,2,0,0,0
2008,12,101,1,121658,1,4,2,2,1,2,3,2,1,2,2,2,1,2,2,2,1,2,2,2,3,2,2,2,2,2,1,1,2,2,2,0,0,0
2008,12,99,1,121659,1,4,2,2,1,1,3,1,2,2,2,2,3,2,2,2,2,2,2,2,1,1,1,1,1,1,2,1,2,1,2,0,0,0
2008,12,113,1,121660,1,4,2,2,2,2,6,2,1,2,2,2,1,2,2,1,2,2,1,2,1,2,2,2,2,1,2,2,1,1,2,0,0,0
2008,12,87,1,121661,1,4,2,2,1,2,3,3,4,1,2,2,2,2,1,2,2,2,2,2,2,2,2,2,2,2,2,2,2,2,2,0,0,0
2008,12,133,1,121662,1,4,2,2,2,2,6,2,1,2,2,2,1,2,2,2,2,2,2,2,1,2,2,2,2,2,2,2,1,1,2,0,0,0
2008,12,109,1,121663,1,4,1,1,2,2,1,2,1,2,1,2,1,2,2,1,2,2,1,2,3,2,2,2,2,2,2,2,1,1,2,0,0,0
2008,12,9,1,121664,1,4,1,1,1,2,1,2,2,2,1,2,2,1,2,2,2,2,2,2,3,2,2,2,2,2,2,2,2,1,2,0,0,0
2008,12,33,2,121665,1,4,2,2,1,2,3,2,3,2,2,2,2,2,2,2,2,2,1,2,1,2,2,1,1,2,2,1,1,2,2,0,0,0
2008,12,23,1,121666,1,4,1,2,1,2,4,2,1,2,2,2,1,2,2,2,1,2,2,2,1,2,2,2,2,2,2,2,2,1,2,0,0,0
2008,12,87,1,121667,1,4,1,2,2,2,3,2,1,1,1,2,1,2,2,2,2,2,1,2,1,2,2,2,2,2,2,2,1,1,2,0,0,0
2008,12,81,1,121668,1,4,2,2,1,2,3,2,1,2,2,1,1,2,2,2,2,1,2,2,3,2,2,2,2,2,2,2,2,2,2,0,0,0
2008,12,57,1,121669,1,4,2,1,1,2,1,2,2,2,2,2,2,2,1,1,2,2,1,2,2,2,2,2,2,2,1,1,2,2,2,0,0,0
2008,12,35,1,121670,1,4,1,2,3,2,3,2,1,1,1,2,1,2,2,1,2,2,1,2,2,2,2,2,2,2,2,2,1,2,2,0,0,0
2008,12,105,1,121671,1,4,2,2,1,2,3,2,2,2,1,2,2,1,2,2,2,2,2,2,3,2,2,2,2,2,2,2,2,1,2,0,0,0
2008,12,127,1,121672,1,4,2,2,2,1,6,1,1,2,2,2,1,2,2,2,2,2,2,2,3,2,2,2,2,2,2,2,2,1,2,0,0,0
2008,12,115,1,121673,1,4,2,2,2,2,3,3,1,2,1,2,1,2,2,2,2,2,1,2,3,2,2,2,2,2,2,2,1,2,2,0,0,0
2008,12,11,1,121674,1,4,2,2,2,1,4,1,1,2,1,2,1,2,2,2,2,2,2,2,3,2,2,2,2,2,2,2,2,2,2,0,0,0
2008,12,105,2,121675,1,4,2,2,1,2,6,2,3,2,1,2,2,2,2,1,2,2,2,2,1,2,2,2,2,1,2,2,1,2,2,0,0,0
2008,12,86,1,121676,1,4,2,2,1,2,6,2,4,2,2,2,2,1,2,2,2,2,2,2,3,2,2,2,2,2,1,1,1,2,2,0,0,0
2008,12,86,1,121677,1,4,2,2,2,2,6,2,1,1,1,2,1,2,2,2,2,2,2,2,2,2,2,2,2,2,2,2,1,1,2,0,0,0
2008,12,5,1,121678,1,4,1,2,4,2,3,2,1,2,1,2,1,2,1,2,2,2,2,2,2,2,2,1,1,2,2,1,1,1,2,0,0,0
2008,12,11,1,121679,1,4,2,2,1,1,6,1,1,1,1,2,1,2,2,2,1,2,2,2,3,2,2,2,2,2,2,2,2,2,2,0,0,0
2008,12,86,1,121680,1,4,1,2,3,2,6,2,1,2,1,2,1,2,1,2,2,2,2,2,3,1,1,1,1,2,2,1,1,1,2,0,0,0
2008,12,97,1,121681,1,4,2,2,1,1,3,1,1,1,1,2,1,2,2,2,1,2,2,2,2,2,2,2,2,2,2,2,2,2,2,0,0,0
2008,12,21,1,121682,1,4,2,2,2,1,6,1,1,2,1,2,1,2,1,2,2,2,2,2,1,2,2,2,2,2,2,2,2,2,2,0,0,0
2008,12,11,1,121683,1,4,2,2,3,2,4,2,1,2,1,2,1,2,2,2,2,2,1,2,3,2,2,2,2,2,1,1,1,2,2,0,0,0
2008,12,29,1,121684,1,4,1,2,1,2,4,2,1,2,2,1,1,2,2,2,1,2,2,2,3,2,2,2,2,2,2,2,2,2,2,0,0,0
2008,12,9,1,121685,1,4,2,2,2,2,3,2,1,2,2,2,1,2,2,2,2,2,2,2,1,2,2,2,2,2,2,2,1,1,2,0,0,0
2008,12,86,1,121686,1,4,2,2,2,2,2,2,1,1,1,2,1,2,2,2,2,2,2,2,3,2,2,1,1,2,2,1,1,2,2,0,0,0
2008,12,95,1,121687,1,4,2,2,1,2,6,2,4,3,3,2,2,2,1,1,2,2,2,2,1,2,2,2,2,2,1,1,2,2,2,0,0,0
2008,12,73,1,121688,1,4,2,2,1,1,4,1,1,1,1,2,1,1,2,2,2,1,2,2,3,2,2,2,2,2,2,2,2,2,2,0,0,0
2008,12,103,2,121689,1,4,2,2,1,1,6,1,4,2,1,1,2,2,1,2,2,2,2,2,1,2,2,2,2,2,2,2,2,2,2,0,0,0
2008,12,99,1,121690,1,4,2,2,1,2,4,2,1,2,2,1,1,2,2,2,2,1,2,2,2,2,2,2,2,2,2,2,2,1,2,0,0,0
2008,12,105,1,121691,1,4,2,2,1,2,2,2,5,1,1,2,3,1,2,2,2,2,2,2,1,2,2,2,2,2,2,2,2,1,2,0,0,0
2008,12,11,1,121692,1,4,2,2,1,1,3,1,4,1,1,2,2,2,2,1,2,2,2,2,3,2,2,1,1,1,2,1,2,2,2,0,0,0
2008,12,31,1,121693,1,4,2,2,1,1,4,1,4,2,2,2,2,2,2,2,2,2,2,2,2,2,2,1,1,2,2,1,2,2,2,0,0,0
2008,12,101,1,121694,1,4,1,2,2,2,6,2,1,2,2,2,1,2,2,1,2,2,1,2,3,2,2,2,2,2,2,2,1,1,2,0,0,0
2008,12,11,1,121695,1,4,2,2,1,2,4,2,3,2,2,2,2,2,2,2,2,2,2,2,1,2,2,1,1,2,2,1,2,2,2,0,0,0
2008,12,11,2,121696,1,4,2,2,1,1,5,1,4,2,1,2,3,2,2,2,2,2,2,2,3,2,2,2,2,2,2,2,2,2,2,0,0,0
2008,12,57,1,121697,1,4,2,1,1,1,1,1,2,2,2,1,3,1,1,1,2,2,2,2,1,2,2,2,2,2,2,2,2,2,2,0,0,0
2008,12,86,1,121698,1,4,2,2,1,1,3,1,4,2,1,2,2,1,2,2,2,2,1,2,1,2,2,2,2,2,2,2,2,2,2,0,0,0
2008,12,83,1,121699,1,4,2,2,1,2,3,2,1,2,1,2,1,2,2,2,2,1,2,2,3,2,2,2,2,2,2,2,2,2,2,0,0,0
2008,12,11,1,121700,1,4,2,2,1,1,6,1,7,1,1,2,2,2,1,2,2,2,2,2,3,2,2,2,2,1,1,1,2,2,2,0,0,0
2008,12,109,1,121701,1,4,2,2,2,2,4,2,1,2,2,1,1,2,2,2,1,2,2,2,1,2,2,2,2,2,2,2,2,2,2,0,0,0
2008,12,86,1,121702,1,4,2,2,1,1,4,1,4,2,2,2,2,2,1,2,2,2,2,2,3,2,2,1,1,2,2,1,2,2,2,0,0,0
2008,12,31,1,121703,1,4,2,2,1,1,3,1,4,2,2,2,3,2,2,2,2,2,2,2,3,1,1,1,1,2,1,1,2,2,2,0,0,0
2008,12,111,1,121704,1,4,1,2,1,2,3,2,1,2,2,2,1,2,2,2,2,2,1,2,2,2,2,2,2,2,2,2,2,2,2,0,0,0
2008,12,9,1,121705,1,4,2,2,1,2,2,2,1,1,2,2,1,2,2,2,2,2,1,2,3,1,1,1,1,2,2,1,2,2,2,0,0,0
2008,12,11,1,121706,1,4,2,2,4,1,3,1,4,2,2,2,1,2,2,2,2,2,2,2,3,2,2,2,2,2,2,2,2,2,2,0,0,0
2008,12,86,1,121707,1,4,2,2,1,2,2,2,5,1,2,2,2,2,2,2,2,2,1,2,1,2,2,2,2,2,2,2,2,1,2,0,0,0
2008,12,99,1,121708,1,4,2,2,1,2,3,2,1,2,2,2,1,2,2,2,1,2,2,2,3,2,2,2,2,2,2,2,2,2,2,0,0,0
2008,12,86,1,121709,1,4,1,2,1,2,6,2,1,2,2,2,2,2,1,2,2,2,2,2,1,2,2,2,2,2,2,2,2,1,2,0,0,0
2008,12,11,1,121710,1,4,1,1,2,2,1,2,1,2,1,2,1,1,2,2,2,2,1,2,2,2,2,2,2,2,2,2,1,1,2,0,0,0
2008,12,57,1,121711,1,4,2,2,1,1,6,1,1,2,1,2,1,2,2,2,1,2,2,2,3,2,2,2,2,1,2,2,2,2,2,0,0,0
2008,12,11,1,121712,1,4,2,1,2,2,1,2,1,2,1,2,1,2,1,1,2,2,2,2,2,2,2,1,1,2,2,1,1,2,2,0,0,0
2008,12,86,1,121713,1,4,1,2,1,2,6,2,1,2,1,1,1,2,2,2,1,2,2,2,3,2,2,2,2,2,2,2,2,2,2,0,0,0
2008,12,99,1,121714,1,4,2,2,2,2,4,2,1,2,2,2,1,2,2,2,1,2,2,2,3,2,2,2,2,2,2,2,2,1,2,0,0,0
2008,12,11,1,121715,1,4,2,2,2,2,6,2,1,2,2,2,1,2,2,2,2,2,2,2,3,2,2,2,2,2,2,2,1,2,2,0,0,0
2008,12,99,2,121716,1,4,2,2,3,2,2,2,1,2,2,2,1,2,2,2,2,2,2,2,1,2,2,2,2,2,2,2,1,1,2,0,0,0
2008,12,57,1,121717,1,4,2,2,1,2,3,2,1,1,2,2,1,2,2,2,1,2,2,2,3,2,2,2,2,2,2,2,2,2,2,0,0,0
2008,12,105,1,121718,1,4,2,2,1,2,3,2,1,2,2,2,1,2,2,2,1,2,2,2,3,2,2,2,2,2,2,2,2,2,2,0,0,0
2008,12,69,1,121719,1,4,2,2,1,1,3,1,4,1,2,2,3,1,2,2,2,2,2,2,3,2,2,2,2,1,2,2,2,2,2,0,0,0
2008,12,103,1,121720,1,4,2,2,1,1,3,1,1,2,1,2,1,2,2,2,1,2,2,2,3,2,2,2,2,2,2,2,2,2,2,0,0,0
2008,12,61,1,121721,1,4,1,2,1,2,3,2,1,2,1,2,1,2,2,2,2,2,2,2,2,2,2,2,2,2,1,1,2,2,2,0,0,0
2008,12,127,1,121722,1,4,2,2,1,1,3,1,4,2,1,2,2,2,2,2,2,2,2,2,3,2,2,2,2,2,2,2,2,2,2,0,0,0
2008,12,127,1,121723,1,4,2,2,1,2,3,2,3,2,1,2,2,2,1,2,2,2,2,2,3,2,2,2,2,2,1,1,2,2,2,0,0,0
2008,12,35,1,121724,1,4,2,2,2,2,3,2,1,1,1,2,1,2,2,2,1,2,2,2,3,2,2,2,2,2,2,2,1,1,2,0,0,0
2008,12,99,1,121725,1,4,2,2,1,2,3,2,1,1,1,2,1,2,2,2,1,2,2,2,3,2,2,2,2,2,2,2,2,2,2,0,0,0
2008,12,31,1,121726,1,4,2,2,1,2,4,2,5,1,1,2,2,2,2,2,2,2,2,2,3,2,2,2,2,2,2,2,2,2,2,0,0,0
2008,12,105,1,121727,1,4,1,2,1,2,4,2,4,1,1,2,2,2,2,2,2,2,2,2,3,2,2,2,2,2,2,2,1,2,2,0,0,0
2008,12,31,1,121728,1,4,2,2,1,1,4,1,4,1,1,2,2,1,2,2,2,2,2,2,3,2,2,2,2,2,2,2,2,2,2,0,0,0
2008,12,103,1,121729,1,4,1,2,1,2,6,2,1,1,1,2,1,2,2,2,1,2,2,2,3,2,2,2,2,2,2,2,2,2,2,0,0,0
2008,12,31,1,121730,1,4,2,2,4,2,6,2,1,1,1,2,1,2,1,2,2,2,2,2,3,2,2,2,2,2,2,2,1,2,2,0,0,0
2008,12,85,1,121731,1,4,1,2,2,2,6,2,1,2,2,2,1,2,2,2,2,2,1,2,1,2,2,2,2,2,2,2,1,1,2,0,0,0
2008,12,11,1,121732,1,4,2,1,1,2,1,2,4,2,2,2,2,1,2,2,2,2,2,2,3,2,2,2,2,2,2,2,2,1,2,0,0,0
2008,12,5,1,121733,1,4,2,2,4,2,3,2,1,2,1,1,1,2,2,2,2,2,2,2,3,2,2,2,2,2,2,2,1,1,2,0,0,0
2008,12,69,1,121734,1,4,1,2,1,1,4,1,2,1,2,2,3,2,2,2,2,2,2,2,3,2,2,2,2,2,1,1,2,2,2,0,0,0
2008,12,11,1,121735,1,4,2,2,1,2,2,2,1,2,2,2,1,1,2,2,1,2,2,2,3,2,2,2,2,2,2,2,2,2,2,0,0,0
2008,12,101,1,121736,1,4,1,2,1,1,6,1,4,1,2,2,2,2,1,1,2,2,2,2,1,2,2,2,2,2,1,1,2,2,2,0,0,0
2008,12,85,1,121737,1,4,1,2,2,2,4,2,1,2,2,2,1,2,2,1,2,2,1,2,1,2,2,2,2,2,2,2,1,1,2,0,0,0
2008,12,1,1,121738,1,4,1,2,1,1,4,1,4,1,2,2,2,2,2,2,2,2,1,2,1,2,2,2,2,1,1,1,2,1,2,0,0,0
2008,12,63,1,121739,1,4,1,2,2,2,6,2,1,2,1,2,1,2,2,2,2,2,2,2,1,2,2,2,2,2,2,2,1,1,2,0,0,0
2008,12,53,1,121740,1,4,1,2,1,2,6,2,3,1,1,2,2,2,2,2,2,2,1,2,3,1,1,1,1,2,2,1,1,1,2,0,0,0
2008,12,86,1,121741,1,4,2,2,1,1,3,1,5,2,1,2,3,2,2,2,2,2,2,2,3,2,2,2,2,2,1,1,2,2,2,0,0,0
2008,12,57,1,121742,1,4,2,2,4,2,3,2,1,2,1,2,1,2,1,2,2,2,2,2,1,2,2,2,2,2,2,2,1,1,2,0,0,0
2008,12,73,2,121743,1,4,2,2,1,1,4,1,4,2,2,2,2,1,2,2,2,2,1,2,2,1,1,1,1,2,2,1,2,2,2,0,0,0
2008,12,95,1,121744,1,4,2,2,1,1,3,1,4,1,2,2,2,2,1,2,2,2,2,2,3,2,2,2,2,2,2,2,2,2,2,0,0,0
2008,12,73,1,121745,1,4,1,2,2,2,6,2,1,2,2,2,1,2,2,2,2,2,2,2,1,1,1,1,1,2,2,1,1,2,2,0,0,0
2008,12,95,1,121746,1,4,2,2,1,1,3,1,1,1,2,2,1,2,2,2,2,1,2,2,3,2,2,2,2,2,2,2,2,2,2,0,0,0
2008,12,33,1,121747,1,4,1,2,2,2,6,2,1,2,2,2,1,2,2,2,2,2,2,2,2,2,2,2,2,1,2,2,1,2,2,0,0,0
2008,12,5,1,121748,1,4,1,2,2,2,6,2,1,2,2,2,1,2,1,1,2,2,2,2,1,2,2,2,2,2,2,2,1,1,2,0,0,0
2008,12,103,1,121749,1,4,2,2,2,2,6,2,1,2,2,2,1,2,1,2,2,2,2,2,1,2,2,2,2,2,2,2,1,1,2,0,0,0
2008,12,95,2,121750,1,4,2,1,2,2,1,2,1,2,2,2,1,2,2,2,2,2,1,2,1,2,2,2,2,2,2,2,1,2,2,0,0,0
2008,12,95,1,121752,1,4,1,2,2,2,3,2,1,1,1,2,1,2,2,2,2,2,1,2,2,2,2,2,2,2,2,2,1,1,2,0,0,0
2008,12,101,1,121753,1,4,2,2,1,1,6,1,4,1,1,2,2,2,1,2,2,2,1,2,2,2,2,1,1,1,2,1,2,2,2,0,0,0
2008,12,131,1,121754,1,4,1,2,1,1,3,1,3,1,1,2,2,2,2,2,2,2,2,2,1,1,1,1,1,2,2,1,2,2,2,0,0,0
2008,12,15,2,121755,1,4,1,2,3,2,6,2,1,2,1,2,1,2,2,2,2,2,1,2,3,2,2,2,2,2,2,2,1,1,2,0,0,0
2008,12,57,1,121756,1,4,1,2,1,1,6,1,4,1,1,2,2,2,2,2,2,2,2,2,3,2,2,2,2,2,2,2,2,2,2,0,0,0
2008,12,11,1,121757,1,4,2,2,1,2,4,2,1,2,1,2,1,2,2,2,2,1,2,2,2,2,2,2,2,2,2,2,2,2,2,0,0,0
2008,12,31,1,121758,1,4,2,2,2,2,6,2,1,1,1,2,1,2,2,2,2,2,1,2,2,2,2,2,2,2,1,1,1,1,2,0,0,0
2008,12,83,1,121759,1,4,2,2,1,1,4,1,2,2,2,2,2,2,2,2,2,2,1,2,1,2,2,2,2,2,2,2,2,1,2,0,0,0
2008,12,99,1,121760,1,4,2,2,4,2,5,2,1,2,2,2,1,2,2,2,2,2,2,2,1,2,2,2,2,2,2,2,1,2,2,0,0,0
2008,12,99,1,121761,1,4,1,2,1,2,6,2,1,1,1,2,1,2,2,2,1,2,2,2,2,1,1,1,1,2,2,1,2,2,2,0,0,0
2008,12,31,1,121762,1,4,2,2,1,1,3,1,4,1,1,2,3,2,2,2,2,2,2,2,3,2,2,2,2,1,2,2,2,2,2,0,0,0
2008,12,31,1,121763,1,4,2,2,4,2,6,2,1,2,2,2,1,2,2,2,2,2,2,2,1,2,2,2,2,2,2,2,1,2,2,0,0,0
2008,12,99,1,121764,1,4,1,2,2,2,6,2,1,2,1,2,1,2,2,1,2,2,1,2,2,1,1,1,1,2,2,1,1,2,2,0,0,0
2008,12,99,1,121765,1,4,2,2,2,2,5,2,1,1,1,2,1,2,1,2,2,2,2,2,1,2,2,2,2,2,2,2,1,2,2,0,0,0
2008,12,99,1,121766,1,4,2,2,1,1,6,1,4,1,1,2,2,2,1,2,2,2,2,2,3,2,2,2,2,2,2,2,2,2,2,0,0,0
2008,12,105,1,121767,1,4,1,2,1,2,6,2,2,1,1,2,2,1,2,2,2,2,2,2,3,2,2,2,2,2,2,2,2,1,2,0,0,0
2008,12,99,2,121768,1,4,2,2,1,2,5,2,3,1,1,2,2,2,2,2,2,2,2,2,2,2,2,2,2,1,2,2,1,2,2,0,0,0
2008,12,86,1,121769,1,4,2,2,4,2,4,2,1,2,2,2,1,2,2,1,1,2,2,2,1,2,2,2,2,2,2,2,1,1,2,0,0,0
2008,12,73,1,121770,1,4,1,2,4,2,6,3,1,1,2,2,1,2,1,2,2,2,2,2,2,1,1,1,1,2,2,1,1,1,2,0,0,0
2008,12,11,1,121771,1,4,2,2,4,2,4,2,1,2,2,2,1,2,2,1,2,2,2,2,1,2,2,2,2,2,1,1,1,2,2,0,0,0
2008,12,86,1,121772,1,4,2,2,1,2,3,2,1,1,2,2,1,2,2,2,1,2,2,2,3,2,2,1,1,2,2,1,2,2,2,0,0,0
2008,12,99,1,121773,1,4,1,2,2,2,6,2,1,1,2,2,1,2,2,2,2,2,1,2,1,2,2,2,2,2,2,2,1,2,2,0,0,0
2008,12,99,1,121774,1,4,2,2,1,1,3,1,4,1,1,2,2,2,2,2,2,2,2,2,3,2,2,2,2,2,2,2,2,2,2,0,0,0
2008,12,99,1,121775,1,4,2,2,1,2,5,2,3,2,1,2,2,2,2,2,2,2,2,2,3,2,2,2,2,2,2,2,1,2,2,0,0,0
2008,12,5,1,121776,1,4,2,2,3,2,3,2,1,2,2,2,1,2,2,1,2,2,1,2,3,2,2,2,2,2,1,1,1,1,2,0,0,0
2008,12,11,1,121777,1,4,2,2,1,1,3,1,4,1,2,2,2,2,2,1,2,2,2,2,3,2,2,2,2,2,2,2,2,2,2,0,0,0
2008,12,17,1,121778,1,4,1,2,2,2,6,2,1,1,2,2,1,2,2,2,2,2,2,2,2,2,2,2,2,2,2,2,1,1,2,0,0,0
2008,12,95,1,121779,1,4,1,2,1,1,6,1,2,2,2,2,2,2,2,2,2,2,1,2,3,1,1,1,1,2,2,1,2,1,2,0,0,0
2008,12,105,1,121780,1,4,1,2,1,1,6,1,4,1,1,2,3,2,2,2,2,2,2,2,1,2,2,2,2,2,2,2,2,2,2,0,0,0
2008,12,57,1,121781,1,4,1,2,1,1,6,1,1,1,1,2,1,2,2,1,2,2,1,2,3,2,2,2,2,2,1,1,2,1,2,0,0,0
2008,12,117,2,121782,1,4,2,2,3,2,3,2,1,2,2,2,1,2,2,2,2,2,1,2,1,2,2,2,2,2,2,2,1,1,2,0,0,0
2008,12,11,1,121783,1,4,2,2,1,2,3,2,1,2,2,2,1,2,2,2,1,2,2,2,3,2,2,2,2,2,2,2,2,2,2,0,0,0
2008,12,31,1,121784,1,4,2,1,3,2,1,2,1,1,2,2,1,1,2,2,2,2,1,2,3,2,2,2,2,2,2,2,1,1,2,0,0,0
2008,12,99,1,121785,1,4,1,2,4,2,3,2,2,2,1,2,2,1,2,2,1,2,2,2,3,2,2,2,2,1,2,2,2,2,2,0,0,0
2008,12,86,1,121786,1,4,2,2,1,1,6,1,4,1,1,2,2,2,2,2,2,2,2,2,3,1,1,1,1,1,2,1,2,2,2,0,0,0
2008,12,86,1,121787,1,4,2,1,2,2,1,2,2,1,1,2,1,2,2,2,2,2,1,2,3,2,2,2,2,1,2,2,1,1,2,0,0,0
2008,12,5,1,121788,1,4,2,2,1,1,4,1,4,2,1,1,2,2,2,2,2,2,1,2,1,2,2,2,2,2,1,1,2,2,2,0,0,0
2008,12,86,1,121789,1,4,1,2,3,2,6,2,1,2,2,2,1,2,2,1,2,2,2,2,3,1,1,1,1,2,2,1,1,1,2,0,0,0
2008,12,99,2,121790,1,4,2,2,1,1,3,1,4,1,1,2,3,2,2,2,2,2,2,2,3,2,2,2,2,1,2,2,2,2,2,0,0,0
2008,12,71,1,121791,1,4,2,2,1,2,6,2,1,3,1,2,1,2,2,2,1,2,2,2,3,2,2,2,2,2,2,2,2,2,2,0,0,0
2008,12,101,1,121792,1,4,2,2,1,1,3,1,4,1,1,2,2,2,2,2,2,2,2,2,3,2,2,2,2,1,2,2,2,1,2,0,0,0
2008,12,81,1,121793,1,4,2,1,2,2,1,2,1,1,1,2,1,2,1,2,2,2,2,2,3,2,2,2,2,2,2,2,1,1,2,0,0,0
2008,12,57,1,121794,1,4,2,2,1,2,2,2,4,1,1,2,2,1,2,2,1,2,2,2,3,2,2,2,2,2,2,2,2,1,2,0,0,0
2008,12,9,1,121795,1,4,1,2,1,1,6,1,4,2,1,2,2,2,1,2,2,2,2,2,3,2,2,2,2,2,2,2,2,2,2,0,0,0
2008,12,101,1,121796,1,4,1,2,4,2,3,2,1,2,1,2,1,2,2,2,2,2,1,2,3,2,2,2,2,2,2,2,1,2,2,0,0,0
2008,12,11,1,121797,1,4,2,2,1,1,4,1,1,1,1,2,1,2,2,2,2,1,2,2,3,2,2,2,2,2,2,2,2,2,2,0,0,0
2008,12,86,1,121798,1,4,2,2,2,2,2,2,1,2,2,2,1,2,1,1,2,2,2,2,3,2,2,2,2,2,2,2,1,2,2,0,0,0
2008,12,105,1,121799,1,4,2,2,1,2,3,2,1,1,2,2,1,2,2,2,1,2,2,2,3,1,1,1,1,2,2,1,2,2,2,0,0,0
2008,12,86,1,121800,1,4,1,2,2,1,3,1,1,2,2,2,1,2,2,2,2,2,2,2,3,2,2,2,2,2,2,2,2,1,2,0,0,0
2008,12,86,1,121801,1,4,2,2,4,2,3,2,1,1,1,2,1,2,2,2,2,2,1,2,3,2,2,2,2,2,2,2,1,1,2,0,0,0
2008,12,73,1,121802,1,4,1,2,1,1,6,1,4,1,1,2,2,2,2,2,2,2,2,2,3,2,2,2,2,1,2,2,2,1,2,0,0,0
2008,12,86,1,121803,1,4,2,2,1,1,3,1,1,2,1,2,1,2,2,2,1,2,2,2,3,2,2,2,2,2,2,2,2,2,2,0,0,0
2008,12,55,1,121804,1,4,2,2,1,1,3,1,4,1,1,2,3,2,1,2,2,2,2,2,3,2,2,2,2,2,1,1,2,1,2,0,0,0
2008,12,86,1,121805,1,4,2,2,1,2,6,2,1,2,1,1,1,2,2,2,2,1,2,2,3,2,2,2,2,2,2,2,2,2,2,0,0,0
2008,12,11,1,121806,1,4,2,1,1,2,1,2,1,2,2,2,1,2,2,2,1,2,1,2,3,2,2,2,2,2,2,2,2,2,2,0,0,0
2008,12,99,1,121807,1,4,2,2,4,2,6,2,1,1,2,2,1,2,2,2,2,2,1,2,1,2,2,2,2,2,2,2,1,1,2,0,0,0
2008,12,55,1,121808,1,4,1,2,3,2,3,2,1,2,2,2,1,2,1,2,2,2,2,2,2,2,2,2,2,1,2,2,1,2,2,0,0,0
2008,12,103,1,121809,1,4,2,2,1,2,6,2,1,1,1,2,1,1,2,2,2,1,2,2,3,2,2,2,2,2,2,2,2,2,2,0,0,0
2008,12,55,1,121810,1,4,2,2,1,1,3,1,4,1,1,2,2,2,1,2,2,2,2,2,3,2,2,2,2,1,2,2,2,2,2,0,0,0
2008,12,23,2,121811,1,4,1,1,1,2,1,2,1,2,2,2,1,2,2,2,2,2,1,2,3,2,2,2,2,1,2,2,2,1,2,0,0,0
2008,12,86,1,121812,1,4,2,2,1,2,4,2,4,2,1,2,2,2,1,1,2,2,2,2,3,2,2,1,1,2,2,1,2,1,2,0,0,0
2008,12,11,1,121813,1,4,2,2,4,2,5,2,1,2,1,2,1,2,1,2,2,2,2,2,1,2,2,2,2,2,1,1,1,1,2,0,0,0
2008,12,71,1,121814,1,4,2,2,3,1,3,1,1,2,2,2,1,2,1,2,2,2,2,2,1,2,2,2,2,2,2,2,2,2,2,0,0,0
2008,12,11,1,121815,1,4,2,2,1,1,4,1,4,1,2,2,2,2,2,1,2,2,2,2,3,1,1,1,1,1,2,1,2,1,2,0,0,0
2008,12,85,1,121816,1,4,1,2,1,2,3,2,2,2,1,2,2,1,2,2,2,2,2,2,3,2,2,2,2,1,2,2,2,1,2,0,0,0
2008,12,11,1,121817,1,4,2,2,1,1,3,1,1,1,1,2,1,2,2,2,2,1,2,2,3,1,1,1,1,2,2,1,2,2,2,0,0,0
2008,12,105,1,121818,1,4,1,2,2,1,6,1,1,2,2,2,2,2,2,2,2,2,1,2,1,2,2,2,2,2,2,2,2,1,2,0,0,0
2008,12,111,1,121819,1,4,2,2,1,1,3,1,4,1,2,2,2,2,1,2,2,2,2,2,1,2,2,2,2,2,2,2,2,2,2,0,0,0
2008,12,105,1,121820,1,4,2,2,2,1,6,1,1,1,2,2,1,2,2,1,2,2,1,2,3,1,1,1,1,2,2,1,2,1,2,0,0,0
2008,12,11,1,121821,1,4,2,2,1,1,4,1,4,2,1,2,2,2,1,2,2,2,2,2,3,1,1,1,1,2,2,1,2,1,2,0,0,0
2008,12,11,1,121822,1,4,2,2,1,2,4,3,1,1,1,2,1,2,2,2,1,2,2,2,3,2,2,2,2,2,2,2,2,2,2,0,0,0
2008,12,69,1,121823,1,4,2,2,1,2,6,2,1,2,1,1,1,2,2,2,1,2,2,2,3,2,2,2,2,2,2,2,2,2,2,0,0,0
2008,12,61,1,121824,1,4,2,2,2,2,3,2,1,2,1,2,1,2,2,2,2,2,1,2,1,1,1,1,1,2,2,1,1,1,2,0,0,0
2008,12,73,1,121825,1,4,2,2,2,2,6,2,1,2,1,2,1,2,2,2,2,2,1,2,1,1,2,1,2,2,2,2,1,2,2,0,0,0
2008,12,109,1,121826,1,4,1,1,3,2,1,2,1,2,2,2,2,2,2,1,2,2,1,2,3,1,1,1,1,2,2,1,1,1,2,0,0,0
2008,12,11,1,121827,1,4,2,2,1,1,3,1,1,1,1,2,1,2,2,2,1,2,2,2,3,2,2,2,2,2,2,2,2,2,2,0,0,0
2008,12,61,1,121828,1,4,2,2,1,2,6,2,1,2,2,2,1,2,1,2,1,2,2,2,3,2,2,2,2,2,2,2,2,2,2,0,0,0
2008,12,79,1,121829,1,4,1,2,2,2,6,2,1,2,2,2,1,2,2,2,2,2,2,2,1,2,2,2,2,2,2,2,1,1,2,0,0,0
2008,12,127,1,121830,1,4,2,1,4,2,1,2,1,1,1,2,1,2,2,1,2,2,1,2,3,2,2,2,2,2,1,1,1,1,2,0,0,0
2008,12,86,1,121831,1,4,1,2,1,2,6,2,4,2,1,2,2,2,2,2,2,2,1,2,3,2,2,1,1,2,1,1,2,1,2,0,0,0
2008,12,86,1,121833,1,4,2,2,1,1,3,1,1,2,1,2,1,2,2,2,1,2,2,2,3,2,2,2,2,2,2,2,2,2,2,0,0,0
2008,12,73,1,121834,1,4,2,2,1,2,3,2,1,1,1,2,1,2,2,2,1,2,2,2,3,2,2,2,2,1,2,2,2,1,2,0,0,0
2008,12,11,1,121835,1,4,2,2,4,2,6,2,1,2,1,2,1,2,1,2,2,2,2,2,3,2,2,2,2,2,2,2,1,2,2,0,0,0
2008,12,99,1,121836,1,4,2,1,2,2,1,2,4,1,2,2,2,1,2,2,2,2,2,2,3,2,2,2,2,2,2,2,1,1,2,0,0,0
2008,12,105,1,121838,1,4,2,2,1,1,3,1,4,2,1,2,3,2,1,1,2,2,2,2,3,1,1,1,1,2,1,1,2,2,2,0,0,0
2008,12,11,1,121839,1,4,2,2,4,2,4,2,1,2,2,2,1,2,1,2,2,2,2,2,3,2,2,2,2,2,2,2,1,2,2,0,0,0
2008,12,53,1,121840,1,4,1,2,1,1,6,1,4,1,1,2,3,2,2,2,2,2,2,2,3,2,2,2,2,1,2,2,2,2,2,0,0,0
2008,12,57,1,121841,1,4,2,2,1,1,3,1,4,1,2,2,2,2,2,2,2,2,2,2,3,2,2,2,2,2,2,2,2,2,2,0,0,0
2008,12,57,1,121842,1,4,2,2,1,1,3,1,2,2,2,1,2,2,2,1,2,2,1,2,3,1,1,1,1,2,2,1,2,2,2,0,0,0
2008,12,71,1,121843,1,4,2,2,1,2,3,2,4,1,1,2,2,1,2,2,2,2,2,2,3,2,2,2,2,1,2,2,2,2,2,0,0,0
2008,12,105,1,121844,1,4,1,2,4,2,6,2,1,1,1,2,1,2,1,2,2,2,2,2,3,2,2,2,2,2,2,2,1,1,2,0,0,0
2008,12,105,1,121845,1,4,2,2,4,2,5,2,1,2,2,2,1,2,2,1,2,2,1,2,3,1,1,1,1,2,2,1,1,2,2,0,0,0
2008,12,86,1,121846,1,4,2,2,1,1,3,1,1,2,1,2,1,2,2,2,1,2,2,2,3,2,2,2,2,2,2,2,2,2,2,0,0,0
2008,12,69,1,121847,1,4,1,2,4,2,6,2,1,2,1,2,1,2,2,2,2,2,1,2,3,2,2,2,2,2,2,2,1,1,2,0,0,0
2008,12,131,1,121848,1,4,2,2,1,2,3,2,2,2,1,2,2,1,2,1,2,2,2,2,1,2,2,2,2,2,2,2,2,1,2,0,0,0
2008,12,97,1,121849,1,4,2,2,1,2,3,2,1,2,2,2,1,2,2,2,2,1,2,2,3,2,2,2,2,2,2,2,2,2,2,0,0,0
2008,12,57,1,121850,1,4,1,2,1,2,6,2,1,2,2,2,1,2,2,2,1,2,2,2,1,2,2,2,2,2,2,2,2,2,2,0,0,0
2008,12,105,1,121851,1,4,1,2,2,2,6,2,1,2,2,1,1,2,2,2,1,2,2,2,3,2,2,2,2,2,2,2,2,2,2,0,0,0
2008,12,119,1,121852,1,4,1,2,1,2,6,2,4,1,1,2,2,2,2,2,2,2,2,2,3,2,2,2,2,1,2,2,1,1,2,0,0,0
2008,12,105,1,121853,1,4,2,2,1,1,3,1,4,1,1,2,2,2,2,2,2,2,2,2,3,2,2,2,2,2,1,1,2,2,2,0,0,0
2008,12,57,1,121854,1,4,1,2,1,2,6,2,3,2,1,2,2,1,2,2,2,2,2,2,1,2,2,2,2,2,2,2,1,2,2,0,0,0
2008,12,117,1,121855,1,4,2,2,1,1,3,1,4,2,1,2,3,2,1,1,2,2,2,2,3,2,2,1,1,2,1,1,2,2,2,0,0,0
2008,12,95,1,121856,1,4,2,2,2,2,3,2,1,1,1,1,1,2,2,2,1,2,2,2,3,2,2,2,2,2,2,2,1,2,2,0,0,0
2008,12,117,1,121857,1,4,2,2,1,1,3,1,1,2,2,1,1,2,2,2,1,2,2,2,3,2,2,2,2,2,2,2,2,2,2,0,0,0
2008,12,95,1,121859,1,4,2,2,1,1,4,1,4,1,1,2,2,2,2,2,2,2,2,2,3,2,2,2,2,1,2,2,2,2,2,0,0,0
2008,12,11,3,121860,1,4,2,2,4,2,4,3,1,2,1,2,1,2,2,2,2,2,2,2,1,2,2,2,2,2,2,2,1,1,2,0,0,0
2008,12,63,1,121861,1,4,2,2,1,2,5,2,1,1,1,2,1,2,2,2,1,2,2,2,3,2,2,2,2,1,2,2,2,2,2,0,0,0
2008,12,53,1,121862,1,4,1,2,4,2,6,2,1,2,1,2,1,2,2,1,2,2,1,1,3,2,2,2,2,2,2,2,1,1,2,0,0,0
2008,12,11,1,121863,1,4,2,2,4,2,6,2,1,2,1,2,1,2,2,1,2,2,2,2,3,2,2,2,2,2,2,2,1,2,2,0,0,0
2008,12,105,1,121864,1,4,2,2,1,2,3,2,1,2,1,2,1,2,2,2,1,2,2,2,3,2,2,2,2,2,2,2,2,2,2,0,0,0
2008,12,13,1,121865,1,4,1,2,1,2,3,2,1,2,2,2,1,2,2,2,2,2,2,2,1,2,2,2,2,2,2,2,2,2,2,0,0,0
2008,12,11,1,121866,1,4,2,2,1,1,4,1,4,1,1,2,3,2,2,2,2,2,2,2,3,2,2,2,2,2,1,1,2,2,2,0,0,0
2008,12,105,1,121867,1,4,2,2,1,1,6,1,1,1,1,2,1,2,2,2,2,2,2,2,3,2,2,2,2,2,2,2,2,2,2,0,0,0
2008,12,11,1,121868,1,4,2,2,1,2,3,3,1,2,1,2,1,2,2,2,2,1,2,2,3,2,2,2,2,2,2,2,2,2,2,0,0,0
2008,12,103,1,121869,1,4,2,2,1,2,3,2,4,2,1,2,2,1,2,2,2,2,2,2,3,2,2,2,2,1,2,2,2,1,2,0,0,0
2008,12,119,1,121870,1,4,1,2,1,1,4,1,3,1,1,2,2,2,2,2,2,2,2,2,3,2,2,2,2,1,2,2,2,2,2,0,0,0
2008,12,86,1,121871,1,4,1,2,1,2,6,2,1,2,2,2,1,2,2,2,1,2,2,2,3,2,2,2,2,2,2,2,2,2,2,0,0,0
2008,12,111,1,121872,1,4,2,3,1,1,7,1,3,2,2,2,2,2,1,2,2,2,2,2,3,2,2,2,2,2,1,1,2,2,2,0,0,0
2008,12,9,1,121873,1,4,2,2,1,2,3,2,1,2,2,2,1,2,2,2,2,1,2,2,2,2,2,2,2,2,2,2,2,2,2,0,0,0
2008,12,15,1,121875,1,4,2,1,3,2,1,2,1,1,2,2,1,2,2,2,2,2,2,2,1,2,2,2,2,1,2,2,1,1,2,0,0,0
2008,12,86,1,121876,1,4,2,2,1,1,3,1,4,2,2,2,2,2,2,2,2,2,2,2,3,2,2,2,2,2,1,1,2,1,2,0,0,0
2008,12,103,1,121877,1,4,2,2,2,1,3,1,1,2,2,2,1,2,2,1,2,2,1,2,1,2,2,2,2,2,1,1,2,1,2,0,0,0
2008,12,115,1,121880,1,4,2,2,1,1,6,1,5,1,1,2,3,2,2,2,2,2,2,2,3,2,2,2,2,1,2,2,2,1,2,0,0,0
2008,12,86,1,121881,1,4,2,2,1,1,4,1,4,1,1,2,2,2,2,2,2,2,2,2,3,1,1,1,1,2,2,1,2,2,2,0,0,0
2008,12,83,1,121882,1,4,1,2,1,1,6,1,4,1,1,2,2,2,2,2,2,2,2,2,3,2,2,2,2,1,2,2,2,2,2,0,0,0
2008,12,86,1,121883,1,4,2,2,2,2,3,2,1,2,2,2,1,2,2,2,2,2,2,2,1,2,2,1,1,2,2,1,1,1,2,0,0,0
2008,12,11,1,121884,1,4,2,2,1,1,3,1,4,1,1,2,2,2,2,2,2,2,2,2,3,2,2,2,2,1,2,2,2,2,2,0,0,0
2008,12,86,1,121885,1,4,2,2,1,2,3,2,1,1,1,2,1,1,2,2,2,1,2,2,3,2,2,2,2,2,2,2,2,2,2,0,0,0
2008,12,97,1,121886,1,4,2,2,1,2,3,3,4,1,1,2,2,2,1,2,2,2,2,2,3,2,2,2,2,2,2,2,2,2,2,0,0,0
2008,12,99,1,121887,1,4,2,2,3,2,3,2,1,1,1,2,2,2,2,2,2,2,2,2,3,2,2,2,2,1,2,2,1,2,2,0,0,0
2008,12,11,1,121888,1,4,2,2,1,1,3,1,1,1,1,2,1,2,2,2,2,2,2,2,3,2,2,2,2,1,2,2,2,2,2,0,0,0
2008,12,103,1,121890,1,4,2,2,1,1,3,1,1,2,2,2,1,2,2,1,2,1,2,2,3,2,2,2,2,2,2,2,2,1,2,0,0,0
2008,12,101,1,121891,1,4,1,2,1,1,6,1,1,2,2,2,1,2,2,2,2,2,2,2,3,1,1,1,1,2,2,1,2,2,2,0,0,0
2008,12,86,1,121892,1,4,2,2,1,1,6,1,4,1,1,2,2,1,1,2,2,2,2,2,3,2,2,2,2,2,2,2,2,2,2,0,0,0
2008,12,31,1,121893,1,4,2,2,2,1,6,1,1,2,2,2,1,2,2,1,2,2,2,2,3,1,1,1,1,2,2,1,2,1,2,0,0,0
2008,12,9,1,121894,1,4,3,3,4,1,7,1,1,1,1,2,1,2,2,2,2,2,2,2,2,2,2,2,2,2,2,2,2,1,2,0,0,0
2008,12,111,1,121895,1,4,2,2,2,2,6,2,1,3,1,2,1,2,1,2,2,2,2,2,1,2,2,2,2,2,2,2,1,2,2,0,0,0
2008,12,95,1,121896,1,4,2,2,1,1,6,1,1,1,1,2,1,2,2,2,2,2,2,2,3,2,2,2,2,2,2,2,2,2,2,0,0,0
2008,12,11,1,121897,1,4,2,2,1,2,4,2,3,1,1,2,2,2,2,2,2,2,2,2,3,1,1,1,1,1,2,1,1,2,2,0,0,0
2008,12,57,1,121898,1,4,2,1,1,1,1,1,2,2,2,2,2,2,1,2,2,2,2,2,1,2,2,2,2,2,2,2,2,1,2,0,0,0
2008,12,57,1,121899,1,4,2,2,1,2,6,2,1,2,2,2,1,2,2,2,1,2,2,2,3,2,2,1,1,2,2,1,2,2,2,0,0,0
2008,12,86,1,121900,1,4,2,2,1,1,4,1,4,1,2,2,2,2,2,2,2,2,2,2,3,1,1,1,1,2,2,1,2,1,2,0,0,0
2008,12,57,1,121901,1,4,2,2,4,2,3,2,1,2,2,2,1,2,2,1,2,2,1,2,2,1,1,1,1,2,2,1,1,2,2,0,0,0
2008,12,86,1,121902,1,4,2,1,2,2,1,3,1,1,1,2,1,2,2,2,2,2,2,2,2,2,2,2,2,2,2,2,1,2,2,0,0,0
2008,12,59,1,121903,1,4,1,2,1,1,4,1,4,1,1,2,2,2,2,2,2,2,2,2,3,2,2,2,2,2,2,2,2,2,2,0,0,0
2008,12,11,1,121904,1,4,2,1,2,2,1,2,1,1,1,2,1,2,2,2,2,2,2,2,3,2,2,2,2,2,2,2,1,2,2,0,0,0
2008,12,103,1,121905,1,4,2,2,1,1,4,1,1,2,2,2,1,2,2,2,1,2,2,2,1,2,2,2,2,2,2,2,2,1,2,0,0,0
2008,12,99,1,121906,1,4,2,1,2,2,1,2,1,1,2,2,1,2,2,2,2,2,2,2,3,2,2,2,2,2,1,1,1,1,2,0,0,0
2008,12,53,1,121907,1,4,2,2,1,1,3,1,4,1,2,2,2,2,1,2,2,2,2,2,3,2,2,2,2,1,2,2,2,2,2,0,0,0
2008,12,71,1,121908,1,4,2,2,4,2,6,2,1,1,2,2,1,2,2,2,2,2,2,2,3,1,2,1,2,2,2,2,1,2,2,0,0,0
2008,12,57,1,121909,1,4,2,2,1,1,3,1,4,1,2,2,2,2,2,2,2,2,2,2,3,2,2,2,2,2,2,2,2,2,2,0,0,0
2008,12,86,1,121910,1,4,1,2,1,1,6,1,4,1,1,2,2,2,2,2,2,2,2,2,3,2,2,2,2,2,1,1,2,2,2,0,0,0
2008,12,89,1,121911,1,4,1,2,4,2,6,2,1,1,2,2,1,2,2,2,2,2,2,2,3,2,2,2,2,1,2,2,1,2,2,0,0,0
2008,12,95,1,121912,1,4,1,2,4,2,6,2,1,2,2,2,1,2,2,1,2,2,2,2,1,2,2,2,2,2,2,2,1,2,2,0,0,0
2008,12,11,1,121913,1,4,2,2,1,1,4,1,1,1,1,2,1,2,2,2,2,1,2,2,3,2,2,2,2,1,2,2,2,2,2,0,0,0
2008,12,53,2,121914,1,4,1,2,1,2,3,2,3,1,1,2,2,2,2,2,2,2,2,2,3,2,2,2,2,1,2,2,1,2,2,0,0,0
2008,12,115,1,121915,1,4,2,2,1,2,3,2,1,2,2,2,1,2,2,2,2,1,2,2,3,2,2,2,2,2,2,2,2,2,2,0,0,0
2008,12,95,1,121916,1,4,2,2,2,2,6,2,1,1,1,2,2,2,1,2,2,2,2,2,3,2,2,2,2,2,2,2,1,2,2,0,0,0
2008,12,57,1,121917,1,4,2,2,4,2,3,2,1,2,2,2,1,2,2,1,2,2,2,2,3,2,2,2,2,2,1,1,1,2,2,0,0,0
2008,12,31,1,121918,1,4,2,2,1,1,3,1,4,1,1,2,2,2,2,2,2,2,2,2,3,2,2,2,2,1,1,1,2,2,2,0,0,0
2008,12,86,1,121919,1,4,1,2,1,1,6,1,5,1,1,2,2,1,2,2,2,2,2,2,3,2,2,2,2,2,2,2,2,1,2,0,0,0
2008,12,117,1,121920,1,4,1,1,1,1,1,1,4,1,2,2,2,2,2,2,2,2,2,2,1,2,2,2,2,2,2,2,2,2,2,0,0,0
2008,12,99,1,121922,1,4,2,2,1,1,3,1,2,2,1,2,2,1,2,1,2,2,2,2,3,1,1,1,1,2,2,1,2,1,2,0,0,0
2008,12,57,1,121923,1,4,2,2,1,1,3,1,1,2,2,2,1,2,2,2,1,2,2,2,1,2,2,2,2,2,2,2,2,2,2,0,0,0
2008,12,127,4,121924,1,4,1,1,4,2,1,2,1,2,2,2,1,2,2,2,2,2,1,2,2,2,2,2,2,2,2,2,2,2,2,0,0,0
2008,12,69,1,121925,1,4,1,2,2,2,3,2,2,1,2,2,1,2,2,2,2,2,2,2,2,2,2,2,2,1,2,2,1,2,2,0,0,0
2008,12,31,1,121926,1,4,2,2,1,1,4,1,4,2,2,2,2,2,1,1,2,2,2,2,1,2,2,2,2,2,2,2,2,2,2,0,0,0
2008,12,11,1,121927,1,4,2,2,1,1,3,1,2,1,1,2,2,2,2,2,2,2,2,2,3,2,2,2,2,1,2,2,2,1,2,0,0,0
2008,12,86,1,121928,1,4,2,2,1,1,4,1,4,1,1,2,2,2,2,2,2,2,2,2,3,2,2,2,2,1,2,2,2,2,2,0,0,0
2008,12,31,1,121929,1,4,2,2,1,2,6,2,4,2,2,2,2,2,2,2,2,2,2,2,3,2,2,2,2,1,2,2,1,1,2,0,0,0
2008,12,5,1,121930,1,4,2,2,4,2,3,2,1,2,2,2,1,2,2,1,2,2,2,2,1,2,2,2,2,2,2,2,1,2,2,0,0,0
2008,12,111,1,121931,1,4,1,2,2,2,3,2,1,1,2,2,1,2,1,2,2,2,2,2,3,2,2,2,2,2,2,2,1,1,2,0,0,0
2008,12,131,1,121932,1,4,1,2,4,2,6,2,1,1,2,2,1,2,1,2,2,2,2,2,3,2,2,2,2,2,1,1,1,1,2,0,0,0
2008,12,69,1,121933,1,4,2,2,1,1,4,1,4,1,1,2,2,1,2,2,2,2,2,2,3,2,2,2,2,2,2,2,2,2,2,0,0,0
2008,12,95,1,121934,1,4,2,1,4,2,1,2,1,2,1,2,1,2,2,2,2,2,2,2,3,2,2,2,2,2,1,1,1,1,2,0,0,0
2008,12,97,1,121936,1,4,1,2,1,1,6,1,2,1,1,2,2,2,1,2,2,2,2,2,3,2,2,2,2,2,2,2,2,1,2,0,0,0
2008,12,69,1,121937,1,4,1,2,3,2,3,2,1,1,1,2,1,2,2,2,2,2,1,2,2,1,1,1,1,2,2,1,1,1,2,0,0,0
2008,12,86,1,121938,1,4,2,2,2,1,6,1,1,1,1,2,1,2,2,2,2,2,2,2,3,2,2,2,2,2,2,2,2,2,2,0,0,0
2008,12,9,1,121939,1,4,1,2,2,2,6,3,1,1,2,2,1,2,2,1,2,2,1,2,2,2,2,2,2,2,2,2,1,2,2,0,0,0
2008,12,101,1,121940,1,4,2,2,2,2,3,3,1,2,2,2,1,2,2,1,2,2,1,2,3,2,2,2,2,2,2,2,1,1,2,0,0,0
2008,12,127,1,121941,1,4,2,2,2,2,6,2,1,2,2,2,1,2,2,2,2,2,2,2,1,2,2,2,2,2,2,2,1,1,2,0,0,0
2008,12,101,2,121942,1,4,2,2,1,1,3,1,4,1,2,2,2,1,2,2,2,2,2,2,1,2,2,2,2,2,2,2,2,2,2,0,0,0
2008,12,101,1,121943,1,4,2,2,2,1,6,1,1,2,2,2,1,2,2,2,2,2,2,2,1,2,2,2,2,2,2,2,2,1,2,0,0,0
2008,12,15,1,121944,1,4,1,2,1,1,6,1,1,2,1,2,1,2,2,2,1,2,2,2,3,2,2,2,2,1,2,2,2,2,2,0,0,0
2008,12,131,1,121945,1,4,2,2,1,1,6,1,1,2,2,2,1,2,1,1,2,2,2,2,1,2,2,2,2,2,2,2,2,1,2,0,0,0
2008,12,103,1,121946,1,4,2,2,4,2,6,2,1,2,2,1,1,2,2,1,2,2,2,2,3,1,1,1,1,2,2,1,1,2,2,0,0,0
2008,12,105,1,121947,1,4,1,2,1,1,3,1,4,1,2,2,2,2,2,2,2,2,2,2,3,2,2,2,2,1,2,2,2,2,2,0,0,0
2008,12,95,1,121948,1,4,2,2,1,1,3,1,1,2,2,1,1,2,2,2,1,2,2,2,1,2,2,2,2,2,2,2,2,2,2,0,0,0
2008,12,53,1,121949,1,4,1,2,1,1,6,1,3,2,1,2,2,2,1,2,2,2,2,2,3,1,1,1,1,2,2,1,2,1,2,0,0,0
2008,12,86,1,121950,1,4,2,2,1,1,3,1,3,2,1,2,2,2,2,2,2,2,2,2,3,2,2,2,2,1,2,2,2,2,2,0,0,0
2008,12,71,1,121951,1,4,2,2,1,2,6,2,1,1,1,2,1,2,2,2,1,2,2,2,3,1,1,1,1,2,2,1,2,2,2,0,0,0
2008,12,61,1,121952,1,4,2,2,1,1,3,1,1,2,2,2,1,2,2,2,1,2,2,2,3,2,2,2,2,2,2,2,2,2,2,0,0,0
2008,12,117,1,121953,1,4,1,2,2,2,6,2,1,2,2,2,1,2,2,2,2,1,2,2,1,2,2,2,2,2,2,2,1,2,2,0,0,0
2008,12,86,1,121954,1,4,2,2,1,1,6,1,4,2,2,1,2,2,2,2,2,2,2,2,3,2,2,2,2,2,2,2,2,2,2,0,0,0
2008,12,31,2,121955,1,4,2,1,3,2,1,2,1,2,2,2,1,2,2,2,2,2,1,2,3,2,2,2,2,2,1,1,2,1,2,0,0,0
2008,12,86,1,121956,1,4,1,2,2,2,6,2,1,2,1,2,1,2,2,2,2,2,2,2,3,2,2,2,2,1,2,2,1,1,2,0,0,0
2008,12,86,1,121957,1,4,1,2,1,2,6,2,5,1,1,2,3,2,2,2,2,2,2,2,3,2,2,2,2,1,2,2,2,1,2,0,0,0
2008,12,105,1,121958,1,4,1,2,1,2,3,2,2,2,1,1,3,2,1,2,2,2,2,2,3,1,1,1,1,2,2,1,2,1,2,0,0,0
2008,12,57,1,121959,1,4,2,2,1,1,3,1,1,1,1,2,1,2,2,2,2,2,2,2,3,2,2,1,1,2,2,1,2,2,2,0,0,0
2008,12,86,1,121960,1,4,2,2,1,1,3,1,4,2,1,2,2,1,1,2,2,2,2,2,3,2,2,2,2,2,1,1,2,2,2,0,0,0
2008,12,103,1,121961,1,4,2,1,1,2,1,2,2,2,1,1,2,2,2,1,2,2,1,2,1,2,2,2,2,2,2,2,2,1,2,0,0,0
2008,12,73,1,121962,1,4,2,2,2,1,6,1,1,1,1,2,1,2,2,2,2,2,2,2,3,2,2,2,2,1,2,2,2,2,2,0,0,0
2008,12,57,1,121963,1,4,1,2,1,2,6,2,1,1,2,1,1,2,2,2,1,2,2,2,3,2,2,2,2,2,2,2,2,2,2,0,0,0
2008,12,127,1,121964,1,4,1,2,2,2,6,2,1,2,2,2,1,2,2,2,2,2,1,2,1,2,2,2,2,2,2,2,1,1,2,0,0,0
2008,12,5,1,121965,1,4,2,2,1,2,4,2,1,2,2,2,1,2,1,2,1,2,2,2,3,2,2,2,2,2,2,2,2,2,2,0,0,0
2008,12,105,1,121966,1,4,2,2,1,2,3,2,1,2,2,2,1,2,2,2,1,2,2,2,3,2,2,2,2,2,2,2,2,2,2,0,0,0
2008,12,86,1,121967,1,4,2,1,1,2,1,2,1,2,2,1,2,2,2,2,1,2,2,2,3,2,2,2,2,2,2,2,2,2,2,0,0,0
2008,12,95,1,121968,1,4,2,2,1,1,3,1,4,2,2,2,3,2,1,2,2,2,2,2,1,1,1,1,1,2,2,1,2,2,2,0,0,0
2008,12,95,1,121969,1,4,1,2,1,1,6,1,3,1,1,2,2,2,2,2,2,2,2,2,3,2,2,2,2,2,2,2,2,2,2,0,0,0
2008,12,9,1,121970,1,4,2,2,1,1,3,1,1,2,1,2,1,2,2,2,1,2,2,2,3,2,2,2,2,2,2,2,2,2,2,0,0,0
2008,12,19,1,121971,1,4,1,2,2,2,6,2,1,2,2,2,1,2,2,1,2,2,2,2,1,2,2,2,2,2,2,2,1,1,2,0,0,0
2008,12,9,1,121972,1,4,2,2,1,2,3,3,4,1,1,2,2,2,2,2,2,2,2,2,3,2,2,2,2,1,2,2,2,2,2,0,0,0
2008,12,105,1,121973,1,4,2,2,1,2,3,2,1,2,1,2,1,2,1,2,2,2,2,2,2,2,2,2,2,2,2,2,2,1,2,0,0,0
2008,12,83,1,121974,1,4,1,2,1,1,3,1,2,1,1,2,2,1,2,2,2,2,2,2,2,2,2,2,2,2,2,2,2,2,2,0,0,0
2008,12,86,1,121975,1,4,2,2,2,2,3,2,1,1,1,2,1,2,2,2,2,2,2,2,3,2,2,2,2,2,1,1,1,2,2,0,0,0
2008,12,103,1,121976,1,4,2,2,1,1,3,1,4,1,1,2,2,2,2,2,2,2,2,2,3,1,1,1,1,1,2,1,2,2,2,0,0,0
2008,12,73,1,121977,1,4,2,2,2,2,6,2,1,2,1,2,1,2,2,2,2,2,2,2,3,2,2,1,1,2,2,1,1,1,2,0,0,0
2008,12,15,1,121978,1,4,2,1,1,2,1,2,1,2,1,2,1,2,2,2,1,2,2,2,3,2,2,2,2,2,1,1,2,2,2,0,0,0
2008,12,125,1,121979,1,4,1,2,1,1,4,1,2,1,1,2,2,1,2,2,2,2,2,2,2,2,2,2,2,2,2,2,2,2,2,0,0,0
2008,12,86,2,121980,1,4,2,2,1,2,2,2,3,2,2,2,2,2,2,2,2,2,2,2,1,2,2,2,2,2,2,2,2,2,2,0,0,0
2008,12,75,1,121981,1,4,1,2,3,2,3,2,1,2,2,2,1,2,2,2,2,2,1,2,2,2,2,2,2,2,1,1,1,1,2,0,0,0
2008,12,86,1,121982,1,4,2,2,1,2,4,2,1,2,2,1,1,2,2,2,1,2,2,2,3,2,2,2,2,2,2,2,2,2,2,0,0,0
2008,12,115,1,121983,1,4,1,2,3,2,6,2,1,2,2,2,1,2,2,2,2,2,2,2,2,2,2,2,2,2,2,2,1,1,2,0,0,0
2008,12,99,1,121984,1,4,2,2,1,1,3,1,1,2,2,2,1,2,2,2,1,2,2,2,2,2,2,2,2,2,1,1,2,2,2,0,0,0
2008,12,95,1,121985,1,4,1,2,1,1,3,1,4,2,2,2,3,2,2,2,2,2,2,2,1,1,1,1,1,2,1,1,2,2,2,0,0,0
2008,12,86,1,121986,1,4,1,1,2,2,1,3,1,1,2,2,1,2,2,2,2,2,2,2,1,2,2,2,2,2,2,2,1,1,2,0,0,0
2008,12,86,1,121987,1,4,1,2,4,2,6,2,1,2,2,2,1,2,2,2,2,2,2,2,1,2,2,2,2,2,2,2,1,1,2,0,0,0
2008,12,86,1,121988,1,4,1,2,1,1,6,1,1,2,2,2,1,2,2,2,1,2,2,2,3,2,2,2,2,2,2,2,2,2,2,0,0,0
2008,12,71,1,121989,1,4,1,2,1,1,6,1,4,1,2,2,2,2,2,2,2,2,2,2,3,2,2,1,1,2,2,1,2,2,2,0,0,0
2008,12,31,1,121990,1,4,2,2,3,2,4,2,1,1,2,2,1,2,1,2,2,2,2,2,2,2,2,2,2,2,2,2,1,1,2,0,0,0
2008,12,53,1,121991,1,4,2,2,1,1,3,1,4,1,1,2,2,2,1,2,2,2,2,2,3,2,2,2,2,1,2,2,2,2,2,0,0,0
2008,12,65,1,121992,1,4,1,2,2,2,4,2,1,1,1,2,1,2,2,2,2,2,2,2,3,2,2,2,2,2,2,2,1,1,2,0,0,0
2008,12,95,2,121993,1,4,1,2,1,1,6,1,3,1,1,2,2,1,2,2,2,2,2,2,3,2,2,2,2,2,2,2,2,2,2,0,0,0
2008,12,9,1,121994,1,4,2,2,2,2,3,2,1,1,1,2,1,2,1,1,2,2,2,2,1,2,2,2,2,2,2,2,1,2,2,0,0,0
2008,12,59,1,121995,1,4,1,2,4,2,6,2,1,2,2,2,1,2,2,2,2,2,1,2,3,2,2,1,1,2,2,1,1,1,2,0,0,0
2008,12,11,1,121996,1,4,2,1,1,2,1,2,1,2,2,2,1,2,2,2,2,2,1,2,3,1,1,1,1,2,2,1,2,2,2,0,0,0
2008,12,11,1,121997,1,4,2,1,1,2,1,2,2,2,1,2,2,2,1,2,2,2,2,2,1,2,2,2,2,2,1,1,2,1,2,0,0,0
2008,12,86,1,121998,1,4,2,2,1,2,6,2,1,2,2,1,1,2,2,2,1,2,2,2,3,2,2,2,2,2,2,2,2,1,2,0,0,0
2008,12,53,1,121999,1,4,2,2,1,1,3,1,4,1,1,2,2,2,2,2,2,2,1,2,2,1,1,1,1,2,2,1,2,2,2,0,0,0
2008,12,99,1,122000,1,4,1,2,4,2,6,2,1,2,1,2,1,2,2,1,2,2,1,2,2,2,2,2,2,2,2,2,1,1,2,0,0,0
2008,12,95,1,122001,1,4,2,2,1,2,2,2,3,1,1,2,2,1,2,2,2,2,2,2,3,1,1,1,1,2,2,1,2,2,2,0,0,0
2008,12,23,1,122002,1,4,1,2,4,2,6,2,1,2,1,2,1,2,2,2,2,2,2,2,1,2,2,2,2,2,2,2,1,1,2,0,0,0
2008,12,83,1,122003,1,4,2,2,3,2,3,2,1,2,1,2,1,2,2,1,2,2,1,2,1,2,2,2,2,2,2,2,1,1,2,0,0,0
2008,12,111,1,122004,1,4,2,1,4,2,1,2,1,1,1,2,1,2,2,2,2,2,1,2,1,2,2,2,2,2,2,2,1,2,2,0,0,0
2008,12,99,1,122005,1,4,1,2,1,2,3,2,1,1,1,2,2,2,1,2,2,2,2,2,3,2,2,2,2,2,2,2,2,1,2,0,0,0
2008,12,115,1,122006,1,4,1,2,1,1,6,1,3,2,2,2,2,2,1,2,2,2,2,2,1,2,2,2,2,2,2,2,2,2,2,0,0,0
2008,12,67,1,122007,1,4,1,2,4,2,6,2,1,2,2,2,1,2,2,2,2,2,1,2,2,2,2,2,2,2,2,2,1,2,2,0,0,0
2008,12,73,1,122008,1,4,2,2,1,1,5,1,4,2,2,2,2,2,2,2,2,2,2,2,2,2,2,2,2,2,1,1,2,2,2,0,0,0
2008,12,86,1,122009,1,4,1,2,1,2,6,2,1,2,2,2,1,2,2,2,1,2,2,2,3,2,2,2,2,2,1,1,2,2,2,0,0,0
2008,12,99,1,122010,1,4,2,2,1,2,5,2,5,2,2,2,2,2,2,2,2,2,2,2,1,1,1,1,1,2,2,1,2,2,2,0,0,0
2008,12,101,1,122011,1,4,2,2,1,2,3,2,1,2,2,2,1,2,2,2,1,2,2,2,1,2,2,2,2,2,2,2,2,2,2,0,0,0
2008,12,9,1,122012,1,4,2,1,3,2,1,2,1,2,2,2,1,2,2,1,2,2,1,2,1,2,2,2,2,2,2,2,1,2,2,0,0,0
2008,12,57,2,122013,1,4,2,2,1,2,3,2,1,2,2,2,1,2,2,2,1,2,2,2,3,2,2,2,2,1,2,2,2,2,2,0,0,0
2008,12,86,1,122014,1,4,2,2,4,2,6,2,1,3,2,2,1,2,2,2,2,2,2,2,3,2,2,2,2,2,2,2,1,2,2,0,0,0
2008,12,105,1,122015,1,4,2,2,1,1,4,1,1,2,2,1,1,2,2,2,1,2,2,2,1,2,2,2,2,2,2,2,2,2,2,0,0,0
2008,12,3,1,122016,1,4,1,2,4,2,6,2,1,2,2,2,1,2,2,1,2,2,1,2,1,1,1,1,1,2,2,1,1,1,2,0,0,0
2008,12,57,1,122017,1,4,1,1,1,2,1,3,1,1,2,2,1,2,1,2,2,2,2,2,2,2,2,2,2,2,2,2,2,1,2,0,0,0
2008,12,95,1,122018,1,4,1,2,2,2,6,2,1,2,1,2,1,2,2,1,2,2,2,2,2,2,2,1,1,2,2,1,1,1,2,0,0,0
2008,12,99,1,122019,1,4,2,2,1,1,4,1,4,1,1,2,2,2,2,1,2,2,2,2,3,2,2,1,1,1,2,1,2,2,2,0,0,0
2008,12,71,1,122020,1,4,2,2,4,2,6,2,1,1,1,2,1,2,2,2,2,2,1,2,1,2,2,2,2,2,1,1,2,2,2,0,0,0
2008,12,23,1,122021,1,4,1,1,1,2,1,2,2,2,1,2,1,2,2,2,1,2,2,2,3,2,2,2,2,2,2,2,2,2,2,0,0,0
2008,12,69,1,122022,1,4,1,2,2,2,6,2,1,1,1,2,1,2,2,1,2,2,1,2,2,2,2,1,1,2,2,1,1,2,2,0,0,0
2008,12,71,1,122023,1,4,2,2,1,2,3,2,1,1,1,2,1,2,2,2,1,2,2,2,3,2,2,2,2,2,1,1,2,2,2,0,0,0
2008,12,53,1,122024,1,4,1,1,3,2,1,2,1,1,1,2,3,1,2,2,2,2,2,2,3,2,2,2,2,1,1,1,1,1,2,0,0,0
2008,12,97,1,122025,1,4,2,2,1,2,3,2,1,2,1,2,1,2,2,2,1,2,2,2,3,2,2,2,2,2,2,2,2,2,2,0,0,0
2008,12,33,1,122027,1,4,2,2,1,1,3,1,3,2,1,2,2,2,1,2,2,2,2,2,1,2,2,1,1,2,2,1,2,2,2,0,0,0
2008,12,9,1,122028,1,4,2,1,1,2,1,2,4,1,1,2,3,2,2,1,2,2,1,2,3,2,2,2,2,2,2,2,1,1,2,0,0,0
2008,12,55,1,122029,1,4,2,2,1,1,3,1,4,1,1,2,2,2,2,2,2,2,2,2,3,2,2,2,2,1,2,2,2,2,2,0,0,0
2008,12,105,2,122030,1,4,2,2,2,2,2,2,1,2,2,2,1,2,2,1,2,2,1,2,1,1,1,1,1,2,2,1,1,1,2,0,0,0
2008,12,31,1,122031,1,4,2,2,1,2,3,2,4,1,1,2,3,1,2,2,2,2,2,2,3,2,2,2,2,2,1,1,2,1,2,0,0,0
2008,12,71,1,122032,1,4,2,2,1,2,6,2,1,2,2,2,1,2,1,1,2,2,2,2,3,2,2,2,2,2,2,2,1,2,2,0,0,0
2008,12,87,1,122033,1,4,2,2,3,1,3,1,1,2,2,2,1,2,2,2,2,2,1,2,1,2,2,2,2,2,1,1,2,1,2,0,0,0
2008,12,105,1,122034,1,4,2,2,2,2,6,2,1,1,2,2,1,2,2,1,2,2,1,2,3,2,2,2,2,2,1,1,1,2,2,0,0,0
2008,12,21,1,122035,1,4,2,2,1,2,3,2,1,2,2,2,1,2,2,2,1,2,2,2,3,1,1,1,1,2,2,1,2,2,2,0,0,0
2008,12,127,1,122036,1,4,1,2,2,2,6,2,1,2,2,2,1,2,2,1,2,2,1,2,1,1,1,1,1,2,2,1,1,1,2,0,0,0
2008,12,33,1,122037,1,4,2,2,1,2,3,2,1,2,2,2,1,2,2,2,1,2,2,2,3,1,1,1,1,2,2,1,2,2,2,0,0,0
2008,12,81,1,122038,1,4,1,2,1,1,6,1,1,1,2,2,1,2,2,2,1,2,2,2,3,2,2,2,2,2,2,2,2,2,2,0,0,0
2008,12,95,1,122039,1,4,1,2,1,1,6,1,2,2,2,2,2,2,1,2,2,2,2,2,1,1,1,1,1,2,2,1,2,1,2,0,0,0
2008,12,109,1,122040,1,4,2,2,1,1,4,1,1,1,2,2,1,2,1,2,2,2,2,2,1,2,2,2,2,2,2,2,2,1,2,0,0,0
2008,12,31,1,122041,1,4,2,2,2,2,2,2,1,2,2,2,1,2,1,1,2,2,2,2,1,2,2,2,2,2,2,2,1,2,2,0,0,0
2008,12,99,1,122042,1,4,2,2,2,2,5,2,1,2,2,2,1,2,1,1,2,2,2,2,2,2,2,2,2,2,2,2,1,1,2,0,0,0
2008,12,31,1,122043,1,4,2,2,1,2,6,2,3,1,1,2,2,2,1,2,2,2,2,2,2,2,2,2,2,1,2,2,1,2,2,0,0,0
2008,12,91,1,122044,1,4,2,2,1,1,3,1,2,1,1,2,2,2,2,2,2,2,2,2,3,2,2,2,2,2,1,1,2,1,2,0,0,0
2008,12,83,1,122045,1,4,1,2,1,1,6,1,4,1,1,2,2,2,1,2,2,2,2,2,3,2,2,2,2,2,2,2,2,2,2,0,0,0
2008,12,95,1,122046,1,4,2,2,1,1,3,1,2,2,1,2,2,1,2,2,2,2,2,2,1,1,1,1,1,2,2,1,2,1,2,0,0,0
2008,12,21,1,122047,1,4,1,2,1,1,6,1,1,1,1,2,1,2,2,2,2,1,2,2,3,1,1,1,1,2,2,1,2,2,2,0,0,0
2008,12,113,1,122048,1,4,2,2,1,2,3,2,1,2,1,2,1,2,2,2,1,2,2,2,2,2,2,2,2,2,2,2,2,2,2,0,0,0
2008,12,57,1,122049,1,4,2,2,4,1,3,1,1,1,1,2,1,2,2,1,2,2,2,2,1,2,2,2,2,2,2,2,2,2,2,0,0,0
2008,12,99,1,122050,1,4,1,2,2,2,6,2,1,2,1,2,1,2,2,2,2,2,1,2,1,2,2,2,2,2,2,2,1,2,2,0,0,0
2008,12,5,1,122051,1,4,1,2,1,2,6,2,1,1,1,2,1,2,2,2,1,2,2,2,2,2,2,2,2,2,2,2,2,2,2,0,0,0
2008,12,95,1,122052,1,4,2,2,4,2,3,2,1,2,2,2,1,2,2,1,2,2,1,2,1,2,2,2,2,2,1,1,1,2,2,0,0,0
2008,12,9,1,122053,1,4,1,1,3,2,1,2,1,2,2,2,1,2,1,2,2,2,2,2,1,2,2,2,2,2,2,2,1,1,2,0,0,0
2008,12,95,1,122054,1,4,2,1,4,2,1,3,1,2,1,2,1,2,2,1,2,2,2,2,1,2,2,2,2,2,2,2,1,2,2,0,0,0
2008,12,31,1,122055,1,4,2,2,1,1,3,1,2,2,1,2,2,2,1,1,2,2,2,2,3,2,2,2,2,2,1,1,2,2,2,0,0,0
2008,12,11,1,122056,1,4,2,2,3,2,4,2,1,1,1,2,1,2,2,2,2,2,2,2,3,2,2,2,2,2,2,2,1,2,2,0,0,0
2008,12,71,1,122057,1,4,1,2,1,1,6,1,3,1,1,2,3,2,1,2,2,2,2,2,3,1,1,1,1,2,1,1,2,2,2,0,0,0
2008,12,11,2,122058,1,4,2,2,3,2,2,2,1,1,1,2,1,2,2,2,2,2,2,2,3,2,2,2,2,2,2,2,1,1,2,0,0,0
2008,12,99,1,122059,1,4,2,2,1,2,6,2,1,2,1,2,1,2,2,2,1,2,2,2,3,2,2,2,2,1,2,2,2,1,2,0,0,0
2008,12,57,1,122060,1,4,2,2,1,1,3,1,4,1,1,2,2,2,1,2,2,2,2,2,3,2,2,1,1,2,2,1,2,2,2,0,0,0
2008,12,35,1,122061,1,4,1,2,3,2,4,2,1,2,1,2,1,2,1,2,2,2,2,2,1,2,2,2,2,2,2,2,1,1,2,0,0,0
2008,12,71,2,122062,1,4,1,2,1,2,4,2,3,2,2,2,2,2,2,2,2,2,1,2,3,2,2,2,2,2,2,2,1,2,2,0,0,0
2008,12,129,1,122063,1,4,1,2,4,2,6,2,1,1,1,2,1,2,1,1,2,2,2,2,1,2,2,2,2,2,2,2,1,1,2,0,0,0
2008,12,51,2,122064,1,4,2,2,4,2,6,2,1,2,2,2,1,2,2,1,2,2,1,2,1,2,2,2,2,2,2,2,1,1,2,0,0,0
2008,12,31,1,122065,1,4,3,3,4,2,7,3,1,1,1,2,1,2,2,2,2,2,2,2,3,2,2,2,2,2,2,2,1,2,2,0,0,0
2008,12,129,1,122066,1,4,1,2,2,2,6,2,1,1,1,2,1,2,2,1,2,2,1,2,1,2,2,2,2,2,2,2,1,2,2,0,0,0
2008,12,127,1,122067,1,4,2,2,1,1,6,1,1,2,2,1,1,2,2,2,1,2,2,2,3,2,2,2,2,2,1,1,2,2,2,0,0,0
2008,12,127,1,122068,1,4,2,2,2,1,6,1,1,2,1,2,1,2,1,2,2,2,2,2,1,2,2,2,2,2,1,1,2,1,2,0,0,0
2008,12,103,1,122069,1,4,2,2,1,1,3,1,4,1,1,2,3,2,2,2,2,2,2,2,3,2,2,2,2,1,2,2,2,2,2,0,0,0
2008,12,103,1,122070,1,4,2,2,2,2,3,2,1,1,2,2,1,2,1,1,2,2,2,2,1,2,2,2,2,2,2,2,1,2,2,0,0,0
2008,12,86,1,122071,1,4,2,2,1,1,6,1,4,2,2,2,2,2,2,2,2,2,2,2,3,2,2,2,2,2,1,1,2,2,2,0,0,0
2008,12,5,1,122072,1,4,2,2,1,1,3,1,4,2,2,2,2,2,2,2,2,2,2,2,1,2,2,2,2,2,1,1,2,2,2,0,0,0
2008,12,1,1,122073,1,4,2,2,2,1,3,1,1,1,1,2,1,2,2,1,2,2,2,2,2,2,2,1,1,2,2,1,2,1,2,0,0,0
2008,12,86,1,122074,1,4,2,2,1,1,3,1,4,2,1,2,3,2,1,2,2,2,2,2,1,2,2,2,2,2,2,2,2,2,2,0,0,0
2008,12,103,1,122075,1,4,2,2,1,1,6,1,1,1,1,2,1,1,2,2,2,1,2,2,3,2,2,2,2,2,2,2,2,2,2,0,0,0
2008,12,103,1,122076,1,4,2,2,1,2,3,2,3,2,2,2,2,2,2,2,2,2,2,2,1,2,2,2,2,2,2,2,1,1,2,0,0,0
2008,12,86,1,122077,1,4,1,2,4,2,4,2,1,2,2,2,1,2,2,1,2,2,1,2,3,2,2,2,2,2,1,1,1,1,2,0,0,0
2008,12,105,1,122078,1,4,1,2,1,1,3,1,4,1,1,2,2,2,1,2,2,2,2,2,3,2,2,2,2,2,2,2,2,2,2,0,0,0
2008,12,97,1,122079,1,4,2,2,1,1,3,1,4,2,1,2,2,2,2,2,2,2,2,2,1,2,2,2,2,2,2,2,2,2,2,0,0,0
2008,12,101,1,122080,1,4,2,2,1,1,6,1,4,1,2,2,2,2,2,2,2,2,2,2,2,1,1,1,1,2,2,1,2,2,2,0,0,0
2008,12,86,1,122081,1,4,1,2,1,1,6,1,4,2,1,2,3,2,2,2,2,2,2,2,3,1,1,1,1,2,2,1,2,2,2,0,0,0
2008,12,105,1,122082,1,4,1,2,1,2,3,2,1,2,1,2,1,2,2,2,1,2,2,2,3,2,2,2,2,2,2,2,2,2,2,0,0,0
2008,12,71,1,122083,1,4,2,2,4,2,6,2,1,2,2,2,1,2,2,2,2,2,2,2,1,2,2,2,2,2,1,1,1,2,2,0,0,0
2008,12,81,1,122084,1,4,2,2,4,1,3,1,1,2,1,2,1,2,2,2,2,2,2,1,1,2,2,2,2,2,2,2,2,1,2,0,0,0
2008,12,69,1,122085,1,4,2,2,1,2,3,2,4,2,1,2,2,2,1,2,2,2,2,2,3,2,2,2,2,2,1,1,2,2,2,0,0,0
2008,12,103,1,122086,1,4,2,2,4,2,3,2,1,2,2,2,1,2,2,2,1,2,2,2,3,2,2,2,2,2,2,2,1,2,2,0,0,0
2008,12,86,1,122087,1,4,2,2,4,1,6,1,1,1,1,2,1,2,2,2,2,2,2,2,3,2,2,2,2,1,2,2,2,2,2,0,0,0
2008,12,103,1,122088,1,4,2,2,1,1,3,1,4,2,1,2,2,2,2,2,2,2,2,2,3,2,2,2,2,2,2,2,2,2,2,0,0,0
2008,12,11,1,122089,1,4,2,2,3,2,3,2,1,2,1,2,1,2,2,2,2,2,2,2,3,2,2,2,2,1,2,2,1,2,2,0,0,0
2008,12,11,1,122090,1,4,2,1,1,2,1,3,1,1,1,2,1,2,1,2,2,2,2,2,2,2,2,2,2,2,2,2,1,1,2,0,0,0
2008,12,11,1,122091,1,4,2,1,2,2,1,3,1,2,1,2,1,2,2,2,2,2,1,2,1,1,1,1,1,2,2,1,1,1,2,0,0,0
2008,12,11,1,122092,1,4,2,1,1,2,1,3,1,1,1,2,1,2,2,2,2,1,2,2,2,2,2,2,2,2,2,2,2,2,2,0,0,0
2008,12,9,1,122093,1,4,2,2,1,1,3,1,1,2,2,2,1,2,2,2,1,2,2,2,3,2,2,2,2,1,2,2,2,2,2,0,0,0
2008,12,83,1,122094,1,4,1,2,1,1,6,1,4,1,2,2,2,2,2,2,2,2,2,2,2,2,2,2,2,1,2,2,2,2,2,0,0,0
2008,12,31,1,122095,1,4,2,2,4,2,2,2,1,2,2,2,1,2,2,1,2,2,1,2,1,1,1,1,1,2,2,1,1,1,2,0,0,0
2008,12,69,1,122096,1,4,1,2,1,1,6,1,4,2,2,2,2,2,2,2,2,2,2,2,3,2,2,2,2,2,2,2,2,2,2,0,0,0
2008,12,95,1,122097,1,4,2,2,1,1,3,1,4,1,2,2,2,2,1,2,2,2,2,2,3,2,2,2,2,1,2,2,2,2,2,0,0,0
2008,12,86,3,122098,1,4,1,2,4,2,6,2,1,2,2,2,1,2,2,2,2,2,2,2,1,2,2,2,2,2,1,1,1,1,2,0,0,0
2008,12,105,1,122099,1,4,1,2,2,2,3,2,1,2,2,2,1,2,2,2,2,2,1,2,1,2,2,2,2,2,1,1,1,1,2,0,0,0
2008,12,109,1,122100,1,4,2,2,1,1,3,1,1,1,1,2,1,2,2,2,1,2,2,2,3,2,2,2,2,2,2,2,2,2,2,0,0,0
2008,12,111,1,122101,1,4,2,1,1,2,1,2,1,2,1,2,1,2,2,2,1,2,2,2,2,2,2,2,2,2,2,2,2,2,2,0,0,0
2008,12,23,1,122102,1,4,2,1,1,2,1,2,1,1,1,2,1,2,1,2,2,2,2,2,3,2,2,2,2,2,2,2,1,1,2,0,0,0
2008,12,81,1,122104,1,4,2,2,1,1,3,1,4,2,1,2,2,1,2,2,2,2,2,2,3,1,1,1,1,2,2,1,2,2,2,0,0,0
2008,12,81,1,122105,1,4,1,2,1,2,3,2,3,2,1,1,2,2,1,2,2,2,2,2,3,2,2,2,2,2,2,2,1,1,2,0,0,0
2008,12,99,5,122106,1,4,2,2,2,2,2,2,1,2,2,2,1,2,2,2,2,2,1,2,2,2,2,2,2,2,1,1,1,2,2,0,0,0
2008,12,109,1,122107,1,4,1,2,1,1,4,1,4,1,1,2,2,1,2,1,2,2,2,2,3,2,2,2,2,2,2,2,2,2,2,0,0,0
2008,12,71,1,122108,1,4,2,2,4,1,4,1,2,2,2,2,3,2,2,2,2,2,2,2,1,1,1,1,1,2,2,1,2,1,2,0,0,0
2008,12,65,1,122109,1,4,1,2,1,1,3,1,4,2,2,2,2,1,2,2,2,2,2,2,1,2,2,2,2,2,1,1,2,2,2,0,0,0
2008,12,97,1,122110,1,4,1,2,1,2,6,2,4,1,2,2,2,2,2,2,2,2,2,2,3,2,2,2,2,2,1,1,1,2,2,0,0,0
2008,12,99,1,122111,1,4,2,2,3,2,3,2,1,2,2,2,1,2,2,1,2,2,2,2,1,2,2,2,2,2,2,2,1,2,2,0,0,0
2008,12,103,1,122112,1,4,2,2,3,2,3,2,1,1,1,2,3,2,2,2,2,2,2,2,3,2,2,2,2,2,2,2,1,2,2,0,0,0
2008,12,95,1,122113,1,4,1,2,1,2,3,2,1,2,2,2,1,2,2,2,1,2,2,2,3,2,2,2,2,2,2,2,2,2,2,0,0,0
2008,12,95,1,122114,1,4,1,2,2,2,6,2,1,2,2,2,1,2,2,1,2,2,1,2,1,2,2,2,2,2,2,2,1,1,2,0,0,0
2008,12,85,1,122115,1,4,1,2,1,1,6,1,4,1,1,2,2,2,1,2,2,2,2,2,2,2,2,2,2,1,2,2,2,2,2,0,0,0
2008,12,9,1,122116,1,4,2,2,4,2,6,2,1,2,1,2,1,2,2,1,2,2,2,2,2,1,1,1,1,2,2,1,1,2,2,0,0,0
2008,12,101,1,122117,1,4,1,2,1,2,4,2,3,2,1,2,2,2,2,2,2,2,2,2,2,2,2,2,2,2,2,2,1,2,2,0,0,0
2008,12,127,1,122118,1,4,1,2,1,2,3,2,1,2,1,2,1,2,2,2,1,2,2,2,3,2,2,2,2,1,2,2,2,2,2,0,0,0
2008,12,101,1,122119,1,4,2,2,1,2,6,3,1,1,1,2,1,2,2,2,2,2,1,2,3,2,2,2,2,1,2,2,2,2,2,0,0,0
2008,12,109,1,122120,1,4,2,2,1,1,4,1,1,1,1,2,1,1,2,2,2,1,2,2,3,2,2,2,2,2,2,2,2,2,2,0,0,0
2008,12,27,1,122121,1,4,1,2,4,2,4,2,1,2,1,2,1,2,2,2,2,2,1,2,2,2,2,2,2,1,2,2,1,2,2,0,0,0
2008,12,105,1,122122,1,4,2,2,1,1,3,1,4,1,1,2,2,2,2,2,2,2,2,2,1,2,2,2,2,1,1,1,2,2,2,0,0,0
2008,12,35,1,122123,1,4,1,2,1,2,4,2,1,2,1,2,1,2,2,2,1,2,2,2,3,2,2,2,2,2,2,2,2,2,2,0,0,0
2008,12,1,1,122124,1,4,2,1,1,2,1,2,4,2,1,2,2,2,2,2,2,2,2,2,3,1,1,1,1,2,1,1,2,1,2,0,0,0
2008,12,99,1,122125,1,4,1,2,1,2,6,2,1,2,1,2,1,2,2,2,2,2,2,2,3,2,2,2,2,2,2,2,2,2,2,0,0,0
2008,12,99,1,122126,1,4,2,2,1,2,3,2,1,2,1,1,1,2,2,2,1,2,2,2,3,2,2,2,2,2,1,1,2,2,2,0,0,0
2008,12,1,1,122127,1,4,2,1,1,2,1,2,2,2,1,2,3,1,2,2,2,2,2,2,3,2,2,2,2,1,1,1,2,1,2,0,0,0
2008,12,86,1,122128,1,4,2,2,1,2,6,2,1,2,2,2,1,2,2,2,1,2,2,2,3,1,1,1,1,2,2,1,2,2,2,0,0,0
2008,12,21,1,122129,1,4,1,1,1,2,1,2,1,2,1,2,1,2,2,2,1,2,2,2,3,2,2,2,2,2,2,2,2,2,2,0,0,0
2008,12,9,1,122130,1,4,2,2,1,1,3,1,1,1,1,2,1,2,2,2,1,2,2,2,3,2,2,2,2,1,2,2,2,2,2,0,0,0
2008,12,73,1,122131,1,4,1,1,4,2,1,2,1,1,1,2,1,2,2,1,2,2,2,2,2,2,2,2,2,2,2,2,1,2,2,0,0,0
2008,12,119,1,122132,1,4,1,2,2,2,6,2,1,2,2,2,1,2,2,2,2,2,1,2,1,2,2,2,2,2,1,1,1,1,2,0,0,0
2008,12,107,1,122133,1,4,1,2,1,2,3,2,1,2,2,2,1,2,2,2,1,2,2,2,3,2,2,2,2,2,2,2,2,2,2,0,0,0
2008,12,109,1,122134,1,4,1,2,1,2,3,2,3,2,2,2,3,2,1,2,2,2,2,2,1,1,1,1,1,2,2,1,1,2,2,0,0,0
2008,12,31,1,122135,1,4,2,1,1,2,1,2,4,1,1,2,2,2,2,2,2,2,1,2,3,2,2,2,2,1,2,2,1,2,2,0,0,0
2008,12,109,1,122136,1,4,1,1,3,2,1,2,1,1,2,2,2,1,2,2,2,2,2,2,1,2,2,2,2,2,2,2,1,2,2,0,0,0
2008,12,105,1,122138,1,4,2,2,1,1,3,1,4,1,2,2,2,2,2,2,2,2,1,2,3,2,2,2,2,2,2,2,2,2,2,0,0,0
2008,12,33,2,122139,1,4,2,2,2,2,4,2,1,2,2,2,1,2,2,2,2,2,2,2,1,2,2,2,2,2,1,1,1,1,2,0,0,0
2008,12,89,1,122140,1,4,1,2,1,2,3,2,4,2,2,2,2,1,2,2,2,2,2,2,1,2,2,2,2,2,2,2,2,2,2,0,0,0
2008,12,101,1,122141,1,4,1,2,1,2,6,2,1,2,2,1,1,2,2,2,1,2,2,2,3,2,2,2,2,2,2,2,2,1,2,0,0,0
2008,12,109,1,122142,1,4,1,2,1,2,3,2,2,2,2,2,3,2,2,2,2,2,2,2,1,2,2,2,2,2,1,1,2,1,2,0,0,0
2008,12,53,2,122143,1,4,1,2,1,2,6,2,3,2,2,2,3,2,2,2,2,2,2,2,1,2,2,2,2,2,1,1,1,1,2,0,0,0
2008,12,95,1,122144,1,4,2,2,1,2,3,2,1,2,2,2,1,2,2,2,2,1,2,2,3,2,2,2,2,2,2,2,2,2,2,0,0,0
2008,12,95,2,122145,1,4,1,2,1,1,6,1,4,2,2,2,2,2,2,2,2,2,2,2,3,2,2,2,2,2,2,2,2,2,2,0,0,0
2008,12,9,1,122146,1,4,2,2,1,2,4,2,1,2,2,2,1,2,2,2,1,2,2,2,3,2,2,2,2,2,2,2,2,2,2,0,0,0
2008,12,57,1,122147,1,4,2,2,1,2,3,2,1,1,1,2,1,2,2,2,1,2,2,2,3,2,2,2,2,2,2,2,2,2,2,0,0,0
2008,12,86,2,122148,1,4,2,2,1,1,3,1,4,1,1,2,2,2,2,2,2,2,2,2,3,2,2,2,2,2,2,2,2,2,2,0,0,0
2008,12,71,1,122149,1,4,1,2,4,2,6,2,1,1,1,2,1,2,2,2,1,2,2,2,3,2,2,1,1,2,2,1,1,2,2,0,0,0
2008,12,97,1,122150,1,4,1,2,4,2,6,2,1,2,1,2,1,2,2,1,2,2,1,2,1,2,2,2,2,2,2,2,1,1,2,0,0,0
2008,12,11,1,122151,1,4,2,1,4,2,1,2,1,1,1,2,1,2,2,2,2,2,2,2,3,2,2,2,2,2,2,2,2,2,2,0,0,0
2008,12,31,1,122152,1,4,2,1,1,2,1,2,3,2,1,2,2,2,2,2,2,2,2,2,1,1,1,1,1,2,1,1,2,2,2,0,0,0
2008,12,95,1,122154,1,4,2,2,4,2,2,3,1,2,1,2,1,2,2,2,2,2,2,2,1,2,2,2,2,2,2,2,1,2,2,0,0,0
2008,12,11,1,122155,1,4,2,2,3,2,3,2,1,2,1,2,1,2,2,1,2,2,2,2,3,1,1,1,1,2,2,1,1,1,2,0,0,0
2008,12,127,1,122156,1,4,2,2,3,2,6,2,1,2,1,2,1,2,2,1,2,2,2,2,3,1,1,1,1,2,2,1,1,2,2,0,0,0
2008,12,39,1,122157,1,4,1,2,1,2,3,2,1,2,2,1,2,2,2,2,1,2,2,2,1,2,2,2,2,2,2,2,2,2,2,0,0,0
2008,12,57,1,122158,1,4,2,2,2,1,3,1,1,2,1,2,1,2,2,1,2,2,1,2,1,2,2,2,2,2,2,2,2,1,2,0,0,0
2008,12,33,1,122159,1,4,2,1,2,2,1,2,1,1,1,2,1,1,2,2,2,2,1,2,2,2,2,2,2,2,2,2,1,2,2,0,0,0
2008,12,127,1,122160,1,4,1,1,2,2,1,2,5,2,1,2,1,1,2,2,1,2,2,2,3,2,2,2,2,2,2,2,2,2,2,0,0,0
2008,12,95,1,122161,1,4,2,2,1,1,4,1,4,1,1,2,2,2,2,2,2,2,1,2,2,2,2,2,2,2,2,2,2,2,2,0,0,0
2008,12,9,1,122162,1,4,2,2,1,1,3,1,1,2,2,2,1,2,2,2,2,2,2,2,3,2,2,2,2,2,2,2,2,2,2,0,0,0
2008,12,81,1,122163,1,4,2,2,1,2,3,2,1,2,2,2,1,2,2,2,1,2,2,2,3,2,2,2,2,2,2,2,2,2,2,0,0,0
2008,12,11,1,122164,1,4,2,2,2,2,5,2,1,2,2,2,1,2,2,2,2,2,1,2,3,2,2,2,2,2,2,2,2,2,2,0,0,0
2008,12,91,1,122165,1,4,1,2,1,1,3,1,4,2,1,2,2,2,1,2,2,2,2,2,2,2,2,2,2,2,2,2,2,2,2,0,0,0
2008,12,115,1,122166,1,4,1,2,1,1,6,1,1,2,1,2,1,2,2,2,1,2,2,2,3,2,2,2,2,2,2,2,2,2,2,0,0,0
2008,12,115,1,122167,1,4,1,2,2,2,6,2,1,2,1,2,1,2,2,2,2,2,1,2,1,2,2,2,2,2,1,1,1,1,2,0,0,0
2008,12,13,1,122168,1,4,1,2,1,1,4,1,3,1,1,2,3,2,2,2,2,2,2,2,1,2,2,2,2,2,2,2,2,1,2,0,0,0
2008,12,61,1,122169,1,4,1,1,1,2,1,2,2,2,1,2,2,2,2,2,2,2,1,2,2,2,2,2,2,2,2,2,2,1,2,0,0,0
2008,12,83,1,122170,1,4,1,2,1,1,6,1,4,1,1,2,2,2,1,2,2,2,2,2,3,2,2,2,2,1,1,1,2,2,2,0,0,0
2008,12,1,1,122171,1,4,1,2,1,2,4,2,5,2,1,2,3,2,2,2,2,2,2,2,3,1,1,1,1,2,1,1,1,2,2,0,0,0
2008,12,55,1,122172,1,4,1,2,1,1,3,1,4,1,1,2,2,1,2,2,2,2,2,2,3,2,2,2,2,2,2,2,2,2,2,0,0,0
2008,12,105,1,122173,1,4,1,2,1,2,3,2,1,1,1,2,1,2,2,2,2,2,1,2,1,2,2,2,2,2,2,2,2,1,2,0,0,0
2008,12,95,1,122174,1,4,2,2,1,2,6,2,3,2,2,2,2,2,1,1,2,2,2,2,1,2,2,2,2,2,2,2,1,2,2,0,0,0
2008,12,131,1,122175,1,4,1,1,1,2,1,2,2,2,2,2,2,2,2,2,2,2,2,2,3,2,2,2,2,2,2,2,1,1,2,0,0,0
2008,12,109,1,122176,1,4,2,2,1,2,4,2,2,2,2,2,3,2,1,1,2,2,2,2,1,2,2,2,2,2,1,1,2,1,2,0,0,0
2008,12,131,1,122177,1,4,1,2,4,2,4,2,1,2,2,2,1,2,2,1,2,2,2,2,1,2,2,2,2,2,1,1,1,1,2,0,0,0
2008,12,101,2,122178,1,4,1,2,1,2,6,2,3,2,1,2,2,2,2,2,2,2,1,2,2,1,1,1,1,2,2,1,1,2,2,0,0,0
2008,12,101,1,122179,1,4,1,2,1,2,6,2,1,2,1,2,1,2,2,2,2,1,2,2,3,2,2,2,2,2,1,1,2,1,2,0,0,0
2008,12,33,1,122180,1,4,2,2,1,1,4,1,4,1,1,2,3,2,2,2,2,2,2,2,3,2,2,2,2,2,2,2,2,2,2,0,0,0
2008,12,11,1,122181,1,4,2,1,2,2,1,2,1,2,2,2,1,2,2,2,2,2,1,2,2,2,2,2,2,2,1,1,1,2,2,0,0,0
2008,12,31,1,122182,1,4,2,2,4,2,6,2,1,1,1,2,1,2,2,2,2,2,1,2,2,2,2,2,2,1,2,2,1,1,2,0,0,0
2008,12,86,1,122183,1,4,2,2,4,2,3,2,1,2,1,2,1,2,2,1,2,2,2,2,3,2,2,2,2,2,2,2,1,2,2,0,0,0
2008,12,86,1,122184,1,4,2,2,4,2,4,2,1,2,2,2,1,2,1,2,2,2,2,2,1,2,2,2,2,2,2,2,1,1,2,0,0,0
2008,12,11,1,122185,1,4,2,1,1,2,1,2,2,2,1,1,2,2,1,1,2,2,2,2,3,2,2,2,2,2,2,2,2,1,2,0,0,0
2008,12,86,1,122186,1,4,2,2,1,1,3,1,4,2,2,2,3,2,2,2,2,2,2,2,3,1,1,1,1,1,2,1,2,2,2,0,0,0
2008,12,21,1,122187,1,4,1,2,1,2,6,2,1,2,2,2,1,2,2,1,2,2,1,2,3,1,1,1,1,2,2,1,2,1,2,0,0,0
2008,12,11,1,122188,1,4,2,1,1,2,1,3,2,2,2,2,2,2,1,2,2,2,2,2,1,2,2,2,2,2,2,2,2,1,2,0,0,0
2008,12,86,1,122189,1,4,2,2,1,2,2,2,1,2,1,2,1,2,2,2,1,2,2,2,3,2,2,2,2,2,2,2,2,2,2,0,0,0
2008,12,83,2,122190,1,4,2,2,1,1,4,1,2,2,1,2,3,2,2,1,2,2,1,2,1,1,1,1,1,2,2,1,2,1,2,0,0,0
2008,12,11,1,122191,1,4,2,1,2,2,1,3,1,2,1,2,1,2,2,2,2,2,1,2,1,2,2,2,2,2,2,2,1,1,2,0,0,0
2008,12,3,1,122192,1,4,1,2,1,2,6,2,4,1,1,2,2,1,2,2,2,2,2,2,2,1,1,1,1,2,2,1,1,1,2,0,0,0
2008,12,86,1,122193,1,4,2,2,2,2,2,2,1,2,1,2,2,1,1,1,2,2,2,2,1,2,2,2,2,2,1,1,1,1,2,0,0,0
2008,12,86,1,122194,1,4,2,2,2,2,3,2,1,1,1,2,1,2,2,2,2,2,2,2,3,1,1,1,1,2,2,1,1,1,2,0,0,0
2008,12,55,2,122195,1,4,2,2,4,1,5,1,1,1,2,2,1,2,2,2,1,2,2,2,2,2,2,2,2,2,2,2,2,2,2,0,0,0
2008,12,117,1,122196,1,4,1,2,2,2,6,2,1,1,1,2,1,2,2,2,2,2,2,2,1,2,2,2,2,2,2,2,1,1,2,0,0,0
2008,12,86,1,122197,1,4,2,2,2,2,2,3,1,2,2,2,1,2,1,1,2,2,2,2,1,2,2,2,2,2,2,2,1,1,2,0,0,0
2008,12,57,1,122198,1,4,2,2,3,2,3,2,2,1,2,2,1,2,2,2,1,2,2,2,2,2,2,2,2,2,2,2,1,1,2,0,0,0
2008,12,127,1,122199,1,4,2,2,1,2,3,2,3,2,2,2,2,2,1,2,2,2,2,2,1,2,2,2,2,1,2,2,1,2,2,0,0,0
2008,12,99,1,122200,1,4,2,2,1,2,3,2,4,2,1,2,3,1,2,2,2,2,2,2,3,2,2,2,2,2,2,2,1,2,2,0,0,0
2008,12,86,2,122201,1,4,1,2,1,2,6,2,2,2,2,2,3,2,2,2,2,2,2,2,3,1,1,1,1,2,2,1,2,2,2,0,0,0
2008,12,97,1,122202,1,4,1,2,1,1,6,1,4,1,2,2,2,2,1,2,2,2,2,2,1,2,2,2,2,2,1,1,2,2,2,0,0,0
2008,12,71,1,122203,1,4,2,2,1,2,3,2,1,2,2,1,1,2,2,2,1,2,2,2,3,2,2,2,2,2,2,2,2,2,2,0,0,0
2008,12,39,1,122204,1,4,2,2,1,2,4,2,1,2,2,2,1,2,2,2,2,2,1,2,1,2,2,2,2,2,1,1,2,1,2,0,0,0
2008,12,115,1,122205,1,4,1,2,1,1,6,1,4,1,2,2,2,2,1,2,2,2,2,2,3,2,2,2,2,1,2,2,2,2,2,0,0,0
2008,12,111,1,122206,1,4,2,2,1,2,4,2,3,1,2,2,2,2,1,2,2,2,2,2,1,2,2,2,2,2,1,1,1,2,2,0,0,0
2008,12,41,1,122207,1,4,1,2,4,2,3,2,1,1,2,2,1,2,2,2,2,2,2,2,3,2,2,2,2,2,2,2,1,2,2,0,0,0
2008,12,117,1,122208,1,4,2,1,4,2,1,2,1,2,2,2,1,2,2,2,2,2,1,2,3,2,2,2,2,2,1,1,1,1,2,0,0,0
2008,12,99,1,122209,1,4,1,2,1,2,6,2,1,1,1,2,1,2,2,2,1,2,2,2,2,2,2,2,2,2,2,2,2,2,2,0,0,0
2008,12,83,1,122210,1,4,1,2,1,2,6,2,3,2,1,2,2,2,2,2,2,2,1,2,2,2,2,2,2,2,2,2,1,2,2,0,0,0
2008,12,31,1,122211,1,4,2,3,1,1,7,1,4,1,1,2,2,2,2,2,2,2,2,2,3,1,1,1,1,1,2,1,2,2,2,0,0,0
2008,12,105,1,122212,1,4,1,2,4,2,6,2,1,1,1,2,1,2,2,2,2,2,1,2,1,2,2,2,2,2,2,2,1,2,2,0,0,0
2008,12,101,2,122213,1,4,2,1,2,2,1,2,6,2,1,2,1,2,2,2,2,2,2,2,1,2,2,2,2,2,1,1,1,1,2,0,0,0
2008,12,123,1,122214,1,4,1,2,4,2,3,2,1,1,2,2,1,2,2,1,2,2,1,2,1,2,2,2,2,2,2,2,1,1,2,0,0,0
2008,12,31,1,122215,1,4,2,1,2,2,1,2,1,2,2,2,1,2,2,1,2,2,2,2,1,2,2,2,2,2,2,2,1,1,2,0,0,0
2008,12,105,1,122216,1,4,2,2,1,1,3,1,1,2,1,2,1,2,2,2,1,2,2,2,3,2,2,2,2,2,2,2,2,2,2,0,0,0
2008,12,115,1,122217,1,4,2,2,1,1,3,1,1,2,1,2,2,2,2,2,2,2,2,2,3,2,2,2,2,2,2,2,2,2,2,0,0,0
2008,12,103,1,122218,1,4,2,2,1,2,3,2,1,2,1,1,1,2,2,2,1,2,2,2,3,2,2,2,2,2,2,2,2,2,2,0,0,0
2008,12,35,1,122219,1,4,1,2,1,2,3,2,5,1,1,2,2,1,2,2,2,2,1,2,3,2,2,2,2,2,2,2,1,1,2,0,0,0
2008,12,103,1,122220,1,4,2,2,1,2,3,2,1,2,1,2,1,2,2,2,2,1,2,2,3,2,2,2,2,2,2,2,2,1,2,0,0,0
2008,12,57,2,122221,1,4,2,2,4,2,3,2,1,2,2,2,1,2,2,1,2,2,2,2,1,1,1,1,1,2,2,1,1,1,2,0,0,0
2008,12,11,1,122222,1,4,2,2,1,1,3,1,4,1,1,2,2,2,2,2,2,2,2,2,3,2,2,2,2,1,2,2,2,2,2,0,0,0
2008,12,97,1,122223,1,4,2,2,2,2,2,2,1,1,1,2,1,2,2,2,2,2,2,2,2,2,2,2,2,2,2,2,1,2,2,0,0,0
2008,12,95,1,122224,1,4,2,2,1,2,6,3,5,1,1,2,2,2,2,2,2,2,2,2,3,2,2,2,2,2,2,2,2,2,2,0,0,0
2008,12,99,1,122225,1,4,2,2,1,2,3,2,1,1,1,2,1,2,2,2,2,2,2,2,3,2,2,2,2,2,2,2,2,2,2,0,0,0
2008,12,103,1,122226,1,4,2,2,1,2,3,2,1,2,1,1,1,2,2,2,1,2,2,2,3,2,2,2,2,2,2,2,2,2,2,0,0,0
2008,12,53,1,122227,1,4,2,2,1,2,3,3,4,1,1,2,2,2,1,2,2,2,2,2,3,2,2,2,2,2,2,2,2,2,2,0,0,0
2008,12,99,1,122228,1,4,1,2,3,2,6,2,1,1,2,2,2,2,1,2,2,2,2,2,3,2,2,2,2,2,2,2,1,2,2,0,0,0
2008,12,115,1,122229,1,4,2,2,1,1,3,1,4,1,2,2,2,2,2,2,2,2,2,2,3,2,2,2,2,1,2,2,2,2,2,0,0,0
2008,12,57,1,122230,1,4,2,2,1,2,3,2,1,2,2,1,1,2,2,2,2,2,2,2,3,2,2,2,2,2,2,2,2,1,2,0,0,0
2008,12,9,1,122231,1,4,2,2,1,2,6,2,1,2,1,1,1,2,2,2,2,2,2,2,3,2,2,2,2,2,2,2,2,2,2,0,0,0
2008,12,86,1,122232,1,4,2,2,1,1,3,1,1,1,1,2,1,2,2,2,2,2,2,2,3,2,2,2,2,2,2,2,2,2,2,0,0,0
2008,12,86,1,122233,1,4,2,2,1,1,4,1,1,2,2,2,1,2,2,2,2,1,2,2,3,2,2,2,2,2,1,1,2,1,2,0,0,0
2008,12,86,1,122234,1,4,2,2,1,1,4,1,1,1,1,2,1,2,2,2,1,2,2,2,3,2,2,2,2,2,2,2,2,1,2,0,0,0
2008,12,95,1,122235,1,4,2,2,1,2,3,2,1,2,1,1,1,2,2,2,1,2,2,2,3,2,2,2,2,2,2,2,2,2,2,0,0,0
2008,12,86,1,122236,1,4,2,2,4,2,3,2,3,2,1,2,1,2,2,2,2,2,1,2,3,2,2,2,2,2,2,2,1,1,2,0,0,0
2008,12,9,1,122237,1,4,2,2,1,1,3,1,4,1,2,2,2,2,2,2,2,2,2,2,3,2,2,2,2,1,2,2,2,2,2,0,0,0
2008,12,57,1,122238,1,4,1,2,1,2,6,3,3,2,1,2,2,2,2,2,2,2,2,2,3,1,1,1,1,2,2,1,2,2,2,0,0,0
2008,12,86,1,122239,1,4,1,2,1,2,6,2,1,2,1,2,1,2,2,2,1,2,2,2,3,2,2,2,2,2,2,2,2,2,2,0,0,0
2008,12,9,1,122240,1,4,2,2,1,1,3,1,4,1,1,2,2,2,2,2,2,2,2,2,3,2,2,2,2,1,2,2,2,1,2,0,0,0
2008,12,57,1,122241,1,4,1,2,4,2,6,2,1,1,1,2,1,2,1,1,2,2,2,2,1,2,2,2,2,2,2,2,1,2,2,0,0,0
2008,12,57,1,122242,1,4,1,2,1,2,6,2,1,2,2,2,1,2,2,2,1,2,2,2,3,2,2,2,2,2,2,2,2,2,2,0,0,0
2008,12,49,1,122243,1,4,2,2,1,2,3,2,1,2,2,2,1,2,2,2,2,2,2,2,3,2,2,2,2,2,1,1,1,2,2,0,0,0
2008,12,57,1,122244,1,4,2,2,1,1,3,1,4,2,2,2,2,1,2,2,2,2,2,2,3,2,2,2,2,2,2,2,2,2,2,0,0,0
2008,12,11,1,122245,1,4,2,2,1,2,3,2,1,2,1,2,1,2,2,2,1,2,2,2,3,2,2,2,2,1,2,2,2,2,2,0,0,0
2008,12,57,1,122246,1,4,2,1,3,2,1,2,1,2,2,2,1,2,2,1,2,2,2,2,1,2,2,2,2,2,2,2,1,1,2,0,0,0
2008,12,57,1,122247,1,4,1,2,1,2,6,2,1,2,2,2,1,2,2,2,2,2,1,2,1,2,2,2,2,2,2,2,1,1,2,0,0,0
2008,12,17,1,122248,1,4,1,2,2,2,6,2,1,2,2,2,1,2,1,1,2,2,2,2,3,2,2,2,2,2,2,2,1,2,2,0,0,0
2008,12,31,1,122249,1,4,2,2,1,2,4,2,1,2,2,2,1,2,2,2,2,2,2,2,3,2,2,2,2,2,2,2,2,2,2,0,0,0
2008,12,95,1,122250,1,4,2,2,4,2,4,2,1,2,2,2,1,2,2,1,2,2,2,2,1,2,2,2,2,2,1,1,1,2,2,0,0,0
2008,12,95,1,122251,1,4,2,2,1,1,6,1,4,2,1,2,2,2,2,2,2,2,2,2,3,1,1,1,1,1,2,1,2,1,2,0,0,0
2008,12,5,1,122252,1,4,2,2,1,1,6,1,4,1,1,2,2,2,1,2,2,2,2,2,1,2,2,2,2,1,2,2,2,1,2,0,0,0
2008,12,69,1,122253,1,4,2,2,3,2,3,2,1,2,1,2,2,2,1,2,2,2,2,2,1,2,2,2,2,2,2,2,1,1,2,0,0,0
2008,12,11,1,122254,1,4,2,2,1,2,2,2,2,1,1,2,2,2,1,2,2,2,2,2,3,2,2,2,2,1,2,2,2,2,2,0,0,0
2008,12,11,1,122255,1,4,2,2,1,2,3,2,1,2,1,2,1,2,2,2,1,2,2,2,3,2,2,2,2,2,2,2,2,2,2,0,0,0
2008,12,99,1,122256,1,4,2,2,2,2,3,2,1,2,1,2,1,2,2,2,2,2,2,2,1,2,2,2,2,2,2,2,1,1,2,0,0,0
2008,12,131,1,122257,1,4,1,2,4,2,4,2,1,2,1,2,1,2,2,1,2,2,2,2,2,2,2,2,2,2,2,2,1,2,2,0,0,0
2008,12,95,1,122258,1,4,1,2,4,2,6,2,1,2,1,2,1,2,2,1,2,2,1,2,1,2,2,2,2,2,2,2,1,2,2,0,0,0
2008,12,86,1,122259,1,4,2,2,4,2,6,2,1,2,2,2,1,2,2,2,2,2,2,2,3,2,2,2,2,2,2,2,1,1,2,0,0,0
2008,12,11,1,122260,1,4,2,2,1,1,6,1,4,1,2,2,2,2,1,2,2,2,2,2,3,2,2,2,2,2,2,2,2,2,2,0,0,0
2008,12,57,1,122261,1,4,2,2,1,2,3,2,2,2,2,2,2,2,2,2,2,2,2,2,3,1,1,1,1,2,2,1,2,1,2,0,0,0
2008,12,21,1,122262,1,4,1,2,1,2,6,2,1,2,2,1,1,2,2,2,2,1,2,2,3,2,2,2,2,2,2,2,2,2,2,0,0,0
2008,12,115,1,122263,1,4,2,2,1,1,4,1,1,1,2,2,1,2,2,2,1,2,2,2,3,2,2,2,2,1,2,2,2,2,2,0,0,0
2008,12,86,1,122264,1,4,2,2,1,1,4,1,4,3,1,2,2,2,2,2,2,2,2,2,3,2,2,2,2,2,2,2,2,2,2,0,0,0
2008,12,57,1,122265,1,4,1,2,1,2,6,2,1,2,1,1,2,2,2,2,2,1,2,2,3,2,2,2,2,2,2,2,2,2,2,0,0,0
2008,12,19,1,122266,1,4,1,2,2,2,6,2,1,1,1,2,1,2,2,2,2,1,2,2,3,1,1,1,1,2,2,1,1,1,2,0,0,0
2008,12,61,1,122267,1,4,2,2,1,1,3,1,4,1,1,2,2,2,1,2,2,2,2,2,3,2,2,2,2,2,2,2,2,2,2,0,0,0
2008,12,71,1,122268,1,4,2,2,1,2,6,2,4,1,1,2,2,2,1,1,2,2,2,2,3,2,2,2,2,1,1,1,2,1,2,0,0,0
2008,12,99,1,122269,1,4,2,2,4,2,6,2,1,1,1,2,1,2,2,1,2,2,2,2,2,1,1,1,1,2,2,1,1,2,2,0,0,0
2008,12,57,1,122270,1,4,1,2,1,2,6,2,1,2,2,2,1,2,2,2,1,2,2,2,1,2,2,2,2,2,2,2,2,2,2,0,0,0
2008,12,99,1,122271,1,4,1,2,1,2,6,2,1,1,2,2,1,2,2,2,1,2,2,2,1,2,2,2,2,2,2,2,2,2,2,0,0,0
2008,12,11,1,122272,1,4,2,2,4,1,2,1,1,2,2,2,1,2,2,2,2,2,1,2,1,2,2,2,2,2,2,2,2,2,2,0,0,0
2008,12,99,1,122273,1,4,2,2,1,2,3,2,1,2,1,1,1,2,2,2,1,2,2,2,3,2,2,2,2,2,2,2,2,2,2,0,0,0
2008,12,89,1,122274,1,4,1,1,1,2,1,2,2,2,1,2,2,1,2,2,2,2,2,2,1,2,2,2,2,2,2,2,2,1,2,0,0,0
2008,12,127,1,122275,1,4,2,1,2,2,1,2,1,2,1,2,1,2,2,2,2,2,1,2,1,2,2,2,2,2,2,2,1,2,2,0,0,0
2008,12,31,1,122276,1,4,2,2,1,1,3,1,2,2,1,2,2,2,1,2,2,2,2,2,1,2,2,2,2,2,2,2,2,1,2,0,0,0
2008,12,69,1,122277,1,4,1,2,2,2,4,2,1,1,1,2,1,2,2,2,2,2,2,2,2,2,2,2,2,1,2,2,1,2,2,0,0,0
2008,12,1,1,122278,1,4,1,1,3,2,1,2,1,2,2,2,1,2,2,2,2,2,2,2,3,1,1,1,1,2,2,1,1,2,2,0,0,0
2008,12,11,1,122279,1,4,2,2,1,1,2,1,1,2,2,2,1,2,2,2,1,2,2,2,3,2,2,2,2,1,2,2,2,2,2,0,0,0
2008,12,107,1,122280,1,4,1,2,4,1,4,1,1,2,1,2,1,2,2,2,2,2,2,2,1,1,1,1,1,2,2,1,2,1,2,0,0,0
2008,12,9,1,122281,1,4,1,2,2,2,6,2,1,1,2,2,1,2,1,1,2,2,2,2,1,2,2,2,2,2,2,2,1,2,2,0,0,0
2008,12,89,1,122282,1,4,1,1,2,2,1,2,1,2,2,2,1,2,2,2,2,2,1,2,1,2,2,2,2,2,1,1,1,1,2,0,0,0
2008,12,101,1,122283,1,4,2,2,1,1,3,1,4,2,2,2,2,2,2,2,2,2,1,2,1,1,1,1,1,2,1,1,2,2,2,0,0,0
2008,12,86,1,122284,1,4,2,2,1,1,3,1,1,2,2,2,1,2,2,2,1,2,2,2,3,2,2,2,2,2,1,1,2,2,2,0,0,0
2008,12,15,1,122285,1,4,2,2,3,1,4,1,1,1,2,2,1,2,2,2,2,2,1,2,1,2,2,2,2,2,2,2,2,2,2,0,0,0
2008,12,127,1,122286,1,4,2,2,1,1,6,1,4,1,2,2,2,2,1,2,2,2,2,2,3,2,2,2,2,2,2,2,2,2,2,0,0,0
2008,12,97,1,122287,1,4,2,1,1,2,1,2,1,2,2,1,2,2,2,2,1,2,2,2,3,2,2,2,2,2,2,2,2,2,2,0,0,0
2008,12,21,1,122288,1,4,1,2,2,2,3,2,1,2,2,2,1,2,2,1,2,2,1,2,1,2,2,2,2,2,2,2,1,1,2,0,0,0
2008,12,95,1,122289,1,4,1,2,1,1,6,1,4,1,2,2,2,2,1,2,2,2,2,2,1,2,2,2,2,2,1,1,2,2,2,0,0,0
2008,12,95,1,122290,1,4,2,2,2,2,4,2,1,2,2,2,1,2,2,2,2,2,2,2,2,2,2,2,2,1,2,2,1,2,2,0,0,0
2008,12,115,1,122291,1,4,2,1,1,2,1,2,2,2,2,2,2,2,1,1,2,2,2,2,1,2,2,2,2,2,1,1,2,2,2,0,0,0
2008,12,127,1,122292,1,4,1,1,1,2,1,2,2,2,2,2,2,2,2,2,2,2,1,2,1,2,2,2,2,1,2,2,2,1,2,0,0,0
2008,12,3,2,122293,1,4,1,1,1,2,1,2,2,2,1,2,2,1,2,2,2,2,2,2,3,2,2,2,2,1,2,2,2,1,2,0,0,0
2008,12,51,1,122294,1,4,1,2,2,1,3,1,1,2,1,2,1,2,2,1,2,2,1,2,1,2,2,2,2,2,2,2,2,2,2,0,0,0
2008,12,105,1,122295,1,4,1,2,1,1,3,1,2,2,1,2,2,1,2,2,2,2,2,2,3,2,2,2,2,1,2,2,2,1,2,0,0,0
2008,12,117,1,122296,1,4,2,2,1,1,3,1,1,2,1,2,1,2,2,2,1,2,2,2,3,2,2,2,2,2,2,2,2,2,2,0,0,0
2008,12,103,1,122297,1,4,2,1,2,2,1,3,1,2,1,2,1,2,2,1,2,2,1,2,1,2,2,2,2,2,2,2,1,2,2,0,0,0
2008,12,95,1,122298,1,4,2,2,1,2,3,2,1,2,1,2,1,2,2,2,1,2,2,2,3,2,2,2,2,2,2,2,2,2,2,0,0,0
2008,12,107,2,122299,1,4,2,2,1,1,3,1,4,2,1,2,2,2,2,2,2,2,2,2,1,2,2,2,2,2,1,1,2,2,2,0,0,0
2008,12,95,1,122300,1,4,2,2,1,2,4,2,1,2,1,2,1,2,2,2,1,2,2,2,3,2,2,2,2,2,2,2,2,2,2,0,0,0
2008,12,101,1,122301,1,4,2,2,1,2,3,3,4,1,1,2,3,2,1,2,2,2,2,2,1,2,2,2,2,2,2,2,2,2,2,0,0,0
2008,12,83,1,122302,1,4,1,2,1,2,6,2,3,2,1,2,2,2,2,2,2,2,2,2,3,2,2,2,2,2,1,1,2,2,2,0,0,0
2008,12,11,1,122303,1,4,2,2,1,2,2,2,1,1,2,2,1,2,2,2,2,2,1,2,3,2,2,2,2,2,2,2,2,2,2,0,0,0
2008,12,127,1,122304,1,4,2,2,1,2,6,2,1,2,2,1,1,2,2,2,1,2,2,2,3,2,2,2,2,2,2,2,2,2,2,0,0,0
2008,12,71,1,122305,1,4,1,2,2,2,6,2,1,2,2,2,1,2,1,2,2,2,2,2,3,2,2,2,2,2,2,2,1,1,2,0,0,0
2008,12,1,1,122306,1,4,1,2,4,2,3,2,1,1,2,2,1,2,2,2,2,2,1,2,2,2,2,2,2,2,2,2,1,1,2,0,0,0
2008,12,1,1,122307,1,4,1,2,1,2,3,2,1,2,2,2,2,2,2,2,2,2,1,2,1,2,2,2,2,2,2,2,1,1,2,0,0,0
2008,12,86,1,122308,1,4,2,1,1,2,1,2,1,2,2,2,1,2,2,2,1,2,2,2,3,2,2,2,2,2,2,2,2,2,2,0,0,0
2008,12,51,1,122309,1,4,1,2,1,2,6,2,3,2,2,2,2,2,2,2,2,2,1,2,1,2,2,2,2,2,2,2,1,1,2,0,0,0
2008,12,81,1,122310,1,4,2,2,4,2,3,2,1,2,2,2,1,2,2,1,2,2,2,2,3,1,1,1,1,2,2,1,1,1,2,0,0,0
2008,12,99,1,122311,1,4,2,2,1,1,2,1,4,1,2,2,2,2,2,2,2,2,2,2,3,1,1,1,1,2,2,1,2,2,2,0,0,0
2008,12,107,1,122312,1,4,1,2,1,2,4,2,3,1,2,2,2,2,2,2,2,2,2,2,3,2,2,1,1,2,2,1,1,1,2,0,0,0
2008,12,33,1,122313,1,4,2,2,1,1,3,1,3,2,2,2,2,2,2,2,2,2,2,2,1,1,1,1,1,2,2,1,2,2,2,0,0,0
2008,12,95,1,122314,1,4,2,2,1,2,4,2,1,2,2,2,1,2,2,2,1,2,2,2,3,1,1,1,1,2,2,1,2,2,2,0,0,0
2008,12,103,1,122315,1,4,2,2,4,2,6,3,1,2,2,2,1,2,2,1,2,2,2,2,1,2,2,2,2,2,1,1,1,1,2,0,0,0
2008,12,95,1,122316,1,4,2,2,2,2,2,2,2,2,1,2,1,2,2,2,2,2,2,2,2,2,2,2,2,2,2,2,1,1,2,0,0,0
2008,12,86,1,122317,1,4,2,2,1,1,3,1,1,2,1,2,1,2,2,2,1,2,2,2,3,2,2,2,2,1,2,2,2,2,2,0,0,0
2008,12,9,1,122318,1,4,2,1,2,2,1,2,1,1,1,2,1,2,2,2,2,2,1,2,2,2,2,2,2,2,2,2,1,1,2,0,0,0
2008,12,101,1,122319,1,4,1,2,1,2,6,2,3,2,1,2,3,2,1,2,2,2,2,2,1,2,2,2,2,2,1,1,1,2,2,0,0,0
2008,12,9,1,122320,1,4,2,1,2,2,1,2,1,1,1,2,1,2,2,2,2,2,2,2,2,2,2,2,2,2,2,2,1,1,2,0,0,0
2008,12,33,1,122321,1,4,2,2,1,1,4,1,1,2,1,1,3,2,2,2,1,2,2,2,3,2,2,2,2,2,1,1,2,2,2,0,0,0
2008,12,91,1,122322,1,4,1,2,1,1,3,1,1,1,1,2,1,2,2,1,2,2,1,2,2,1,1,1,1,2,2,1,2,2,2,0,0,0
2008,12,11,2,122323,1,4,2,2,1,1,6,1,4,2,1,2,2,2,1,2,2,2,2,2,3,2,2,2,2,2,2,2,2,2,2,0,0,0
2008,12,33,1,122324,1,4,2,2,1,1,3,1,1,2,1,2,1,2,2,2,1,2,2,2,3,2,2,2,2,2,2,2,2,2,2,0,0,0
2008,12,31,1,122325,1,4,2,2,1,2,4,2,1,2,2,2,1,2,2,2,1,2,2,2,3,2,2,2,2,2,2,2,2,2,2,0,0,0
2008,12,91,1,122326,1,4,1,2,1,2,3,2,3,2,2,2,2,2,2,2,2,2,2,2,1,2,2,2,2,2,1,1,1,2,2,0,0,0
2008,12,57,1,122327,1,4,1,2,4,2,3,2,1,2,2,2,1,2,2,1,2,2,1,2,1,2,2,2,2,2,2,2,1,1,2,0,0,0
2008,12,119,3,122328,1,4,1,2,1,2,6,2,4,2,2,2,3,2,1,2,2,2,2,2,1,2,2,2,2,1,2,2,1,2,2,0,0,0
2008,12,69,1,122329,1,4,2,2,1,1,6,1,1,2,2,2,1,2,2,2,1,2,2,2,2,2,2,2,2,1,2,2,2,2,2,0,0,0
2008,12,113,1,122330,1,4,2,2,1,2,3,2,2,2,2,2,2,2,1,1,2,2,2,2,1,2,2,2,2,2,1,1,2,1,2,0,0,0
2008,12,11,1,122332,1,4,2,2,1,1,3,1,4,2,2,2,2,2,2,1,2,2,2,2,3,2,2,2,2,2,2,2,2,1,2,0,0,0
2008,12,105,2,122333,1,4,1,2,1,1,6,1,4,1,1,2,2,2,2,2,2,2,1,2,3,2,2,2,2,2,1,1,2,2,2,0,0,0
2008,12,99,1,122334,1,4,2,2,1,2,2,2,1,1,2,2,1,2,2,2,2,2,1,2,1,2,2,2,2,2,2,2,2,1,2,0,0,0
2008,12,111,1,122335,1,4,2,2,1,2,4,2,4,2,1,2,2,2,2,1,2,2,2,2,1,2,2,2,2,2,2,2,2,2,2,0,0,0
2008,12,99,1,122336,1,4,1,2,4,2,6,2,1,2,1,2,1,2,2,2,2,2,2,2,3,2,2,2,2,2,2,2,1,2,2,0,0,0
2008,12,86,1,122337,1,4,2,2,1,1,3,1,4,2,2,2,3,2,2,2,2,2,1,2,3,1,1,1,1,2,2,1,2,2,2,0,0,0
2008,12,95,1,122338,1,4,2,2,1,2,3,2,2,2,1,2,2,2,1,2,2,2,2,2,3,2,2,1,1,2,2,1,2,2,2,0,0,0
2008,12,86,1,122339,1,4,2,2,1,2,6,2,5,2,2,1,2,2,1,2,2,2,2,2,1,2,2,2,2,2,2,2,2,2,2,0,0,0
2008,12,86,1,122340,1,4,2,2,4,2,3,2,1,1,1,2,1,2,2,2,2,2,1,2,3,2,2,2,2,2,2,2,1,1,2,0,0,0
2008,12,11,1,122341,1,4,2,2,1,1,6,1,1,1,1,2,1,1,2,2,1,2,2,2,3,2,2,2,2,2,2,2,2,2,2,0,0,0
2008,12,11,1,122342,1,4,2,2,1,1,6,1,1,2,2,2,1,2,2,2,1,2,2,2,1,2,2,1,1,2,2,1,2,2,2,0,0,0
2008,12,11,1,122343,1,4,2,2,1,1,3,1,3,1,1,2,3,2,2,2,2,2,2,2,3,2,2,2,2,1,2,2,2,2,2,0,0,0
2008,12,86,1,122344,1,4,1,2,1,1,6,1,4,1,1,2,2,1,2,2,2,2,2,2,3,2,2,2,2,1,2,2,2,2,2,0,0,0
2008,12,57,1,122345,1,4,1,2,2,2,6,2,1,2,1,2,1,2,2,1,2,2,2,2,1,2,2,2,2,2,1,1,1,1,2,0,0,0
2008,12,86,1,122346,1,4,2,2,2,2,3,2,1,2,2,2,1,2,2,1,2,2,2,2,1,2,2,2,2,2,2,2,1,2,2,0,0,0
2008,12,86,1,122347,1,4,2,2,1,1,6,1,4,1,1,2,2,2,1,2,2,2,2,2,3,2,2,2,2,2,1,1,2,2,2,0,0,0
2008,12,33,1,122348,1,4,2,2,1,1,3,1,1,2,2,2,1,2,2,2,1,2,2,2,3,2,2,2,2,2,2,2,2,2,2,0,0,0
2008,12,57,1,122349,1,4,1,2,1,2,6,2,3,1,2,2,3,2,2,2,2,2,2,2,3,2,2,2,2,2,2,2,1,2,2,0,0,0
2008,12,17,2,122350,1,4,2,2,1,1,4,1,4,1,2,2,2,2,2,2,2,2,2,2,3,2,2,2,2,1,2,2,2,2,2,0,0,0
2008,12,86,1,122351,1,4,2,2,1,1,3,1,1,1,2,2,1,2,2,2,1,2,2,2,3,2,2,2,2,2,2,2,2,2,2,0,0,0
2008,12,69,1,122352,1,4,2,2,1,1,4,1,4,1,2,2,2,1,2,2,2,2,2,2,3,2,2,2,2,1,2,2,2,2,2,0,0,0
2008,12,117,2,122353,1,4,1,2,1,1,6,1,4,1,1,2,2,2,2,2,2,2,2,2,3,2,2,2,2,1,1,1,2,2,2,0,0,0
2008,12,83,1,122354,1,4,2,2,1,1,3,1,1,2,1,2,1,2,1,2,2,1,2,2,3,2,2,2,2,2,2,2,2,2,2,0,0,0
2008,12,105,1,122355,1,4,2,2,1,1,6,1,4,1,2,2,2,2,2,2,2,2,2,2,3,2,2,2,2,2,2,2,2,2,2,0,0,0
2008,12,31,1,122356,1,4,2,2,1,1,6,1,1,2,1,2,1,2,1,2,2,2,2,2,1,2,2,2,2,2,2,2,2,1,2,0,0,0
2008,12,105,1,122357,1,4,2,2,1,1,3,1,4,1,2,1,3,2,1,1,2,2,2,2,1,2,2,1,1,1,2,1,2,2,2,0,0,0
2008,12,105,1,122358,1,4,2,2,1,2,3,2,2,1,1,2,2,2,2,2,2,2,2,2,3,2,2,2,2,1,2,2,2,1,2,0,0,0
2008,12,109,1,122359,1,4,1,2,1,1,6,1,3,1,1,2,2,2,2,2,2,2,2,2,3,2,2,2,2,1,2,2,2,2,2,0,0,0
2008,12,81,1,122360,1,4,1,2,1,1,6,1,3,1,1,2,2,2,2,2,2,2,2,2,3,2,2,1,1,1,2,1,2,2,2,0,0,0
2008,12,101,1,122361,1,4,2,2,1,2,3,2,1,1,2,2,1,2,2,2,2,1,2,2,3,2,2,2,2,2,2,2,2,2,2,0,0,0
2008,12,105,1,122362,1,4,2,2,1,1,3,1,1,2,2,2,1,2,2,2,1,2,2,2,3,2,2,2,2,2,2,2,2,2,2,0,0,0
2008,12,127,1,122363,1,4,2,2,1,1,6,1,4,2,1,2,3,2,2,2,2,2,2,2,3,2,2,2,2,1,2,2,2,2,2,0,0,0
2008,12,31,1,122364,1,4,2,2,1,1,6,1,1,2,1,2,1,2,1,2,1,2,2,2,3,2,2,2,2,2,2,2,2,2,2,0,0,0
2008,12,37,1,122365,1,4,1,2,4,2,6,2,1,3,2,2,1,2,2,1,2,2,2,2,2,2,2,2,2,2,2,2,1,1,2,0,0,0
2008,12,109,1,122366,1,4,2,2,1,2,3,2,1,2,2,1,2,2,2,2,1,2,2,2,3,1,1,1,1,2,2,1,2,2,2,0,0,0
2008,12,43,6,122367,1,4,1,2,1,1,3,1,4,1,1,2,2,1,2,2,2,2,1,2,1,2,2,2,2,1,2,2,2,2,2,0,0,0
2008,12,61,1,122368,1,4,2,2,1,1,2,1,1,1,1,2,1,2,2,2,1,2,2,2,3,2,2,2,2,2,2,2,2,2,2,0,0,0
2008,12,11,1,122370,1,4,2,2,1,1,6,1,1,1,1,2,1,2,2,2,2,1,2,2,3,2,2,2,2,1,2,2,2,2,2,0,0,0
2008,12,89,1,122371,1,4,1,2,4,2,6,2,1,1,1,2,1,2,2,2,2,2,1,2,3,2,2,2,2,2,2,2,1,1,2,0,0,0
2008,12,127,1,122372,1,4,2,2,1,1,3,1,4,1,1,2,2,1,2,2,2,2,2,2,3,2,2,2,2,1,2,2,2,2,2,0,0,0
2008,12,11,1,122373,1,4,2,2,1,1,3,1,1,2,1,2,1,2,2,2,1,2,2,2,3,2,2,2,2,2,1,1,2,2,2,0,0,0
2008,12,86,1,122374,1,4,2,2,1,1,4,1,1,2,1,2,1,2,2,2,1,2,2,2,3,2,2,2,2,2,2,2,2,1,2,0,0,0
2008,12,41,1,122375,1,4,1,2,1,2,3,2,3,1,1,2,2,2,2,2,2,2,2,2,3,2,2,2,2,1,2,2,2,2,2,0,0,0
2008,12,11,1,122376,1,4,2,2,2,1,4,1,1,1,2,2,1,2,2,2,2,2,2,2,3,2,2,2,2,1,2,2,2,2,2,0,0,0
2008,12,103,1,122377,1,4,1,2,4,2,6,2,1,1,1,2,1,2,2,2,2,2,2,2,3,2,2,2,2,1,2,2,1,2,2,0,0,0
2008,12,83,1,122378,1,4,1,2,2,2,6,2,1,1,1,2,1,2,2,2,2,1,2,2,3,2,2,2,2,2,2,2,1,1,2,0,0,0
2008,12,99,1,122379,1,4,2,2,1,1,4,1,4,1,1,2,3,2,2,1,2,2,2,2,2,2,2,2,2,1,2,2,2,2,2,0,0,0
2008,12,86,1,122380,1,4,2,2,1,1,3,1,4,1,1,2,2,2,1,2,2,2,2,2,3,2,2,2,2,2,2,2,2,2,2,0,0,0
2008,12,117,1,122381,1,4,2,2,1,2,2,2,1,1,2,2,1,2,1,2,2,2,2,2,3,2,2,2,2,2,2,2,1,1,2,0,0,0
2008,12,71,1,122382,1,4,2,2,1,2,6,2,1,1,1,2,1,2,2,2,2,1,2,2,3,2,2,2,2,2,2,2,2,2,2,0,0,0
2008,12,103,1,122383,1,4,2,2,1,2,6,2,1,1,1,2,1,2,2,2,2,1,2,2,3,2,2,2,2,2,1,1,2,2,2,0,0,0
2008,12,117,1,122384,1,4,1,2,1,2,6,3,1,2,2,2,1,2,1,1,2,2,2,2,1,2,2,2,2,2,1,1,2,1,2,0,0,0
2008,12,91,1,122385,1,4,2,2,1,1,3,1,1,2,1,2,1,2,2,2,2,2,1,2,1,2,2,2,2,2,1,1,2,2,2,0,0,0
2008,12,43,1,122387,1,4,1,2,1,2,6,2,1,2,2,2,1,2,2,1,2,2,1,2,3,1,1,1,1,2,2,1,2,1,2,0,0,0
2008,12,71,1,122388,1,4,1,2,4,1,6,1,1,1,2,2,1,2,2,2,2,2,2,2,3,2,2,2,2,1,2,2,2,2,2,0,0,0
2008,12,11,1,122389,1,4,2,2,1,1,3,1,2,1,1,2,3,2,1,2,2,2,2,2,3,2,2,2,2,2,2,2,2,2,2,0,0,0
2008,12,86,1,122390,1,4,2,2,1,1,6,1,4,2,1,2,2,1,2,2,2,2,2,2,1,1,1,1,1,2,2,1,2,2,2,0,0,0
2008,12,11,1,122391,1,4,2,2,1,1,4,1,2,1,1,2,2,2,2,1,2,2,1,2,3,2,2,2,2,1,2,2,2,1,2,0,0,0
2008,12,105,1,122392,1,4,2,2,1,1,3,1,4,1,1,2,2,2,2,2,2,2,2,2,3,2,2,2,2,1,2,2,2,2,2,0,0,0
2008,12,83,1,122393,1,4,2,2,1,1,6,1,1,2,1,2,1,2,2,2,2,2,1,2,3,2,2,2,2,2,1,1,2,2,2,0,0,0
2008,12,11,1,122394,1,4,2,2,2,3,3,4,1,1,1,2,1,2,1,2,2,2,2,2,3,2,2,2,2,2,2,2,1,2,2,0,0,0
2008,12,115,1,122396,1,4,2,2,1,1,6,1,2,1,1,2,3,2,2,2,2,2,2,2,3,2,2,2,2,1,2,2,2,1,2,0,0,0
2008,12,105,1,122397,1,4,2,2,3,1,3,1,1,1,2,2,1,2,1,2,2,2,2,2,2,2,2,2,2,2,2,2,2,2,2,0,0,0
2008,12,71,1,122398,1,4,2,1,3,2,1,2,1,2,2,2,1,2,2,2,2,2,1,2,3,2,2,2,2,2,2,2,1,1,2,0,0,0
2008,12,63,1,122399,1,4,1,1,4,2,1,2,1,1,2,2,1,1,2,2,1,2,2,2,3,2,2,2,2,2,2,2,2,2,2,0,0,0
2008,12,111,1,122401,1,4,2,2,1,2,5,3,4,1,2,2,2,2,1,2,2,2,2,2,3,2,2,2,2,2,1,1,2,2,2,0,0,0
2008,12,33,1,122402,1,4,2,2,2,2,3,2,1,2,2,2,1,2,1,1,2,2,2,2,3,1,1,1,1,2,2,1,1,1,2,0,0,0
2008,12,33,1,122403,1,4,2,2,2,2,6,2,1,2,1,2,1,2,1,1,2,2,2,2,2,2,2,2,2,2,1,1,1,1,2,0,0,0
2008,12,33,1,122404,1,4,2,2,4,2,6,2,1,2,2,2,1,2,2,1,2,2,2,2,1,2,2,2,2,2,2,2,1,1,2,0,0,0
2008,12,117,1,122405,1,4,2,2,1,1,3,1,1,1,1,2,1,2,2,2,1,2,2,2,3,2,2,2,2,2,2,2,2,2,2,0,0,0
2008,12,85,1,122406,1,4,2,2,2,2,5,2,1,2,2,2,1,2,2,2,2,2,1,2,1,2,2,2,2,2,1,1,1,1,2,0,0,0
2008,12,86,1,122407,1,4,1,2,1,1,4,1,4,2,2,2,2,2,2,2,2,2,2,2,3,2,2,2,2,2,2,2,2,2,2,0,0,0
2008,12,53,1,122409,1,4,2,2,1,1,3,1,4,2,1,2,2,2,2,2,2,2,2,2,3,2,2,2,2,1,2,2,2,2,2,0,0,0
2008,12,99,2,122410,1,4,1,2,1,1,3,1,4,2,2,2,2,1,2,2,2,2,2,2,3,2,2,2,2,2,2,2,2,2,2,0,0,0
2008,12,53,2,122411,1,4,1,2,1,2,6,2,3,1,2,2,2,2,2,2,2,2,2,2,3,2,2,2,2,1,2,2,1,2,2,0,0,0
2008,12,83,1,122412,1,4,2,2,1,1,3,1,4,2,1,2,2,2,1,2,2,2,2,2,1,2,2,1,1,2,2,1,2,2,2,0,0,0
2008,12,83,1,122413,1,4,1,2,2,2,3,2,1,1,1,2,1,2,2,2,2,2,2,2,2,2,2,2,2,2,2,2,1,2,2,0,0,0
2008,12,103,1,122414,1,4,1,2,1,1,6,1,1,1,1,2,1,2,2,2,1,2,2,2,2,2,2,2,2,2,2,2,2,2,2,0,0,0
2008,12,99,1,122416,1,4,2,2,1,1,5,1,4,2,1,2,2,2,1,2,2,2,2,2,1,2,2,2,2,2,2,2,2,1,2,0,0,0
2008,12,81,1,122417,1,4,2,2,1,1,3,1,2,1,1,2,2,2,2,2,2,2,2,2,1,2,2,1,1,1,2,1,2,1,2,0,0,0
2008,12,95,3,122418,1,4,1,2,1,2,6,3,1,2,2,2,1,2,2,2,2,2,2,2,2,2,2,2,2,2,1,1,2,2,2,0,0,0
2008,12,29,1,122419,1,4,1,2,1,1,3,1,4,2,2,2,2,2,2,2,2,2,2,2,3,2,2,2,2,2,2,2,2,2,2,0,0,0
2008,12,51,2,122420,1,4,1,2,1,2,3,2,3,1,2,2,2,2,1,2,2,2,2,2,1,2,2,2,2,2,2,2,1,2,2,0,0,0
2008,12,95,2,122421,1,4,2,2,1,2,3,2,2,1,1,1,3,2,2,2,2,2,1,2,3,1,1,1,1,2,2,1,2,1,2,0,0,0
2008,12,11,1,122422,1,4,2,1,2,2,1,2,1,1,1,2,1,2,2,1,2,2,2,2,3,2,2,2,2,2,2,2,1,1,2,0,0,0
2008,12,11,1,122423,1,4,2,2,1,1,3,1,4,1,1,2,2,2,2,2,2,2,2,2,1,2,2,2,2,2,2,2,2,2,2,0,0,0
2008,12,35,2,122424,1,4,1,1,4,2,1,2,1,2,1,2,1,2,2,1,2,2,2,2,1,2,2,2,2,2,1,1,1,1,2,0,0,0
2008,12,81,1,122425,1,4,2,2,1,2,3,3,4,1,1,2,2,2,1,2,2,2,2,2,3,1,1,1,1,2,2,1,2,2,2,0,0,0
2008,12,101,1,122426,1,4,1,2,1,2,6,2,1,2,1,2,1,2,2,2,1,2,2,2,3,2,2,2,2,2,2,2,2,2,2,0,0,0
2008,12,99,1,122427,1,4,2,2,1,1,3,1,3,2,1,2,2,2,2,2,2,2,2,2,3,2,2,1,1,2,2,1,2,2,2,0,0,0
2008,12,105,1,122428,1,4,2,2,2,2,4,2,1,2,1,2,1,2,2,2,2,2,2,2,3,2,2,2,2,2,2,2,1,1,2,0,0,0
2008,12,95,1,122429,1,4,2,2,1,1,3,1,4,2,1,2,3,2,2,1,2,2,2,2,1,2,2,2,2,2,1,1,2,2,2,0,0,0
2008,12,69,1,122430,1,4,1,2,3,2,3,2,1,2,1,2,1,2,2,2,2,2,1,2,3,2,2,2,2,2,2,2,1,1,2,0,0,0
2008,12,11,1,122431,1,4,2,2,1,2,5,2,1,1,1,2,1,2,2,2,1,2,2,2,3,2,2,2,2,1,2,2,2,2,2,0,0,0
2008,12,75,1,122432,1,4,1,2,2,2,6,2,1,2,1,2,1,2,2,2,2,2,2,2,3,2,2,2,2,2,2,2,1,2,2,0,0,0
2008,12,71,1,122433,1,4,2,2,1,2,3,2,2,2,2,2,3,2,1,2,2,2,2,2,3,2,2,2,2,2,2,2,2,1,2,0,0,0
2008,12,39,1,122434,1,4,1,2,1,1,3,1,1,1,1,2,1,2,2,2,1,2,2,2,3,2,2,2,2,2,2,2,2,2,2,0,0,0
2008,12,35,2,122435,1,4,2,2,4,2,6,2,1,2,1,2,1,2,1,1,2,2,2,2,1,2,2,2,2,2,1,1,1,1,2,0,0,0
2008,12,99,2,122436,1,4,1,2,1,2,6,3,1,1,2,2,2,2,1,1,2,2,2,2,3,2,2,2,2,2,2,2,2,2,2,0,0,0
2008,12,81,1,122437,1,4,1,2,1,2,6,3,1,1,1,2,2,2,1,2,2,2,2,2,3,2,2,2,2,1,2,2,2,2,2,0,0,0
2008,12,95,1,122438,1,4,2,2,1,1,3,1,1,2,2,2,2,2,1,2,1,2,2,2,3,2,2,2,2,2,2,2,2,2,2,0,0,0
2008,12,99,1,122439,1,4,2,1,2,2,1,2,1,1,2,2,1,2,1,1,2,2,2,2,2,2,2,2,2,1,2,2,1,1,2,0,0,0
2008,12,97,1,122440,1,4,2,2,4,2,6,2,1,2,2,2,1,2,1,2,2,2,2,2,2,2,2,2,2,2,2,2,1,2,2,0,0,0
2008,12,83,1,122441,1,4,2,2,1,2,3,2,1,2,1,1,2,2,2,2,1,2,2,2,3,2,2,2,2,2,2,2,2,2,2,0,0,0
2008,12,69,1,122442,1,4,2,2,2,2,3,2,1,2,1,2,1,2,2,2,2,2,1,2,1,2,2,2,2,2,2,2,1,2,2,0,0,0
2008,12,11,1,122443,1,4,2,1,1,2,1,2,2,2,1,2,2,1,1,2,2,2,2,2,3,2,2,2,2,2,1,1,2,2,2,0,0,0
2008,12,86,1,122444,1,4,2,2,4,2,6,3,1,1,2,2,1,2,2,2,1,2,2,2,3,2,2,2,2,1,2,2,2,1,2,0,0,0
2008,12,71,1,122445,1,4,1,2,2,2,6,2,1,2,2,2,1,2,1,1,2,2,2,2,1,2,2,2,2,2,2,2,1,1,2,0,0,0
2008,12,57,1,122446,1,4,2,1,1,2,1,2,1,2,1,2,1,2,2,2,1,2,2,2,3,2,2,2,2,2,2,2,2,2,2,0,0,0
2008,12,95,1,122447,1,4,1,2,1,2,6,2,4,1,1,2,2,2,2,2,2,2,1,2,2,2,2,2,2,2,2,2,1,2,2,0,0,0
2008,12,87,1,122448,1,4,1,2,1,2,3,2,4,1,1,2,2,1,2,2,2,2,2,2,2,2,2,2,2,2,2,2,2,2,2,0,0,0
2008,12,35,1,122449,1,4,2,1,1,2,1,2,4,2,1,2,2,2,2,1,2,2,1,2,3,2,2,2,2,2,1,1,2,2,2,0,0,0
2008,12,9,1,122450,1,4,2,1,1,2,1,2,1,2,1,2,1,1,2,2,1,2,2,2,3,2,2,2,2,2,2,2,2,2,2,0,0,0
2008,12,31,1,122451,1,4,2,2,2,2,6,2,1,1,1,2,1,2,2,1,2,2,1,2,1,2,2,2,2,2,2,2,1,2,2,0,0,0
2008,12,9,1,122452,1,4,2,2,1,2,3,2,1,2,1,2,1,2,2,2,1,2,2,2,3,2,2,2,2,2,2,2,2,2,2,0,0,0
2008,12,21,1,122453,1,4,1,2,2,2,3,2,2,2,2,2,1,1,2,2,2,2,2,2,3,2,2,2,2,1,2,2,2,1,2,0,0,0
2008,12,39,1,122454,1,4,1,1,1,2,1,2,4,1,2,2,2,1,2,1,2,2,2,2,3,1,1,1,1,2,2,1,2,2,2,0,0,0
2008,12,85,2,122455,1,4,1,2,4,2,6,2,1,2,2,2,1,2,2,2,2,2,1,2,1,2,2,2,2,2,1,1,1,1,2,0,0,0
2008,12,103,1,122456,1,4,2,2,1,2,3,2,4,2,2,2,2,1,2,2,2,2,2,2,1,2,2,2,2,2,1,1,1,1,2,0,0,0
2008,12,101,1,122457,1,4,1,2,1,1,6,1,4,2,1,2,2,2,1,2,2,2,2,2,2,1,1,1,1,2,2,1,2,2,2,0,0,0
2008,12,11,1,122458,1,4,2,1,3,2,1,2,1,2,1,2,1,2,2,2,2,2,1,2,1,2,2,2,2,2,2,2,1,2,2,0,0,0
2008,12,69,1,122459,1,4,1,2,1,1,4,1,4,1,1,2,2,2,1,2,2,2,2,2,3,2,2,2,2,1,2,2,2,2,2,0,0,0
2008,12,103,1,122460,1,4,2,1,4,2,1,2,1,1,1,2,1,2,2,2,2,2,1,2,2,2,2,2,2,2,1,1,1,2,2,0,0,0
2008,12,101,1,122461,1,4,2,2,1,1,3,1,4,1,1,2,2,2,1,2,2,2,2,2,3,2,2,2,2,1,2,2,2,2,2,0,0,0
2008,12,17,1,122462,1,4,1,2,2,2,6,2,1,2,1,2,1,2,2,2,2,2,1,2,1,2,2,2,2,2,2,2,1,1,2,0,0,0
2008,12,85,1,122463,1,4,2,2,1,2,3,2,1,2,2,2,1,2,2,2,1,2,2,2,3,2,2,2,2,1,2,2,2,2,2,0,0,0
2008,12,97,1,122464,1,4,2,2,1,2,3,2,1,1,2,2,1,2,2,2,1,2,2,2,3,2,2,2,2,2,2,2,2,2,2,0,0,0
2008,12,83,1,122465,1,4,1,2,1,2,6,2,1,2,2,2,1,2,2,2,2,2,1,2,1,2,2,2,2,2,2,2,1,1,2,0,0,0
2008,12,59,1,122466,1,4,1,2,2,1,4,1,1,1,1,2,1,2,2,1,2,2,1,2,2,2,2,2,2,2,2,2,2,2,2,0,0,0
2008,12,127,1,122467,1,4,2,2,4,2,6,2,1,1,2,2,1,2,1,1,2,2,2,2,3,2,2,2,2,2,1,1,1,2,2,0,0,0
2008,12,71,1,122468,1,4,1,2,2,2,6,2,1,2,2,2,1,2,1,2,2,2,2,2,3,2,2,2,2,2,2,2,1,2,2,0,0,0
2008,12,1,1,122469,1,4,1,2,3,2,3,2,1,1,2,2,1,2,2,2,2,2,1,2,1,2,2,2,2,2,2,2,1,1,2,0,0,0
2008,12,121,1,122470,1,4,1,2,2,2,6,2,1,1,1,2,1,2,2,2,2,2,1,2,2,2,2,2,2,2,2,2,1,1,2,0,0,0
2008,12,95,1,122471,1,4,1,2,4,2,6,2,1,2,1,2,1,2,2,2,2,2,1,2,3,2,2,1,1,2,2,1,1,1,2,0,0,0
2008,12,103,1,122472,1,4,2,2,1,2,3,2,4,2,1,2,2,2,1,2,2,2,2,2,2,2,2,2,2,1,2,2,2,2,2,0,0,0
2008,12,41,1,122473,1,4,1,2,2,2,6,2,1,1,1,2,1,2,2,1,2,2,1,2,1,2,2,2,2,2,2,2,1,1,2,0,0,0
2008,12,95,2,122475,1,4,2,2,1,1,3,1,4,2,1,2,2,1,2,2,2,2,2,2,3,1,1,1,1,2,2,1,2,2,2,0,0,0
2008,12,23,1,122476,1,4,1,2,2,2,6,2,1,2,1,2,1,2,2,2,2,2,1,2,3,2,2,2,2,2,2,2,1,1,2,0,0,0
2008,12,111,1,122477,1,4,2,2,1,2,3,2,1,2,1,2,1,2,2,2,1,2,2,2,3,2,2,2,2,2,2,2,2,2,2,0,0,0
2008,12,89,1,122478,1,4,2,2,2,2,4,2,1,1,1,2,1,2,2,2,2,2,1,2,1,2,2,2,2,2,2,2,1,1,2,0,0,0
2008,12,109,1,122479,1,4,1,1,1,1,1,1,1,1,1,2,2,2,1,2,2,2,2,2,3,2,2,2,2,2,2,2,2,2,2,0,0,0
2008,12,121,1,122480,1,4,1,2,2,2,6,2,1,2,2,2,1,2,2,2,2,2,1,2,1,2,2,2,2,2,1,1,1,1,2,0,0,0
2008,12,39,1,122482,1,4,1,1,3,2,1,2,1,1,2,2,1,2,2,2,2,2,2,2,1,2,2,2,2,2,2,2,1,1,2,0,0,0
2008,12,5,1,122483,1,4,1,2,1,2,6,2,1,1,1,2,1,2,2,2,1,2,2,2,3,2,2,2,2,1,2,2,2,2,2,0,0,0
2008,12,23,1,122484,1,4,1,1,4,2,1,2,1,1,1,2,1,2,2,1,2,2,2,2,2,2,2,2,2,2,2,2,1,1,2,0,0,0
2008,12,103,1,122485,1,4,2,2,2,2,3,2,1,2,1,2,3,2,2,2,2,2,2,2,3,2,2,2,2,2,1,1,1,2,2,0,0,0
2008,12,86,1,122486,1,4,2,2,1,2,6,2,2,1,1,2,3,2,2,2,2,2,2,2,3,1,1,1,1,2,1,1,2,1,2,0,0,0
2008,12,105,1,122487,1,4,2,2,1,1,3,1,1,2,1,2,1,2,2,2,1,2,2,2,3,2,2,2,2,2,2,2,2,2,2,0,0,0
2008,12,95,1,122488,1,4,2,2,1,1,4,1,4,2,1,2,2,2,2,2,2,2,2,2,1,2,2,2,2,2,1,1,2,2,2,0,0,0
2008,12,127,1,122489,1,4,2,2,1,2,3,2,4,1,2,2,2,2,2,2,2,2,1,2,3,2,2,2,2,2,2,2,2,2,2,0,0,0
2008,12,23,1,122490,1,4,2,2,1,2,3,3,4,2,1,2,2,2,2,2,2,2,2,2,3,2,2,2,2,1,2,2,2,2,2,0,0,0
2008,12,11,1,122491,1,4,2,2,1,2,4,2,1,2,2,2,1,2,2,2,2,1,2,2,3,2,2,2,2,2,2,2,2,2,2,0,0,0
2008,12,51,1,122492,1,4,2,2,3,2,3,2,1,2,2,1,2,2,2,2,2,2,1,2,1,2,2,2,2,2,1,1,1,1,2,0,0,0
2008,12,39,1,122493,1,4,1,2,4,2,6,2,1,1,1,2,1,2,2,1,2,2,1,2,1,2,2,2,2,2,2,2,1,1,2,0,0,0
2008,12,117,1,122494,1,4,1,2,1,2,6,2,1,2,1,2,1,2,2,2,1,2,2,2,3,2,2,2,2,2,2,2,2,2,2,0,0,0
2008,12,71,1,122495,1,4,2,2,4,2,6,2,1,2,1,2,1,2,1,2,2,2,2,2,1,2,2,2,2,2,2,2,1,1,2,0,0,0
2008,12,31,1,122496,1,4,2,2,1,2,4,2,1,2,1,2,1,2,2,2,1,2,2,2,3,2,2,2,2,2,2,2,2,2,2,0,0,0
2008,12,99,1,122497,1,4,2,2,1,1,3,1,1,2,1,2,1,2,2,2,1,2,2,2,3,2,2,2,2,2,2,2,2,2,2,0,0,0
2008,12,31,1,122498,1,4,2,2,4,2,3,2,1,2,1,2,1,2,2,2,2,2,2,2,2,2,2,1,1,2,2,1,1,1,2,0,0,0
2008,12,103,1,122499,1,4,2,2,3,2,4,2,1,2,2,2,1,2,1,1,2,2,2,2,3,2,2,2,2,2,2,2,1,2,2,0,0,0
2008,12,105,1,122500,1,4,3,3,4,2,7,2,1,2,2,2,1,2,2,2,2,2,2,2,3,2,2,2,2,2,2,2,1,1,2,0,0,0
2008,12,103,1,122501,1,4,1,2,1,2,6,2,1,2,1,2,1,2,2,2,1,2,2,2,3,2,2,2,2,1,2,2,2,2,2,0,0,0
2008,12,57,1,122502,1,4,2,1,2,2,1,2,1,1,1,2,1,2,2,2,2,2,2,2,3,2,2,2,2,2,2,2,1,2,2,0,0,0
2008,12,89,1,122503,1,4,1,2,4,2,6,2,1,2,1,2,1,2,2,2,2,2,1,2,1,2,2,2,2,2,2,2,1,1,2,0,0,0
2008,12,107,2,122504,1,4,1,2,1,2,3,2,3,2,2,2,3,2,2,2,2,2,2,2,3,1,1,1,1,2,2,1,2,2,2,0,0,0
2008,12,115,1,122505,1,4,2,2,1,1,4,1,4,1,1,2,2,1,1,2,2,2,2,2,3,2,2,2,2,1,2,2,2,2,2,0,0,0
2008,12,99,1,122506,1,4,2,2,1,2,3,2,2,1,1,2,3,2,2,1,2,2,1,2,3,2,2,2,2,2,1,1,1,1,2,0,0,0
2008,12,95,1,122507,1,4,1,2,1,1,6,1,4,2,2,2,2,2,2,2,2,2,2,2,3,2,2,2,2,2,2,2,2,2,2,0,0,0
2008,12,83,1,122508,1,4,1,2,1,2,6,2,1,2,1,1,1,2,2,2,2,1,2,2,3,2,2,2,2,2,2,2,2,2,2,0,0,0
2008,12,15,1,122509,1,4,1,2,2,2,3,2,6,2,2,2,1,2,2,2,2,2,1,2,1,2,2,2,2,2,2,2,1,1,2,0,0,0
2008,12,115,1,122510,1,4,1,2,4,2,6,3,1,2,2,2,1,2,2,2,2,2,2,2,1,2,2,2,2,2,2,2,1,1,2,0,0,0
2008,12,101,1,122511,1,4,1,2,1,2,6,2,3,1,2,2,2,2,2,2,2,2,2,2,1,2,2,2,2,2,2,2,1,2,2,0,0,0
2008,12,101,1,122512,1,4,1,2,4,2,6,2,1,1,2,2,1,2,2,2,2,2,1,2,1,2,2,2,2,1,2,2,1,1,2,0,0,0
2008,12,85,1,122513,1,4,1,1,2,2,1,2,1,2,2,1,2,2,2,2,2,2,2,2,1,2,2,2,2,2,2,2,1,1,2,0,0,0
2008,12,63,1,122514,1,4,1,2,2,2,6,2,1,2,2,2,1,2,2,1,2,2,1,2,2,2,2,2,2,2,2,2,1,1,2,0,0,0
2008,12,1,1,122515,1,4,1,1,4,2,1,2,1,2,1,2,1,2,2,2,2,2,2,2,1,2,2,2,2,2,2,2,1,1,2,0,0,0
2008,12,127,1,122516,1,4,2,2,1,1,3,1,1,1,1,2,1,2,2,2,2,1,2,2,3,2,2,2,2,2,2,2,2,2,2,0,0,0
2008,12,31,1,122517,1,4,2,1,3,2,1,2,1,1,1,2,1,1,2,2,2,2,2,2,2,2,2,2,2,2,2,2,1,2,2,0,0,0
2008,12,69,1,122518,1,4,1,2,1,2,4,2,5,1,1,2,2,1,2,2,2,2,1,2,3,2,2,2,2,2,2,2,1,2,2,0,0,0
2008,12,91,1,122519,1,4,1,2,4,2,3,2,1,1,1,2,1,2,2,2,2,2,2,2,3,2,2,2,2,1,2,2,1,1,2,0,0,0
2008,12,83,1,122520,1,4,2,2,1,1,3,1,4,1,1,2,2,2,2,2,2,2,2,2,2,2,2,2,2,2,2,2,2,2,2,0,0,0
2008,12,55,1,122521,1,4,1,2,1,1,5,1,3,2,1,2,2,2,1,2,2,2,2,2,3,2,2,2,2,1,2,2,2,2,2,0,0,0
2008,12,83,1,122522,1,4,1,2,1,1,3,1,4,1,1,2,2,1,1,2,2,2,2,2,2,2,2,2,2,2,2,2,2,2,2,0,0,0
2008,12,1,1,122523,1,4,1,2,4,2,6,2,1,2,1,2,1,2,2,2,2,2,1,2,1,2,2,2,2,2,2,2,1,1,2,0,0,0
2008,12,23,2,122524,1,4,1,1,1,2,1,2,1,1,1,2,1,2,2,2,2,2,1,2,2,2,2,2,2,2,2,2,2,2,2,0,0,0
2008,12,49,1,122526,1,4,1,2,1,1,6,1,4,1,1,2,2,2,2,2,2,2,2,2,3,1,1,1,1,2,2,1,2,1,2,0,0,0
2008,12,27,1,122527,1,4,2,2,1,2,3,2,1,2,2,2,1,2,2,2,1,2,2,2,3,2,2,2,2,1,2,2,2,2,2,0,0,0
2008,12,111,3,122528,1,4,2,2,1,1,3,1,4,2,2,2,2,2,2,2,2,2,1,2,3,1,1,1,1,2,2,1,2,2,2,0,0,0
2008,12,39,1,122529,1,4,1,1,1,2,1,2,4,1,2,2,3,2,2,2,2,2,1,2,3,2,2,1,1,2,1,1,1,1,2,0,0,0
2008,12,81,1,122530,1,4,2,2,2,2,3,2,1,2,2,2,1,2,1,1,2,2,2,2,1,2,2,2,2,2,2,2,1,2,2,0,0,0
2008,12,71,1,122531,1,4,2,2,1,1,3,1,4,2,2,2,2,2,1,1,2,2,2,2,1,1,1,1,1,2,2,1,2,2,2,0,0,0
2008,12,95,1,122532,1,4,1,1,2,2,1,3,1,2,1,2,1,2,2,2,2,2,1,2,1,2,2,2,2,2,2,2,1,1,2,0,0,0
2008,12,83,1,122533,1,4,2,1,4,2,1,2,1,2,1,2,1,2,2,2,2,2,2,2,1,2,2,2,2,1,2,2,1,1,2,0,0,0
2008,12,83,1,122534,1,4,1,2,4,2,6,2,1,2,1,2,1,2,2,2,2,2,2,2,1,2,2,2,2,2,2,2,1,1,2,0,0,0
2008,12,15,1,122535,1,4,1,2,1,1,6,1,4,1,1,2,2,2,1,2,2,2,2,2,3,2,2,2,2,2,2,2,2,2,2,0,0,0
2008,12,115,1,122536,1,4,1,2,2,2,6,2,1,2,1,2,1,2,2,2,2,2,1,2,1,2,2,2,2,2,2,2,2,1,2,0,0,0
2008,12,101,2,122537,1,4,2,2,1,2,3,2,3,2,1,2,2,2,2,2,2,2,2,2,3,2,2,2,2,1,2,2,1,2,2,0,0,0
2008,12,55,1,122538,1,4,2,2,1,2,6,3,1,1,1,2,1,2,2,2,1,2,2,2,3,2,2,2,2,2,1,1,2,2,2,0,0,0
2008,12,69,1,122539,1,4,1,2,2,2,6,2,1,2,1,2,1,2,2,1,2,2,1,2,1,2,2,2,2,2,2,2,1,2,2,0,0,0
2008,12,47,1,122540,1,4,1,2,2,2,6,2,1,2,2,2,1,2,2,2,2,2,1,2,1,2,2,2,2,2,2,2,1,1,2,0,0,0
2008,12,33,1,122541,1,4,1,2,1,2,6,2,1,1,2,2,1,2,2,2,2,2,2,2,3,2,2,2,2,2,2,2,2,1,2,0,0,0
2008,12,113,1,122542,1,4,2,2,1,1,4,1,4,1,1,2,2,2,2,2,2,2,2,2,2,2,2,2,2,2,2,2,2,2,2,0,0,0
2008,12,99,1,122543,1,4,2,2,1,2,2,2,2,1,1,2,2,2,2,2,2,2,2,2,3,2,2,1,1,1,2,1,2,2,2,0,0,0
2008,12,31,2,122544,1,4,2,2,1,1,3,1,4,1,1,2,2,1,2,2,2,2,2,2,2,2,2,2,2,1,2,2,2,2,2,0,0,0
2008,12,91,2,122545,1,4,2,2,1,2,3,2,4,1,1,2,2,2,2,2,2,2,1,2,1,2,2,2,2,2,2,2,2,1,2,0,0,0
2008,12,86,1,122546,1,4,1,1,2,2,1,3,1,2,2,2,1,2,2,2,2,2,1,2,1,2,2,2,2,2,1,1,1,1,2,0,0,0
2008,12,103,1,122547,1,4,2,2,1,2,4,2,1,2,2,2,1,2,2,2,1,2,2,2,3,2,2,2,2,2,1,1,2,2,2,0,0,0
2008,12,11,2,122548,1,4,2,2,1,2,2,2,3,2,1,2,2,2,2,2,2,2,2,2,1,2,2,2,2,2,1,1,2,2,2,0,0,0
2008,12,127,1,122549,1,4,2,2,1,2,4,2,1,2,2,1,1,2,2,2,1,2,2,2,3,2,2,2,2,2,2,2,2,2,2,0,0,0
2008,12,69,1,122550,1,4,1,2,2,2,6,2,1,2,1,2,1,2,2,2,2,2,2,2,1,2,2,2,2,2,1,1,1,1,2,0,0,0
2008,12,86,1,122551,1,4,2,2,2,1,6,1,1,1,1,2,1,2,2,2,2,2,2,2,3,2,2,2,2,1,2,2,2,1,2,0,0,0
2008,12,69,1,122552,1,4,1,2,2,2,6,2,1,2,1,2,1,2,2,2,2,2,2,2,2,2,2,1,1,2,2,1,1,2,2,0,0,0
2008,12,57,1,122553,1,4,1,2,1,1,6,1,1,2,1,2,1,2,2,2,1,2,2,2,3,2,2,2,2,2,2,2,2,2,2,0,0,0
2008,12,69,2,122554,1,4,2,2,1,2,3,2,3,2,2,2,2,2,2,2,2,2,2,2,1,1,1,1,1,2,2,1,1,2,2,0,0,0
2008,12,83,1,122555,1,4,2,2,1,1,3,1,2,1,1,2,3,2,2,2,2,2,2,2,3,2,2,2,2,2,2,2,2,2,2,0,0,0
2008,12,101,1,122556,1,4,1,2,1,2,3,2,3,1,2,2,2,2,2,2,2,2,2,2,2,2,2,2,2,2,1,1,1,2,2,0,0,0
2008,12,97,2,122557,1,4,2,2,4,2,6,2,1,3,2,2,1,2,2,2,2,2,2,2,3,1,1,1,1,2,2,1,1,2,2,0,0,0
2008,12,69,1,122558,1,4,1,2,1,2,6,2,3,1,1,2,2,1,2,2,2,2,2,2,3,2,2,2,2,2,2,2,1,2,2,0,0,0
2008,12,97,1,122559,1,4,2,1,1,2,1,2,2,2,2,2,2,2,2,2,2,2,2,2,3,2,2,2,2,1,2,2,2,1,2,0,0,0
2008,12,86,1,122560,1,4,2,2,1,1,4,1,4,2,2,2,2,2,2,2,2,2,2,2,1,2,2,2,2,1,2,2,2,2,2,0,0,0
2008,12,69,1,122561,1,4,1,2,2,2,3,2,1,1,2,2,1,2,2,2,2,2,1,2,1,2,2,2,2,2,2,2,1,2,2,0,0,0
2008,12,86,1,122562,1,4,2,2,1,2,2,2,3,2,2,2,3,2,2,2,2,2,1,2,1,2,2,1,1,2,1,1,2,2,2,0,0,0
2008,12,86,1,122563,1,4,2,2,1,1,3,1,4,1,2,2,2,2,1,2,2,2,2,2,3,2,2,2,2,2,2,2,2,2,2,0,0,0
2008,12,11,1,122564,1,4,2,2,1,2,3,2,1,2,1,2,1,2,2,2,1,2,2,2,3,2,2,2,2,2,1,1,2,2,2,0,0,0
2008,12,117,1,122565,1,4,2,2,1,1,6,1,4,1,1,2,2,2,2,2,2,2,2,2,3,1,2,1,2,2,2,2,2,2,2,0,0,0
2008,12,95,2,122566,1,4,2,2,1,1,6,1,2,2,2,1,2,2,2,2,2,2,2,2,3,2,2,2,2,2,2,2,2,2,2,0,0,0
2008,12,83,1,122567,1,4,2,2,1,1,6,1,1,2,2,1,1,2,1,1,2,2,2,2,1,2,2,2,2,2,2,2,2,2,2,0,0,0
2008,12,69,1,122568,1,4,1,2,1,2,3,2,4,1,2,2,2,2,2,2,2,2,1,2,1,2,2,2,2,2,2,2,2,2,2,0,0,0
2008,12,11,1,122569,1,4,2,2,1,1,3,1,4,2,1,2,2,2,1,2,2,2,2,2,3,2,2,2,2,2,1,1,2,2,2,0,0,0
2008,12,95,1,122570,1,4,2,2,3,2,6,2,1,2,2,2,1,2,2,1,2,2,2,2,2,2,2,2,2,2,1,1,1,2,2,0,0,0
2008,12,71,1,122571,1,4,1,2,3,2,6,2,1,2,1,2,1,2,2,2,2,2,1,2,2,1,1,1,1,2,2,1,1,1,2,0,0,0
2008,12,51,1,122572,1,4,1,2,2,2,6,2,1,2,1,2,1,2,2,1,2,2,1,2,3,2,2,2,2,2,2,2,1,1,2,0,0,0
2008,12,86,1,122573,1,4,1,2,1,1,3,1,4,1,1,2,2,2,2,2,2,2,2,2,3,2,2,2,2,1,2,2,2,2,2,0,0,0
2008,12,81,1,122574,1,4,1,1,3,2,1,2,1,1,1,2,1,2,2,2,2,2,2,2,2,2,2,2,2,2,2,2,1,1,2,0,0,0
2008,12,57,1,122575,1,4,1,2,1,2,3,2,1,1,1,2,1,2,2,2,2,1,2,2,2,2,2,2,2,1,2,2,2,2,2,0,0,0
2008,12,1,1,122576,1,4,2,2,1,1,3,1,1,3,3,2,1,2,2,2,2,1,2,2,3,1,1,1,1,2,2,1,2,2,2,0,0,0
2008,12,31,1,122577,1,4,2,2,1,1,6,1,1,2,2,2,1,2,2,2,2,1,2,2,3,2,2,2,2,2,2,2,2,2,2,0,0,0
2008,12,65,2,122578,1,4,1,1,2,2,1,3,1,2,2,2,1,2,2,2,2,2,1,2,2,1,1,1,1,2,2,1,1,2,2,0,0,0
2008,12,91,1,122579,1,4,2,2,2,2,6,2,1,2,2,2,1,2,2,1,2,2,2,2,1,1,1,1,1,2,2,1,1,2,2,0,0,0
2008,12,105,2,122580,1,4,2,2,2,2,4,2,1,2,1,2,1,2,2,2,2,2,1,2,1,1,1,1,1,2,2,1,1,1,2,0,0,0
2008,12,15,1,122581,1,4,1,1,1,2,1,2,2,1,1,2,2,1,2,2,2,2,2,2,3,2,2,2,2,2,2,2,2,1,2,0,0,0
2008,12,33,1,122582,1,4,2,2,1,1,4,1,4,1,1,1,3,2,2,2,2,2,2,2,1,2,2,2,2,1,1,1,2,1,2,0,0,0
2008,12,11,2,122584,1,4,2,1,1,2,1,2,1,2,2,1,3,2,2,2,1,2,2,2,3,2,2,2,2,2,2,2,2,2,2,0,0,0
2008,12,105,1,122585,1,4,2,2,1,2,3,2,2,2,1,2,2,2,2,2,2,2,2,2,2,2,2,2,2,1,2,2,2,1,2,0,0,0
2008,12,86,1,122586,1,4,2,2,4,2,3,2,1,1,1,2,1,2,2,2,2,2,2,2,3,2,2,2,2,2,2,2,1,2,2,0,0,0
2008,12,86,1,122587,1,4,2,2,1,1,3,1,2,1,1,2,2,2,2,2,2,2,2,2,3,2,2,2,2,1,2,2,2,1,2,0,0,0
2008,12,11,1,122588,1,4,2,2,2,2,2,2,1,2,2,2,1,2,2,2,2,2,2,2,3,2,2,2,2,2,2,2,1,1,2,0,0,0
2008,12,23,1,122589,1,4,1,2,1,2,4,2,2,2,2,2,2,2,2,2,2,2,2,2,3,1,1,1,1,2,1,1,2,2,2,0,0,0
2008,12,99,1,122590,1,4,2,2,1,2,4,2,1,1,1,1,1,2,2,1,1,2,2,2,2,2,2,2,2,2,2,2,2,2,2,0,0,0
2008,12,61,1,122591,1,4,2,2,1,1,3,1,4,1,1,2,3,2,2,2,2,2,2,2,3,2,2,2,2,1,2,2,2,1,2,0,0,0
2008,12,11,1,122592,1,4,2,2,1,2,4,2,2,2,2,2,2,2,2,2,2,1,2,2,3,2,2,2,2,2,2,2,2,2,2,0,0,0
2008,12,111,1,122593,1,4,1,3,1,1,7,1,1,1,2,2,2,2,1,2,2,2,2,2,3,2,2,2,2,1,2,2,2,2,2,0,0,0
2008,12,11,1,122594,1,4,2,2,4,2,5,2,1,2,1,2,1,2,2,2,2,2,1,2,1,2,2,2,2,2,2,2,1,2,2,0,0,0
2008,12,31,1,122595,1,4,2,2,4,2,6,2,1,1,1,2,1,2,1,2,2,2,2,2,2,2,2,2,2,2,2,2,1,1,2,0,0,0
2008,12,71,1,122597,1,4,2,2,1,1,6,1,4,2,2,2,2,2,2,2,2,2,2,2,3,2,2,2,2,1,2,2,2,2,2,0,0,0
2008,12,15,1,122598,1,4,2,2,1,1,3,1,4,1,1,2,2,2,2,2,2,2,2,2,3,2,2,2,2,1,2,2,2,2,2,0,0,0
2008,12,71,1,122599,1,4,2,2,1,1,6,1,4,2,1,2,2,2,2,2,2,2,2,2,3,1,1,1,1,2,2,1,2,2,2,0,0,0
2008,12,127,1,122600,1,4,2,2,2,2,3,2,1,1,2,2,1,2,2,2,2,1,2,2,3,1,1,1,1,2,2,1,2,1,2,0,0,0
2008,12,11,1,122601,1,4,2,2,4,2,4,3,1,3,2,2,1,2,2,2,2,2,2,2,3,2,2,2,2,2,2,2,1,2,2,0,0,0
2008,12,57,1,122602,1,4,2,2,3,2,3,2,1,2,2,2,1,2,1,2,2,2,2,2,1,2,2,2,2,2,2,2,1,1,2,0,0,0
2008,12,117,1,122603,1,4,2,2,1,2,3,3,1,2,1,1,1,2,2,2,1,2,2,2,3,2,2,2,2,2,2,2,2,2,2,0,0,0
2008,12,57,1,122604,1,4,2,2,1,1,3,1,1,2,2,2,1,2,2,2,1,2,2,2,3,2,2,2,2,2,2,2,2,2,2,0,0,0
2008,12,127,1,122605,1,4,2,2,1,2,3,2,1,2,2,2,1,2,2,2,1,2,1,2,3,2,2,2,2,2,2,2,2,2,2,0,0,0
2008,12,127,2,122606,1,4,1,2,2,2,6,2,1,2,2,2,1,2,2,1,2,2,2,2,1,2,2,2,2,2,2,2,1,1,2,0,0,0
2008,12,31,1,122607,1,4,2,2,1,2,6,2,3,2,2,2,2,2,2,2,2,2,2,2,1,2,2,1,1,2,1,1,1,2,2,0,0,0
2008,12,105,1,122608,1,4,2,2,1,1,6,1,1,1,2,2,1,2,2,2,1,2,2,2,3,1,1,1,1,2,2,1,2,2,2,0,0,0
2008,12,71,1,122609,1,4,2,2,1,2,3,2,4,2,2,2,2,2,2,2,2,2,2,2,3,1,1,1,1,2,2,1,2,2,2,0,0,0
2008,12,69,1,122610,1,4,1,2,1,2,3,2,2,2,2,2,2,2,2,2,2,2,1,2,1,2,2,2,2,2,2,2,2,1,2,0,0,0
2008,12,17,1,122611,1,4,1,2,1,2,6,2,3,2,2,2,2,2,2,2,2,2,1,2,3,2,2,2,2,2,2,2,1,1,2,0,0,0
2008,12,53,1,122612,1,4,3,3,4,2,7,3,1,2,2,2,1,2,2,2,2,2,2,2,3,2,2,2,2,2,2,2,2,2,2,0,0,0
2008,12,97,1,122613,1,4,2,2,1,1,3,1,4,1,1,2,2,1,2,2,2,2,1,2,3,1,1,1,1,2,2,1,2,2,2,0,0,0
2008,12,105,1,122614,1,4,1,2,1,2,6,2,3,1,2,2,2,2,2,2,2,2,2,2,3,2,2,2,2,1,1,1,1,2,2,0,0,0
2008,12,91,1,122615,1,4,2,2,1,2,6,2,4,1,1,2,2,1,2,2,2,2,2,2,1,2,2,2,2,2,2,2,1,1,2,0,0,0
2008,12,73,1,122616,1,4,2,2,1,1,6,1,4,2,1,2,3,2,2,2,2,2,2,2,1,1,1,1,1,2,1,1,2,2,2,0,0,0
2008,12,86,1,122617,1,4,2,2,3,2,3,2,1,1,1,2,1,2,1,2,2,2,2,2,3,2,2,2,2,2,2,2,1,1,2,0,0,0
2008,12,9,1,122618,1,4,2,2,2,2,3,2,1,2,1,2,1,2,2,1,2,2,2,2,3,1,2,1,2,2,2,2,1,2,2,0,0,0
2008,12,31,1,122619,1,4,2,2,4,2,4,2,1,2,2,2,1,2,2,2,2,2,2,2,1,2,2,2,2,2,2,2,1,2,2,0,0,0
2008,12,95,1,122620,1,4,2,2,1,2,6,2,1,1,2,2,1,2,1,2,2,2,2,2,2,2,2,2,2,2,1,1,2,2,2,0,0,0
2008,12,9,1,122621,1,4,2,2,1,2,3,2,2,2,2,2,2,2,1,1,2,2,2,2,1,2,2,2,2,2,2,2,2,2,2,0,0,0
2008,12,57,1,122622,1,4,2,2,1,1,3,1,1,2,1,2,1,2,2,2,1,2,2,2,3,2,2,2,2,2,2,2,2,2,2,0,0,0
2008,12,115,1,122623,1,4,1,1,1,2,1,2,5,2,1,2,3,2,2,2,2,2,2,2,3,2,2,2,2,1,2,2,2,2,2,0,0,0
2008,12,71,1,122624,1,4,2,2,1,2,6,2,1,1,1,2,1,2,2,2,2,2,2,2,3,1,1,1,1,2,2,1,2,2,2,0,0,0
2008,12,31,1,122625,1,4,2,2,1,1,6,1,4,1,1,2,2,2,2,2,2,2,2,2,3,2,2,2,2,1,2,2,2,1,2,0,0,0
2008,12,86,1,122626,1,4,2,2,1,2,4,2,1,1,1,2,1,2,2,2,1,2,2,2,3,2,2,2,2,2,2,2,2,2,2,0,0,0
2008,12,86,1,122627,1,4,1,2,1,2,6,2,5,2,2,1,2,2,2,2,2,2,2,2,3,2,2,2,2,2,1,1,2,1,2,0,0,0
2008,12,95,1,122628,1,4,1,2,4,2,6,2,1,2,2,2,1,2,2,2,2,2,2,2,1,2,2,2,2,2,2,2,1,1,2,0,0,0
2008,12,87,1,122629,1,4,2,2,2,2,3,2,1,1,1,2,1,2,2,2,1,2,2,2,3,2,2,2,2,1,2,2,2,2,2,0,0,0
2008,12,107,1,122631,1,4,1,2,1,2,6,3,2,1,1,2,2,2,2,1,1,2,2,2,3,2,2,2,2,2,1,1,2,2,2,0,0,0
2008,12,86,1,122632,1,4,2,2,1,1,6,1,1,1,1,2,1,2,2,2,1,2,2,2,1,2,2,2,2,2,2,2,2,2,2,0,0,0
2008,12,86,1,122633,1,4,2,2,1,1,3,1,4,1,2,2,2,2,1,1,2,2,2,2,3,2,2,1,1,1,2,1,2,2,2,0,0,0
2008,12,73,1,122634,1,4,2,2,1,1,3,1,4,2,2,2,2,2,2,1,2,2,1,2,3,1,1,1,1,2,2,1,2,2,2,0,0,0
2008,12,86,1,122635,1,4,1,2,2,2,6,2,1,2,1,1,1,2,2,2,1,2,2,2,3,2,2,2,2,2,2,2,2,2,2,0,0,0
2008,12,31,1,122636,1,4,2,2,1,1,3,1,4,2,1,2,2,1,1,2,2,2,2,2,3,2,2,2,2,2,2,2,2,2,2,0,0,0
2008,12,11,1,122637,1,4,2,2,2,2,6,2,1,2,2,2,1,2,2,1,2,2,2,2,3,1,1,1,1,2,2,1,1,2,2,0,0,0
2008,12,57,1,122638,1,4,2,2,1,1,3,1,4,2,2,2,2,2,2,1,2,2,2,2,1,1,1,1,1,2,2,1,2,2,2,0,0,0
2008,12,93,1,122639,1,4,1,2,1,2,6,2,1,2,2,1,1,2,2,1,1,2,2,2,3,2,2,2,2,2,2,2,2,2,2,0,0,0
2008,12,117,1,122640,1,4,1,2,4,2,6,2,1,1,1,2,1,2,2,1,2,2,1,2,3,2,2,2,2,2,2,2,1,2,2,0,0,0
2008,12,31,1,122641,1,4,2,2,1,2,6,2,1,1,1,2,1,2,2,2,1,2,2,2,3,2,2,2,2,2,2,2,2,2,2,0,0,0
2008,12,21,1,122642,1,4,1,2,2,2,6,2,1,1,1,2,1,2,1,1,2,2,2,2,3,2,2,2,2,2,2,2,1,2,2,0,0,0
2008,12,17,1,122644,1,4,1,2,1,2,6,3,4,1,2,2,2,2,2,2,2,2,1,2,3,2,2,2,2,1,2,2,2,2,2,0,0,0
2008,12,97,1,122645,1,4,2,2,1,2,3,2,5,2,1,2,3,2,2,2,2,2,1,2,3,2,2,2,2,2,2,2,2,2,2,0,0,0
2008,12,95,1,122646,1,4,2,2,1,2,3,2,1,2,1,2,1,2,2,2,2,1,2,2,3,2,2,2,2,2,2,2,2,2,2,0,0,0
2008,12,109,1,122647,1,4,2,2,4,1,3,1,1,2,2,2,1,2,2,1,2,2,1,2,2,2,2,2,2,2,2,2,2,1,2,0,0,0
2008,12,31,1,122648,1,4,2,2,1,2,4,2,1,2,2,2,1,2,2,2,1,2,2,2,3,2,2,2,2,2,2,2,2,2,2,0,0,0
2008,12,95,1,122649,1,4,2,2,1,2,4,2,1,2,2,1,2,2,2,2,1,2,2,2,3,2,2,2,2,2,2,2,2,2,2,0,0,0
2008,12,86,1,122650,1,4,2,1,2,2,1,3,4,2,2,2,1,2,2,2,1,2,2,2,1,2,2,2,2,2,1,1,1,2,2,0,0,0
2008,12,105,1,122651,1,4,1,2,1,2,6,2,3,1,2,2,3,1,2,2,2,2,2,2,3,2,2,2,2,1,2,2,1,1,2,0,0,0
2008,12,57,1,122652,1,4,2,1,1,2,1,2,1,2,1,2,3,2,2,2,1,2,2,2,3,1,1,1,1,2,2,1,2,2,2,0,0,0
2008,12,109,1,122654,1,4,1,2,1,1,6,1,4,1,2,2,2,2,1,1,2,2,2,2,3,2,2,2,2,2,1,1,2,1,2,0,0,0
2008,12,97,1,122655,1,4,1,2,2,1,6,1,1,2,2,2,1,2,2,2,2,2,2,2,1,2,2,2,2,2,2,2,1,1,2,0,0,0
2008,12,57,1,122656,1,4,2,1,1,2,1,2,2,1,1,1,3,2,1,2,2,2,2,2,3,2,2,2,2,2,2,2,1,2,2,0,0,0
2008,12,86,2,122657,1,4,2,2,3,2,4,2,1,2,1,2,2,2,2,2,2,2,2,2,3,1,1,1,1,2,2,1,1,1,2,0,0,0
2008,12,57,1,122658,1,4,2,2,1,2,3,2,2,2,1,2,2,2,2,1,2,2,1,2,3,1,1,1,1,2,2,1,2,1,2,0,0,0
2008,12,83,1,122659,1,4,1,2,2,2,6,2,1,1,1,2,1,2,2,2,2,2,2,2,2,2,2,2,2,1,2,2,1,1,2,0,0,0
2008,12,127,2,122660,1,4,1,2,1,1,3,1,4,1,1,2,3,2,2,2,2,2,2,2,3,2,2,2,2,1,2,2,2,2,2,0,0,0
2008,12,103,1,122661,1,4,2,2,1,2,4,2,1,2,2,2,1,2,2,2,1,2,2,2,1,2,2,2,2,2,2,2,2,2,2,0,0,0
2008,12,103,1,122662,1,4,2,2,1,1,4,1,4,2,2,2,2,2,1,1,2,2,2,2,1,1,1,1,1,2,2,1,2,2,2,0,0,0
2008,12,86,1,122663,1,4,2,2,1,2,4,2,1,2,1,1,3,2,2,2,1,2,2,2,3,2,2,2,2,2,2,2,2,2,2,0,0,0
2008,12,109,1,122664,1,4,1,2,1,2,6,2,1,2,1,2,1,2,2,2,2,2,1,2,1,2,2,2,2,2,2,2,1,2,2,0,0,0
2008,12,97,1,122665,1,4,2,2,2,2,6,2,1,2,2,2,1,2,2,1,2,2,2,2,1,1,1,1,1,2,2,1,1,2,2,0,0,0
2008,12,101,1,122666,1,4,2,2,1,1,3,1,1,2,1,2,1,2,2,2,1,2,2,2,3,2,2,2,2,2,2,2,2,2,2,0,0,0
2008,12,97,1,122667,1,4,2,2,1,1,6,1,4,2,2,2,2,2,1,2,2,2,2,2,1,1,1,1,1,2,2,1,2,2,2,0,0,0
2008,12,127,1,122668,1,4,2,2,2,2,3,2,1,2,2,1,1,2,2,2,2,2,2,2,1,2,2,2,2,2,2,2,1,2,2,0,0,0
2008,12,69,1,122669,1,4,2,2,1,1,3,1,4,1,2,2,2,2,2,2,2,2,2,2,3,2,2,2,2,2,2,2,2,2,2,0,0,0
2008,12,53,1,122670,1,4,2,2,1,1,3,1,3,2,2,1,2,2,2,2,2,2,2,2,1,1,1,1,1,2,2,1,2,2,2,0,0,0
2008,12,105,1,122671,1,4,1,2,1,2,6,2,1,2,1,1,2,2,2,2,2,1,2,2,3,1,1,1,1,1,2,1,2,2,2,0,0,0
2008,12,11,1,122672,1,4,2,2,1,2,3,2,1,2,1,2,1,2,2,2,1,2,2,2,3,2,2,2,2,2,2,2,2,2,2,0,0,0
2008,12,86,1,122673,1,4,3,3,1,2,7,2,1,2,2,2,1,2,2,2,1,2,2,2,3,2,2,2,2,2,2,2,2,2,2,0,0,0
2008,12,86,1,122674,1,4,1,2,1,2,6,2,1,2,2,2,1,2,2,2,1,2,2,2,3,2,2,2,2,1,2,2,2,2,2,0,0,0
2008,12,127,1,122675,1,4,2,1,3,2,1,2,1,1,2,2,1,2,2,2,2,2,1,2,2,2,2,2,2,2,2,2,1,1,2,0,0,0
2008,12,105,1,122676,1,4,2,2,1,2,6,2,1,2,1,2,1,2,2,2,1,2,2,2,3,2,2,2,2,2,2,2,2,2,2,0,0,0
2008,12,86,1,122677,1,4,2,1,1,2,1,2,1,2,1,2,1,2,2,2,1,2,2,2,3,2,2,2,2,2,2,2,2,2,2,0,0,0
2008,12,86,1,122678,1,4,2,2,1,2,2,2,1,2,2,2,1,2,1,1,2,2,2,2,3,2,2,2,2,2,2,2,2,2,2,0,0,0
2008,12,115,1,122679,1,4,2,2,1,2,6,2,1,2,1,2,1,2,2,2,1,2,2,2,3,2,2,2,2,2,2,2,2,2,2,0,0,0
2008,12,103,1,122680,1,4,2,2,4,2,6,2,1,2,2,2,1,2,2,2,2,2,2,2,2,2,2,2,2,2,2,2,1,1,2,0,0,0
2008,12,99,1,122681,1,4,2,2,4,2,3,2,1,2,1,2,1,2,2,2,2,1,2,2,3,2,2,2,2,2,2,2,1,1,2,0,0,0
2008,12,117,1,122682,1,4,2,2,4,2,3,2,1,2,2,2,1,2,2,1,2,2,2,1,2,1,1,1,1,2,2,1,1,1,2,0,0,0
2008,12,99,1,122683,1,4,2,2,1,2,5,2,1,2,2,2,1,2,2,2,2,1,2,2,3,2,2,2,2,2,2,2,2,2,2,0,0,0
2008,12,83,1,122684,1,4,2,2,4,2,6,2,1,2,2,2,1,2,2,1,2,2,1,2,1,2,2,2,2,2,2,2,1,2,2,0,0,0
2008,12,99,1,122685,1,4,2,2,4,2,3,2,1,2,2,2,1,2,2,2,2,2,1,2,1,2,2,2,2,2,1,1,1,1,2,0,0,0
2008,12,31,1,122686,1,4,2,2,4,2,6,2,1,2,1,2,1,2,2,2,2,2,2,2,1,2,2,2,2,2,1,1,1,2,2,0,0,0
2008,12,99,1,122687,1,4,2,2,1,2,3,2,1,2,2,2,1,2,2,2,1,2,2,2,3,2,2,2,2,2,2,2,2,2,2,0,0,0
2008,12,103,1,122688,1,4,2,2,1,2,6,2,1,2,2,2,1,2,2,1,1,2,2,2,3,2,2,2,2,2,2,2,2,2,2,0,0,0
2008,12,31,1,122690,1,4,2,2,4,2,6,2,1,1,2,2,1,2,1,1,2,2,2,2,2,2,2,2,2,2,2,2,1,1,2,0,0,0
2008,12,99,1,122691,1,4,2,1,4,2,1,2,1,1,2,2,1,2,2,2,2,2,2,2,2,2,2,2,2,1,2,2,1,2,2,0,0,0
2008,12,99,1,122692,1,4,1,2,1,1,6,1,1,2,1,2,3,2,2,2,1,2,2,2,3,2,2,2,2,2,1,1,2,2,2,0,0,0
2008,12,11,1,122693,1,4,2,2,1,1,3,1,1,1,1,2,1,2,2,2,1,2,2,2,3,2,2,2,2,2,2,2,2,2,2,0,0,0
2008,12,127,1,122694,1,4,2,2,4,2,3,2,1,1,1,2,1,2,2,2,2,2,1,2,3,2,2,2,2,2,2,2,1,2,2,0,0,0
2008,12,57,1,122696,1,4,2,2,1,2,3,2,2,1,2,2,3,2,2,2,2,2,2,2,3,2,2,2,2,1,2,2,2,2,2,0,0,0
2008,12,127,1,122697,1,4,2,2,1,1,6,1,4,1,1,2,2,2,1,2,2,2,2,2,3,2,2,2,2,2,2,2,2,2,2,0,0,0
2008,12,69,1,122698,1,4,2,2,1,2,3,2,1,2,2,2,1,2,2,2,1,2,2,2,3,2,2,2,2,2,2,2,2,2,2,0,0,0
2008,12,81,1,122699,1,4,2,2,1,1,3,1,4,1,1,1,3,2,2,2,2,2,2,1,3,2,2,2,2,2,2,2,2,2,2,0,0,0
2008,12,11,1,122700,1,4,2,2,1,2,3,2,1,2,1,2,1,2,2,2,1,2,2,2,3,2,2,2,2,2,2,2,2,2,2,0,0,0
2008,12,109,1,122701,1,4,1,2,2,2,3,2,1,2,2,2,1,2,2,1,2,2,1,2,1,2,2,2,2,2,2,2,1,1,2,0,0,0
2008,12,57,1,122702,1,4,2,2,1,1,3,1,4,1,1,2,2,2,2,2,2,2,1,2,1,2,2,2,2,2,2,2,2,2,2,0,0,0
2008,12,97,1,122703,1,4,2,2,4,2,6,2,1,2,1,2,1,2,2,2,2,2,2,2,2,2,2,2,2,1,2,2,1,2,2,0,0,0
2008,12,86,1,122704,1,4,2,2,1,2,3,2,1,1,1,2,1,2,2,2,1,2,2,2,3,2,2,2,2,2,2,2,2,2,2,0,0,0
2008,12,57,1,122705,1,4,1,2,1,1,6,1,4,2,2,2,2,2,1,2,2,2,2,2,1,1,1,1,1,2,2,1,2,2,2,0,0,0
2008,12,83,1,122706,1,4,2,2,1,2,3,2,1,2,2,2,1,2,2,2,1,2,2,2,3,2,2,2,2,2,2,2,2,2,2,0,0,0
2008,12,115,1,122707,1,4,2,2,4,2,3,2,1,2,1,2,1,2,2,1,2,2,1,2,1,2,2,2,2,2,1,1,1,1,2,0,0,0
2008,12,9,1,122708,1,4,2,2,1,2,3,3,4,2,2,2,2,2,1,2,2,2,2,2,1,2,2,2,2,2,2,2,2,2,2,0,0,0
2008,12,57,1,122709,1,4,1,2,1,2,6,2,4,3,2,2,2,2,2,2,2,2,1,2,1,2,2,2,2,2,1,1,1,2,2,0,0,0
2008,12,57,1,122710,1,4,2,2,1,1,6,1,1,2,2,1,1,2,2,2,1,2,2,2,3,2,2,2,2,2,2,2,2,2,2,0,0,0
2008,12,99,1,122711,1,4,2,2,1,1,4,1,4,2,1,2,2,2,1,2,2,2,2,2,3,2,2,2,2,2,1,1,2,2,2,0,0,0
2008,12,11,1,122712,1,4,2,2,1,1,3,1,4,2,1,2,2,2,2,2,2,2,1,2,3,2,2,2,2,2,2,2,2,2,2,0,0,0
2008,12,11,1,122713,1,4,2,2,3,1,2,1,1,2,2,2,1,2,2,1,2,2,2,2,3,2,2,2,2,2,2,2,2,2,2,0,0,0
2008,12,95,1,122714,1,4,2,2,1,1,3,1,1,1,2,1,1,2,2,2,1,2,2,2,3,2,2,2,2,2,2,2,2,2,2,0,0,0
2008,12,127,1,122715,1,4,2,2,1,2,6,2,3,2,2,2,2,2,2,2,2,2,2,2,1,2,2,2,2,2,2,2,1,2,2,0,0,0
2008,12,5,1,122716,1,4,2,2,1,2,6,2,1,2,2,1,1,2,2,2,2,2,1,2,3,1,1,1,1,2,2,1,2,2,2,0,0,0
2008,12,11,1,122717,1,4,2,2,2,2,5,2,1,1,2,2,1,2,2,2,2,2,1,2,1,2,2,2,2,2,1,1,1,1,2,0,0,0
2008,12,33,2,122718,1,4,2,2,1,2,3,2,3,2,1,2,2,2,2,1,2,2,1,2,1,2,2,2,2,2,1,1,1,2,2,0,0,0
2008,12,99,1,122719,1,4,1,2,2,2,6,3,1,1,1,2,1,2,2,2,1,2,2,2,3,2,2,2,2,2,2,2,2,2,2,0,0,0
2008,12,117,1,122720,1,4,2,2,1,1,3,1,1,1,1,2,1,1,2,2,2,1,2,2,3,2,2,2,2,2,2,2,2,2,2,0,0,0
2008,12,9,1,122721,1,4,2,2,1,2,4,2,1,2,2,2,2,2,1,2,2,2,2,2,1,2,2,2,2,2,2,2,2,2,2,0,0,0
2008,12,11,1,122722,1,4,2,2,1,2,3,2,4,1,1,2,3,2,2,2,2,2,2,2,3,1,1,1,1,1,2,1,1,2,2,0,0,0
2008,12,99,1,122723,1,4,2,2,1,2,3,2,1,2,2,2,1,2,2,2,1,2,2,2,3,1,1,1,1,2,2,1,2,2,2,0,0,0
2008,12,71,1,122724,1,4,2,2,1,1,6,1,1,2,2,2,1,2,2,2,2,1,2,2,3,1,1,1,1,2,2,1,2,2,2,0,0,0
2008,12,103,1,122725,1,4,2,2,1,1,6,1,4,2,2,2,2,2,1,1,2,2,2,2,1,2,2,2,2,1,2,2,2,2,2,0,0,0
2008,12,95,1,122726,1,4,2,2,1,1,4,1,1,2,2,1,1,2,2,2,1,2,2,2,3,2,2,2,2,2,2,2,2,2,2,0,0,0
2008,12,11,1,122727,1,4,2,2,1,1,6,1,1,2,1,2,1,2,2,2,2,2,1,2,3,2,2,2,2,2,2,2,2,1,2,0,0,0
2008,12,103,1,122728,1,4,2,2,1,2,6,2,1,2,1,1,1,2,2,2,1,1,2,1,3,1,1,1,1,2,2,1,2,2,2,0,0,0
2008,12,86,1,122729,1,4,2,2,4,1,6,1,1,1,2,2,1,2,2,2,2,2,2,2,3,2,2,2,2,2,2,2,2,1,2,0,0,0
2008,12,11,1,122730,1,4,2,2,3,1,4,1,1,2,1,2,1,2,2,2,2,2,1,2,1,2,2,2,2,2,2,2,2,2,2,0,0,0
2008,12,9,1,122731,1,4,1,2,1,2,6,2,5,1,2,2,2,2,1,2,2,2,2,2,3,2,2,2,2,2,1,1,1,1,2,0,0,0
2008,12,127,1,122732,1,4,2,2,4,2,6,2,1,1,1,2,1,2,2,2,2,2,2,2,3,2,2,2,2,1,2,2,1,1,2,0,0,0
2008,12,95,1,122733,1,4,2,2,1,2,3,2,1,2,2,2,1,2,2,2,2,1,2,2,3,2,2,2,2,2,2,2,2,2,2,0,0,0
2008,12,11,1,122734,1,4,2,2,1,2,4,3,2,2,1,2,2,2,1,2,2,2,2,2,3,2,2,2,2,1,2,2,2,2,2,0,0,0
2008,12,9,1,122735,1,4,2,2,1,2,6,2,1,2,1,2,1,2,1,1,2,2,2,2,1,2,2,2,2,2,2,2,2,1,2,0,0,0
2008,12,127,1,122736,1,4,2,1,2,2,1,2,1,2,1,2,1,2,2,2,2,2,1,2,2,2,2,2,2,1,2,2,1,2,2,0,0,0
2008,12,86,1,122737,1,4,2,2,1,1,4,1,1,1,1,2,1,2,2,2,1,2,2,2,3,2,2,2,2,2,2,2,2,2,2,0,0,0
2008,12,9,2,122738,1,4,2,2,2,1,6,1,1,2,1,2,1,2,2,1,2,2,2,2,1,2,2,2,2,2,2,2,2,1,2,0,0,0
2008,12,86,1,122739,1,4,2,2,1,1,4,1,4,2,2,2,2,2,1,1,2,2,2,2,1,2,2,2,2,2,2,2,2,2,2,0,0,0
2008,12,57,1,122740,1,4,1,2,3,2,6,2,1,3,3,2,1,2,2,2,2,2,2,2,2,2,2,2,2,2,2,2,1,2,2,0,0,0
2008,12,11,1,122741,1,4,2,2,1,1,4,1,1,1,1,2,1,2,2,2,2,1,2,2,3,2,2,2,2,1,2,2,2,2,2,0,0,0
2008,12,103,1,122742,1,4,2,2,1,1,6,1,4,1,1,2,2,2,2,2,2,2,2,2,3,1,1,1,1,1,2,1,2,2,2,0,0,0
2008,12,103,1,122743,1,4,2,2,1,2,6,3,4,2,1,2,2,2,1,2,2,2,2,2,3,2,2,2,2,2,2,2,2,2,2,0,0,0
2008,12,86,1,122744,1,4,1,2,4,1,6,1,1,1,2,2,1,2,2,2,2,2,2,2,3,2,2,2,2,2,2,2,2,2,2,0,0,0
2008,12,99,1,122745,1,4,2,2,1,1,3,1,1,2,2,2,1,2,2,2,1,2,2,2,3,2,2,2,2,2,2,2,2,2,2,0,0,0
2008,12,127,1,122746,1,4,2,2,4,2,6,2,1,2,1,2,1,2,2,1,2,2,1,2,1,2,2,2,2,2,2,2,1,2,2,0,0,0
2008,12,57,1,122747,1,4,1,2,4,2,6,2,1,2,1,2,1,2,2,2,2,2,1,2,1,2,2,1,1,2,2,1,1,1,2,0,0,0
2008,12,86,1,122748,1,4,2,2,3,2,2,2,1,2,1,2,1,2,2,2,2,2,1,2,3,2,2,2,2,2,2,2,1,1,2,0,0,0
2008,12,97,1,122749,1,4,2,2,4,2,6,2,1,2,1,2,1,2,2,2,2,2,2,2,3,2,2,2,2,2,1,1,1,1,2,0,0,0
2008,12,33,1,122750,1,4,1,2,1,2,6,2,1,2,2,1,1,2,2,2,2,1,2,2,3,2,2,2,2,2,2,2,2,2,2,0,0,0
2008,12,86,1,122751,1,4,1,2,1,2,6,2,1,2,2,2,1,2,2,2,2,2,2,2,3,1,1,1,1,2,2,1,2,1,2,0,0,0
2008,12,11,1,122752,1,4,2,2,1,1,3,1,1,1,1,2,1,2,2,2,1,2,2,2,3,2,2,2,2,2,2,2,2,2,2,0,0,0
2008,12,11,1,122753,1,4,2,2,1,2,3,2,4,1,1,2,2,2,2,2,2,2,2,2,3,2,2,2,2,2,2,2,2,2,2,0,0,0
2008,12,86,1,122754,1,4,1,2,1,1,6,1,3,2,2,2,2,2,1,2,2,2,2,2,3,2,2,2,2,2,2,2,2,2,2,0,0,0
2008,12,1,1,122755,1,4,1,2,1,1,3,1,4,1,1,2,2,2,2,2,2,2,2,2,3,2,2,2,2,1,2,2,2,2,2,0,0,0
2008,12,11,1,122756,1,4,2,2,1,1,3,1,4,2,1,2,2,1,2,2,2,2,2,2,3,2,2,2,2,2,2,2,2,2,2,0,0,0
2008,12,71,1,122757,1,4,1,2,1,1,6,1,1,2,2,2,1,2,2,1,2,2,1,2,3,2,2,2,2,2,2,2,2,2,2,0,0,0
2008,12,86,1,122758,1,4,1,2,1,2,6,2,1,2,2,2,1,2,2,2,1,2,2,2,3,2,2,2,2,2,1,1,2,2,2,0,0,0
2008,12,31,1,122759,1,4,2,2,1,1,6,1,1,2,1,2,1,2,2,2,1,2,2,2,3,2,2,2,2,2,2,2,2,2,2,0,0,0
2008,12,57,1,122760,1,4,2,2,1,2,3,2,1,2,1,2,1,2,2,2,1,2,2,2,3,2,2,2,2,2,2,2,2,2,2,0,0,0
2008,12,11,1,122761,1,4,2,2,1,2,6,2,1,1,1,1,1,2,2,2,1,2,2,2,3,1,1,1,1,2,2,1,2,2,2,0,0,0
2008,12,97,1,122762,1,4,2,2,1,2,6,2,1,2,1,2,1,2,2,2,1,2,2,2,3,2,2,1,1,2,2,1,2,2,2,0,0,0
2008,12,11,1,122763,1,4,2,2,3,2,4,2,1,2,1,2,1,2,2,1,2,2,2,2,3,2,2,1,1,2,2,1,1,1,2,0,0,0
2008,12,117,1,122764,1,4,2,2,1,2,3,2,1,2,2,2,1,2,2,2,1,2,2,2,3,2,2,2,2,2,2,2,2,2,2,0,0,0
2008,12,95,1,122765,1,4,2,2,1,2,6,2,3,2,1,2,2,2,1,2,2,2,2,2,1,2,2,2,2,2,2,2,1,2,2,0,0,0
2008,12,103,1,122766,1,4,2,2,1,1,6,1,4,1,1,2,3,2,2,2,2,2,2,2,3,2,2,2,2,1,2,2,2,2,2,0,0,0
2008,12,117,1,122767,1,4,1,1,2,2,1,3,1,1,1,2,1,2,2,2,2,2,1,2,2,2,2,2,2,1,2,2,1,2,2,0,0,0
2008,12,69,1,122768,1,4,1,2,1,2,6,2,1,2,2,1,1,2,2,2,1,2,2,2,3,2,2,2,2,2,1,1,2,2,2,0,0,0
2008,12,97,1,122769,1,4,1,2,1,1,6,1,4,2,1,1,2,2,2,2,2,2,2,2,3,2,2,2,2,2,2,2,2,2,2,0,0,0
2008,12,57,1,122770,1,4,2,2,1,2,6,2,1,2,1,2,1,2,2,2,2,2,2,2,3,2,2,2,2,2,2,2,2,2,2,0,0,0
2008,12,57,1,122771,1,4,1,2,4,2,6,2,1,1,2,2,1,2,2,2,2,2,2,2,2,2,2,2,2,2,2,2,1,1,2,0,0,0
2008,12,85,1,122773,1,4,2,2,1,2,3,2,1,2,1,2,1,2,2,2,2,1,2,2,3,2,2,2,2,2,2,2,2,2,2,0,0,0
2008,12,11,1,122774,1,4,2,2,1,1,4,1,1,1,1,1,1,2,2,2,2,1,2,2,3,2,2,2,2,2,2,2,2,2,2,0,0,0
2008,12,91,1,122775,1,4,2,2,2,2,6,2,1,2,1,2,1,2,1,1,2,2,2,2,3,2,2,2,2,2,2,2,1,1,2,0,0,0
2008,12,31,1,122776,1,4,2,2,2,1,6,1,1,1,1,2,1,2,1,2,2,2,2,2,3,2,2,2,2,2,2,2,2,1,2,0,0,0
2008,12,103,1,122777,1,4,2,2,1,1,4,1,2,1,1,2,2,2,1,2,2,2,2,2,3,2,2,2,2,2,2,2,2,2,2,0,0,0
2008,12,99,1,122778,1,4,2,2,1,1,4,1,4,2,1,2,2,2,2,2,2,2,2,2,1,2,2,2,2,2,1,1,2,2,2,0,0,0
2008,12,86,1,122779,1,4,1,2,1,2,6,2,1,2,1,2,1,2,2,2,1,2,2,2,3,2,2,2,2,2,2,2,2,1,2,0,0,0
2008,12,97,1,122780,1,4,2,2,1,2,6,2,1,2,2,1,1,2,2,2,1,2,2,2,3,2,2,2,2,2,2,2,2,2,2,0,0,0
2008,12,57,1,122781,1,4,2,2,1,1,4,1,1,1,1,2,1,2,2,2,1,2,2,2,3,2,2,2,2,2,2,2,2,2,2,0,0,0
2008,12,86,1,122782,1,4,2,2,4,2,6,2,1,2,2,2,1,2,2,2,2,2,2,2,1,2,2,2,2,2,2,2,2,2,2,0,0,0
2008,12,31,1,122783,1,4,2,2,4,1,6,1,1,2,2,2,1,2,2,2,2,2,2,2,3,2,2,2,2,2,2,2,2,1,2,0,0,0
2008,12,105,1,122785,1,4,2,2,4,2,6,2,1,1,2,2,1,2,2,2,2,2,2,2,3,2,2,2,2,1,2,2,1,1,2,0,0,0
2008,12,57,1,122786,1,4,2,2,1,2,3,2,1,2,1,2,1,2,2,2,1,2,2,2,3,2,2,2,2,2,2,2,2,2,2,0,0,0
2008,12,109,1,122787,1,4,1,2,1,1,6,1,4,2,1,2,2,2,2,2,2,2,2,2,1,2,2,2,2,2,2,2,2,2,2,0,0,0
2008,12,11,1,122788,1,4,2,1,1,1,1,1,2,2,2,2,3,1,2,2,2,2,2,2,1,2,2,2,2,2,1,1,2,2,2,0,0,0
2008,12,87,1,122789,1,4,2,2,1,2,6,2,4,1,2,2,2,2,1,1,2,2,2,2,3,2,2,2,2,1,2,2,2,2,2,0,0,0
2008,12,95,1,122790,1,4,2,2,1,2,3,2,1,1,1,2,1,2,2,2,2,1,2,2,3,2,2,2,2,2,2,2,1,2,2,0,0,0
2008,12,99,1,122791,1,4,2,2,1,1,4,1,2,2,1,2,2,2,1,2,2,2,2,2,1,1,1,1,1,1,2,1,2,2,2,0,0,0
2008,12,127,2,122792,1,4,2,2,1,1,3,1,1,2,1,2,1,2,1,2,1,2,2,2,1,2,2,2,2,2,2,2,2,2,2,0,0,0
2008,12,1,1,122793,1,4,1,2,1,1,3,1,4,1,2,2,2,2,1,2,2,2,2,2,2,2,2,2,2,2,2,2,2,2,2,0,0,0
2008,12,127,1,122794,1,4,2,2,1,2,3,2,1,2,1,1,1,2,2,2,1,2,2,2,3,2,2,2,2,2,2,2,2,2,2,0,0,0
2008,12,11,1,122795,1,4,2,2,1,2,2,2,1,2,1,2,1,2,2,2,1,2,2,2,3,2,2,2,2,2,2,2,2,2,2,0,0,0
2008,12,86,1,122796,1,4,1,2,2,2,6,2,1,3,2,2,1,2,2,2,2,2,2,2,3,1,1,1,1,2,2,1,1,1,2,0,0,0
2008,12,11,1,122799,1,4,2,2,2,2,4,2,1,2,1,2,1,2,2,2,2,2,1,2,1,2,2,2,2,2,1,1,1,1,2,0,0,0
2008,12,89,1,122800,1,4,2,2,1,2,4,2,1,2,1,2,1,2,2,2,1,2,2,2,3,2,2,1,1,2,2,1,2,2,2,0,0,0
2008,12,105,1,122802,1,4,1,2,1,2,3,2,4,1,2,2,3,2,2,2,2,2,1,2,3,1,1,1,1,1,2,1,2,1,2,0,0,0
2008,12,11,1,122803,1,4,2,2,1,1,3,1,4,1,1,2,2,2,2,2,2,2,2,2,3,2,2,2,2,1,1,1,2,2,2,0,0,0
2008,12,99,1,122804,1,4,1,2,1,1,6,1,4,1,2,2,2,2,2,2,2,2,2,2,3,2,2,2,2,1,2,2,2,2,2,0,0,0
2008,12,95,1,122805,1,4,2,2,4,2,6,2,1,2,1,2,2,2,2,2,2,2,2,2,1,2,2,2,2,1,2,2,1,1,2,0,0,0
2008,12,31,1,122806,1,4,2,2,4,2,4,2,1,3,3,2,1,2,2,2,2,2,2,2,3,2,2,2,2,2,2,2,1,1,2,0,0,0
2008,12,86,1,122807,1,4,2,2,1,2,3,2,1,1,2,2,1,2,2,2,1,2,2,2,3,2,2,2,2,2,2,2,2,2,2,0,0,0
2008,12,57,1,122808,1,4,2,2,1,1,4,1,1,1,1,2,2,2,2,2,1,2,2,2,3,2,2,2,2,2,2,2,2,2,2,0,0,0
2008,12,83,1,122809,1,4,2,2,1,1,6,1,4,1,2,2,2,2,2,2,2,2,2,2,3,2,2,2,2,1,2,2,2,2,2,0,0,0
2008,12,85,1,122810,1,4,1,1,4,2,1,2,1,1,2,2,1,2,2,2,2,2,2,2,2,2,2,2,2,1,2,2,1,2,2,0,0,0
2008,12,95,1,122811,1,4,2,2,1,2,3,2,1,2,2,1,1,2,2,2,1,2,2,2,3,2,2,2,2,2,2,2,2,2,2,0,0,0
2008,12,11,1,122812,1,4,2,2,1,1,3,1,1,2,1,1,1,2,2,2,1,2,2,2,3,2,2,2,2,2,2,2,2,2,2,0,0,0
2008,12,86,1,122813,1,4,2,2,1,1,6,1,1,1,1,2,1,2,2,2,1,2,2,2,3,2,2,2,2,2,2,2,2,1,2,0,0,0
2008,12,9,1,122814,1,4,2,2,4,2,3,2,1,2,2,2,1,2,1,2,2,2,2,2,2,2,2,2,2,2,2,2,1,1,2,0,0,0
2008,12,11,1,122815,1,4,2,2,1,1,3,1,1,2,2,1,1,2,2,2,2,2,2,2,3,2,2,2,2,2,2,2,2,2,2,0,0,0
2008,12,99,1,122816,1,4,1,2,1,2,6,2,1,2,2,2,1,2,2,2,1,2,2,2,3,2,2,2,2,2,1,1,2,2,2,0,0,0
2008,12,103,1,122817,1,4,2,2,1,1,6,1,1,2,2,1,1,2,2,2,1,2,2,2,3,2,2,2,2,2,2,2,2,2,2,0,0,0
2008,12,105,1,122818,1,4,1,2,4,2,6,2,1,2,2,2,1,2,2,2,2,2,2,2,3,2,2,2,2,2,2,2,1,2,2,0,0,0
2008,12,9,1,122819,1,4,2,2,2,2,6,2,1,2,2,2,1,2,1,2,2,2,2,2,3,2,2,2,2,2,2,2,1,2,2,0,0,0
2008,12,55,1,122820,1,4,2,2,1,2,6,2,1,2,1,2,1,2,2,2,1,2,2,2,3,2,2,2,2,2,2,2,2,2,2,0,0,0
2008,12,1,1,122821,1,4,2,2,1,1,4,1,2,1,1,2,3,2,1,2,2,2,2,2,3,2,2,2,2,2,1,1,2,2,2,0,0,0
2008,12,17,1,122822,1,4,1,2,4,2,6,2,1,2,2,2,1,2,2,1,2,2,2,2,1,2,2,2,2,2,2,2,1,1,2,0,0,0
2008,12,86,1,122823,1,4,2,2,1,1,3,1,1,1,2,2,1,2,2,2,1,2,2,2,1,2,2,2,2,2,2,2,2,2,2,0,0,0
2008,12,11,1,122824,1,4,2,2,1,2,6,2,1,1,1,2,1,2,2,2,2,1,2,2,2,1,1,1,1,2,2,1,2,2,2,0,0,0
2008,12,115,1,122825,1,4,2,2,1,2,3,2,1,2,1,1,1,2,2,2,2,1,2,2,1,2,2,2,2,2,2,2,2,2,2,0,0,0
2008,12,103,1,122826,1,4,2,2,1,2,6,2,1,2,2,2,1,2,2,2,1,2,2,2,3,1,1,1,1,2,2,1,2,2,2,0,0,0
2008,12,111,1,122827,1,4,2,2,1,1,3,1,4,1,1,2,3,2,1,2,2,2,2,2,3,2,2,2,2,1,1,1,2,1,2,0,0,0
2008,12,86,1,122828,1,4,2,2,1,1,3,1,4,1,2,2,2,2,2,1,2,2,2,2,3,2,2,2,2,2,2,2,2,2,2,0,0,0
2008,12,99,1,122829,1,4,2,2,4,2,5,2,1,2,1,2,1,2,2,2,2,2,2,2,2,2,2,2,2,2,2,2,1,1,2,0,0,0
2008,12,99,1,122830,1,4,2,2,1,2,4,2,1,2,1,1,1,2,2,2,2,1,2,2,3,2,2,2,2,2,2,2,2,2,2,0,0,0
2008,12,109,1,122831,1,4,1,2,1,2,3,2,4,1,1,2,2,2,2,2,2,2,2,2,3,2,2,2,2,1,2,2,2,2,2,0,0,0
2008,12,11,1,122832,1,4,2,2,1,2,4,2,2,2,1,1,2,2,1,2,2,2,2,2,3,2,2,2,2,2,2,2,2,1,2,0,0,0
2008,12,86,1,122833,1,4,2,2,1,1,6,1,4,2,2,2,2,2,1,2,2,2,2,2,1,2,2,2,2,2,2,2,2,2,2,0,0,0
2008,12,105,1,122835,1,4,2,2,1,2,4,2,1,1,1,2,1,1,2,2,2,1,2,2,3,2,2,2,2,2,2,2,2,2,2,0,0,0
2008,12,99,2,122836,1,4,2,2,1,1,6,1,4,1,1,2,2,2,2,1,2,2,2,2,3,1,1,1,1,1,2,1,2,2,2,0,0,0
2008,12,127,1,122837,1,4,2,2,1,2,6,2,1,2,1,2,1,2,2,2,1,2,2,2,3,2,2,2,2,1,2,2,2,2,2,0,0,0
2008,12,103,1,122838,1,4,2,2,1,2,6,2,3,2,1,2,2,2,2,1,2,2,2,2,1,2,2,2,2,2,2,2,1,2,2,0,0,0
2008,12,103,1,122839,1,4,2,2,2,2,6,2,4,1,2,2,1,2,2,2,2,2,2,2,3,2,2,2,2,1,2,2,1,1,2,0,0,0
2008,12,11,1,122840,1,4,2,2,1,1,3,1,4,2,1,2,2,2,2,2,2,2,2,2,3,2,2,2,2,2,2,2,2,2,2,0,0,0
2008,12,37,1,122841,1,4,1,2,4,1,3,1,1,1,1,2,1,2,2,2,2,2,2,2,3,2,2,2,2,1,2,2,2,2,1,0,0,0
2008,12,111,1,122842,1,4,2,2,1,1,6,1,1,2,2,2,2,2,2,2,2,1,2,2,3,1,1,1,1,2,1,1,2,2,2,0,0,0
2008,12,1,1,122843,1,4,1,2,4,2,3,2,1,1,1,2,1,1,2,2,2,2,1,2,3,2,2,2,2,2,2,2,1,1,2,0,0,0
2008,12,97,1,122844,1,4,2,2,1,2,3,2,2,1,2,2,2,2,2,2,2,2,2,2,3,2,2,2,2,2,2,2,2,1,2,0,0,0
2008,12,127,1,122845,1,4,2,2,4,1,3,1,1,1,1,2,1,2,2,2,2,2,2,2,3,2,2,2,2,1,2,2,2,2,2,0,0,0
2008,12,105,1,122846,1,4,2,2,2,2,3,2,1,1,1,1,1,2,2,2,1,2,2,2,3,2,2,2,2,2,2,2,1,2,2,0,0,0
2008,12,11,1,122847,1,4,2,2,1,2,3,2,7,1,1,2,2,2,1,2,2,2,2,2,3,2,2,2,2,2,2,2,2,2,2,0,0,0
2008,12,55,1,122848,1,4,2,2,1,1,3,1,4,1,1,2,2,2,2,2,2,2,2,2,3,2,2,2,2,1,2,2,2,2,2,0,0,0
2008,12,103,1,122849,1,4,2,2,1,1,6,1,4,2,2,1,2,2,2,2,2,2,1,2,1,2,2,1,1,2,2,1,2,2,2,0,0,0
2008,12,86,1,122850,1,4,3,3,4,2,7,2,1,1,1,2,1,2,1,2,2,2,2,2,3,2,2,2,2,2,1,1,1,1,2,0,0,0
2008,12,86,1,122851,1,4,2,2,1,1,4,1,5,1,2,2,2,2,2,2,2,2,2,2,3,1,1,1,1,2,2,1,2,1,2,0,0,0
2008,12,63,1,122852,1,4,1,1,1,2,1,2,5,2,2,2,2,2,2,2,2,2,1,2,3,2,2,2,2,2,2,2,2,1,2,0,0,0
2008,12,86,1,122853,1,4,2,2,1,1,4,1,1,1,1,2,1,1,2,2,2,1,2,2,3,2,2,2,2,2,2,2,2,2,2,0,0,0
2008,12,81,1,122854,1,4,2,2,1,1,4,1,4,1,2,2,2,2,2,2,2,2,2,2,3,2,2,2,2,1,2,2,2,2,2,0,0,0
2008,13,21,1,130001,1,4,2,2,4,2,6,2,1,2,1,2,1,2,2,1,2,2,1,2,1,2,2,2,2,2,1,1,1,2,2,0,0,0
2008,13,67,3,130002,1,4,2,2,1,1,6,1,3,2,1,2,2,2,2,1,2,2,2,2,1,2,2,2,2,2,1,1,2,2,2,0,0,0
2008,13,117,1,130003,1,4,2,2,4,2,3,2,1,3,1,2,1,2,2,2,2,2,1,2,2,1,1,1,1,2,2,1,1,2,2,0,0,0
2008,13,67,1,130004,1,4,2,2,3,2,3,2,1,1,1,2,2,2,2,2,2,2,1,2,3,2,2,2,2,2,2,2,1,2,2,0,0,0
2008,13,223,1,130005,1,4,1,2,1,2,3,2,3,2,1,2,3,2,2,2,2,2,2,2,3,2,2,2,2,2,2,2,2,2,2,0,0,0
2008,13,255,1,130006,1,4,1,2,4,2,4,2,1,2,1,2,1,2,2,2,2,2,2,2,2,2,2,2,2,2,1,1,1,2,2,0,0,0
2008,13,285,1,130007,1,4,2,2,1,1,4,1,4,1,1,2,2,1,2,2,2,2,2,2,3,2,2,2,2,1,2,2,2,2,2,0,0,0
2008,13,89,1,130008,1,4,2,1,2,2,1,2,1,1,1,1,1,2,2,2,1,2,2,2,3,2,2,2,2,2,1,1,1,2,2,0,0,0
2008,13,189,1,130009,1,4,1,1,2,2,1,2,1,1,1,2,1,2,2,2,2,2,1,2,3,2,2,2,2,2,2,2,1,2,2,0,0,0
2008,13,71,1,130010,1,4,2,2,1,1,3,1,4,2,2,2,2,2,2,2,2,2,2,2,1,2,2,1,1,2,2,1,2,2,2,0,0,0
2008,13,97,1,130011,1,4,1,2,1,1,4,1,4,1,1,2,2,1,2,2,2,2,2,2,3,1,1,1,1,2,2,1,2,2,2,0,0,0
2008,13,119,1,130012,1,4,1,1,2,2,1,2,1,1,1,2,1,2,2,1,2,2,1,2,2,2,2,2,2,2,1,1,1,2,2,0,0,0
2008,13,157,1,130013,1,4,2,2,1,2,4,3,1,1,1,2,1,2,2,2,2,2,2,2,2,2,2,2,2,1,2,2,2,2,2,0,0,0
2008,13,185,1,130014,1,4,1,2,1,1,3,1,4,2,2,2,2,2,2,2,2,2,1,2,3,2,2,2,2,2,2,2,2,2,2,0,0,0
2008,13,51,1,130015,1,4,2,2,1,1,3,1,4,1,2,2,2,2,2,2,2,2,2,2,3,2,2,2,2,2,2,2,2,2,2,0,0,0
2008,13,75,1,130016,1,4,1,1,3,2,1,2,1,1,2,2,1,2,2,2,2,2,1,2,3,2,2,2,2,2,2,2,1,2,2,0,0,0
2008,13,151,1,130017,1,4,2,2,1,2,4,2,2,1,1,2,2,1,2,2,2,2,2,2,3,2,2,2,2,2,2,2,2,2,2,0,0,0
2008,13,185,1,130018,1,4,1,2,4,2,4,2,1,2,2,2,1,2,2,2,2,2,2,2,1,2,2,2,2,2,2,2,1,2,2,0,0,0
2008,13,67,1,130019,1,4,2,2,1,2,3,2,5,2,1,2,3,2,1,2,2,2,2,2,3,2,2,2,2,1,2,2,2,2,2,0,0,0
2008,13,121,1,130020,1,4,2,2,1,1,6,1,1,2,1,2,1,2,2,2,1,2,2,2,3,2,2,2,2,2,2,2,2,2,2,0,0,0
2008,13,135,1,130021,1,4,2,2,1,1,4,1,2,2,1,2,3,2,2,2,2,2,2,2,3,2,2,2,2,2,2,2,2,2,2,0,0,0
2008,13,163,1,130022,1,4,1,2,4,2,4,2,1,2,1,2,1,2,2,1,2,2,1,1,1,2,2,2,2,2,2,2,1,2,2,0,0,0
2008,13,235,1,130023,1,4,1,2,1,2,4,3,4,1,1,2,2,1,2,2,2,2,2,2,3,2,2,2,2,1,2,2,2,2,2,0,0,0
2008,13,289,1,130024,1,4,1,2,1,2,4,2,3,2,1,2,2,2,2,2,2,2,2,2,3,2,2,2,2,2,2,2,1,2,2,0,0,0
2008,13,17,1,130025,1,4,1,3,1,2,7,2,1,2,1,2,1,2,2,2,2,1,2,2,3,1,1,1,1,2,2,1,2,2,2,0,0,0
2008,13,47,1,130026,1,4,2,1,3,2,1,2,1,2,1,2,1,2,2,2,2,2,1,2,3,2,2,2,2,2,2,2,1,2,2,0,0,0
2008,13,63,1,130027,1,4,3,3,4,2,7,2,1,2,1,2,1,2,2,2,2,2,2,2,3,1,1,1,1,2,2,1,1,2,2,0,0,0
2008,13,129,1,130028,1,4,1,2,4,2,4,2,1,1,1,2,1,2,2,2,2,2,1,2,2,2,2,2,2,2,2,2,1,2,2,0,0,0
2008,13,147,1,130029,1,4,1,2,1,2,3,2,3,1,1,2,3,2,2,2,2,2,2,2,3,2,2,2,2,2,2,2,1,2,2,0,0,0
2008,13,153,1,130030,1,4,2,2,1,1,4,1,4,1,1,2,2,1,2,1,2,2,2,2,3,2,2,2,2,1,2,2,2,2,2,0,0,0
2008,13,15,1,130031,1,4,1,2,1,1,3,1,2,1,2,2,3,2,1,1,2,2,2,2,3,2,2,2,2,1,2,2,2,2,2,0,0,0
2008,13,21,1,130032,1,4,2,2,4,2,6,2,4,2,2,2,1,2,2,2,2,2,2,2,2,2,2,2,2,2,2,2,1,2,2,0,0,0
2008,13,121,1,130033,1,4,2,2,1,1,6,1,1,2,2,1,1,2,2,2,1,2,2,2,3,2,2,2,2,2,2,2,2,2,2,0,0,0
2008,13,139,1,130034,1,4,2,2,4,2,5,2,1,2,2,2,1,2,2,1,2,2,1,2,1,2,2,2,2,2,1,1,1,2,2,0,0,0
2008,13,157,1,130035,1,4,1,2,4,2,5,2,7,2,2,2,1,2,2,2,2,2,2,2,2,2,2,2,2,2,1,1,1,2,2,0,0,0
2008,13,199,1,130036,1,4,1,2,4,2,5,2,1,2,2,2,1,2,2,2,2,2,1,2,3,2,2,2,2,2,2,2,1,2,2,0,0,0
2008,13,295,2,130037,1,4,1,2,4,2,4,2,1,1,2,2,1,2,2,1,2,2,2,2,3,1,1,1,1,2,2,1,1,2,2,0,0,0
2008,13,299,1,130038,1,4,3,3,4,2,7,2,1,2,2,2,1,2,2,2,2,2,1,2,1,2,2,2,2,2,2,2,1,2,2,0,0,0
2008,13,69,1,130039,1,4,2,2,1,1,4,1,3,1,1,2,2,1,2,2,2,2,2,2,3,2,2,2,2,1,2,2,2,2,2,0,0,0
2008,13,251,1,130040,1,4,1,2,4,2,3,2,1,1,1,2,1,2,2,2,2,2,2,2,2,2,2,2,2,2,2,2,1,2,2,0,0,0
2008,13,109,1,130041,1,4,1,2,4,2,5,2,1,1,1,2,1,2,2,1,2,2,2,2,1,2,2,2,2,2,1,1,1,2,2,0,0,0
2008,13,135,1,130042,1,4,2,1,1,2,1,3,5,2,1,2,2,2,2,2,2,2,1,2,3,2,2,1,1,2,2,1,2,2,2,0,0,0
2008,13,9,1,130043,1,4,1,2,4,2,4,2,1,1,1,2,1,2,2,2,2,2,2,2,2,2,2,2,2,1,2,2,1,2,2,0,0,0
2008,13,45,1,130044,1,4,2,2,4,2,4,2,1,1,1,2,1,2,2,1,2,2,2,2,3,2,2,2,2,1,2,2,1,2,2,0,0,0
2008,13,143,3,130045,1,4,1,2,4,2,5,2,1,1,1,2,1,2,2,1,2,2,1,2,3,2,2,2,2,2,2,2,1,2,2,0,0,0
2008,13,295,1,130046,1,4,2,2,1,1,3,1,4,1,1,2,2,2,2,2,2,2,2,2,3,2,2,2,2,1,2,2,2,2,2,0,0,0
2008,13,45,1,130047,1,4,2,2,1,1,3,1,3,1,1,2,2,2,2,2,2,2,2,2,3,2,2,1,1,1,2,1,2,2,2,0,0,0
2008,13,85,2,130048,1,4,1,2,1,2,6,2,3,1,1,2,2,2,2,2,2,2,2,2,1,1,1,1,1,2,2,1,1,2,2,0,0,0
2008,13,111,1,130049,1,4,1,2,4,2,5,2,1,1,1,2,1,2,2,2,2,2,1,2,3,2,2,2,2,2,2,2,1,2,2,0,0,0
2008,13,163,1,130050,1,4,1,2,1,2,5,2,1,2,2,2,1,2,2,2,2,1,2,2,3,2,2,2,2,2,2,2,1,2,2,0,0,0
2008,13,215,1,130051,1,4,2,2,4,2,3,2,1,1,1,2,1,2,2,2,2,2,1,2,3,2,2,2,2,2,2,2,1,2,2,0,0,0
2008,13,45,1,130052,1,4,2,2,1,1,3,1,1,2,2,2,1,2,2,2,1,2,2,2,2,2,2,2,2,2,2,2,2,2,2,0,0,0
2008,13,123,2,130053,1,4,3,3,4,2,7,2,1,2,2,2,1,2,2,2,2,2,1,2,1,2,2,2,2,2,1,1,1,2,2,0,0,0
2008,13,201,1,130054,1,4,1,2,4,2,5,2,1,2,2,2,1,2,2,2,2,2,2,2,3,2,2,2,2,1,2,2,1,2,2,0,0,0
2008,13,285,1,130055,1,4,1,2,2,2,5,2,4,1,2,2,2,2,2,1,2,2,2,2,2,2,2,2,2,2,2,2,1,2,2,0,0,0
2008,13,233,1,130056,1,4,2,2,4,2,5,2,1,2,2,2,1,2,2,2,2,2,1,2,3,2,2,2,2,2,2,2,1,2,2,0,0,0
2008,13,127,1,130057,1,4,2,2,1,2,4,2,1,2,2,1,1,2,2,2,2,1,2,2,3,2,2,2,2,2,1,1,2,2,2,0,0,0
2008,13,135,1,130058,1,4,2,2,4,2,6,2,1,2,2,2,1,2,2,1,2,2,2,2,3,2,2,2,2,2,2,2,1,2,2,0,0,0
2008,13,267,1,130059,1,4,3,3,4,2,7,2,1,1,1,2,1,2,2,2,2,2,1,2,2,2,2,2,2,2,2,2,1,2,2,0,0,0
2008,13,51,1,130060,1,4,2,2,1,1,4,1,4,1,1,2,2,1,2,2,2,2,2,2,2,2,2,2,2,2,2,2,2,2,2,0,0,0
2008,13,191,1,130061,1,4,3,3,1,2,7,2,1,2,1,2,1,2,2,2,2,2,2,2,2,2,2,2,2,2,2,2,2,2,2,0,0,0
2008,13,223,1,130062,1,4,1,2,1,2,4,2,3,1,1,2,2,2,2,2,2,2,2,2,3,2,2,2,2,2,2,2,1,2,2,0,0,0
2008,13,117,1,130063,1,4,2,2,4,2,4,2,1,2,1,2,1,2,2,2,2,2,2,2,1,2,2,2,2,2,2,2,1,2,2,0,0,0
2008,13,121,1,130064,1,4,2,2,1,1,4,1,5,1,1,2,3,1,2,2,2,2,2,2,3,2,2,2,2,2,1,1,2,2,2,0,0,0
2008,13,135,1,130065,1,4,2,2,1,2,4,2,4,1,1,2,2,1,2,2,2,2,2,2,3,2,2,2,2,2,2,2,1,2,2,0,0,0
2008,13,139,1,130066,1,4,1,2,4,2,6,2,1,2,1,2,1,2,2,2,2,2,2,2,3,2,2,2,2,2,2,2,1,2,2,0,0,0
2008,13,285,1,130067,1,4,1,2,4,2,5,2,1,2,1,2,1,2,2,1,2,2,2,2,1,2,2,2,2,2,2,2,1,2,2,0,0,0
2008,13,21,1,130068,1,4,2,1,2,2,1,2,1,1,1,2,1,2,2,2,1,2,2,2,2,2,2,2,2,2,2,2,1,2,2,0,0,0
2008,13,89,2,130069,1,4,2,2,1,2,4,2,3,2,1,2,2,2,2,2,2,2,2,2,3,2,2,2,2,2,1,1,1,2,2,0,0,0
2008,13,133,1,130070,1,4,1,2,4,2,6,2,1,2,1,2,1,2,2,2,2,2,2,2,1,2,2,2,2,2,2,2,1,2,2,0,0,0
2008,13,147,1,130071,1,4,1,2,1,2,3,2,3,1,1,2,2,1,2,2,2,2,2,2,3,2,2,2,2,1,2,2,1,2,2,0,0,0
2008,13,103,1,130072,1,4,1,2,1,2,4,2,4,2,2,2,2,1,2,2,2,2,2,2,3,2,2,2,2,1,1,1,2,2,2,0,0,0
2008,13,105,1,130073,1,4,1,2,4,2,3,2,1,2,2,2,1,2,2,2,2,2,1,2,3,2,2,2,2,2,2,2,1,2,2,0,0,0
2008,13,315,1,130074,1,4,3,3,4,2,7,2,1,2,2,2,1,2,2,2,2,2,2,2,1,2,2,2,2,2,2,2,1,2,2,0,0,0
2008,13,15,1,130075,1,4,1,2,1,2,5,2,5,2,2,2,2,2,2,2,2,2,2,2,3,2,2,2,2,2,2,2,1,2,2,0,0,0
2008,13,51,1,130076,1,4,2,2,3,1,3,1,1,2,2,2,1,2,2,2,2,2,2,2,3,2,2,2,2,2,2,2,2,2,2,0,0,0
2008,13,67,1,130077,1,4,2,2,4,2,4,2,1,1,2,2,1,2,2,2,2,2,2,2,2,1,1,1,1,2,2,1,1,2,2,0,0,0
2008,13,107,1,130078,1,4,1,2,4,2,5,2,1,2,2,2,1,2,2,2,2,2,1,2,1,2,2,2,2,2,2,2,1,2,2,0,0,0
2008,13,135,1,130079,1,4,2,2,1,2,3,2,5,2,2,2,2,2,2,2,2,2,1,2,1,2,2,2,2,2,2,2,2,2,2,0,0,0
2008,13,135,1,130080,1,4,2,2,1,2,6,2,4,2,2,2,2,2,2,2,2,2,2,2,3,2,2,2,2,2,1,1,1,2,2,0,0,0
2008,13,139,2,130081,1,4,1,2,1,2,4,2,3,1,2,2,2,2,2,2,2,2,2,2,3,2,2,2,2,1,2,2,1,2,2,0,0,0
2008,13,225,1,130082,1,4,1,2,1,2,3,2,1,2,2,2,1,2,2,2,1,2,2,2,2,2,2,2,2,2,2,2,2,2,2,0,0,0
2008,13,291,1,130083,1,4,1,2,4,2,6,2,1,1,2,2,1,2,2,2,2,2,1,2,1,2,2,2,2,2,2,2,1,2,2,0,0,0
2008,13,33,1,130084,1,4,1,2,4,2,6,2,1,2,2,2,1,2,2,2,2,2,1,2,3,2,2,2,2,2,2,2,1,2,2,0,0,0
2008,13,121,1,130085,1,4,2,2,4,1,3,1,1,1,2,2,1,2,2,2,2,2,2,2,3,2,2,1,1,2,2,1,2,2,1,0,0,0
2008,13,199,1,130086,1,4,1,2,4,2,4,2,1,1,2,2,1,2,1,1,2,2,2,2,3,2,2,2,2,2,2,2,1,2,2,0,0,0
2008,13,67,1,130087,1,4,2,1,4,2,1,2,1,2,2,2,1,1,2,2,2,2,2,2,2,2,2,2,2,2,2,2,1,2,1,0,0,0
2008,13,139,1,130088,1,4,2,2,1,2,4,2,3,1,1,2,2,1,2,2,2,2,2,2,2,2,2,2,2,2,2,2,1,2,2,0,0,0
2008,13,67,1,130089,1,4,2,2,4,2,6,2,1,1,1,2,1,2,1,1,2,2,2,2,1,2,2,2,2,2,2,2,1,2,2,0,0,0
2008,13,95,1,130090,1,4,2,2,1,2,2,2,1,1,1,2,2,1,2,2,1,2,2,2,3,2,2,2,2,2,2,2,2,2,2,0,0,0
2008,13,95,1,130091,1,4,2,2,2,2,2,2,2,1,1,2,2,1,2,2,2,2,2,2,3,2,2,2,2,2,1,1,2,2,2,0,0,0
2008,13,197,1,130092,1,4,1,2,1,2,4,2,1,2,1,2,1,2,2,2,2,2,1,2,1,2,2,2,2,2,1,1,1,2,1,0,0,0
2008,13,245,1,130093,1,4,2,2,4,2,3,3,1,2,1,2,1,2,2,2,2,2,2,2,3,2,2,2,2,2,2,2,1,2,2,0,0,0
2008,13,255,1,130094,1,4,1,2,4,2,6,2,1,2,1,2,1,2,2,1,2,2,1,2,3,2,2,2,2,2,2,2,1,2,2,0,0,0
2008,13,89,1,130095,1,4,2,2,4,1,6,1,1,2,1,2,1,2,2,1,2,2,2,2,1,2,2,2,2,2,2,2,2,2,2,0,0,0
2008,13,121,1,130096,1,4,2,2,2,2,2,2,1,2,1,2,1,2,2,2,2,2,2,2,3,2,2,2,2,2,2,2,1,2,2,0,0,0
2008,13,63,1,130097,1,4,2,2,1,1,4,1,1,2,1,2,1,2,2,2,1,2,2,2,3,2,2,2,2,2,2,2,2,2,2,0,0,0
2008,13,147,1,130098,1,4,1,2,1,2,5,2,3,1,1,2,2,2,2,2,2,2,1,2,3,1,1,1,1,2,2,1,1,2,2,0,0,0
2008,13,27,1,130099,1,4,1,2,1,2,4,2,4,1,1,2,2,2,2,2,2,2,2,2,2,2,2,1,1,2,2,1,1,2,2,0,0,0
2008,13,185,1,130100,1,4,1,1,1,2,1,3,4,1,1,2,2,1,2,2,2,2,2,2,3,2,2,2,2,1,2,2,2,2,2,0,0,0
2008,13,295,1,130101,1,4,2,2,4,2,4,2,1,2,2,2,1,2,2,1,2,2,2,2,1,2,2,2,2,2,2,2,1,2,2,0,0,0
2008,13,15,1,130102,1,4,2,1,2,2,1,2,1,1,2,2,1,2,2,2,2,2,1,2,3,2,2,2,2,2,2,2,1,2,2,0,0,0
2008,13,121,1,130103,1,4,2,2,1,1,4,1,1,2,2,1,2,2,2,2,1,2,2,2,3,2,2,2,2,2,2,2,2,2,2,0,0,0
2008,13,185,1,130104,1,4,1,2,4,2,5,2,1,1,2,2,1,2,2,1,2,2,2,2,1,2,2,2,2,2,2,2,1,2,2,0,0,0
2008,13,67,1,130105,1,4,2,2,4,2,6,2,1,1,2,2,1,2,1,1,2,2,2,2,3,2,2,2,2,2,1,1,1,2,2,0,0,0
2008,13,89,1,130106,1,4,2,2,1,2,4,2,1,2,2,2,1,2,2,2,1,2,2,2,3,2,2,2,2,2,2,2,2,2,2,0,0,0
2008,13,89,1,130107,1,4,2,2,1,2,4,2,4,2,2,2,2,2,2,1,2,2,2,2,1,2,2,2,2,2,1,1,1,2,2,0,0,0
2008,13,137,1,130108,1,4,3,3,1,2,7,2,1,2,2,2,1,2,2,2,1,2,2,2,3,2,2,2,2,2,2,2,2,2,2,0,0,0
2008,13,185,2,130109,1,4,1,2,4,2,6,2,1,2,2,2,1,2,2,2,2,2,2,2,2,2,2,2,2,2,2,2,1,2,2,0,0,0
2008,13,231,1,130110,1,4,1,2,4,2,6,2,1,2,2,2,1,2,1,2,2,2,2,2,1,2,2,2,2,2,2,2,1,2,2,0,0,0
2008,13,177,1,130111,1,4,1,2,1,2,6,2,2,1,1,2,2,2,2,2,2,2,2,2,3,2,2,2,2,2,2,2,2,2,2,0,0,0
2008,13,211,1,130112,1,4,1,2,1,2,4,2,3,1,1,2,2,1,2,2,2,2,2,2,3,1,1,1,1,2,2,1,1,2,2,0,0,0
2008,13,135,1,130113,1,4,2,2,1,2,4,2,5,2,1,2,3,2,2,2,2,2,2,2,1,2,2,2,2,2,2,2,1,2,2,0,0,0
2008,13,11,1,130114,1,4,1,2,1,2,5,2,4,2,1,2,2,2,2,1,2,2,2,1,3,2,2,2,2,2,1,1,1,2,2,0,0,0
2008,13,59,1,130115,1,4,2,2,1,2,6,2,1,1,1,2,1,2,2,2,1,2,2,2,3,2,2,2,2,2,1,1,2,2,2,0,0,0
2008,13,89,1,130116,1,4,2,2,1,2,3,2,1,1,1,2,3,2,2,2,1,2,2,2,3,1,1,1,1,2,1,1,2,2,2,0,0,0
2008,13,63,1,130117,1,4,2,2,1,2,6,2,1,2,1,2,1,2,2,2,1,2,2,2,3,2,2,2,2,2,2,2,2,2,2,0,0,0
2008,13,313,1,130118,1,4,1,2,1,2,3,2,3,1,1,2,2,2,1,2,2,2,2,2,2,2,2,2,2,2,2,2,2,2,2,0,0,0
2008,13,159,1,130119,1,4,1,2,4,2,5,2,1,2,1,2,1,2,2,1,2,2,2,2,3,2,2,2,2,2,2,2,1,2,2,0,0,0
2008,13,15,1,130120,1,4,1,1,1,2,1,2,1,2,2,2,2,2,2,2,1,2,2,2,3,2,2,2,2,2,1,1,2,2,2,0,0,0
2008,13,121,1,130121,1,4,2,2,1,2,3,2,4,2,2,2,2,2,1,2,2,2,2,2,3,2,2,2,2,2,2,2,1,2,2,0,0,0
2008,13,223,1,130122,1,4,2,2,4,2,6,2,1,2,2,2,1,2,2,2,2,2,1,2,1,2,2,2,2,2,2,2,1,2,2,0,0,0
2008,13,137,1,130123,1,4,1,2,1,2,5,2,3,1,1,2,2,2,2,2,2,2,2,2,3,2,2,2,2,2,1,1,1,2,2,0,0,0
2008,13,67,1,130124,1,4,2,2,1,1,4,1,4,1,1,2,2,2,2,2,2,2,2,2,3,2,2,2,2,2,2,2,2,2,2,0,0,0
2008,13,51,1,130125,1,4,3,3,1,1,7,1,4,1,1,2,2,2,2,2,2,2,2,2,3,2,2,2,2,1,2,2,2,2,2,0,0,0
2008,13,277,1,130126,1,4,1,2,4,2,5,2,1,2,1,2,1,2,2,2,2,2,1,2,1,2,2,2,2,2,1,1,1,2,2,0,0,0
2008,13,135,1,130127,1,4,2,1,1,2,1,3,5,2,1,2,3,2,2,1,2,2,1,2,1,2,2,2,2,2,1,1,2,2,2,0,0,0
2008,13,135,1,130128,1,4,2,2,1,1,6,1,3,1,1,2,2,2,2,2,2,2,2,2,3,1,1,1,1,2,2,1,2,2,2,0,0,0
2008,13,279,1,130129,1,4,2,2,1,2,4,2,2,1,1,2,3,2,2,2,2,2,2,2,3,2,2,1,1,2,1,1,2,2,2,0,0,0
2008,13,1,2,130130,1,4,1,2,1,1,4,1,4,1,1,2,2,2,2,2,2,2,1,2,3,2,2,2,2,2,2,2,2,2,2,0,0,0
2008,13,245,1,130131,1,4,3,3,4,2,7,2,1,2,1,2,1,2,2,2,2,2,1,2,1,1,1,1,1,2,2,1,1,2,2,0,0,0
2008,13,231,1,130132,1,4,1,2,1,2,3,2,3,2,1,2,2,2,2,2,2,2,2,2,3,1,1,1,1,2,2,1,2,2,1,0,0,0
2008,13,121,1,130133,1,4,2,2,1,2,3,3,4,1,1,2,2,2,1,2,2,2,2,2,3,2,2,2,2,2,2,2,2,2,2,0,0,0
2008,13,207,1,130134,1,4,1,2,4,2,4,2,1,1,1,2,1,2,2,2,2,2,2,2,3,1,1,1,1,2,2,1,1,2,2,0,0,0
2008,13,207,1,130135,1,4,1,1,4,2,1,2,1,2,1,2,2,2,2,2,2,2,2,2,3,2,2,2,2,1,1,1,1,2,2,0,0,0
2008,13,95,1,130136,1,4,2,2,1,2,3,3,4,2,1,2,2,1,2,2,2,2,2,2,3,2,2,2,2,2,2,2,2,2,2,0,0,0
2008,13,47,1,130137,1,4,3,3,4,2,7,2,1,1,1,2,1,2,2,1,2,2,2,2,3,2,2,2,2,1,2,2,1,2,2,0,0,0
2008,13,69,1,130138,1,4,3,3,4,2,7,2,1,1,1,2,1,2,2,2,2,2,2,2,3,2,2,2,2,1,2,2,1,2,2,0,0,0
2008,13,99,1,130139,1,4,3,3,1,2,7,2,1,1,2,2,1,2,2,1,2,2,1,2,2,2,2,2,2,2,1,1,1,2,2,0,0,0
2008,13,301,1,130140,1,4,1,1,4,2,1,2,1,1,2,2,1,2,2,2,2,2,2,2,2,2,2,2,2,2,2,2,1,2,2,0,0,0
2008,13,145,1,130141,1,4,1,2,1,2,5,2,1,1,2,2,1,2,2,2,2,1,2,2,3,1,1,1,1,2,2,1,2,2,2,0,0,0
2008,13,221,1,130142,1,4,1,2,1,2,5,2,1,1,2,2,1,2,2,2,2,2,1,2,3,2,2,2,2,2,2,2,2,2,2,0,0,0
2008,13,77,1,130143,1,4,1,1,4,2,1,2,1,2,2,2,2,1,2,2,2,2,1,2,3,2,2,2,2,2,2,2,1,2,2,0,0,0
2008,13,215,1,130144,1,4,3,3,1,1,7,1,4,1,1,2,2,2,1,2,2,2,2,2,2,1,1,1,1,2,1,1,2,2,2,0,0,0
2008,13,79,1,130145,1,4,1,2,1,2,4,2,5,2,1,2,3,2,2,2,2,2,2,2,1,2,2,2,2,1,2,2,1,2,2,0,0,0
2008,13,97,1,130146,1,4,1,1,4,2,1,2,1,1,1,2,1,2,2,2,2,2,1,2,2,2,2,2,2,2,2,2,1,2,2,0,0,0
2008,13,179,2,130147,1,4,3,3,1,1,7,1,3,1,1,2,2,2,2,2,2,2,2,2,2,2,2,2,2,2,2,2,2,2,2,0,0,0
2008,13,89,1,130148,1,4,3,3,1,2,7,2,2,1,1,2,2,2,2,2,2,2,2,2,3,2,2,2,2,2,2,2,2,2,2,0,0,0
2008,13,171,1,130149,1,4,3,3,4,2,7,2,1,1,1,2,1,2,2,1,2,2,2,2,2,2,2,2,2,2,2,2,1,2,1,0,0,0
2008,13,215,1,130150,1,4,3,3,1,2,7,2,4,1,1,2,3,2,2,2,2,2,2,2,3,1,1,1,1,2,1,1,2,2,2,0,0,0
2008,13,275,1,130151,1,4,2,2,1,2,3,3,2,1,1,2,2,1,2,2,2,2,2,2,2,2,2,2,2,1,2,2,2,2,2,0,0,0
2008,13,43,3,130152,1,4,1,1,3,2,1,2,1,1,2,2,1,2,2,2,2,2,1,2,2,2,2,2,2,2,2,2,2,2,2,0,0,0
2008,13,67,1,130153,1,4,3,3,4,2,7,2,1,2,2,2,1,2,2,1,2,2,2,2,1,2,2,2,2,2,1,1,1,2,2,0,0,0
2008,13,151,1,130154,1,4,3,3,4,2,7,2,1,2,2,2,1,2,2,2,2,2,1,2,1,2,2,2,2,2,2,2,1,2,2,0,0,0
2008,13,187,1,130155,1,4,1,2,4,2,3,2,1,2,2,2,1,2,2,1,2,2,1,2,3,2,2,2,2,2,1,1,1,2,2,0,0,0
2008,13,297,1,130156,1,4,3,3,1,2,7,2,1,1,2,2,1,2,2,2,2,2,1,2,3,1,1,1,1,2,2,1,1,2,2,0,0,0
2008,13,89,1,130157,1,4,3,3,1,2,7,2,1,1,1,2,1,2,2,2,1,2,2,2,3,2,2,2,2,1,2,2,2,2,2,0,0,0
2008,13,93,1,130158,1,4,2,1,4,2,1,2,1,1,1,2,1,2,2,2,2,2,1,2,1,2,2,2,2,2,2,2,1,2,2,0,0,0
2008,13,145,2,130159,1,4,1,1,1,2,1,2,2,2,1,2,2,2,2,1,2,2,1,2,3,2,2,2,2,2,1,1,2,2,2,0,0,0
2008,13,67,1,130160,1,4,3,3,1,1,7,1,4,1,1,2,3,2,2,2,2,2,2,2,3,2,2,2,2,1,2,2,2,2,2,0,0,0
2008,13,187,1,130161,1,4,1,2,4,2,5,2,1,1,1,2,1,2,2,2,2,2,1,2,3,2,2,2,2,2,1,1,1,2,2,0,0,0
2008,13,223,2,130162,1,4,3,3,1,2,7,2,3,2,1,2,2,2,2,2,2,2,2,2,1,2,2,2,2,2,1,1,2,2,2,0,0,0
2008,13,225,1,130163,1,4,3,3,1,2,7,2,1,2,1,2,1,2,2,2,1,2,2,2,2,2,2,2,2,1,2,2,2,2,2,0,0,0
2008,13,67,1,130164,1,4,3,3,4,2,7,2,1,2,1,2,1,2,2,2,2,2,2,2,2,2,2,2,2,1,2,2,1,2,2,0,0,0
2008,13,67,1,130165,1,4,3,3,1,1,7,1,4,1,1,2,2,2,2,2,2,2,2,2,3,2,2,2,2,2,2,2,2,2,2,0,0,0
2008,13,169,1,130166,1,4,1,2,1,1,4,1,4,1,1,2,2,2,2,2,2,2,2,2,3,1,1,1,1,1,2,1,2,2,2,0,0,0
2008,13,289,1,130167,1,4,1,2,4,2,6,2,1,1,1,2,1,2,2,1,2,2,1,2,1,2,2,2,2,2,2,2,1,2,2,0,0,0
2008,13,91,1,130168,1,4,1,2,1,2,5,2,3,2,2,2,2,2,2,2,2,2,2,2,1,2,2,2,2,2,2,2,1,2,2,0,0,0
2008,13,191,1,130169,1,4,1,2,2,1,6,1,1,1,1,2,1,2,2,1,2,2,2,2,3,2,2,1,1,2,2,1,2,2,2,0,0,0
2008,13,103,2,130170,1,4,1,2,1,2,5,2,3,2,2,2,2,2,2,2,2,2,1,2,3,1,1,1,1,1,2,1,1,2,2,0,0,0
2008,13,129,1,130171,1,4,3,3,4,2,7,2,1,2,2,2,1,2,2,2,2,2,1,2,1,2,2,2,2,2,2,2,1,2,2,0,0,0
2008,13,257,1,130172,1,4,3,3,1,2,7,2,3,1,2,2,3,2,2,2,2,2,2,2,3,2,2,2,2,1,2,2,1,2,2,0,0,0
2008,13,35,1,130173,1,4,1,2,4,2,4,2,1,1,2,2,1,2,2,2,2,2,1,2,3,2,2,2,2,2,2,2,1,2,2,0,0,0
2008,13,85,1,130174,1,4,1,2,1,2,3,2,3,1,2,2,2,2,2,2,2,2,1,2,3,2,2,2,2,2,2,2,1,2,2,0,0,0
2008,13,105,1,130175,1,4,2,2,1,2,6,2,3,1,2,2,2,2,2,2,2,2,2,2,3,2,2,1,1,1,2,1,1,2,2,0,0,0
2008,13,67,1,130176,1,4,2,2,1,1,4,1,1,2,1,2,2,2,2,2,1,2,2,2,3,2,2,2,2,2,2,2,2,2,2,0,0,0
2008,13,107,1,130177,1,4,1,2,4,2,5,2,1,1,1,2,1,2,2,2,2,2,2,2,2,1,1,1,1,2,2,1,1,2,2,0,0,0
2008,13,217,1,130178,1,4,1,2,1,2,5,2,1,2,1,2,1,2,2,2,2,2,1,2,3,2,2,2,2,2,2,2,1,2,2,0,0,0
2008,13,57,1,130179,1,4,3,3,4,2,7,3,1,1,1,2,1,2,2,2,2,2,2,2,2,2,2,2,2,2,2,2,1,2,2,0,0,0
2008,13,57,1,130180,1,4,1,2,1,2,3,2,1,2,1,2,1,2,2,1,2,2,1,2,3,2,2,2,2,2,2,2,2,2,2,0,0,0
2008,13,71,1,130181,1,4,1,2,1,2,5,3,4,1,1,2,2,2,2,2,2,2,2,2,3,2,2,2,2,2,2,2,2,2,2,0,0,0
2008,13,241,1,130182,1,4,1,2,1,2,3,3,5,1,1,2,2,2,1,2,2,2,2,2,3,2,2,2,2,2,1,1,2,2,2,0,0,0
2008,13,213,1,130183,1,4,1,2,1,2,4,2,5,1,1,2,2,1,2,2,2,2,1,2,3,2,2,2,2,2,2,2,2,2,2,0,0,0
2008,13,107,1,130184,1,4,1,2,4,2,5,2,6,2,1,2,1,2,2,2,2,2,2,2,1,1,1,1,1,2,2,1,1,2,2,0,0,0
2008,13,115,1,130185,1,4,3,3,1,2,7,2,3,1,2,2,2,2,2,2,2,2,1,2,3,2,2,2,2,2,1,1,2,2,2,0,0,0
2008,13,195,1,130186,1,4,1,2,1,1,5,1,3,2,2,2,2,2,2,2,2,2,2,2,3,2,2,2,2,2,1,1,2,2,2,0,0,0
2008,13,127,1,130187,1,4,2,2,1,2,3,2,3,1,1,2,2,1,2,2,2,2,2,2,3,2,2,2,2,2,2,2,1,2,2,0,0,0
2008,13,133,3,130188,1,4,1,1,1,2,1,2,4,1,1,2,2,1,2,2,2,2,1,2,3,2,2,2,2,2,2,2,1,2,2,0,0,0
2008,13,139,1,130189,1,4,1,2,1,2,3,2,3,2,1,2,2,2,2,2,2,2,2,2,3,2,2,1,1,1,2,1,2,2,2,0,0,0
2008,13,189,1,130190,1,4,3,3,4,2,7,2,1,2,1,2,1,2,2,2,2,2,2,2,1,2,2,2,2,2,2,2,1,2,1,0,0,0
2008,13,139,1,130191,1,4,2,2,4,2,6,2,4,1,1,2,1,2,2,2,2,2,2,2,3,2,2,2,2,1,2,2,1,2,2,0,0,0
2008,13,157,1,130192,1,4,1,2,4,2,5,2,1,2,2,2,1,2,2,1,2,2,2,2,3,1,1,1,1,2,2,1,1,2,2,0,0,0
2008,13,89,1,130193,1,4,2,1,1,2,1,2,1,2,2,2,1,2,2,2,1,2,2,2,1,2,2,2,2,2,2,2,2,2,2,0,0,0
2008,13,73,1,130194,1,4,1,2,1,2,4,2,3,1,2,2,2,2,2,2,2,2,2,2,3,1,1,1,1,2,2,1,1,2,2,0,0,0
2008,13,117,1,130195,1,4,2,2,1,1,5,1,4,1,1,2,2,1,2,2,2,2,2,2,3,2,2,2,2,2,2,2,2,2,2,0,0,0
2008,13,145,1,130196,1,4,1,1,1,2,1,2,1,2,2,2,1,2,2,2,1,2,2,2,3,2,2,2,2,2,2,2,2,2,2,0,0,0
2008,13,231,1,130197,1,4,1,2,4,2,3,2,1,1,2,2,1,2,1,2,2,2,2,2,3,2,2,2,2,2,2,2,1,2,2,0,0,0
2008,13,33,1,130198,1,4,1,2,1,2,5,2,1,2,1,2,1,2,2,2,1,2,2,2,3,2,2,2,2,2,2,2,2,2,2,0,0,0
2008,13,45,1,130199,1,4,2,2,1,2,3,2,2,1,1,2,3,2,2,1,2,2,2,2,3,1,1,1,1,2,2,1,2,2,2,0,0,0
2008,13,97,1,130200,1,4,2,2,4,2,4,2,1,1,2,2,1,2,1,2,2,2,2,2,3,2,2,2,2,2,2,2,1,2,2,0,0,0
2008,13,121,1,130201,1,4,2,1,1,2,1,2,2,1,1,2,3,1,2,2,2,2,2,2,3,2,2,2,2,1,1,1,2,2,2,0,0,0
2008,13,21,1,130202,1,4,2,2,4,2,4,2,1,1,1,2,1,2,2,2,2,2,2,2,2,1,1,1,1,2,2,1,1,2,2,0,0,0
2008,13,89,1,130203,1,4,2,2,1,2,4,2,1,2,2,2,1,2,2,2,1,2,2,2,3,2,2,2,2,2,2,2,2,2,2,0,0,0
2008,13,13,3,130204,1,4,1,2,1,2,5,2,4,1,2,2,3,2,2,2,2,2,2,2,3,2,2,2,2,1,2,2,1,2,2,0,0,0
2008,13,121,1,130205,1,4,2,2,1,1,5,1,4,1,1,2,2,2,2,2,2,2,1,2,3,2,2,2,2,1,1,1,2,2,2,0,0,0
2008,13,123,1,130206,1,4,1,2,1,2,4,2,4,2,1,2,2,2,2,1,2,2,1,2,3,2,2,2,2,2,2,2,1,2,2,0,0,0
2008,13,299,1,130207,1,4,1,2,1,2,6,2,1,2,1,1,1,2,2,2,1,2,2,2,3,2,2,2,2,2,2,2,2,2,2,0,0,0
2008,13,247,1,130208,1,4,2,2,4,2,4,2,1,2,1,2,1,2,2,2,2,2,1,2,3,2,2,2,2,2,2,2,1,2,2,0,0,0
2008,13,21,1,130209,1,4,1,2,1,2,4,2,2,1,1,2,3,2,2,2,2,2,2,2,3,2,2,2,2,2,2,2,2,2,2,0,0,0
2008,13,185,1,130210,1,4,1,1,4,2,1,2,1,2,1,2,1,2,2,2,2,2,2,2,1,2,2,2,2,2,2,2,1,2,2,0,0,0
2008,13,305,1,130211,1,4,1,2,4,2,6,2,1,2,2,2,1,2,2,1,2,2,1,2,1,2,2,2,2,2,2,2,1,2,2,0,0,0
2008,13,127,2,130212,1,4,2,2,1,2,4,2,3,2,2,2,2,2,2,2,2,2,2,2,1,2,2,2,2,2,1,1,1,2,2,0,0,0
2008,13,209,1,130213,1,4,1,2,4,2,6,2,1,2,2,2,1,2,1,2,2,2,2,2,1,2,2,2,2,2,2,2,1,2,2,0,0,0
2008,13,245,1,130214,1,4,2,2,1,1,3,1,4,2,2,2,2,2,2,2,2,2,2,1,1,1,1,1,1,2,2,1,2,2,2,0,0,0
2008,13,285,1,130215,1,4,1,2,1,2,5,2,4,1,2,2,2,1,2,2,2,2,2,2,3,2,2,2,2,2,1,1,1,2,2,0,0,0
2008,13,305,1,130216,1,4,2,2,1,1,6,1,1,2,2,2,1,2,2,2,1,2,2,2,3,2,2,2,2,2,2,2,2,2,2,0,0,0
2008,13,315,1,130217,1,4,1,2,1,2,5,2,1,2,2,2,1,2,2,1,2,2,1,2,2,2,2,2,2,2,2,2,1,2,2,0,0,0
2008,13,13,3,130218,1,4,1,2,1,2,5,2,3,2,2,2,2,2,2,1,2,2,2,1,3,2,2,2,2,2,1,1,1,2,2,0,0,0
2008,13,135,1,130219,1,4,2,1,1,2,1,2,2,2,2,2,2,2,1,2,2,2,2,2,3,2,2,2,2,2,2,2,2,2,2,0,0,0
2008,13,151,1,130220,1,4,2,2,1,1,4,1,4,1,2,2,2,2,2,2,2,2,2,2,3,1,1,1,1,2,2,1,2,2,2,0,0,0
2008,13,193,1,130221,1,4,1,2,2,2,5,2,1,1,2,2,1,2,2,2,2,2,1,2,1,2,2,2,2,2,2,2,1,2,2,0,0,0
2008,13,309,1,130222,1,4,1,2,4,2,5,2,1,2,2,2,1,2,2,1,2,2,1,2,2,2,2,2,2,2,2,2,1,2,2,0,0,0
2008,13,237,1,130223,1,4,1,2,4,2,4,2,1,1,1,2,1,2,2,1,2,2,1,2,2,2,2,2,2,2,2,2,1,2,2,0,0,0
2008,13,67,1,130224,1,4,2,1,1,2,1,2,5,1,1,2,2,2,2,2,2,2,1,2,3,2,2,2,2,2,1,1,2,2,2,0,0,0
2008,13,275,1,130225,1,4,3,3,4,2,7,2,1,2,1,2,1,2,2,2,2,2,2,2,1,2,2,2,2,2,2,2,1,2,2,0,0,0
2008,13,45,1,130226,1,4,1,2,4,2,5,2,1,1,1,2,1,2,2,2,2,2,2,2,2,2,2,2,2,2,2,2,1,2,2,0,0,0
2008,13,57,1,130227,1,4,2,1,4,2,1,2,1,1,1,2,1,2,2,2,2,2,2,2,2,2,2,2,2,2,2,2,1,2,2,0,0,0
2008,13,199,1,130228,1,4,1,2,1,2,5,2,4,2,1,2,2,2,2,2,2,2,2,2,2,1,1,1,1,2,2,1,1,2,2,0,0,0
2008,13,221,1,130229,1,4,1,2,4,2,3,2,1,1,1,2,1,2,2,2,2,2,2,2,2,2,2,2,2,1,2,2,1,2,1,0,0,0
2008,13,261,1,130230,1,4,1,2,1,2,3,2,3,1,1,2,2,2,2,2,2,2,1,2,3,2,2,2,2,2,1,1,1,1,2,0,0,0
2008,13,245,1,130231,1,4,2,2,1,1,3,1,4,1,1,2,2,2,2,2,2,2,2,2,3,2,2,2,2,2,1,1,2,2,2,0,0,0
2008,13,45,1,130232,1,4,1,2,4,2,5,2,1,1,1,2,1,2,2,2,2,2,2,2,3,2,2,2,2,2,2,2,1,2,2,0,0,0
2008,13,157,1,130233,1,4,1,1,1,2,1,2,3,1,1,2,3,2,2,1,2,2,2,2,3,2,2,2,2,2,2,2,1,2,2,0,0,0
2008,13,33,1,130234,1,4,1,2,4,2,5,2,1,1,2,2,1,2,2,1,2,2,1,2,2,2,2,2,2,2,1,1,1,2,2,0,0,0
2008,13,89,1,130235,1,4,2,2,4,2,4,2,1,2,2,2,1,2,2,1,2,2,2,2,1,2,2,2,2,2,2,2,1,2,2,0,0,0
2008,13,215,1,130236,1,4,2,2,1,2,5,2,3,2,2,2,2,2,2,2,2,2,2,2,1,2,2,2,2,2,2,2,1,2,2,0,0,0
2008,13,289,1,130237,1,4,1,2,1,2,4,3,4,1,2,2,2,2,1,2,2,2,2,2,3,2,2,2,2,2,2,2,2,2,2,0,0,0
2008,13,299,1,130238,1,4,1,2,4,2,5,2,1,2,2,2,1,2,2,2,2,2,1,2,1,2,2,2,2,2,2,2,1,2,2,0,0,0
2008,13,89,1,130239,1,4,2,2,4,2,2,2,1,2,1,2,1,2,2,2,2,2,2,2,2,2,2,2,2,2,1,1,1,2,2,0,0,0
2008,13,117,1,130240,1,4,1,2,4,2,5,2,1,1,1,2,1,2,2,2,2,2,2,2,2,2,2,2,2,2,1,1,1,2,2,0,0,0
2008,13,63,1,130241,1,4,2,2,1,2,5,2,3,1,1,2,2,2,2,2,2,2,2,2,3,2,2,2,2,1,2,2,1,2,2,0,0,0
2008,13,193,1,130242,1,4,1,2,4,2,4,2,1,1,1,2,1,1,2,2,2,2,2,2,2,2,2,2,2,2,2,2,1,2,2,0,0,0
2008,13,59,1,130243,1,4,2,2,1,1,4,1,4,1,1,2,2,2,2,2,2,2,2,2,3,2,2,2,2,1,2,2,2,2,2,0,0,0
2008,13,135,1,130244,1,4,2,2,1,1,6,1,4,2,1,2,2,2,2,2,2,2,2,2,3,2,2,2,2,2,2,2,2,2,2,0,0,0
2008,13,139,1,130245,1,4,2,2,1,2,6,2,3,2,1,2,2,2,1,2,2,2,2,2,1,1,1,1,1,2,2,1,2,2,2,0,0,0
2008,13,251,1,130246,1,4,1,2,1,2,3,2,1,1,1,2,1,1,2,2,2,1,2,2,3,2,2,2,2,2,2,2,2,2,2,0,0,0
2008,13,275,1,130247,1,4,1,2,1,1,5,1,4,1,1,2,2,1,2,2,2,2,1,2,2,2,2,2,2,2,2,2,2,2,2,0,0,0
2008,13,45,1,130248,1,4,1,1,2,2,1,2,1,1,1,2,1,2,2,2,2,2,1,2,2,2,2,2,2,2,2,2,1,2,2,0,0,0
2008,13,97,1,130249,1,4,1,2,4,2,3,2,1,2,2,2,1,2,1,1,2,2,2,2,3,2,2,2,2,2,2,2,1,2,2,0,0,0
2008,13,121,1,130250,1,4,2,2,1,2,3,2,1,2,2,2,1,2,2,2,1,2,2,2,3,2,2,2,2,2,2,2,2,2,2,0,0,0
2008,13,51,1,130251,1,4,2,2,1,1,3,1,2,1,2,2,2,2,1,1,2,2,2,2,3,2,2,2,2,2,2,2,2,2,2,0,0,0
2008,13,63,1,130252,1,4,2,2,1,1,3,1,4,2,2,2,2,2,2,1,2,2,2,2,1,2,2,2,2,2,2,2,2,2,2,0,0,0
2008,13,155,1,130253,1,4,1,2,4,2,5,2,1,2,2,2,1,2,2,1,2,2,1,2,1,2,2,2,2,2,2,2,1,2,2,0,0,0
2008,13,159,1,130254,1,4,1,2,4,1,6,1,1,2,2,2,1,2,1,2,2,2,2,2,3,2,2,1,1,2,2,1,2,2,2,0,0,0
2008,13,273,1,130255,1,4,1,2,1,1,4,1,1,1,2,2,1,2,2,2,2,2,1,2,2,2,2,2,2,2,2,2,2,2,2,0,0,0
2008,13,25,1,130256,1,4,1,2,1,2,5,2,1,2,2,1,1,2,2,2,1,2,2,2,3,2,2,2,2,2,2,2,2,2,2,0,0,0
2008,13,39,1,130257,1,4,1,1,1,2,1,2,1,2,2,2,1,2,2,2,2,2,1,2,2,2,2,2,2,1,2,2,2,2,2,0,0,0
2008,13,67,3,130258,1,4,2,2,1,2,4,2,3,2,2,2,2,2,2,2,2,2,2,2,1,2,2,2,2,2,2,2,2,2,2,0,0,0
2008,13,95,1,130259,1,4,2,2,4,2,3,2,1,1,1,2,1,2,2,2,1,2,2,2,3,2,2,2,2,2,2,2,1,2,2,0,0,0
2008,13,63,1,130260,1,4,3,3,4,2,7,2,1,2,1,2,1,2,2,1,2,2,2,2,1,2,2,2,2,2,2,2,1,2,2,0,0,0
2008,13,89,1,130261,1,4,2,1,1,2,1,2,3,2,1,2,2,1,2,2,2,2,2,2,1,2,2,1,1,2,2,1,2,2,2,0,0,0
2008,13,95,1,130262,1,4,2,2,1,1,3,1,4,2,1,2,2,2,2,2,2,2,2,2,3,1,1,1,1,2,2,1,2,2,2,0,0,0
2008,13,57,1,130263,1,4,1,2,1,2,3,2,3,1,1,2,2,2,2,2,2,2,2,2,3,2,2,2,2,2,2,2,1,2,1,0,0,0
2008,13,267,1,130264,1,4,3,3,4,2,7,2,1,1,1,2,1,2,2,2,2,2,2,2,2,2,2,2,2,2,2,2,1,2,2,0,0,0
2008,13,217,2,130265,1,4,1,2,1,2,5,2,3,1,1,2,2,2,2,2,2,2,2,2,3,2,2,2,2,2,2,2,1,2,2,0,0,0
2008,13,259,1,130266,1,4,1,2,1,2,3,2,1,1,1,2,1,1,2,2,1,2,2,2,2,2,2,2,2,2,2,2,2,2,2,0,0,0
2008,13,89,1,130267,1,4,2,1,4,2,1,2,1,1,1,2,1,2,2,2,2,2,1,2,3,2,2,2,2,2,2,2,1,2,2,0,0,0
2008,13,117,1,130268,1,4,2,2,1,1,4,1,2,2,2,2,3,2,1,2,2,2,2,2,3,1,1,1,1,2,2,1,2,2,2,0,0,0
2008,13,187,1,130269,1,4,1,2,1,2,5,2,2,1,1,2,3,2,1,2,2,2,2,2,3,2,2,2,2,1,2,2,2,2,2,0,0,0
2008,13,63,1,130270,1,4,3,3,1,1,7,1,4,1,2,2,2,2,2,2,2,2,2,2,3,2,2,2,2,2,2,2,2,2,2,0,0,0
2008,13,107,1,130271,1,4,2,2,4,2,4,2,1,2,2,2,1,2,2,1,2,2,2,1,1,2,2,2,2,2,2,2,1,2,2,0,0,0
2008,13,135,3,130272,1,4,2,2,4,2,6,2,1,1,2,2,3,2,2,1,2,2,2,2,1,2,2,1,1,2,2,1,1,2,2,0,0,0
2008,13,205,1,130273,1,4,1,2,1,1,4,1,4,1,2,2,2,1,2,2,2,2,1,2,3,2,2,1,1,2,2,1,2,2,2,0,0,0
2008,13,211,2,130274,1,4,1,2,1,2,3,2,3,1,2,2,2,2,2,2,2,2,2,2,3,2,2,2,2,2,2,2,1,2,2,0,0,0
2008,13,285,1,130275,1,4,1,1,1,2,1,2,2,1,2,2,3,1,2,1,2,2,2,2,3,1,1,1,1,2,2,1,2,2,2,0,0,0
2008,13,285,1,130276,1,4,2,2,1,2,3,2,1,2,2,2,1,2,2,1,2,2,1,2,1,2,2,2,2,2,1,1,1,2,2,0,0,0
2008,13,49,1,130277,1,4,3,3,4,2,7,2,1,1,2,2,1,2,2,2,2,2,1,2,3,2,2,2,2,2,2,2,1,2,2,0,0,0
2008,13,157,1,130278,1,4,2,1,1,2,1,2,1,2,2,2,1,2,2,2,1,2,2,2,3,2,2,2,2,2,2,2,2,2,2,0,0,0
2008,13,201,1,130279,1,4,1,2,4,2,5,2,1,2,2,2,1,2,2,2,2,2,1,2,1,2,2,2,2,2,2,2,1,2,2,0,0,0
2008,13,223,1,130280,1,4,2,2,1,2,4,2,3,1,2,2,2,2,2,2,2,2,2,2,3,2,2,2,2,2,2,2,1,2,2,0,0,0
2008,13,233,1,130281,1,4,3,3,4,1,7,1,1,2,2,2,1,2,2,1,2,2,2,2,3,2,2,2,2,2,1,1,2,2,2,0,0,0
2008,13,313,2,130282,1,4,1,1,1,1,1,1,1,1,2,2,2,2,2,1,2,2,1,2,3,2,2,2,2,2,2,2,1,2,2,0,0,0
2008,13,1,3,130283,1,4,1,2,4,2,5,2,1,2,2,2,1,2,2,2,2,2,1,2,3,1,1,1,1,2,2,1,1,2,2,0,0,0
2008,13,63,1,130284,1,4,2,2,1,2,3,2,1,2,2,2,1,2,2,2,1,2,2,2,3,2,2,2,2,2,2,2,2,2,2,0,0,0
2008,13,135,1,130285,1,4,3,3,1,2,7,2,5,1,1,2,3,2,2,2,2,2,1,2,3,2,2,2,2,1,2,2,2,2,2,0,0,0
2008,13,135,1,130286,1,4,2,2,1,1,4,1,3,1,1,2,2,2,2,2,2,2,2,2,3,2,2,2,2,2,2,2,2,2,2,0,0,0
2008,13,139,1,130287,1,4,1,2,1,2,3,2,4,1,1,2,2,2,2,2,2,2,1,2,2,2,2,2,2,2,2,2,2,2,2,0,0,0
2008,13,321,1,130288,1,4,1,2,1,2,5,2,3,1,1,2,2,2,2,1,2,2,1,2,3,1,1,1,1,2,2,1,1,2,2,0,0,0
2008,13,135,1,130289,1,4,2,2,1,2,4,2,1,2,1,2,1,2,2,2,1,2,2,2,3,1,1,1,1,2,2,1,2,2,2,0,0,0
2008,13,171,1,130290,1,4,3,3,1,1,7,1,4,1,1,2,2,2,2,2,2,2,2,2,3,2,2,1,1,1,2,1,2,2,2,0,0,0
2008,13,5,1,130291,1,4,1,2,1,2,5,2,1,2,2,2,1,2,2,2,2,2,1,2,1,2,2,2,2,2,2,2,2,2,2,0,0,0
2008,13,177,1,130292,1,4,1,2,4,2,6,2,1,1,2,2,1,2,2,2,2,2,1,2,1,1,1,1,1,2,2,1,1,2,2,0,0,0
2008,13,189,1,130293,1,4,1,2,1,2,5,2,3,2,2,2,2,2,2,2,2,2,2,2,3,2,2,2,2,2,2,2,1,2,2,0,0,0
2008,13,121,1,130294,1,4,2,2,4,1,4,1,1,2,2,2,1,2,2,1,2,2,2,2,1,2,2,2,2,2,1,1,2,2,2,0,0,0
2008,13,135,4,130295,1,4,2,1,1,2,1,2,5,2,1,1,3,2,2,1,2,2,1,2,3,2,2,1,1,2,2,1,1,2,2,0,0,0
2008,13,33,1,130296,1,4,1,2,1,1,4,1,4,1,1,2,2,1,2,2,2,2,1,2,3,2,2,2,2,2,2,2,2,2,2,0,0,0
2008,13,137,1,130297,1,4,1,2,1,1,3,1,4,1,1,2,2,2,2,2,2,2,2,2,3,2,2,2,2,1,2,2,2,2,2,0,0,0
2008,13,165,1,130298,1,4,1,2,1,2,3,2,5,1,1,2,2,1,2,2,2,2,1,2,3,2,2,2,2,2,2,2,2,2,2,0,0,0
2008,13,59,1,130299,1,4,2,2,4,2,6,2,1,2,1,2,1,2,2,2,2,2,2,2,1,2,2,2,2,2,1,1,1,2,2,0,0,0
2008,13,205,1,130300,1,4,1,2,1,2,4,2,3,1,1,2,2,2,2,2,2,2,2,2,2,1,1,1,1,2,2,1,1,2,2,0,0,0
2008,13,11,1,130301,1,4,1,2,4,2,5,2,1,2,1,2,1,2,2,2,2,2,1,2,3,2,2,2,2,2,2,2,1,2,2,0,0,0
2008,13,175,1,130302,1,4,2,2,1,1,4,1,1,2,2,1,1,1,2,2,1,2,2,2,3,2,2,2,2,2,2,2,2,2,2,0,0,0
2008,13,287,1,130303,1,4,1,1,4,2,1,2,1,2,1,2,1,1,2,2,2,2,2,1,2,2,2,2,2,2,2,2,1,2,2,0,0,0
2008,13,185,1,130304,1,4,1,2,1,2,4,3,3,2,2,2,2,2,1,2,2,2,2,2,3,2,2,2,2,2,2,2,2,2,2,0,0,0
2008,13,245,1,130305,1,4,2,2,1,2,4,2,4,1,1,2,2,2,2,2,2,2,2,2,3,1,1,1,1,2,2,1,1,2,2,0,0,0
2008,13,73,1,130306,1,4,2,1,2,2,1,2,1,1,1,2,3,1,2,2,2,2,1,2,3,2,2,2,2,2,2,2,1,2,2,0,0,0
2008,13,185,1,130307,1,4,1,2,1,2,4,3,4,1,1,2,2,2,2,2,2,2,2,2,3,2,2,2,2,1,1,1,2,2,2,0,0,0
2008,13,207,1,130308,1,4,1,1,3,2,1,2,1,1,1,2,1,2,2,2,2,2,1,2,3,2,2,2,2,2,2,2,1,2,2,0,0,0
2008,13,245,1,130309,1,4,2,2,1,1,3,1,1,1,1,2,1,2,2,2,1,2,2,2,3,2,2,2,2,2,2,2,2,2,2,0,0,0
2008,13,121,1,130310,1,4,2,2,1,2,6,2,1,1,1,2,1,2,2,2,1,2,2,2,3,2,2,2,2,2,2,2,2,2,2,0,0,0
2008,13,67,1,130311,1,4,2,1,2,2,1,2,1,2,2,2,1,2,2,2,2,2,1,2,3,2,2,2,2,2,1,1,1,2,2,0,0,0
2008,13,67,1,130312,1,4,2,2,4,2,4,2,1,2,2,2,1,2,2,2,2,2,1,2,1,2,2,2,2,2,2,2,1,2,2,0,0,0
2008,13,169,1,130313,1,4,1,2,1,2,4,2,1,2,1,2,1,2,2,2,1,2,2,2,2,2,2,2,2,2,2,2,2,2,2,0,0,0
2008,13,45,1,130314,1,4,1,2,1,1,5,1,4,2,1,2,2,2,2,2,2,2,2,2,3,2,2,2,2,2,1,1,2,2,2,0,0,0
2008,13,67,1,130315,1,4,3,3,4,2,7,2,1,2,1,2,1,2,2,1,2,2,1,1,1,1,1,1,1,2,2,1,1,2,2,0,0,0
2008,13,219,1,130316,1,4,2,2,1,2,2,2,1,2,1,2,1,2,1,1,2,2,2,2,1,2,2,2,2,2,2,2,1,2,2,0,0,0
2008,13,247,1,130317,1,4,2,2,1,2,6,2,1,2,2,2,1,2,1,1,2,2,2,2,1,2,2,2,2,2,2,2,2,2,2,0,0,0
2008,13,117,1,130318,1,4,2,2,4,2,6,2,1,1,2,2,1,2,2,2,2,2,2,2,1,2,2,2,2,2,2,2,1,2,2,0,0,0
2008,13,121,1,130319,1,4,2,2,3,2,3,2,1,2,2,2,3,2,2,2,2,2,1,2,3,2,2,2,2,2,1,1,1,2,2,0,0,0
2008,13,67,1,130320,1,4,2,1,4,2,1,3,1,2,2,2,1,2,2,2,2,2,1,2,1,2,2,2,2,2,2,2,1,2,2,0,0,0
2008,13,151,1,130321,1,4,1,2,4,2,5,2,1,1,1,2,1,2,2,2,2,2,1,2,1,2,2,2,2,2,2,2,1,2,2,0,0,0
2008,13,127,2,130322,1,4,2,2,1,2,3,2,3,2,1,2,2,2,2,2,2,2,2,2,1,2,2,2,2,2,2,2,1,2,2,0,0,0
2008,13,69,1,130323,1,4,1,2,4,2,6,2,1,2,1,2,1,2,2,1,2,2,1,2,3,1,1,1,1,2,2,1,1,2,2,0,0,0
2008,13,95,1,130324,1,4,2,2,4,2,5,2,1,2,1,2,1,2,1,1,2,2,2,2,3,2,2,2,2,2,2,2,1,2,2,0,0,0
2008,13,103,1,130325,1,4,1,2,1,2,5,2,1,2,1,2,1,2,2,1,2,2,1,1,1,2,2,2,2,2,1,1,1,2,2,0,0,0
2008,13,121,1,130326,1,4,2,2,1,1,3,1,2,2,1,2,2,1,2,2,1,2,2,2,3,2,2,2,2,2,2,2,2,1,2,0,0,0
2008,13,267,1,130327,1,4,1,2,1,2,4,2,4,1,1,2,2,1,2,2,2,2,2,2,3,2,2,2,2,2,2,2,1,2,2,0,0,0
2008,13,117,1,130328,1,4,2,2,4,2,3,2,1,2,1,2,1,2,2,2,2,2,1,2,1,2,2,2,2,2,2,2,1,2,2,0,0,0
2008,13,121,1,130329,1,4,2,2,4,2,2,2,1,1,1,2,1,2,2,2,2,2,2,2,3,2,2,2,2,2,2,2,1,2,2,0,0,0
2008,13,121,3,130330,1,4,2,2,1,2,4,2,4,2,2,2,2,2,2,2,2,2,2,2,3,2,2,1,1,2,2,1,2,2,2,0,0,0
2008,13,103,1,130331,1,4,1,2,1,1,6,1,1,2,2,2,1,2,2,2,1,2,2,2,3,2,2,2,2,2,2,2,2,2,2,0,0,0
2008,13,223,2,130332,1,4,2,2,1,2,4,2,4,1,2,2,2,1,2,2,2,2,2,2,3,2,2,2,2,2,2,2,1,2,2,0,0,0
2008,13,271,1,130333,1,4,1,2,2,1,5,1,1,1,2,2,1,2,2,1,2,2,1,2,1,2,2,2,2,2,2,2,2,2,2,0,0,0
2008,13,285,1,130334,1,4,2,2,4,2,4,2,1,1,2,2,1,2,2,2,2,2,2,2,3,1,1,1,1,2,2,1,1,2,2,0,0,0
2008,13,135,1,130335,1,4,2,2,4,2,6,2,1,2,2,2,1,2,2,2,2,2,2,2,1,2,2,2,2,2,2,2,1,2,2,0,0,0
2008,13,149,1,130336,1,4,1,2,1,1,3,1,4,1,1,2,2,1,2,2,2,2,1,2,3,2,2,2,2,1,2,2,2,2,2,0,0,0
2008,13,85,1,130337,1,4,3,3,1,2,7,2,1,1,1,2,2,1,2,2,2,2,1,2,3,2,2,2,2,2,2,2,1,2,2,0,0,0
2008,13,121,1,130338,1,4,1,2,3,2,4,2,1,1,1,2,1,2,1,1,2,2,2,2,3,2,2,2,2,2,2,2,1,2,2,0,0,0
2008,13,121,1,130339,1,4,2,1,1,2,1,2,1,2,1,2,1,2,2,2,2,2,1,2,3,2,2,2,2,2,2,2,2,2,2,0,0,0
2008,13,223,1,130340,1,4,2,2,1,2,4,2,4,2,2,2,2,2,2,1,2,2,2,1,1,2,2,2,2,2,2,2,1,2,2,0,0,0
2008,13,39,1,130341,1,4,1,2,4,2,6,2,1,2,2,2,1,2,2,1,2,2,1,2,1,2,2,2,2,2,1,1,1,2,2,0,0,0
2008,13,117,1,130342,1,4,1,2,4,2,6,2,1,2,2,2,1,2,2,1,2,2,1,2,1,2,2,2,2,2,2,2,1,2,2,0,0,0
2008,13,223,1,130343,1,4,3,3,4,2,7,2,1,2,2,2,1,2,1,2,2,2,2,2,1,2,2,2,2,2,2,2,1,2,2,0,0,0
2008,13,301,2,130344,1,4,1,1,4,2,1,2,1,1,2,2,1,2,2,1,2,2,2,2,1,2,2,2,2,2,2,2,1,2,2,0,0,0
2008,13,51,1,130345,1,4,2,2,4,2,6,2,1,2,2,1,1,2,2,1,2,2,1,2,3,2,2,2,2,2,1,1,1,2,2,0,0,0
2008,13,293,1,130346,1,4,1,2,1,2,5,2,1,2,2,2,1,2,2,2,1,2,2,2,2,2,2,2,2,2,1,1,2,2,2,0,0,0
2008,13,55,1,130347,1,4,1,2,4,2,5,2,1,2,1,2,1,2,2,2,2,2,1,2,3,2,2,2,2,2,2,2,1,2,1,0,0,0
2008,13,121,1,130348,1,4,2,2,1,1,4,1,4,2,1,2,2,1,2,2,2,2,2,2,3,2,2,2,2,2,2,2,2,2,2,0,0,0
2008,13,115,1,130349,1,4,1,2,4,2,3,2,1,2,1,2,1,2,2,2,2,2,1,2,3,2,2,2,2,2,2,2,1,2,2,0,0,0
2008,13,157,1,130350,1,4,1,2,1,2,6,2,4,1,1,2,2,2,2,1,2,2,1,2,3,2,2,2,2,2,2,2,1,2,2,0,0,0
2008,13,77,1,130351,1,4,1,1,2,2,1,2,1,2,1,2,1,1,2,2,2,2,2,2,3,2,2,2,2,2,2,2,1,2,2,0,0,0
2008,13,121,1,130352,1,4,2,1,1,2,1,3,2,2,1,2,2,2,1,1,2,2,2,2,1,2,2,2,2,2,2,2,2,2,2,0,0,0
2008,13,161,1,130353,1,4,1,2,1,2,3,2,3,1,1,2,2,1,2,2,2,2,2,2,3,2,2,2,2,2,2,2,2,2,2,0,0,0
2008,13,185,1,130354,1,4,2,2,1,2,3,3,4,1,1,2,2,1,2,2,2,2,2,2,2,2,2,2,2,2,2,2,2,2,2,0,0,0
2008,13,99,1,130355,1,4,1,2,1,2,6,2,1,2,2,2,1,2,2,2,2,2,2,2,2,2,2,2,2,2,2,2,2,2,2,0,0,0
2008,13,179,1,130356,1,4,1,2,1,2,3,2,3,2,2,2,2,2,2,2,2,2,2,2,3,2,2,2,2,2,2,2,1,2,2,0,0,0
2008,13,13,1,130357,1,4,1,2,1,2,3,2,1,2,2,2,1,2,2,2,2,2,1,2,3,1,1,1,1,2,2,1,2,2,2,0,0,0
2008,13,63,1,130358,1,4,2,1,4,2,1,2,1,2,2,2,1,2,2,2,2,2,2,2,3,2,2,2,2,2,2,2,1,2,1,0,0,0
2008,13,67,1,130359,1,4,2,2,4,2,6,2,1,2,2,2,1,2,1,1,2,2,2,2,1,2,2,2,2,2,2,2,1,2,2,0,0,0
2008,13,77,1,130360,1,4,1,2,1,2,6,2,5,1,2,2,2,1,2,2,2,2,2,2,3,2,2,2,2,1,2,2,1,2,2,0,0,0
2008,13,77,1,130361,1,4,1,2,4,2,5,2,1,1,2,2,1,2,1,1,2,2,2,2,3,2,2,2,2,2,2,2,1,2,2,0,0,0
2008,13,95,1,130362,1,4,2,2,4,2,3,2,1,2,2,2,1,2,2,2,2,2,2,2,3,2,2,2,2,2,2,2,1,2,2,0,0,0
2008,13,197,1,130363,1,4,1,2,4,2,5,2,1,1,2,2,1,2,2,2,2,2,1,2,3,2,2,2,2,2,2,2,1,2,2,0,0,0
2008,13,221,1,130364,1,4,1,2,4,2,6,2,1,2,2,2,1,2,2,2,2,2,1,2,1,2,2,2,2,2,2,2,1,2,2,0,0,0
2008,13,275,1,130365,1,4,1,2,4,2,5,2,1,1,2,2,1,2,1,2,2,2,2,2,2,2,2,2,2,2,2,2,1,2,2,0,0,0
2008,13,89,1,130366,1,4,2,2,1,2,2,2,2,2,2,2,2,1,2,2,2,2,2,2,1,2,2,2,2,2,2,2,2,2,2,0,0,0
2008,13,115,1,130367,1,4,1,2,1,2,4,2,3,2,2,2,2,2,2,2,2,2,2,2,3,2,2,2,2,2,2,2,1,2,2,0,0,0
2008,13,13,1,130368,1,4,1,2,1,2,5,2,3,1,1,2,2,2,2,2,2,2,2,2,3,2,2,2,2,1,2,2,1,2,2,0,0,0
2008,13,63,1,130369,1,4,2,2,1,2,6,2,1,1,1,2,1,2,2,2,2,2,2,2,3,2,2,2,2,2,2,2,2,2,2,0,0,0
2008,13,67,2,130370,1,4,2,2,1,2,4,2,3,1,1,2,2,2,2,2,2,2,2,2,2,2,2,2,2,2,2,2,1,2,2,0,0,0
2008,13,103,1,130371,1,4,3,3,2,2,7,2,3,1,1,2,2,2,2,2,2,2,1,2,3,2,2,2,2,2,1,1,1,2,1,0,0,0
2008,13,123,1,130372,1,4,1,2,4,2,5,2,1,2,1,2,1,2,1,1,2,2,2,2,1,2,2,2,2,2,2,2,1,2,2,0,0,0
2008,13,149,2,130373,1,4,1,2,1,2,4,2,3,1,1,2,2,2,2,2,2,2,2,2,3,1,1,1,1,2,2,1,1,2,1,0,0,0
2008,13,187,1,130374,1,4,1,2,1,2,5,3,4,1,1,2,2,1,1,2,2,2,2,2,2,2,2,2,2,2,2,2,2,2,2,0,0,0
2008,13,259,1,130375,1,4,1,2,4,2,4,2,1,1,1,2,1,2,2,2,2,2,1,2,1,2,2,2,2,2,2,2,1,2,2,0,0,0
2008,13,147,1,130376,1,4,1,2,4,2,6,2,1,1,1,2,1,2,1,2,2,2,2,2,2,2,2,2,2,2,2,2,1,2,2,0,0,0
2008,13,153,1,130377,1,4,2,2,4,2,6,2,1,2,1,2,1,2,2,1,2,2,1,2,3,2,2,1,1,2,2,1,1,2,2,0,0,0
2008,13,91,1,130378,1,4,1,2,1,2,6,2,2,1,1,2,2,1,2,1,2,2,2,2,3,2,2,2,2,1,2,2,2,2,2,0,0,0
2008,13,217,1,130379,1,4,1,2,4,2,6,2,1,1,1,2,1,2,1,2,2,2,2,2,3,2,2,2,2,2,2,2,1,2,2,0,0,0
2008,13,69,1,130380,1,4,3,3,4,2,7,2,1,1,1,2,1,2,2,1,2,2,1,2,1,2,2,1,1,2,2,1,1,2,2,0,0,0
2008,13,53,1,130381,1,4,1,2,4,2,4,2,1,2,2,2,1,2,2,2,2,2,2,2,1,2,2,2,2,2,1,1,1,2,2,0,0,0
2008,13,71,1,130382,1,4,2,2,4,2,5,2,1,2,2,2,1,2,2,2,2,2,2,2,3,2,2,2,2,2,1,1,1,2,2,0,0,0
2008,13,225,1,130383,1,4,2,1,4,2,1,2,1,2,2,1,1,2,2,2,2,2,1,2,3,2,2,2,2,2,2,2,1,2,2,0,0,0
2008,13,277,1,130384,1,4,1,2,4,2,6,2,1,2,2,2,1,2,2,2,2,2,1,2,3,2,2,2,2,2,2,2,1,2,2,0,0,0
2008,13,89,1,130385,1,4,2,2,1,2,3,2,1,2,2,1,2,2,2,2,1,2,2,2,3,2,2,2,2,2,2,2,2,2,2,0,0,0
2008,13,51,1,130386,1,4,3,3,4,2,7,2,1,2,1,2,1,2,2,2,2,2,2,2,1,2,2,2,2,2,2,2,1,2,2,0,0,0
2008,13,199,1,130387,1,4,1,2,1,2,4,2,5,1,1,2,2,1,2,2,2,2,2,2,3,2,2,2,2,2,2,2,1,2,2,0,0,0
2008,13,293,1,130388,1,4,1,2,1,2,4,2,3,1,1,2,2,2,2,2,2,2,1,2,3,2,2,2,2,2,1,1,1,2,2,0,0,0
2008,13,315,1,130389,1,4,1,2,4,2,3,2,1,2,1,2,1,1,2,2,2,2,2,2,1,2,2,2,2,2,2,2,1,2,2,0,0,0
2008,13,67,1,130390,1,4,2,1,1,2,1,2,5,2,2,2,2,1,2,2,2,2,1,2,2,2,2,2,2,2,2,2,2,1,2,0,0,0
2008,13,245,1,130391,1,4,2,2,1,1,4,1,4,1,1,2,2,2,1,2,2,2,2,2,3,2,2,2,2,2,2,2,2,2,2,0,0,0
2008,13,217,1,130392,1,4,2,2,4,2,4,2,1,2,2,2,1,2,2,2,2,2,2,2,1,2,2,2,2,2,1,1,1,2,2,0,0,0
2008,13,127,1,130393,1,4,2,2,3,2,3,2,1,2,2,2,1,2,1,2,2,2,2,2,2,2,2,2,2,2,2,2,1,2,2,0,0,0
2008,13,215,1,130394,1,4,2,2,1,1,4,1,4,1,2,2,2,2,2,2,2,2,1,2,3,2,2,2,2,2,2,2,2,2,2,0,0,0
2008,13,153,1,130395,1,4,2,2,1,1,3,1,4,2,2,2,2,2,2,2,2,2,2,2,1,2,2,2,2,2,2,2,2,2,2,0,0,0
2008,13,21,1,130396,1,4,2,1,4,2,1,2,1,2,2,2,1,2,2,2,2,2,1,2,3,2,2,2,2,2,1,1,1,2,2,0,0,0
2008,13,51,1,130397,1,4,2,2,1,2,3,2,3,2,1,2,3,2,2,1,2,2,2,2,3,2,2,2,2,2,2,2,1,1,2,0,0,0
2008,13,299,1,130398,1,4,2,2,1,2,6,2,1,1,1,2,1,2,2,2,2,2,1,2,3,2,2,2,2,2,2,2,2,2,2,0,0,0
2008,13,55,1,130399,1,4,1,2,1,2,6,2,3,1,1,2,2,2,2,1,2,2,2,2,3,1,1,1,1,2,2,1,1,2,2,0,0,0
2008,13,121,1,130400,1,4,2,1,4,2,1,2,1,2,1,2,1,2,2,1,2,2,1,2,3,2,2,2,2,2,2,2,1,2,2,0,0,0
2008,13,121,1,130401,1,4,3,3,3,2,7,2,1,1,1,2,1,2,2,2,2,2,2,2,3,2,2,2,2,2,2,2,1,2,2,0,0,0
2008,13,121,1,130402,1,4,3,3,4,2,7,2,1,1,1,2,1,2,2,2,2,2,1,2,3,2,2,2,2,1,2,2,1,2,2,0,0,0
2008,13,59,1,130403,1,4,2,2,4,2,3,2,1,1,2,2,1,2,2,2,2,2,2,2,2,2,2,2,2,2,2,2,1,2,1,0,0,0
2008,13,21,1,130404,1,4,2,2,1,2,4,2,5,1,2,2,2,2,1,2,2,2,2,2,1,2,2,2,2,2,2,2,2,2,2,0,0,0
2008,13,121,1,130405,1,4,2,2,1,2,4,2,1,2,2,2,1,2,2,2,1,2,2,2,3,2,2,2,2,2,2,2,2,2,2,0,0,0
2008,13,65,1,130406,1,4,3,3,1,2,7,2,1,2,1,2,1,2,2,1,2,2,1,2,2,2,2,2,2,2,2,2,2,2,2,0,0,0
2008,13,245,1,130407,1,4,3,3,1,1,7,1,4,2,1,2,2,2,2,2,2,2,2,2,3,2,2,2,2,2,2,2,2,2,2,0,0,0
2008,13,135,1,130408,1,4,2,2,1,1,4,1,4,1,1,2,2,2,2,2,2,2,1,2,3,2,2,2,2,2,1,1,2,2,2,0,0,0
2008,13,193,1,130409,1,4,1,2,4,2,5,2,1,2,2,2,1,2,2,2,2,2,1,2,1,2,2,2,2,2,2,2,1,2,2,0,0,0
2008,13,217,1,130410,1,4,3,3,1,2,7,2,3,1,2,2,2,2,2,2,2,2,2,2,3,2,2,2,2,2,2,2,1,2,2,0,0,0
2008,13,77,1,130411,1,4,3,3,4,2,7,2,1,2,2,2,1,2,2,1,2,2,1,2,2,2,2,2,2,2,2,2,1,2,2,0,0,0
2008,13,97,1,130412,1,4,3,3,4,2,7,2,1,2,1,2,1,2,2,1,2,2,2,2,1,2,2,2,2,2,2,2,1,2,2,0,0,0
2008,13,133,1,130413,1,4,1,1,3,2,1,2,1,2,1,2,1,2,2,2,2,2,2,1,2,2,2,2,2,2,2,2,1,2,2,0,0,0
2008,13,227,1,130414,1,4,1,2,4,2,3,2,1,1,1,2,1,1,2,1,2,2,1,2,2,2,2,2,2,2,2,2,1,2,2,0,0,0
2008,13,121,1,130415,1,4,3,3,1,2,7,2,1,1,1,2,1,2,2,2,1,2,2,2,3,2,2,2,2,2,2,2,2,2,2,0,0,0
2008,13,39,1,130416,1,4,2,1,4,2,1,2,1,2,2,2,1,2,1,1,2,2,2,2,3,1,1,1,1,2,2,1,1,2,2,0,0,0
2008,13,167,1,130417,1,4,1,2,1,2,4,2,4,1,2,2,2,2,2,2,2,2,2,2,3,2,2,2,2,2,2,2,2,2,2,0,0,0
2008,13,313,1,130418,1,4,1,1,4,2,1,2,1,2,2,2,1,2,2,2,2,2,1,2,1,2,2,2,2,2,1,1,1,2,2,0,0,0
2008,13,45,1,130419,1,4,2,2,1,1,3,1,4,2,1,2,2,2,2,2,2,2,2,2,3,2,2,2,2,1,2,2,2,2,2,0,0,0
2008,13,121,1,130420,1,4,2,2,1,2,5,2,3,2,1,2,2,2,2,1,2,2,2,2,3,1,1,1,1,2,2,1,1,2,2,0,0,0
2008,13,89,1,130421,1,4,2,2,1,2,4,2,3,1,1,2,2,2,1,2,2,2,2,2,3,2,2,2,2,2,1,1,1,2,2,0,0,0
2008,13,121,1,130422,1,4,2,1,1,2,1,2,2,1,1,2,2,2,2,2,2,2,2,2,3,2,2,2,2,2,1,1,2,2,2,0,0,0
2008,13,31,1,130423,1,4,1,2,1,2,4,2,3,1,1,2,2,1,2,2,2,2,2,2,3,2,2,2,2,1,2,2,1,2,2,0,0,0
2008,13,87,1,130424,1,4,1,2,4,2,5,2,1,1,1,2,1,2,2,2,2,2,1,2,2,2,2,2,2,2,2,2,1,2,2,0,0,0
2008,13,115,1,130425,1,4,1,2,1,2,4,2,3,1,1,2,2,2,2,2,2,2,2,2,3,2,2,2,2,2,2,2,1,2,2,0,0,0
2008,13,63,1,130426,1,4,2,1,1,2,1,2,1,2,2,2,1,2,2,2,1,2,2,2,3,2,2,2,2,2,2,2,2,2,2,0,0,0
2008,13,63,1,130427,1,4,2,2,1,2,3,2,1,2,2,2,1,2,2,2,1,2,2,2,3,2,2,2,2,2,2,2,2,2,2,0,0,0
2008,13,11,3,130428,1,4,1,2,1,1,5,1,4,1,1,2,2,1,2,2,2,2,2,2,3,2,2,2,2,2,2,2,2,2,2,0,0,0
2008,13,67,1,130429,1,4,2,2,1,1,5,1,1,1,1,2,1,2,2,2,1,2,2,2,3,2,2,2,2,2,1,1,2,2,2,0,0,0
2008,13,65,1,130430,1,4,3,3,2,1,7,1,1,2,1,2,1,2,2,1,2,2,1,2,2,2,2,1,1,2,2,1,2,2,2,0,0,0
2008,13,135,1,130431,1,4,2,2,1,1,5,1,4,1,1,2,2,2,1,2,2,2,2,2,3,2,2,2,2,2,2,2,2,2,2,0,0,0
2008,13,109,2,130432,1,4,1,2,1,1,5,1,3,1,1,2,2,2,2,2,2,2,1,2,3,2,2,2,2,1,2,2,2,2,2,0,0,0
2008,13,175,1,130433,1,4,1,1,3,2,1,2,1,1,1,2,1,1,2,2,2,2,1,2,2,2,2,2,2,2,2,2,1,2,1,0,0,0
2008,13,45,1,130434,1,4,1,2,1,1,5,1,4,2,2,2,2,2,2,2,2,2,2,2,3,1,2,1,2,2,2,2,2,2,2,0,0,0
2008,13,67,1,130435,1,4,2,2,4,2,5,2,1,1,2,2,1,2,1,2,2,2,2,2,2,2,2,2,2,2,2,2,1,2,2,0,0,0
2008,13,111,1,130436,1,4,3,3,2,2,7,2,1,2,2,2,1,2,2,2,2,2,1,2,1,2,2,2,2,2,2,2,1,2,2,0,0,0
2008,13,223,1,130437,1,4,2,2,4,2,3,2,1,1,2,2,1,2,2,2,2,2,1,2,3,2,2,2,2,2,1,1,1,2,2,0,0,0
2008,13,225,1,130438,1,4,1,2,4,2,3,2,1,1,2,2,1,2,2,1,2,2,1,2,3,2,2,2,2,2,2,2,1,2,2,0,0,0
2008,13,13,1,130439,1,4,2,2,4,2,4,2,1,1,2,2,1,2,2,2,2,2,2,2,3,2,2,2,2,1,2,2,1,2,2,0,0,0
2008,13,127,1,130440,1,4,2,2,1,1,3,1,2,2,2,2,3,2,2,1,2,2,2,2,1,1,1,1,1,2,2,1,2,2,2,0,0,0
2008,13,151,1,130441,1,4,2,1,1,2,1,2,1,2,1,2,1,2,2,2,1,2,2,2,3,2,2,2,2,2,2,2,2,2,2,0,0,0
2008,13,21,1,130442,1,4,2,2,1,1,4,1,4,2,2,1,2,2,1,2,2,2,2,2,3,2,2,2,2,2,2,2,2,2,2,0,0,0
2008,13,21,1,130443,1,4,2,2,1,1,3,1,4,1,1,2,3,2,2,2,2,2,2,2,3,2,2,2,2,1,2,2,2,2,2,0,0,0
2008,13,251,1,130444,1,4,1,2,1,1,3,1,4,1,1,2,3,1,2,2,2,2,2,2,3,1,1,1,1,2,2,1,2,2,2,0,0,0
2008,13,31,1,130445,1,4,1,2,1,1,4,1,2,1,1,2,2,2,2,2,2,2,2,2,3,2,2,2,2,1,2,2,2,2,2,0,0,0
2008,13,121,1,130446,1,4,2,2,1,2,5,2,1,2,1,2,1,2,2,2,2,2,2,2,3,2,2,2,2,2,2,2,2,2,2,0,0,0
2008,13,89,1,130447,1,4,2,2,1,2,3,2,1,1,1,2,1,2,2,2,1,2,2,2,3,2,2,2,2,2,2,2,2,2,2,0,0,0
2008,13,85,1,130448,1,4,1,2,4,2,5,2,1,1,1,2,1,2,2,1,2,2,2,2,2,2,2,2,2,1,2,2,1,2,2,0,0,0
2008,13,135,1,130449,1,4,2,2,1,1,3,1,4,1,1,2,2,2,2,2,2,2,2,2,3,1,1,1,1,1,2,1,2,2,2,0,0,0
2008,13,89,1,130450,1,4,3,3,4,2,7,2,1,2,2,1,1,2,2,2,2,2,2,2,3,2,2,2,2,2,2,2,1,2,2,0,0,0
2008,13,121,1,130451,1,4,2,2,1,2,5,2,1,2,1,2,1,2,2,2,1,2,2,2,3,2,2,2,2,2,2,2,2,2,2,0,0,0
2008,13,67,1,130452,1,4,2,2,1,1,4,1,2,1,1,2,3,2,2,2,2,2,2,2,3,2,2,2,2,1,2,2,2,2,2,0,0,0
2008,13,247,2,130453,1,4,2,2,4,2,4,2,1,1,1,2,2,1,2,1,2,2,2,2,2,2,2,2,2,1,2,2,1,2,2,0,0,0
2008,13,67,1,130454,1,4,2,1,1,2,1,2,5,1,1,2,3,1,2,2,2,2,2,2,3,2,2,2,2,2,2,2,2,2,2,0,0,0
2008,13,173,1,130455,1,4,1,2,1,2,5,2,1,1,1,2,1,2,2,2,1,2,2,2,3,1,1,1,1,2,2,1,2,2,2,0,0,0
2008,13,293,1,130456,1,4,1,2,1,1,4,1,4,1,2,2,2,2,2,2,2,2,2,2,3,2,2,2,2,1,2,2,2,2,2,0,0,0
2008,13,57,1,130457,1,4,2,2,1,2,4,2,3,2,1,2,2,1,1,2,2,2,2,2,3,2,2,2,2,2,2,2,1,2,2,0,0,0
2008,13,205,1,130458,1,4,1,2,4,2,5,2,1,1,1,2,1,2,2,1,2,2,1,2,3,2,2,2,2,2,2,2,1,2,2,0,0,0
2008,13,295,1,130459,1,4,1,2,1,2,4,2,3,1,1,2,2,1,2,2,2,2,2,2,2,1,1,1,1,2,2,1,1,2,2,0,0,0
2008,13,85,1,130460,1,4,1,2,4,1,5,1,1,1,1,2,1,2,2,2,2,2,1,2,2,2,2,2,2,2,2,2,2,2,2,0,0,0
2008,13,139,1,130461,1,4,2,2,4,2,4,2,1,2,2,2,1,2,2,2,2,2,2,1,1,2,2,2,2,2,1,1,1,2,2,0,0,0
2008,13,63,1,130462,1,4,2,1,2,2,1,2,1,2,2,2,3,2,2,2,2,2,1,2,1,2,2,2,2,2,2,2,1,2,2,0,0,0
2008,13,63,1,130463,1,4,2,2,4,1,4,1,1,2,2,2,1,2,2,1,2,2,2,2,3,1,1,1,1,2,2,1,2,2,2,0,0,0
2008,13,135,1,130464,1,4,2,2,4,2,5,2,1,2,2,2,1,2,2,2,2,2,2,2,1,2,2,2,2,2,2,2,1,2,2,0,0,0
2008,13,57,1,130465,1,4,2,2,4,2,4,2,1,2,2,2,1,2,2,1,2,2,1,2,1,2,2,2,2,2,2,2,1,2,2,0,0,0
2008,13,139,1,130466,1,4,1,2,1,2,5,2,1,1,1,2,1,2,2,2,2,2,1,2,3,2,2,2,2,2,2,2,1,2,2,0,0,0
2008,13,111,1,130467,1,4,1,2,4,2,5,2,1,1,2,2,1,2,1,1,2,2,2,2,3,2,2,2,2,2,2,2,1,2,2,0,0,0
2008,13,115,1,130468,1,4,1,2,4,1,4,1,1,2,1,2,1,2,2,2,2,2,1,2,3,2,2,2,2,2,2,2,2,2,2,0,0,0
2008,13,175,2,130469,1,4,1,1,1,2,1,2,1,2,2,2,2,2,2,2,1,2,2,2,3,2,2,2,2,2,2,2,2,2,2,0,0,0
2008,13,31,3,130470,1,4,1,1,4,2,1,2,1,1,2,2,1,2,2,2,2,2,1,2,2,2,2,2,2,2,1,1,1,2,2,0,0,0
2008,13,187,1,130471,1,4,1,2,1,2,3,3,3,1,2,2,2,2,1,2,2,2,2,2,2,1,1,1,1,2,2,1,2,2,2,0,0,0
2008,13,107,1,130472,1,4,1,2,4,2,4,2,1,2,1,2,1,2,2,2,2,2,2,2,3,2,2,2,2,2,2,2,1,2,2,0,0,0
2008,13,121,1,130473,1,4,2,2,1,2,6,2,1,1,1,2,1,2,2,2,2,1,2,2,3,2,2,2,2,1,2,2,2,2,2,0,0,0
2008,13,139,1,130474,1,4,2,2,1,2,3,2,1,2,1,2,1,2,2,2,2,2,1,2,1,2,2,2,2,2,1,1,1,2,2,0,0,0
2008,13,155,1,130475,1,4,1,2,4,2,5,2,1,2,1,2,1,2,2,2,2,2,2,2,1,2,2,2,2,2,2,2,1,2,2,0,0,0
2008,13,237,1,130476,1,4,2,2,1,2,5,2,1,1,1,2,1,2,2,2,1,2,2,2,3,2,2,2,2,2,2,2,2,2,2,0,0,0
2008,13,255,1,130477,1,4,1,2,2,2,4,2,1,2,1,2,1,2,1,2,2,2,2,2,3,2,2,2,2,2,2,2,1,2,2,0,0,0
2008,13,279,1,130478,1,4,1,2,4,2,6,2,1,1,1,2,1,2,2,1,2,2,2,2,2,1,1,1,1,2,2,1,1,2,2,0,0,0
2008,13,319,1,130479,1,4,1,2,2,2,6,2,1,2,1,2,1,2,2,1,2,2,1,2,1,2,2,2,2,2,1,1,1,2,2,0,0,0
2008,13,13,1,130480,1,4,1,2,1,1,3,1,4,1,1,2,2,2,2,2,2,2,2,2,3,2,2,2,2,2,1,1,2,2,2,0,0,0
2008,13,127,1,130481,1,4,2,2,1,1,3,1,2,1,1,2,2,2,2,2,2,2,2,2,3,2,2,2,2,1,2,2,2,2,2,0,0,0
2008,13,51,2,130482,1,4,2,1,4,2,1,2,1,1,2,2,1,2,2,2,2,2,1,2,3,2,2,2,2,2,2,2,1,2,2,0,0,0
2008,13,99,1,130483,1,4,1,2,1,2,5,2,1,1,2,2,1,2,2,2,2,2,1,2,1,2,2,2,2,2,1,1,1,2,2,0,0,0
2008,13,151,3,130484,1,4,2,2,4,2,4,2,1,1,2,2,1,2,2,2,2,2,1,2,2,1,1,1,1,2,2,1,1,2,2,0,0,0
2008,13,21,1,130485,1,4,1,2,1,2,4,2,3,1,1,2,2,1,2,2,2,2,2,2,3,2,2,2,2,2,2,2,1,2,2,0,0,0
2008,13,13,3,130486,1,4,2,2,1,2,4,2,3,2,1,2,2,2,2,2,2,2,2,2,2,1,1,1,1,1,2,1,1,2,2,0,0,0
2008,13,211,1,130487,1,4,1,1,1,2,1,2,1,1,1,2,1,2,1,2,2,2,2,2,3,2,2,2,2,2,2,2,2,2,2,0,0,0
2008,13,31,1,130488,1,4,2,2,4,2,4,2,1,2,1,2,1,2,2,2,2,2,2,2,2,2,2,2,2,2,2,2,1,2,2,0,0,0
2008,13,223,1,130489,1,4,2,2,1,1,3,1,4,1,1,2,2,2,2,2,2,2,2,2,3,2,2,2,2,1,2,2,2,2,2,0,0,0
2008,13,13,1,130490,1,4,1,2,4,2,5,2,1,2,1,2,1,2,2,1,2,2,2,2,3,2,2,2,2,2,2,2,1,1,2,0,0,0
2008,13,245,1,130491,1,4,2,2,4,2,3,2,1,2,1,2,1,2,2,2,2,2,2,2,2,2,2,2,2,2,2,2,1,2,2,0,0,0
2008,13,51,1,130492,1,4,2,2,1,1,3,1,5,1,1,2,3,2,2,2,2,2,2,2,3,2,2,2,2,1,2,2,2,2,2,0,0,0
2008,13,265,1,130493,1,4,1,2,4,2,5,2,1,1,1,2,1,2,2,2,2,2,1,2,2,2,2,2,2,2,2,2,1,2,2,0,0,0
2008,13,121,1,130494,1,4,1,2,4,2,6,2,1,1,2,2,1,2,2,2,2,2,1,2,3,2,2,2,2,2,2,2,1,2,2,0,0,0
2008,13,273,1,130495,1,4,1,2,1,2,4,2,3,2,2,2,2,2,2,2,2,2,2,2,1,2,2,2,2,2,1,1,1,2,2,0,0,0
2008,13,39,1,130496,1,4,2,1,1,2,1,2,1,1,1,2,1,2,2,2,2,2,1,2,3,2,2,2,2,2,2,2,2,2,2,0,0,0
2008,13,47,1,130497,1,4,2,2,1,2,4,2,2,1,1,2,2,2,1,2,2,2,2,2,3,2,2,2,2,1,2,2,2,2,2,0,0,0
2008,13,135,1,130498,1,4,2,2,4,2,4,2,1,1,1,2,1,2,2,2,2,2,1,2,3,2,2,2,2,2,2,2,1,2,2,0,0,0
2008,13,215,1,130499,1,4,2,2,1,1,4,1,4,1,1,2,2,2,2,2,2,2,2,2,3,2,2,2,2,2,2,2,2,2,2,0,0,0
2008,13,297,1,130500,1,4,1,2,1,1,5,1,3,2,1,2,3,2,2,2,2,2,2,2,3,2,2,2,2,1,2,2,2,2,2,0,0,0
2008,13,115,1,130501,1,4,1,2,4,2,5,2,1,2,1,2,1,2,2,2,2,2,2,2,3,2,2,2,2,2,2,2,1,2,2,0,0,0
2008,13,45,1,130502,1,4,1,2,4,2,5,2,1,2,2,2,1,2,2,1,2,2,1,2,1,2,2,2,2,2,2,2,1,2,2,0,0,0
2008,13,185,1,130503,1,4,2,2,1,2,3,2,1,2,2,2,1,2,2,2,1,2,2,2,2,1,1,1,1,2,2,1,2,2,2,0,0,0
2008,13,317,1,130504,1,4,1,2,1,2,3,2,3,1,2,2,2,2,2,2,2,2,2,2,3,2,2,2,2,2,2,2,1,2,1,0,0,0
2008,13,49,1,130505,1,4,3,3,4,2,7,2,1,3,2,2,1,2,2,2,2,2,1,2,1,2,2,2,2,2,2,2,1,2,2,0,0,0
2008,13,75,1,130506,1,4,1,2,4,2,6,2,1,2,2,2,1,2,2,2,2,2,2,2,1,2,2,2,2,2,2,2,1,2,2,0,0,0
2008,13,129,1,130507,1,4,1,2,1,1,4,1,4,2,2,2,2,2,2,2,2,2,1,2,3,2,2,2,2,2,2,2,2,2,2,0,0,0
2008,13,67,1,130508,1,4,2,2,2,2,6,2,1,1,1,2,1,2,2,1,2,2,1,2,2,1,1,1,1,2,2,1,2,2,2,0,0,0
2008,13,71,3,130509,1,4,1,2,1,2,4,2,3,2,1,2,2,2,2,2,2,2,2,2,1,2,2,2,2,2,1,1,1,2,2,0,0,0
2008,13,89,1,130510,1,4,2,1,1,2,1,2,2,2,1,2,2,2,1,2,2,2,2,2,3,2,2,2,2,2,2,2,2,2,2,0,0,0
2008,13,15,1,130511,1,4,2,2,1,2,4,2,2,1,1,2,2,2,1,2,2,2,2,2,1,2,2,2,2,2,2,2,2,2,2,0,0,0
2008,13,95,1,130512,1,4,2,2,1,1,3,1,4,1,1,2,2,2,2,2,2,2,2,2,3,2,2,2,2,1,2,2,2,2,2,0,0,0
2008,13,307,1,130513,1,4,1,2,1,2,3,2,2,1,1,2,2,1,2,2,2,2,2,2,3,2,2,2,2,1,2,2,2,1,2,0,0,0
2008,13,51,1,130514,1,4,3,3,4,2,7,2,1,2,1,2,1,2,1,2,2,2,2,2,2,2,2,2,2,2,2,2,1,2,2,0,0,0
2008,13,255,1,130515,1,4,1,2,1,1,5,1,4,1,1,2,2,2,1,2,2,2,2,2,3,2,2,2,2,2,2,2,2,2,2,0,0,0
2008,13,255,1,130516,1,4,1,2,4,2,5,2,1,2,1,2,1,2,2,2,2,2,1,2,3,2,2,2,2,1,2,2,1,2,2,0,0,0
2008,13,57,1,130517,1,4,2,2,1,2,4,2,1,2,1,2,1,2,2,2,2,2,2,2,3,2,2,2,2,2,1,1,2,2,2,0,0,0
2008,13,67,2,130518,1,4,2,2,2,1,4,1,1,2,1,2,1,2,1,1,2,2,2,1,2,2,2,2,2,2,1,1,2,2,2,0,0,0
2008,13,105,1,130519,1,4,1,2,1,1,3,1,3,1,2,2,2,2,2,2,2,2,2,2,3,1,1,1,1,2,2,1,2,2,2,0,0,0
2008,13,183,1,130520,1,4,2,2,1,2,6,2,1,2,2,2,1,2,2,2,1,2,2,2,3,2,2,2,2,2,2,2,2,2,2,0,0,0
2008,13,279,1,130521,1,4,1,2,1,2,5,2,3,2,2,2,2,2,2,2,2,2,2,2,1,2,2,2,2,2,1,1,1,2,2,0,0,0
2008,13,309,1,130522,1,4,1,2,1,2,6,2,4,2,2,2,2,2,2,2,2,2,2,2,1,1,1,1,1,2,2,1,2,2,2,0,0,0
2008,13,89,1,130523,1,4,2,2,4,2,3,2,1,2,2,2,1,2,2,2,2,2,2,2,1,2,2,2,2,2,2,2,1,1,2,0,0,0
2008,13,251,1,130524,1,4,1,2,1,1,4,1,4,1,1,2,2,2,2,2,2,2,2,2,3,2,2,2,2,1,2,2,2,2,2,0,0,0
2008,13,215,1,130525,1,4,2,2,1,1,3,1,4,1,1,2,2,2,2,1,2,2,2,2,3,2,2,2,2,2,2,2,2,2,2,0,0,0
2008,13,151,1,130526,1,4,2,2,1,2,3,2,1,2,1,2,1,1,2,2,1,2,2,2,2,2,2,2,2,2,2,2,2,2,2,0,0,0
2008,13,21,1,130527,1,4,2,2,1,1,3,1,4,1,1,2,2,2,2,2,2,2,2,2,3,2,2,2,2,1,2,2,2,2,2,0,0,0
2008,13,245,3,130528,1,4,2,2,1,2,4,2,5,1,1,2,3,1,2,2,2,2,2,2,1,2,2,2,2,2,2,2,1,2,2,0,0,0
2008,13,67,1,130529,1,4,2,2,1,1,4,1,1,2,2,2,1,2,2,2,1,2,2,2,3,2,2,2,2,2,2,2,2,2,2,0,0,0
2008,13,51,1,130530,1,4,2,2,1,1,4,1,4,1,2,2,2,2,2,2,2,2,2,2,3,2,2,2,2,2,2,2,2,2,2,0,0,0
2008,13,207,1,130531,1,4,1,2,1,2,4,2,5,1,1,2,2,2,2,2,2,2,2,2,1,2,2,2,2,2,2,2,1,2,2,0,0,0
2008,13,321,1,130532,1,4,2,2,1,2,3,2,4,1,1,2,3,2,2,2,2,2,2,2,3,2,2,2,2,1,2,2,2,2,2,0,0,0
2008,13,77,1,130533,1,4,2,2,1,2,4,2,2,1,1,2,2,2,2,2,2,2,2,2,3,2,2,2,2,1,2,2,2,2,2,0,0,0
2008,13,21,1,130534,1,4,2,1,4,2,1,2,1,2,2,2,1,2,2,2,2,2,2,2,2,1,1,1,1,2,2,1,1,2,2,0,0,0
2008,13,21,1,130535,1,4,1,2,1,2,5,2,3,1,1,2,2,2,2,2,2,2,2,2,3,2,2,2,2,1,2,2,1,2,2,0,0,0
2008,13,157,1,130536,1,4,1,2,1,1,4,1,4,1,2,2,2,1,2,2,2,2,1,2,3,2,2,2,2,1,2,2,2,2,2,0,0,0
2008,13,95,1,130537,1,4,2,2,1,1,3,1,4,2,2,2,2,2,2,2,2,2,1,2,1,2,2,2,2,2,1,1,2,2,2,0,0,0
2008,13,171,1,130538,1,4,2,2,1,1,4,1,4,1,2,2,2,2,2,2,2,2,2,2,3,1,1,1,1,2,1,1,2,2,2,0,0,0
2008,13,151,1,130539,1,4,1,2,1,2,5,2,1,1,2,2,2,2,2,2,2,2,1,2,3,1,1,1,1,2,2,1,1,2,2,0,0,0
2008,13,89,1,130540,1,4,2,2,1,1,6,1,1,1,1,2,1,2,2,2,2,1,2,2,3,2,2,2,2,2,2,2,2,2,2,0,0,0
2008,13,21,1,130541,1,4,2,2,1,2,4,2,1,1,1,1,1,2,2,2,1,2,2,2,3,2,2,2,2,2,2,2,2,2,2,0,0,0
2008,13,157,1,130542,1,4,1,1,2,2,1,2,1,1,1,2,1,1,2,2,2,2,1,2,3,2,2,2,2,2,2,2,1,2,2,0,0,0
2008,13,181,1,130543,1,4,1,2,4,2,6,2,1,2,1,2,1,2,1,2,2,2,2,2,2,2,2,2,2,2,2,2,1,2,2,0,0,0
2008,13,279,1,130544,1,4,1,2,1,2,3,2,2,1,1,2,2,2,2,1,2,2,1,1,3,2,2,2,2,2,1,1,2,2,2,0,0,0
2008,13,229,1,130545,1,4,1,2,1,2,5,2,1,1,2,2,1,2,1,2,2,2,2,2,3,2,2,2,2,1,2,2,1,2,2,0,0,0
2008,13,21,1,130546,1,4,1,2,1,1,4,1,4,1,2,2,2,2,2,2,2,2,2,2,3,2,2,2,2,1,2,2,2,2,2,0,0,0
2008,13,51,2,130547,1,4,2,2,1,1,3,1,3,2,2,1,3,2,2,2,2,2,2,2,3,2,2,2,2,2,2,2,2,2,2,0,0,0
2008,13,189,1,130548,1,4,2,2,1,2,4,3,1,1,2,2,1,2,2,2,2,2,2,2,3,2,2,2,2,1,2,2,2,2,2,0,0,0
2008,13,31,1,130549,1,4,1,2,2,2,5,2,1,1,2,2,1,2,2,1,2,2,1,2,1,2,2,2,2,2,2,2,1,2,2,0,0,0
2008,13,117,1,130550,1,4,1,2,2,2,5,2,1,2,2,2,1,2,2,2,2,2,1,2,1,2,2,2,2,1,2,2,1,2,2,0,0,0
2008,13,151,1,130551,1,4,2,2,1,2,4,2,1,1,2,2,1,2,2,2,2,2,1,2,2,2,2,2,2,2,2,2,2,2,2,0,0,0
2008,13,215,1,130552,1,4,2,2,1,2,3,3,4,1,1,2,2,2,2,2,2,2,2,2,3,2,2,2,2,2,1,1,2,2,2,0,0,0
2008,13,245,1,130553,1,4,2,2,1,2,3,2,1,1,1,2,1,2,1,2,2,2,2,2,3,2,2,2,2,2,2,2,2,2,2,0,0,0
2008,13,151,1,130554,1,4,3,3,1,2,7,2,1,2,2,2,1,2,2,2,1,2,2,2,3,2,2,2,2,2,2,2,2,2,2,0,0,0
2008,13,277,1,130555,1,4,2,2,1,2,6,2,1,1,1,2,1,1,2,2,2,2,2,2,3,2,2,2,2,2,2,2,2,2,2,0,0,0
2008,13,135,1,130556,1,4,2,2,1,1,4,1,4,2,1,2,3,2,1,2,2,2,2,2,1,2,2,2,2,2,1,1,2,2,2,0,0,0
2008,13,79,1,130557,1,4,1,2,1,2,5,2,6,1,1,2,2,2,1,2,2,2,2,2,3,2,2,2,2,2,2,2,2,2,2,0,0,0
2008,13,21,1,130558,1,4,2,2,1,2,4,2,3,2,2,2,2,2,2,2,2,2,2,2,1,2,2,2,2,2,1,1,1,1,2,0,0,0
2008,13,139,1,130559,1,4,2,2,1,2,6,2,1,2,2,2,1,2,1,2,2,2,2,2,3,2,2,2,2,2,2,2,2,2,2,0,0,0
2008,13,151,1,130560,1,4,2,2,1,1,3,1,3,1,2,2,2,2,1,2,2,2,2,2,3,2,2,2,2,1,2,2,2,2,2,0,0,0
2008,13,189,1,130561,1,4,1,2,4,2,5,2,1,2,2,2,1,2,2,2,2,2,1,2,1,2,2,2,2,2,2,2,1,2,2,0,0,0
2008,13,13,2,130562,1,4,2,2,1,2,4,2,3,1,1,2,2,2,2,2,2,2,2,2,2,2,2,2,2,2,2,2,1,1,2,0,0,0
2008,13,63,1,130563,1,4,2,2,4,2,5,2,1,2,2,2,1,2,2,1,2,2,1,2,3,2,2,2,2,2,1,1,1,2,2,0,0,0
2008,13,121,1,130564,1,4,2,2,1,1,3,1,4,1,1,2,3,1,2,2,2,2,2,2,3,1,1,1,1,2,2,1,2,2,2,0,0,0
2008,13,139,1,130565,1,4,1,2,1,2,5,2,3,1,1,2,3,2,2,2,2,2,1,2,3,2,2,2,2,2,1,1,1,2,1,0,0,0
2008,13,305,1,130566,1,4,2,2,1,1,6,1,4,2,1,2,2,2,2,2,2,2,2,2,1,2,2,2,2,2,2,2,2,2,2,0,0,0
2008,13,121,1,130567,1,4,2,2,4,2,4,2,1,2,2,2,1,2,2,2,2,2,2,2,3,2,2,2,2,1,2,2,1,2,2,0,0,0
2008,13,179,1,130568,1,4,1,2,1,2,6,2,5,2,2,2,2,2,2,2,2,2,1,2,3,2,2,2,2,1,2,2,2,2,2,0,0,0
2008,13,97,1,130569,1,4,2,2,4,2,4,2,1,1,1,2,1,2,2,2,2,2,2,2,3,2,2,2,2,1,2,2,1,2,2,0,0,0
2008,13,129,1,130570,1,4,1,2,4,2,5,2,1,2,2,2,1,1,2,2,2,2,1,2,1,2,2,2,2,2,2,2,1,2,2,0,0,0
2008,13,183,1,130571,1,4,1,2,4,2,6,2,1,1,1,2,1,2,2,2,2,2,2,2,1,2,2,2,2,2,2,2,1,2,2,0,0,0
2008,13,211,1,130572,1,4,1,2,1,2,4,2,1,1,1,2,1,2,2,2,2,1,2,2,3,2,2,2,2,2,2,2,2,2,2,0,0,0
2008,13,293,1,130573,1,4,1,2,3,1,3,1,1,1,1,2,1,2,2,2,2,2,1,2,3,2,2,2,2,2,2,2,2,2,2,0,0,0
2008,13,11,1,130574,1,4,1,2,4,2,5,2,1,2,2,2,1,2,2,2,2,2,1,2,3,2,2,2,2,2,2,2,1,2,2,0,0,0
2008,13,135,1,130575,1,4,2,2,1,2,4,2,1,2,2,1,1,2,2,2,1,2,2,2,3,2,2,2,2,2,2,2,2,2,2,0,0,0
2008,13,171,1,130576,1,4,1,2,4,2,4,2,1,2,2,2,1,2,1,2,2,2,2,2,1,2,2,2,2,2,2,2,1,2,2,0,0,0
2008,13,59,1,130577,1,4,2,2,1,2,4,2,1,2,2,1,1,2,2,2,2,1,2,2,3,2,2,2,2,2,1,1,2,2,2,0,0,0
2008,13,87,1,130578,1,4,1,2,4,2,6,2,1,2,2,2,1,2,2,2,2,2,1,2,1,2,2,2,2,2,2,2,1,2,2,0,0,0
2008,13,145,1,130579,1,4,1,1,3,2,1,2,1,1,2,2,1,2,2,2,2,2,2,2,3,2,2,2,2,1,2,2,1,2,2,0,0,0
2008,13,245,1,130580,1,4,2,2,4,2,4,2,1,2,1,2,1,2,2,2,2,2,1,2,1,2,2,2,2,2,2,2,1,2,2,0,0,0
2008,13,73,1,130581,1,4,1,2,4,2,5,2,1,1,1,2,1,2,1,2,2,2,2,2,3,2,2,2,2,1,2,2,1,2,2,0,0,0
2008,13,63,1,130582,1,4,2,2,4,2,6,2,1,2,1,2,1,2,2,1,2,2,2,2,3,2,2,2,2,2,1,1,1,2,2,0,0,0
2008,13,45,1,130583,1,4,1,2,4,2,4,2,1,1,1,2,1,2,2,2,2,2,2,2,3,2,2,2,2,2,2,2,1,2,2,0,0,0
2008,13,187,1,130584,1,4,1,2,4,2,4,2,1,1,1,2,1,2,2,2,2,2,2,2,2,2,2,2,2,2,2,2,1,2,2,0,0,0
2008,13,63,1,130585,1,4,2,1,4,2,1,2,1,1,2,2,1,2,2,2,2,2,2,2,2,2,2,2,2,2,2,2,1,2,2,0,0,0
2008,13,79,1,130586,1,4,1,2,1,2,4,2,2,1,1,2,3,1,2,1,2,2,2,2,3,2,2,2,2,1,2,2,2,2,2,0,0,0
2008,13,59,1,130587,1,4,3,3,1,1,7,1,4,1,1,2,2,2,2,2,2,2,2,2,3,2,2,2,2,1,2,2,2,2,2,0,0,0
2008,13,67,1,130588,1,4,2,2,1,1,4,1,4,2,1,2,2,2,2,2,2,2,2,2,3,2,2,2,2,1,2,2,2,2,2,0,0,0
2008,13,177,1,130589,1,4,1,2,1,2,6,2,4,1,1,2,2,2,2,2,2,2,2,2,1,1,1,1,1,2,2,1,2,2,2,0,0,0
2008,13,35,1,130590,1,4,1,1,2,2,1,2,2,1,1,2,2,1,2,2,2,2,2,2,3,2,2,2,2,2,2,2,2,2,2,0,0,0
2008,13,51,1,130591,1,4,2,2,1,1,3,1,1,2,1,1,1,2,2,2,1,2,2,2,3,2,2,2,2,2,2,2,2,2,2,0,0,0
2008,13,121,1,130592,1,4,1,2,2,2,5,2,1,2,2,1,1,2,2,2,2,2,2,1,3,2,2,2,2,2,2,2,1,2,2,0,0,0
2008,13,151,1,130593,1,4,2,2,1,2,5,2,1,1,1,2,1,2,1,2,2,2,2,2,2,2,2,2,2,2,2,2,1,2,2,0,0,0
2008,13,129,1,130594,1,4,1,2,4,2,5,2,1,2,2,2,1,2,2,2,2,2,2,2,1,2,2,2,2,2,2,2,1,2,2,0,0,0
2008,13,151,1,130595,1,4,2,1,1,2,1,2,1,1,1,2,1,2,2,2,2,2,1,2,3,2,2,2,2,2,2,2,2,2,2,0,0,0
2008,13,293,1,130596,1,4,2,2,4,2,6,2,1,2,2,2,1,2,2,2,2,2,1,2,2,1,2,1,2,2,2,2,1,2,2,0,0,0
2008,13,55,2,130597,1,4,1,2,1,1,4,1,2,1,1,2,2,1,2,2,2,2,1,2,3,2,2,2,2,1,2,2,2,2,2,0,0,0
2008,13,51,1,130598,1,4,2,2,4,2,6,2,1,2,2,2,1,2,2,1,2,2,1,2,3,2,2,2,2,2,2,2,1,2,2,0,0,0
2008,13,77,1,130599,1,4,1,2,4,2,5,2,1,2,2,2,1,2,2,1,2,2,2,2,3,1,1,1,1,2,2,1,1,2,2,0,0,0
2008,13,19,1,130600,1,4,1,2,4,2,4,2,1,2,2,2,1,2,2,1,2,2,2,2,1,1,1,1,1,2,2,1,1,2,2,0,0,0
2008,13,59,1,130601,1,4,2,2,2,2,3,2,1,2,2,1,1,2,2,2,1,2,2,2,3,1,2,1,2,2,2,2,1,2,2,0,0,0
2008,13,185,1,130602,1,4,3,3,4,2,7,2,1,2,2,2,1,2,2,2,2,2,1,2,1,2,2,2,2,2,2,2,1,2,2,0,0,0
2008,13,279,1,130603,1,4,3,3,1,1,7,1,4,1,1,2,2,1,2,2,2,2,2,2,3,2,2,2,2,1,2,2,2,2,2,0,0,0
2008,13,127,1,130604,1,4,3,3,1,2,7,2,1,2,1,2,1,1,2,2,1,2,2,2,3,2,2,2,2,2,2,2,2,2,2,0,0,0
2008,13,59,1,130605,1,4,3,3,1,2,7,3,4,1,1,2,3,2,2,2,2,2,2,2,3,2,2,2,2,1,1,1,2,2,2,0,0,0
2008,13,253,1,130606,1,4,1,2,1,1,5,1,4,1,1,2,2,2,2,2,2,2,2,2,2,2,2,2,2,1,1,1,2,2,2,0,0,0
2008,13,219,1,130607,1,4,3,3,1,2,7,2,4,2,1,2,2,1,2,2,2,2,1,2,2,2,2,2,2,2,1,1,1,2,2,0,0,0
2008,13,277,1,130608,1,4,1,2,2,2,6,2,1,1,1,2,1,2,2,1,2,2,1,2,2,2,2,2,2,2,1,1,1,2,2,0,0,0
2008,13,301,1,130609,1,4,1,2,1,2,5,2,1,2,2,2,1,2,2,2,1,2,2,2,3,2,2,2,2,1,2,2,2,2,2,0,0,0
2008,13,289,1,130610,1,4,1,2,4,2,5,2,1,1,1,2,1,2,2,2,2,2,2,2,2,2,2,2,2,2,2,2,1,2,2,0,0,0
2008,13,277,1,130611,1,4,1,2,4,2,5,2,1,1,1,2,1,2,2,2,2,2,2,2,3,2,2,2,2,2,2,2,2,2,2,0,0,0
2008,13,245,1,130612,1,4,2,1,1,2,1,2,1,2,1,2,1,2,2,2,1,2,2,2,3,2,2,2,2,2,2,2,2,2,2,0,0,0
2008,13,37,1,130613,1,4,1,2,4,1,4,1,1,2,1,2,1,2,2,2,2,2,2,2,3,2,2,2,2,2,2,2,2,2,2,0,0,0
2008,13,63,1,130614,1,4,2,2,1,2,3,2,1,2,2,2,1,2,2,2,1,2,2,2,3,1,1,1,1,2,2,1,2,2,2,0,0,0
2008,13,121,1,130615,1,4,2,2,1,1,5,1,1,1,1,2,1,1,2,2,1,2,2,2,3,2,2,2,2,2,2,2,2,2,2,0,0,0
2008,13,13,1,130616,1,4,1,2,4,2,5,2,1,1,2,2,1,2,2,2,2,2,2,2,3,2,2,2,2,2,1,1,1,2,2,0,0,0
2008,13,57,1,130617,1,4,1,2,2,2,6,2,1,1,2,2,1,2,2,2,2,2,1,2,1,2,2,2,2,2,2,2,1,2,2,0,0,0
2008,13,63,1,130618,1,4,2,2,1,1,4,1,5,1,2,2,2,2,2,2,2,2,2,2,3,1,1,1,1,2,1,1,2,2,2,0,0,0
2008,13,135,1,130619,1,4,2,2,1,1,6,1,1,2,2,2,1,2,2,1,2,2,1,2,1,2,2,2,2,2,2,2,2,2,2,0,0,0
2008,13,135,1,130620,1,4,2,2,4,2,4,2,1,2,2,2,1,2,2,2,2,2,1,2,1,2,2,2,2,2,2,2,1,2,2,0,0,0
2008,13,175,1,130621,1,4,1,1,4,2,1,2,1,1,2,2,1,2,2,2,2,2,1,2,3,2,2,2,2,2,2,2,1,2,2,0,0,0
2008,13,133,1,130622,1,4,2,2,4,2,3,2,1,1,2,2,1,2,2,2,2,2,2,2,3,2,2,2,2,1,2,2,1,2,2,0,0,0
2008,13,285,1,130623,1,4,1,1,3,2,1,2,1,2,2,2,1,2,2,2,2,2,2,2,3,2,2,2,2,2,2,2,1,2,1,0,0,0
2008,13,145,1,130624,1,4,1,2,4,2,5,2,1,2,1,2,1,2,2,1,2,2,1,2,3,1,1,1,1,2,2,1,1,2,2,0,0,0
2008,13,249,2,130625,1,4,1,2,4,2,5,2,1,2,1,2,1,2,2,2,2,2,1,2,2,1,1,1,1,2,2,1,1,2,2,0,0,0
2008,13,1,1,130626,1,4,1,2,4,2,6,2,1,2,1,2,1,2,2,1,2,2,1,2,1,1,1,1,1,2,2,1,1,2,2,0,0,0
2008,13,105,1,130627,1,4,1,2,1,1,5,1,4,1,1,2,2,2,2,2,2,2,2,2,3,2,2,2,2,1,2,2,2,2,2,0,0,0
2008,13,279,1,130628,1,4,3,3,4,2,7,2,1,1,1,2,1,2,2,2,2,2,1,2,2,1,1,1,1,2,2,1,1,1,2,0,0,0
2008,13,127,1,130629,1,4,1,2,1,2,3,2,2,1,1,2,2,2,2,2,2,2,1,2,3,2,2,2,2,2,2,2,2,2,2,0,0,0
2008,13,231,1,130630,1,4,1,2,4,1,5,1,1,1,1,2,1,2,2,2,2,2,2,2,2,2,2,2,2,1,2,2,2,2,2,0,0,0
2008,13,69,1,130631,1,4,1,2,1,1,4,1,3,1,1,2,2,2,1,2,2,2,2,2,2,2,2,2,2,1,1,1,2,2,2,0,0,0
2008,13,141,1,130632,1,4,1,2,4,2,4,2,1,2,1,2,1,2,2,1,2,2,1,1,1,2,2,2,2,2,2,2,1,2,2,0,0,0
2008,13,31,1,130633,1,4,3,3,2,2,7,2,1,2,2,2,1,2,2,1,2,2,1,2,1,2,2,2,2,2,2,2,1,2,2,0,0,0
2008,13,95,1,130634,1,4,2,2,1,1,3,1,4,2,2,2,2,2,2,2,2,2,2,2,3,2,2,2,2,2,2,2,2,2,2,0,0,0
2008,13,121,1,130635,1,4,2,1,1,2,1,2,4,2,2,2,3,1,2,2,2,2,2,2,3,2,2,2,2,2,1,1,2,2,2,0,0,0
2008,13,51,1,130636,1,4,2,2,4,2,3,2,1,1,2,2,2,2,1,1,2,2,2,2,3,1,1,1,1,2,1,1,1,2,2,0,0,0
2008,13,121,1,130637,1,4,2,1,1,2,1,2,2,1,2,2,3,1,2,1,2,2,2,2,3,2,2,1,1,2,2,1,2,2,2,0,0,0
2008,13,121,1,130638,1,4,2,1,1,2,1,2,2,1,1,2,3,1,2,2,2,2,2,2,3,2,2,2,2,2,2,2,2,2,2,0,0,0
2008,13,279,1,130639,1,4,1,2,4,2,5,2,1,1,1,2,1,2,2,2,2,2,2,2,2,2,2,2,2,1,2,2,1,2,2,0,0,0
2008,13,121,1,130640,1,4,2,1,1,2,1,2,5,1,1,2,2,1,2,2,2,2,1,2,3,2,2,2,2,2,1,1,2,2,2,0,0,0
2008,13,69,1,130641,1,4,1,2,1,1,5,1,4,1,1,2,2,2,2,2,2,2,2,2,3,2,2,2,2,1,1,1,2,2,2,0,0,0
2008,13,67,1,130642,1,4,2,2,1,2,3,2,2,1,1,2,3,2,1,2,2,2,2,2,3,2,2,2,2,2,2,2,2,2,2,0,0,0
2008,13,11,1,130643,1,4,1,2,4,2,6,2,1,2,2,2,1,2,2,2,2,2,1,2,3,2,2,2,2,2,2,2,1,2,2,0,0,0
2008,13,121,1,130644,1,4,2,1,2,2,1,2,2,2,2,2,1,2,2,2,2,2,1,2,3,2,2,2,2,2,2,2,1,2,2,0,0,0
2008,13,89,1,130645,1,4,2,2,1,2,4,2,1,2,2,1,1,2,2,2,1,2,2,2,3,2,2,2,2,2,2,2,2,2,2,0,0,0
2008,13,121,1,130646,1,4,2,2,4,2,4,2,1,2,2,2,1,2,2,2,2,2,2,2,3,2,2,2,2,2,2,2,1,2,2,0,0,0
2008,13,285,1,130647,1,4,2,2,4,2,6,2,1,2,1,2,1,2,1,2,2,2,2,2,2,2,2,2,2,2,1,1,1,2,2,0,0,0
2008,13,67,1,130648,1,4,2,2,4,2,6,2,1,2,2,2,1,2,2,1,2,2,2,2,1,2,2,2,2,2,2,2,1,2,2,0,0,0
2008,13,133,1,130649,1,4,1,1,4,2,1,2,1,2,2,2,1,1,2,2,2,2,1,2,3,2,2,2,2,1,2,2,1,2,1,0,0,0
2008,13,51,1,130650,1,4,2,2,4,2,6,2,1,1,1,2,1,2,2,2,2,2,2,2,3,2,2,2,2,1,2,2,1,2,2,0,0,0
2008,13,21,1,130651,1,4,2,1,1,2,1,3,1,2,1,2,1,2,2,1,2,2,1,2,3,2,2,2,2,2,1,1,2,2,2,0,0,0
2008,13,95,1,130652,1,4,2,2,1,2,4,3,3,2,1,2,3,2,1,2,2,2,2,2,3,2,2,2,2,2,2,2,2,2,2,0,0,0
2008,13,225,1,130653,1,4,2,1,1,2,1,2,1,1,1,2,1,2,1,2,2,2,2,2,3,2,2,2,2,2,2,2,2,2,2,0,0,0
2008,13,121,1,130654,1,4,2,1,4,2,1,2,1,2,1,2,1,2,2,1,2,2,1,2,1,2,2,2,2,2,2,2,1,2,2,0,0,0
2008,13,9,1,130655,1,4,2,2,1,2,3,2,4,2,2,2,2,2,2,1,2,2,2,2,3,1,1,1,1,2,2,1,1,2,2,0,0,0
2008,13,275,1,130656,1,4,2,2,4,2,3,2,1,1,1,2,1,2,2,2,2,2,2,2,3,2,2,2,2,1,2,2,1,1,2,0,0,0
2008,13,273,1,130657,1,4,2,2,4,2,3,2,1,2,1,2,1,2,2,2,2,2,2,2,3,2,2,2,2,2,2,2,1,2,2,0,0,0
2008,13,121,2,130658,1,4,2,2,1,2,4,3,3,1,1,2,3,2,2,2,2,2,2,2,3,1,1,1,1,2,2,1,2,2,2,0,0,0
2008,13,151,1,130659,1,4,2,2,1,2,6,3,3,2,1,2,2,2,1,1,2,2,2,2,3,2,2,2,2,2,2,2,2,2,2,0,0,0
2008,13,95,1,130660,1,4,2,2,1,1,3,1,1,1,1,2,1,2,2,2,2,1,2,2,3,2,2,2,2,2,2,2,2,2,2,0,0,0
2008,13,89,1,130661,1,4,2,2,1,2,4,2,4,1,2,2,2,2,2,2,2,2,2,2,3,2,2,2,2,2,2,2,1,2,2,0,0,0
2008,13,153,1,130662,1,4,2,2,4,2,4,2,1,2,2,2,1,2,2,1,2,2,1,2,1,2,2,2,2,2,2,2,1,2,2,0,0,0
2008,13,219,1,130663,1,4,1,2,4,2,3,2,1,1,2,2,1,2,2,2,2,2,2,2,2,1,1,1,1,2,2,1,1,2,2,0,0,0
2008,13,297,1,130664,1,4,2,2,1,2,4,3,4,1,2,2,3,2,2,2,2,2,2,2,3,1,1,1,1,2,2,1,2,2,2,0,0,0
2008,13,21,1,130665,1,4,2,2,4,2,3,2,1,1,1,2,1,2,2,2,2,2,2,2,1,2,2,2,2,2,2,2,1,2,2,0,0,0
2008,13,127,1,130666,1,4,3,3,4,2,7,2,1,1,1,2,1,2,2,2,2,2,2,2,2,2,2,2,2,1,2,2,1,2,2,0,0,0
2008,13,313,1,130667,1,4,2,2,4,2,4,2,1,2,2,2,1,2,2,2,2,2,2,2,3,2,2,2,2,1,2,2,1,2,2,0,0,0
2008,13,21,1,130668,1,4,1,2,4,2,6,2,1,1,2,2,1,2,2,2,2,2,2,2,3,2,2,2,2,2,2,2,1,2,2,0,0,0
2008,13,89,2,130669,1,4,2,2,1,2,4,2,3,1,1,2,2,2,2,2,2,2,2,2,2,2,2,2,2,1,2,2,1,2,2,0,0,0
2008,13,183,1,130670,1,4,1,2,4,2,5,2,1,2,1,2,1,2,2,2,2,2,1,2,1,2,2,2,2,2,1,1,1,2,2,0,0,0
2008,13,21,1,130671,1,4,2,2,1,1,4,1,3,2,1,2,2,2,1,1,2,2,2,2,3,2,2,2,2,2,1,1,2,2,2,0,0,0
2008,13,71,1,130672,1,4,2,2,2,2,3,2,1,2,1,2,1,2,2,1,2,2,2,2,1,2,2,1,1,2,2,1,1,2,2,0,0,0
2008,13,145,1,130673,1,4,1,2,1,2,4,3,4,2,1,2,2,1,2,2,2,2,2,2,1,2,2,2,2,2,2,2,2,2,2,0,0,0
2008,13,63,1,130674,1,4,2,2,1,1,3,1,4,2,1,2,2,2,1,1,2,2,2,2,3,2,2,2,2,2,1,1,2,2,2,0,0,0
2008,13,89,1,130675,1,4,2,2,1,2,4,2,4,1,1,2,3,2,2,2,2,2,1,2,1,2,2,2,2,2,2,2,2,2,2,0,0,0
2008,13,115,1,130676,1,4,2,2,1,2,3,2,1,2,1,2,1,2,2,2,1,2,2,2,3,1,1,1,1,2,2,1,2,2,2,0,0,0
2008,13,213,1,130677,1,4,1,2,1,1,3,1,4,1,1,2,2,2,2,2,2,2,2,2,3,2,2,2,2,2,2,2,2,2,2,0,0,0
2008,13,23,1,130678,1,4,1,2,1,2,5,2,3,1,1,2,2,2,2,2,2,2,1,2,3,2,2,2,2,2,2,2,1,2,2,0,0,0
2008,13,63,1,130679,1,4,2,2,2,2,6,2,1,2,2,2,1,2,1,2,2,2,2,2,2,1,1,1,1,2,2,1,1,2,2,0,0,0
2008,13,185,1,130680,1,4,2,2,4,2,6,2,1,2,2,2,1,2,1,2,2,2,2,2,1,1,1,1,1,2,2,1,1,2,2,0,0,0
2008,13,97,3,130681,1,4,2,1,1,2,1,2,3,2,2,2,2,2,2,2,2,2,2,2,1,2,2,2,2,2,1,1,2,2,2,0,0,0
2008,13,227,1,130682,1,4,1,2,4,2,6,2,1,2,2,2,1,2,2,1,2,2,1,2,1,2,2,2,2,2,2,2,1,2,2,0,0,0
2008,13,321,1,130683,1,4,1,2,4,2,4,2,1,1,2,2,1,2,2,2,2,2,1,2,2,1,1,1,1,2,2,1,1,2,2,0,0,0
2008,13,57,1,130684,1,4,2,2,4,2,4,2,1,1,2,2,1,2,2,2,2,2,2,2,2,2,2,2,2,2,2,2,1,2,2,0,0,0
2008,13,293,1,130685,1,4,1,2,1,2,5,2,1,1,2,2,1,2,1,2,2,2,2,2,3,2,2,2,2,2,2,2,2,2,2,0,0,0
2008,13,313,1,130686,1,4,2,2,4,1,4,1,1,1,2,2,1,2,1,1,2,2,2,2,1,2,2,2,2,2,2,2,2,2,2,0,0,0
2008,13,135,1,130687,1,4,2,2,4,2,6,2,1,2,1,2,1,2,1,2,2,2,2,2,1,2,2,2,2,2,2,2,1,2,2,0,0,0
2008,13,275,1,130688,1,4,1,2,4,2,6,2,1,1,1,2,1,2,2,1,2,2,1,2,1,2,2,2,2,2,2,2,1,2,2,0,0,0
2008,13,135,1,130689,1,4,2,2,1,1,3,1,4,1,1,2,2,1,2,2,2,2,2,2,3,2,2,2,2,1,1,1,2,2,2,0,0,0
2008,13,255,1,130690,1,4,1,2,4,1,5,1,1,2,2,2,1,2,2,2,2,2,1,2,3,2,2,2,2,2,2,2,2,2,2,0,0,0
2008,13,139,1,130691,1,4,1,2,1,1,3,1,2,2,1,2,3,1,2,2,2,2,2,2,2,2,2,2,2,2,2,2,2,2,2,0,0,0
2008,13,73,1,130692,1,4,2,2,1,2,6,2,1,2,1,2,1,2,2,1,1,2,2,2,3,2,2,2,2,2,1,1,2,2,2,0,0,0
2008,13,135,1,130693,1,4,2,2,1,2,6,2,3,2,1,2,3,2,2,1,2,2,2,2,3,2,2,2,2,2,1,1,1,2,2,0,0,0
2008,13,59,1,130694,1,4,2,2,4,2,3,2,1,2,2,2,1,2,2,2,2,2,2,2,1,2,2,2,2,2,1,1,1,2,2,0,0,0
2008,13,135,1,130695,1,4,2,1,1,2,1,2,2,2,2,2,2,2,2,2,2,2,2,2,1,2,2,2,2,2,1,1,2,2,2,0,0,0
2008,13,135,1,130696,1,4,2,2,1,1,4,1,1,1,2,2,1,2,2,2,1,2,2,2,3,2,2,2,2,2,2,2,2,2,2,0,0,0
2008,13,195,2,130697,1,4,1,2,4,2,5,2,1,1,1,2,1,2,2,2,2,2,1,2,3,1,1,1,1,2,2,1,1,2,2,0,0,0
2008,13,67,1,130698,1,4,2,1,4,2,1,2,1,1,2,2,1,2,2,2,2,2,1,2,3,2,2,2,2,2,2,2,1,2,2,0,0,0
2008,13,121,3,130699,1,4,2,1,1,2,1,2,7,2,2,2,2,2,2,2,1,2,2,2,3,2,2,2,2,2,1,1,2,2,2,0,0,0
2008,13,153,1,130700,1,4,1,2,1,2,4,2,3,2,2,2,2,2,2,2,2,2,2,2,1,1,1,1,1,2,2,1,1,1,2,0,0,0
2008,13,121,1,130701,1,4,3,3,4,2,7,2,1,1,1,2,1,2,2,1,2,2,2,2,3,2,2,2,2,2,2,2,1,2,2,0,0,0
2008,13,63,1,130702,1,4,3,3,1,1,7,1,4,1,1,2,2,2,2,2,2,2,2,2,3,2,2,2,2,1,2,2,2,2,2,0,0,0
2008,13,123,1,130703,1,4,1,2,1,2,5,2,1,1,1,2,1,1,2,2,2,2,1,2,2,2,2,2,2,2,2,2,2,2,2,0,0,0
2008,13,45,2,130704,1,4,2,2,1,2,4,2,3,1,1,2,2,2,2,2,2,2,1,2,3,2,2,2,2,1,2,2,1,2,2,0,0,0
2008,13,91,2,130705,1,4,1,2,1,1,3,1,4,1,1,2,2,1,2,2,2,2,1,2,2,2,2,2,2,2,2,2,2,2,2,0,0,0
2008,13,121,1,130706,1,4,2,1,1,2,1,3,4,1,1,2,2,1,2,2,2,2,2,2,3,1,1,1,1,2,2,1,2,2,1,0,0,0
2008,13,121,1,130707,1,4,2,2,4,2,5,2,1,2,1,2,1,2,2,2,2,2,2,2,3,2,2,2,2,2,2,2,1,2,2,0,0,0
2008,13,21,1,130708,1,4,1,2,1,2,5,2,3,1,1,2,2,1,2,2,2,2,2,2,3,2,2,2,2,1,2,2,2,2,2,0,0,0
2008,13,33,1,130709,1,4,1,2,4,2,5,2,1,1,1,2,1,2,2,2,2,2,2,2,2,2,2,2,2,1,2,2,1,2,1,0,0,0
2008,13,55,1,130710,1,4,1,2,4,2,4,2,1,1,2,2,1,2,2,1,2,2,1,2,3,2,2,2,2,2,2,2,1,2,2,0,0,0
2008,13,57,1,130711,1,4,2,2,1,2,4,2,4,2,2,2,2,2,1,1,2,2,2,2,2,2,2,2,2,2,1,1,2,2,2,0,0,0
2008,13,89,1,130712,1,4,2,2,4,2,4,2,1,2,2,2,1,2,2,1,2,2,2,2,3,2,2,2,2,2,2,2,1,2,2,0,0,0
2008,13,127,1,130713,1,4,2,1,1,2,1,2,2,1,1,2,2,1,2,2,2,2,2,2,3,2,2,2,2,1,2,2,2,2,2,0,0,0
2008,13,231,1,130714,1,4,2,3,1,2,7,3,4,1,1,2,2,2,2,2,2,2,2,2,3,2,2,2,2,1,2,2,2,2,2,0,0,0
2008,13,245,1,130715,1,4,2,2,2,2,2,2,1,1,1,2,1,1,2,2,1,2,2,2,3,2,2,2,2,2,2,2,2,2,2,0,0,0
2008,13,111,1,130716,1,4,1,2,1,2,3,2,4,1,1,2,2,2,2,2,2,2,1,2,2,1,1,1,1,2,2,1,2,2,2,0,0,0
2008,13,295,1,130717,1,4,2,2,4,1,5,1,1,1,1,2,1,2,1,2,2,2,2,2,2,2,2,2,2,2,1,1,2,2,2,0,0,0
2008,13,31,2,130718,1,4,1,2,1,1,5,1,4,2,1,2,2,2,2,2,2,2,1,2,3,2,2,2,2,2,2,2,2,2,2,0,0,0
2008,13,67,1,130719,1,4,2,2,1,2,3,2,5,2,1,2,2,2,2,2,2,2,2,2,3,1,1,1,1,2,2,1,1,2,2,0,0,0
2008,13,171,1,130720,1,4,1,2,4,2,5,2,1,1,1,2,1,2,2,2,2,2,1,2,3,2,2,2,2,2,2,2,1,2,2,0,0,0
2008,13,205,2,130721,1,4,1,2,1,1,3,1,4,1,1,2,2,2,2,2,2,2,2,2,2,2,2,2,2,2,2,2,2,2,2,0,0,0
2008,13,89,1,130722,1,4,2,2,1,2,6,2,4,2,2,2,2,2,2,2,2,2,2,2,1,2,2,2,2,1,2,2,2,2,2,0,0,0
2008,13,45,1,130723,1,4,1,2,4,2,6,2,1,2,2,2,1,2,2,2,2,2,1,2,3,2,2,2,2,1,2,2,1,2,2,0,0,0
2008,13,79,1,130724,1,4,1,2,1,2,5,2,5,1,2,2,2,2,1,1,2,2,2,2,2,2,2,2,2,2,2,2,1,2,2,0,0,0
2008,13,193,1,130725,1,4,1,2,4,2,4,2,1,1,2,2,1,2,2,2,2,2,2,2,2,2,2,2,2,2,2,2,1,2,2,0,0,0
2008,13,221,1,130726,1,4,1,2,4,1,5,1,1,1,2,2,1,2,2,2,2,2,1,2,2,2,2,2,2,2,1,1,2,2,2,0,0,0
2008,13,51,1,130727,1,4,2,1,1,2,1,2,1,2,2,2,1,2,2,2,1,2,2,2,3,2,2,2,2,2,2,2,2,2,2,0,0,0
2008,13,217,1,130728,1,4,2,2,4,2,6,2,1,2,1,2,1,2,2,2,2,2,1,2,1,2,2,2,2,1,2,2,1,2,2,0,0,0
2008,13,195,1,130729,1,4,1,2,4,2,4,2,1,1,1,2,1,2,2,2,2,2,1,2,3,2,2,2,2,2,2,2,1,2,2,0,0,0
2008,13,163,1,130730,1,4,1,2,1,2,5,2,3,1,1,2,2,2,2,2,2,2,2,2,3,1,1,1,1,1,2,1,1,2,2,0,0,0
2008,13,77,1,130731,1,4,1,2,1,2,4,2,3,2,2,2,2,1,2,2,2,2,2,2,3,2,2,2,2,2,1,1,1,2,2,0,0,0
2008,13,77,1,130732,1,4,1,2,4,2,6,2,1,2,2,2,1,2,2,1,2,2,1,2,1,2,2,2,2,2,2,2,1,2,2,0,0,0
2008,13,289,1,130733,1,4,1,2,4,2,4,2,1,1,1,2,1,2,2,2,2,2,2,2,3,2,2,2,2,1,2,2,1,2,2,0,0,0
2008,13,1,1,130734,1,4,1,2,4,2,5,2,1,1,2,2,1,2,2,2,2,2,1,2,2,1,1,1,1,2,2,1,1,2,2,0,0,0
2008,13,171,1,130735,1,4,1,2,4,2,4,2,1,1,2,2,1,2,1,2,2,2,2,2,3,2,2,2,2,2,2,2,1,2,2,0,0,0
2008,13,31,1,130736,1,4,1,2,2,2,5,2,1,2,2,2,1,2,1,2,2,2,2,2,1,2,2,2,2,2,2,2,2,2,2,0,0,0
2008,13,67,1,130737,1,4,2,1,4,2,1,3,1,2,2,2,1,1,2,1,2,2,1,2,2,2,2,2,2,2,2,2,1,2,2,0,0,0
2008,13,89,1,130738,1,4,2,2,1,1,4,1,4,1,2,2,2,2,2,2,2,2,2,2,3,2,2,2,2,1,1,1,2,2,2,0,0,0
2008,13,157,1,130739,1,4,1,2,4,2,5,2,1,1,2,2,1,2,2,2,2,2,2,2,3,2,2,2,2,2,1,1,1,2,2,0,0,0
2008,13,297,1,130740,1,4,1,2,1,1,6,1,1,2,2,2,1,2,1,1,2,2,2,2,1,2,2,2,2,2,2,2,2,2,2,0,0,0
2008,13,297,1,130741,1,4,1,2,4,2,5,2,1,2,2,2,1,2,1,2,2,2,2,2,3,2,2,2,2,2,2,2,1,2,2,0,0,0
2008,13,313,1,130742,1,4,2,2,1,1,3,1,4,2,2,2,2,2,1,2,2,2,2,2,2,1,1,1,1,2,2,1,2,2,2,0,0,0
2008,13,1,1,130743,1,4,1,2,4,2,3,2,1,2,2,2,1,2,2,2,2,2,1,2,1,2,2,2,2,2,1,1,1,2,2,0,0,0
2008,13,275,1,130744,1,4,1,2,1,2,5,2,1,1,1,2,1,2,2,2,2,2,1,2,2,2,2,2,2,2,2,2,1,2,2,0,0,0
2008,13,245,1,130745,1,4,2,1,1,2,1,3,1,1,1,2,1,2,2,2,2,2,1,2,3,2,2,2,2,2,2,2,2,2,2,0,0,0
2008,13,247,1,130746,1,4,2,2,1,1,3,1,1,2,1,2,1,2,2,2,1,2,2,2,3,2,2,2,2,2,2,2,2,2,2,0,0,0
2008,13,255,1,130747,1,4,2,2,1,1,6,1,4,2,1,2,2,1,2,2,2,2,2,2,3,2,2,2,2,1,2,2,2,2,2,0,0,0
2008,13,313,1,130748,1,4,2,2,1,1,3,1,4,1,1,2,2,1,2,2,2,2,2,2,3,2,2,2,2,1,1,1,2,2,2,0,0,0
2008,13,95,1,130749,1,4,2,2,4,2,3,2,1,1,1,2,1,2,1,2,2,2,2,2,3,2,2,2,2,1,2,2,1,2,2,0,0,0
2008,13,245,1,130750,1,4,2,2,1,1,4,1,6,1,1,2,2,1,2,2,2,2,2,2,3,2,2,2,2,2,2,2,2,2,2,0,0,0
2008,13,253,1,130751,1,4,1,2,1,2,3,2,2,1,1,2,2,1,2,2,2,2,2,2,2,2,2,2,2,2,2,2,2,1,2,0,0,0
2008,13,11,1,130752,1,4,1,2,4,1,5,1,1,2,2,2,1,2,2,2,2,2,1,2,1,1,1,1,1,2,2,1,2,2,2,0,0,0
2008,13,119,1,130753,1,4,1,1,4,2,1,2,1,1,2,2,1,2,2,2,2,2,1,2,2,2,2,2,2,2,1,1,1,2,2,0,0,0
2008,13,31,1,130754,1,4,2,2,1,1,3,1,4,1,2,2,2,2,2,2,2,2,2,2,3,2,2,2,2,1,2,2,2,2,2,0,0,0
2008,13,73,1,130755,1,4,1,2,4,2,6,2,1,1,2,2,1,2,2,1,2,2,1,2,1,2,2,2,2,2,2,2,1,2,2,0,0,0
2008,13,97,2,130756,1,4,2,2,4,1,4,1,1,2,2,2,1,2,2,1,2,2,1,2,1,2,2,2,2,2,1,1,2,2,2,0,0,0
2008,13,281,1,130757,1,4,1,2,1,2,4,2,1,1,2,2,1,2,1,2,2,2,2,2,3,2,2,2,2,2,2,2,2,2,2,0,0,0
2008,13,135,1,130758,1,4,2,2,1,2,4,2,1,2,1,1,1,2,2,2,1,2,2,2,3,2,2,2,2,2,2,2,2,2,2,0,0,0
2008,13,131,1,130759,1,4,2,2,1,1,3,1,2,1,1,2,2,2,2,2,2,2,2,2,3,2,2,2,2,1,2,2,2,1,2,0,0,0
2008,13,177,1,130760,1,4,1,2,4,2,5,2,1,1,2,2,1,2,2,2,2,2,1,2,3,2,2,2,2,1,2,2,1,2,2,0,0,0
2008,13,175,1,130761,1,4,1,2,1,2,6,2,1,2,2,2,1,2,2,2,2,2,2,2,1,2,2,2,2,2,2,2,1,2,2,0,0,0
2008,13,121,1,130762,1,4,2,2,1,1,4,1,4,1,1,2,2,2,2,2,2,2,2,2,3,2,2,2,2,1,2,2,2,2,2,0,0,0
2008,13,51,1,130763,1,4,2,2,4,1,3,1,1,2,2,2,1,2,2,1,2,2,1,2,1,2,2,2,2,2,1,1,2,2,2,0,0,0
2008,13,199,1,130764,1,4,1,2,4,1,4,1,1,2,2,2,1,2,2,1,2,2,2,1,1,2,2,2,2,2,1,1,2,2,2,0,0,0
2008,13,151,1,130765,1,4,1,2,1,2,4,2,1,1,1,2,1,2,1,2,2,2,2,2,3,2,2,2,2,2,2,2,2,2,2,0,0,0
2008,13,245,1,130766,1,4,3,3,4,2,7,2,1,1,1,2,1,2,2,2,2,2,2,2,3,2,2,2,2,1,2,2,1,2,2,0,0,0
2008,13,121,2,130767,1,4,2,1,1,2,1,2,2,1,2,1,2,2,2,1,1,2,2,2,3,2,2,2,2,2,1,1,2,2,2,0,0,0
2008,13,7,1,130768,1,4,1,2,1,2,6,2,2,2,2,2,2,2,2,1,2,2,1,1,1,2,2,2,2,2,2,2,2,2,2,0,0,0
2008,13,73,1,130769,1,4,1,2,1,2,6,2,1,2,2,2,1,2,2,2,2,2,1,2,2,2,2,2,2,2,2,2,2,2,2,0,0,0
2008,13,121,1,130770,1,4,2,1,2,2,1,2,1,2,2,2,1,2,2,2,2,2,2,2,3,2,2,2,2,2,2,2,1,2,1,0,0,0
2008,13,89,1,130771,1,4,3,3,1,2,7,2,5,2,1,2,2,2,2,2,2,2,1,2,3,2,2,2,2,2,2,2,2,2,2,0,0,0
2008,13,245,1,130772,1,4,2,2,4,2,4,2,1,2,1,2,1,2,2,2,2,2,2,2,1,2,2,2,2,2,2,2,1,2,2,0,0,0
2008,13,9,1,130773,1,4,2,2,1,1,3,1,3,1,1,2,2,1,2,2,2,2,2,2,3,1,1,1,1,2,2,1,2,2,2,0,0,0
2008,13,107,1,130774,1,4,1,2,1,1,3,1,4,1,1,2,2,1,2,2,2,2,2,2,3,2,2,2,2,1,2,2,2,2,2,0,0,0
2008,13,287,1,130775,1,4,1,1,3,2,1,2,1,1,1,2,1,2,2,2,2,2,1,2,2,2,2,2,2,2,2,2,1,2,2,0,0,0
2008,13,315,1,130776,1,4,1,2,1,2,5,2,1,1,2,2,1,1,2,1,2,2,1,2,3,2,2,2,2,2,2,2,1,2,2,0,0,0
2008,13,89,1,130777,1,4,2,2,4,2,4,2,1,2,2,2,1,2,2,1,2,2,2,2,1,2,2,2,2,2,2,2,1,2,2,0,0,0
2008,13,65,1,130778,1,4,1,2,2,2,3,2,1,1,1,2,1,2,2,2,2,2,1,2,2,2,2,2,2,1,2,2,1,2,2,0,0,0
2008,13,67,1,130779,1,4,2,2,1,1,3,1,4,2,1,2,2,2,2,2,2,2,2,2,3,2,2,2,2,2,1,1,2,2,2,0,0,0
2008,13,121,1,130780,1,4,2,1,1,2,1,3,1,2,1,1,1,2,2,1,2,2,1,2,1,2,2,2,2,2,2,2,2,2,2,0,0,0
2008,13,299,1,130781,1,4,1,2,1,2,3,2,3,1,1,2,2,1,2,2,2,2,2,2,3,2,2,1,1,2,2,1,2,2,2,0,0,0
2008,13,301,1,130782,1,4,1,1,4,2,1,2,1,1,1,2,1,1,2,2,2,2,2,2,2,2,2,2,2,2,2,2,2,2,2,0,0,0
2008,13,185,1,130783,1,4,1,1,4,2,1,2,1,1,1,2,2,1,2,1,2,2,2,2,2,2,2,2,2,2,1,1,1,2,2,0,0,0
2008,13,67,1,130784,1,4,2,2,1,2,4,2,2,1,1,2,3,2,2,2,2,2,2,2,3,2,2,2,2,2,2,2,2,2,2,0,0,0
2008,13,21,1,130785,1,4,2,2,1,2,3,2,1,2,1,2,1,2,2,2,1,2,2,2,3,2,2,2,2,2,1,1,2,2,2,0,0,0
2008,13,135,1,130786,1,4,2,2,1,1,4,1,4,1,1,2,2,2,1,2,2,2,2,2,3,2,2,2,2,2,2,2,2,2,2,0,0,0
2008,13,127,1,130787,1,4,1,2,1,1,4,1,4,1,1,2,3,2,2,2,2,2,2,2,3,1,1,1,1,2,2,1,2,2,2,0,0,0
2008,13,215,1,130788,1,4,2,2,1,1,3,1,4,2,1,2,2,2,2,2,2,2,2,2,3,2,2,2,2,2,2,2,2,2,2,0,0,0
2008,13,207,1,130789,1,4,1,1,1,2,1,2,5,1,2,2,2,2,2,2,2,2,2,2,3,2,2,2,2,2,2,2,2,2,2,0,0,0
2008,13,51,1,130790,1,4,2,2,4,2,3,2,1,2,1,2,1,2,2,1,2,2,2,2,2,2,2,2,2,2,2,2,1,2,2,0,0,0
2008,13,133,1,130791,1,4,1,2,1,2,5,2,3,1,1,2,2,2,2,2,2,2,2,2,3,1,1,1,1,2,2,1,1,2,1,0,0,0
2008,13,183,1,130792,1,4,3,3,4,2,7,2,1,1,1,2,1,2,2,2,2,2,1,2,3,1,1,1,1,2,2,1,1,2,2,0,0,0
2008,13,217,1,130793,1,4,2,2,2,2,6,2,1,2,2,2,1,2,2,2,2,2,1,2,1,2,2,2,2,2,2,2,1,2,2,0,0,0
2008,13,21,1,130794,1,4,2,2,1,2,3,3,4,1,1,2,2,2,2,2,2,2,2,2,3,2,2,2,2,1,2,2,2,2,2,0,0,0
2008,13,121,1,130795,1,4,2,2,1,2,6,3,4,1,1,2,2,1,1,2,2,2,2,2,3,2,2,2,2,2,2,2,2,2,2,0,0,0
2008,13,207,1,130796,1,4,1,1,2,2,1,2,1,2,2,2,1,1,2,2,1,2,2,2,3,2,2,2,2,2,2,2,2,2,2,0,0,0
2008,13,121,1,130797,1,4,2,2,1,1,4,1,2,1,1,2,2,2,2,1,2,2,2,1,3,2,2,1,1,2,2,1,2,2,2,0,0,0
2008,13,51,1,130798,1,4,2,2,4,1,4,1,1,1,1,2,1,2,2,2,2,2,2,2,3,2,2,2,2,1,2,2,2,2,2,0,0,0
2008,13,161,1,130799,1,4,3,3,4,2,7,2,1,1,1,2,1,2,2,1,2,2,1,2,1,2,2,2,2,1,2,2,1,2,2,0,0,0
2008,13,121,1,130800,1,4,2,1,1,2,1,2,2,2,2,2,2,2,2,2,2,2,2,2,3,2,2,2,2,2,1,1,2,2,2,0,0,0
2008,13,67,1,130801,1,4,2,2,1,1,5,1,4,1,2,2,2,2,2,2,2,2,2,2,3,1,2,1,2,1,2,2,2,2,2,0,0,0
2008,13,245,1,130802,1,4,2,2,4,1,4,1,1,1,2,2,1,2,2,2,2,2,2,2,3,2,2,2,2,1,2,2,2,2,2,0,0,0
2008,13,277,1,130803,1,4,2,1,1,2,1,2,3,2,2,2,3,2,2,2,1,2,2,2,3,2,2,2,2,2,2,2,2,2,2,0,0,0
2008,13,213,1,130804,1,4,1,2,4,2,6,2,1,1,1,2,1,2,2,1,2,2,2,2,2,2,2,2,2,2,2,2,1,2,2,0,0,0
2008,13,287,1,130805,1,4,1,2,1,2,4,2,2,1,1,2,2,1,2,2,2,2,2,2,3,2,2,2,2,1,2,2,2,2,2,0,0,0
2008,13,33,1,130806,1,4,1,2,4,2,6,2,1,1,1,2,1,2,1,1,2,2,2,2,3,2,2,2,2,2,2,2,1,2,2,0,0,0
2008,13,67,1,130807,1,4,2,2,1,1,6,1,4,2,1,2,2,2,1,2,2,2,2,2,3,1,2,1,2,2,1,1,2,2,2,0,0,0
2008,13,189,1,130808,1,4,1,1,1,2,1,2,2,1,1,2,2,1,2,2,2,2,2,2,3,2,2,2,2,2,2,2,2,2,1,0,0,0
2008,13,31,1,130809,1,4,2,2,4,2,3,2,1,1,1,2,1,2,2,2,2,2,1,2,1,2,2,2,2,2,2,2,1,2,2,0,0,0
2008,13,121,1,130810,1,4,2,1,1,2,1,2,1,2,2,2,1,2,1,2,2,2,2,2,3,2,2,2,2,2,2,2,2,2,2,0,0,0
2008,13,145,1,130811,1,4,1,2,1,2,5,2,3,1,1,2,2,1,2,2,2,2,2,2,3,1,1,1,1,2,2,1,1,2,2,0,0,0
2008,13,213,1,130812,1,4,1,2,4,2,6,2,1,3,3,2,1,2,2,2,2,2,2,2,1,2,2,2,2,2,2,2,1,2,2,0,0,0
2008,13,217,1,130813,1,4,1,1,1,2,1,2,4,1,1,2,2,2,2,2,2,2,2,2,3,2,2,2,2,2,1,1,1,2,2,0,0,0
2008,13,47,2,130814,1,4,1,2,1,2,5,2,3,1,2,2,2,2,2,2,2,2,2,2,3,2,2,1,1,2,2,1,1,2,2,0,0,0
2008,13,89,1,130815,1,4,2,2,1,2,4,2,3,2,2,2,2,2,1,1,2,2,2,2,3,2,2,2,2,2,2,2,1,2,2,0,0,0
2008,13,109,1,130816,1,4,1,2,4,2,4,2,1,2,2,2,1,2,1,1,2,2,2,2,1,2,2,2,2,2,2,2,1,2,2,0,0,0
2008,13,121,1,130817,1,4,2,2,1,2,4,2,3,2,2,2,2,2,2,2,2,2,2,2,3,2,2,2,2,2,2,2,1,2,2,0,0,0
2008,13,227,1,130818,1,4,3,3,4,2,7,2,1,2,2,2,1,2,2,2,2,2,2,2,3,2,2,2,2,2,2,2,1,2,2,0,0,0
2008,13,277,1,130819,1,4,1,2,4,2,5,2,1,2,2,2,1,2,2,1,2,2,1,2,1,2,2,2,2,2,2,2,1,2,2,0,0,0
2008,13,313,1,130820,1,4,2,2,4,2,6,2,1,2,2,2,1,2,2,1,2,2,1,2,2,2,2,2,2,2,2,2,1,2,2,0,0,0
2008,13,67,1,130821,1,4,2,2,4,2,6,2,1,2,2,2,1,2,2,1,2,2,1,2,1,2,2,2,2,2,2,2,1,2,2,0,0,0
2008,13,67,1,130822,1,4,2,2,1,1,6,1,4,2,2,2,2,2,2,1,2,2,2,2,1,1,1,1,1,2,2,1,2,2,2,0,0,0
2008,13,67,1,130823,1,4,2,1,1,1,1,1,3,2,2,2,2,2,2,2,2,2,2,2,3,2,2,2,2,2,2,2,2,2,2,0,0,0
2008,13,89,1,130824,1,4,2,1,1,2,1,2,1,1,2,2,1,2,2,2,2,2,1,2,1,2,2,2,2,2,2,2,2,2,2,0,0,0
2008,13,89,1,130825,1,4,2,2,4,2,6,2,1,2,2,2,1,2,2,2,2,2,2,2,1,2,2,2,2,2,2,2,1,2,2,0,0,0
2008,13,223,1,130826,1,4,2,2,4,2,4,2,1,1,2,2,1,2,2,1,2,2,1,2,2,2,2,2,2,2,2,2,1,2,2,0,0,0
2008,13,245,1,130827,1,4,2,2,1,2,5,2,3,2,2,2,2,2,2,2,2,2,2,2,1,2,2,2,2,2,2,2,1,2,2,0,0,0
2008,13,11,1,130828,1,4,1,2,1,1,5,1,2,2,2,2,2,2,1,2,2,2,2,2,3,2,2,2,2,2,2,2,2,2,2,0,0,0
2008,13,45,1,130829,1,4,1,2,4,2,5,2,1,2,2,2,1,2,2,2,2,2,1,2,3,2,2,2,2,2,2,2,1,2,2,0,0,0
2008,13,15,1,130830,1,4,2,1,1,2,1,2,5,2,1,2,2,2,2,1,2,2,2,2,3,2,2,2,2,2,2,2,2,2,2,0,0,0
2008,13,121,1,130831,1,4,2,2,4,2,4,2,1,2,1,2,1,2,2,2,2,2,2,2,3,2,2,2,2,2,2,2,1,2,2,0,0,0
2008,13,153,1,130832,1,4,2,2,4,2,6,2,1,1,1,2,1,2,2,2,2,2,2,2,3,1,1,1,1,2,2,1,1,2,2,0,0,0
2008,13,253,1,130833,1,4,1,2,4,2,3,2,1,2,1,2,1,2,2,2,2,2,2,2,1,2,2,2,2,2,2,2,1,2,2,0,0,0
2008,13,63,1,130834,1,4,2,2,1,1,4,1,2,2,1,2,3,2,1,1,2,2,2,1,3,2,2,2,2,2,1,1,2,2,2,0,0,0
2008,13,121,1,130835,1,4,2,2,1,1,4,1,4,1,1,2,2,2,2,2,2,2,2,2,3,2,2,2,2,2,2,2,2,2,2,0,0,0
2008,13,175,1,130836,1,4,1,2,4,2,6,2,1,2,1,2,1,2,1,1,2,2,2,2,2,2,2,1,1,2,2,1,1,2,2,0,0,0
2008,13,199,1,130837,1,4,1,2,4,2,5,2,1,2,1,2,1,2,2,1,2,2,1,2,3,2,2,2,2,2,2,2,1,2,2,0,0,0
2008,13,201,1,130838,1,4,1,2,1,2,3,2,2,1,1,2,3,1,2,2,1,2,2,2,3,2,2,2,2,2,2,2,2,2,2,0,0,0
2008,13,187,2,130839,1,4,3,3,4,2,7,2,1,1,1,2,1,2,2,2,2,2,2,2,1,2,2,2,2,2,1,1,1,2,2,0,0,0
2008,13,29,1,130840,1,4,1,2,1,2,3,2,1,2,2,2,1,2,2,2,1,2,2,2,2,2,2,2,2,1,2,2,2,2,2,0,0,0
2008,13,295,1,130841,1,4,2,2,4,1,6,1,1,2,2,2,1,2,2,1,2,2,2,1,3,1,1,1,1,2,2,1,2,2,2,0,0,0
2008,13,137,2,130842,1,4,1,2,1,1,4,1,4,2,2,2,2,2,1,2,2,2,2,2,3,2,2,2,2,1,2,2,2,2,2,0,0,0
2008,13,145,1,130843,1,4,1,1,3,2,1,2,1,1,2,2,1,2,2,2,2,2,1,2,3,2,2,2,2,2,2,2,1,2,2,0,0,0
2008,13,173,2,130844,1,4,1,2,4,2,4,2,1,1,2,2,1,2,2,1,2,2,2,2,1,2,2,2,2,2,2,2,1,2,2,0,0,0
2008,13,299,1,130845,1,4,2,2,1,2,6,3,1,2,2,2,1,2,2,2,2,2,2,2,3,2,2,2,2,1,2,2,2,2,2,0,0,0
2008,13,285,1,130846,1,4,1,2,4,2,5,2,1,2,1,2,1,2,2,1,2,2,1,2,1,2,2,2,2,2,2,2,1,2,2,0,0,0
2008,13,303,2,130847,1,4,1,2,1,2,6,3,1,1,1,2,1,2,2,2,2,2,2,2,1,1,1,1,1,2,2,1,2,2,2,0,0,0
2008,13,313,1,130848,1,4,2,2,1,1,3,1,4,2,1,2,2,1,2,2,2,2,2,2,3,2,2,2,2,2,2,2,2,2,2,0,0,0
2008,13,35,1,130849,1,4,1,2,1,2,4,2,5,1,1,2,2,1,2,2,2,2,2,2,3,2,2,2,2,2,2,2,1,2,2,0,0,0
2008,13,73,1,130850,1,4,2,2,1,1,4,1,3,2,1,2,2,2,2,2,2,2,1,2,1,1,1,1,1,2,2,1,2,2,2,0,0,0
2008,13,63,1,130851,1,4,2,2,1,1,5,1,2,2,1,2,3,2,2,2,2,2,2,2,1,2,2,2,2,2,1,1,2,2,2,0,0,0
2008,13,135,1,130852,1,4,2,2,1,2,3,2,5,2,1,2,3,1,2,2,2,2,2,2,3,2,2,1,1,2,2,1,2,2,2,0,0,0
2008,13,129,1,130853,1,4,1,2,1,2,5,2,3,1,1,2,2,1,2,2,2,2,2,2,3,2,2,2,2,2,2,2,1,2,2,0,0,0
2008,13,185,1,130854,1,4,1,2,1,1,4,1,5,1,1,2,2,1,2,2,2,2,1,2,2,2,2,2,2,2,2,2,2,2,2,0,0,0
2008,13,59,1,130855,1,4,2,2,4,2,4,2,1,1,1,2,1,2,1,2,2,2,2,2,3,2,2,2,2,2,2,2,1,2,2,0,0,0
2008,13,245,1,130856,1,4,2,1,4,2,1,3,1,2,1,2,1,2,2,2,2,2,1,2,3,2,2,2,2,2,2,2,1,2,2,0,0,0
2008,13,45,1,130857,1,4,1,1,4,2,1,2,1,1,2,2,1,2,2,1,2,2,1,2,3,2,2,2,2,2,1,1,1,2,2,0,0,0
2008,13,77,1,130858,1,4,2,2,3,1,6,1,1,2,2,2,1,2,2,1,2,2,1,2,3,2,2,2,2,2,2,2,2,2,2,0,0,0
2008,13,89,2,130859,1,4,2,2,4,2,4,2,1,1,2,2,1,2,2,1,2,2,1,2,1,2,2,2,2,2,2,2,1,2,2,0,0,0
2008,13,135,1,130860,1,4,2,2,4,2,2,3,1,2,2,2,1,2,2,2,2,2,2,2,1,2,2,2,2,2,2,2,1,2,2,0,0,0
2008,13,87,2,130861,1,4,1,2,4,2,5,2,1,2,1,2,1,2,2,2,2,2,1,2,1,2,2,2,2,2,2,2,1,2,2,0,0,0
2008,13,227,1,130862,1,4,1,2,4,2,5,2,1,1,1,2,1,2,2,2,2,2,1,2,3,2,2,2,2,2,2,2,1,2,2,0,0,0
2008,13,193,1,130863,1,4,1,2,1,2,4,2,3,1,1,2,2,1,2,2,2,2,2,2,3,2,2,2,2,1,2,2,1,2,2,0,0,0
2008,13,87,1,130864,1,4,1,2,1,2,5,2,1,2,2,2,1,2,1,2,2,2,2,2,2,1,1,1,1,2,2,1,2,2,2,0,0,0
2008,13,121,3,130865,1,4,2,2,1,1,3,1,4,1,2,2,2,2,2,2,2,2,2,2,3,2,2,2,2,2,1,1,2,2,2,0,0,0
2008,13,143,1,130866,1,4,1,2,1,2,5,2,3,1,2,2,2,2,2,2,2,2,2,2,3,2,2,2,2,2,1,1,1,2,2,0,0,0
2008,13,73,1,130867,1,4,2,2,4,1,3,1,1,2,2,2,1,2,2,2,2,2,1,2,1,1,1,1,1,2,2,1,2,2,2,0,0,0
2008,13,121,1,130868,1,4,1,1,4,2,1,3,1,2,2,2,2,2,2,1,2,2,2,2,3,2,2,1,1,2,2,1,1,2,2,0,0,0
2008,13,121,1,130869,1,4,3,3,1,2,7,2,4,2,2,2,2,2,2,1,2,2,2,2,3,1,1,1,1,1,2,1,1,1,2,0,0,0
2008,13,215,1,130870,1,4,2,2,1,2,4,2,1,2,1,2,1,2,2,2,1,2,2,2,3,2,2,2,2,1,2,2,2,2,2,0,0,0
2008,13,285,1,130871,1,4,1,1,1,2,1,2,1,1,1,2,1,2,1,2,2,2,2,2,2,2,2,2,2,2,2,2,2,2,2,0,0,0
2008,13,151,1,130872,1,4,2,2,4,2,6,2,1,1,1,2,1,2,2,2,2,2,2,2,1,2,2,2,2,2,2,2,1,2,2,0,0,0
2008,13,215,1,130873,1,4,2,2,4,2,4,2,1,2,1,2,1,2,2,2,2,2,2,2,1,2,2,2,2,2,2,2,1,2,2,0,0,0
2008,13,281,1,130874,1,4,1,2,4,2,5,2,1,1,1,2,1,2,2,2,2,2,2,2,3,2,2,2,2,1,2,2,1,2,2,0,0,0
2008,13,21,1,130875,1,4,2,1,1,2,1,2,2,2,2,2,2,2,1,1,2,2,2,2,3,2,2,2,2,2,2,2,2,2,2,0,0,0
2008,13,67,1,130876,1,4,2,2,1,2,4,3,4,1,1,2,2,2,1,2,2,2,2,2,3,2,2,2,2,1,2,2,2,2,2,0,0,0
2008,13,121,1,130877,1,4,2,1,4,2,1,3,1,2,1,2,1,2,2,2,2,2,2,2,2,2,2,2,2,2,2,2,1,2,2,0,0,0
2008,13,221,1,130878,1,4,3,3,4,2,7,2,1,2,1,2,1,2,2,2,2,2,1,2,1,2,2,2,2,2,2,2,1,2,2,0,0,0
2008,13,89,1,130879,1,4,2,2,1,2,4,2,1,2,2,2,3,2,1,2,1,2,2,2,3,2,2,1,1,1,2,1,2,2,2,0,0,0
2008,13,215,1,130880,1,4,3,3,4,2,7,2,1,1,1,2,1,2,2,2,2,2,1,2,2,2,2,2,2,2,2,2,1,2,2,0,0,0
2008,13,69,1,130881,1,4,1,2,1,2,3,2,4,1,1,2,2,2,2,1,2,2,2,2,2,2,2,2,2,2,2,2,1,2,2,0,0,0
2008,13,221,1,130882,1,4,1,2,4,2,6,2,1,2,1,2,1,2,2,2,2,2,1,2,1,2,2,2,2,2,2,2,1,2,2,0,0,0
2008,13,97,1,130883,1,4,2,1,1,2,1,2,5,2,1,2,2,1,2,2,2,2,2,2,2,2,2,2,2,2,2,2,2,2,2,0,0,0
2008,13,127,1,130884,1,4,2,1,1,2,1,2,1,2,2,2,1,2,2,2,1,2,2,2,3,2,2,2,2,2,2,2,2,2,2,0,0,0
2008,13,215,1,130885,1,4,2,2,4,2,3,2,1,2,1,2,1,2,2,1,2,2,2,2,1,2,2,1,1,2,2,1,1,2,2,0,0,0
2008,13,89,1,130886,1,4,2,2,4,2,4,2,1,2,2,2,1,2,2,2,2,2,2,2,2,2,2,2,2,2,2,2,1,2,2,0,0,0
2008,13,153,1,130887,1,4,2,2,1,1,3,1,2,1,2,2,2,2,2,2,2,2,2,2,3,2,2,2,2,2,1,1,2,2,1,0,0,0
2008,13,47,1,130888,1,4,2,2,1,2,6,2,1,1,2,2,1,2,2,1,2,2,1,2,1,1,1,1,1,2,2,1,1,2,2,0,0,0
2008,13,197,1,130889,1,4,1,2,4,2,4,2,1,1,1,2,1,1,2,2,2,2,2,2,2,2,2,2,2,2,2,2,1,2,2,0,0,0
2008,13,127,1,130890,1,4,2,2,4,2,5,2,1,2,1,2,1,2,2,1,2,2,1,2,1,2,2,2,2,2,2,2,1,2,2,0,0,0
2008,13,91,1,130891,1,4,1,2,1,1,5,1,4,1,1,2,2,1,2,2,2,2,2,2,2,2,2,2,2,1,2,2,2,2,2,0,0,0
2008,13,121,1,130892,1,4,2,2,1,2,4,3,2,1,1,2,2,2,1,2,2,2,2,2,3,2,2,2,2,2,2,2,2,2,2,0,0,0
2008,13,121,1,130893,1,4,2,2,1,1,4,1,4,2,2,2,2,2,1,1,2,2,2,2,3,2,2,2,2,2,2,2,2,2,2,0,0,0
2008,13,217,1,130894,1,4,2,2,1,2,5,2,1,2,2,2,1,2,2,2,1,2,2,2,3,2,2,2,2,2,2,2,2,2,2,0,0,0
2008,13,89,1,130895,1,4,2,1,3,2,1,2,1,2,2,2,2,2,2,2,2,2,2,2,3,1,1,1,1,2,2,1,1,2,2,0,0,0
2008,13,21,1,130896,1,4,2,2,1,2,3,2,1,2,1,2,3,2,2,2,1,2,2,2,3,2,2,2,2,2,1,1,2,2,2,0,0,0
2008,13,75,1,130897,1,4,1,1,4,2,1,2,1,1,1,2,1,2,2,2,2,2,1,2,2,2,2,2,2,2,2,2,1,2,2,0,0,0
2008,13,273,2,130898,1,4,1,2,4,2,3,2,1,2,1,2,1,2,2,1,2,2,2,2,3,2,2,2,2,2,2,2,1,2,2,0,0,0
2008,13,67,2,130899,1,4,2,1,2,2,1,3,1,2,1,2,1,2,2,1,2,2,2,2,1,2,2,2,2,2,2,2,1,2,2,0,0,0
2008,13,127,1,130900,1,4,3,3,4,2,7,2,1,2,1,2,1,2,2,1,2,2,2,2,1,2,2,2,2,2,1,1,1,2,2,0,0,0
2008,13,245,1,130901,1,4,2,2,4,2,4,2,1,2,1,2,1,2,2,1,2,2,1,2,1,2,2,2,2,2,1,1,1,2,2,0,0,0
2008,13,207,1,130902,1,4,1,1,4,2,1,2,1,1,1,1,1,2,2,2,2,2,2,2,3,2,2,2,2,2,2,2,1,2,2,0,0,0
2008,13,57,1,130903,1,4,3,3,1,2,7,2,1,2,1,2,1,2,2,2,2,2,2,2,3,2,2,2,2,2,2,2,2,2,2,0,0,0
2008,13,277,2,130904,1,4,2,1,1,2,1,2,3,1,1,2,2,2,2,2,2,2,2,2,2,2,2,2,2,1,2,2,2,2,2,0,0,0
2008,13,67,1,130905,1,4,2,2,1,1,4,1,1,2,1,2,1,2,2,2,1,2,2,2,3,2,2,2,2,2,2,2,2,2,2,0,0,0
2008,13,89,1,130906,1,4,2,2,1,1,4,1,4,1,1,2,2,1,2,1,1,2,2,2,3,2,2,2,2,1,2,2,2,2,2,0,0,0
2008,13,109,1,130907,1,4,1,2,1,1,4,1,4,2,1,2,2,2,1,2,2,2,2,2,3,2,2,2,2,2,2,2,2,2,2,0,0,0
2008,13,31,1,130908,1,4,1,2,4,2,5,2,1,1,1,2,1,2,2,1,2,2,1,2,3,2,2,1,1,2,2,1,1,2,1,0,0,0
2008,13,245,1,130909,1,4,2,2,1,2,4,2,4,2,2,2,3,2,2,2,2,2,1,2,1,2,2,2,2,2,1,1,1,2,2,0,0,0
2008,13,1,1,130910,1,4,1,2,4,2,6,2,1,3,2,2,1,2,2,2,2,2,2,2,1,2,2,2,2,2,2,2,1,2,2,0,0,0
2008,13,1,1,130911,1,4,1,2,4,2,5,2,1,1,2,2,1,2,2,1,2,2,1,2,3,2,2,2,2,2,2,2,1,2,2,0,0,0
2008,13,45,4,130912,1,4,1,1,3,2,1,2,1,2,2,2,1,2,2,2,2,2,2,2,3,2,2,2,2,2,2,2,1,2,1,0,0,0
2008,13,121,1,130913,1,4,2,2,1,1,4,1,1,2,2,1,1,2,2,1,2,2,1,2,3,2,2,2,2,2,2,2,2,2,2,0,0,0
2008,13,127,1,130914,1,4,2,2,4,2,6,2,1,1,2,2,1,2,2,1,2,2,1,2,3,1,1,1,1,2,2,1,1,2,2,0,0,0
2008,13,137,1,130915,1,4,1,2,1,2,3,2,4,2,2,2,2,2,1,1,2,2,2,2,3,2,2,2,2,2,2,2,1,2,2,0,0,0
2008,13,257,1,130916,1,4,1,2,4,2,5,2,1,2,2,2,1,2,2,1,2,2,1,2,1,2,2,2,2,2,2,2,1,2,2,0,0,0
2008,13,213,1,130917,1,4,1,2,4,2,4,2,1,1,1,2,1,2,2,2,2,2,2,2,3,2,2,2,2,2,2,2,1,2,2,0,0,0
2008,13,117,1,130918,1,4,1,2,4,2,6,2,1,2,1,2,1,2,2,2,2,2,1,2,1,2,2,2,2,2,1,1,1,2,2,0,0,0
2008,13,145,1,130919,1,4,1,1,4,2,1,2,1,1,1,2,1,2,2,2,2,2,2,2,3,2,2,2,2,2,2,2,1,2,2,0,0,0
2008,13,295,1,130920,1,4,1,2,1,1,3,1,4,1,1,2,2,2,1,2,2,2,2,2,2,2,2,2,2,2,2,2,2,2,2,0,0,0
2008,13,135,1,130921,1,4,2,2,1,1,5,1,1,2,1,2,1,2,2,2,1,2,2,2,3,2,2,2,2,2,2,2,2,2,2,0,0,0
2008,13,201,2,130922,1,4,1,2,1,2,4,3,1,2,1,2,1,2,2,2,2,2,2,2,1,2,2,2,2,2,2,2,2,2,2,0,0,0
2008,13,233,1,130923,1,4,2,2,1,2,3,2,1,2,2,2,1,2,2,2,1,2,2,2,3,2,2,2,2,2,2,2,2,2,2,0,0,0
2008,13,301,1,130924,1,4,1,2,1,1,4,1,2,1,1,2,2,1,2,2,2,2,2,2,3,2,2,2,2,1,2,2,2,2,2,0,0,0
2008,13,97,1,130925,1,4,1,2,4,2,5,2,1,1,2,2,1,2,2,2,2,2,1,2,1,2,2,2,2,2,1,1,1,2,2,0,0,0
2008,13,115,1,130926,1,4,1,2,4,1,3,1,1,2,2,2,1,2,1,2,2,2,2,2,1,2,2,2,2,2,2,2,2,2,2,0,0,0
2008,13,121,1,130927,1,4,2,1,1,2,1,3,1,2,2,2,1,2,1,2,1,2,2,2,3,2,2,2,2,2,2,2,2,2,2,0,0,0
2008,13,133,1,130928,1,4,1,2,1,2,5,2,3,1,2,2,2,2,2,2,2,2,2,2,3,2,2,2,2,2,2,2,1,2,2,0,0,0
2008,13,245,1,130929,1,4,2,2,1,2,4,2,1,2,2,2,1,2,2,2,1,2,2,2,3,2,2,2,2,2,2,2,2,2,2,0,0,0
2008,13,313,1,130930,1,4,1,1,2,2,1,2,1,2,2,2,2,1,2,2,1,2,2,2,3,2,2,2,2,2,2,2,1,2,2,0,0,0
2008,13,11,1,130931,1,4,1,2,1,2,5,2,1,2,2,2,1,2,2,2,2,2,2,2,3,1,1,1,1,2,2,1,2,2,2,0,0,0
2008,13,15,1,130932,1,4,2,2,1,1,3,1,4,1,2,2,3,2,1,2,2,2,2,2,3,2,2,1,1,1,1,1,2,2,2,0,0,0
2008,13,187,1,130933,1,4,1,2,1,1,5,1,1,1,2,2,1,2,1,2,2,2,2,2,3,2,2,2,2,2,2,2,2,2,2,0,0,0
2008,13,193,2,130934,1,4,1,2,1,2,4,2,1,1,2,2,1,2,1,2,2,2,2,2,2,2,2,2,2,2,2,2,2,2,2,0,0,0
2008,13,81,1,130935,1,4,1,2,1,1,4,1,4,1,1,2,2,2,2,2,2,2,2,2,3,2,2,2,2,2,2,2,2,1,2,0,0,0
2008,13,155,1,130936,1,4,1,2,1,1,5,1,4,1,1,2,2,1,2,2,2,2,2,2,3,2,2,2,2,1,2,2,2,1,2,0,0,0
2008,13,189,1,130937,1,4,1,2,4,2,5,2,1,1,1,2,1,2,2,1,2,2,1,2,1,2,2,2,2,2,2,2,1,2,2,0,0,0
2008,13,67,1,130938,1,4,2,2,1,2,4,2,3,2,1,2,2,2,2,2,2,2,2,2,3,2,2,2,2,2,1,1,1,2,2,0,0,0
2008,13,189,1,130939,1,4,1,2,1,2,4,2,3,1,1,2,2,2,2,1,2,2,2,2,2,2,2,2,2,2,2,2,1,2,2,0,0,0
2008,13,85,1,130940,1,4,1,2,4,1,3,1,1,2,1,2,1,2,2,1,2,2,1,2,1,2,2,2,2,2,1,1,2,2,2,0,0,0
2008,13,145,1,130941,1,4,1,1,4,2,1,2,1,2,1,2,1,2,2,2,2,2,2,2,3,2,2,2,2,2,2,2,1,2,2,0,0,0
2008,13,169,1,130942,1,4,1,2,1,2,4,2,3,2,1,2,2,2,2,2,2,2,2,2,1,2,2,2,2,1,2,2,2,2,2,0,0,0
2008,13,249,1,130943,1,4,1,2,1,2,4,2,5,1,1,2,2,1,2,2,2,2,2,2,3,2,2,2,2,2,2,2,1,2,1,0,0,0
2008,13,255,2,130944,1,4,2,2,4,2,6,2,1,2,1,2,1,2,2,1,1,2,2,2,1,2,2,2,2,2,2,2,1,2,2,0,0,0
2008,13,297,1,130945,1,4,2,2,4,2,6,2,1,1,1,2,1,2,2,2,2,2,1,2,3,2,2,2,2,2,2,2,1,2,2,0,0,0
2008,13,121,1,130946,1,4,2,2,3,2,2,2,1,1,1,2,1,2,2,2,2,2,2,2,3,2,2,2,2,2,2,2,1,2,2,0,0,0
2008,13,263,1,130947,1,4,1,2,4,2,6,2,1,1,1,2,1,2,2,1,2,2,1,2,3,2,2,2,2,2,2,2,1,2,2,0,0,0
2008,13,51,1,130948,1,4,2,2,2,2,3,2,1,2,2,2,1,2,2,1,2,2,1,2,3,2,2,2,2,2,1,1,1,2,2,0,0,0
2008,13,63,1,130949,1,4,2,2,4,1,6,1,1,1,2,2,1,2,1,1,2,2,2,2,2,2,2,2,2,2,2,2,2,2,2,0,0,0
2008,13,245,1,130950,1,4,2,2,4,2,3,2,1,2,2,2,1,2,2,1,2,2,2,2,1,2,2,2,2,2,2,2,1,2,2,0,0,0
2008,13,115,1,130951,1,4,1,2,1,2,6,3,5,1,1,2,2,2,1,2,2,2,2,2,3,2,2,2,2,2,2,2,2,2,2,0,0,0
2008,13,217,1,130952,1,4,2,2,4,2,6,2,1,2,2,2,1,2,2,2,2,2,1,2,1,2,2,2,2,2,1,1,1,2,2,0,0,0
2008,13,297,1,130953,1,4,1,2,4,2,5,2,1,2,1,2,1,2,1,1,2,2,2,2,3,2,2,2,2,2,2,2,1,2,2,0,0,0
2008,13,155,1,130954,1,4,1,2,1,2,6,2,1,1,1,2,1,2,2,2,1,2,2,2,3,2,2,2,2,2,2,2,2,2,2,0,0,0
2008,13,245,1,130955,1,4,2,2,1,2,4,2,4,2,1,2,2,2,2,2,2,2,1,2,3,1,1,1,1,2,2,1,2,2,2,0,0,0
2008,13,225,1,130956,1,4,1,2,4,2,6,2,1,1,1,2,1,2,1,2,2,2,2,2,1,2,2,2,2,2,2,2,1,2,2,0,0,0
2008,13,139,1,130957,1,4,1,2,1,2,3,2,3,1,2,2,2,2,1,2,2,2,2,2,3,2,2,2,2,2,2,2,1,2,2,0,0,0
2008,13,255,1,130958,1,4,1,2,4,2,5,2,1,2,2,2,1,2,2,2,2,2,2,2,3,2,2,2,2,2,2,2,1,2,2,0,0,0
2008,13,299,1,130959,1,4,1,2,1,1,5,1,4,1,2,2,2,2,1,2,2,2,2,2,3,1,1,1,1,2,2,1,2,2,2,0,0,0
2008,13,245,1,130960,1,4,2,1,3,2,1,2,1,1,2,2,1,2,2,2,2,2,1,2,1,2,2,2,2,2,2,2,1,2,2,0,0,0
2008,13,23,1,130961,1,4,1,2,1,1,4,1,4,1,1,2,2,2,2,2,2,2,2,2,3,2,2,2,2,1,2,2,2,2,2,0,0,0
2008,13,101,1,130962,1,4,1,2,4,2,6,2,1,1,1,2,1,2,2,1,2,2,1,2,1,2,2,2,2,2,2,2,1,2,2,0,0,0
2008,13,281,1,130963,1,4,1,2,4,2,3,2,1,2,1,2,1,2,2,1,2,2,2,2,3,2,2,2,2,2,2,2,1,2,2,0,0,0
2008,13,65,1,130964,1,4,1,2,4,2,3,2,3,1,1,2,1,2,2,2,2,2,1,2,3,2,2,2,2,2,2,2,1,2,2,0,0,0
2008,13,299,1,130965,1,4,2,2,4,2,3,2,1,1,1,2,1,2,1,1,2,2,2,2,3,2,2,2,2,2,2,2,1,2,2,0,0,0
2008,13,51,1,130966,1,4,2,2,1,2,3,2,1,2,1,2,1,2,2,2,1,2,2,2,3,2,2,2,2,2,2,2,2,2,2,0,0,0
2008,13,245,1,130967,1,4,2,2,1,1,3,1,4,1,1,2,2,2,2,2,2,2,2,2,3,2,2,2,2,1,2,2,2,2,2,0,0,0
2008,13,255,1,130968,1,4,1,2,1,1,5,1,5,1,1,2,2,2,2,2,2,2,1,2,3,2,2,2,2,2,2,2,2,2,2,0,0,0
2008,13,311,1,130969,1,4,1,2,1,2,4,3,4,2,1,2,2,2,1,1,2,2,2,2,3,2,2,2,2,2,2,2,2,2,2,0,0,0
2008,13,123,1,130970,1,4,1,2,1,2,4,2,1,2,2,2,1,2,2,2,1,2,2,2,3,1,1,1,1,2,2,1,2,2,2,0,0,0
2008,13,3,1,130971,1,4,1,2,4,2,6,2,1,3,2,2,1,2,2,2,2,2,1,2,2,2,2,2,2,2,2,2,1,2,1,0,0,0
2008,13,59,1,130972,1,4,2,2,4,2,6,2,1,2,2,2,1,2,2,2,2,2,2,2,2,2,2,2,2,2,2,2,1,2,2,0,0,0
2008,13,89,1,130973,1,4,2,2,1,2,3,2,1,2,2,2,1,2,2,2,1,2,2,2,3,2,2,2,2,2,2,2,2,2,2,0,0,0
2008,13,135,3,130974,1,4,2,2,1,1,6,1,5,2,2,2,2,2,2,2,2,2,2,2,1,2,2,2,2,2,1,1,2,2,2,0,0,0
2008,13,223,1,130975,1,4,2,2,4,2,4,2,1,1,2,2,1,2,2,2,2,2,1,2,2,2,2,2,2,2,2,2,1,2,2,0,0,0
2008,13,67,1,130976,1,4,2,1,1,2,1,2,1,2,1,2,1,2,2,2,2,2,1,2,2,2,2,2,2,2,2,2,2,2,2,0,0,0
2008,13,147,1,130977,1,4,1,2,4,2,5,2,1,1,1,2,1,2,2,2,2,2,2,2,3,2,2,2,2,2,2,2,1,2,2,0,0,0
2008,13,135,1,130978,1,4,2,2,2,2,3,2,1,1,1,2,1,2,1,2,2,2,2,2,2,2,2,2,2,2,2,2,1,2,2,0,0,0
2008,13,151,1,130979,1,4,1,1,4,2,1,2,1,2,2,2,1,2,2,2,2,2,1,2,3,2,2,2,2,2,2,2,1,2,2,0,0,0
2008,13,135,1,130980,1,4,2,2,1,1,4,1,4,2,2,2,2,2,1,1,2,2,2,2,1,1,1,1,1,2,2,1,2,2,2,0,0,0
2008,13,115,1,130981,1,4,1,2,1,2,6,2,1,2,1,1,1,2,2,2,1,2,2,2,3,2,2,2,2,2,2,2,2,2,2,0,0,0
2008,13,121,1,130982,1,4,2,2,1,1,3,1,4,1,1,2,2,2,2,2,2,2,2,2,3,2,2,2,2,1,2,2,2,2,2,0,0,0
2008,13,51,1,130983,1,4,2,1,2,2,1,2,1,1,1,2,1,1,2,2,1,2,2,2,3,2,2,2,2,2,2,2,2,2,2,0,0,0
2008,13,51,1,130984,1,4,1,1,1,2,1,2,1,2,1,2,1,2,2,2,1,2,2,2,3,2,2,2,2,2,2,2,2,2,2,0,0,0
2008,13,59,1,130985,1,4,2,2,1,1,6,1,1,2,1,2,1,2,2,2,2,1,2,2,3,2,2,1,1,2,2,1,2,2,2,0,0,0
2008,13,33,1,130986,1,4,1,2,4,2,6,2,1,3,2,2,1,2,1,1,2,2,2,2,1,2,2,2,2,2,2,2,1,2,2,0,0,0
2008,13,151,1,130987,1,4,2,1,1,2,1,2,2,2,1,2,2,2,2,2,2,2,1,2,3,2,2,2,2,2,2,2,2,2,2,0,0,0
2008,13,219,1,130988,1,4,1,2,4,2,5,2,1,1,1,2,1,2,2,2,2,2,1,2,3,2,2,2,2,1,2,2,1,2,2,0,0,0
2008,13,73,1,130989,1,4,1,2,1,2,5,2,5,1,1,2,2,2,2,2,2,2,2,2,3,2,2,2,2,1,2,2,1,2,2,0,0,0
2008,13,1,1,130990,1,4,1,2,1,2,4,2,1,1,1,2,1,2,2,2,2,2,1,2,3,2,2,2,2,2,2,2,2,2,2,0,0,0
2008,13,21,1,130991,1,4,2,2,1,2,6,2,3,1,1,2,2,2,1,2,2,2,2,2,3,2,2,2,2,2,2,2,1,2,2,0,0,0
2008,13,121,1,130992,1,4,2,2,4,2,4,2,1,2,1,2,1,2,2,2,2,2,2,2,3,2,2,2,2,2,2,2,1,2,2,0,0,0
2008,13,157,1,130993,1,4,1,1,1,2,1,2,2,2,1,2,2,2,2,2,2,2,1,2,2,2,2,2,2,2,2,2,2,2,2,0,0,0
2008,13,45,1,130994,1,4,1,2,2,2,4,2,1,2,2,1,1,2,2,2,2,1,2,2,1,2,2,2,2,2,2,2,1,2,2,0,0,0
2008,13,227,1,130995,1,4,1,2,4,2,5,2,1,2,2,2,1,2,2,1,2,2,2,2,1,2,2,2,2,2,2,2,1,2,2,0,0,0
2008,13,151,1,130996,1,4,2,2,1,1,3,1,4,2,2,2,2,2,1,2,2,2,2,2,3,2,2,2,2,2,2,2,2,2,2,0,0,0
2008,13,127,1,130997,1,4,1,2,1,1,4,1,4,2,1,2,2,2,2,2,2,2,2,2,3,2,2,2,2,2,2,2,2,2,2,0,0,0
2008,13,231,1,130998,1,4,1,2,1,1,5,1,3,1,1,2,2,2,2,2,2,2,2,2,2,2,2,2,2,2,1,1,2,2,2,0,0,0
2008,13,121,1,130999,1,4,2,2,4,2,5,2,1,2,2,2,1,2,2,1,2,2,2,2,3,2,2,1,1,2,2,1,1,2,2,0,0,0
2008,13,151,1,131000,1,4,2,2,4,2,3,2,1,1,1,2,1,2,1,2,2,2,2,2,1,2,2,2,2,2,2,2,1,2,2,0,0,0
2008,13,139,1,131001,1,4,1,2,1,2,3,2,3,1,1,2,2,2,2,2,2,2,1,2,3,2,2,2,2,2,2,2,1,2,2,0,0,0
2008,13,67,1,131002,1,4,2,2,1,2,6,3,1,1,1,2,1,2,1,2,2,2,2,2,2,2,2,2,2,2,2,2,2,2,2,0,0,0
2008,13,151,1,131003,1,4,2,1,4,2,1,2,1,1,1,2,1,2,2,2,2,2,2,2,3,2,2,2,2,2,2,2,1,2,1,0,0,0
2008,13,39,1,131004,1,4,1,2,1,1,5,1,4,1,2,2,2,2,1,2,2,2,2,2,2,2,2,2,2,2,2,2,2,2,2,0,0,0
2008,13,67,1,131005,1,4,2,1,1,2,1,2,6,1,2,2,2,2,2,2,2,2,2,2,3,2,2,2,2,2,2,2,1,2,2,0,0,0
2008,13,179,1,131006,1,4,1,2,4,2,6,2,1,1,2,2,1,2,2,1,2,2,2,2,3,2,2,2,2,2,2,2,1,2,2,0,0,0
2008,13,311,1,131007,1,4,1,2,4,2,4,2,1,2,2,2,1,2,2,1,2,2,1,2,3,2,2,2,2,2,1,1,1,2,2,0,0,0
2008,13,57,1,131008,1,4,2,1,1,2,1,2,1,3,2,2,1,2,2,2,1,2,2,2,3,2,2,2,2,2,2,2,2,2,2,0,0,0
2008,13,207,1,131009,1,4,1,1,1,2,1,3,1,2,2,1,1,2,2,2,1,2,2,2,3,2,2,2,2,2,2,2,2,1,2,0,0,0
2008,13,33,1,131010,1,4,1,2,1,2,4,2,3,1,1,2,2,1,2,2,2,2,2,2,3,2,2,2,2,2,2,2,1,2,2,0,0,0
2008,13,49,1,131011,1,4,3,3,4,2,7,2,1,2,1,2,1,2,2,2,2,2,1,2,1,2,2,1,1,2,2,1,1,2,2,0,0,0
2008,13,9,1,131012,1,4,2,2,1,2,3,3,4,1,1,2,2,2,1,2,2,2,2,2,3,2,2,2,2,2,2,2,2,2,2,0,0,0
2008,13,139,1,131013,1,4,2,2,4,2,6,2,1,2,1,2,1,2,1,2,2,2,2,2,1,2,2,2,2,2,1,1,1,2,2,0,0,0
2008,13,21,2,131014,1,4,2,2,1,1,6,1,1,2,2,2,1,2,2,1,1,2,2,2,1,2,2,2,2,2,2,2,2,2,2,0,0,0
2008,13,309,1,131015,1,4,1,2,4,2,5,2,1,3,1,2,1,2,2,2,2,2,1,2,1,2,2,2,2,2,2,2,1,2,2,0,0,0
2008,13,207,1,131016,1,4,1,2,1,2,4,3,4,1,1,2,2,1,2,2,2,2,2,2,3,2,2,2,2,2,2,2,2,1,2,0,0,0
2008,13,73,1,131017,1,4,2,2,1,2,3,2,2,1,1,2,3,2,2,2,2,2,2,2,3,1,1,1,1,1,2,1,2,2,2,0,0,0
2008,13,307,1,131018,1,4,1,2,1,2,5,2,1,1,1,2,1,2,1,2,2,2,2,2,3,2,2,2,2,2,2,2,2,2,2,0,0,0
2008,13,83,1,131019,1,4,1,2,4,2,6,2,1,1,1,2,1,2,1,1,2,2,2,2,2,2,2,2,2,2,1,1,1,2,2,0,0,0
2008,13,291,1,131020,1,4,3,3,4,2,7,2,1,2,2,2,1,2,2,2,2,2,1,2,2,1,1,1,1,2,2,1,1,2,2,0,0,0
2008,13,51,1,131021,1,4,2,1,1,2,1,2,1,2,2,2,1,2,2,2,2,2,2,2,1,2,2,2,2,2,1,1,2,2,2,0,0,0
2008,13,267,1,131022,1,4,1,2,1,1,3,1,4,1,2,2,2,2,2,2,2,2,2,2,3,2,2,2,2,2,2,2,2,2,2,0,0,0
2008,13,277,1,131023,1,4,2,1,1,2,1,2,2,2,2,2,2,2,2,2,2,2,1,2,1,2,2,2,2,2,2,2,2,2,2,0,0,0
2008,13,277,1,131024,1,4,1,2,1,1,6,1,1,1,2,2,1,2,2,2,2,1,2,2,2,2,2,2,2,2,1,1,2,2,2,0,0,0
2008,13,47,1,131025,1,4,2,2,1,2,4,2,3,1,2,2,2,2,2,2,2,2,2,2,3,2,2,2,2,2,2,2,1,1,2,0,0,0
2008,13,121,1,131026,1,4,2,1,3,2,1,2,1,1,2,2,1,2,2,2,2,2,2,2,3,2,2,2,2,2,2,2,1,2,2,0,0,0
2008,13,187,1,131027,1,4,1,2,1,2,3,2,4,1,2,2,2,2,1,2,2,2,2,2,1,2,2,2,2,2,2,2,2,2,2,0,0,0
2008,13,27,1,131028,1,4,1,2,4,2,5,2,1,1,1,2,1,2,2,2,2,2,2,2,3,2,2,2,2,2,2,2,1,2,2,0,0,0
2008,13,89,1,131029,1,4,2,2,1,1,4,1,4,1,1,2,2,2,2,2,2,2,2,2,3,2,2,2,2,2,2,2,2,2,2,0,0,0
2008,13,139,1,131030,1,4,2,2,4,2,5,2,1,2,2,2,1,2,2,2,2,2,1,2,3,2,2,2,2,2,2,2,1,2,2,0,0,0
2008,13,151,1,131031,1,4,1,2,4,2,6,2,1,2,1,2,1,2,2,2,2,2,1,2,1,2,2,2,2,2,2,2,1,2,2,0,0,0
2008,13,245,1,131032,1,4,2,2,4,2,3,2,1,1,1,2,1,2,1,2,2,2,2,2,3,2,2,2,2,2,2,2,1,2,2,0,0,0
2008,13,245,1,131033,1,4,2,2,1,2,3,2,1,2,1,1,1,2,2,2,1,2,2,2,3,2,2,2,2,2,2,2,2,2,2,0,0,0
2008,13,107,1,131034,1,4,1,2,4,2,5,2,1,1,1,2,1,2,2,1,2,2,1,2,2,2,2,2,2,2,2,2,1,2,2,0,0,0
2008,13,151,1,131035,1,4,1,1,1,2,1,2,1,1,1,2,2,1,2,2,1,2,2,2,3,2,2,2,2,2,2,2,2,2,2,0,0,0
2008,13,5,1,131036,1,4,1,2,4,2,6,2,1,1,1,2,1,2,2,2,2,2,2,2,3,1,1,1,1,2,2,1,1,2,2,0,0,0
2008,13,71,1,131037,1,4,1,2,4,2,5,2,1,1,1,2,1,2,2,1,2,2,2,2,2,2,2,2,2,1,2,2,1,2,2,0,0,0
2008,13,139,1,131038,1,4,1,2,1,1,5,1,4,2,1,2,2,2,2,2,2,2,2,2,1,1,1,1,1,2,2,1,2,2,2,0,0,0
2008,13,21,1,131039,1,4,1,2,1,2,5,2,1,1,1,2,1,2,2,2,1,2,2,2,3,1,1,1,1,2,2,1,2,2,2,0,0,0
2008,13,105,1,131040,1,4,3,3,4,2,7,2,1,1,1,2,1,2,2,2,2,2,2,2,3,2,2,2,2,2,2,2,1,2,2,0,0,0
2008,13,219,1,131041,1,4,1,2,1,1,5,1,1,1,1,2,1,2,2,2,1,2,2,2,3,2,2,2,2,2,2,2,2,2,2,0,0,0
2008,13,247,1,131042,1,4,2,2,4,2,4,2,1,1,2,2,1,2,2,2,2,2,1,2,3,1,1,1,1,2,2,1,1,2,2,0,0,0
2008,13,89,1,131043,1,4,2,2,4,2,2,2,1,2,2,2,1,2,2,1,2,2,1,2,1,2,2,2,2,2,2,2,1,2,2,0,0,0
2008,13,241,1,131044,1,4,1,2,4,2,5,2,1,1,2,2,1,2,1,2,2,2,2,2,3,2,2,2,2,2,2,2,1,2,2,0,0,0
2008,13,277,1,131045,1,4,1,1,4,2,1,2,1,2,2,2,1,2,2,2,2,2,1,2,3,1,1,1,1,2,2,1,1,2,2,0,0,0
2008,13,21,1,131046,1,4,1,2,1,1,4,1,4,1,1,2,2,2,2,2,2,2,2,2,3,2,2,2,2,2,2,2,2,2,2,0,0,0
2008,13,77,1,131047,1,4,2,2,4,1,6,1,1,2,1,2,1,2,2,2,2,2,1,2,3,2,2,2,2,2,1,1,2,2,2,0,0,0
2008,13,105,1,131048,1,4,1,2,4,2,3,2,1,1,2,2,1,2,1,1,2,2,2,2,2,2,2,2,2,2,1,1,1,2,2,0,0,0
2008,13,31,2,131049,1,4,1,2,1,1,4,1,4,1,1,2,2,2,2,2,2,2,2,2,3,2,2,2,2,1,2,2,2,2,2,0,0,0
2008,13,45,1,131050,1,4,1,2,1,2,6,3,4,1,1,2,2,2,2,2,2,2,1,2,3,2,2,2,2,2,1,1,2,2,2,0,0,0
2008,13,85,1,131051,1,4,3,3,1,1,7,1,1,1,1,2,1,1,2,1,2,2,2,2,2,2,2,2,2,2,2,2,2,2,2,0,0,0
2008,13,91,1,131052,1,4,2,2,1,2,3,2,1,1,1,2,1,2,2,2,2,1,2,2,2,2,2,2,2,2,2,2,2,2,2,0,0,0
2008,13,247,1,131053,1,4,2,2,4,2,6,2,1,2,1,2,1,2,2,1,2,2,1,2,1,2,2,2,2,1,2,2,1,2,2,0,0,0
2008,13,313,1,131054,1,4,2,2,1,2,3,2,2,1,1,2,2,1,2,2,2,2,2,2,3,2,2,2,2,2,2,2,2,2,1,0,0,0
2008,13,89,1,131055,1,4,2,2,1,1,6,1,1,1,1,2,1,2,2,2,2,1,2,2,3,2,2,2,2,2,2,2,2,2,2,0,0,0
2008,13,255,1,131056,1,4,2,2,1,2,4,2,3,2,1,2,2,2,1,2,2,2,2,2,3,2,2,2,2,2,2,2,2,2,2,0,0,0
2008,13,127,1,131057,1,4,1,2,1,2,4,2,1,2,1,2,1,2,2,2,2,2,1,2,1,2,2,2,2,2,2,2,1,2,2,0,0,0
2008,13,233,1,131058,1,4,1,2,4,2,5,2,1,1,1,2,1,2,2,2,2,2,2,2,3,2,2,2,2,2,2,2,1,2,2,0,0,0
2008,13,51,1,131059,1,4,2,2,1,2,4,2,4,1,1,2,2,2,1,2,2,2,2,2,3,2,2,2,2,2,2,2,2,2,2,0,0,0
2008,13,51,1,131060,1,4,2,2,4,1,3,1,1,2,2,2,1,2,2,1,2,2,2,2,1,1,1,1,1,2,2,1,2,2,2,0,0,0
2008,13,139,1,131061,1,4,2,2,4,2,4,2,1,1,2,2,1,2,2,2,2,2,1,2,2,2,2,2,2,2,2,2,1,2,2,0,0,0
2008,13,157,1,131062,1,4,1,2,4,2,6,2,1,1,2,2,1,2,1,2,2,2,2,2,1,2,2,2,2,2,2,2,1,2,2,0,0,0
2008,13,313,1,131063,1,4,1,1,1,2,1,2,2,2,2,2,2,2,2,2,2,2,1,2,1,2,2,2,2,2,2,2,2,2,2,0,0,0
2008,13,89,1,131064,1,4,2,2,4,2,4,2,1,1,2,2,1,2,1,2,2,2,2,2,3,2,2,2,2,2,2,2,1,2,2,0,0,0
2008,13,131,1,131065,1,4,1,2,4,2,5,2,1,1,2,2,1,2,1,1,2,2,2,2,2,2,2,2,2,2,2,2,1,2,2,0,0,0
2008,13,297,1,131066,1,4,1,2,4,2,4,2,1,2,2,2,1,2,2,2,2,2,2,2,1,2,2,2,2,2,2,2,1,2,2,0,0,0
2008,13,121,1,131067,1,4,2,2,4,2,4,2,1,2,2,2,1,2,2,1,2,2,2,2,3,1,1,1,1,2,2,1,1,2,2,0,0,0
2008,13,113,1,131068,1,4,2,2,1,1,4,1,4,1,1,2,3,2,1,2,2,2,2,2,3,2,2,2,2,2,2,2,2,2,2,0,0,0
2008,13,245,1,131069,1,4,2,2,3,1,4,1,1,2,1,2,1,2,1,1,2,2,2,2,3,2,2,2,2,2,1,1,2,2,2,0,0,0
2008,13,119,1,131070,1,4,1,2,1,2,3,2,1,1,1,2,1,2,2,2,1,2,2,2,3,2,2,2,2,1,2,2,2,2,2,0,0,0
2008,13,139,1,131071,1,4,1,2,1,2,4,2,1,2,1,2,1,2,2,2,1,2,2,2,3,2,2,2,2,2,1,1,2,2,2,0,0,0
2008,13,165,1,131072,1,4,1,2,4,2,5,2,1,1,1,2,1,2,2,2,2,2,1,2,3,2,2,2,2,2,2,2,1,2,2,0,0,0
2008,13,223,2,131073,1,4,2,2,4,2,4,2,1,2,1,2,1,2,2,2,2,2,2,2,3,2,2,2,2,2,2,2,1,2,2,0,0,0
2008,13,51,1,131074,1,4,1,2,2,2,3,2,4,1,1,2,2,2,2,1,2,2,2,2,3,2,2,2,2,2,2,2,1,2,2,0,0,0
2008,13,261,1,131075,1,4,1,2,1,2,5,2,3,1,1,2,2,2,2,2,2,2,2,2,2,1,1,1,1,2,2,1,1,2,2,0,0,0
2008,13,63,1,131076,1,4,2,2,4,1,4,1,1,1,2,2,1,2,2,1,2,2,1,2,1,2,2,2,2,2,2,2,2,2,2,0,0,0
2008,13,89,1,131077,1,4,2,2,1,2,4,2,3,1,2,2,2,2,2,2,2,2,2,2,1,2,2,2,2,2,2,2,1,2,2,0,0,0
2008,13,187,1,131078,1,4,1,2,1,2,3,2,4,1,2,2,2,2,1,2,2,2,2,2,3,2,2,2,2,1,2,2,1,2,2,0,0,0
2008,13,187,1,131079,1,4,1,2,4,2,5,2,1,2,2,2,1,2,2,2,2,2,1,2,3,2,2,2,2,2,2,2,1,2,2,0,0,0
2008,13,309,1,131080,1,4,1,2,4,2,5,2,1,1,2,2,1,2,2,1,2,2,1,2,1,2,2,2,2,2,2,2,1,2,2,0,0,0
2008,13,63,1,131081,1,4,2,2,4,1,3,1,1,2,2,2,1,2,2,1,2,2,2,2,2,2,2,2,2,2,1,1,2,2,2,0,0,0
2008,13,63,1,131082,1,4,2,2,4,1,6,1,1,2,2,2,1,2,1,2,2,2,2,2,1,2,2,2,2,2,2,2,2,2,2,0,0,0
2008,13,243,1,131083,1,4,1,2,1,2,6,2,1,2,1,2,1,2,2,2,2,1,2,2,3,2,2,2,2,2,2,2,2,2,2,0,0,0
2008,13,15,2,131084,1,4,2,1,4,2,1,2,1,1,1,2,1,2,2,2,2,2,1,2,3,2,2,2,2,2,2,2,1,2,2,0,0,0
2008,13,45,2,131085,1,4,3,3,1,2,7,2,3,2,2,2,2,2,2,2,2,2,2,2,1,1,1,1,1,2,2,1,1,2,2,0,0,0
2008,13,87,1,131086,1,4,1,2,1,2,5,2,1,1,1,2,1,2,2,2,2,2,2,2,1,2,2,2,2,2,2,2,2,2,2,0,0,0
2008,13,255,1,131087,1,4,1,2,1,2,4,2,3,2,1,2,3,2,2,2,2,2,2,2,3,2,2,1,1,2,2,1,1,2,2,0,0,0
2008,13,303,1,131088,1,4,1,2,4,2,6,2,1,2,2,2,1,2,2,2,2,2,2,2,2,2,2,2,2,2,2,2,1,2,2,0,0,0
2008,13,139,1,131089,1,4,1,2,1,2,3,2,1,1,1,2,1,2,1,2,2,2,2,2,2,2,2,2,2,1,2,2,2,2,2,0,0,0
2008,13,191,1,131090,1,4,1,2,2,2,5,2,1,1,1,2,1,2,2,2,1,2,2,2,3,2,2,2,2,2,2,2,2,2,2,0,0,0
2008,13,13,1,131091,1,4,2,2,1,2,4,3,4,1,1,2,3,2,1,2,2,2,2,2,3,2,2,1,1,1,2,1,2,2,2,0,0,0
2008,13,57,1,131092,1,4,1,2,1,2,3,2,3,1,1,2,2,2,2,2,2,2,2,2,3,2,2,2,2,2,2,2,1,2,2,0,0,0
2008,13,179,2,131093,1,4,1,2,4,2,3,2,1,2,1,2,1,2,2,2,2,2,1,2,1,2,2,2,2,2,2,2,1,2,2,0,0,0
2008,13,223,1,131094,1,4,2,2,1,1,4,1,3,1,1,2,2,2,2,2,2,2,2,2,3,2,2,2,2,2,1,1,2,2,2,0,0,0
2008,13,89,1,131095,1,4,2,1,1,2,1,2,4,1,1,2,3,1,2,2,2,2,1,2,3,1,1,1,1,2,2,1,2,2,2,0,0,0
2008,13,121,1,131096,1,4,2,2,1,1,4,1,5,1,1,2,2,2,2,2,2,2,2,2,3,2,2,2,2,2,2,2,2,2,2,0,0,0
2008,13,111,2,131097,1,4,1,2,4,2,5,2,1,1,1,2,1,2,2,2,2,2,1,2,2,2,2,2,2,2,2,2,1,2,2,0,0,0
2008,13,245,1,131098,1,4,2,1,4,2,1,2,1,2,1,2,1,2,2,2,2,2,1,2,1,2,2,2,2,2,2,2,1,2,2,0,0,0
2008,13,121,2,131099,1,4,2,2,1,2,3,2,3,2,2,2,2,2,2,2,2,2,2,2,3,2,2,2,2,2,2,2,1,2,2,0,0,0
2008,13,45,1,131100,1,4,1,2,4,2,6,2,1,2,2,2,1,2,2,1,2,2,2,2,1,1,1,1,1,2,2,1,1,2,2,0,0,0
2008,13,73,1,131101,1,4,2,2,4,2,6,2,1,2,2,2,1,2,2,2,2,2,2,2,1,2,2,2,2,2,2,2,1,2,2,0,0,0
2008,13,223,1,131102,1,4,2,2,1,2,4,2,1,1,2,2,2,2,2,2,1,2,2,2,3,2,2,2,2,2,2,2,2,2,2,0,0,0
2008,13,255,2,131103,1,4,1,2,1,1,4,1,4,2,1,2,3,2,2,2,2,2,1,2,3,2,2,2,2,2,2,2,2,2,2,0,0,0
2008,13,321,1,131104,1,4,1,2,1,2,4,2,1,1,1,2,1,1,2,2,2,2,1,2,3,2,2,2,2,2,2,2,1,2,2,0,0,0
2008,13,297,1,131105,1,4,1,2,1,1,4,1,4,1,1,2,2,2,2,2,2,2,2,2,3,2,2,2,2,2,2,2,2,2,2,0,0,0
2008,13,97,1,131106,1,4,2,2,1,2,4,3,4,1,1,2,2,2,2,2,2,2,2,2,3,2,2,2,2,2,2,2,2,2,2,0,0,0
2008,13,47,1,131107,1,4,2,2,4,2,4,2,1,2,2,2,1,2,1,1,2,2,2,2,1,2,2,2,2,2,2,2,1,2,2,0,0,0
2008,13,227,1,131108,1,4,1,2,1,2,3,2,1,2,2,2,1,2,2,2,1,2,2,2,3,2,2,2,2,2,1,1,2,2,2,0,0,0
2008,13,245,1,131109,1,4,2,2,4,1,6,1,1,2,1,2,1,2,2,1,2,2,2,2,1,2,2,2,2,2,2,2,2,2,2,0,0,0
2008,13,59,1,131110,1,4,2,2,1,1,3,1,4,2,2,2,2,2,2,2,2,2,2,2,3,2,2,1,1,2,1,1,2,2,2,0,0,0
2008,13,9,1,131111,1,4,1,2,4,2,5,2,1,1,1,2,1,2,2,1,2,2,1,2,3,2,2,2,2,1,2,2,1,2,2,0,0,0
2008,13,215,1,131112,1,4,2,2,1,1,6,1,4,1,1,2,2,2,2,2,2,2,1,2,1,1,1,1,1,2,2,1,2,2,2,0,0,0
2008,13,95,1,131113,1,4,2,2,1,2,3,2,1,2,1,1,1,2,2,2,1,2,2,2,3,2,2,2,2,2,2,2,2,2,2,0,0,0
2008,13,215,1,131114,1,4,2,2,4,2,5,2,1,2,2,2,1,2,1,2,2,2,2,2,1,2,2,2,2,2,2,2,1,2,2,0,0,0
2008,13,215,1,131115,1,4,2,2,1,1,4,1,4,1,1,2,2,2,2,2,2,2,2,2,3,2,2,2,2,1,2,2,2,2,2,0,0,0
2008,13,151,1,131116,1,4,1,2,1,2,4,2,3,2,1,2,2,2,2,2,2,2,2,2,3,2,2,2,2,2,2,2,1,2,2,0,0,0
2008,13,153,1,131117,1,4,2,2,1,2,6,3,1,1,1,2,1,2,2,2,2,1,2,2,3,2,2,2,2,2,2,2,2,2,2,0,0,0
2008,13,227,1,131118,1,4,1,2,1,1,3,1,4,1,2,2,2,2,2,2,2,2,2,2,3,2,2,2,2,1,2,2,2,2,2,0,0,0
2008,13,91,1,131119,1,4,1,2,4,2,6,2,1,2,1,2,1,2,2,2,2,2,1,2,3,1,1,1,1,2,2,1,1,2,2,0,0,0
2008,13,161,1,131120,1,4,1,2,4,2,4,2,1,1,1,2,1,2,2,2,2,2,1,2,2,1,1,1,1,2,2,1,1,2,2,0,0,0
2008,13,139,1,131121,1,4,2,2,1,2,3,2,1,2,2,2,1,2,2,2,1,2,2,2,3,2,2,2,2,2,1,1,2,2,2,0,0,0
2008,13,223,1,131122,1,4,2,2,1,1,4,1,3,1,2,2,2,2,2,2,2,2,2,2,3,2,2,2,2,1,2,2,2,2,2,0,0,0
2008,13,151,1,131123,1,4,2,2,4,2,3,2,1,1,2,2,1,2,2,2,2,2,1,2,1,2,2,2,2,2,2,2,1,2,2,0,0,0
2008,13,237,2,131124,1,4,1,2,1,2,3,2,4,1,2,2,2,2,1,2,2,2,2,2,1,2,2,2,2,2,1,1,1,2,2,0,0,0
2008,13,151,1,131125,1,4,2,2,1,1,3,1,4,1,1,2,2,2,2,2,2,2,1,2,3,2,2,2,2,1,2,2,2,2,2,0,0,0
2008,13,121,2,131126,1,4,2,2,1,2,4,2,3,2,1,2,2,2,2,1,2,2,2,1,3,2,2,2,2,2,1,1,1,2,2,0,0,0
2008,13,297,1,131127,1,4,1,2,4,2,6,2,1,2,2,2,1,2,2,2,2,2,2,2,2,1,1,1,1,2,2,1,1,2,2,0,0,0
2008,13,67,1,131128,1,4,2,2,1,1,4,1,4,2,2,2,2,2,2,2,2,2,2,2,3,2,2,2,2,2,2,2,2,2,2,0,0,0
2008,13,63,1,131129,1,4,2,2,4,2,6,2,1,1,2,2,1,2,1,1,2,2,2,2,3,1,1,1,1,2,2,1,1,2,2,0,0,0
2008,13,21,1,131130,1,4,2,2,1,2,3,2,1,2,1,1,1,2,2,2,1,2,2,2,3,2,2,2,2,2,2,2,2,2,2,0,0,0
2008,13,145,1,131131,1,4,1,2,1,1,4,1,4,1,1,2,2,2,2,2,2,2,2,2,3,2,2,2,2,1,2,2,2,2,2,0,0,0
2008,13,143,1,131132,1,4,1,2,4,2,5,2,1,2,2,2,1,2,2,1,2,2,1,2,1,2,2,2,2,2,2,2,1,2,2,0,0,0
2008,13,151,1,131133,1,4,2,2,1,2,6,2,1,1,1,2,2,2,2,2,1,2,2,2,3,2,2,2,2,2,2,2,2,1,2,0,0,0
2008,13,121,1,131134,1,4,2,2,1,1,3,1,1,2,1,2,1,2,2,2,1,2,2,2,3,2,2,2,2,2,2,2,2,2,2,0,0,0
2008,13,5,1,131135,1,4,3,3,1,2,7,2,3,1,2,2,2,2,2,2,2,2,2,2,3,2,2,2,2,2,2,2,1,2,2,0,0,0
2008,13,15,1,131136,1,4,2,1,1,2,1,2,1,2,2,2,1,2,2,2,1,2,2,2,3,2,2,2,2,2,2,2,2,2,2,0,0,0
2008,13,127,2,131137,1,4,3,3,4,2,7,2,1,2,2,2,1,2,1,2,2,2,2,2,1,2,2,2,2,2,2,2,1,2,2,0,0,0
2008,13,251,1,131138,1,4,1,2,4,2,3,2,1,2,2,2,1,2,2,2,2,2,2,2,1,2,2,2,2,2,2,2,1,2,2,0,0,0
2008,13,173,1,131139,1,4,1,2,1,1,4,1,2,2,1,2,2,1,2,2,2,2,2,2,3,1,1,1,1,2,2,1,2,1,2,0,0,0
2008,13,299,1,131140,1,4,1,2,4,2,5,2,1,2,1,2,1,2,2,1,2,2,1,2,1,2,2,2,2,2,2,2,1,2,2,0,0,0
2008,13,87,1,131141,1,4,1,2,4,2,4,2,1,2,1,2,1,2,2,2,2,2,1,2,2,2,2,2,2,2,2,2,1,2,2,0,0,0
2008,13,185,2,131142,1,4,2,1,2,2,1,2,1,1,1,2,1,2,2,2,2,2,1,2,2,2,2,2,2,1,2,2,1,2,2,0,0,0
2008,13,29,1,131143,1,4,1,2,4,2,4,2,1,2,1,2,1,2,2,1,2,2,2,2,3,2,2,1,1,2,2,1,1,2,2,0,0,0
2008,13,51,1,131144,1,4,2,2,1,1,6,1,1,1,1,1,1,2,2,2,2,1,2,2,3,2,2,2,2,2,2,2,2,2,2,0,0,0
2008,13,63,1,131145,1,4,2,2,1,2,4,2,1,2,1,1,2,2,2,2,1,2,2,2,3,2,2,2,2,2,1,1,2,2,2,0,0,0
2008,13,129,1,131146,1,4,1,2,1,1,4,1,4,1,1,2,2,2,2,2,2,2,2,2,3,2,2,2,2,1,1,1,2,2,2,0,0,0
2008,13,143,1,131147,1,4,1,2,4,2,5,2,1,2,1,2,1,2,2,2,2,2,2,2,2,2,2,2,2,2,2,2,1,2,2,0,0,0
2008,13,9,1,131148,1,4,1,2,1,1,3,1,3,1,1,2,2,2,1,2,2,2,2,2,3,2,2,2,2,2,2,2,2,2,2,0,0,0
2008,13,21,1,131149,1,4,1,2,4,2,5,2,1,1,1,2,1,2,2,2,2,2,1,2,3,2,2,2,2,2,1,1,1,2,2,0,0,0
2008,13,33,1,131150,1,4,1,2,1,2,5,2,1,2,2,2,1,2,2,2,1,2,2,2,3,2,2,2,2,2,2,2,2,2,2,0,0,0
2008,13,189,1,131151,1,4,2,2,1,2,6,2,1,2,2,2,1,2,2,2,1,2,2,2,3,2,2,2,2,2,1,1,2,2,2,0,0,0
2008,13,217,1,131152,1,4,1,2,4,2,5,2,1,1,1,2,1,2,2,2,2,2,2,2,1,2,2,2,2,2,2,2,1,2,2,0,0,0
2008,13,15,1,131153,1,4,1,2,4,2,6,2,1,1,1,2,1,2,2,2,2,2,1,2,2,2,2,2,2,2,2,2,1,2,2,0,0,0
2008,13,81,1,131154,1,4,1,2,1,1,4,1,2,1,1,2,2,2,2,2,2,2,2,2,3,2,2,2,2,1,2,2,2,2,2,0,0,0
2008,13,165,1,131155,1,4,1,2,1,1,5,1,4,1,1,2,2,1,2,2,2,2,2,2,3,2,2,2,2,1,2,2,2,2,2,0,0,0
2008,13,179,1,131156,1,4,1,2,1,2,4,3,2,1,1,2,3,2,1,2,2,2,2,2,3,2,2,2,2,1,2,2,2,2,2,0,0,0
2008,13,211,2,131157,1,4,1,2,2,2,4,2,1,1,1,2,1,2,2,2,1,2,2,2,3,2,2,2,2,1,2,2,1,2,2,0,0,0
2008,13,21,1,131158,1,4,2,2,1,2,3,2,3,2,1,2,2,2,2,2,2,2,2,2,1,2,2,2,2,2,2,2,2,2,2,0,0,0
2008,13,1,1,131159,1,4,1,2,1,2,5,2,3,2,2,2,2,1,2,2,2,2,1,2,1,2,2,2,2,2,1,1,1,2,2,0,0,0
2008,13,67,1,131160,1,4,2,2,1,1,4,1,1,2,1,1,1,2,2,1,2,1,2,2,3,2,2,2,2,2,2,2,2,2,2,0,0,0
2008,13,235,1,131161,1,4,1,2,1,2,4,2,4,1,1,2,2,2,2,1,2,2,2,2,3,2,2,2,2,2,2,2,1,2,2,0,0,0
2008,13,3,1,131162,1,4,1,2,1,1,3,1,4,1,2,2,2,1,2,2,2,2,2,2,2,2,2,2,2,1,2,2,2,2,2,0,0,0
2008,13,67,1,131163,1,4,2,1,1,2,1,2,1,2,2,2,1,2,2,2,1,2,2,2,3,2,2,2,2,2,2,2,2,2,2,0,0,0
2008,13,137,1,131164,1,4,1,2,4,2,4,2,1,1,2,2,1,2,2,2,2,2,1,2,3,2,2,2,2,2,2,2,1,2,2,0,0,0
2008,13,313,1,131165,1,4,2,2,1,1,4,1,4,1,2,2,2,2,2,2,2,2,2,2,3,2,2,2,2,1,1,1,2,2,2,0,0,0
2008,13,127,1,131166,1,4,2,1,3,2,1,2,1,1,2,2,2,2,2,2,2,2,1,2,3,2,2,2,2,2,2,2,1,2,2,0,0,0
2008,13,131,1,131167,1,4,1,2,1,2,5,2,5,2,2,2,2,2,2,2,2,2,1,2,2,2,2,2,2,2,2,2,2,2,2,0,0,0
2008,13,89,1,131168,1,4,2,2,1,1,4,1,2,1,1,2,3,2,2,1,2,2,1,2,3,2,2,2,2,1,2,2,2,2,2,0,0,0
2008,13,67,1,131169,1,4,2,2,1,2,4,2,1,1,1,2,1,2,2,2,1,2,2,2,3,2,2,2,2,2,2,2,2,2,2,0,0,0
2008,13,121,1,131170,1,4,2,2,4,2,2,2,1,1,1,2,1,2,2,2,2,2,2,2,3,2,2,2,2,2,2,2,1,2,2,0,0,0
2008,13,23,1,131171,1,4,1,2,1,1,4,1,4,1,1,2,2,2,2,2,2,2,2,2,3,1,1,1,1,2,1,1,2,2,2,0,0,0
2008,13,39,1,131172,1,4,2,1,4,2,1,2,1,1,1,2,1,1,2,2,2,2,2,2,3,2,2,2,2,2,2,2,1,2,2,0,0,0
2008,13,129,1,131173,1,4,1,2,1,2,5,2,1,2,1,2,1,2,2,2,1,2,2,2,3,2,2,2,2,2,2,2,2,2,2,0,0,0
2008,13,145,1,131174,1,4,1,2,1,1,5,1,1,2,1,2,1,2,2,2,2,2,1,2,1,2,2,2,2,2,2,2,2,2,2,0,0,0
2008,13,191,1,131175,1,4,1,2,1,2,5,2,4,1,1,2,2,1,2,1,2,2,2,2,2,2,2,2,2,1,2,2,2,2,2,0,0,0
2008,13,273,1,131176,1,4,1,2,1,1,4,1,4,1,1,2,2,2,2,2,2,2,2,2,3,2,2,2,2,1,2,2,2,2,2,0,0,0
2008,13,295,1,131177,1,4,2,2,1,1,3,1,4,1,1,2,2,2,2,2,2,2,2,2,2,2,2,2,2,2,2,2,2,2,2,0,0,0
2008,13,45,1,131178,1,4,1,2,4,2,5,2,1,2,2,2,1,2,2,1,2,2,1,2,3,1,1,1,1,2,2,1,1,2,2,0,0,0
2008,13,51,1,131179,1,4,1,2,1,2,5,2,5,2,2,2,2,2,1,1,2,2,2,2,3,2,2,2,2,2,2,2,1,2,2,0,0,0
2008,13,233,1,131180,1,4,1,2,1,2,5,3,1,1,1,2,1,2,2,2,2,2,1,2,3,2,2,2,2,2,2,2,2,2,2,0,0,0
2008,13,63,1,131181,1,4,2,2,1,1,6,1,4,2,2,2,2,2,2,2,2,2,2,2,1,2,2,2,2,2,2,2,2,2,2,0,0,0
2008,13,81,1,131182,1,4,2,2,1,1,3,1,4,1,2,2,2,1,2,2,2,2,1,2,3,2,2,2,2,2,2,2,2,2,2,0,0,0
2008,13,29,1,131183,1,4,1,2,1,2,5,2,5,2,1,2,2,2,2,2,2,2,2,2,2,2,2,2,2,2,2,2,1,2,2,0,0,0
2008,13,67,1,131184,1,4,2,1,2,2,1,2,1,2,2,2,2,1,2,2,2,2,2,2,3,2,2,2,2,2,2,2,1,2,2,0,0,0
2008,13,33,1,131185,1,4,1,2,1,2,5,2,5,1,1,2,2,1,2,2,2,2,1,2,3,2,2,2,2,2,2,2,2,2,2,0,0,0
2008,13,157,1,131186,1,4,2,2,4,2,4,2,1,1,2,2,1,2,2,2,2,2,2,2,1,2,2,2,2,2,2,2,1,2,2,0,0,0
2008,13,67,1,131187,1,4,2,2,4,2,3,2,1,2,1,2,1,2,2,2,2,2,2,2,2,2,2,2,2,2,1,1,1,2,2,0,0,0
2008,13,51,1,131188,1,4,2,2,1,2,3,2,2,2,1,2,2,1,2,1,2,2,2,2,3,2,2,2,2,2,2,2,2,2,2,0,0,0
2008,13,117,1,131189,1,4,1,2,1,2,4,2,3,1,1,2,2,2,2,2,2,2,2,2,3,2,2,2,2,2,2,2,1,2,2,0,0,0
2008,13,11,1,131190,1,4,1,1,4,2,1,2,1,1,1,2,1,1,2,2,2,2,1,2,2,2,2,2,2,2,2,2,1,2,2,0,0,0
2008,13,121,1,131191,1,4,2,1,1,2,1,2,2,1,1,2,2,2,2,2,2,2,2,2,2,2,2,2,2,2,1,1,2,2,2,0,0,0
2008,13,311,1,131192,1,4,1,2,1,1,4,1,2,1,1,2,3,2,2,2,2,2,1,2,3,2,2,2,2,1,2,2,2,2,2,0,0,0
2008,13,77,1,131193,1,4,1,2,4,2,6,2,1,1,1,2,1,2,1,1,2,2,2,2,3,2,2,2,2,2,1,1,1,2,2,0,0,0
2008,13,111,1,131194,1,4,1,2,1,1,3,1,4,2,1,2,2,2,2,2,2,2,2,2,1,2,2,2,2,2,2,2,2,2,2,0,0,0
2008,13,179,1,131195,1,4,2,2,1,1,3,1,2,1,1,2,2,2,1,2,2,2,2,2,3,2,2,2,2,2,2,2,2,2,2,0,0,0
2008,13,251,1,131196,1,4,1,2,4,2,5,2,1,2,1,2,1,2,2,2,2,2,1,1,3,2,2,2,2,2,2,2,1,2,2,0,0,0
2008,13,83,1,131197,1,4,1,2,1,1,5,1,3,2,2,2,3,2,2,2,2,2,2,2,3,2,2,2,2,2,2,2,2,2,2,0,0,0
2008,13,99,1,131198,1,4,2,2,1,2,4,2,3,1,1,2,2,1,2,1,2,2,2,2,3,1,1,1,1,2,2,1,1,2,2,0,0,0
2008,13,135,2,131199,1,4,2,2,1,2,6,2,3,1,1,2,2,2,2,2,2,2,1,2,3,1,1,1,1,2,2,1,1,2,2,0,0,0
2008,13,185,1,131200,1,4,2,2,1,1,4,1,2,1,1,2,3,2,2,2,2,2,2,2,1,1,1,1,1,2,2,1,2,2,2,0,0,0
2008,13,133,1,131201,1,4,1,1,4,2,1,2,1,1,2,2,1,2,2,2,2,2,1,2,3,2,2,2,2,2,2,2,1,2,2,0,0,0
2008,13,135,1,131202,1,4,2,2,1,2,4,2,4,1,2,2,3,2,2,1,2,2,2,2,3,1,1,1,1,1,1,1,2,2,2,0,0,0
2008,13,147,1,131203,1,4,1,2,4,1,6,1,1,2,2,2,1,2,2,2,2,2,2,2,3,2,2,2,2,2,2,2,2,2,2,0,0,0
2008,13,103,1,131204,1,4,1,2,4,2,4,2,1,1,2,2,1,2,2,2,2,2,1,2,3,2,2,2,2,2,2,2,1,2,2,0,0,0
2008,13,121,1,131205,1,4,2,2,1,1,4,1,3,1,2,2,2,2,2,2,2,2,2,2,3,2,2,2,2,2,1,1,2,2,2,0,0,0
2008,13,21,1,131206,1,4,2,2,4,2,5,2,1,1,1,2,1,2,2,2,2,2,1,2,3,2,2,2,2,2,2,2,1,2,2,0,0,0
2008,13,21,1,131207,1,4,2,2,4,2,4,2,1,1,1,2,1,2,2,2,2,2,2,2,3,2,2,2,2,1,2,2,1,2,2,0,0,0
2008,13,117,1,131208,1,4,2,2,1,1,5,1,3,1,1,2,2,2,2,2,2,2,2,2,3,1,1,1,1,2,2,1,2,2,2,0,0,0
2008,13,121,1,131209,1,4,1,1,1,2,1,3,1,2,1,1,1,2,2,2,1,2,2,2,3,2,2,2,2,2,2,2,2,2,2,0,0,0
2008,13,257,2,131210,1,4,2,2,1,1,3,1,4,1,1,2,2,1,2,2,2,2,2,2,3,2,2,2,2,1,2,2,2,2,2,0,0,0
2008,13,131,1,131211,1,4,1,2,1,2,4,2,2,1,1,2,2,1,2,2,2,2,2,2,3,2,2,2,2,1,2,2,2,2,2,0,0,0
2008,13,89,1,131212,1,4,2,2,4,2,4,2,1,2,1,2,1,2,2,2,2,2,2,2,3,2,2,2,2,2,2,2,1,2,2,0,0,0
2008,13,303,1,131213,1,4,1,2,4,2,4,2,1,1,1,2,1,2,2,2,2,2,1,2,3,2,2,2,2,2,2,2,1,2,2,0,0,0
2008,13,121,1,131214,1,4,2,1,2,2,1,3,1,1,1,2,1,2,2,2,1,2,2,2,2,2,2,2,2,2,2,2,2,2,2,0,0,0
2008,13,121,1,131215,1,4,2,2,1,2,3,2,1,1,1,2,1,2,2,2,1,2,2,2,3,2,2,2,2,2,2,2,2,2,2,0,0,0
2008,13,121,1,131216,1,4,2,1,4,1,1,1,1,2,2,2,1,2,2,2,2,2,2,2,3,2,2,2,2,2,2,2,1,2,2,0,0,0
2008,13,117,1,131217,1,4,2,2,1,1,3,1,2,1,1,2,2,2,2,2,2,2,2,2,3,2,2,2,2,1,2,2,2,2,2,0,0,0
2008,13,309,1,131218,1,4,1,2,4,2,5,2,1,1,1,2,1,2,2,1,2,2,1,2,3,2,2,2,2,2,2,2,1,2,2,0,0,0
2008,13,215,2,131219,1,4,2,2,1,2,3,2,2,2,1,2,3,1,2,2,2,2,2,2,3,2,2,2,2,2,2,2,2,2,2,0,0,0
2008,13,169,1,131220,1,4,2,2,4,1,6,1,1,1,2,2,1,2,2,2,2,2,2,2,3,2,2,2,2,1,2,2,2,2,2,0,0,0
2008,13,121,1,131221,1,4,2,2,1,1,3,1,1,2,1,1,2,2,2,2,1,2,2,2,3,2,2,2,2,2,2,2,2,2,2,0,0,0
2008,13,295,2,131222,1,4,1,2,1,1,4,1,4,1,1,2,2,2,2,2,2,2,2,2,3,2,2,2,2,2,2,2,2,2,2,0,0,0
2008,13,143,1,131223,1,4,1,2,1,1,5,1,4,1,2,2,2,2,2,2,2,2,2,2,3,2,2,2,2,1,2,2,2,1,2,0,0,0
2008,13,67,1,131224,1,4,2,2,1,2,4,2,1,1,1,2,1,2,1,2,1,2,2,2,3,2,2,2,2,2,2,2,2,2,2,0,0,0
2008,13,305,1,131225,1,4,1,2,4,2,5,2,1,2,2,2,1,2,2,2,2,2,1,2,1,2,2,2,2,1,2,2,1,2,2,0,0,0
2008,13,151,1,131226,1,4,2,2,4,2,5,2,4,1,2,2,1,2,2,2,2,2,2,2,2,2,2,2,2,2,2,2,1,2,2,0,0,0
2008,13,139,1,131227,1,4,2,2,1,2,4,2,3,1,1,2,2,2,2,2,2,2,2,2,2,1,1,1,1,1,2,1,1,2,2,0,0,0
2008,13,217,1,131228,1,4,1,2,4,2,5,2,1,1,1,2,1,2,2,2,2,2,1,2,2,2,2,2,2,1,2,2,1,2,2,0,0,0
2008,13,19,1,131229,1,4,3,3,1,2,7,2,1,1,2,2,1,2,2,2,2,2,1,2,3,2,2,2,2,1,2,2,2,2,1,0,0,0
2008,13,49,1,131230,1,4,1,2,1,1,5,1,3,1,1,2,2,2,2,2,2,2,2,2,2,2,2,2,2,2,1,1,2,2,2,0,0,0
2008,13,21,1,131231,1,4,1,2,4,2,4,2,1,1,1,2,1,2,2,2,2,2,1,2,3,1,1,1,1,2,2,1,1,2,2,0,0,0
2008,13,237,1,131232,1,4,1,2,4,2,3,2,1,3,2,2,1,2,2,2,2,2,2,2,1,2,2,2,2,2,1,1,1,2,2,0,0,0
2008,13,121,1,131233,1,4,2,2,1,1,4,1,4,1,1,2,2,2,2,2,2,2,2,2,3,2,2,2,2,2,2,2,2,2,2,0,0,0
2008,13,111,1,131235,1,4,1,2,1,2,3,2,3,1,1,2,3,1,2,1,2,2,1,2,3,2,2,2,2,2,2,2,1,2,2,0,0,0
2008,13,121,1,131236,1,4,2,2,1,1,4,1,4,2,1,2,2,2,1,2,2,2,2,2,3,2,2,2,2,2,2,2,2,2,2,0,0,0
2008,13,129,1,131237,1,4,1,2,4,2,4,2,1,1,1,2,1,2,2,1,2,2,1,2,3,2,2,2,2,2,2,2,1,2,2,0,0,0
2008,13,153,1,131238,1,4,2,2,4,2,4,2,1,1,1,2,1,2,1,1,2,2,2,2,2,2,2,2,2,2,1,1,1,2,2,0,0,0
2008,13,225,1,131239,1,4,1,2,1,2,3,2,4,2,1,2,2,1,2,2,2,2,2,2,1,2,2,2,2,2,2,2,1,1,2,0,0,0
2008,13,157,1,131240,1,4,1,1,4,2,1,2,1,2,1,1,2,1,2,2,2,2,2,2,3,2,2,2,2,1,2,2,1,2,2,0,0,0
2008,13,67,1,131241,1,4,2,2,1,1,3,1,4,1,1,2,2,2,2,2,2,2,2,2,3,2,2,2,2,1,2,2,2,2,2,0,0,0
2008,13,111,1,131242,1,4,1,2,1,2,3,2,3,2,1,2,2,2,2,2,2,2,2,2,1,1,1,1,1,2,2,1,2,2,2,0,0,0
2008,13,271,1,131243,1,4,3,3,4,2,7,2,1,1,1,2,1,2,2,2,2,2,1,2,2,2,2,2,2,1,2,2,1,2,2,0,0,0
2008,13,15,1,131244,1,4,2,1,4,2,1,2,1,2,1,2,1,2,2,2,2,2,1,2,2,2,2,2,2,2,2,2,1,2,2,0,0,0
2008,13,31,1,131245,1,4,1,2,4,2,6,2,1,2,2,2,1,2,2,2,2,2,1,2,2,1,1,1,1,2,2,1,1,2,2,0,0,0
2008,13,135,1,131246,1,4,2,2,4,2,6,2,1,2,2,2,1,2,2,1,2,2,2,2,1,1,1,1,1,2,2,1,1,2,2,0,0,0
2008,13,303,1,131247,1,4,1,2,1,1,4,1,4,2,2,2,2,2,2,2,2,2,1,2,3,2,2,2,2,2,2,2,2,2,2,0,0,0
2008,13,51,1,131248,1,4,2,2,1,2,3,2,1,2,2,2,2,2,2,2,2,1,2,2,3,2,2,2,2,2,2,2,2,2,2,0,0,0
2008,13,267,1,131249,1,4,1,2,4,2,6,2,1,2,2,2,1,2,2,1,2,2,1,2,1,2,2,2,2,2,2,2,1,2,2,0,0,0
2008,13,7,1,131250,1,4,1,2,1,2,4,2,4,1,2,2,2,1,2,2,2,2,2,2,3,2,2,1,1,2,2,1,2,2,2,0,0,0
2008,13,137,1,131251,1,4,1,2,1,2,5,2,1,1,2,2,1,2,2,2,2,2,1,2,3,1,1,1,1,2,2,1,1,2,2,0,0,0
2008,13,51,1,131252,1,4,3,3,1,1,7,1,4,1,1,2,2,1,2,2,2,2,2,2,3,2,2,2,2,2,2,2,2,2,2,0,0,0
2008,13,97,1,131253,1,4,3,3,4,2,7,2,1,2,1,2,1,2,1,1,2,2,2,2,3,2,2,2,2,2,2,2,1,2,2,0,0,0
2008,13,111,1,131254,1,4,1,2,4,2,5,2,1,1,1,2,1,2,2,2,2,2,1,2,3,2,2,2,2,1,2,2,1,2,2,0,0,0
2008,13,193,1,131255,1,4,1,2,4,2,6,2,1,2,1,2,1,2,2,2,2,2,1,2,1,2,2,2,2,2,1,1,1,2,2,0,0,0
2008,13,161,4,131256,1,4,1,2,1,1,5,1,4,1,2,2,2,2,2,2,2,2,2,2,2,2,2,2,2,2,2,2,2,2,2,0,0,0
2008,13,233,1,131257,1,4,2,2,1,1,3,1,4,1,1,2,2,2,2,2,2,2,2,2,2,2,2,2,2,2,2,2,2,2,2,0,0,0
2008,13,317,1,131258,1,4,1,2,4,2,3,2,1,1,1,2,1,1,2,2,2,2,1,2,2,2,2,2,2,2,2,2,1,2,2,0,0,0
2008,13,99,1,131259,1,4,1,2,4,2,6,2,1,2,1,2,1,2,2,1,2,2,1,2,1,2,2,2,2,2,1,1,1,2,2,0,0,0
2008,13,121,1,131260,1,4,3,3,1,2,7,2,2,1,1,2,3,1,2,2,2,2,2,2,3,2,2,2,2,2,2,2,2,2,2,0,0,0
2008,13,151,1,131261,1,4,2,2,1,1,4,1,4,1,1,2,2,2,2,2,2,2,2,2,3,2,2,2,2,2,2,2,2,2,2,0,0,0
2008,13,153,1,131262,1,4,2,2,1,1,3,1,5,1,1,2,3,2,2,1,2,2,1,2,3,2,2,2,2,2,1,1,2,2,2,0,0,0
2008,13,153,1,131263,1,4,3,3,1,1,7,1,4,1,1,2,3,2,2,2,2,2,2,2,3,2,2,2,2,1,2,2,2,2,2,0,0,0
2008,13,73,1,131264,1,4,1,2,4,2,6,2,1,1,1,2,1,2,2,2,2,2,1,2,2,2,2,2,2,2,1,1,1,2,2,0,0,0
2008,13,135,1,131265,1,4,2,2,4,2,4,2,1,1,1,2,1,2,2,1,2,2,1,2,2,2,2,2,2,1,2,2,1,2,2,0,0,0
2008,13,1,1,131266,1,4,1,2,1,1,5,1,4,2,2,2,3,1,2,2,2,2,2,2,3,1,1,1,1,2,1,1,2,2,2,0,0,0
2008,13,55,1,131267,1,4,1,2,1,2,4,2,3,1,1,2,2,2,2,2,2,2,2,2,2,2,2,2,2,2,2,2,1,2,2,0,0,0
2008,13,275,1,131268,1,4,1,2,4,2,5,2,1,2,2,2,1,2,2,2,2,2,2,2,2,2,2,2,2,2,2,2,1,2,2,0,0,0
2008,13,23,1,131269,1,4,1,2,1,2,4,2,2,2,2,2,2,2,2,2,2,2,1,2,3,1,1,1,1,2,2,1,2,2,2,0,0,0
2008,13,51,1,131270,1,4,2,2,4,2,3,2,1,2,2,2,1,2,2,2,2,2,2,2,3,2,2,2,2,2,2,2,1,2,2,0,0,0
2008,13,119,1,131271,1,4,1,1,1,2,1,2,2,2,2,2,2,1,2,2,2,2,1,2,3,2,2,2,2,2,2,2,2,2,2,0,0,0
2008,13,215,1,131272,1,4,2,2,1,2,3,2,5,2,2,2,2,2,2,2,2,2,2,2,1,2,2,2,2,2,2,2,1,2,1,0,0,0
2008,13,217,1,131273,1,4,2,2,1,2,6,2,1,2,2,2,1,2,2,2,1,2,2,2,3,2,2,2,2,2,2,2,2,2,2,0,0,0
2008,13,15,1,131274,1,4,1,2,4,2,5,2,1,2,2,2,1,2,2,1,2,2,1,2,2,1,1,1,1,2,2,1,1,2,2,0,0,0
2008,13,121,1,131275,1,4,2,1,1,2,1,2,1,1,2,2,3,2,2,2,1,2,2,2,3,1,1,1,1,2,2,1,2,2,2,0,0,0
2008,13,151,1,131276,1,4,1,2,3,2,5,2,1,2,2,2,1,2,2,2,2,2,1,2,1,1,1,1,1,2,2,1,1,2,2,0,0,0
2008,13,181,1,131277,1,4,1,2,4,2,5,2,1,2,2,2,1,2,2,2,2,2,2,1,1,2,2,2,2,2,2,2,1,2,2,0,0,0
2008,13,297,1,131278,1,4,2,2,4,2,6,2,1,2,2,2,1,2,2,1,2,2,1,2,1,1,1,1,1,2,2,1,1,2,2,0,0,0
2008,13,97,1,131279,1,4,2,2,1,2,6,2,1,1,1,2,2,2,1,2,2,2,2,2,3,2,2,2,2,2,2,2,1,2,2,0,0,0
2008,13,151,1,131280,1,4,2,2,1,1,3,1,4,1,1,2,3,2,2,2,2,2,2,2,3,2,2,2,2,1,2,2,2,2,2,0,0,0
2008,13,215,1,131281,1,4,2,2,1,2,3,2,4,2,1,2,2,2,2,2,2,2,2,2,1,2,2,2,2,2,1,1,1,2,2,0,0,0
2008,13,83,3,131282,1,4,1,2,1,2,5,2,4,1,1,2,2,2,2,2,2,2,2,2,1,2,2,2,2,2,1,1,1,2,2,0,0,0
2008,13,89,1,131283,1,4,2,1,1,2,1,2,1,2,1,2,2,2,2,2,1,2,2,2,3,2,2,2,2,2,2,2,2,2,2,0,0,0
2008,13,135,1,131284,1,4,2,2,4,2,6,2,1,1,1,2,1,2,2,2,2,2,2,2,1,2,2,2,2,2,2,2,1,2,2,0,0,0
2008,13,185,1,131285,1,4,1,2,4,2,5,2,1,1,1,2,1,2,2,2,2,2,2,2,3,2,2,2,2,2,2,2,1,2,2,0,0,0
2008,13,51,1,131286,1,4,2,1,1,2,1,2,2,1,1,1,2,1,1,1,2,2,2,2,3,2,2,2,2,2,1,1,2,2,2,0,0,0
2008,13,121,2,131287,1,4,2,1,4,2,1,3,1,1,1,2,1,2,2,1,2,2,1,1,3,2,2,2,2,2,2,2,1,2,2,0,0,0
2008,13,267,1,131288,1,4,3,3,4,2,7,2,1,2,1,2,1,2,2,1,2,2,2,2,1,2,2,2,2,2,1,1,1,2,2,0,0,0
2008,13,15,1,131289,1,4,2,2,1,1,3,1,2,2,2,2,3,2,2,2,2,2,1,2,1,2,2,2,2,2,2,2,2,2,2,0,0,0
2008,13,51,1,131290,1,4,2,2,1,2,3,3,4,1,1,2,2,2,1,2,2,2,2,2,3,2,2,2,2,2,2,2,2,2,2,0,0,0
2008,13,121,1,131291,1,4,2,1,4,2,1,3,1,1,1,2,1,2,1,1,2,2,2,1,2,2,2,2,2,2,2,2,1,2,2,0,0,0
2008,13,277,2,131292,1,4,1,2,1,2,4,2,1,2,2,2,1,2,2,2,2,2,1,2,3,2,2,2,2,2,2,2,2,2,2,0,0,0
2008,13,39,1,131293,1,4,3,3,1,2,7,2,1,1,1,2,1,2,2,2,2,2,1,2,3,2,2,2,2,2,2,2,2,1,2,0,0,0
2008,13,29,1,131294,1,4,1,2,1,2,5,2,1,2,2,2,1,2,2,1,2,2,1,2,2,2,2,2,2,2,2,2,1,2,2,0,0,0
2008,13,77,1,131295,1,4,2,2,1,1,4,1,4,2,2,2,2,2,2,2,2,2,2,2,3,1,1,1,1,2,2,1,2,2,2,0,0,0
2008,13,67,1,131296,1,4,2,2,1,1,4,1,2,2,2,2,3,2,2,2,2,2,2,2,3,2,2,2,2,2,2,2,2,2,2,0,0,0
2008,13,135,1,131297,1,4,2,1,4,1,1,1,1,2,2,2,1,2,2,2,2,2,2,2,1,2,2,2,2,2,2,2,1,2,2,0,0,0
2008,13,313,1,131298,1,4,1,2,4,2,5,2,1,2,2,2,1,2,2,2,2,2,2,2,3,2,2,2,2,2,2,2,1,2,2,0,0,0
2008,13,51,1,131299,1,4,3,3,4,2,7,2,1,2,2,2,1,2,2,1,2,2,2,2,3,2,2,2,2,2,2,2,1,2,2,0,0,0
2008,13,67,1,131300,1,4,2,2,4,1,4,1,1,1,1,2,1,2,2,2,2,2,1,2,3,2,2,2,2,2,1,1,2,2,2,0,0,0
2008,13,83,1,131301,1,4,3,3,2,2,7,2,1,1,1,2,1,1,2,2,2,2,1,2,2,2,2,2,2,2,2,2,1,2,2,0,0,0
2008,13,303,1,131302,1,4,1,2,4,2,5,2,1,1,1,2,1,2,2,2,2,2,1,2,2,2,2,2,2,2,2,2,1,2,2,0,0,0
2008,13,15,1,131303,1,4,2,1,3,2,1,2,1,2,1,2,1,2,2,2,2,2,1,2,3,1,1,1,1,2,2,1,1,2,1,0,0,0
2008,13,89,1,131304,1,4,3,3,4,2,7,2,1,1,1,2,1,2,2,2,1,2,2,2,3,2,2,1,1,2,2,1,2,2,2,0,0,0
2008,13,247,1,131305,1,4,2,2,1,1,4,1,4,1,1,2,2,1,2,2,2,2,2,2,3,2,2,2,2,1,2,2,2,2,2,0,0,0
2008,13,97,1,131306,1,4,2,2,1,2,4,2,3,2,1,2,2,1,2,2,2,2,2,2,3,2,2,2,2,2,2,2,1,2,2,0,0,0
2008,13,129,1,131307,1,4,2,2,1,2,4,2,3,1,1,2,3,2,2,2,2,2,1,2,3,1,1,1,1,1,1,1,1,2,2,0,0,0
2008,13,217,1,131308,1,4,2,1,4,2,1,2,1,2,1,2,1,2,2,2,2,2,2,2,2,2,2,2,2,1,2,2,1,2,2,0,0,0
2008,13,89,1,131309,1,4,2,2,1,2,3,2,1,2,1,1,1,2,2,2,1,2,2,2,3,2,2,2,2,2,2,2,2,2,2,0,0,0
2008,13,89,1,131310,1,4,2,2,1,2,2,2,1,2,1,2,1,2,2,2,1,2,2,2,3,2,2,2,2,2,2,2,2,2,2,0,0,0
2008,13,261,1,131311,1,4,3,3,4,1,7,1,1,2,1,2,1,2,2,2,2,2,2,2,3,2,2,2,2,1,2,2,2,2,2,0,0,0
2008,13,49,1,131312,1,4,1,2,4,2,6,2,1,2,1,2,1,2,2,2,2,2,2,1,3,2,2,2,2,2,2,2,1,2,2,0,0,0
2008,13,83,1,131313,1,4,1,1,1,2,1,2,4,1,1,2,3,2,2,2,2,2,2,2,3,2,2,2,2,2,2,2,1,2,2,0,0,0
2008,13,85,1,131314,1,4,1,2,4,2,5,2,1,1,1,2,1,2,2,1,2,2,1,2,3,1,1,1,1,2,2,1,1,2,2,0,0,0
2008,13,97,1,131315,1,4,2,2,1,2,6,2,3,2,2,2,2,2,2,2,2,2,2,2,3,2,2,2,2,1,2,2,1,2,2,0,0,0
2008,13,217,1,131316,1,4,1,2,1,1,4,1,4,2,2,2,2,2,2,2,2,2,2,2,3,2,2,2,2,1,2,2,2,2,2,0,0,0
2008,13,75,1,131317,1,4,1,1,2,2,1,2,1,1,2,2,1,2,2,2,2,2,1,2,3,2,2,2,2,2,2,2,1,2,2,0,0,0
2008,13,77,1,131318,1,4,1,2,2,2,5,2,1,2,2,1,1,2,2,2,2,2,1,2,3,2,2,2,2,2,2,2,1,2,2,0,0,0
2008,13,259,1,131319,1,4,1,2,1,1,4,1,6,2,2,2,2,2,2,2,2,2,1,2,2,2,2,2,2,2,2,2,2,2,2,0,0,0
2008,13,299,1,131320,1,4,1,2,4,2,3,2,1,1,2,2,1,2,2,2,2,2,2,2,1,2,2,2,2,2,1,1,1,2,2,0,0,0
2008,13,51,1,131321,1,4,1,1,1,2,1,2,1,2,2,2,2,2,2,2,1,2,2,2,3,2,2,2,2,2,2,2,2,2,2,0,0,0
2008,13,57,1,131322,1,4,2,1,2,2,1,2,1,2,2,2,1,2,2,2,2,2,1,2,1,1,1,1,1,2,2,1,1,2,2,0,0,0
2008,13,245,1,131323,1,4,2,2,1,2,6,2,6,2,2,2,2,2,2,1,1,2,2,2,3,2,2,1,1,2,2,1,1,2,2,0,0,0
2008,13,67,1,131324,1,4,2,2,4,2,6,2,1,1,1,2,1,2,2,1,2,2,1,2,2,2,2,2,2,2,1,1,1,2,2,0,0,0
2008,13,223,1,131325,1,4,2,2,1,2,4,2,3,1,1,2,2,1,2,1,2,2,2,2,3,2,2,2,2,2,1,1,1,2,2,0,0,0
2008,13,111,1,131326,1,4,1,2,4,2,5,2,1,1,1,2,1,2,2,1,2,2,2,2,1,2,2,2,2,2,2,2,1,2,2,0,0,0
2008,13,289,1,131327,1,4,1,2,1,2,4,2,1,2,1,2,1,2,2,2,1,2,2,2,1,2,2,2,2,2,2,2,2,2,2,0,0,0
2008,13,121,1,131328,1,4,2,2,4,1,5,1,1,1,2,2,1,2,2,2,2,2,2,2,3,2,2,2,2,2,2,2,2,2,2,0,0,0
2008,13,97,1,131329,1,4,1,2,1,2,5,2,3,1,1,2,2,1,2,2,2,2,2,2,3,2,2,2,2,2,2,2,1,2,2,0,0,0
2008,13,121,1,131330,1,4,2,2,1,1,4,1,1,1,1,1,1,2,2,2,1,2,2,2,3,2,2,2,2,2,1,1,2,2,2,0,0,0
2008,13,245,1,131331,1,4,2,2,1,2,4,2,3,1,1,2,2,2,2,2,2,2,2,2,1,2,2,2,2,2,1,1,1,2,2,0,0,0
2008,13,73,1,131332,1,4,2,2,1,1,4,1,3,1,1,2,2,2,2,2,2,2,2,2,3,2,2,2,2,1,2,2,2,2,2,0,0,0
2008,13,193,1,131333,1,4,1,2,1,2,4,2,4,1,1,2,2,1,1,1,2,2,2,2,3,2,2,2,2,2,2,2,2,2,2,0,0,0
2008,13,63,1,131334,1,4,2,2,1,1,4,1,4,1,1,2,2,2,2,2,2,2,2,2,3,2,2,2,2,1,2,2,2,2,2,0,0,0
2008,13,121,1,131335,1,4,2,2,1,1,4,1,4,2,2,2,2,2,1,2,2,2,2,2,3,2,2,2,2,2,2,2,2,2,2,0,0,0
2008,13,207,1,131336,1,4,1,2,4,2,6,2,1,2,2,2,1,2,2,1,2,2,2,2,3,2,2,2,2,2,2,2,1,2,2,0,0,0
2008,13,235,1,131337,1,4,1,2,1,2,4,2,4,1,1,2,2,2,2,2,2,2,1,2,1,2,2,2,2,2,1,1,1,1,2,0,0,0
2008,13,63,1,131338,1,4,2,2,4,2,6,2,1,1,1,2,1,2,2,2,2,2,2,2,1,2,2,2,2,2,2,2,1,2,2,0,0,0
2008,13,13,1,131339,1,4,1,2,4,2,6,2,1,1,1,2,1,2,2,1,2,2,2,2,3,2,2,2,2,2,2,2,1,2,2,0,0,0
2008,13,209,1,131340,1,4,1,2,2,2,6,2,1,1,2,2,1,2,2,2,2,2,1,2,1,2,2,2,2,2,2,2,1,2,2,0,0,0
2008,13,33,1,131341,1,4,1,2,1,2,6,3,1,2,2,2,1,1,2,2,1,2,2,2,2,2,2,2,2,2,2,2,2,2,2,0,0,0
2008,13,151,1,131342,1,4,2,1,4,2,1,2,1,2,2,2,1,2,2,2,2,2,2,2,1,2,2,2,2,2,2,2,1,2,2,0,0,0
2008,13,33,1,131343,1,4,2,2,1,2,3,2,4,2,1,2,2,2,2,2,2,2,1,2,3,1,1,1,1,2,2,1,1,1,2,0,0,0
2008,13,251,3,131344,1,4,1,2,1,2,5,2,3,2,1,2,2,2,2,2,2,2,2,2,2,2,2,2,2,1,2,2,1,1,2,0,0,0
2008,13,21,1,131345,1,4,2,2,1,2,3,3,4,1,1,2,2,2,2,2,2,2,2,2,3,2,2,2,2,1,1,1,2,2,2,0,0,0
2008,13,121,2,131346,1,4,1,2,1,2,6,2,1,2,2,2,1,2,2,2,2,2,2,2,3,2,2,2,2,1,2,2,2,2,2,0,0,0
2008,13,223,1,131347,1,4,2,2,1,1,3,1,4,1,1,2,2,2,2,2,2,2,2,2,3,2,2,2,2,1,2,2,2,2,2,0,0,0
2008,13,121,1,131348,1,4,2,2,1,1,4,1,4,1,1,2,2,2,2,2,2,2,2,2,3,2,2,2,2,1,2,2,2,2,2,0,0,0
2008,13,89,1,131349,1,4,2,2,1,2,3,2,1,2,1,1,1,2,2,2,1,2,2,2,3,2,2,2,2,2,1,1,2,2,2,0,0,0
2008,13,89,1,131350,1,4,2,2,4,2,5,2,1,2,2,2,1,2,2,1,2,2,1,2,3,1,1,1,1,2,2,1,1,2,2,0,0,0
2008,13,75,1,131351,1,4,2,1,1,2,1,3,4,2,1,2,2,2,2,2,2,2,2,2,2,2,2,2,2,2,2,2,2,2,2,0,0,0
2008,13,217,1,131352,1,4,2,2,4,2,6,2,1,1,1,2,1,1,2,2,2,2,1,2,2,2,2,2,2,2,2,2,2,2,2,0,0,0
2008,13,89,1,131353,1,4,2,2,4,2,6,2,1,1,2,2,1,2,2,1,2,2,1,2,3,2,2,2,2,2,1,1,1,2,2,0,0,0
2008,13,21,1,131354,1,4,1,1,1,2,1,2,2,2,2,2,2,1,2,2,2,2,1,2,1,2,2,2,2,2,2,2,2,2,2,0,0,0
2008,13,57,1,131355,1,4,2,2,1,1,4,1,4,2,1,2,2,2,2,1,2,2,2,1,1,1,1,1,1,2,1,1,2,2,2,0,0,0
2008,13,245,1,131356,1,4,2,2,1,1,3,1,4,2,2,2,3,2,2,2,2,2,2,2,3,2,2,2,2,2,2,2,2,2,2,0,0,0
2008,13,45,1,131357,1,4,1,2,2,2,3,2,1,1,1,2,1,2,2,2,2,2,2,2,3,2,2,2,2,1,2,2,1,2,2,0,0,0
2008,13,121,1,131358,1,4,2,2,2,2,5,2,1,2,1,2,1,2,2,1,2,2,2,2,1,2,2,1,1,2,2,1,1,2,2,0,0,0
2008,13,317,1,131359,1,4,1,2,4,2,5,2,1,2,1,2,1,2,2,1,2,2,1,2,3,1,1,1,1,2,2,1,1,2,2,0,0,0
2008,13,237,1,131360,1,4,1,2,4,2,6,2,1,2,1,2,1,2,2,2,2,2,1,2,1,2,2,2,2,2,2,2,1,2,2,0,0,0
2008,13,295,1,131361,1,4,2,2,2,1,4,1,1,2,1,2,1,1,2,1,2,2,1,2,2,2,2,2,2,2,1,1,2,2,2,0,0,0
2008,13,121,1,131362,1,4,2,2,1,1,4,1,1,2,1,2,1,2,2,2,1,2,2,2,3,2,2,2,2,2,2,2,2,2,2,0,0,0
2008,13,89,1,131363,1,4,2,1,1,2,1,2,2,2,2,2,2,2,2,2,2,2,2,2,3,1,1,1,1,2,2,1,2,2,2,0,0,0
2008,13,21,1,131364,1,4,2,2,1,1,4,1,4,1,2,2,2,2,1,2,2,2,2,2,3,2,2,2,2,2,2,2,2,2,2,0,0,0
2008,13,121,1,131365,1,4,2,2,1,1,4,1,4,2,1,2,3,2,2,2,2,2,2,2,3,2,2,2,2,2,2,2,2,2,2,0,0,0
2008,13,121,1,131366,1,4,2,2,1,2,6,2,1,1,1,2,1,2,1,1,2,2,2,2,2,2,2,1,1,2,2,1,2,2,2,0,0,0
2008,13,47,1,131367,1,4,1,2,4,2,3,2,1,1,1,2,1,2,1,1,2,2,2,2,3,2,2,2,2,2,2,2,1,2,2,0,0,0
2008,13,291,1,131368,1,4,1,2,1,1,5,1,3,1,1,2,3,2,2,2,2,2,2,2,3,2,2,2,2,1,2,2,2,2,2,0,0,0
2008,13,121,1,131369,1,4,2,2,1,2,4,2,1,2,1,2,2,2,2,2,1,2,2,2,3,2,2,2,2,2,1,1,2,2,2,0,0,0
2008,13,171,1,131370,1,4,1,2,1,2,6,2,1,1,1,2,1,2,1,2,2,2,2,2,3,2,2,2,2,2,2,2,2,2,2,0,0,0
2008,13,89,1,131371,1,4,2,2,2,2,3,3,1,2,2,1,1,2,2,2,1,2,2,2,3,2,2,2,2,2,2,2,2,2,2,0,0,0
2008,15,3,1,150001,1,9,2,2,1,1,2,1,1,2,1,2,1,2,2,2,1,2,2,2,3,2,2,2,2,2,2,2,2,2,2,0,0,0
2008,15,3,1,150002,1,9,2,2,4,1,5,1,1,1,1,2,1,2,2,2,2,2,2,2,2,2,2,2,2,1,2,2,2,2,2,0,0,0
2008,15,1,1,150003,1,9,1,2,1,2,4,2,1,2,1,2,1,2,2,2,1,2,2,2,2,1,1,1,1,2,2,1,2,2,2,0,0,0
2008,15,3,1,150004,1,9,2,2,1,1,3,1,1,2,1,2,1,2,2,1,1,2,2,2,1,2,2,2,2,2,2,2,2,2,2,0,0,0
2008,15,3,1,150005,1,9,1,2,1,2,3,2,3,2,2,2,2,2,2,1,2,2,2,2,1,2,2,2,2,2,1,1,1,1,2,0,0,0
2008,15,7,1,150006,1,9,1,2,1,2,4,2,1,1,1,2,1,2,2,2,1,2,2,2,3,2,2,2,2,2,2,2,2,1,2,0,0,0
2008,15,9,1,150007,1,9,1,2,2,2,6,2,1,2,2,2,1,2,1,2,2,2,2,2,2,2,2,2,2,2,1,1,1,2,2,0,0,0
2008,15,1,1,150008,1,9,1,2,4,2,4,2,1,1,1,2,1,2,2,2,2,2,1,2,1,2,2,2,2,2,2,2,1,2,2,0,0,0
2008,15,7,1,150009,1,9,1,2,1,2,3,2,6,1,2,2,3,2,2,2,2,2,2,2,2,2,2,2,2,2,2,2,2,2,2,0,0,0
2008,15,1,1,150010,1,9,1,2,4,2,5,2,1,2,2,2,1,2,2,1,2,2,1,2,1,2,2,2,2,2,2,2,1,2,2,0,0,0
2008,15,1,1,150011,1,9,2,2,4,2,5,2,1,2,2,2,1,2,2,1,2,2,2,2,1,2,2,2,2,2,1,1,1,2,2,0,0,0
2008,15,9,1,150012,1,9,1,2,4,1,4,1,1,2,2,2,1,2,2,2,2,2,1,2,1,2,2,2,2,2,2,2,2,2,2,0,0,0
2008,15,1,1,150013,1,9,1,2,4,2,6,2,1,1,1,2,1,2,2,2,2,2,1,2,1,2,2,2,2,1,2,2,1,2,2,0,0,0
2008,15,3,1,150014,1,9,2,2,1,1,3,1,1,1,1,2,1,2,2,2,1,2,2,2,3,2,2,2,2,2,2,2,2,1,2,0,0,0
2008,15,1,1,150015,1,9,1,2,1,1,4,1,2,1,2,2,2,2,2,2,2,2,2,2,2,2,2,2,2,2,2,2,2,2,2,0,0,0
2008,15,3,1,150016,1,9,2,2,4,1,4,1,1,2,1,2,1,2,1,2,2,2,2,2,2,1,1,1,1,2,2,1,2,2,2,0,0,0
2008,15,1,1,150017,1,9,1,2,4,2,5,2,1,2,2,2,1,2,2,1,2,2,2,2,1,2,2,2,2,2,2,2,1,2,2,0,0,0
2008,15,7,1,150018,1,9,2,2,4,2,6,2,1,2,2,2,1,2,2,1,2,2,1,2,1,2,2,2,2,2,2,2,1,2,2,0,0,0
2008,15,1,1,150019,1,9,1,2,2,2,4,2,1,1,2,2,1,2,1,2,2,2,2,2,1,2,2,2,2,2,2,2,1,2,2,0,0,0
2008,15,9,1,150020,1,9,1,2,1,2,5,2,1,2,2,2,1,2,2,2,2,2,2,2,2,2,2,2,2,1,2,2,2,2,2,0,0,0
2008,15,3,1,150021,1,9,2,1,4,2,1,2,1,2,1,2,1,2,2,1,2,2,1,2,2,2,2,2,2,2,1,1,1,2,2,0,0,0
2008,15,7,1,150022,1,9,1,2,1,2,4,2,3,2,2,2,2,2,2,1,2,2,2,2,2,1,1,1,1,1,2,1,1,2,2,0,0,0
2008,15,3,1,150023,1,9,2,2,4,2,6,2,1,1,1,2,1,2,2,1,2,2,2,2,3,2,2,2,2,1,2,2,1,2,2,0,0,0
2008,15,1,1,150024,1,9,2,2,4,1,6,1,1,2,2,2,1,2,1,2,2,2,2,2,1,2,2,2,2,2,2,2,2,2,2,0,0,0
2008,15,9,1,150025,1,9,1,2,2,2,4,2,1,2,2,2,1,2,2,2,2,2,2,2,1,2,2,2,2,2,2,2,1,2,2,0,0,0
2008,15,1,1,150026,1,9,1,2,1,1,4,1,4,1,1,2,3,2,2,2,2,2,2,2,2,1,1,1,1,1,2,1,2,2,2,0,0,0
2008,15,3,1,150027,1,9,1,2,1,2,4,2,3,1,2,2,2,2,1,1,2,2,2,2,3,2,2,2,2,2,2,2,1,2,2,0,0,0
2008,15,3,1,150028,1,9,1,2,1,2,3,2,3,1,1,2,2,2,2,2,2,2,2,2,3,2,2,2,2,1,2,2,1,2,2,0,0,0
2008,15,3,1,150029,1,9,2,2,1,1,4,1,5,2,1,2,2,2,1,1,2,2,2,2,1,2,2,2,2,2,2,2,2,2,2,0,0,0
2008,15,9,1,150030,1,9,1,2,4,2,5,2,1,2,2,2,1,2,2,1,2,2,1,2,2,1,1,1,1,2,2,1,1,2,2,0,0,0
2008,15,1,1,150031,1,9,1,2,1,2,4,2,3,1,1,2,2,1,2,1,2,2,2,2,2,2,2,2,2,2,2,2,1,2,2,0,0,0
2008,15,3,1,150032,1,9,2,2,1,1,4,1,1,1,2,2,1,2,2,2,1,2,2,2,3,2,2,2,2,2,2,2,2,1,2,0,0,0
2008,15,1,1,150033,1,9,1,2,4,2,3,2,1,2,2,2,1,2,2,1,2,2,1,2,1,2,2,2,2,2,2,2,1,2,2,0,0,0
2008,15,9,1,150034,1,9,2,2,2,2,4,2,1,2,2,2,1,2,1,1,2,2,2,2,1,2,2,2,2,2,2,2,1,2,2,0,0,0
2008,15,9,1,150035,1,9,2,2,1,2,5,2,1,2,1,2,1,2,2,1,1,2,2,2,1,2,2,2,2,2,2,2,2,2,2,0,0,0
2008,15,9,1,150036,1,9,1,2,1,2,6,3,4,1,1,2,2,2,1,2,2,2,2,2,2,2,2,2,2,2,2,2,2,1,2,0,0,0
2008,15,7,1,150037,1,9,1,2,2,2,4,2,1,2,1,2,1,2,2,1,2,2,2,2,1,1,1,1,1,2,2,1,1,2,2,0,0,0
2008,15,7,2,150038,1,9,1,2,4,2,6,2,1,1,2,2,1,2,2,1,2,2,1,2,2,2,2,2,2,2,2,2,1,2,2,0,0,0
2008,15,3,2,150039,1,9,2,2,4,2,3,2,1,2,1,2,2,2,2,1,2,2,1,2,1,2,2,2,2,2,2,2,1,2,2,0,0,0
2008,15,9,1,150040,1,9,2,2,1,2,5,2,1,2,1,2,1,2,2,2,1,2,2,2,2,2,2,2,2,2,2,2,2,1,1,0,0,0
2008,15,3,1,150041,1,9,2,2,4,1,6,1,1,1,1,2,1,2,2,2,2,2,2,2,2,2,2,2,2,1,2,2,2,2,2,0,0,0
2008,15,3,1,150042,1,9,1,2,2,2,3,2,1,2,2,2,1,2,2,1,2,2,2,2,1,2,2,2,2,2,2,2,1,2,2,0,0,0
2008,15,9,1,150043,1,9,1,2,2,2,3,2,1,2,1,2,1,2,1,2,2,2,2,2,1,2,2,2,2,2,2,2,1,2,2,0,0,0
2008,15,9,1,150044,1,9,1,2,2,2,5,2,1,2,1,2,1,2,2,2,2,2,2,2,2,2,2,2,2,2,1,1,1,1,2,0,0,0
2008,15,3,1,150045,1,9,2,2,1,2,4,2,1,2,1,1,2,2,2,2,1,2,2,2,3,2,2,2,2,2,2,2,2,2,2,0,0,0
2008,15,3,1,150046,1,9,2,2,1,1,6,1,4,2,1,2,2,2,1,1,2,2,2,2,3,1,1,1,1,2,2,1,2,2,2,0,0,0
2008,15,3,1,150047,1,9,2,2,4,2,4,3,1,1,1,2,1,1,2,2,1,2,2,2,3,2,2,2,2,2,2,2,2,1,2,0,0,0
2008,15,1,1,150048,1,9,1,2,4,2,4,2,1,2,1,2,1,2,2,1,2,2,1,2,1,2,2,2,2,2,2,2,1,2,2,0,0,0
2008,15,3,1,150049,1,9,2,1,4,2,1,3,1,2,2,2,1,2,1,1,2,2,2,2,2,1,1,1,1,2,2,1,1,2,2,0,0,0
2008,15,3,1,150050,1,9,2,2,4,2,4,2,1,1,1,1,1,2,2,2,2,1,2,2,3,2,2,2,2,1,2,2,1,2,2,0,0,0
2008,15,3,1,150051,1,9,2,1,1,2,1,2,5,1,1,2,2,2,2,2,2,2,1,2,3,1,1,1,1,2,2,1,2,2,2,0,0,0
2008,15,1,1,150052,1,9,1,2,1,1,5,1,4,2,2,2,2,2,2,1,2,2,2,2,2,2,2,1,1,2,2,1,2,2,2,0,0,0
2008,15,3,1,150053,1,9,2,2,1,1,3,1,1,2,2,2,1,2,2,2,1,2,2,2,3,2,2,2,2,1,2,2,2,2,2,0,0,0
2008,15,9,1,150054,1,9,1,2,4,2,6,2,1,2,2,2,1,2,2,2,2,2,1,2,1,2,2,2,2,2,1,1,1,2,2,0,0,0
2008,15,1,1,150055,1,9,1,2,4,2,4,2,1,1,2,2,1,2,1,1,2,2,2,2,1,2,2,2,2,2,2,2,1,2,2,0,0,0
2008,15,7,1,150056,1,9,1,2,1,2,5,2,3,2,1,2,3,2,2,2,2,2,2,2,1,2,2,2,2,1,1,1,2,1,2,0,0,0
2008,15,3,1,150057,1,9,2,2,1,1,4,1,1,2,1,2,1,2,2,1,1,2,2,2,3,2,2,2,2,2,2,2,2,1,2,0,0,0
2008,15,3,1,150058,1,9,2,2,1,2,3,2,1,2,1,2,1,2,2,1,1,2,2,2,3,2,2,2,2,2,1,1,2,1,2,0,0,0
2008,15,3,1,150059,1,9,2,1,1,2,1,2,1,2,2,2,1,2,2,2,1,2,2,2,3,2,2,2,2,1,2,2,2,2,2,0,0,0
2008,15,3,1,150060,1,9,1,2,2,2,3,2,1,2,1,1,1,2,2,2,2,1,2,2,3,2,2,2,2,2,2,2,1,2,2,0,0,0
2008,15,3,1,150061,1,9,2,1,2,3,1,3,1,2,2,2,2,2,2,1,2,2,1,2,1,2,2,2,2,2,1,1,1,2,2,0,0,0
2008,15,1,1,150062,1,9,2,2,1,2,4,2,1,2,1,2,1,2,2,2,1,2,2,2,2,2,2,2,2,2,2,2,2,2,2,0,0,0
2008,15,9,1,150063,1,9,1,2,4,2,3,2,1,1,2,2,1,2,2,2,2,2,2,2,1,2,2,2,2,2,2,2,1,2,2,0,0,0
2008,15,3,1,150064,1,9,2,2,1,2,5,2,1,1,2,2,1,1,2,2,2,2,2,2,3,2,2,2,2,2,2,2,2,2,2,0,0,0
2008,15,1,1,150065,1,9,2,2,2,2,5,2,1,2,2,2,1,2,2,1,2,2,1,2,2,2,2,2,2,2,2,2,1,2,2,0,0,0
2008,15,3,1,150066,1,9,2,1,2,2,1,3,1,1,2,2,1,2,1,1,2,2,2,2,2,2,2,2,2,2,2,2,1,2,2,0,0,0
2008,15,7,2,150067,1,9,1,2,1,2,3,2,3,1,1,2,2,2,2,1,2,2,2,2,1,2,2,2,2,2,2,2,2,2,2,0,0,0
2008,15,9,1,150068,1,9,1,2,1,2,4,2,3,1,1,2,2,2,1,2,2,2,2,2,2,2,2,2,2,2,2,2,1,2,2,0,0,0
2008,15,1,1,150069,1,9,1,2,4,2,6,2,1,1,1,2,1,2,2,2,2,2,2,2,1,2,2,2,2,2,2,2,1,1,2,0,0,0
2008,15,1,1,150070,1,9,1,2,1,1,3,1,4,1,1,2,3,2,1,2,2,2,2,2,1,2,2,2,2,1,1,1,2,1,2,0,0,0
2008,15,1,1,150071,1,9,1,2,1,1,3,1,4,2,1,2,2,2,1,1,2,2,2,2,2,2,2,2,2,2,2,2,2,1,2,0,0,0
2008,15,3,1,150072,1,9,2,2,1,1,3,1,1,1,2,2,1,2,2,2,1,2,2,2,3,2,2,2,2,2,2,2,2,1,2,0,0,0
2008,15,3,1,150073,1,9,2,2,1,1,5,1,1,1,1,2,1,1,2,2,2,2,2,2,3,2,2,2,2,2,2,2,2,2,2,0,0,0
2008,15,9,1,150074,1,9,1,2,1,2,4,2,2,2,1,2,2,2,1,2,2,2,2,2,1,2,2,2,2,2,2,2,2,2,2,0,0,0
2008,15,3,1,150075,1,9,2,2,4,2,4,2,1,2,1,2,1,2,1,1,2,2,2,2,1,2,2,2,2,2,2,2,1,2,2,0,0,0
2008,15,1,1,150076,1,9,2,2,4,2,3,2,1,3,2,2,1,2,2,2,2,2,1,2,1,2,2,2,2,2,2,2,1,2,2,0,0,0
2008,15,3,1,150077,1,9,2,1,2,2,1,2,5,2,2,1,1,2,2,1,1,2,2,2,1,2,2,2,2,2,2,2,2,2,2,0,0,0
2008,15,1,1,150078,1,9,1,2,1,2,5,2,3,1,2,2,2,2,1,1,2,2,2,2,2,2,2,2,2,2,2,2,1,2,2,0,0,0
2008,15,1,1,150079,1,9,1,2,1,2,5,2,1,1,1,2,1,2,1,2,2,2,2,2,2,2,2,2,2,2,2,2,2,2,2,0,0,0
2008,15,3,1,150080,1,9,2,2,4,1,5,1,1,2,2,2,1,2,2,2,2,2,2,2,2,2,2,2,2,1,2,2,2,2,2,0,0,0
2008,15,3,1,150081,1,9,2,2,4,1,6,1,1,2,1,2,1,2,1,1,2,2,2,2,1,2,2,2,2,2,1,1,2,2,2,0,0,0
2008,15,3,1,150082,1,9,1,2,1,2,3,2,3,1,1,2,2,1,2,2,2,2,2,2,3,1,1,1,1,2,2,1,1,2,2,0,0,0
2008,15,9,1,150083,1,9,1,2,1,2,5,2,1,1,1,2,1,2,1,1,2,2,2,2,1,2,2,2,2,2,2,2,2,2,2,0,0,0
2008,15,3,1,150084,1,9,2,2,1,1,3,1,2,2,2,2,2,1,2,2,2,2,2,2,3,2,2,2,2,2,2,2,2,2,1,0,0,0
2008,15,9,1,150085,1,9,1,2,1,1,6,1,4,1,1,2,2,2,1,2,2,2,2,2,2,1,1,1,1,2,2,1,2,2,2,0,0,0
2008,15,7,1,150086,1,9,1,2,1,2,5,2,3,2,1,2,2,2,2,1,2,2,1,2,1,2,2,2,2,2,1,1,1,1,2,0,0,0
2008,15,9,1,150087,1,9,1,2,1,2,4,2,3,2,1,2,2,2,2,2,2,2,2,2,1,2,2,2,2,2,2,2,1,2,2,0,0,0
2008,15,9,2,150088,1,9,1,2,1,1,5,1,4,2,1,2,2,2,2,1,2,2,1,2,1,2,2,2,2,2,2,2,2,2,2,0,0,0
2008,15,1,1,150089,1,9,1,2,1,2,5,2,3,2,2,2,2,2,2,1,2,2,2,2,1,2,2,2,2,2,2,2,1,2,2,0,0,0
2008,15,1,1,150090,1,9,1,2,4,2,5,2,1,1,1,2,1,2,2,1,2,2,1,2,2,1,1,1,1,2,2,1,1,2,2,0,0,0
2008,15,3,1,150091,1,9,2,2,1,2,5,2,1,1,1,2,1,2,2,2,2,2,2,2,3,1,1,1,1,2,2,1,2,2,2,0,0,0
2008,15,9,1,150092,1,9,2,2,1,2,4,2,3,1,2,2,2,2,2,1,2,2,2,2,3,1,1,1,1,2,2,1,1,2,2,0,0,0
2008,15,1,1,150093,1,9,1,2,1,2,5,2,1,2,2,1,1,2,2,1,1,2,2,2,1,2,2,1,1,2,2,1,2,2,2,0,0,0
2008,15,1,1,150094,1,9,1,2,1,2,6,2,1,2,1,1,1,2,2,2,1,2,2,2,3,2,2,2,2,2,2,2,2,1,2,0,0,0
2008,15,1,1,150095,1,9,1,2,4,2,6,2,1,1,2,2,1,2,1,2,2,2,2,2,1,2,2,2,2,2,2,2,1,2,2,0,0,0
2008,15,9,1,150096,1,9,1,2,2,2,4,2,1,2,1,2,1,2,2,2,2,2,2,2,2,2,2,2,2,2,2,2,1,2,1,0,0,0
2008,15,1,1,150097,1,9,1,2,4,2,4,2,1,2,2,2,1,2,2,2,2,2,1,2,1,2,2,2,2,2,2,2,1,2,1,0,0,0
2008,15,3,2,150098,1,9,2,2,1,1,3,1,4,2,1,2,2,2,1,1,2,2,1,2,1,2,2,2,2,2,1,1,2,2,2,0,0,0
2008,15,9,1,150099,1,9,2,2,4,1,3,1,1,2,2,2,1,2,2,1,2,2,2,2,1,2,2,1,1,2,2,1,2,1,2,0,0,0
2008,15,3,1,150100,1,9,2,2,1,1,4,1,1,1,1,2,1,2,2,2,1,2,2,2,3,1,1,1,1,2,2,1,2,1,2,0,0,0
2008,15,9,1,150101,1,9,2,2,1,2,6,2,4,1,1,2,2,2,2,2,2,2,1,2,2,2,2,2,2,2,2,2,1,2,2,0,0,0
2008,15,3,1,150102,1,9,2,2,1,2,3,2,5,1,1,1,2,2,1,2,2,2,2,2,3,2,2,2,2,2,2,2,2,2,2,0,0,0
2008,16,57,1,160001,1,10,1,2,1,2,4,2,4,1,1,2,2,2,2,1,2,2,2,2,3,2,2,2,2,2,2,2,1,2,2,0,0,0
2008,16,19,1,160002,1,10,2,1,1,2,1,2,4,2,2,2,2,2,2,2,2,2,1,2,1,2,2,2,2,2,2,2,2,2,2,0,0,0
2008,16,27,1,160003,1,10,1,2,1,1,5,1,4,1,1,2,2,2,2,2,2,2,2,2,2,2,2,2,2,2,2,2,2,2,2,0,0,0
2008,16,55,2,160004,1,10,2,1,2,2,1,3,6,2,1,2,1,2,2,1,2,2,2,2,2,2,2,2,2,1,2,2,1,2,2,0,0,0
2008,16,43,1,160005,1,10,1,2,1,2,3,2,4,1,1,2,2,2,2,1,2,2,2,2,2,1,1,1,1,2,2,1,1,2,2,0,0,0
2008,16,55,3,160006,1,10,1,2,1,2,3,2,4,2,2,2,2,2,2,1,2,2,2,2,2,2,2,2,2,2,1,1,1,2,2,1,0,1
2008,16,43,1,160007,1,10,1,2,1,2,3,2,4,1,1,2,2,1,2,1,2,2,2,2,2,2,2,2,2,2,1,1,2,2,2,0,0,0
2008,16,55,1,160008,1,10,2,2,1,1,4,1,4,1,1,2,2,2,2,2,2,2,1,2,1,2,2,2,2,2,2,2,2,2,2,0,0,0
2008,16,27,1,160009,1,10,1,2,4,2,5,2,1,2,2,2,1,2,2,1,2,2,1,2,1,1,1,1,1,2,2,1,1,2,2,0,0,0
2008,16,57,1,160010,1,10,1,2,4,2,3,2,1,1,2,2,2,2,2,1,2,2,2,2,3,2,2,2,2,1,2,2,1,2,2,0,0,0
2008,16,65,1,160011,1,10,1,2,1,1,3,1,1,2,2,2,1,2,2,2,1,2,2,2,3,2,2,2,2,2,2,2,2,2,2,0,0,0
2008,16,31,1,160012,1,10,1,1,1,2,1,2,2,1,1,2,2,1,2,1,2,2,2,2,3,2,2,2,2,1,2,2,2,2,2,0,0,0
2008,16,1,1,160013,1,10,2,2,1,1,3,1,3,2,1,2,2,1,2,2,2,2,2,2,3,2,2,2,2,2,2,2,2,2,2,0,0,0
2008,16,37,1,160014,1,10,1,2,4,2,3,2,1,1,1,2,1,2,2,2,2,2,1,2,1,2,2,2,2,2,2,2,1,2,2,0,0,0
2008,16,27,1,160015,1,10,1,2,1,1,3,1,5,1,1,2,3,2,2,1,2,2,2,2,3,1,1,1,1,2,2,1,2,2,2,0,0,0
2008,16,1,2,160016,1,10,1,2,4,2,4,2,1,1,2,2,1,2,2,1,2,2,2,2,1,2,2,2,2,2,1,1,1,2,2,0,0,0
2008,16,67,1,160017,1,10,1,1,4,2,1,2,1,2,1,2,1,2,2,1,2,2,1,2,1,1,1,1,1,2,2,1,1,1,2,0,0,0
2008,16,53,1,160018,1,10,1,2,4,2,5,2,1,2,2,2,1,2,2,1,2,2,1,2,1,2,2,2,2,2,2,2,1,2,2,0,0,0
2008,16,31,1,160019,1,10,1,2,1,1,6,1,4,1,1,2,2,2,2,2,2,2,2,2,3,1,1,1,1,1,2,1,2,2,2,0,0,0
2008,16,53,1,160020,1,10,1,1,3,2,1,2,1,1,1,2,1,2,2,1,2,2,1,2,2,2,2,2,2,2,2,2,1,2,2,0,0,0
2008,16,69,1,160021,1,10,2,2,2,2,4,2,1,1,1,2,1,2,1,1,2,2,2,2,1,2,2,2,2,2,2,2,1,2,2,0,0,0
2008,16,19,1,160022,1,10,2,2,1,2,4,2,1,2,2,2,1,2,2,2,2,1,2,2,3,2,2,2,2,2,2,2,2,2,2,0,0,0
2008,16,5,1,160023,1,10,1,2,1,2,3,2,3,1,2,2,2,1,2,2,2,2,2,2,1,2,2,2,2,2,2,2,1,2,2,0,0,0
2008,16,27,1,160024,1,10,2,2,1,2,3,2,1,2,1,2,1,2,2,2,1,2,2,2,2,2,2,2,2,2,2,2,2,2,2,0,0,0
2008,16,17,1,160025,1,10,1,2,4,2,4,2,1,2,2,2,1,2,2,2,2,2,1,2,1,2,2,2,2,2,2,2,1,2,2,0,0,0
2008,16,65,1,160026,1,10,1,2,1,1,3,1,4,2,1,2,2,2,2,2,2,2,2,2,2,2,2,2,2,2,1,1,2,1,2,0,0,0
2008,16,11,1,160027,1,10,1,1,4,2,1,2,1,1,2,2,1,2,2,1,2,2,1,2,2,2,2,2,2,2,2,2,1,2,2,1,1,1
2008,16,69,1,160028,1,10,1,2,4,2,3,2,1,2,2,2,1,2,2,2,2,2,1,2,1,2,2,2,2,2,1,1,1,2,1,1,1,1
2008,16,27,1,160029,1,10,2,2,1,1,3,1,4,1,1,2,2,1,2,2,2,2,1,2,3,2,2,2,2,2,2,2,2,2,2,0,0,0
2008,16,27,1,160030,1,10,1,2,4,2,6,2,1,2,2,2,1,2,2,2,2,2,1,2,1,2,2,2,2,2,2,2,1,2,2,0,0,0
2008,16,83,1,160031,1,10,2,2,1,2,3,2,1,2,1,2,1,2,2,2,1,2,2,2,2,1,1,1,1,2,2,1,2,2,2,0,0,0
2008,16,27,1,160032,1,10,2,1,1,2,1,3,3,1,1,2,2,2,2,2,2,2,2,2,3,1,1,1,1,2,2,1,1,2,2,0,0,0
2008,16,19,1,160033,1,10,2,2,3,2,3,2,1,2,2,2,1,2,2,2,2,2,2,2,1,2,2,2,2,2,1,1,1,2,2,0,0,0
2008,16,17,1,160034,1,10,1,2,1,2,3,2,4,1,1,2,3,2,2,1,2,2,2,2,3,2,2,2,2,2,2,2,1,2,2,0,0,0
2008,16,27,1,160035,1,10,2,2,1,2,6,3,1,2,2,2,2,2,1,1,2,2,2,2,1,2,2,1,1,2,2,1,2,2,2,0,0,0
2008,16,83,1,160036,1,10,2,2,2,1,4,1,1,3,1,2,1,2,2,1,2,2,1,2,1,2,2,2,2,2,2,2,2,2,2,0,0,0
2008,16,13,2,160037,1,10,1,2,1,2,4,2,4,1,1,2,2,1,2,2,2,2,2,2,3,2,2,2,2,2,2,2,1,2,2,0,0,0
2008,16,67,1,160038,1,10,2,1,3,2,1,2,1,1,1,2,1,2,2,1,2,2,1,2,3,2,2,2,2,2,2,2,1,2,2,0,0,0
2008,16,27,1,160039,1,10,2,2,4,2,4,2,1,2,2,2,1,2,2,1,2,2,2,2,1,2,2,2,2,2,2,2,1,2,2,0,0,0
2008,16,67,1,160040,1,10,1,2,4,2,6,2,1,2,2,2,1,2,2,1,2,2,1,2,1,1,1,1,1,2,2,1,1,1,2,0,0,0
2008,16,1,1,160041,1,10,2,2,1,1,3,1,4,1,1,2,2,2,2,1,2,2,2,2,3,1,1,1,1,1,2,1,2,1,2,0,0,0
2008,16,27,1,160042,1,10,2,1,1,2,1,2,1,2,1,2,1,2,2,1,2,2,1,2,1,2,2,2,2,2,2,2,1,2,2,0,0,0
2008,16,1,1,160043,1,10,2,2,1,2,3,3,4,2,2,2,2,2,1,2,2,2,2,2,3,2,2,2,2,2,2,2,2,2,2,0,0,0
2008,16,19,1,160044,1,10,1,2,1,1,3,1,5,1,1,2,2,2,2,2,2,2,2,2,3,2,2,2,2,1,2,2,2,1,2,0,0,0
2008,16,55,1,160045,1,10,1,2,1,2,3,2,5,2,1,2,2,2,2,2,2,2,2,2,3,2,2,2,2,1,2,2,1,2,2,0,0,0
2008,16,1,1,160046,1,10,2,2,1,1,3,1,4,2,1,2,2,1,2,1,2,2,2,2,1,1,1,1,1,2,2,1,2,2,2,0,0,0
2008,16,49,1,160047,1,10,1,2,4,2,6,2,1,1,2,2,1,2,2,1,2,2,1,2,3,2,2,2,2,2,2,2,1,2,2,1,1,1
2008,16,15,2,160048,1,10,1,2,4,2,3,2,1,2,1,2,1,2,2,2,2,2,1,2,1,2,2,2,2,2,1,1,1,2,2,0,0,0
2008,16,37,1,160049,1,10,1,2,4,2,3,2,1,2,1,2,1,2,2,2,2,2,1,2,3,2,2,2,2,2,2,2,1,1,2,0,0,0
2008,16,27,1,160050,1,10,1,1,3,2,1,2,1,1,1,2,1,2,2,1,2,2,1,2,2,2,2,2,2,2,2,2,1,2,2,0,0,0
2008,16,27,1,160051,1,10,1,2,1,2,4,2,5,1,1,2,3,2,2,2,2,2,2,2,3,2,2,2,2,1,1,1,1,2,2,0,0,0
2008,16,69,1,160052,1,10,1,2,1,2,3,2,5,2,1,2,2,1,2,2,2,2,2,2,3,2,2,2,2,2,2,2,1,1,2,1,1,1
2008,16,21,1,160053,1,10,1,2,4,2,3,2,1,1,1,2,1,2,2,2,2,2,1,2,1,2,2,2,2,2,2,2,1,2,2,0,0,0
2008,16,63,1,160054,1,10,1,2,4,2,5,2,1,2,2,2,1,2,1,2,2,2,2,2,2,2,2,2,2,2,2,2,1,2,2,0,0,0
2008,16,27,1,160055,1,10,2,2,1,1,3,1,4,1,1,2,2,2,2,1,2,2,2,2,3,1,1,1,1,2,1,1,2,2,2,0,0,0
2008,16,17,1,160056,1,10,1,2,1,2,3,2,4,1,1,2,3,2,2,2,2,2,2,2,3,2,2,2,2,1,1,1,1,2,2,0,0,0
2008,16,47,1,160057,1,10,1,2,1,1,4,1,4,1,2,2,2,2,1,2,2,2,2,2,2,2,2,2,2,1,2,2,2,1,2,0,0,0
2008,16,11,1,160058,1,10,1,1,3,2,1,2,1,2,2,2,1,2,2,2,2,2,1,2,3,1,2,1,2,2,2,2,1,2,1,1,1,1
2008,16,17,1,160059,1,10,1,2,4,2,5,2,1,2,1,2,1,2,2,1,2,2,1,2,1,1,1,1,1,2,2,1,1,2,2,0,0,0
2008,16,13,1,160060,1,10,1,2,4,2,4,2,1,2,2,2,1,2,2,2,2,2,2,2,1,2,2,2,2,2,2,2,1,2,2,0,0,0
2008,16,31,1,160061,1,10,1,1,1,2,1,2,5,1,2,2,2,2,2,2,2,2,1,2,2,2,2,2,2,2,2,2,1,2,1,0,0,0
2008,16,49,1,160062,1,10,1,2,4,2,4,2,1,2,1,2,1,1,2,2,2,2,1,2,2,2,2,2,2,2,2,2,1,2,1,0,0,0
2008,16,37,1,160063,1,10,1,2,2,2,5,2,1,3,1,2,1,2,2,1,2,2,1,2,3,1,1,1,1,2,2,1,1,2,2,0,0,0
2008,16,17,1,160064,1,10,1,2,1,2,3,2,1,1,1,2,2,2,2,2,2,2,2,2,3,2,2,2,2,1,2,2,2,2,2,0,0,0
2008,16,55,1,160065,1,10,2,2,1,2,4,3,4,1,1,2,2,2,1,2,2,2,2,2,2,2,2,2,2,1,2,2,2,1,2,0,0,0
2008,16,45,3,160066,1,10,1,2,1,2,5,2,4,1,2,2,2,2,2,2,2,2,1,2,2,1,1,1,1,2,2,1,2,2,2,0,0,0
2008,16,17,1,160067,1,10,1,2,4,2,3,2,1,2,2,2,1,1,2,1,2,2,1,2,1,2,2,2,2,2,2,2,1,1,2,0,0,0
2008,16,67,1,160068,1,10,1,2,1,2,5,2,1,1,1,2,1,2,2,2,2,2,1,2,3,1,1,1,1,2,2,1,1,1,2,0,0,0
2008,16,69,1,160069,1,10,2,2,1,2,4,3,4,1,1,2,2,2,1,1,2,2,2,2,2,2,2,2,2,2,2,2,2,1,2,0,0,0
2008,16,69,2,160070,1,10,1,2,4,2,3,2,1,2,1,2,2,2,2,2,2,2,2,2,3,2,2,2,2,1,2,2,1,1,2,1,1,1
2008,16,75,1,160071,1,10,1,2,1,2,3,2,4,1,2,2,2,2,1,2,2,2,2,2,2,2,2,2,2,1,2,2,2,1,2,0,0,0
2008,16,55,1,160072,1,10,2,2,1,1,5,1,5,2,1,2,2,2,2,2,2,2,2,2,1,2,2,2,2,2,2,2,2,2,2,0,0,0
2008,16,87,1,160073,1,10,1,2,4,2,5,2,1,1,2,2,1,2,1,1,2,2,2,2,2,2,2,2,2,1,2,2,1,2,2,0,0,0
2008,16,5,1,160074,1,10,1,1,3,2,1,2,1,1,1,2,1,2,2,2,2,2,1,2,3,2,2,2,2,2,2,2,1,2,2,0,0,0
2008,16,31,1,160075,1,10,2,2,1,2,3,2,1,2,1,1,1,2,2,2,2,1,2,2,3,2,2,2,2,2,2,2,2,2,2,0,0,0
2008,16,67,1,160076,1,10,2,2,1,1,4,1,4,2,1,2,2,2,2,2,2,2,2,2,3,1,1,1,1,2,2,1,2,1,2,0,0,0
2008,16,55,1,160077,1,10,1,2,1,2,6,2,1,1,1,2,1,1,2,1,2,2,1,2,2,2,2,2,2,2,2,2,1,2,2,1,0,1
2008,16,47,2,160078,1,10,1,2,1,1,5,1,4,2,2,2,2,2,2,2,2,2,2,2,1,2,2,2,2,2,2,2,2,2,2,0,0,0
2008,16,31,1,160079,1,10,1,2,4,2,6,2,1,1,1,2,1,2,2,1,2,2,1,2,3,2,2,1,1,2,2,1,1,1,2,0,0,0
2008,16,55,1,160080,1,10,1,2,4,2,5,2,1,1,1,2,1,2,2,1,2,2,1,2,3,2,2,2,2,2,2,2,1,2,2,0,0,0
2008,16,55,1,160081,1,10,1,2,1,1,3,1,1,1,2,2,3,2,1,2,2,2,2,2,3,1,1,1,1,2,2,1,2,1,2,0,0,0
2008,16,49,1,160082,1,10,1,2,1,2,4,2,5,1,1,2,2,2,1,1,2,2,2,2,3,2,2,2,2,2,2,2,1,2,2,0,0,0
2008,16,5,1,160083,1,10,1,2,4,2,5,2,1,2,1,2,1,2,2,2,2,2,1,2,3,2,2,2,2,2,1,1,1,1,2,0,0,0
2008,16,33,1,160084,1,10,1,1,4,2,1,2,1,2,2,2,1,2,2,2,2,2,1,2,3,2,2,2,2,2,2,2,1,2,2,0,0,0
2008,16,45,1,160085,1,10,1,2,4,2,4,2,1,2,2,2,2,2,2,2,2,2,1,2,1,2,2,2,2,1,2,2,1,2,2,0,0,0
2008,16,5,1,160086,1,10,1,2,4,2,5,2,1,2,2,2,1,2,1,2,2,2,2,2,1,2,2,2,2,2,2,2,1,1,2,0,0,0
2008,16,17,1,160087,1,10,1,2,4,2,4,2,1,2,1,2,1,2,2,2,2,2,1,2,1,1,1,1,1,2,2,1,1,1,2,0,0,0
2008,16,17,1,160088,1,10,1,2,4,2,3,2,1,2,1,2,1,1,2,2,2,2,1,2,2,2,2,2,2,2,2,2,1,1,1,0,0,0
2008,16,13,2,160089,1,10,1,2,1,2,5,2,1,1,2,2,1,2,2,2,2,2,1,2,2,1,1,1,1,2,2,1,1,2,1,0,0,0
2008,16,15,1,160090,1,10,1,2,1,2,5,3,1,2,2,2,1,2,2,1,2,2,1,2,1,2,2,2,2,2,2,2,2,2,2,0,0,0
2008,16,53,1,160091,1,10,1,1,3,2,1,2,1,1,1,2,1,2,2,2,2,2,1,2,2,2,2,1,1,2,2,1,1,1,2,0,0,0
2008,16,55,1,160092,1,10,1,1,4,2,1,2,1,1,2,2,1,2,2,2,2,2,1,2,1,2,2,2,2,2,2,2,1,1,2,1,0,1
2008,16,31,1,160093,1,10,1,1,1,2,1,2,1,2,2,2,1,2,2,2,1,2,2,2,3,2,2,2,2,2,2,2,2,1,1,0,0,0
2008,16,19,1,160094,1,10,1,2,4,2,3,2,1,1,2,2,1,2,2,1,2,2,1,2,3,2,2,2,2,2,2,2,1,2,1,0,0,0
2008,16,31,1,160095,1,10,1,2,4,2,5,2,1,1,1,2,1,2,2,1,2,2,1,2,2,1,1,1,1,2,2,1,1,2,2,0,0,0
2008,16,1,1,160096,1,10,1,2,1,2,5,2,1,2,1,2,1,2,2,2,2,2,2,2,3,2,2,2,2,2,2,2,2,2,2,0,0,0
2008,16,47,1,160097,1,10,1,2,4,2,5,2,1,2,2,2,1,2,2,1,2,2,2,2,1,1,1,1,1,2,2,1,1,2,2,0,0,0
2008,16,1,1,160098,1,10,2,2,1,1,4,1,3,2,1,2,2,2,1,2,2,2,2,2,1,2,2,2,2,2,2,2,2,2,2,0,0,0
2008,16,85,1,160099,1,10,1,2,4,2,3,2,1,1,2,2,1,2,1,2,2,2,2,2,2,2,2,2,2,2,2,2,1,1,2,0,0,0
2008,16,65,2,160100,1,10,1,2,1,2,5,3,1,1,1,2,1,2,2,2,2,2,2,2,3,2,2,2,2,2,2,2,2,1,2,0,0,0
2008,16,49,1,160101,1,10,1,3,4,2,7,2,1,1,1,2,1,2,2,2,2,2,1,2,2,2,2,2,2,1,2,2,1,1,2,1,1,1
2008,16,27,1,160102,1,10,1,2,4,2,6,2,1,2,1,2,1,2,2,1,2,2,1,2,3,2,2,1,1,2,2,1,1,2,2,0,0,0
2008,16,39,1,160103,1,10,1,2,2,2,5,2,1,2,2,2,1,2,1,2,2,2,2,2,3,2,2,2,2,2,2,2,1,2,2,0,0,0
2008,16,69,1,160104,1,10,1,3,4,2,7,2,1,2,2,2,1,2,2,2,2,2,1,2,1,2,2,2,2,2,1,1,1,1,2,1,1,1
2008,16,21,1,160105,1,10,1,2,1,2,3,2,1,1,2,2,1,2,1,2,2,2,2,2,1,2,2,2,2,2,2,2,2,2,2,0,0,0
2008,16,47,1,160106,1,10,1,1,1,2,1,2,1,1,1,2,1,2,2,2,2,2,1,2,2,2,2,2,2,2,2,2,1,2,2,0,0,0
2008,16,15,1,160107,1,10,1,2,1,2,4,2,4,1,1,2,2,2,2,2,2,2,2,2,3,2,2,2,2,2,2,2,1,1,2,0,0,0
2008,16,39,1,160108,1,10,1,3,2,2,7,2,1,2,2,2,1,2,2,2,2,2,1,2,1,2,2,2,2,2,1,1,1,2,2,0,0,0
2008,16,37,1,160109,1,10,1,2,1,2,3,2,1,1,1,2,1,2,2,2,2,2,1,2,2,2,2,2,2,2,2,2,1,1,2,0,0,0
2008,16,27,1,160110,1,10,1,2,4,2,6,2,1,3,3,2,1,2,1,1,2,2,2,2,1,2,2,2,2,2,2,2,1,2,2,0,0,0
2008,16,67,2,160111,1,10,1,1,4,2,1,2,1,1,2,2,1,2,2,2,2,2,1,2,3,2,2,2,2,2,2,2,1,2,1,0,0,0
2008,16,27,1,160112,1,10,2,2,1,1,3,1,4,2,2,2,2,2,2,2,2,2,2,2,1,2,2,2,2,2,2,2,2,2,2,0,0,0
2008,16,15,1,160113,1,10,1,2,1,2,3,2,5,1,1,2,3,2,2,1,2,2,2,2,1,2,2,2,2,2,2,2,1,2,2,0,0,0
2008,16,1,1,160114,1,10,2,2,1,2,3,2,5,2,1,2,2,2,1,2,2,2,2,2,1,2,2,2,2,2,2,2,2,2,2,0,0,0
2008,16,5,1,160115,1,10,1,2,4,2,6,2,1,2,2,2,1,2,2,1,2,2,1,2,1,1,1,1,1,2,2,1,1,2,2,0,0,0
2008,16,39,1,160116,1,10,1,1,4,2,1,2,1,1,2,2,1,2,2,2,2,2,1,2,3,2,2,2,2,2,1,1,1,2,2,0,0,0
2008,16,11,1,160117,1,10,1,2,1,1,4,1,4,1,1,2,2,2,2,2,2,2,1,2,3,1,2,1,2,2,2,2,2,2,2,0,0,0
2008,16,7,1,160118,1,10,1,2,4,2,5,2,1,1,1,2,1,2,1,2,2,2,2,2,3,2,2,2,2,2,2,2,1,2,2,0,0,0
2008,16,49,1,160119,1,10,1,2,4,2,3,2,1,1,1,2,1,2,2,2,2,2,2,2,3,2,2,2,2,1,2,2,1,1,2,0,0,0
2008,16,21,1,160120,1,10,1,2,4,2,3,2,1,1,2,2,1,2,1,2,2,2,2,2,2,2,2,2,2,2,2,2,1,2,2,0,0,0
2008,16,73,1,160121,1,10,1,2,4,1,5,1,1,2,2,2,1,2,2,1,2,2,1,2,1,2,2,2,2,2,2,2,2,2,2,0,0,0
2008,16,75,1,160122,1,10,1,1,3,2,1,2,1,2,1,2,1,1,2,2,2,2,2,2,2,2,2,2,2,1,2,2,1,2,2,0,0,0
2008,16,37,1,160123,1,10,1,2,1,2,4,2,1,2,1,2,1,2,1,2,2,2,2,2,2,2,2,2,2,2,2,2,1,1,1,0,0,0
2008,16,53,1,160124,1,10,1,1,2,2,1,2,1,2,1,2,1,2,2,2,2,2,1,2,3,1,2,1,2,2,2,2,1,2,1,0,0,0
2008,16,27,1,160125,1,10,2,2,1,1,3,1,4,2,2,2,2,2,2,2,2,2,2,2,1,2,2,2,2,2,1,1,2,2,2,0,0,0
2008,16,49,1,160126,1,10,1,2,1,2,3,2,5,1,1,2,2,2,2,2,2,2,2,2,1,1,1,1,1,1,2,1,1,2,2,1,1,1
2008,16,1,1,160127,1,10,2,2,1,2,3,2,3,1,1,2,2,2,1,2,2,2,2,2,2,2,2,2,2,2,2,2,1,2,2,0,0,0
2008,16,19,1,160128,1,10,1,2,1,1,3,1,4,1,2,2,2,1,2,2,2,2,2,2,3,1,1,1,1,2,2,1,2,2,2,0,0,0
2008,16,27,1,160129,1,10,1,2,4,2,3,2,1,1,2,2,1,2,2,2,2,2,1,2,2,2,2,2,2,2,2,2,1,2,2,0,0,0
2008,16,63,1,160130,1,10,1,2,1,2,3,2,1,2,2,2,1,2,2,2,2,2,1,2,2,1,1,1,1,2,2,1,2,2,2,0,0,0
2008,16,19,1,160131,1,10,2,2,1,1,5,1,2,2,1,2,2,2,1,1,2,2,2,2,1,1,1,1,1,2,1,1,2,2,2,0,0,0
2008,16,55,1,160132,1,10,1,2,1,1,4,1,5,1,1,2,2,1,2,2,2,2,2,2,2,2,2,2,2,1,2,2,2,2,2,0,0,0
2008,16,75,1,160133,1,10,1,2,4,2,6,2,1,2,2,2,1,2,2,2,2,2,1,2,1,2,2,2,2,2,2,2,1,2,2,0,0,0
2008,16,17,1,160134,1,10,1,2,1,2,4,2,4,1,1,2,2,1,2,2,2,2,1,2,3,1,1,1,1,2,2,1,1,2,2,0,0,0
2008,16,83,1,160135,1,10,1,2,1,2,3,2,3,2,2,2,2,2,2,2,2,2,2,2,1,2,2,2,2,2,2,2,1,2,2,0,0,0
2008,16,27,1,160136,1,10,2,2,1,1,4,1,4,1,2,2,2,2,1,2,2,2,2,2,1,2,2,2,2,2,2,2,2,2,2,0,0,0
2008,16,39,1,160137,1,10,1,1,4,2,1,2,1,1,2,2,1,2,2,2,2,2,1,2,3,2,2,2,2,2,2,2,1,1,2,0,0,0
2008,16,57,1,160138,1,10,1,3,4,2,7,2,1,1,2,2,1,2,2,1,2,2,1,2,1,2,2,2,2,2,1,1,1,2,2,0,0,0
2008,16,55,1,160139,1,10,1,3,2,2,7,2,1,2,2,2,1,2,2,1,2,2,1,2,1,2,2,2,2,2,2,2,1,2,2,0,0,0
2008,16,11,1,160140,1,10,1,2,1,2,5,2,3,1,2,2,2,2,1,2,2,2,2,2,3,1,1,1,1,2,1,1,1,2,2,0,0,0
2008,16,1,1,160141,1,10,1,1,1,2,1,2,3,1,1,2,3,1,2,2,2,2,2,2,3,2,2,1,1,1,2,1,2,2,2,0,0,0
2008,16,43,1,160142,1,10,1,2,1,2,3,2,4,1,1,2,2,2,2,1,2,2,2,2,3,2,2,2,2,2,2,2,1,2,2,0,0,0
2008,16,3,1,160143,1,10,1,2,4,2,3,2,1,2,1,2,1,2,2,2,2,2,2,2,1,2,2,2,2,2,2,2,1,1,2,0,0,0
2008,16,1,1,160144,1,10,2,1,1,2,1,2,5,2,1,2,3,2,2,2,2,2,2,2,1,2,2,2,2,2,1,1,2,2,2,0,0,0
2008,16,37,1,160145,1,10,1,2,4,2,4,2,1,2,2,2,1,2,2,2,2,2,1,2,1,2,2,2,2,2,2,2,1,1,2,0,0,0
2008,16,55,1,160146,1,10,1,1,1,2,1,2,4,1,2,2,2,2,1,1,2,2,2,2,3,2,2,2,2,2,2,2,2,1,2,0,0,0
2008,16,75,1,160147,1,10,1,2,1,2,4,3,6,1,1,2,2,2,2,2,2,2,1,2,3,2,2,2,2,2,2,2,2,1,2,0,0,0
2008,16,59,2,160148,1,10,1,2,1,2,3,2,3,2,1,2,2,1,2,2,2,2,2,2,2,2,2,2,2,2,2,2,1,2,2,0,0,0
2008,16,77,1,160149,1,10,1,2,4,2,5,2,1,1,1,2,1,2,2,2,2,2,1,2,2,2,2,2,2,2,2,2,1,2,1,0,0,0
2008,16,73,1,160150,1,10,1,2,4,2,4,2,1,1,1,2,1,2,2,2,2,2,1,2,1,2,2,2,2,2,2,2,1,2,2,0,0,0
2008,16,55,2,160151,1,10,2,1,3,2,1,2,1,2,2,2,1,1,2,2,2,2,2,2,2,2,2,2,2,2,2,2,1,2,2,0,0,0
2008,16,51,1,160152,1,10,1,2,2,2,5,2,1,2,1,2,1,2,2,2,2,2,1,2,1,2,2,2,2,2,2,2,1,2,2,0,0,0
2008,16,69,1,160153,1,10,2,2,1,2,3,2,1,1,1,2,1,2,1,2,2,2,2,2,3,2,2,2,2,2,2,2,2,2,2,0,0,0
2008,16,53,1,160154,1,10,1,1,3,2,1,2,1,1,1,2,1,2,2,2,2,2,1,2,1,2,2,2,2,2,2,2,1,1,2,0,0,0
2008,16,79,1,160155,1,10,1,1,1,2,1,2,1,1,1,2,1,2,2,2,2,2,2,2,2,2,2,2,2,2,2,2,2,2,2,0,0,0
2008,16,65,1,160156,1,10,1,2,2,2,6,2,1,2,1,2,1,2,2,2,1,2,2,2,3,1,1,1,1,2,2,1,2,2,2,0,0,0
2008,16,1,2,160157,1,10,2,1,1,2,1,2,2,1,2,2,3,1,2,2,2,2,2,2,3,2,2,2,2,2,2,2,2,1,2,0,0,0
2008,16,69,1,160158,1,10,1,2,4,2,5,2,1,1,2,2,1,2,2,1,2,2,1,2,2,2,2,2,2,2,2,2,1,1,2,1,1,1
2008,16,29,1,160159,1,10,1,2,4,2,4,2,1,1,1,2,1,2,2,2,2,2,1,2,2,2,2,2,2,2,2,2,1,2,1,0,0,0
2008,16,27,1,160160,1,10,2,2,4,2,5,2,1,2,1,2,1,2,1,1,2,2,2,2,1,2,2,2,2,2,2,2,1,2,2,0,0,0
2008,16,67,1,160161,1,10,1,2,1,2,5,3,5,2,1,2,2,2,2,2,2,2,2,2,3,2,2,2,2,2,2,2,2,2,2,0,0,0
2008,16,17,1,160162,1,10,1,2,4,2,5,2,1,1,1,2,1,2,2,1,2,2,1,2,1,2,2,1,1,2,2,1,1,2,2,0,0,0
2008,16,27,1,160163,1,10,1,2,4,2,5,2,1,2,2,2,1,2,2,2,2,2,1,2,1,2,2,2,2,2,1,1,1,2,2,0,0,0
2008,16,77,1,160164,1,10,1,1,3,2,1,2,1,1,2,2,1,2,2,1,2,2,1,2,2,2,2,2,2,2,2,2,1,2,2,0,0,0
2008,16,27,1,160165,1,10,2,2,1,1,3,1,4,2,2,2,2,2,2,2,2,2,2,2,1,2,2,2,2,2,2,2,2,2,2,0,0,0
2008,16,31,1,160166,1,10,1,2,2,2,5,2,1,1,1,2,1,1,2,1,2,2,1,2,3,2,2,2,2,2,2,2,1,2,2,0,0,0
2008,16,31,1,160167,1,10,2,2,1,2,3,2,1,2,2,2,1,2,2,2,1,2,2,2,3,2,2,2,2,2,2,2,2,2,2,0,0,0
2008,16,67,1,160168,1,10,2,2,1,2,3,2,1,1,1,2,2,1,2,2,1,2,2,2,2,2,2,2,2,2,2,2,2,2,2,0,0,0
2008,16,65,1,160169,1,10,2,2,1,1,3,1,1,2,2,2,1,2,2,2,1,2,2,2,2,2,2,2,2,2,2,2,2,2,2,0,0,0
2008,16,5,1,160170,1,10,1,1,1,2,1,2,1,1,1,2,1,2,2,2,2,2,2,2,2,2,2,2,2,2,1,1,2,2,2,0,0,0
2008,16,27,1,160171,1,10,2,1,1,2,1,2,5,2,2,2,2,2,2,1,2,2,1,2,1,2,2,2,2,2,2,2,2,2,2,0,0,0
2008,16,53,1,160172,1,10,1,2,4,2,5,2,1,3,2,2,1,2,2,1,2,2,2,2,3,2,2,2,2,2,2,2,1,2,2,0,0,0
2008,16,31,1,160173,1,10,1,2,4,2,5,2,1,2,1,2,1,2,2,2,2,2,1,2,1,2,2,2,2,2,2,2,1,1,2,0,0,0
2008,16,7,1,160174,1,10,1,2,4,2,3,2,1,1,1,2,1,2,2,2,2,2,2,2,2,2,2,2,2,1,2,2,1,2,2,0,0,0
2008,16,23,1,160175,1,10,1,2,2,2,3,2,1,1,1,2,1,2,2,2,2,2,1,2,1,2,2,2,2,2,2,2,1,1,2,0,0,0
2008,16,1,1,160176,1,10,1,2,4,2,3,2,1,1,1,2,1,2,1,2,2,2,2,2,2,2,2,2,2,2,2,2,1,2,2,0,0,0
2008,16,7,1,160177,1,10,1,2,1,2,3,2,3,1,1,2,2,1,2,2,2,2,2,2,1,2,2,2,2,2,2,2,1,2,2,0,0,0
2008,16,83,1,160178,1,10,1,2,4,1,5,1,1,2,1,2,1,2,2,1,2,2,1,2,2,2,2,2,2,2,1,1,2,2,2,0,0,0
2008,16,39,1,160179,1,10,1,1,4,2,1,2,1,2,2,2,1,2,2,2,2,2,1,2,1,2,2,2,2,2,1,1,1,2,2,0,0,0
2008,16,39,3,160180,1,10,1,1,3,2,1,2,1,2,2,2,1,2,2,2,2,2,1,2,3,2,2,2,2,2,2,2,1,2,2,0,0,0
2008,16,27,1,160181,1,10,1,2,4,2,5,2,1,2,2,2,1,2,2,2,2,2,1,2,1,1,1,1,1,2,2,1,1,2,2,0,0,0
2008,16,55,1,160182,1,10,1,2,4,2,4,2,1,1,1,2,1,2,2,2,2,2,1,2,2,2,2,2,2,2,1,1,1,1,1,0,0,0
2008,16,71,1,160183,1,10,1,2,2,2,5,2,1,2,1,2,1,2,2,2,2,2,1,2,1,2,2,2,2,2,2,2,1,2,2,0,0,0
2008,16,71,1,160184,1,10,1,1,3,2,1,2,1,2,2,2,1,2,2,2,2,2,1,2,3,2,2,2,2,2,2,2,1,2,1,0,0,0
2008,16,49,1,160185,1,10,1,2,2,2,6,2,1,2,2,2,1,2,2,2,2,2,1,2,1,2,2,2,2,2,1,1,1,2,2,1,1,1
2008,16,61,1,160186,1,10,1,2,4,2,5,2,1,1,1,2,1,2,2,2,2,2,1,2,1,2,2,2,2,1,2,2,1,1,2,1,1,1
2008,16,67,1,160187,1,10,1,2,1,2,5,2,4,1,2,2,2,2,2,2,2,2,2,2,3,2,2,2,2,1,1,1,1,1,2,0,0,0
2008,16,55,1,160188,1,10,1,2,4,2,3,2,1,2,2,2,1,2,2,1,2,2,1,2,1,2,2,2,2,2,2,2,1,2,2,1,1,1
2008,16,27,2,160189,1,10,2,1,3,2,1,2,1,1,2,2,1,2,2,1,2,2,1,2,3,2,2,2,2,2,2,2,1,2,2,0,0,0
2008,16,81,1,160190,1,10,1,2,4,2,4,2,1,2,2,2,1,2,2,2,2,2,1,2,2,2,2,2,2,2,2,2,1,2,2,0,0,0
2008,16,49,1,160191,1,10,1,2,4,2,3,2,1,1,2,2,1,2,2,1,2,2,2,2,2,1,2,1,2,2,2,2,1,1,2,1,1,1
2008,16,15,1,160192,1,10,1,2,4,2,4,2,1,1,1,2,1,2,2,1,2,2,2,2,2,2,2,2,2,2,2,2,1,2,2,0,0,0
2008,16,55,1,160193,1,10,1,2,4,1,5,1,1,2,2,2,1,2,2,1,2,2,1,2,1,2,2,2,2,2,2,2,2,1,2,0,0,0
2008,16,33,1,160194,1,10,1,2,4,2,5,2,1,2,1,2,1,2,2,2,2,2,2,2,1,2,2,2,2,2,2,2,1,1,2,0,0,0
2008,16,55,1,160195,1,10,1,1,1,2,1,3,3,2,1,2,2,1,2,2,2,2,2,2,1,2,2,2,2,2,1,1,2,1,2,1,0,1
2008,16,5,1,160196,1,10,2,2,4,1,6,1,1,2,1,2,1,2,2,1,2,2,1,2,1,2,2,2,2,2,2,2,2,2,2,0,0,0
2008,16,17,1,160197,1,10,1,2,1,2,3,2,3,1,1,2,2,2,2,2,2,2,2,2,1,2,2,2,2,2,2,2,1,1,2,0,0,0
2008,16,49,2,160198,1,10,1,2,4,2,3,2,1,2,2,2,1,2,2,2,2,2,1,2,3,2,2,2,2,2,2,2,1,2,2,1,1,1
2008,16,25,1,160199,1,10,1,2,4,2,3,2,1,2,2,2,1,2,2,1,2,2,1,2,2,2,2,2,2,2,2,2,1,2,2,0,0,0
2008,16,73,1,160200,1,10,1,2,4,2,6,2,1,2,2,2,1,2,2,2,2,2,1,2,2,1,1,1,1,2,2,1,1,2,2,0,0,0
2008,16,83,1,160201,1,10,2,2,1,1,3,1,1,1,1,2,1,2,2,2,1,2,2,2,2,2,2,2,2,2,2,2,2,2,2,0,0,0
2008,16,55,1,160202,1,10,2,1,1,2,1,2,3,2,1,2,2,1,2,2,2,2,2,2,1,2,2,2,2,2,2,2,2,2,2,0,0,0
2008,16,51,1,160203,1,10,1,2,1,2,6,3,1,2,2,2,1,2,2,1,1,2,2,2,2,1,1,1,1,2,2,1,2,2,2,0,0,0
2008,16,65,1,160204,1,10,1,2,4,2,6,2,1,1,2,2,1,2,2,1,2,2,1,2,2,1,1,1,1,2,2,1,1,2,2,0,0,0
2008,16,1,1,160205,1,10,2,2,4,2,4,2,1,2,2,2,1,2,2,1,2,2,1,2,1,2,2,2,2,2,2,2,1,2,2,0,0,0
2008,16,83,1,160206,1,10,1,2,1,2,3,2,5,1,1,2,2,2,2,2,2,2,2,2,1,2,2,2,2,2,2,2,1,2,2,0,0,0
2008,16,55,1,160207,1,10,1,2,4,2,5,2,1,3,3,2,1,2,2,2,2,2,2,2,3,2,2,2,2,1,2,2,1,2,2,1,1,1
2008,16,83,1,160208,1,10,1,2,1,1,4,1,4,2,1,2,2,1,2,2,2,2,2,2,1,2,2,2,2,2,2,2,2,2,2,0,0,0
2008,16,55,1,160209,1,10,1,2,1,1,5,1,4,1,1,2,2,2,2,2,2,2,2,2,3,2,2,2,2,1,1,1,2,2,2,0,0,0
2008,16,85,1,160210,1,10,2,2,1,2,6,3,1,1,1,2,1,2,2,2,1,2,2,2,3,2,2,2,2,2,2,2,2,2,2,0,0,0
2008,16,79,1,160211,1,10,1,3,4,2,7,2,1,2,2,2,1,2,2,1,2,2,1,2,3,2,2,2,2,2,2,2,1,2,2,0,0,0
2008,16,19,1,160212,1,10,1,2,1,2,6,2,4,1,1,2,2,2,2,2,2,2,2,2,3,2,2,2,2,1,2,2,2,2,2,0,0,0
2008,17,183,1,170001,1,5,2,2,4,2,4,2,1,2,1,2,1,2,2,1,2,2,1,1,1,2,2,2,2,2,1,1,1,2,2,0,0,0
2008,17,27,1,170002,1,5,1,2,4,2,5,2,1,2,2,2,1,2,2,1,2,2,1,2,1,2,2,2,2,2,2,2,1,2,2,0,0,0
2008,17,27,1,170003,1,5,1,2,1,2,3,2,3,2,1,2,2,2,2,2,2,2,2,2,3,2,2,2,2,2,2,2,1,2,2,0,0,0
2008,17,21,1,170004,1,5,2,2,1,1,3,1,4,1,1,2,2,1,2,2,2,2,2,2,3,2,2,2,2,1,2,2,2,2,2,0,0,0
2008,17,3,1,170005,1,5,1,2,4,2,4,2,1,1,1,2,1,2,2,2,2,2,1,2,1,2,2,2,2,2,2,2,1,2,2,0,0,0
2008,17,31,1,170006,1,5,2,2,2,2,3,3,1,2,2,2,1,2,2,1,2,2,1,2,3,2,2,2,2,2,2,2,1,2,2,0,0,0
2008,17,203,1,170007,1,5,1,2,4,2,6,2,1,1,2,2,1,2,2,1,2,2,2,2,2,1,1,1,1,2,2,1,1,2,2,0,0,0
2008,17,119,1,170009,1,5,1,2,4,2,4,2,1,2,2,2,1,2,2,1,2,2,1,2,3,2,2,2,2,2,1,1,1,2,2,0,0,0
2008,17,167,1,170010,1,5,1,2,4,2,5,2,1,2,2,2,1,2,2,1,2,2,2,2,1,2,2,2,2,2,2,2,1,2,2,0,0,0
2008,17,167,1,170011,1,5,1,2,1,2,6,3,1,1,1,2,1,2,2,1,2,2,1,2,2,2,2,2,2,2,2,2,2,2,2,0,0,0
2008,17,85,1,170012,1,5,1,2,1,2,3,2,3,2,1,2,2,2,2,2,2,2,2,2,3,2,2,1,1,2,2,1,1,2,2,0,0,0
2008,17,197,1,170013,1,5,2,1,3,2,1,2,1,2,2,2,2,1,2,1,2,2,1,2,1,2,2,2,2,2,2,2,1,2,2,0,0,0
2008,17,163,1,170014,1,5,1,2,1,1,3,1,3,1,1,2,2,2,2,2,2,2,2,2,3,2,2,2,2,1,2,2,2,2,2,0,0,0
2008,17,99,1,170015,1,5,1,2,4,2,4,2,1,2,2,2,1,2,2,1,2,2,2,2,3,2,2,1,1,2,2,1,1,2,2,0,0,0
2008,17,113,1,170016,1,5,1,1,2,2,1,2,3,2,1,2,2,1,2,2,2,2,2,2,2,2,2,2,2,2,2,2,1,2,2,0,0,0
2008,17,61,1,170017,1,5,1,2,4,2,4,2,1,1,1,2,1,2,2,1,2,2,1,2,2,1,1,1,1,2,2,1,1,2,2,0,0,0
2008,17,163,1,170018,1,5,2,2,1,1,3,1,1,2,1,2,1,2,2,2,1,2,2,2,3,2,2,2,2,2,2,2,2,2,2,0,0,0
2008,17,55,1,170020,1,5,2,2,1,2,6,3,1,2,2,2,1,2,2,2,2,2,2,2,1,2,2,2,2,1,2,2,2,2,2,0,0,0
2008,17,197,1,170021,1,5,1,2,1,2,5,2,3,2,1,2,2,2,2,2,2,2,2,2,3,2,2,1,1,2,2,1,1,2,2,0,0,0
2008,17,43,1,170022,1,5,2,1,4,2,1,3,1,2,2,2,1,2,2,1,2,2,2,2,1,2,2,2,2,2,2,2,1,2,2,0,0,0
2008,17,119,1,170023,1,5,1,2,1,2,4,2,3,1,1,2,3,2,2,2,2,2,2,2,3,2,2,1,1,2,2,1,1,2,2,0,0,0
2008,17,43,1,170024,1,5,2,2,1,1,4,1,4,1,1,2,2,2,2,1,2,2,2,2,3,2,2,2,2,2,2,2,2,2,2,0,0,0
2008,17,37,1,170025,1,5,2,2,1,2,6,3,1,1,1,2,1,2,2,2,2,2,2,2,2,2,2,2,2,2,2,2,2,2,2,0,0,0
2008,17,31,1,170026,1,5,2,1,4,2,1,2,1,2,1,2,1,2,2,1,2,2,2,2,2,2,2,2,2,2,2,2,1,2,2,0,0,0
2008,17,5,1,170027,1,5,1,2,1,1,4,1,4,1,1,2,2,1,2,2,2,2,2,2,3,2,2,2,2,2,1,1,2,2,2,0,0,0
2008,17,181,1,170028,1,5,1,2,4,2,5,2,1,1,1,2,1,2,2,2,2,2,1,2,2,2,2,2,2,1,2,2,1,2,2,0,0,0
2008,17,129,1,170029,1,5,1,2,1,2,4,2,1,2,1,2,1,2,2,2,1,2,2,2,3,2,2,2,2,2,2,2,2,2,2,0,0,0
2008,17,91,2,170030,1,5,2,1,1,2,1,2,4,1,1,2,2,1,2,2,2,2,2,2,2,1,1,1,1,2,2,1,1,2,2,0,0,0
2008,17,81,1,170032,1,5,1,1,1,2,1,2,2,1,1,2,1,2,2,2,2,2,2,2,2,2,2,2,2,2,2,2,2,2,2,0,0,0
2008,17,37,1,170033,1,5,2,2,1,2,4,2,4,1,1,2,2,2,2,2,2,2,2,2,3,1,1,1,1,2,2,1,1,2,2,0,0,0
2008,17,73,1,170034,1,5,2,1,4,2,1,2,1,1,1,2,2,1,2,1,2,2,2,2,3,2,2,2,2,2,1,1,1,2,2,0,0,0
2008,17,31,1,170035,1,5,2,1,4,2,1,2,1,2,2,2,2,1,2,2,2,2,1,2,1,2,2,2,2,2,2,2,1,2,2,0,0,0
2008,17,1,1,170036,1,5,2,2,4,2,4,2,1,2,2,2,1,2,2,1,2,2,2,2,2,1,1,1,1,2,2,1,1,2,2,0,0,0
2008,17,67,4,170037,1,5,1,2,4,2,6,2,1,2,2,2,1,2,2,2,2,2,1,2,1,2,2,2,2,2,2,2,1,2,2,0,0,0
2008,17,111,1,170038,1,5,2,2,4,2,5,2,1,1,1,2,1,2,2,1,2,2,1,2,2,2,2,2,2,2,2,2,1,2,2,0,0,0
2008,17,61,1,170039,1,5,1,2,1,2,4,2,4,1,1,2,3,1,2,1,2,2,2,2,3,2,2,2,2,2,2,2,2,2,2,0,0,0
2008,17,61,1,170040,1,5,1,2,1,2,5,2,3,1,1,2,3,1,2,2,2,2,2,2,3,2,2,2,2,1,2,2,1,2,2,0,0,0
2008,17,201,1,170041,1,5,2,2,4,2,3,2,1,2,2,2,1,2,2,1,2,2,2,2,1,2,2,2,2,2,2,2,1,2,2,0,0,0
2008,17,185,1,170042,1,5,1,2,1,1,4,1,4,1,1,2,2,1,2,2,2,2,2,2,2,1,1,1,1,2,2,1,2,1,2,0,0,0
2008,17,29,1,170043,1,5,1,2,4,2,6,2,1,2,1,2,1,2,2,2,2,2,1,2,1,2,2,2,2,2,2,2,1,2,2,0,0,0
2008,17,99,1,170044,1,5,1,2,1,2,5,2,3,2,1,2,2,1,2,2,2,2,2,2,1,2,2,2,2,2,2,2,1,2,2,0,0,0
2008,17,145,2,170045,1,5,1,2,1,2,3,2,4,1,1,2,2,1,2,1,2,2,2,2,2,2,2,2,2,2,2,2,1,2,2,0,0,0
2008,17,89,1,170046,1,5,2,2,1,2,3,2,3,1,1,2,3,2,2,2,2,2,2,2,3,2,2,2,2,1,2,2,2,2,2,0,0,0
2008,17,53,1,170047,1,5,1,2,4,2,6,2,1,2,1,2,1,2,2,1,2,2,2,2,2,2,2,2,2,2,1,1,1,2,2,0,0,0
2008,17,43,1,170048,1,5,2,2,1,1,3,1,4,1,1,2,2,1,2,2,2,2,2,2,3,2,2,2,2,2,2,2,2,2,2,0,0,0
2008,17,19,1,170049,1,5,1,2,4,2,5,2,1,1,1,2,1,2,2,1,2,2,1,2,2,2,2,2,2,1,2,2,1,2,2,0,0,0
2008,17,19,1,170051,1,5,2,2,1,2,4,2,3,1,1,2,3,1,2,2,2,2,2,2,3,2,2,1,1,2,2,1,2,2,2,0,0,0
2008,17,107,4,170052,1,5,1,2,4,2,6,2,1,2,2,2,1,2,2,1,2,2,2,2,2,1,1,1,1,2,2,1,1,2,2,0,0,0
2008,17,19,1,170053,1,5,1,2,1,2,3,2,3,1,1,2,2,1,2,2,2,2,2,2,2,2,2,2,2,1,2,2,2,2,2,0,0,0
2008,17,89,1,170054,1,5,2,2,4,2,4,2,1,1,1,2,1,1,2,1,2,2,2,2,2,2,2,2,2,2,2,2,1,2,2,0,0,0
2008,17,89,2,170055,1,5,2,2,1,1,3,1,4,1,1,2,2,1,2,2,2,2,2,2,2,2,2,2,2,2,2,2,2,2,2,0,0,0
2008,17,163,1,170056,1,5,2,2,4,2,3,2,1,2,2,2,1,2,2,1,2,2,2,2,1,1,1,1,1,2,2,1,1,2,2,0,0,0
2008,17,179,1,170057,1,5,2,2,4,2,5,2,1,1,1,2,1,2,2,1,2,2,1,2,2,2,2,2,2,2,2,2,1,2,2,0,0,0
2008,17,191,1,170058,1,5,1,2,1,1,3,1,4,1,1,2,2,1,2,1,2,2,2,2,2,2,2,2,2,2,2,2,2,2,2,0,0,0
2008,17,159,2,170059,1,5,1,2,1,1,6,1,4,1,1,2,2,2,2,2,2,2,2,2,3,2,2,2,2,1,2,2,2,2,2,0,0,0
2008,17,197,1,170060,1,5,2,1,1,2,1,2,3,1,1,2,3,1,2,1,2,2,2,2,2,2,2,2,2,1,2,2,2,2,2,0,0,0
2008,17,31,1,170061,1,5,2,1,4,2,1,2,1,1,1,2,1,2,2,2,2,2,2,2,3,2,2,2,2,2,2,2,1,2,2,0,0,0
2008,17,31,1,170062,1,5,2,2,4,2,2,2,1,1,2,2,1,2,2,2,2,2,2,2,1,2,2,2,2,2,2,2,1,2,2,0,0,0
2008,17,31,1,170064,1,5,2,1,4,2,1,2,1,2,2,2,1,2,2,2,2,2,2,2,1,2,2,2,2,2,2,2,1,2,2,0,0,0
2008,17,117,1,170066,1,5,1,2,4,1,6,1,1,2,2,2,1,2,2,1,2,2,2,2,1,2,2,2,2,2,2,2,2,2,2,0,0,0
2008,17,35,1,170067,1,5,1,2,1,2,5,3,2,1,1,2,2,1,2,1,2,2,2,2,3,2,2,2,2,1,2,2,2,2,2,0,0,0
2008,17,111,1,170068,1,5,1,2,4,2,3,2,1,1,1,2,1,2,2,2,2,2,1,2,2,2,2,2,2,1,2,2,1,2,2,0,0,0
2008,17,31,1,170069,1,5,2,2,1,2,4,2,3,1,2,2,2,2,2,2,2,2,2,2,3,2,2,2,2,1,2,2,1,2,2,0,0,0
2008,17,31,1,170070,1,5,2,1,1,2,1,2,1,2,1,2,1,2,2,2,1,2,2,2,3,2,2,2,2,2,2,2,2,2,2,0,0,0
2008,17,159,2,170071,1,5,1,2,4,2,6,2,1,1,2,2,1,2,2,1,2,2,1,2,3,1,1,1,1,2,2,1,1,2,2,0,0,0
2008,17,99,2,170072,1,5,2,1,1,2,1,2,3,1,1,2,2,1,2,2,2,2,1,2,3,2,2,2,2,1,2,2,1,2,2,0,0,0
2008,17,73,2,170073,1,5,1,2,4,2,4,2,1,1,1,2,1,2,2,2,2,2,1,2,3,2,2,2,2,2,2,2,1,2,2,0,0,0
2008,17,139,1,170074,1,5,1,2,1,2,4,3,4,1,1,2,2,2,2,2,2,2,2,2,3,1,1,1,1,1,2,1,2,2,2,0,0,0
2008,17,137,1,170075,1,5,1,2,4,1,6,1,1,2,1,2,1,2,2,2,2,2,2,2,1,2,2,2,2,2,2,2,2,2,2,0,0,0
2008,17,119,2,170078,1,5,2,2,1,2,4,2,4,1,1,2,2,1,2,1,2,2,1,2,3,2,2,2,2,1,2,2,1,2,2,0,0,0
2008,17,143,1,170079,1,5,2,2,1,2,4,2,1,2,2,2,1,2,2,2,1,2,2,2,3,2,2,2,2,2,2,2,2,2,2,0,0,0
2008,17,163,1,170080,1,5,2,1,1,2,1,2,5,1,1,2,3,2,2,1,2,2,1,2,1,1,1,1,1,2,2,1,1,2,2,0,0,0
2008,17,89,1,170081,1,5,2,2,1,2,3,2,4,1,2,2,2,2,2,1,2,2,2,2,2,2,2,2,2,2,1,1,1,2,2,0,0,0
2008,17,31,1,170082,1,5,2,2,1,1,4,1,1,2,1,1,1,2,2,2,1,2,2,2,3,2,2,2,2,2,2,2,2,2,2,0,0,0
2008,17,89,2,170083,1,5,2,2,1,2,3,2,4,2,1,2,3,2,2,2,2,2,2,2,3,2,2,2,2,1,2,2,1,2,2,0,0,0
2008,17,77,1,170084,1,5,2,2,4,2,3,2,1,2,2,2,1,2,2,1,2,2,1,2,1,2,2,2,2,2,1,1,1,2,2,0,0,0
2008,17,31,1,170086,1,5,2,2,4,2,4,2,1,1,1,2,1,2,2,1,1,2,2,2,2,2,2,2,2,2,2,2,1,2,2,0,0,0
2008,17,99,1,170087,1,5,1,2,1,2,5,3,1,1,1,2,1,2,2,1,2,2,2,2,2,2,2,2,2,2,2,2,2,2,2,0,0,0
2008,17,93,1,170088,1,5,1,2,4,2,6,2,1,2,1,2,1,2,2,1,2,2,1,2,1,2,2,2,2,2,2,2,1,2,2,0,0,0
2008,17,99,1,170089,1,5,1,2,4,2,6,2,1,2,2,2,1,2,2,1,2,2,2,2,1,2,2,2,2,2,2,2,1,2,2,0,0,0
2008,17,97,1,170090,1,5,2,2,1,1,3,1,4,1,2,2,2,2,2,1,2,2,2,2,2,1,1,1,1,2,2,1,2,2,2,0,0,0
2008,17,43,1,170091,1,5,2,2,4,1,5,1,1,2,1,2,1,2,2,1,2,2,2,2,1,2,2,2,2,2,2,2,2,2,2,0,0,0
2008,17,197,1,170092,1,5,2,1,4,2,1,2,1,2,1,2,1,2,2,1,2,2,1,2,1,2,2,2,2,2,2,2,1,2,2,0,0,0
2008,17,59,1,170093,1,5,1,2,1,2,3,2,5,2,1,2,3,1,2,2,2,2,2,2,1,2,2,2,2,2,2,2,1,2,2,0,0,0
2008,17,31,1,170094,1,5,2,2,4,2,6,2,1,2,1,2,1,2,2,1,2,2,2,2,1,2,2,2,2,2,2,2,1,2,2,0,0,0
2008,17,119,1,170095,1,5,2,2,4,2,5,2,1,2,2,2,1,2,2,1,2,2,2,2,3,1,1,1,1,2,2,1,1,2,2,0,0,0
2008,17,31,1,170096,1,5,2,2,4,2,6,2,1,2,2,2,1,2,2,2,2,2,2,2,1,2,2,2,2,2,2,2,1,2,2,0,0,0
2008,17,31,1,170097,1,5,2,2,1,1,3,1,1,1,1,2,1,2,2,2,1,2,2,2,2,2,2,2,2,2,2,2,2,2,2,0,0,0
2008,17,31,1,170098,1,5,2,2,1,1,3,1,1,1,1,2,1,2,2,2,1,2,2,2,3,2,2,2,2,1,2,2,2,2,2,0,0,0
2008,17,133,1,170099,1,5,1,2,4,2,5,2,1,2,2,2,1,2,2,1,2,2,1,2,1,2,2,2,2,2,1,1,1,2,2,0,0,0
2008,17,31,1,170100,1,5,2,2,4,2,6,2,1,2,2,2,1,2,2,2,2,2,2,2,1,1,1,1,1,2,2,1,1,2,2,0,0,0
2008,17,89,1,170101,1,5,2,2,1,2,4,2,1,2,2,1,1,2,2,2,2,2,2,2,3,2,2,2,2,2,2,2,2,2,2,0,0,0
2008,17,31,1,170102,1,5,2,2,4,2,3,2,1,1,1,2,1,2,2,2,2,2,2,2,2,2,2,2,2,2,1,1,1,2,2,0,0,0
2008,17,119,1,170103,1,5,2,2,4,2,3,2,1,1,1,2,1,2,2,1,2,2,2,2,3,2,2,2,2,1,2,2,1,2,2,0,0,0
2008,17,197,1,170104,1,5,2,2,4,2,6,2,1,2,2,2,1,2,2,1,2,2,2,2,1,2,2,2,2,2,2,2,1,2,2,0,0,0
2008,17,173,1,170105,1,5,1,2,4,2,5,2,1,2,1,2,1,2,2,1,2,2,1,2,1,2,2,2,2,2,2,2,1,2,2,0,0,0
2008,17,35,1,170106,1,5,1,2,4,2,6,2,1,2,1,2,1,2,2,2,2,2,1,2,2,2,2,2,2,2,1,1,1,2,2,0,0,0
2008,17,31,1,170107,1,5,2,2,1,1,3,1,4,1,1,2,2,1,2,2,2,2,2,2,2,2,2,2,2,1,2,2,2,2,2,0,0,0
2008,17,167,1,170108,1,5,2,1,3,2,1,2,1,2,1,2,1,2,2,2,2,2,1,2,1,2,2,2,2,2,1,1,1,2,2,0,0,0
2008,17,119,1,170109,1,5,1,2,4,2,6,2,1,2,1,2,1,2,1,2,2,2,2,2,1,2,2,2,2,2,1,1,1,2,2,0,0,0
2008,17,177,1,170110,1,5,1,2,1,1,5,1,4,2,1,2,2,2,2,2,2,2,2,2,3,2,2,2,2,2,2,2,2,2,2,0,0,0
2008,17,31,1,170111,1,5,2,1,4,2,1,2,1,1,1,2,1,2,2,1,2,2,2,2,2,2,2,2,2,2,2,2,1,2,2,0,0,0
2008,17,39,1,170112,1,5,1,2,1,2,6,2,5,1,1,2,2,2,1,2,2,2,2,2,1,2,2,2,2,2,2,2,1,2,2,0,0,0
2008,17,187,1,170113,1,5,1,2,4,2,6,2,1,2,2,2,1,2,2,1,2,2,1,2,1,2,2,1,1,2,2,1,1,2,2,0,0,0
2008,17,31,1,170114,1,5,2,2,4,2,6,2,1,2,1,2,1,2,2,1,2,2,2,2,1,2,2,2,2,2,1,1,1,2,2,0,0,0
2008,17,93,1,170115,1,5,1,2,1,1,5,1,4,1,1,2,2,2,2,2,2,2,2,2,3,2,2,2,2,1,2,2,2,2,2,0,0,0
2008,17,115,2,170116,1,5,2,2,1,1,3,1,4,2,1,1,2,2,2,2,2,2,2,2,1,2,2,2,2,2,2,2,2,2,2,0,0,0
2008,17,19,1,170117,1,5,2,2,1,1,4,1,4,2,1,1,2,2,2,1,2,2,2,2,1,2,2,2,2,2,1,1,2,2,2,0,0,0
2008,17,97,1,170118,1,5,2,2,1,1,3,1,4,1,1,2,3,2,2,2,2,2,2,2,1,2,2,2,2,1,2,2,2,2,2,0,0,0
2008,17,183,1,170119,1,5,2,2,1,2,3,2,1,2,2,2,1,2,2,2,1,2,2,2,1,2,2,2,2,2,2,2,2,2,2,0,0,0
2008,17,39,1,170120,1,5,1,2,1,1,3,1,4,1,1,2,3,1,2,2,2,2,2,2,3,2,2,2,2,1,2,2,2,2,2,0,0,0
2008,17,171,1,170121,1,5,1,2,4,2,6,2,1,2,2,2,1,2,2,1,2,2,1,2,1,2,2,2,2,2,2,2,1,2,2,0,0,0
2008,17,21,1,170122,1,5,1,2,4,2,5,2,1,2,2,2,1,2,2,2,2,2,1,2,1,2,2,2,2,2,2,2,1,2,2,0,0,0
2008,17,201,1,170123,1,5,2,2,4,2,3,2,1,2,1,2,1,2,2,1,2,2,1,2,2,2,2,2,2,2,2,2,1,2,2,0,0,0
2008,17,17,2,170124,1,5,1,2,4,2,4,2,3,1,1,2,2,2,2,2,2,2,2,2,3,2,2,2,2,2,1,1,1,2,2,0,0,0
2008,17,173,1,170125,1,5,1,2,1,2,4,2,3,1,1,2,2,1,2,2,2,2,2,2,2,2,2,2,2,2,2,2,1,2,2,0,0,0
2008,17,163,2,170126,1,5,2,1,1,2,1,2,4,2,1,2,2,1,2,2,2,2,2,2,3,2,2,2,2,2,2,2,2,2,2,0,0,0
2008,17,183,1,170128,1,5,2,2,1,2,6,2,1,1,1,2,1,2,2,2,2,1,2,2,2,1,1,1,1,2,2,1,2,2,2,0,0,0
2008,17,89,1,170129,1,5,2,2,4,2,6,2,1,2,2,2,1,2,2,1,2,2,2,2,1,2,2,2,2,2,2,2,1,2,2,0,0,0
2008,17,37,1,170130,1,5,1,2,1,2,5,2,3,1,2,2,2,2,2,1,2,2,2,2,3,2,2,2,2,2,2,2,1,2,2,0,0,0
2008,17,163,1,170131,1,5,2,2,1,2,4,2,3,1,2,2,2,2,2,1,2,2,2,2,1,2,2,2,2,2,2,2,1,2,2,0,0,0
2008,17,57,1,170132,1,5,1,2,1,2,4,2,3,2,1,2,2,1,2,1,2,2,2,2,1,2,2,2,2,2,2,2,2,2,2,0,0,0
2008,17,89,1,170133,1,5,2,2,1,2,4,2,3,1,2,2,2,2,2,1,2,2,2,2,1,2,2,2,2,2,2,2,1,2,2,0,0,0
2008,17,31,4,170134,1,5,2,2,1,2,5,2,3,2,1,2,2,2,2,2,2,2,2,2,1,2,2,1,1,2,2,1,2,2,2,0,0,0
2008,17,183,1,170135,1,5,1,1,4,2,1,2,3,1,1,2,1,2,2,1,2,2,2,2,2,2,2,2,2,2,2,2,1,2,2,0,0,0
2008,17,131,1,170137,1,5,1,2,4,2,5,2,1,2,1,2,1,2,2,2,2,2,2,2,2,1,1,1,1,2,2,1,1,2,2,0,0,0
2008,17,31,3,170139,1,5,2,2,4,1,5,1,1,2,2,2,1,2,2,1,2,2,2,2,1,2,2,2,2,2,2,2,2,2,2,0,0,0
2008,17,37,1,170140,1,5,1,2,4,1,5,1,1,1,1,2,1,2,2,1,2,2,2,2,3,2,2,2,2,1,2,2,2,2,2,0,0,0
2008,17,31,1,170141,1,5,2,2,1,1,3,1,4,2,1,2,2,2,2,2,2,2,2,2,3,2,2,2,2,2,2,2,2,2,2,0,0,0
2008,17,119,1,170143,1,5,2,2,1,1,4,1,1,2,1,2,1,2,2,2,1,2,2,2,2,2,2,2,2,2,2,2,2,2,2,0,0,0
2008,17,183,1,170145,1,5,1,2,1,1,5,1,4,1,1,2,2,1,2,2,2,2,2,2,2,2,2,2,2,2,1,1,2,2,2,0,0,0
2008,17,113,1,170146,1,5,1,2,4,2,5,2,1,2,2,2,1,2,2,2,2,2,2,2,1,2,2,2,2,2,1,1,1,2,2,0,0,0
2008,17,93,1,170147,1,5,2,2,4,2,4,2,1,1,1,2,1,2,2,1,2,2,1,2,2,2,2,2,2,1,2,2,1,2,2,0,0,0
2008,17,37,1,170148,1,5,2,2,1,1,6,1,4,1,1,2,2,2,2,2,2,2,2,2,3,2,2,2,2,2,1,1,2,2,2,0,0,0
2008,17,203,1,170149,1,5,1,2,1,2,3,2,3,2,1,2,2,2,2,1,2,2,2,2,3,2,2,2,2,1,2,2,2,2,2,0,0,0
2008,17,97,1,170150,1,5,2,2,1,1,3,1,2,1,1,2,2,2,2,1,2,2,2,2,3,2,2,2,2,2,2,2,2,2,2,0,0,0
2008,17,201,1,170152,1,5,2,2,1,1,4,1,4,2,2,2,2,2,2,2,2,2,2,2,3,2,2,1,1,1,2,1,2,2,2,0,0,0
2008,17,125,1,170153,1,5,1,2,4,2,5,2,1,1,2,2,1,2,2,2,2,2,1,2,2,2,2,2,2,2,2,2,1,2,2,0,0,0
2008,17,201,1,170154,1,5,1,2,4,2,5,2,1,2,2,2,1,2,2,1,2,2,1,2,1,2,2,2,2,2,2,2,1,2,2,0,0,0
2008,17,195,1,170155,1,5,1,2,4,2,5,2,1,2,1,2,1,2,2,1,2,2,1,2,1,2,2,2,2,2,2,2,1,2,2,0,0,0
2008,17,63,1,170156,1,5,2,2,1,2,6,2,1,1,1,2,1,2,2,2,2,2,2,2,3,2,2,2,2,1,2,2,2,2,2,0,0,0
2008,17,155,1,170157,1,5,1,2,1,2,4,2,1,2,1,2,1,2,2,1,1,2,2,2,2,2,2,2,2,2,2,2,2,2,2,0,0,0
2008,17,43,1,170158,1,5,2,2,1,2,4,2,1,2,1,2,1,2,2,2,1,2,2,2,2,2,2,2,2,2,2,2,2,2,2,0,0,0
2008,17,97,1,170159,1,5,2,2,1,1,4,1,1,2,1,2,1,2,2,1,1,2,2,2,2,2,2,2,2,2,2,2,2,2,2,0,0,0
2008,17,43,1,170160,1,5,2,2,4,2,5,2,1,2,2,2,1,2,2,2,2,2,2,2,2,2,2,2,2,1,2,2,1,2,2,0,0,0
2008,17,97,1,170161,1,5,2,2,1,2,4,2,1,2,1,2,1,2,2,2,1,2,2,2,2,2,2,2,2,2,1,1,2,2,2,0,0,0
2008,17,179,1,170162,1,5,2,2,1,1,3,1,4,2,2,2,2,2,2,2,2,2,2,2,3,2,2,1,1,2,2,1,2,2,2,0,0,0
2008,17,31,1,170163,1,5,2,2,1,1,6,1,4,2,2,1,2,2,2,2,2,2,2,2,3,2,2,2,2,2,2,2,2,2,2,0,0,0
2008,17,31,1,170164,1,5,2,2,2,2,4,2,1,1,2,2,2,2,2,1,2,2,2,2,3,2,2,2,2,2,2,2,1,2,2,0,0,0
2008,17,31,1,170165,1,5,2,2,1,2,4,2,1,1,1,2,1,2,2,2,1,2,2,2,3,2,2,2,2,2,2,2,2,2,2,0,0,0
2008,17,31,1,170166,1,5,2,2,1,1,5,1,4,1,2,2,2,2,2,1,2,2,2,2,2,2,2,2,2,1,2,2,2,2,2,0,0,0
2008,17,31,1,170167,1,5,2,2,4,2,3,2,1,1,1,2,1,2,2,1,2,2,1,2,2,1,1,1,1,2,2,1,1,2,2,0,0,0
2008,17,31,1,170168,1,5,2,2,1,2,4,2,1,1,1,2,1,1,2,2,1,2,2,2,2,2,2,2,2,2,2,2,2,2,2,0,0,0
2008,17,31,1,170169,1,5,2,2,4,2,4,2,1,2,2,2,1,2,2,2,2,2,2,2,1,2,2,2,2,2,2,2,1,2,2,0,0,0
2008,17,31,1,170170,1,5,2,2,1,1,4,1,1,1,1,2,1,2,2,2,1,2,2,2,3,2,2,2,2,2,2,2,2,2,2,0,0,0
2008,17,31,1,170171,1,5,2,2,4,2,4,2,1,1,1,2,1,2,2,2,2,2,1,2,2,2,2,2,2,2,2,2,1,2,2,0,0,0
2008,17,31,1,170172,1,5,2,2,1,2,5,2,2,2,1,2,2,2,2,1,2,2,2,2,2,1,1,1,1,2,2,1,2,2,2,0,0,0
2008,17,163,1,170173,1,5,1,2,4,2,5,2,1,2,2,2,1,2,2,2,2,2,1,2,1,2,2,2,2,2,2,2,1,2,2,0,0,0
2008,17,195,1,170174,1,5,1,2,1,2,3,2,4,1,1,2,2,2,2,1,2,2,2,2,3,2,2,2,2,2,2,2,1,2,2,0,0,0
2008,17,183,1,170175,1,5,1,2,4,2,4,2,1,2,2,2,1,2,2,2,2,2,1,2,1,2,2,2,2,2,2,2,1,2,2,0,0,0
2008,17,31,1,170176,1,5,2,2,4,2,6,2,1,3,3,1,1,2,2,1,2,2,1,2,1,1,1,1,1,2,2,1,1,2,2,0,0,0
2008,17,91,1,170177,1,5,2,2,4,2,4,2,1,1,2,2,1,2,1,1,2,2,2,2,1,2,2,2,2,2,2,2,1,2,2,0,0,0
2008,17,197,1,170178,1,5,2,2,1,2,4,2,1,1,1,2,1,2,2,2,1,2,2,2,3,2,2,2,2,2,2,2,2,2,2,0,0,0
2008,17,11,1,170179,1,5,1,2,4,2,5,2,1,2,2,2,1,2,2,1,2,2,1,2,1,2,2,2,2,2,2,2,1,2,2,0,0,0
2008,17,97,1,170180,1,5,2,2,1,2,3,2,1,2,2,1,1,2,2,2,2,1,2,2,3,2,2,2,2,2,2,2,2,2,2,0,0,0
2008,17,71,1,170181,1,5,1,2,4,2,3,2,1,2,2,2,1,2,2,1,2,2,1,2,1,2,2,2,2,2,2,2,1,2,2,0,0,0
2008,17,187,2,170182,1,5,1,2,1,2,3,2,3,2,1,2,2,2,2,2,2,2,2,2,3,1,1,1,1,1,2,1,2,2,2,0,0,0
2008,17,31,1,170183,1,5,2,1,4,2,1,3,1,1,1,2,1,1,2,2,2,2,1,2,1,2,2,2,2,2,2,2,1,2,2,0,0,0
2008,17,111,1,170184,1,5,1,2,1,2,3,2,3,2,2,2,2,2,1,2,2,2,2,2,1,2,2,2,2,2,2,2,1,2,2,0,0,0
2008,17,111,1,170185,1,5,2,2,1,1,3,1,2,1,2,2,3,2,1,1,2,2,2,2,3,1,1,1,1,2,2,1,2,2,2,0,0,0
2008,17,1,1,170186,1,5,1,1,1,2,1,2,1,1,2,2,1,2,2,2,2,2,1,2,3,1,1,1,1,2,2,1,1,1,2,0,0,0
2008,17,199,1,170187,1,5,1,2,4,2,5,2,1,2,2,2,1,2,2,2,2,2,1,2,1,2,2,2,2,2,2,2,1,2,2,0,0,0
2008,17,141,1,170188,1,5,1,2,1,1,4,1,4,1,1,2,2,1,1,2,2,2,2,2,2,2,2,2,2,2,2,2,2,2,2,0,0,0
2008,17,75,1,170190,1,5,1,2,4,2,5,2,1,1,2,2,1,2,1,1,2,2,2,2,3,2,2,2,2,2,2,2,1,2,1,0,0,0
2008,17,31,2,170191,1,5,2,1,2,2,1,2,1,1,1,2,1,2,2,1,2,2,2,2,2,2,2,2,2,2,2,2,1,2,2,0,0,0
2008,17,31,1,170192,1,5,2,1,4,2,1,3,1,2,2,2,1,2,2,1,2,2,1,2,1,2,2,2,2,2,2,2,1,2,2,0,0,0
2008,17,31,1,170193,1,5,2,1,1,2,1,2,2,2,1,2,2,2,2,2,2,2,2,2,1,2,2,2,2,2,2,2,2,2,2,0,0,0
2008,17,19,2,170194,1,5,1,2,1,2,5,2,3,1,1,2,3,2,1,2,2,2,2,2,3,2,2,2,2,1,2,2,1,2,1,0,0,0
2008,17,63,2,170195,1,5,1,2,1,2,6,3,1,1,2,2,1,2,2,2,2,2,2,2,2,2,2,2,2,2,2,2,2,2,2,0,0,0
2008,17,31,1,170196,1,5,2,2,4,2,3,2,1,1,1,2,1,2,2,2,2,2,2,2,2,2,2,2,2,2,2,2,1,2,2,0,0,0
2008,17,41,1,170199,1,5,1,2,1,2,5,2,3,2,2,2,2,2,2,1,2,2,2,2,1,1,1,1,1,2,2,1,1,1,2,0,0,0
2008,17,107,1,170200,1,5,2,1,3,2,1,2,1,2,2,2,1,2,2,2,2,2,1,2,1,2,2,2,2,2,2,2,2,2,2,0,0,0
2008,17,71,1,170201,1,5,1,2,4,2,4,2,1,2,1,2,1,2,2,2,2,2,1,2,1,2,2,2,2,2,2,2,1,2,2,0,0,0
2008,17,107,1,170202,1,5,1,2,1,1,3,1,4,1,1,2,2,1,1,2,2,2,2,2,2,2,2,2,2,2,2,2,2,2,2,0,0,0
2008,17,167,1,170203,1,5,2,3,4,1,7,1,1,2,2,2,1,2,1,1,2,2,2,2,1,2,2,2,2,2,2,2,2,1,2,0,0,0
2008,17,19,1,170204,1,5,2,2,4,2,6,2,1,2,2,2,1,2,2,1,2,2,2,2,1,2,2,2,2,2,2,2,1,2,2,0,0,0
2008,17,203,1,170205,1,5,1,2,4,2,5,2,1,1,1,2,1,2,2,1,2,2,1,2,2,2,2,2,2,2,2,2,1,2,2,0,0,0
2008,17,25,1,170206,1,5,1,2,1,2,5,2,4,1,1,2,2,2,2,1,2,2,1,2,3,2,2,2,2,2,2,2,1,2,2,0,0,0
2008,17,99,1,170207,1,5,1,2,4,2,3,2,1,2,2,2,1,2,2,2,2,2,1,2,1,1,1,1,1,2,2,1,1,2,2,0,0,0
2008,17,67,1,170208,1,5,1,2,1,2,4,2,1,1,1,2,1,2,2,1,2,2,1,2,1,2,2,2,2,2,2,2,1,1,2,0,0,0
2008,17,23,1,170209,1,5,1,2,1,1,3,1,4,1,1,2,2,1,2,2,2,2,2,2,3,2,2,2,2,1,2,2,2,2,2,0,0,0
2008,17,5,2,170210,1,5,1,2,4,2,4,2,1,2,1,2,1,2,2,1,2,2,1,2,1,2,2,2,2,2,2,2,1,2,2,0,0,0
2008,17,161,1,170211,1,5,2,2,1,2,4,2,4,1,2,2,2,2,2,2,2,2,2,2,3,2,2,2,2,1,2,2,2,2,2,0,0,0
2008,17,97,1,170212,1,5,2,2,4,2,3,2,1,1,1,2,1,2,2,2,2,2,2,2,2,2,2,2,2,1,2,2,1,2,2,0,0,0
2008,17,143,1,170213,1,5,1,2,1,1,5,1,4,1,1,2,2,2,2,2,2,2,1,2,2,2,2,2,2,2,1,1,2,2,2,0,0,0
2008,17,97,1,170214,1,5,2,2,4,2,3,2,1,2,2,2,1,2,2,1,2,2,2,2,1,1,1,1,1,2,2,1,1,2,2,0,0,0
2008,17,31,2,170215,1,5,2,2,4,2,3,2,1,1,1,2,1,1,2,1,2,2,2,2,2,2,2,2,2,2,2,2,2,2,2,0,0,0
2008,17,31,1,170216,1,5,2,2,1,2,5,2,1,2,1,2,1,2,2,1,1,2,2,2,2,2,2,2,2,2,2,2,2,2,2,0,0,0
2008,17,195,1,170217,1,5,1,2,1,1,3,1,4,1,1,2,2,1,2,2,2,2,2,2,2,2,2,2,2,1,2,2,2,2,2,0,0,0
2008,17,31,1,170218,1,5,2,2,1,1,5,1,4,2,1,2,2,2,1,1,2,2,2,2,1,2,2,2,2,2,2,2,2,2,2,0,0,0
2008,17,111,1,170219,1,5,2,2,1,2,5,2,1,2,1,2,1,2,1,1,2,2,2,2,3,2,2,2,2,2,2,2,2,1,2,0,0,0
2008,17,35,1,170220,1,5,1,1,1,2,1,2,2,1,2,2,3,2,2,1,2,2,1,2,3,2,2,2,2,1,1,1,2,1,2,0,0,0
2008,17,89,2,170221,1,5,2,2,1,2,2,2,5,2,2,2,2,2,2,2,2,2,1,2,3,2,2,2,2,2,2,2,2,2,2,0,0,0
2008,17,141,1,170222,1,5,1,2,1,2,4,2,4,1,2,2,2,2,1,2,2,2,2,2,3,2,2,2,2,2,2,2,2,2,2,0,0,0
2008,17,155,1,170223,1,5,1,2,1,2,5,2,3,1,1,2,2,2,1,2,2,2,2,2,2,2,2,2,2,2,2,2,2,2,2,0,0,0
2008,17,39,1,170224,1,5,1,2,4,2,5,2,1,2,2,2,1,2,2,1,2,2,1,2,1,2,2,2,2,2,2,2,1,2,2,0,0,0
2008,17,197,1,170225,1,5,2,2,4,1,3,1,1,2,2,2,1,2,2,1,2,2,2,2,1,2,2,2,2,2,1,1,2,1,2,0,0,0
2008,17,31,1,170226,1,5,2,2,4,2,3,2,1,2,2,2,1,2,2,1,2,2,2,1,1,2,2,2,2,2,2,2,1,2,2,0,0,0
2008,17,31,1,170227,1,5,1,2,1,2,6,2,1,2,2,1,1,2,2,2,1,2,2,2,3,2,2,2,2,2,1,1,2,2,2,0,0,0
2008,17,31,1,170228,1,5,2,2,1,1,6,1,1,1,1,2,1,2,2,2,1,2,2,2,2,2,2,2,2,1,2,2,2,2,2,0,0,0
2008,17,31,1,170229,1,5,2,2,1,1,6,1,4,2,1,2,2,2,2,2,2,2,2,2,1,2,2,2,2,2,2,2,2,2,2,0,0,0
2008,17,31,1,170230,1,5,2,2,1,1,5,1,1,1,2,2,1,2,2,2,2,1,2,2,2,2,2,2,2,2,2,2,2,2,2,0,0,0
2008,17,37,1,170231,1,5,1,2,4,1,5,1,1,2,1,2,1,2,2,2,2,2,2,2,1,2,2,2,2,2,2,2,2,2,2,0,0,0
2008,17,31,1,170232,1,5,2,2,1,2,5,2,1,1,2,2,1,2,2,2,1,2,2,2,3,2,2,2,2,2,2,2,2,2,2,0,0,0
2008,17,31,1,170233,1,5,2,2,1,1,4,1,1,2,2,2,1,2,2,2,1,2,2,2,3,2,2,2,2,2,2,2,2,2,2,0,0,0
2008,17,31,1,170234,1,5,2,2,1,2,3,2,2,1,1,2,3,1,2,1,2,2,2,2,3,2,2,2,2,2,2,2,2,2,2,0,0,0
2008,17,89,1,170235,1,5,2,2,4,1,4,1,1,2,2,2,1,2,2,1,2,2,1,2,1,2,2,2,2,2,1,1,2,2,2,0,0,0
2008,17,107,1,170236,1,5,1,2,4,2,6,2,1,2,2,2,1,2,2,2,2,2,1,2,1,2,2,2,2,2,2,2,1,2,2,0,0,0
2008,17,115,1,170237,1,5,2,2,1,2,6,2,1,1,1,2,1,2,2,2,2,2,2,2,3,2,2,2,2,2,2,2,2,2,2,0,0,0
2008,17,179,1,170238,1,5,2,1,1,2,1,2,1,2,2,1,1,1,2,2,1,2,2,2,2,2,2,2,2,2,2,2,2,2,2,0,0,0
2008,17,31,1,170239,1,5,2,2,1,2,4,2,4,2,2,2,2,2,2,2,2,2,2,2,1,2,2,2,2,2,2,2,2,2,2,0,0,0
2008,17,117,2,170240,1,5,1,2,1,1,3,1,2,1,1,2,3,2,1,2,2,2,2,2,3,1,1,1,1,2,2,1,2,2,2,0,0,0
2008,17,19,1,170241,1,5,1,2,1,2,3,2,1,2,2,2,1,2,2,2,1,2,2,2,3,2,2,2,2,2,1,1,2,2,2,0,0,0
2008,17,55,2,170242,1,5,1,2,4,2,4,2,1,1,1,2,2,2,1,1,2,2,2,2,2,2,2,2,2,1,2,2,1,1,2,0,0,0
2008,17,85,1,170243,1,5,2,2,4,2,3,2,1,2,1,2,1,2,2,1,2,2,1,2,1,2,2,2,2,2,1,1,1,2,2,0,0,0
2008,17,65,1,170244,1,5,1,2,4,2,6,2,1,1,2,2,1,2,2,1,2,2,1,2,1,2,2,2,2,2,2,2,1,2,2,0,0,0
2008,17,31,1,170245,1,5,2,1,4,2,1,3,1,1,2,2,1,2,2,1,2,2,2,2,1,2,2,2,2,2,2,2,1,2,2,0,0,0
2008,17,127,1,170246,1,5,1,2,1,1,5,1,3,2,2,2,2,2,2,1,2,2,2,2,3,1,1,1,1,2,2,1,2,1,2,0,0,0
2008,17,143,1,170247,1,5,1,2,1,1,5,1,4,2,1,2,2,2,2,2,2,2,2,2,3,2,2,2,2,2,2,2,2,2,2,0,0,0
2008,17,113,1,170248,1,5,2,2,1,1,5,1,1,1,1,2,1,2,2,2,1,2,2,2,3,2,2,2,2,2,2,2,2,2,2,0,0,0
2008,17,31,1,170249,1,5,2,2,1,2,3,2,3,2,2,2,3,2,2,1,2,2,2,2,1,2,2,2,2,2,2,2,2,1,2,0,0,0
2008,17,31,1,170250,1,5,2,2,1,2,4,2,3,2,2,2,3,2,2,2,2,2,2,2,3,1,1,1,1,1,2,1,2,2,2,0,0,0
2008,17,161,1,170251,1,5,2,2,1,2,3,2,2,2,2,2,2,1,2,2,2,2,2,2,1,2,2,2,2,2,2,2,2,2,2,0,0,0
2008,17,31,1,170252,1,5,2,2,1,2,4,2,3,1,2,2,2,2,2,2,2,2,2,2,3,2,2,2,2,2,2,2,2,1,2,0,0,0
2008,17,127,1,170253,1,5,1,1,1,2,1,2,2,1,1,2,2,2,2,2,2,2,2,2,3,2,2,2,2,2,2,2,2,2,2,0,0,0
2008,17,199,1,170254,1,5,2,2,4,2,5,2,1,2,2,2,1,2,2,1,2,2,2,2,1,2,2,2,2,2,1,1,1,2,2,0,0,0
2008,17,67,1,170255,1,5,1,2,1,1,5,1,4,1,1,2,2,2,2,1,2,2,2,2,3,2,2,2,2,2,2,2,2,2,2,0,0,0
2008,17,123,2,170256,1,5,1,2,1,2,3,2,3,1,1,2,2,2,2,1,2,2,2,2,2,1,1,1,1,2,2,1,2,2,2,0,0,0
2008,17,129,1,170257,1,5,1,2,4,2,5,2,1,1,1,2,1,2,2,2,2,2,1,2,3,2,2,2,2,1,2,2,1,2,2,0,0,0
2008,17,117,1,170258,1,5,2,2,4,2,6,2,1,1,1,2,1,2,2,1,2,2,2,2,3,2,2,2,2,2,2,2,1,2,2,0,0,0
2008,17,45,1,170259,1,5,1,2,1,1,5,1,4,1,1,2,2,2,2,1,2,2,2,2,3,2,2,2,2,2,2,2,2,2,2,0,0,0
2008,17,163,1,170260,1,5,2,2,4,2,4,2,1,2,2,2,1,2,2,1,2,2,1,2,3,2,2,1,1,2,2,1,1,2,2,0,0,0
2008,17,141,1,170261,1,5,1,2,1,2,5,2,4,1,1,2,2,2,2,2,2,2,1,2,3,2,2,2,2,1,2,2,2,2,2,0,0,0
2008,17,109,1,170262,1,5,1,2,1,2,3,2,2,1,1,2,2,1,2,2,2,2,2,2,3,2,2,2,2,2,2,2,2,2,2,0,0,0
2008,17,101,1,170263,1,5,1,2,4,1,4,1,1,2,2,2,1,2,2,2,2,2,2,2,1,2,2,2,2,2,2,2,2,2,2,0,0,0
2008,17,31,1,170264,1,5,2,2,1,1,3,1,1,2,2,1,1,2,2,2,1,2,2,2,3,2,2,2,2,2,2,2,2,2,2,0,0,0
2008,17,33,1,170265,1,5,1,2,1,1,4,1,2,1,2,2,2,2,2,1,2,2,2,2,3,2,2,1,1,1,2,1,2,2,2,0,0,0
2008,17,31,1,170266,1,5,2,2,1,1,4,1,3,1,1,2,3,2,2,2,2,2,2,2,3,2,2,2,2,2,2,2,2,2,2,0,0,0
2008,17,97,1,170267,1,5,2,2,4,1,4,1,1,1,2,2,1,2,2,2,2,2,2,2,1,2,2,2,2,2,2,2,2,2,2,0,0,0
2008,17,31,1,170268,1,5,2,2,4,1,4,1,1,2,2,2,1,2,2,1,2,2,2,2,3,2,2,1,1,2,2,1,2,2,2,0,0,0
2008,17,37,1,170269,1,5,1,2,4,2,4,2,1,2,2,2,1,2,2,1,2,2,1,2,1,2,2,2,2,2,2,2,1,1,2,0,0,0
2008,17,201,1,170270,1,5,2,2,1,1,4,1,4,1,1,2,2,2,2,2,2,2,2,2,3,2,2,2,2,1,2,2,2,2,2,0,0,0
2008,17,77,1,170271,1,5,1,2,4,2,4,2,1,1,1,2,1,2,2,1,2,1,2,2,2,2,2,2,2,2,2,2,1,2,2,0,0,0
2008,17,139,1,170272,1,5,1,2,4,2,6,2,1,1,1,2,1,2,2,1,2,2,2,2,2,2,2,2,2,2,2,2,1,2,2,0,0,0
2008,17,201,1,170273,1,5,2,2,1,1,4,1,4,1,1,2,2,2,2,2,2,2,2,2,2,2,2,2,2,2,2,2,2,2,2,0,0,0
2008,17,99,1,170274,1,5,1,2,4,2,6,2,1,2,2,2,1,2,2,1,2,2,1,2,1,2,2,2,2,2,2,2,1,2,2,0,0,0
2008,17,105,1,170275,1,5,1,2,1,1,4,1,4,1,1,2,2,2,1,2,2,2,2,2,2,1,1,1,1,2,1,1,2,2,2,0,0,0
2008,17,161,1,170276,1,5,2,2,4,2,5,2,1,2,1,2,1,2,2,2,2,2,2,2,1,2,2,2,2,2,1,1,1,2,2,0,0,0
2008,17,77,1,170277,1,5,1,2,1,2,3,2,1,1,1,2,1,2,2,2,2,2,2,2,2,2,2,2,2,2,2,2,2,2,2,0,0,0
2008,17,31,1,170278,1,5,2,2,1,1,4,1,1,1,1,2,1,2,2,2,1,2,2,2,3,2,2,2,2,2,2,2,2,2,2,0,0,0
2008,17,31,1,170279,1,5,2,2,1,2,4,2,4,1,2,2,3,2,2,1,2,2,2,2,3,2,2,2,2,1,2,2,2,2,2,0,0,0
2008,17,31,1,170280,1,5,2,2,1,2,5,2,4,2,1,2,2,2,2,2,2,2,2,2,1,2,2,2,2,2,1,1,2,2,2,0,0,0
2008,17,31,1,170281,1,5,2,2,4,1,5,1,1,1,1,2,1,2,2,2,2,2,2,2,2,2,2,2,2,2,2,2,2,2,1,0,0,0
2008,17,201,1,170282,1,5,2,2,1,2,4,2,1,2,2,1,1,2,2,2,1,2,2,2,2,2,2,2,2,2,2,2,2,1,2,0,0,0
2008,17,31,1,170283,1,5,2,2,1,1,4,1,1,2,2,1,1,2,2,2,1,2,2,2,3,2,2,2,2,2,2,2,2,2,2,0,0,0
2008,17,141,1,170284,1,5,1,2,4,2,5,2,1,2,2,2,1,2,2,2,2,2,1,2,2,1,1,1,1,2,2,1,1,2,2,0,0,0
2008,17,31,1,170285,1,5,2,2,1,1,4,1,1,1,1,2,1,2,2,2,1,2,2,2,3,2,2,2,2,2,1,1,2,2,2,0,0,0
2008,17,43,1,170286,1,5,2,2,1,2,3,2,4,1,2,2,3,1,2,2,2,2,2,2,3,2,2,2,2,1,2,2,2,1,2,0,0,0
2008,17,31,1,170287,1,5,2,2,1,2,4,2,1,2,1,2,2,2,2,2,1,2,2,2,3,2,2,2,2,2,2,2,2,2,2,0,0,0
2008,17,31,1,170288,1,5,2,2,1,1,5,1,4,1,2,2,2,2,2,2,2,2,2,2,2,2,2,2,2,2,2,2,2,2,2,0,0,0
2008,17,19,1,170289,1,5,1,2,4,1,6,1,1,2,1,2,1,2,2,1,2,2,1,2,1,1,1,1,1,2,2,1,2,2,2,0,0,0
2008,17,49,1,170290,1,5,1,2,1,2,5,2,4,1,2,2,2,2,1,2,2,2,2,2,1,2,2,2,2,1,2,2,2,2,2,0,0,0
2008,17,161,1,170291,1,5,2,2,4,1,4,1,1,2,1,2,1,2,1,2,2,2,2,2,1,2,2,2,2,2,2,2,2,2,2,0,0,0
2008,17,81,1,170292,1,5,1,2,4,2,5,2,1,1,1,2,1,2,2,2,2,2,1,2,2,2,2,2,2,1,2,2,1,1,2,0,0,0
2008,17,31,1,170293,1,5,2,2,1,2,3,2,4,1,1,2,3,2,2,2,2,2,2,2,3,2,2,2,2,2,1,1,2,2,2,0,0,0
2008,17,31,1,170295,1,5,2,2,1,2,4,2,1,2,1,2,1,2,2,2,1,2,2,2,2,2,2,2,2,2,2,2,2,2,2,0,0,0
2008,17,113,1,170296,1,5,2,2,1,1,4,1,3,2,2,2,2,2,2,2,2,2,2,2,3,2,2,2,2,2,2,2,2,2,2,0,0,0
2008,17,27,1,170297,1,5,1,2,2,2,5,2,4,1,2,2,2,2,2,1,2,2,1,2,1,2,2,2,2,2,2,2,1,2,2,0,0,0
2008,17,143,1,170298,1,5,2,2,1,1,4,1,4,1,2,2,2,2,2,2,2,2,2,2,3,2,2,2,2,1,1,1,2,2,2,0,0,0
2008,17,177,1,170299,1,5,1,2,1,1,3,1,4,1,1,2,2,1,2,2,2,2,2,2,3,2,2,1,1,2,2,1,2,2,2,0,0,0
2008,17,43,1,170300,1,5,2,1,1,2,1,2,2,1,1,2,3,2,2,1,2,2,2,2,3,2,2,2,2,2,2,2,2,2,2,0,0,0
2008,17,163,1,170301,1,5,2,2,1,2,3,2,4,2,1,2,2,1,2,1,2,2,2,2,3,2,2,2,2,2,2,2,2,2,2,0,0,0
2008,17,7,1,170302,1,5,2,2,1,2,3,2,3,1,1,2,2,2,2,2,2,2,2,2,3,2,2,2,2,2,2,2,2,2,2,0,0,0
2008,17,31,1,170303,1,5,2,2,4,2,6,2,4,2,1,2,1,2,1,2,2,2,2,2,1,2,2,2,2,2,2,2,2,2,2,0,0,0
2008,17,31,1,170304,1,5,2,2,4,2,4,2,1,2,2,2,1,2,2,1,2,2,2,2,1,1,1,1,1,2,2,1,1,2,2,0,0,0
2008,17,31,1,170305,1,5,2,2,1,1,3,1,1,2,2,2,1,2,2,2,1,2,2,2,3,2,2,2,2,2,2,2,2,2,2,0,0,0
2008,17,31,1,170306,1,5,2,2,1,1,6,1,4,1,1,2,2,2,2,2,2,2,2,2,3,1,1,1,1,2,1,1,2,2,2,0,0,0
2008,17,31,1,170307,1,5,2,2,1,1,3,1,2,1,1,2,2,2,1,2,2,2,2,2,3,2,2,2,2,2,2,2,2,2,2,0,0,0
2008,17,203,1,170308,1,5,1,2,4,2,4,2,1,1,1,2,1,2,2,2,2,2,1,2,1,2,2,2,2,2,2,2,1,2,2,0,0,0
2008,17,31,1,170309,1,5,2,2,1,1,3,1,1,2,2,1,1,2,2,2,1,2,2,2,1,2,2,2,2,2,1,1,2,2,2,0,0,0
2008,17,31,1,170310,1,5,2,2,4,2,3,2,1,2,1,2,1,2,2,2,2,2,2,2,1,1,1,1,1,2,2,1,1,2,2,0,0,0
2008,17,31,1,170311,1,5,2,2,4,2,3,2,1,2,1,2,1,2,2,2,1,2,2,2,1,2,2,2,2,2,2,2,1,2,2,0,0,0
2008,17,31,1,170312,1,5,2,2,4,2,5,2,1,2,1,2,1,2,2,2,2,2,2,2,2,2,2,2,2,2,2,2,1,2,2,0,0,0
2008,17,11,1,170313,1,5,1,2,1,1,5,1,3,1,1,2,2,2,2,2,2,2,2,2,3,2,2,2,2,1,2,2,2,2,2,0,0,0
2008,17,97,1,170314,1,5,2,2,1,1,3,1,1,2,1,1,1,2,2,1,2,1,2,2,3,2,2,2,2,2,2,2,2,1,2,0,0,0
2008,17,95,1,170315,1,5,2,2,4,2,6,2,4,1,1,1,2,2,2,1,2,2,2,2,2,2,2,2,2,1,2,2,1,2,2,0,0,0
2008,17,31,1,170316,1,5,2,2,1,1,4,1,1,1,1,2,1,2,2,2,2,1,2,2,3,2,2,2,2,2,1,1,2,2,2,0,0,0
2008,17,31,1,170317,1,5,2,2,1,1,5,1,1,2,1,2,1,2,2,2,1,2,2,2,2,2,2,2,2,2,2,2,2,2,2,0,0,0
2008,17,167,1,170318,1,5,2,2,1,1,4,1,1,2,2,2,1,2,2,2,2,1,2,2,2,2,2,2,2,2,2,2,2,2,2,0,0,0
2008,17,199,1,170319,1,5,2,2,1,2,3,2,1,2,1,2,1,2,2,2,1,2,2,2,2,2,2,2,2,2,2,2,2,2,2,0,0,0
2008,17,143,1,170320,1,5,2,2,1,1,4,1,4,1,1,2,2,2,2,2,2,2,2,2,3,2,2,2,2,2,2,2,2,2,2,0,0,0
2008,17,99,1,170321,1,5,1,2,1,2,5,2,4,1,1,2,3,1,2,2,2,2,2,2,3,2,2,2,2,2,1,1,2,2,2,0,0,0
2008,17,167,1,170322,1,5,2,2,4,1,6,1,1,2,1,2,1,2,2,2,2,2,2,2,1,2,2,2,2,2,2,2,2,2,2,0,0,0
2008,17,31,1,170323,1,5,1,1,1,2,1,2,2,1,1,2,3,2,2,1,2,2,2,2,1,2,2,2,2,2,2,2,2,2,2,0,0,0
2008,17,199,1,170324,1,5,1,2,4,2,6,2,1,1,2,2,1,2,1,2,2,2,2,2,2,2,2,2,2,2,2,2,2,2,2,0,0,0
2008,17,31,1,170325,1,5,2,2,1,2,5,2,3,2,2,2,2,2,2,1,2,2,2,2,3,2,2,2,2,2,2,2,2,2,2,0,0,0
2008,17,31,1,170326,1,5,2,2,1,1,3,1,1,2,2,2,1,2,2,2,2,1,2,2,3,2,2,2,2,2,2,2,2,2,2,0,0,0
2008,17,31,1,170327,1,5,2,2,4,1,6,1,1,2,1,2,1,2,2,1,2,2,2,2,3,2,2,2,2,2,2,2,2,2,2,0,0,0
2008,17,31,1,170328,1,5,2,2,4,2,4,2,1,2,1,2,1,2,2,2,2,2,1,2,1,2,2,2,2,2,2,2,1,2,2,0,0,0
2008,17,31,1,170329,1,5,2,1,1,2,1,2,2,2,2,2,2,1,2,1,2,2,2,2,1,2,2,2,2,2,2,2,2,2,2,0,0,0
2008,17,31,1,170330,1,5,2,2,1,1,5,1,4,2,1,2,2,2,2,2,2,2,2,2,3,2,2,2,2,2,2,2,2,2,2,0,0,0
2008,17,43,1,170331,1,5,1,2,4,2,6,2,1,2,1,2,1,2,2,2,2,2,2,1,1,2,2,1,1,2,2,1,1,1,2,0,0,0
2008,17,109,1,170332,1,5,2,2,1,2,6,2,4,1,1,2,2,2,2,2,2,2,2,2,3,1,1,1,1,1,2,1,2,2,2,0,0,0
2008,17,63,1,170333,1,5,1,2,4,2,4,2,1,1,2,2,1,2,1,2,2,2,2,2,1,2,2,2,2,2,2,2,1,2,2,0,0,0
2008,17,119,1,170334,1,5,2,2,1,2,6,2,1,2,1,2,1,2,2,2,2,2,2,2,3,1,1,1,1,2,2,1,2,2,2,0,0,0
2008,17,19,1,170335,1,5,1,2,4,2,6,2,1,2,2,2,1,2,2,2,2,2,1,2,1,2,2,2,2,2,2,2,1,1,2,0,0,0
2008,17,199,1,170336,1,5,1,2,1,1,5,1,4,1,1,2,2,2,1,2,2,2,2,2,3,2,2,2,2,2,1,1,2,2,2,0,0,0
2008,17,137,1,170337,1,5,2,2,4,2,4,2,1,1,1,2,1,2,2,2,2,2,1,2,2,2,2,2,2,1,2,2,1,2,2,0,0,0
2008,17,197,1,170338,1,5,2,2,1,2,6,2,1,2,2,1,1,2,2,2,1,2,2,2,3,2,2,2,2,2,2,2,2,2,2,0,0,0
2008,17,141,1,170339,1,5,1,2,4,2,4,2,1,2,2,2,1,2,2,2,2,2,1,2,1,2,2,2,2,2,2,2,1,2,2,0,0,0
2008,17,55,1,170340,1,5,2,2,1,2,5,2,1,2,2,2,1,2,2,2,2,1,2,2,3,2,2,2,2,2,2,2,2,2,2,0,0,0
2008,17,99,1,170341,1,5,2,2,1,2,3,2,4,1,1,2,2,2,2,2,2,2,2,2,3,1,1,1,1,2,2,1,2,2,2,0,0,0
2008,17,31,1,170342,1,5,2,2,1,2,3,2,1,2,2,2,1,2,2,2,1,2,2,2,2,2,2,2,2,2,2,2,2,2,2,0,0,0
2008,17,35,1,170343,1,5,1,2,4,1,5,1,1,1,2,2,1,2,1,2,2,2,2,2,1,2,2,2,2,2,2,2,2,2,2,0,0,0
2008,17,67,1,170344,1,5,1,2,4,2,6,2,1,1,1,2,1,2,2,2,2,2,1,2,2,2,2,2,2,2,2,2,1,2,2,0,0,0
2008,17,31,1,170345,1,5,2,2,1,2,5,2,1,2,2,2,1,2,2,2,1,2,2,2,3,2,2,2,2,2,1,1,2,2,2,0,0,0
2008,17,119,1,170346,1,5,2,2,1,2,4,2,1,2,2,2,1,2,2,2,1,2,2,2,1,2,2,2,2,2,2,2,2,2,2,0,0,0
2008,17,31,1,170347,1,5,2,2,1,2,6,2,1,2,2,1,1,2,2,2,1,2,2,2,3,2,2,2,2,2,2,2,2,2,2,0,0,0
2008,17,15,1,170348,1,5,1,2,4,2,5,2,1,1,2,2,1,2,1,1,2,2,2,2,3,2,2,2,2,2,2,2,1,2,2,0,0,0
2008,17,97,1,170349,1,5,2,2,4,1,4,1,1,2,2,2,1,2,2,2,2,2,1,2,1,2,2,2,2,2,2,2,2,2,2,0,0,0
2008,17,137,1,170350,1,5,2,2,4,2,5,2,1,1,1,2,1,2,2,2,2,2,2,2,3,2,2,2,2,1,2,2,1,2,2,0,0,0
2008,17,31,1,170351,1,5,2,2,4,2,5,2,4,2,2,2,1,2,2,2,2,2,2,2,2,2,2,2,2,1,2,2,2,2,2,0,0,0
2008,17,81,1,170352,1,5,1,2,4,2,5,2,1,2,2,2,1,2,1,2,2,2,2,2,1,2,2,2,2,2,2,2,1,2,2,0,0,0
2008,17,31,1,170353,1,5,2,2,1,2,6,2,1,2,2,2,1,2,2,2,1,2,2,2,1,2,2,2,2,2,2,2,2,2,2,0,0,0
2008,17,37,1,170354,1,5,2,2,1,2,3,2,4,2,2,2,2,2,2,1,2,2,1,2,1,2,2,2,2,1,2,2,2,2,2,0,0,0
2008,17,31,1,170355,1,5,2,2,1,1,3,1,2,1,1,2,3,1,2,2,2,2,1,2,2,2,2,2,2,2,2,2,2,1,2,0,0,0
2008,17,31,1,170356,1,5,2,2,4,2,4,2,1,2,2,2,1,2,2,2,2,2,1,2,1,2,2,2,2,2,2,2,1,2,2,0,0,0
2008,17,115,1,170357,1,5,1,2,1,1,3,1,4,1,1,2,2,2,2,2,2,2,2,2,3,2,2,2,2,1,1,1,2,2,2,0,0,0
2008,17,197,1,170358,1,5,2,2,1,2,4,2,4,1,1,2,2,2,2,1,2,2,2,2,3,1,1,1,1,2,1,1,2,2,2,0,0,0
2008,17,163,1,170359,1,5,2,2,4,2,3,2,1,2,1,2,1,2,2,1,2,2,1,2,3,2,2,2,2,2,2,2,1,2,2,0,0,0
2008,17,27,1,170360,1,5,1,2,4,2,4,2,1,2,1,2,1,2,2,1,2,2,1,2,1,2,2,2,2,2,2,2,1,2,2,0,0,0
2008,17,111,1,170361,1,5,2,2,1,1,3,1,4,2,2,2,2,2,1,2,2,2,2,2,1,2,2,2,2,1,1,1,2,1,2,0,0,0
2008,17,75,1,170362,1,5,1,2,1,2,5,2,1,1,1,2,1,2,2,1,2,2,1,2,2,2,2,2,2,2,1,1,2,2,2,0,0,0
2008,17,167,1,170363,1,5,2,2,4,2,6,2,1,2,2,2,1,2,2,2,2,2,1,2,1,2,2,2,2,2,2,2,1,2,2,0,0,0
2008,17,163,1,170364,1,5,2,2,4,2,3,2,3,1,1,2,1,1,2,1,2,2,2,2,2,2,2,2,2,2,2,2,2,1,2,0,0,0
2008,17,31,1,170365,1,5,2,2,1,2,3,2,1,2,2,2,1,2,1,2,2,2,2,2,1,2,2,2,2,2,2,2,1,1,2,0,0,0
2008,17,97,1,170366,1,5,2,2,1,2,3,2,1,2,1,2,1,2,2,1,2,1,2,2,2,2,2,2,2,2,1,1,2,2,2,0,0,0
2008,17,139,1,170367,1,5,1,2,1,1,6,1,4,1,1,2,2,2,2,2,2,2,2,2,3,1,1,1,1,2,2,1,2,2,2,0,0,0
2008,17,31,1,170368,1,5,2,2,1,2,4,2,1,2,2,1,1,2,2,2,1,2,2,2,3,2,2,2,2,2,1,1,2,2,2,0,0,0
2008,17,31,2,170369,1,5,2,2,4,2,5,2,1,1,1,2,1,2,2,2,2,2,2,2,1,2,2,2,2,2,2,2,1,2,2,0,0,0
2008,17,139,1,170370,1,5,1,2,1,1,3,1,4,1,1,2,2,2,2,2,2,2,2,2,3,1,1,1,1,2,2,1,2,2,2,0,0,0
2008,17,201,1,170371,1,5,2,2,1,2,5,2,4,2,1,2,2,1,1,1,2,2,2,2,1,2,2,2,2,2,2,2,2,2,2,0,0,0
2008,17,31,1,170372,1,5,2,2,1,2,6,2,4,2,2,2,2,2,2,1,1,2,1,2,1,2,2,2,2,2,2,2,2,1,2,0,0,0
2008,17,89,1,170373,1,5,2,2,1,1,3,1,4,1,2,2,2,2,2,2,2,2,2,2,3,1,1,1,1,1,2,1,2,2,2,0,0,0
2008,17,157,1,170374,1,5,1,2,1,2,5,2,1,1,2,2,1,2,2,2,2,2,2,2,2,2,2,2,2,2,2,2,2,2,2,0,0,0
2008,17,37,1,170375,1,5,1,2,4,2,6,2,1,1,1,2,1,2,2,1,2,2,1,2,2,2,2,2,2,2,1,1,1,2,2,0,0,0
2008,17,163,1,170376,1,5,2,2,1,1,3,1,4,2,2,2,3,2,2,2,2,2,2,2,3,2,2,2,2,2,1,1,2,2,2,0,0,0
2008,17,31,1,170377,1,5,2,2,4,2,3,2,1,2,2,2,1,2,2,2,2,2,2,2,1,2,2,2,2,2,2,2,1,2,2,0,0,0
2008,17,31,1,170378,1,5,2,2,1,2,3,2,4,1,1,2,2,2,2,2,2,2,2,2,3,2,2,2,2,1,2,2,2,2,2,0,0,0
2008,17,31,2,170379,1,5,2,2,4,2,6,2,1,2,2,2,1,2,2,1,2,2,2,2,2,2,2,2,2,2,2,2,1,2,2,0,0,0
2008,17,77,1,170380,1,5,2,2,4,2,3,2,1,1,1,2,1,2,2,1,2,2,1,2,1,2,2,2,2,2,2,2,1,2,2,0,0,0
2008,17,199,1,170381,1,5,2,2,4,1,4,1,1,1,1,2,1,2,2,2,2,2,2,2,2,2,2,2,2,2,2,2,2,2,2,0,0,0
2008,17,97,1,170382,1,5,2,2,4,2,3,2,1,1,1,2,1,2,2,2,2,2,2,2,2,2,2,2,2,2,2,2,1,2,2,0,0,0
2008,17,115,1,170383,1,5,2,2,1,1,4,1,1,2,1,2,1,2,2,2,1,2,2,2,3,2,2,2,2,2,2,2,2,2,2,0,0,0
2008,17,31,1,170384,1,5,2,2,4,1,4,1,1,2,1,2,1,2,1,1,2,2,2,2,2,2,2,2,2,2,2,2,2,2,2,0,0,0
2008,17,119,1,170385,1,5,2,2,1,1,3,1,1,1,1,2,1,1,2,2,2,1,2,2,2,2,2,2,2,2,2,2,2,2,2,0,0,0
2008,17,19,1,170386,1,5,2,2,1,1,5,1,4,1,1,2,2,1,1,2,2,2,2,2,2,2,2,1,1,2,2,1,2,2,2,0,0,0
2008,17,127,2,170387,1,5,1,2,1,1,4,1,4,1,2,2,2,2,2,2,2,2,2,2,3,1,1,1,1,2,2,1,2,2,2,0,0,0
2008,17,91,1,170388,1,5,2,2,1,1,3,1,3,1,1,2,3,1,2,2,2,2,1,2,3,2,2,2,2,2,1,1,2,2,2,0,0,0
2008,17,91,1,170389,1,5,1,1,1,2,1,2,3,1,1,2,2,2,2,2,2,2,2,2,2,1,1,1,1,2,2,1,1,2,2,0,0,0
2008,17,41,1,170390,1,5,1,2,4,2,4,2,1,2,1,2,1,2,2,1,2,2,1,2,1,2,2,2,2,2,1,1,1,2,2,0,0,0
2008,17,31,1,170391,1,5,2,2,1,1,4,1,4,2,2,2,2,2,1,2,2,2,2,2,1,2,2,2,2,2,2,2,2,2,2,0,0,0
2008,17,31,1,170392,1,5,2,2,1,2,2,2,2,1,1,2,3,1,2,1,2,2,1,2,3,2,2,2,2,1,2,2,2,2,2,0,0,0
2008,17,37,1,170393,1,5,1,2,1,1,4,1,4,1,1,2,2,1,2,2,2,2,2,2,1,2,2,2,2,2,2,2,2,2,2,0,0,0
2008,17,163,1,170394,1,5,2,2,4,1,3,1,1,2,2,2,1,2,2,1,2,2,1,2,1,2,2,2,2,2,2,2,2,2,2,0,0,0
2008,17,31,1,170395,1,5,2,1,2,2,1,2,1,1,1,1,1,2,2,1,1,2,2,2,3,2,2,2,2,2,1,1,2,2,2,0,0,0
2008,17,197,1,170396,1,5,2,1,4,2,1,3,1,2,2,2,1,2,1,1,2,2,2,2,3,2,2,2,2,2,2,2,1,2,2,0,0,0
2008,17,25,1,170397,1,5,1,2,4,2,5,2,1,2,1,2,1,2,1,1,2,2,2,2,1,2,2,2,2,2,2,2,1,2,2,0,0,0
2008,17,161,1,170398,1,5,2,2,1,2,6,2,1,2,2,2,1,2,2,2,2,2,1,2,1,2,2,2,2,2,2,2,2,2,2,0,0,0
2008,17,197,1,170399,1,5,2,1,1,2,1,2,1,2,1,1,2,1,2,2,1,2,2,2,3,2,2,2,2,2,2,2,2,2,2,0,0,0
2008,17,35,1,170400,1,5,1,2,4,2,5,2,1,2,2,2,1,2,1,2,2,2,2,2,1,2,2,2,2,2,2,2,1,2,2,0,0,0
2008,17,167,1,170401,1,5,1,2,4,2,5,2,1,2,2,2,1,2,2,1,2,2,1,2,2,2,2,2,2,2,2,2,1,2,2,0,0,0
2008,17,179,1,170402,1,5,1,2,4,2,5,2,1,2,2,2,1,2,2,2,2,2,1,2,1,2,2,2,2,2,2,2,1,2,2,0,0,0
2008,17,29,1,170403,1,5,1,2,4,2,6,2,1,2,2,2,1,2,2,2,2,2,1,2,1,2,2,2,2,2,2,2,1,2,2,0,0,0
2008,17,127,1,170404,1,5,1,2,4,2,6,2,1,2,2,2,1,2,2,1,2,2,1,2,1,1,1,1,1,2,2,1,1,2,2,0,0,0
2008,17,99,1,170405,1,5,1,2,1,1,4,1,4,1,1,2,2,2,2,1,2,2,2,2,3,2,2,2,2,1,2,2,2,1,2,0,0,0
2008,17,67,2,170406,1,5,1,2,1,1,3,1,4,1,1,2,2,1,2,2,2,2,1,2,3,2,2,2,2,2,2,2,2,2,2,0,0,0
2008,17,201,1,170407,1,5,1,3,1,2,7,2,1,2,2,2,1,2,1,2,1,2,2,2,1,2,2,2,2,2,2,2,2,2,2,0,0,0
2008,17,179,1,170408,1,5,1,1,1,2,1,2,1,1,1,2,1,1,2,2,2,2,1,2,2,2,2,2,2,2,2,2,1,2,1,0,0,0
2008,17,35,1,170409,1,5,1,2,1,1,5,1,4,1,2,2,2,2,2,2,2,2,2,2,3,1,1,1,1,2,2,1,2,2,2,0,0,0
2008,17,119,1,170410,1,5,2,2,4,2,2,3,1,1,1,2,1,2,2,1,2,2,1,2,2,2,2,2,2,2,2,2,1,2,2,0,0,0
2008,17,179,1,170411,1,5,1,2,1,2,6,2,1,2,1,2,1,2,2,1,2,2,2,2,2,1,1,1,1,2,2,1,2,2,2,0,0,0
2008,17,55,2,170412,1,5,1,2,4,2,4,2,1,2,1,2,1,2,2,1,2,2,2,2,1,2,2,2,2,2,2,2,1,2,2,0,0,0
2008,17,105,1,170413,1,5,1,2,4,2,3,2,1,1,2,2,1,2,2,2,2,2,2,2,1,2,2,2,2,2,2,2,1,2,2,0,0,0
2008,17,99,1,170414,1,5,1,1,4,2,1,2,1,1,1,2,1,2,2,1,2,2,1,2,3,2,2,2,2,2,2,2,1,2,2,0,0,0
2008,17,113,1,170415,1,5,1,2,1,1,3,1,4,1,1,2,2,1,1,2,2,2,2,2,2,2,2,2,2,2,2,2,2,2,2,0,0,0
2008,17,119,1,170416,1,5,2,2,1,2,2,2,2,2,2,2,2,2,2,1,2,2,2,2,1,2,2,2,2,2,1,1,2,2,2,0,0,0
2008,17,31,1,170417,1,5,2,2,4,2,2,2,2,2,2,2,1,2,2,2,2,2,2,2,1,2,2,2,2,2,1,1,2,2,2,0,0,0
2008,17,119,1,170418,1,5,2,2,4,2,2,2,1,1,1,2,1,1,2,2,2,2,1,2,2,2,2,2,2,2,2,2,1,2,2,0,0,0
2008,17,31,1,170419,1,5,2,2,1,2,2,2,2,2,1,2,3,2,1,1,2,2,2,2,1,2,2,2,2,2,2,2,2,2,2,0,0,0
2008,17,35,2,170420,1,5,1,1,1,2,1,2,2,1,1,2,3,1,2,1,2,2,2,2,3,1,1,1,1,1,2,1,2,2,2,0,0,0
2008,17,5,1,170422,1,5,2,2,1,2,4,2,1,2,1,1,1,2,2,2,1,2,2,2,3,2,2,2,2,2,2,2,2,2,2,0,0,0
2008,17,3,1,170423,1,5,1,2,1,2,5,2,1,2,2,2,1,2,2,2,1,2,2,2,3,2,2,2,2,2,1,1,2,2,2,0,0,0
2008,17,31,1,170424,1,5,2,2,4,2,5,2,1,2,2,2,1,2,2,1,2,2,1,2,1,2,2,2,2,2,1,1,1,2,2,0,0,0
2008,17,167,1,170425,1,5,2,2,1,2,2,2,1,1,1,2,1,2,2,2,2,2,1,2,3,2,2,2,2,2,2,2,2,2,2,0,0,0
2008,17,119,1,170426,1,5,2,2,4,1,3,1,1,2,2,2,1,2,1,1,2,2,2,2,1,2,2,2,2,2,1,1,2,2,2,0,0,0
2008,17,49,1,170427,1,5,1,2,1,2,3,2,3,2,1,2,2,2,2,1,2,2,2,2,3,2,2,2,2,2,2,2,2,2,2,0,0,0
2008,17,43,1,170428,1,5,1,1,1,2,1,2,2,1,1,2,2,2,2,2,2,2,1,2,1,2,2,2,2,2,2,2,2,2,2,0,0,0
2008,17,31,1,170429,1,5,2,2,1,2,2,2,3,2,1,2,2,2,2,2,1,2,2,2,3,2,2,2,2,2,2,2,2,2,2,0,0,0
2008,17,31,1,170430,1,5,2,2,1,2,3,3,1,1,1,2,1,2,2,2,2,2,1,2,1,2,2,2,2,2,1,1,1,2,2,0,0,0
2008,17,99,1,170431,1,5,1,1,4,2,1,2,2,1,1,2,1,1,2,1,1,2,2,2,3,2,2,2,2,2,2,2,2,2,2,0,0,0
2008,17,175,1,170432,1,5,1,2,4,2,5,2,1,2,2,2,1,2,1,1,2,2,2,2,3,2,2,2,2,2,2,2,1,2,2,0,0,0
2008,17,175,1,170433,1,5,1,2,1,1,4,1,4,1,2,2,2,2,2,2,2,2,2,2,3,2,2,2,2,1,2,2,2,2,2,0,0,0
2008,17,167,1,170434,1,5,1,2,1,2,5,2,1,1,1,2,1,2,2,2,2,2,1,2,1,2,2,2,2,2,2,2,2,2,2,0,0,0
2008,17,89,1,170435,1,5,2,2,4,2,4,2,1,1,2,2,1,2,1,2,2,2,2,2,2,2,2,2,2,2,2,2,1,2,2,0,0,0
2008,17,201,1,170436,1,5,2,2,1,1,3,1,4,1,1,2,2,2,2,2,2,2,2,2,3,2,2,2,2,1,2,2,2,2,2,0,0,0
2008,17,143,1,170437,1,5,2,1,4,2,1,2,1,1,1,2,2,1,2,2,2,2,2,2,3,2,2,2,2,2,2,2,1,2,2,0,0,0
2008,17,53,1,170438,1,5,1,2,4,2,6,2,1,2,1,2,1,2,2,2,2,2,2,1,1,2,2,2,2,2,2,2,1,2,2,0,0,0
2008,17,105,1,170439,1,5,1,2,1,2,4,2,3,2,1,2,2,2,1,2,2,2,2,2,3,2,2,2,2,2,2,2,2,2,2,0,0,0
2008,17,63,1,170440,1,5,2,1,1,2,1,2,2,1,2,2,2,2,1,1,2,2,2,2,1,2,2,2,2,2,2,2,2,2,2,0,0,0
2008,17,193,1,170441,1,5,1,1,1,1,1,1,4,1,2,2,2,1,1,2,2,2,2,2,3,2,2,2,2,1,2,2,2,2,2,0,0,0
2008,17,163,1,170442,1,5,1,2,1,2,6,3,1,1,1,2,1,2,2,1,2,2,2,2,2,2,2,2,2,2,1,1,2,2,2,0,0,0
2008,17,197,1,170443,1,5,2,2,4,2,5,2,1,1,1,2,1,2,2,2,2,2,2,2,1,2,2,2,2,2,2,2,1,2,2,0,0,0
2008,17,45,2,170444,1,5,1,2,1,2,3,2,3,1,2,2,2,2,1,2,2,2,2,2,1,2,2,2,2,2,1,1,2,2,1,0,0,0
2008,17,19,1,170445,1,5,1,2,4,2,6,2,1,2,1,2,1,2,2,1,2,2,2,2,3,2,2,2,2,2,2,2,1,2,2,0,0,0
2008,17,43,1,170446,1,5,3,3,1,2,7,2,1,2,1,2,1,2,2,2,1,2,2,2,3,2,2,2,2,2,2,2,2,1,2,0,0,0
2008,17,53,1,170447,1,5,1,2,1,2,3,2,3,1,1,2,2,2,2,2,2,2,2,2,3,2,2,2,2,2,2,2,2,2,2,0,0,0
2008,17,31,1,170448,1,5,1,3,4,2,7,2,1,2,1,2,1,2,2,1,2,2,1,2,1,1,1,1,1,2,2,1,1,2,2,0,0,0
2008,17,99,2,170449,1,5,1,2,1,1,4,1,4,2,1,2,2,2,2,2,2,2,2,2,3,1,1,1,1,2,2,1,2,2,2,0,0,0
2008,17,31,1,170450,1,5,2,2,1,1,4,1,4,2,1,2,2,2,2,1,2,2,2,2,3,1,1,1,1,1,2,1,2,2,2,0,0,0
2008,17,29,1,170451,1,5,1,2,4,2,5,2,1,1,1,2,1,2,2,2,2,2,2,2,2,2,2,2,2,1,2,2,1,2,2,0,0,0
2008,17,97,1,170452,1,5,2,2,1,1,4,1,4,2,1,2,3,2,1,2,2,2,2,2,3,2,2,2,2,1,2,2,2,2,2,0,0,0
2008,17,197,1,170453,1,5,2,2,1,2,3,2,4,2,1,2,2,2,1,2,2,2,2,2,1,2,2,2,2,2,1,1,2,2,2,0,0,0
2008,17,143,1,170454,1,5,2,2,1,1,3,1,4,1,1,2,3,1,2,2,2,2,2,2,3,2,2,2,2,2,2,2,2,2,2,0,0,0
2008,17,105,1,170455,1,5,1,2,4,1,4,1,1,2,2,2,1,2,1,1,2,2,2,2,1,2,2,2,2,2,2,2,2,2,2,0,0,0
2008,17,31,1,170456,1,5,2,2,1,1,3,1,4,2,2,2,2,2,2,1,2,2,2,2,3,2,2,2,2,2,1,1,2,2,2,0,0,0
2008,17,3,1,170457,1,5,1,2,1,2,3,2,3,2,1,2,3,1,2,2,2,2,2,2,3,2,2,2,2,1,1,1,2,2,2,0,0,0
2008,17,137,2,170458,1,5,1,2,1,1,3,1,4,1,2,2,2,2,1,2,2,2,2,2,3,2,2,2,2,1,2,2,2,2,2,0,0,0
2008,17,31,1,170459,1,5,2,2,1,1,4,1,1,2,2,1,1,2,2,2,1,2,2,2,3,2,2,2,2,2,2,2,2,2,2,0,0,0
2008,17,95,1,170460,1,5,1,2,1,2,5,2,3,2,2,2,3,2,1,2,2,2,2,2,1,1,1,1,1,2,2,1,2,2,2,0,0,0
2008,17,93,2,170461,1,5,1,2,1,1,5,1,4,2,2,2,2,2,2,2,2,2,2,2,1,1,1,1,1,2,2,1,2,2,2,0,0,0
2008,17,99,1,170462,1,5,1,2,4,2,6,2,1,2,1,2,1,2,2,1,2,2,2,2,1,2,2,2,2,2,1,1,1,2,2,0,0,0
2008,17,31,1,170463,1,5,2,2,1,1,5,1,4,2,2,2,3,2,2,1,2,2,2,1,3,2,2,2,2,2,1,1,2,2,2,0,0,0
2008,17,157,1,170464,1,5,1,2,4,2,5,2,1,2,2,2,1,2,1,2,2,2,2,2,1,2,2,2,2,2,2,2,1,2,2,0,0,0
2008,17,77,1,170465,1,5,1,2,4,2,5,2,1,2,2,2,1,2,2,2,2,2,2,2,1,2,2,2,2,2,1,1,1,2,2,0,0,0
2008,17,97,1,170466,1,5,2,2,4,2,3,2,1,2,2,2,1,2,2,1,2,2,2,1,1,2,2,2,2,2,2,2,1,1,2,0,0,0
2008,17,97,1,170467,1,5,2,2,1,1,3,1,4,1,2,2,2,2,1,2,2,2,2,2,2,2,2,2,2,1,2,2,2,2,2,0,0,0
2008,17,157,1,170468,1,5,1,2,4,2,5,2,1,2,2,2,1,2,2,1,2,2,1,2,1,2,2,2,2,2,2,2,1,1,2,0,0,0
2008,17,91,2,170469,1,5,2,1,4,2,1,2,1,1,1,2,1,2,2,2,2,2,2,2,2,2,2,2,2,2,2,2,1,2,2,0,0,0
2008,17,31,1,170470,1,5,2,1,4,2,1,2,1,2,2,2,1,2,1,1,2,2,2,2,1,2,2,2,2,2,2,2,1,2,2,0,0,0
2008,17,43,1,170471,1,5,2,1,1,1,1,1,4,1,2,2,2,2,2,2,2,2,2,2,2,2,2,2,2,1,2,2,2,2,2,0,0,0
2008,17,49,1,170472,1,5,2,1,2,2,1,3,5,1,2,2,1,1,2,1,1,2,2,2,2,2,2,2,2,2,2,2,2,1,2,0,0,0
2008,17,197,1,170473,1,5,2,2,4,2,6,2,1,1,1,2,1,2,2,1,2,2,2,2,2,2,2,2,2,2,1,1,1,2,2,0,0,0
2008,17,91,1,170474,1,5,2,2,4,2,6,2,1,2,1,2,1,2,2,1,2,2,2,2,2,1,1,1,1,2,2,1,1,2,2,0,0,0
2008,17,19,1,170475,1,5,1,1,4,2,1,2,1,1,1,2,1,2,2,2,2,2,1,2,2,2,2,2,2,1,2,2,1,2,2,0,0,0
2008,17,113,1,170476,1,5,1,2,4,2,4,2,1,2,1,2,1,2,2,1,2,2,2,2,2,2,2,1,1,2,2,1,1,2,2,0,0,0
2008,17,89,1,170478,1,5,2,2,4,2,4,2,1,1,2,2,1,2,2,1,2,2,2,2,1,2,2,2,2,2,1,1,1,2,2,0,0,0
2008,17,73,1,170479,1,5,1,2,4,2,5,2,1,1,1,2,1,2,2,1,2,2,2,2,3,2,2,2,2,2,2,2,1,2,2,0,0,0
2008,17,19,2,170480,1,5,1,2,1,2,5,2,2,2,2,2,2,2,1,1,2,2,1,2,1,2,2,2,2,2,2,2,2,2,2,0,0,0
2008,17,93,1,170481,1,5,1,2,4,2,5,2,1,1,1,2,1,2,2,2,2,2,2,2,2,2,2,2,2,2,2,2,1,2,2,0,0,0
2008,17,31,2,170482,1,5,2,2,4,2,5,2,1,1,2,2,1,2,2,2,2,2,2,2,1,1,1,1,1,2,2,1,1,2,2,0,0,0
2008,17,31,1,170483,1,5,2,2,1,2,5,3,1,2,1,2,1,2,2,1,2,2,2,2,3,2,2,2,2,2,2,2,2,2,2,0,0,0
2008,17,31,1,170484,1,5,2,2,1,2,4,2,1,1,1,2,1,2,2,2,1,2,2,2,3,2,2,2,2,2,2,2,2,2,2,0,0,0
2008,17,53,1,170485,1,5,1,2,1,1,4,1,4,1,1,2,2,2,2,1,2,2,2,2,3,2,2,2,2,1,2,2,2,2,2,0,0,0
2008,17,11,1,170487,1,5,1,2,4,2,5,2,1,2,1,2,1,2,2,1,2,2,2,2,1,2,2,2,2,2,2,2,1,2,2,0,0,0
2008,17,31,1,170488,1,5,2,2,1,2,3,2,2,1,1,2,3,1,2,1,2,2,2,2,3,2,2,2,2,1,2,2,2,2,2,0,0,0
2008,17,31,1,170489,1,5,2,2,1,1,5,1,1,2,1,1,1,2,2,2,1,2,2,2,3,2,2,2,2,2,2,2,2,2,2,0,0,0
2008,17,31,1,170490,1,5,2,2,1,2,6,2,4,1,1,2,2,2,1,1,2,2,2,2,3,2,2,2,2,2,2,2,2,2,2,0,0,0
2008,17,43,1,170491,1,5,2,2,1,1,5,1,1,1,1,2,1,2,2,2,2,1,2,2,2,2,2,1,1,2,2,1,2,2,2,0,0,0
2008,17,31,1,170492,1,5,2,2,1,2,4,2,1,2,2,1,2,2,2,2,1,2,2,2,3,2,2,2,2,2,2,2,2,2,2,0,0,0
2008,17,199,1,170493,1,5,1,2,4,2,5,2,1,2,2,2,1,2,2,2,2,2,2,2,2,2,2,2,2,2,2,2,1,2,2,0,0,0
2008,17,77,1,170494,1,5,1,2,4,2,5,2,1,1,2,2,1,2,2,2,2,2,1,2,1,2,2,2,2,2,2,2,2,2,2,0,0,0
2008,17,31,1,170495,1,5,2,2,1,1,4,1,1,2,2,2,1,2,2,2,1,2,2,2,3,2,2,2,2,2,2,2,2,2,2,0,0,0
2008,17,97,1,170496,1,5,2,2,1,1,3,1,1,2,2,2,1,2,2,2,2,1,2,2,3,2,2,2,2,2,2,2,2,2,2,0,0,0
2008,17,199,1,170497,1,5,2,2,1,2,5,3,1,2,2,2,1,2,2,2,2,2,2,2,2,2,2,2,2,2,2,2,2,2,2,0,0,0
2008,17,31,1,170498,1,5,2,2,4,2,5,2,1,2,1,2,1,2,2,2,2,2,2,2,1,2,2,2,2,2,2,2,1,2,2,0,0,0
2008,17,77,1,170499,1,5,2,2,1,1,4,1,4,2,1,2,2,2,1,2,2,2,2,2,3,2,2,2,2,1,1,1,2,2,2,0,0,0
2008,17,197,1,170500,1,5,2,2,1,1,3,1,4,2,1,2,3,1,2,2,2,2,1,2,3,1,1,1,1,2,2,1,2,2,2,0,0,0
2008,17,111,1,170501,1,5,2,2,1,1,4,1,1,2,2,2,1,2,2,2,1,2,2,2,2,2,2,2,2,2,2,2,2,2,2,0,0,0
2008,17,31,1,170502,1,5,2,2,4,2,3,2,1,2,2,2,1,2,1,2,2,2,2,2,2,2,2,2,2,2,2,2,1,2,2,0,0,0
2008,17,93,1,170503,1,5,2,2,4,1,4,1,1,2,1,2,1,2,2,1,2,2,1,2,1,2,2,2,2,2,2,2,2,2,2,0,0,0
2008,17,31,1,170504,1,5,2,2,1,2,3,2,1,2,1,2,1,2,2,2,2,1,2,2,3,2,2,2,2,2,2,2,2,2,2,0,0,0
2008,17,99,1,170505,1,5,1,2,4,2,5,2,1,1,1,2,1,2,1,2,2,2,2,2,1,2,2,2,2,2,1,1,1,2,2,0,0,0
2008,17,31,1,170506,1,5,2,2,1,1,3,1,1,2,2,2,1,2,2,2,1,2,2,2,1,1,1,1,1,2,2,1,2,2,2,0,0,0
2008,17,31,1,170507,1,5,2,2,4,1,4,1,1,1,1,2,1,2,2,2,2,2,2,2,2,2,2,2,2,2,2,2,2,2,2,0,0,0
2008,17,111,1,170508,1,5,2,2,1,1,3,1,3,1,1,2,2,2,2,2,2,2,1,2,2,2,2,2,2,1,2,2,2,2,2,0,0,0
2008,17,111,1,170509,1,5,1,2,4,2,3,2,1,1,1,2,1,2,1,2,2,2,2,2,1,2,2,2,2,2,2,2,1,2,2,0,0,0
2008,17,37,1,170510,1,5,1,2,1,2,3,2,3,1,1,2,2,1,2,2,2,2,2,2,3,2,2,2,2,2,2,2,2,2,2,0,0,0
2008,17,57,1,170511,1,5,1,2,4,1,5,1,1,2,2,2,1,2,2,1,2,2,1,2,1,2,2,2,2,2,2,2,2,2,2,0,0,0
2008,17,11,1,170512,1,5,1,2,1,2,5,2,3,1,1,2,2,1,2,2,2,2,2,2,2,2,2,2,2,2,2,2,2,2,2,0,0,0
2008,17,37,1,170513,1,5,1,2,1,2,6,2,3,2,1,2,2,2,2,2,2,2,2,2,1,2,2,2,2,2,2,2,2,2,2,0,0,0
2008,17,31,1,170514,1,5,2,1,1,2,1,3,2,2,1,2,3,2,2,1,2,2,2,2,3,2,2,2,2,2,2,2,2,2,2,0,0,0
2008,17,31,1,170515,1,5,2,2,1,1,4,1,4,1,1,2,2,2,2,2,2,2,2,2,3,2,2,2,2,2,2,2,2,2,2,0,0,0
2008,17,31,1,170516,1,5,2,2,1,1,4,1,1,1,1,2,1,2,2,2,1,2,2,2,3,2,2,2,2,1,2,2,2,2,2,0,0,0
2008,17,199,1,170517,1,5,1,2,4,2,5,2,1,1,1,2,1,2,2,2,2,2,2,2,2,1,1,1,1,2,2,1,1,2,2,0,0,0
2008,17,15,1,170518,1,5,2,2,4,2,3,2,1,2,1,2,1,2,2,2,2,2,1,2,3,1,1,1,1,2,2,1,1,2,2,0,0,0
2008,17,97,1,170519,1,5,2,2,4,2,4,2,1,1,1,2,1,2,2,1,2,2,2,2,1,2,2,1,1,2,2,1,1,2,2,0,0,0
2008,17,31,1,170520,1,5,2,2,1,1,3,1,1,1,1,2,1,1,2,2,1,2,2,2,3,2,2,2,2,2,2,2,2,2,2,0,0,0
2008,17,89,1,170521,1,5,2,2,1,1,4,1,1,2,1,2,1,2,1,2,2,1,2,2,2,2,2,2,2,2,2,2,2,2,2,0,0,0
2008,17,31,1,170522,1,5,2,2,4,1,5,1,1,2,2,2,1,2,2,1,2,2,1,2,1,2,2,2,2,2,2,2,2,2,2,0,0,0
2008,17,31,1,170523,1,5,2,2,1,2,4,2,4,2,1,2,2,2,1,2,2,2,2,2,1,2,2,2,2,2,2,2,2,2,2,0,0,0
2008,17,31,1,170524,1,5,2,2,1,2,5,2,5,2,1,2,2,2,1,1,2,2,2,2,3,2,2,2,2,2,2,2,2,2,2,0,0,0
2008,17,131,1,170525,1,5,1,2,4,2,5,2,1,1,1,2,1,2,2,2,2,2,2,2,3,2,2,2,2,1,2,2,1,2,2,0,0,0
2008,17,201,1,170526,1,5,2,2,1,1,4,1,4,2,2,2,2,2,2,2,2,2,2,2,1,1,1,1,1,2,2,1,2,2,2,0,0,0
2008,17,87,1,170527,1,5,1,1,4,2,1,2,1,2,2,2,1,2,2,2,2,2,1,2,1,2,2,2,2,2,2,2,1,2,2,0,0,0
2008,17,29,2,170528,1,5,2,2,1,2,3,2,2,2,1,2,2,2,1,1,2,2,2,2,1,2,2,2,2,2,1,1,2,2,2,0,0,0
2008,17,133,1,170530,1,5,2,2,4,3,2,3,1,2,2,2,1,2,1,1,2,2,2,2,1,2,2,2,2,2,2,2,1,2,2,0,0,0
2008,17,107,1,170531,1,5,1,2,4,2,5,2,1,2,1,2,1,2,2,1,2,2,1,2,1,2,2,1,1,2,2,1,1,2,2,0,0,0
2008,17,7,1,170532,1,5,2,2,1,2,3,2,1,2,2,2,1,2,2,2,1,2,2,2,3,2,2,2,2,2,1,1,2,2,2,0,0,0
2008,17,183,1,170533,1,5,1,2,1,2,5,2,5,1,1,2,2,2,1,2,2,2,2,2,2,2,2,2,2,2,2,2,2,2,2,0,0,0
2008,17,97,1,170534,1,5,2,2,1,2,6,2,5,2,1,2,2,2,2,1,2,2,2,2,1,2,2,1,1,2,2,1,2,2,2,0,0,0
2008,17,31,1,170535,1,5,2,2,1,2,4,2,4,1,2,2,2,2,1,2,2,2,2,2,1,2,2,2,2,2,2,2,2,2,2,0,0,0
2008,17,49,1,170536,1,5,2,2,1,2,3,2,1,2,2,1,1,2,2,1,1,2,2,2,1,2,2,2,2,2,2,2,2,2,2,0,0,0
2008,17,111,1,170537,1,5,1,2,1,1,5,1,4,1,1,2,2,1,2,2,2,2,1,2,2,2,2,2,2,2,2,2,2,2,2,0,0,0
2008,17,21,1,170538,1,5,1,2,1,2,4,2,3,2,1,2,2,2,2,2,2,2,2,2,1,2,2,2,2,2,1,1,2,2,2,0,0,0
2008,17,89,1,170539,1,5,2,2,4,2,5,2,1,2,1,2,1,2,2,1,2,2,2,2,1,2,2,1,1,2,2,1,1,2,2,0,0,0
2008,17,23,1,170540,1,5,1,2,4,2,3,2,1,2,1,2,1,2,2,1,2,2,1,2,3,2,2,2,2,2,2,2,1,2,2,0,0,0
2008,17,111,1,170541,1,5,1,2,1,2,4,2,1,1,2,2,1,2,1,2,2,2,2,2,2,2,2,2,2,1,2,2,2,2,2,0,0,0
2008,17,177,1,170542,1,5,1,2,1,2,5,2,1,2,1,2,1,2,2,2,1,2,2,2,3,1,1,1,1,2,2,1,2,2,2,0,0,0
2008,17,71,1,170543,1,5,1,2,4,2,4,2,1,2,2,2,1,2,1,2,2,2,2,2,1,2,2,2,2,2,2,2,1,2,2,0,0,0
2008,17,63,1,170544,1,5,1,2,1,2,5,2,4,2,2,2,2,2,2,2,2,2,2,2,1,1,1,1,1,2,2,1,2,2,2,0,0,0
2008,17,43,1,170545,1,5,2,2,4,1,6,1,1,1,1,2,1,2,1,1,2,2,2,2,2,2,2,2,2,2,1,1,2,2,2,0,0,0
2008,17,79,1,170546,1,5,1,2,4,2,5,2,1,1,1,2,1,2,1,1,2,2,2,2,3,2,2,2,2,2,2,2,1,2,2,0,0,0
2008,17,179,1,170547,1,5,1,2,1,2,5,2,3,1,1,2,2,2,2,2,2,2,2,2,3,2,2,2,2,2,1,1,2,2,2,0,0,0
2008,17,133,1,170548,1,5,1,2,1,2,5,2,4,2,2,2,2,2,1,2,2,2,2,2,3,2,2,2,2,2,2,2,2,2,2,0,0,0
2008,17,35,1,170549,1,5,2,1,4,2,1,2,1,1,2,2,1,2,2,2,2,2,1,2,2,2,2,2,2,1,2,2,1,2,2,0,0,0
2008,17,163,1,170550,1,5,1,2,1,2,4,2,3,2,2,2,2,2,1,2,2,2,2,2,1,2,2,2,2,1,2,2,2,2,2,0,0,0
2008,17,29,1,170551,1,5,1,2,4,2,4,2,1,2,2,2,1,2,2,2,2,2,1,2,1,1,1,1,1,2,2,1,1,2,2,0,0,0
2008,17,63,2,170552,1,5,2,1,1,3,1,3,5,2,1,2,3,1,2,2,2,2,2,2,2,2,2,2,2,2,2,2,1,2,2,0,0,0
2008,17,119,1,170553,1,5,2,2,4,2,3,2,1,2,2,2,1,2,2,1,2,2,1,2,1,2,2,2,2,2,2,2,1,2,2,0,0,0
2008,17,143,1,170554,1,5,2,2,1,1,4,1,4,2,2,2,2,2,1,1,2,2,2,2,1,2,2,2,2,2,2,2,2,2,2,0,0,0
2008,17,167,1,170555,1,5,1,2,1,1,5,1,4,1,2,2,2,2,2,2,2,2,2,2,2,2,2,2,2,2,2,2,2,2,2,0,0,0
2008,17,93,1,170557,1,5,2,2,1,1,3,1,4,1,1,2,3,2,2,2,2,2,2,2,3,2,2,2,2,1,2,2,2,2,2,0,0,0
2008,17,197,1,170558,1,5,2,2,4,1,5,1,1,2,2,2,1,2,1,1,2,2,2,2,2,2,2,2,2,2,2,2,2,2,2,0,0,0
2008,17,31,1,170559,1,5,2,2,1,1,3,1,4,2,1,2,2,2,1,2,2,2,2,2,1,2,2,2,2,1,2,2,2,2,2,0,0,0
2008,17,197,1,170560,1,5,2,2,1,1,3,1,4,1,1,2,2,2,2,2,2,2,2,2,2,2,2,2,2,1,2,2,2,2,2,0,0,0
2008,17,31,1,170561,1,5,2,2,1,1,4,1,1,1,1,1,1,2,2,1,1,2,2,2,3,2,2,2,2,2,2,2,2,2,2,0,0,0
2008,17,31,1,170562,1,5,2,2,1,2,3,2,1,1,1,2,1,2,2,2,1,2,2,2,3,2,2,2,2,2,2,2,2,2,2,0,0,0
2008,17,31,1,170563,1,5,2,2,1,1,4,1,4,1,1,2,3,2,2,2,2,2,2,2,3,2,2,2,2,2,1,1,2,2,2,0,0,0
2008,17,89,1,170564,1,5,2,2,1,1,3,1,1,2,2,2,1,2,2,2,1,2,2,2,2,2,2,2,2,2,2,2,2,2,2,0,0,0
2008,17,113,2,170565,1,5,1,2,4,2,5,2,1,2,2,2,1,2,2,2,2,2,2,2,1,2,2,2,2,2,2,2,1,1,2,0,0,0
2008,17,47,1,170566,1,5,1,2,1,1,4,1,5,1,1,2,2,1,2,2,2,2,1,2,3,1,1,1,1,2,2,1,2,1,2,0,0,0
2008,17,31,1,170567,1,5,2,1,4,2,1,2,1,2,2,2,1,2,2,2,2,2,1,2,2,2,2,2,2,2,1,1,1,2,2,0,0,0
2008,17,35,1,170568,1,5,1,1,4,2,1,2,1,1,1,2,1,2,2,1,2,2,1,2,2,2,2,2,2,2,2,2,1,2,2,0,0,0
2008,17,75,1,170569,1,5,2,2,1,2,3,2,4,1,2,2,2,1,2,2,2,2,2,2,3,2,2,2,2,1,2,2,2,2,2,0,0,0
2008,17,31,1,170570,1,5,2,1,4,2,1,2,2,1,1,2,1,1,2,1,2,2,2,2,2,2,2,2,2,2,2,2,2,1,2,0,0,0
2008,17,197,1,170571,1,5,2,1,1,2,1,3,2,1,1,2,3,1,2,1,2,2,2,2,3,2,2,2,2,2,2,2,2,2,2,0,0,0
2008,17,179,1,170573,1,5,1,2,4,2,4,2,1,1,1,2,1,2,2,2,2,2,1,2,1,2,2,2,2,2,2,2,1,2,2,0,0,0
2008,17,111,1,170574,1,5,1,2,4,2,3,2,1,1,1,2,1,2,2,2,2,2,2,2,2,2,2,2,2,2,2,2,1,2,2,0,0,0
2008,17,75,1,170575,1,5,1,2,4,2,3,2,1,2,1,2,1,2,2,2,2,2,1,2,1,2,2,2,2,2,2,2,1,2,2,0,0,0
2008,17,121,1,170576,1,5,1,2,1,2,3,2,3,2,1,2,2,1,2,2,2,2,2,2,2,2,2,2,2,1,2,2,2,2,2,0,0,0
2008,17,119,1,170577,1,5,2,2,1,1,3,1,4,2,2,2,2,2,2,1,2,2,2,2,2,1,1,1,1,2,1,1,2,2,2,0,0,0
2008,17,189,1,170578,1,5,1,2,1,2,3,2,2,1,1,2,3,1,2,1,2,2,2,2,3,2,2,2,2,2,1,1,2,2,2,0,0,0
2008,17,31,1,170579,1,5,2,2,1,2,4,2,3,2,2,2,2,2,2,2,2,2,2,2,1,1,1,1,1,2,2,1,2,1,2,0,0,0
2008,17,31,1,170580,1,5,2,2,1,2,5,2,1,1,2,2,1,2,2,2,1,2,2,2,3,2,2,2,2,2,2,2,2,2,2,0,0,0
2008,17,31,1,170581,1,5,2,2,1,2,3,2,4,2,1,2,2,2,1,2,2,2,2,2,3,2,2,2,2,2,2,2,2,2,2,0,0,0
2008,17,31,1,170582,1,5,2,2,2,2,6,2,5,2,1,2,1,2,2,1,2,2,1,2,2,2,2,2,2,2,2,2,2,2,2,0,0,0
2008,17,31,1,170583,1,5,2,2,1,1,5,1,4,1,1,2,2,2,1,2,2,2,2,2,3,2,2,2,2,2,2,2,2,2,2,0,0,0
2008,17,163,1,170584,1,5,1,2,4,2,5,2,1,2,1,2,1,2,2,1,2,2,1,2,1,2,2,1,1,2,2,1,1,2,2,0,0,0
2008,17,11,1,170585,1,5,1,2,4,2,5,2,1,1,1,2,1,2,2,1,2,2,2,2,1,2,2,2,2,2,2,2,1,2,2,0,0,0
2008,17,7,1,170586,1,5,1,2,1,2,4,2,3,2,1,2,2,1,2,2,2,2,2,2,2,1,1,1,1,2,2,1,2,2,1,0,0,0
2008,17,195,1,170587,1,5,1,2,4,2,6,2,1,2,1,2,1,2,2,1,2,2,2,2,1,2,2,1,1,2,2,1,1,2,2,0,0,0
2008,17,197,1,170588,1,5,2,2,1,2,3,2,1,2,1,1,1,2,2,1,1,2,2,2,3,2,2,2,2,2,2,2,2,2,2,0,0,0
2008,17,31,1,170589,1,5,2,2,1,2,6,3,1,2,2,2,1,2,2,1,1,2,2,2,3,1,1,1,1,2,2,1,2,2,2,0,0,0
2008,17,31,1,170590,1,5,2,2,4,2,5,2,1,2,2,2,1,2,2,2,2,2,1,2,1,2,2,2,2,2,1,1,1,1,2,0,0,0
2008,17,31,1,170591,1,5,2,2,1,2,5,2,3,2,1,2,2,2,1,2,2,2,2,2,3,2,2,2,2,2,2,2,2,2,2,0,0,0
2008,17,31,1,170592,1,5,2,2,1,2,3,2,1,2,2,2,1,2,1,2,1,2,2,2,3,2,2,2,2,2,2,2,2,2,2,0,0,0
2008,17,31,1,170593,1,5,2,2,4,1,4,1,1,1,1,2,2,2,2,2,1,1,2,2,3,2,2,2,2,2,2,2,2,2,2,0,0,0
2008,17,77,1,170594,1,5,1,2,4,2,5,2,1,1,1,2,1,2,2,2,2,2,2,2,2,2,2,2,2,2,2,2,1,2,2,0,0,0
2008,17,199,1,170595,1,5,1,2,1,2,5,2,5,1,1,2,2,2,1,1,2,2,2,1,3,2,2,2,2,2,1,1,2,1,2,0,0,0
2008,17,183,1,170596,1,5,2,2,1,2,3,3,4,1,2,2,2,2,2,2,2,2,2,2,3,1,1,1,1,1,2,1,2,2,2,0,0,0
2008,17,31,1,170597,1,5,2,2,1,1,4,1,4,1,2,2,2,2,1,2,2,2,2,2,1,2,2,2,2,2,2,2,2,2,2,0,0,0
2008,17,201,1,170598,1,5,2,2,4,2,6,2,1,2,1,2,1,2,2,2,2,2,2,2,1,2,2,2,2,1,2,2,1,2,2,0,0,0
2008,17,115,1,170599,1,5,1,2,4,2,6,2,1,2,1,2,1,2,2,2,2,2,2,2,2,1,1,1,1,2,2,1,1,2,2,0,0,0
2008,17,99,1,170600,1,5,1,2,4,2,4,2,1,1,2,2,1,2,1,2,2,2,2,2,1,2,2,2,2,2,2,2,1,2,2,0,0,0
2008,17,119,1,170601,1,5,1,2,4,2,6,2,1,1,2,2,1,2,2,2,2,2,1,2,1,2,2,2,2,2,2,2,1,2,2,0,0,0
2008,17,57,1,170602,1,5,1,2,1,2,4,2,3,2,2,2,2,2,2,2,2,2,2,2,1,2,2,2,2,2,1,1,2,2,2,0,0,0
2008,17,99,3,170603,1,5,1,2,4,2,5,2,1,2,2,2,1,2,2,1,2,2,1,2,1,2,2,2,2,2,1,1,1,2,2,0,0,0
2008,17,99,1,170604,1,5,1,1,2,2,1,2,2,1,1,2,2,1,2,2,2,2,2,2,3,1,1,1,1,2,2,1,2,1,1,0,0,0
2008,17,31,1,170605,1,5,2,2,1,2,4,2,2,2,2,2,2,2,1,1,2,2,2,2,1,2,2,1,1,2,2,1,2,2,2,0,0,0
2008,17,31,1,170606,1,5,2,2,1,1,4,1,4,1,1,1,2,2,2,1,1,2,2,2,3,2,2,2,2,2,2,2,2,2,2,0,0,0
2008,17,43,1,170607,1,5,2,1,1,2,1,2,2,1,1,2,3,1,2,2,2,2,2,2,3,2,2,2,2,2,2,2,2,2,2,0,0,0
2008,17,31,1,170608,1,5,2,2,1,1,5,1,4,2,1,1,2,2,1,2,2,2,2,2,3,2,2,2,2,2,2,2,2,2,2,0,0,0
2008,17,43,1,170609,1,5,2,2,1,2,3,3,1,2,2,2,1,2,1,1,2,2,2,2,1,2,2,2,2,2,2,2,2,2,2,0,0,0
2008,17,31,1,170610,1,5,2,2,2,1,3,1,1,2,1,2,3,2,2,1,1,2,2,2,3,2,2,2,2,2,2,2,2,2,2,0,0,0
2008,17,99,1,170611,1,5,1,2,1,2,5,2,1,2,2,2,1,2,1,1,2,2,2,2,1,2,2,2,2,2,2,2,2,1,2,0,0,0
2008,17,119,1,170612,1,5,2,1,4,2,1,2,1,1,2,2,1,2,2,1,2,2,1,2,1,2,2,2,2,2,1,1,1,2,2,0,0,0
2008,17,171,1,170613,1,5,1,1,1,2,1,3,1,2,1,2,1,2,2,2,2,2,1,2,2,2,2,2,2,2,2,2,2,2,2,0,0,0
2008,17,193,1,170614,1,5,1,2,1,1,4,1,4,1,2,2,2,2,2,2,2,2,2,2,3,2,2,2,2,1,2,2,2,2,2,0,0,0
2008,17,97,1,170615,1,5,2,2,1,1,3,1,1,1,1,2,1,1,2,1,2,1,2,2,2,2,2,2,2,2,2,2,2,2,2,0,0,0
2008,17,163,1,170616,1,5,2,2,1,2,3,3,4,1,1,1,2,2,1,2,2,2,2,2,1,2,2,2,2,2,2,2,2,2,2,0,0,0
2008,17,7,1,170617,1,5,1,2,1,1,6,1,4,2,1,2,2,1,2,2,2,2,2,2,2,2,2,1,1,2,1,1,2,2,2,0,0,0
2008,17,141,1,170618,1,5,1,2,4,2,5,2,1,2,1,2,1,2,2,1,2,2,1,2,1,2,2,2,2,2,2,2,1,2,2,0,0,0
2008,17,21,1,170619,1,5,2,2,1,2,3,2,1,2,2,2,1,2,2,2,1,2,2,2,3,2,2,2,2,1,2,2,2,2,2,0,0,0
2008,17,31,1,170620,1,5,1,1,4,2,1,2,1,2,1,2,1,2,2,1,2,2,1,2,1,2,2,2,2,2,1,1,1,2,2,0,0,0
2008,17,163,4,170621,1,5,2,1,4,2,1,2,1,2,2,2,1,2,2,1,2,2,2,2,1,2,2,2,2,2,2,2,1,2,2,0,0,0
2008,17,197,1,170622,1,5,2,1,4,2,1,2,1,1,1,2,1,2,1,2,2,2,2,2,1,2,2,2,2,2,2,2,1,1,2,0,0,0
2008,17,119,1,170623,1,5,2,2,1,2,3,3,4,1,1,1,2,2,2,2,2,2,2,2,3,2,2,2,2,1,2,2,2,2,2,0,0,0
2008,17,25,1,170624,1,5,1,2,4,2,6,2,1,2,1,2,1,2,2,2,2,2,2,2,2,2,2,2,2,2,2,2,1,2,2,0,0,0
2008,17,197,1,170625,1,5,2,2,1,2,4,2,5,1,1,2,2,1,1,1,2,2,2,2,1,2,2,2,2,2,2,2,2,2,2,0,0,0
2008,17,19,1,170626,1,5,1,1,1,2,1,2,2,1,1,2,2,2,2,2,2,2,1,2,3,2,2,2,2,2,1,1,2,2,2,0,0,0
2008,17,143,1,170627,1,5,2,1,1,2,1,2,3,2,2,2,2,2,1,2,2,2,2,2,1,2,2,2,2,2,2,2,2,2,2,0,0,0
2008,17,195,1,170628,1,5,1,2,4,2,6,2,1,1,1,2,1,2,2,2,2,2,2,2,2,2,2,2,2,2,2,2,1,2,2,0,0,0
2008,17,89,1,170629,1,5,2,2,1,2,4,2,1,1,2,2,1,2,2,2,1,2,2,2,2,2,2,2,2,2,2,2,2,2,2,0,0,0
2008,17,31,1,170630,1,5,2,2,1,2,4,2,5,2,2,1,2,1,1,2,2,2,2,2,1,2,2,2,2,2,1,1,2,2,2,0,0,0
2008,17,89,1,170631,1,5,2,2,1,2,3,2,1,2,1,1,1,2,2,2,1,2,2,2,3,2,2,2,2,2,2,2,2,2,2,0,0,0
2008,17,159,1,170632,1,5,2,2,1,1,4,1,4,1,1,2,2,2,2,2,2,2,2,2,3,2,2,2,2,1,1,1,2,2,2,0,0,0
2008,17,167,1,170633,1,5,2,2,1,1,3,1,1,2,2,2,1,2,2,2,2,1,2,2,2,2,2,2,2,1,2,2,2,2,2,0,0,0
2008,17,143,1,170634,1,5,2,2,1,2,6,2,1,1,1,2,1,1,2,2,2,1,2,2,2,2,2,2,2,2,2,2,2,2,2,0,0,0
2008,17,123,1,170635,1,5,1,2,4,2,6,2,1,2,2,2,1,2,2,1,2,2,1,2,1,2,2,2,2,2,2,2,1,2,2,0,0,0
2008,17,93,1,170636,1,5,1,2,1,2,5,2,3,1,1,2,2,2,2,2,2,2,2,2,3,2,2,2,2,1,2,2,2,2,2,0,0,0
2008,17,117,1,170637,1,5,1,2,4,2,5,2,1,2,1,2,1,2,2,1,2,2,1,2,1,2,2,2,2,2,2,2,1,2,2,0,0,0
2008,17,31,1,170638,1,5,2,2,1,2,3,2,1,1,1,1,1,2,2,1,1,2,2,2,3,2,2,2,2,2,2,2,2,2,2,0,0,0
2008,17,31,1,170639,1,5,2,2,1,2,4,2,1,1,1,2,1,2,2,2,1,2,2,2,3,2,2,2,2,2,2,2,2,2,2,0,0,0
2008,17,163,1,170640,1,5,2,2,1,2,4,2,1,2,2,2,1,2,2,2,2,1,2,2,3,2,2,2,2,2,2,2,2,2,2,0,0,0
2008,17,31,1,170641,1,5,2,2,1,1,4,1,4,2,1,2,2,2,1,1,2,2,2,2,1,2,2,2,2,2,2,2,2,2,2,0,0,0
2008,17,141,1,170642,1,5,1,2,4,2,3,2,1,1,1,2,1,2,2,2,2,2,2,2,2,2,2,2,2,1,2,2,1,2,2,0,0,0
2008,17,31,1,170643,1,5,2,2,1,1,3,1,4,1,1,2,2,2,2,2,2,2,2,2,1,2,2,2,2,2,1,1,2,2,2,0,0,0
2008,17,31,1,170644,1,5,2,2,4,2,3,2,1,1,1,2,1,2,1,2,2,2,2,2,3,2,2,2,2,2,2,2,1,2,2,0,0,0
2008,17,31,1,170645,1,5,2,2,1,2,6,2,1,1,1,2,1,2,2,1,1,2,2,2,3,2,2,2,2,2,2,2,2,2,2,0,0,0
2008,17,31,1,170646,1,5,2,2,1,2,4,2,1,2,1,1,1,2,2,2,1,2,2,2,3,2,2,2,2,2,1,1,2,2,2,0,0,0
2008,17,195,2,170647,1,5,1,2,4,2,5,2,1,2,1,2,1,2,2,1,2,2,1,2,1,2,2,1,1,2,2,1,1,1,2,0,0,0
2008,17,201,1,170648,1,5,2,2,1,1,4,1,4,1,1,2,2,2,2,2,2,2,2,2,3,2,2,2,2,1,2,2,2,2,2,0,0,0
2008,17,31,1,170649,1,5,2,2,1,2,3,2,1,1,1,2,1,2,2,2,1,2,2,2,3,2,2,2,2,2,1,1,2,2,2,0,0,0
2008,17,31,1,170651,1,5,2,2,1,1,3,1,1,1,1,2,1,1,2,2,1,2,2,2,2,2,2,2,2,2,2,2,2,2,2,0,0,0
2008,17,97,1,170652,1,5,2,2,4,2,4,2,1,2,1,2,1,2,2,2,2,2,2,2,2,2,2,2,2,1,2,2,1,2,2,0,0,0
2008,17,203,1,170653,1,5,1,2,1,2,6,2,3,1,1,2,2,2,2,2,2,2,2,2,1,2,2,2,2,2,2,2,2,2,2,0,0,0
2008,17,93,1,170654,1,5,2,2,1,2,4,2,3,2,1,2,3,1,2,1,2,2,2,2,1,2,2,2,2,2,2,2,2,2,2,0,0,0
2008,17,167,1,170655,1,5,1,2,4,2,5,2,1,2,2,2,1,2,2,1,2,2,1,2,3,2,2,2,2,2,1,1,1,2,2,0,0,0
2008,17,31,1,170656,1,5,2,2,1,1,4,1,4,1,2,2,2,2,2,2,2,2,2,2,1,2,2,2,2,1,1,1,2,2,2,0,0,0
2008,17,31,1,170657,1,5,2,2,4,2,4,2,1,2,2,2,1,2,2,2,2,2,1,2,1,2,2,2,2,2,1,1,1,2,2,0,0,0
2008,17,31,1,170658,1,5,2,2,1,2,6,2,3,1,1,2,2,1,2,1,2,2,1,2,2,2,2,2,2,2,2,2,2,2,2,0,0,0
2008,17,31,1,170659,1,5,2,2,1,2,3,2,1,2,2,2,1,2,2,1,1,2,2,2,1,2,2,2,2,2,2,2,2,2,2,0,0,0
2008,17,167,1,170660,1,5,2,2,1,2,3,2,1,2,2,2,1,2,2,2,1,2,2,2,2,2,2,2,2,2,1,1,2,2,2,0,0,0
2008,17,23,1,170661,1,5,1,2,4,2,6,2,1,2,2,2,1,2,2,1,2,2,2,2,1,2,2,2,2,2,2,2,1,2,2,0,0,0
2008,17,183,1,170662,1,5,2,2,1,2,4,2,1,1,2,2,1,2,2,2,1,2,2,2,3,2,2,2,2,2,2,2,2,2,2,0,0,0
2008,17,115,1,170663,1,5,2,2,1,1,4,1,1,1,1,2,1,2,2,2,1,2,2,2,2,2,2,2,2,2,2,2,2,2,2,0,0,0
2008,17,199,1,170664,1,5,1,1,1,2,1,2,2,2,2,2,3,1,2,1,2,2,2,2,3,2,2,2,2,1,1,1,2,2,2,0,0,0
2008,17,177,1,170665,1,5,1,2,1,2,5,2,1,2,2,1,2,2,2,2,1,2,2,2,3,2,2,2,2,2,1,1,2,2,2,0,0,0
2008,17,43,1,170666,1,5,2,1,4,1,1,1,1,2,2,2,1,2,2,1,2,2,1,2,1,2,2,2,2,2,2,2,1,2,2,0,0,0
2008,17,91,1,170667,1,5,1,2,1,1,4,1,2,1,1,2,3,2,2,1,2,2,2,2,3,1,1,1,1,1,2,1,2,2,2,0,0,0
2008,17,31,1,170668,1,5,2,2,1,1,3,1,4,1,1,2,3,2,1,1,2,2,2,2,3,2,2,2,2,2,2,2,2,2,2,0,0,0
2008,17,141,1,170669,1,5,1,2,1,2,5,2,3,1,1,2,2,2,2,2,2,2,2,2,3,2,2,2,2,1,1,1,1,2,2,0,0,0
2008,17,99,1,170670,1,5,1,2,4,2,4,2,1,2,1,2,1,2,2,2,2,2,2,2,1,2,2,2,2,2,2,2,1,2,2,0,0,0
2008,17,31,1,170671,1,5,2,2,4,2,6,2,1,2,1,2,1,2,2,1,2,2,2,2,1,2,2,2,2,2,2,2,1,2,2,0,0,0
2008,17,31,1,170672,1,5,2,1,2,2,1,2,2,2,1,2,1,2,2,2,2,2,2,2,1,2,2,2,2,2,2,2,2,2,2,0,0,0
2008,17,89,1,170673,1,5,2,2,1,1,4,1,4,2,1,2,2,2,1,2,2,2,2,2,2,2,2,2,2,2,1,1,2,2,2,0,0,0
2008,17,31,1,170674,1,5,2,2,4,2,3,2,1,2,2,2,1,2,1,2,2,2,2,2,1,2,2,2,2,2,2,2,1,2,2,0,0,0
2008,17,89,1,170676,1,5,1,2,1,1,5,1,4,1,2,2,2,2,2,2,2,2,2,2,3,2,2,2,2,2,1,1,2,2,2,0,0,0
2008,17,31,1,170677,1,5,2,2,1,2,4,2,1,2,2,1,1,2,2,2,2,1,2,2,3,2,2,2,2,2,2,2,2,2,2,0,0,0
2008,17,55,1,170678,1,5,1,2,4,2,5,2,1,2,2,2,1,2,2,2,2,2,1,2,1,2,2,2,2,2,2,2,1,2,2,0,0,0
2008,17,31,1,170679,1,5,2,2,4,2,3,2,1,1,2,2,1,2,2,2,2,2,2,2,1,2,2,2,2,2,1,1,1,2,2,0,0,0
2008,17,31,1,170680,1,5,2,2,1,2,6,2,1,2,1,2,1,1,2,2,1,2,2,2,3,2,2,2,2,2,2,2,2,2,2,0,0,0
2008,17,127,1,170681,1,5,1,2,4,2,6,2,1,1,1,2,1,2,2,2,2,2,1,2,2,2,2,2,2,2,2,2,1,2,2,0,0,0
2008,17,31,1,170682,1,5,2,2,1,1,4,1,4,2,2,2,2,2,2,1,2,2,2,2,1,2,2,2,2,2,1,1,2,2,2,0,0,0
2008,17,57,1,170683,1,5,1,2,4,2,4,2,1,1,2,2,1,2,1,2,2,2,2,2,1,2,2,2,2,2,2,2,1,2,2,0,0,0
2008,17,95,1,170684,1,5,1,2,1,2,4,2,3,2,2,2,2,2,2,2,2,2,2,2,2,1,1,1,1,2,2,1,2,2,2,0,0,0
2008,17,113,1,170685,1,5,2,2,1,1,4,1,1,1,1,2,1,2,1,1,2,2,2,2,2,2,2,2,2,2,2,2,2,2,2,0,0,0
2008,17,157,1,170686,1,5,1,2,4,2,3,2,1,2,2,2,1,2,2,1,2,2,1,2,1,2,2,2,2,2,2,2,1,2,2,0,0,0
2008,17,169,1,170687,1,5,1,2,4,2,5,2,1,1,1,2,1,2,2,2,2,2,1,2,2,2,2,2,2,1,2,2,1,2,2,0,0,0
2008,17,7,1,170688,1,5,2,2,1,2,3,2,4,1,1,2,2,2,2,2,2,2,2,2,2,1,1,1,1,2,2,1,2,2,2,0,0,0
2008,17,119,1,170689,1,5,1,2,4,2,6,2,1,1,1,2,1,2,2,1,2,2,2,2,2,2,2,2,2,1,2,2,1,2,2,0,0,0
2008,17,199,1,170690,1,5,2,2,1,1,5,1,4,2,2,2,2,2,2,2,2,2,2,2,3,2,2,2,2,1,1,1,2,2,2,0,0,0
2008,17,183,2,170691,1,5,1,2,1,2,6,2,4,1,2,2,2,1,2,1,2,2,2,2,1,2,2,2,2,2,2,2,2,2,2,0,0,0
2008,17,143,1,170692,1,5,1,2,3,2,3,2,1,1,2,2,3,2,1,1,2,2,2,2,1,2,2,2,2,2,2,2,1,2,2,0,0,0
2008,17,89,1,170693,1,5,2,2,1,2,3,2,3,2,1,2,2,2,2,1,2,2,1,2,1,2,2,2,2,2,2,2,2,2,2,0,0,0
2008,17,19,1,170694,1,5,2,2,1,1,3,1,4,1,1,2,2,2,1,2,2,2,2,2,3,2,2,2,2,1,2,2,2,2,2,0,0,0
2008,17,201,1,170695,1,5,2,2,1,1,3,1,4,2,1,2,2,2,2,2,2,2,2,2,3,2,2,2,2,2,1,1,2,2,2,0,0,0
2008,17,119,1,170696,1,5,2,2,1,1,3,1,4,1,1,2,3,1,2,2,2,2,2,2,1,2,2,2,2,2,2,2,2,2,2,0,0,0
2008,17,31,1,170697,1,5,2,2,4,2,6,2,1,2,1,2,1,2,2,2,1,2,2,2,3,2,2,2,2,1,2,2,1,1,2,0,0,0
2008,17,31,1,170698,1,5,2,2,1,2,3,2,1,2,2,2,1,2,2,2,1,2,2,2,3,2,2,2,2,2,2,2,2,2,2,0,0,0
2008,17,31,1,170699,1,5,2,2,4,2,4,2,1,2,2,2,1,2,2,1,2,2,2,2,1,2,2,2,2,2,1,1,1,2,2,0,0,0
2008,17,89,1,170700,1,5,1,2,4,1,5,1,1,2,1,2,1,2,2,1,2,2,1,2,1,2,2,2,2,2,2,2,2,2,2,0,0,0
2008,17,89,1,170701,1,5,2,2,1,2,6,2,1,2,1,2,1,2,2,2,1,2,2,2,3,2,2,2,2,2,2,2,2,2,2,0,0,0
2008,17,31,1,170702,1,5,2,2,1,2,6,2,1,1,1,1,1,2,2,2,2,1,2,2,3,2,2,2,2,2,2,2,2,2,2,0,0,0
2008,17,89,1,170703,1,5,2,2,1,1,3,1,4,2,2,2,2,2,2,2,2,2,1,2,1,2,2,2,2,2,1,1,2,2,2,0,0,0
2008,17,31,1,170704,1,5,2,2,1,2,3,2,1,2,1,2,1,2,2,2,1,2,2,2,3,2,2,2,2,2,2,2,2,2,2,0,0,0
2008,17,37,2,170705,1,5,1,2,1,2,4,2,3,1,1,2,3,1,2,2,2,2,2,2,1,2,2,2,2,2,2,2,2,2,2,0,0,0
2008,17,31,1,170706,1,5,2,2,1,2,4,2,1,2,2,2,1,2,2,2,1,2,2,2,3,2,2,2,2,2,2,2,2,2,2,0,0,0
2008,17,21,1,170707,1,5,1,2,1,2,5,3,4,2,1,2,2,2,1,2,2,2,2,2,3,1,1,1,1,2,2,1,2,2,2,0,0,0
2008,17,67,1,170708,1,5,1,2,4,2,3,2,1,2,1,2,1,2,2,1,2,2,1,2,1,2,2,2,2,2,2,2,1,2,2,0,0,0
2008,17,141,1,170709,1,5,2,1,1,2,1,3,5,1,2,2,2,1,2,1,2,2,2,2,3,2,2,2,2,2,2,2,2,2,2,0,0,0
2008,17,97,1,170710,1,5,2,2,1,1,6,1,4,1,1,2,2,2,2,2,2,2,1,2,3,2,2,2,2,2,1,1,2,2,2,0,0,0
2008,17,141,2,170711,1,5,1,2,1,1,4,1,4,2,2,2,2,2,1,2,2,2,2,2,1,2,2,2,2,2,2,2,2,2,2,0,0,0
2008,17,51,2,170712,1,5,1,2,1,2,3,2,3,1,2,2,2,2,2,2,2,2,2,2,1,2,2,2,2,2,2,2,2,2,2,0,0,0
2008,17,119,1,170713,1,5,2,2,4,1,3,1,1,2,2,2,1,2,1,1,2,2,2,2,1,2,2,2,2,2,2,2,2,2,2,0,0,0
2008,17,163,2,170714,1,5,1,2,4,2,4,2,1,2,2,2,1,2,2,2,2,2,1,2,1,2,2,2,2,2,2,2,1,2,2,0,0,0
2008,17,31,1,170715,1,5,2,2,4,2,4,2,1,2,2,2,1,2,2,2,2,2,2,2,1,2,2,2,2,2,1,1,1,1,2,0,0,0
2008,17,197,2,170716,1,5,2,2,4,2,3,2,1,2,2,2,1,2,2,2,2,2,1,2,1,2,2,2,2,2,1,1,1,1,2,0,0,0
2008,17,5,1,170717,1,5,1,2,4,1,5,1,1,1,2,2,1,2,2,2,2,2,1,2,2,2,2,2,2,2,2,2,2,2,2,0,0,0
2008,17,135,1,170718,1,5,1,2,1,2,3,2,1,2,2,2,1,2,1,2,1,2,2,2,3,2,2,2,2,2,2,2,2,2,2,0,0,0
2008,17,197,2,170719,1,5,2,1,1,2,1,2,2,2,1,2,2,1,1,2,2,2,2,2,1,2,2,2,2,2,2,2,2,2,2,0,0,0
2008,17,31,1,170720,1,5,2,1,4,2,1,2,1,2,2,2,1,2,2,1,2,2,1,2,1,2,2,2,2,2,2,2,1,2,2,0,0,0
2008,17,113,1,170721,1,5,1,2,1,2,4,2,4,1,1,2,2,1,1,1,2,2,2,2,3,2,2,2,2,1,2,2,2,1,2,0,0,0
2008,17,189,1,170722,1,5,1,2,4,2,4,2,1,2,2,2,1,2,2,2,2,2,2,2,1,2,2,2,2,2,2,2,1,1,2,0,0,0
2008,17,163,1,170723,1,5,2,2,4,2,6,3,1,2,1,2,1,2,2,2,2,2,2,1,1,2,2,2,2,2,2,2,1,1,2,0,0,0
2008,17,163,1,170724,1,5,1,2,1,2,6,2,1,1,1,2,1,2,1,2,2,2,2,2,2,2,2,2,2,2,2,2,2,2,2,0,0,0
2008,17,31,1,170725,1,5,2,2,1,1,3,1,4,1,2,2,2,2,1,1,2,2,2,2,3,2,2,2,2,2,2,2,2,1,2,0,0,0
2008,17,31,1,170726,1,5,2,2,2,2,6,2,2,1,1,2,1,2,2,2,2,2,2,2,2,2,2,2,2,2,2,2,2,2,2,0,0,0
2008,17,81,1,170727,1,5,2,2,1,2,4,2,1,2,2,1,1,2,2,1,1,2,2,2,3,2,2,2,2,2,2,2,2,1,2,0,0,0
2008,17,199,2,170728,1,5,2,2,4,1,3,1,1,1,2,2,1,2,2,2,2,2,2,2,2,1,1,1,1,2,2,1,2,1,2,0,0,0
2008,17,167,1,170729,1,5,2,2,1,1,3,1,1,2,1,2,1,2,2,2,1,2,2,2,3,2,2,2,2,2,2,2,2,2,2,0,0,0
2008,17,9,1,170730,1,5,1,2,4,2,5,2,1,2,1,2,1,2,2,1,2,2,2,2,1,2,2,2,2,2,2,2,1,2,2,0,0,0
2008,17,79,1,170731,1,5,1,2,1,1,5,1,4,1,1,2,2,2,1,2,2,2,2,2,3,2,2,2,2,1,2,2,2,2,2,0,0,0
2008,17,121,1,170732,1,5,1,2,1,2,6,3,1,1,2,2,1,2,2,2,2,2,2,2,2,1,1,1,1,2,2,1,2,2,2,0,0,0
2008,17,177,1,170734,1,5,1,2,1,1,3,1,2,1,1,2,2,1,2,1,2,2,2,2,3,2,2,2,2,2,2,2,2,2,2,0,0,0
2008,17,91,1,170735,1,5,1,2,4,2,6,2,1,1,1,2,1,2,2,1,2,2,1,2,1,2,2,2,2,2,2,2,2,2,2,0,0,0
2008,17,55,2,170736,1,5,2,1,1,2,1,2,3,1,1,2,3,1,2,1,2,2,1,2,3,1,1,1,1,2,2,1,1,2,2,0,0,0
2008,17,31,1,170737,1,5,2,2,2,2,5,2,4,1,1,2,1,2,2,2,2,2,2,2,2,2,2,2,2,1,2,2,2,2,2,0,0,0
2008,17,183,1,170738,1,5,2,2,1,1,5,1,1,1,1,2,1,2,2,2,2,1,2,2,3,2,2,2,2,1,2,2,2,2,2,0,0,0
2008,17,91,1,170739,1,5,1,2,4,1,5,1,1,2,1,2,1,2,2,1,2,2,1,2,1,2,2,2,2,2,2,2,2,2,2,0,0,0
2008,17,191,1,170740,1,5,2,2,1,2,6,3,1,1,1,2,1,2,2,2,2,2,2,2,3,2,2,1,1,2,2,1,2,2,2,0,0,0
2008,17,31,1,170741,1,5,2,2,1,1,3,1,4,1,1,2,2,2,2,2,2,2,2,2,3,2,2,2,2,1,1,1,2,2,2,0,0,0
2008,17,31,1,170742,1,5,2,2,4,2,3,2,1,2,2,2,1,2,2,2,2,2,2,2,1,2,2,2,2,2,2,2,1,2,2,0,0,0
2008,17,31,1,170743,1,5,2,2,1,1,4,1,4,1,2,2,2,2,1,2,2,2,2,2,3,1,1,1,1,2,2,1,2,2,2,0,0,0
2008,17,1,1,170744,1,5,1,2,1,1,4,1,4,2,2,2,2,2,1,2,2,2,2,2,3,2,2,2,2,1,2,2,2,2,2,0,0,0
2008,17,31,1,170745,1,5,2,1,4,2,1,2,1,2,2,2,1,2,2,1,2,2,2,2,1,2,2,2,2,2,2,2,1,2,2,0,0,0
2008,17,145,1,170746,1,5,1,2,4,2,5,2,1,1,1,2,1,2,1,1,2,2,2,2,1,2,2,2,2,2,2,2,1,2,2,0,0,0
2008,17,197,1,170747,1,5,2,1,1,2,1,2,2,2,2,2,2,1,2,2,2,2,2,2,3,1,1,1,1,2,2,1,2,2,2,0,0,0
2008,17,31,1,170748,1,5,2,1,4,2,1,3,1,2,1,2,1,2,1,2,2,2,2,2,1,2,2,2,2,2,2,2,1,2,2,0,0,0
2008,17,31,1,170749,1,5,2,1,1,2,1,2,2,2,1,2,2,1,2,2,2,2,2,2,3,2,2,2,2,2,2,2,2,2,2,0,0,0
2008,17,89,4,170750,1,5,1,2,1,1,5,1,3,2,2,2,2,2,2,2,2,2,2,2,1,1,1,1,1,2,2,1,2,2,2,0,0,0
2008,17,99,1,170751,1,5,2,2,1,2,3,2,3,1,2,2,2,2,2,2,2,2,2,2,2,2,2,2,2,1,2,2,2,2,2,0,0,0
2008,17,103,1,170752,1,5,1,2,1,2,4,2,3,2,2,2,2,2,2,1,2,2,2,2,3,2,2,2,2,2,2,2,2,2,2,0,0,0
2008,17,27,1,170753,1,5,1,2,4,2,5,2,1,2,2,2,1,2,2,1,2,2,1,2,1,1,1,1,1,2,2,1,1,2,2,0,0,0
2008,17,199,1,170754,1,5,2,2,1,1,6,1,1,2,1,2,1,2,2,1,2,1,2,2,2,2,2,2,2,2,2,2,2,2,2,0,0,0
2008,17,43,1,170755,1,5,2,2,1,2,3,2,2,1,1,2,3,2,2,1,2,2,2,2,3,2,2,2,2,2,2,2,2,2,2,0,0,0
2008,17,31,1,170756,1,5,2,2,1,2,3,2,1,2,1,2,1,2,2,2,1,2,2,2,2,2,2,2,2,2,2,2,2,2,2,0,0,0
2008,17,81,1,170757,1,5,1,2,1,1,5,1,3,1,1,2,2,2,2,2,2,2,2,2,3,2,2,2,2,2,2,2,2,2,2,0,0,0
2008,17,31,1,170758,1,5,2,2,1,1,3,1,1,2,1,1,1,2,2,2,1,2,2,2,3,2,2,2,2,2,2,2,2,2,2,0,0,0
2008,17,31,1,170759,1,5,2,2,4,2,5,2,1,2,2,2,1,2,2,2,2,2,2,2,1,2,2,2,2,2,2,2,1,2,2,0,0,0
2008,17,197,1,170760,1,5,2,2,4,1,5,1,1,2,2,2,1,2,2,1,2,2,2,2,1,2,2,2,2,2,2,2,2,2,2,0,0,0
2008,17,21,1,170761,1,5,1,2,4,2,6,2,1,2,2,2,1,2,2,2,2,2,1,2,1,2,2,2,2,2,2,2,1,2,2,0,0,0
2008,17,77,1,170762,1,5,2,2,4,2,5,2,1,2,1,2,1,2,2,1,2,2,1,2,1,2,2,2,2,2,1,1,1,1,2,0,0,0
2008,17,33,1,170763,1,5,1,2,1,1,4,1,4,2,2,2,2,1,2,2,2,2,2,2,2,2,2,2,2,2,2,2,2,2,2,0,0,0
2008,17,75,1,170764,1,5,1,1,3,2,1,2,1,2,1,2,3,1,2,2,2,2,1,2,3,2,2,1,1,2,1,1,1,2,2,0,0,0
2008,17,113,1,170765,1,5,1,1,1,2,1,2,2,2,2,2,3,1,2,1,2,2,2,2,3,2,2,2,2,2,2,2,2,2,2,0,0,0
2008,17,167,1,170766,1,5,1,2,4,2,5,2,1,2,2,2,1,2,2,2,2,2,1,2,1,2,2,2,2,2,2,2,1,2,2,0,0,0
2008,17,189,1,170767,1,5,1,2,1,2,4,2,1,2,2,2,1,2,2,2,2,2,1,2,2,2,2,2,2,2,2,2,1,2,2,0,0,0
2008,17,201,1,170768,1,5,2,2,1,1,6,1,1,1,1,2,1,2,2,2,1,2,2,2,2,2,2,2,2,2,2,2,2,2,2,0,0,0
2008,17,81,1,170769,1,5,1,1,4,2,1,2,1,2,2,2,1,2,2,1,2,2,1,2,1,2,2,2,2,2,1,1,1,2,2,0,0,0
2008,17,31,1,170770,1,5,2,2,1,1,3,1,1,1,1,2,1,2,2,2,1,2,2,2,3,1,1,1,1,2,2,1,2,2,2,0,0,0
2008,17,43,1,170771,1,5,2,1,4,2,1,3,1,1,1,2,1,2,1,2,2,2,2,2,1,2,2,2,2,2,2,2,1,2,2,0,0,0
2008,17,173,1,170772,1,5,1,2,1,2,3,2,3,1,2,2,2,2,2,2,2,2,2,2,3,1,1,1,1,2,2,1,2,1,2,0,0,0
2008,17,31,1,170773,1,5,2,1,1,2,1,2,2,2,1,2,2,1,2,1,2,2,2,2,1,2,2,2,2,2,2,2,2,2,2,0,0,0
2008,17,37,1,170774,1,5,1,2,1,2,5,2,5,1,1,2,2,2,2,2,2,2,2,2,3,2,2,2,2,2,2,2,2,2,2,0,0,0
2008,17,201,1,170775,1,5,2,2,4,2,6,2,1,1,1,2,1,2,2,2,1,2,2,2,3,2,2,2,2,2,1,1,1,1,2,0,0,0
2008,17,201,2,170776,1,5,2,2,1,2,3,2,3,1,1,2,3,2,2,2,2,2,2,2,1,2,2,2,2,2,1,1,1,1,2,0,0,0
2008,17,189,1,170777,1,5,1,1,3,2,1,2,1,1,1,2,1,2,2,2,2,2,1,2,3,2,2,2,2,1,2,2,1,2,2,0,0,0
2008,17,55,1,170778,1,5,1,1,4,2,1,2,1,1,1,2,1,2,2,2,2,2,1,2,2,2,2,2,2,2,2,2,1,2,1,0,0,0
2008,17,111,1,170779,1,5,2,2,4,2,5,2,1,2,2,2,1,2,2,1,2,2,1,2,1,2,2,2,2,2,2,2,1,2,2,0,0,0
2008,17,119,1,170780,1,5,1,2,4,2,3,2,1,1,2,2,1,2,2,2,2,2,1,2,1,2,2,2,2,2,1,1,1,2,2,0,0,0
2008,17,119,2,170781,1,5,2,2,1,2,4,2,2,2,1,1,2,1,2,1,1,2,2,2,1,2,2,2,2,2,2,2,2,2,2,0,0,0
2008,17,21,1,170782,1,5,1,2,1,2,4,2,3,1,1,2,2,1,2,2,2,2,2,2,3,2,2,2,2,2,2,2,2,2,2,0,0,0
2008,17,201,1,170783,1,5,2,2,1,1,5,1,4,2,1,2,2,2,2,2,2,2,2,2,3,1,1,1,1,1,2,1,2,2,2,0,0,0
2008,17,55,1,170784,1,5,2,1,1,2,1,2,2,2,1,2,3,1,2,1,2,2,2,2,3,2,2,1,1,2,2,1,2,2,2,0,0,0
2008,17,31,1,170785,1,5,2,2,1,2,4,2,2,2,2,2,2,2,1,1,2,2,2,2,1,2,2,2,2,2,2,2,2,2,2,0,0,0
2008,17,115,1,170786,1,5,1,2,1,1,3,1,4,2,2,2,2,2,2,1,2,2,2,2,1,2,2,2,2,2,2,2,2,2,2,0,0,0
2008,17,197,1,170787,1,5,2,1,4,2,1,2,1,2,2,2,1,1,2,2,2,2,2,2,2,2,2,2,2,2,1,1,1,2,1,0,0,0
2008,17,141,1,170788,1,5,1,2,4,2,4,2,1,2,2,2,1,2,1,2,2,2,2,2,1,2,2,2,2,2,2,2,1,2,2,0,0,0
2008,17,119,1,170789,1,5,2,2,1,2,6,2,4,2,2,2,3,2,2,1,2,2,2,2,1,2,2,1,1,2,2,1,2,2,2,0,0,0
2008,17,31,1,170790,1,5,2,2,4,2,3,2,1,2,1,2,1,2,2,2,2,2,2,2,2,2,2,2,2,1,2,2,1,2,2,0,0,0
2008,17,163,1,170791,1,5,2,2,1,2,4,2,1,1,1,2,1,2,1,2,2,2,2,2,2,2,2,2,2,2,2,2,2,2,2,0,0,0
2008,17,77,1,170792,1,5,1,2,4,2,6,2,1,1,1,2,1,2,2,1,2,2,2,2,2,1,1,1,1,2,2,1,1,2,2,0,0,0
2008,17,197,1,170793,1,5,2,1,3,2,1,2,1,2,2,2,1,2,2,2,2,2,2,2,1,2,2,2,2,2,2,2,1,2,2,0,0,0
2008,17,179,2,170794,1,5,1,2,1,2,4,2,4,1,1,2,2,2,2,2,2,2,2,2,3,2,2,2,2,2,2,2,2,2,2,0,0,0
2008,17,31,1,170795,1,5,2,2,1,1,4,1,4,1,1,2,2,2,2,2,2,2,2,2,3,2,2,2,2,1,2,2,2,2,2,0,0,0
2008,17,31,2,170797,1,5,2,2,4,2,4,2,1,2,2,2,1,2,1,2,2,2,2,2,1,2,2,2,2,2,2,2,1,2,2,0,0,0
2008,17,89,1,170798,1,5,2,2,1,2,3,2,2,1,1,2,3,1,2,1,2,2,2,2,3,2,2,2,2,2,2,2,2,2,2,0,0,0
2008,17,97,1,170799,1,5,2,2,1,1,4,1,1,1,1,2,1,2,2,2,1,2,2,2,3,2,2,2,2,2,2,2,2,1,2,0,0,0
2008,17,147,1,170800,1,5,2,2,4,2,5,2,1,1,1,2,1,2,2,1,2,2,1,2,2,2,2,2,2,2,2,2,1,2,2,0,0,0
2008,17,31,1,170801,1,5,2,1,4,2,1,2,1,2,1,2,1,2,2,1,2,2,1,2,1,2,2,2,2,2,2,2,1,2,2,0,0,0
2008,17,177,2,170802,1,5,1,2,4,2,5,2,1,2,2,2,1,2,2,1,2,2,1,2,1,2,2,2,2,2,1,1,1,2,2,0,0,0
2008,17,195,1,170803,1,5,1,2,1,2,5,2,3,1,1,2,2,2,2,2,2,2,2,2,3,2,2,2,2,2,2,2,2,2,2,0,0,0
2008,17,19,1,170804,1,5,2,2,1,2,3,2,3,1,1,2,2,2,2,2,2,2,2,2,3,2,2,2,2,2,2,2,2,2,2,0,0,0
2008,17,107,1,170806,1,5,1,2,1,2,3,2,4,1,1,2,2,1,2,2,2,2,2,2,3,2,2,2,2,2,1,1,2,2,2,0,0,0
2008,17,157,1,170807,1,5,1,2,4,2,6,2,1,2,1,2,1,2,2,2,2,2,1,2,2,2,2,2,2,2,2,2,1,2,2,0,0,0
2008,17,195,1,170808,1,5,1,2,1,1,3,1,1,1,1,2,1,1,2,2,1,2,2,2,2,2,2,2,2,2,2,2,2,2,2,0,0,0
2008,17,119,1,170809,1,5,1,2,4,2,6,2,1,2,2,2,1,2,2,1,2,2,1,2,1,2,2,2,2,2,1,1,1,2,2,0,0,0
2008,17,31,1,170810,1,5,2,2,4,2,5,2,1,1,1,2,1,2,2,1,2,2,2,2,2,2,2,2,2,2,2,2,1,2,2,0,0,0
2008,17,97,1,170811,1,5,2,1,4,2,1,2,1,2,1,2,1,2,2,2,2,2,2,2,1,2,2,2,2,2,2,2,1,1,2,0,0,0
2008,17,197,1,170812,1,5,2,2,4,2,6,2,1,2,1,2,1,2,2,1,2,2,2,2,1,2,2,2,2,2,1,1,1,2,2,0,0,0
2008,17,119,2,170813,1,5,2,2,1,2,4,2,4,2,2,2,2,2,2,1,2,2,2,2,1,2,2,2,2,2,1,1,2,2,2,0,0,0
2008,17,193,1,170814,1,5,1,2,4,2,3,3,1,2,1,2,1,2,2,1,2,2,2,2,2,2,2,2,2,2,2,2,1,2,2,0,0,0
2008,17,197,1,170815,1,5,1,2,4,2,4,2,1,2,1,2,1,2,2,2,2,2,1,2,2,2,2,2,2,2,1,1,1,2,2,0,0,0
2008,17,163,1,170816,1,5,2,2,1,2,3,2,3,2,1,2,3,1,2,2,2,2,2,2,1,2,2,2,2,2,1,1,2,2,2,0,0,0
2008,17,119,1,170817,1,5,2,2,1,2,4,2,4,2,2,2,2,2,2,1,2,2,2,2,1,2,2,1,1,2,2,1,2,2,2,0,0,0
2008,17,31,1,170818,1,5,2,1,1,2,1,2,4,1,2,2,2,2,2,1,2,2,2,2,3,2,2,2,2,2,2,2,2,2,2,0,0,0
2008,17,163,1,170819,1,5,1,2,3,2,4,2,1,2,2,2,1,2,2,2,2,2,1,2,1,2,2,2,2,2,2,2,1,2,2,0,0,0
2008,17,31,1,170820,1,5,2,2,1,2,3,2,1,2,2,2,1,2,2,2,1,2,2,2,3,2,2,2,2,2,2,2,2,2,2,0,0,0
2008,17,31,1,170821,1,5,2,2,4,2,6,2,1,1,1,2,1,2,1,2,2,2,2,2,2,2,2,2,2,2,2,2,1,2,2,0,0,0
2008,17,97,1,170822,1,5,2,2,1,2,3,2,5,2,2,2,3,2,2,2,2,2,1,2,1,2,2,2,2,2,2,2,1,2,2,0,0,0
2008,17,31,1,170823,1,5,2,2,1,1,4,1,4,1,1,2,2,2,2,2,2,2,1,2,3,2,2,2,2,2,2,2,2,2,2,0,0,0
2008,17,131,1,170824,1,5,1,2,4,2,5,2,1,2,2,2,1,2,2,2,2,2,1,2,1,2,2,2,2,2,1,1,1,1,2,0,0,0
2008,17,31,1,170825,1,5,2,1,2,2,1,3,1,1,1,1,1,2,2,2,1,2,2,2,3,2,2,2,2,2,2,2,1,2,1,0,0,0
2008,17,99,1,170826,1,5,2,2,1,2,3,2,3,1,1,2,2,2,2,2,2,2,2,2,3,2,2,2,2,1,2,2,1,2,2,0,0,0
2008,17,31,1,170827,1,5,2,2,1,1,3,1,4,1,1,2,2,2,2,2,2,2,1,2,3,2,2,1,1,2,2,1,2,2,2,0,0,0
2008,17,45,1,170828,1,5,2,2,1,1,3,1,1,2,2,1,1,2,2,2,1,2,2,2,3,2,2,2,2,2,2,2,2,2,2,0,0,0
2008,17,31,1,170829,1,5,2,2,4,2,6,2,1,1,1,2,1,2,2,2,2,2,2,2,2,2,2,2,2,2,2,2,1,2,2,0,0,0
2008,17,67,1,170830,1,5,1,2,1,2,5,2,5,2,2,2,2,2,2,1,2,2,2,2,3,2,2,2,2,1,2,2,2,2,2,0,0,0
2008,17,33,3,170831,1,5,1,2,4,2,6,2,1,2,2,2,1,2,2,2,2,2,1,2,3,2,2,2,2,2,2,2,1,2,2,0,0,0
2008,17,11,1,170832,1,5,1,1,4,2,1,2,1,1,1,2,1,2,2,1,2,2,1,2,2,2,2,2,2,2,2,2,1,2,2,0,0,0
2008,17,113,1,170833,1,5,1,2,4,2,5,2,1,1,1,2,1,2,2,2,2,2,1,2,2,2,2,2,2,2,1,1,1,2,2,0,0,0
2008,17,101,1,170834,1,5,1,2,1,2,3,2,3,1,1,2,2,1,2,2,2,2,2,2,2,2,2,1,1,2,2,1,1,2,2,0,0,0
2008,17,25,1,170835,1,5,1,2,4,2,5,2,1,1,1,2,1,2,2,1,2,2,1,2,2,2,2,2,2,1,2,2,1,2,2,0,0,0
2008,17,143,1,170836,1,5,1,2,4,2,4,2,1,2,2,2,1,2,2,2,2,2,1,2,1,2,2,2,2,2,2,2,1,2,2,0,0,0
2008,17,135,1,170837,1,5,1,2,1,2,5,2,1,2,2,2,1,2,2,2,1,2,2,2,3,2,2,2,2,2,2,2,2,2,2,0,0,0
2008,17,173,1,170838,1,5,1,2,4,2,5,2,1,1,2,2,1,2,2,2,2,2,1,2,2,2,2,2,2,2,2,2,1,2,2,0,0,0
2008,17,5,1,170839,1,5,1,2,4,2,5,2,1,1,1,2,1,2,2,1,2,2,1,2,3,2,2,2,2,2,1,1,1,2,2,0,0,0
2008,17,37,3,170840,1,5,2,2,1,2,3,2,4,1,1,2,2,1,2,2,2,2,2,2,3,2,2,2,2,1,2,2,2,2,2,0,0,0
2008,17,105,1,170841,1,5,1,2,1,2,5,2,4,1,1,2,2,1,2,1,2,2,1,2,2,2,2,2,2,2,1,1,2,2,2,0,0,0
2008,17,89,2,170842,1,5,1,2,4,2,5,2,1,1,1,2,1,2,2,1,2,2,2,2,2,1,1,1,1,2,2,1,1,2,2,0,0,0
2008,17,197,2,170844,1,5,1,2,1,2,5,2,4,2,1,2,2,2,2,2,2,2,2,2,3,1,1,1,1,2,2,1,2,2,2,0,0,0
2008,17,201,1,170845,1,5,2,2,4,2,6,2,1,2,2,2,1,2,2,2,2,2,1,2,1,2,2,2,2,2,2,2,1,2,2,0,0,0
2008,17,177,1,170846,1,5,1,2,1,2,3,2,4,2,2,2,2,2,2,1,2,2,1,2,2,2,2,2,2,2,1,1,1,2,2,0,0,0
2008,17,173,1,170847,1,5,1,2,1,2,3,2,1,1,1,2,1,2,2,2,1,2,2,2,3,2,2,2,2,2,2,2,2,2,2,0,0,0
2008,17,31,1,170848,1,5,2,2,4,2,3,2,1,2,2,2,1,2,2,1,2,2,2,2,1,2,2,2,2,2,2,2,1,1,2,0,0,0
2008,17,31,1,170849,1,5,2,2,1,2,5,2,1,2,2,1,1,2,2,2,1,2,2,2,3,2,2,2,2,2,2,2,2,2,2,0,0,0
2008,17,31,1,170851,1,5,2,2,1,1,5,1,3,1,1,2,2,2,1,2,2,2,2,2,3,2,2,2,2,2,2,2,2,2,2,0,0,0
2008,17,31,1,170852,1,5,2,2,4,2,5,2,1,2,2,2,1,2,2,1,2,2,2,2,3,2,2,2,2,2,1,1,1,2,2,0,0,0
2008,17,31,1,170853,1,5,2,2,1,2,4,2,1,2,1,2,1,2,2,2,1,2,2,2,3,2,2,2,2,2,2,2,2,2,2,0,0,0
2008,17,43,1,170854,1,5,2,2,4,2,6,2,4,1,1,2,1,2,2,2,2,2,2,2,3,2,2,2,2,1,2,2,1,2,2,0,0,0
2008,17,197,1,170855,1,5,2,2,4,2,3,2,1,2,2,2,1,2,2,1,2,2,1,2,1,2,2,2,2,2,2,2,1,2,2,0,0,0
2008,17,43,1,170856,1,5,2,2,1,2,4,2,2,2,2,2,2,2,2,1,2,2,2,2,3,2,2,2,2,2,2,2,2,1,2,0,0,0
2008,17,43,1,170857,1,5,2,2,1,2,4,3,1,1,1,2,1,2,2,2,2,2,2,2,2,2,2,2,2,1,2,2,2,2,2,0,0,0
2008,17,31,1,170858,1,5,2,2,4,2,3,2,1,1,2,2,3,2,2,2,2,2,2,2,3,2,2,2,2,1,2,2,1,2,2,0,0,0
2008,17,89,1,170859,1,5,2,2,1,2,3,2,1,2,2,2,1,2,1,2,2,2,2,2,1,2,2,2,2,2,2,2,2,2,2,0,0,0
2008,17,31,1,170860,1,5,2,2,1,2,3,2,2,1,2,2,3,2,2,2,1,2,2,2,3,2,2,2,2,1,2,2,2,2,2,0,0,0
2008,17,31,1,170861,1,5,2,2,1,2,3,2,2,2,1,2,2,2,1,1,2,2,2,2,3,2,2,2,2,2,2,2,2,2,2,0,0,0
2008,17,31,1,170862,1,5,2,2,3,2,3,2,1,2,1,2,2,2,1,1,2,2,2,2,3,2,2,2,2,2,2,2,1,2,2,0,0,0
2008,17,31,1,170863,1,5,2,2,1,2,4,3,1,1,1,2,1,2,2,2,2,1,2,2,3,2,2,2,2,1,2,2,2,2,2,0,0,0
2008,17,121,1,170864,1,5,1,2,1,2,3,2,4,2,2,2,2,2,2,1,2,2,2,2,3,2,2,2,2,2,1,1,2,2,2,0,0,0
2008,17,121,2,170865,1,5,1,1,1,2,1,2,4,1,1,2,3,1,2,1,2,2,2,2,3,2,2,1,1,2,2,1,1,2,2,0,0,0
2008,17,111,1,170866,1,5,2,2,1,2,3,2,4,1,1,2,3,1,2,1,2,2,2,2,3,2,2,2,2,2,1,1,1,2,2,0,0,0
2008,17,197,1,170867,1,5,1,2,1,2,3,2,3,1,1,2,2,2,2,1,2,2,2,2,3,2,2,1,1,2,2,1,2,2,2,0,0,0
2008,17,63,1,170868,1,5,1,2,4,2,5,2,1,2,2,2,1,2,2,2,2,2,1,2,1,2,2,2,2,1,2,2,1,2,2,0,0,0
2008,17,49,1,170869,1,5,1,2,4,2,5,2,1,1,1,2,1,2,2,1,2,2,1,2,2,2,2,2,2,2,2,2,1,2,2,0,0,0
2008,17,187,1,170870,1,5,1,2,3,2,3,2,1,1,1,2,1,2,2,2,2,2,1,2,2,2,2,2,2,2,1,1,1,2,2,0,0,0
2008,17,23,1,170871,1,5,1,2,4,2,5,2,1,2,1,2,1,2,2,2,2,2,2,2,1,2,2,2,2,2,2,2,1,2,2,0,0,0
2008,17,31,1,170872,1,5,2,2,1,2,3,2,1,2,1,2,1,2,2,2,1,2,2,2,3,2,2,2,2,2,2,2,2,2,2,0,0,0
2008,17,31,1,170873,1,5,2,2,1,2,3,2,1,1,1,1,1,2,2,2,1,2,2,2,3,2,2,2,2,2,2,2,2,2,2,0,0,0
2008,17,89,1,170874,1,5,2,2,4,2,4,2,1,2,1,2,1,2,2,1,2,2,2,2,1,1,1,1,1,2,2,1,1,2,2,0,0,0
2008,17,11,1,170875,1,5,1,2,4,2,6,2,1,2,1,2,1,2,2,2,2,2,2,2,1,1,1,1,1,2,2,1,1,2,2,0,0,0
2008,17,97,1,170876,1,5,2,2,4,2,3,2,1,1,1,2,2,2,2,2,2,2,2,2,2,2,2,2,2,1,2,2,1,2,2,0,0,0
2008,17,31,1,170877,1,5,2,2,1,2,4,2,1,1,1,2,1,2,2,1,1,2,2,2,3,2,2,2,2,1,2,2,2,2,2,0,0,0
2008,17,31,1,170878,1,5,2,2,4,2,3,2,1,2,2,2,1,2,2,2,2,2,2,2,1,2,2,2,2,2,2,2,1,2,2,0,0,0
2008,17,31,1,170879,1,5,2,2,1,2,3,2,4,1,1,2,2,2,2,1,2,2,2,2,3,2,2,2,2,1,2,2,2,2,2,0,0,0
2008,17,115,2,170880,1,5,2,2,4,2,3,2,1,2,2,2,1,2,2,1,2,2,2,2,3,2,2,2,2,2,1,1,1,2,2,0,0,0
2008,17,183,1,170881,1,5,1,2,4,2,5,2,1,1,2,2,1,2,2,2,2,2,1,2,2,2,2,2,2,2,2,2,1,2,1,0,0,0
2008,17,29,1,170882,1,5,2,2,1,1,3,1,3,1,1,2,2,2,2,2,2,2,2,2,3,2,2,2,2,2,2,2,2,2,2,0,0,0
2008,17,197,3,170883,1,5,2,2,1,2,3,2,4,1,1,2,2,2,2,1,2,2,2,2,2,2,2,2,2,1,2,2,2,2,2,0,0,0
2008,17,73,1,170884,1,5,1,1,4,2,1,2,1,2,2,2,1,2,2,1,2,2,1,2,2,2,2,2,2,2,2,2,1,2,2,0,0,0
2008,17,111,2,170885,1,5,2,2,1,2,4,2,4,1,1,2,2,1,2,1,2,2,2,2,2,2,2,2,2,2,2,2,2,2,2,0,0,0
2008,17,77,1,170886,1,5,2,2,4,2,3,2,1,1,2,2,1,2,2,2,2,2,2,2,2,2,2,2,2,1,2,2,1,2,2,0,0,0
2008,17,97,2,170887,1,5,2,2,4,2,4,2,1,2,1,2,1,2,2,2,2,2,2,2,2,1,2,1,2,2,2,2,1,1,2,0,0,0
2008,17,197,1,170888,1,5,2,2,4,2,6,2,1,2,1,2,1,2,2,1,2,2,1,2,2,2,2,1,1,2,2,1,1,2,2,0,0,0
2008,17,37,1,170889,1,5,2,2,1,2,4,2,4,2,2,2,2,2,2,2,2,2,2,2,1,2,2,2,2,2,1,1,2,2,2,0,0,0
2008,17,143,1,170890,1,5,2,2,1,2,3,2,3,1,1,2,2,2,2,2,2,2,2,2,3,2,2,2,2,2,2,2,2,2,2,0,0,0
2008,17,43,1,170891,1,5,2,2,1,2,6,3,1,1,1,2,1,2,2,2,2,2,2,2,2,2,2,2,2,1,2,2,2,2,2,0,0,0
2008,17,141,1,170892,1,5,1,2,1,2,5,2,4,1,1,2,2,2,2,1,2,2,2,2,3,2,2,2,2,1,2,2,2,2,2,0,0,0
2008,17,91,1,170893,1,5,1,2,4,2,6,2,1,2,2,2,1,2,2,1,2,2,1,2,1,2,2,2,2,2,2,2,1,2,2,0,0,0
2008,17,89,1,170894,1,5,2,2,1,1,3,1,4,1,1,2,2,2,2,2,2,2,2,2,3,2,2,2,2,2,2,2,2,2,2,0,0,0
2008,17,21,1,170895,1,5,2,2,1,2,3,2,1,2,1,2,1,2,2,2,1,2,2,2,3,2,2,2,2,2,2,2,2,2,2,0,0,0
2008,17,197,1,170896,1,5,2,1,1,2,1,2,4,1,2,2,2,1,2,2,2,2,2,2,1,2,2,2,2,2,2,2,1,2,2,0,0,0
2008,17,19,1,170898,1,5,2,2,1,2,6,2,1,2,2,2,1,2,2,2,2,2,2,2,3,2,2,2,2,2,2,2,2,2,2,0,0,0
2008,17,31,1,170899,1,5,2,2,4,2,6,2,5,2,1,1,1,2,2,2,2,2,2,2,3,2,2,2,2,1,2,2,2,2,2,0,0,0
2008,17,131,1,170900,1,5,1,2,1,2,5,2,1,2,1,2,1,2,2,2,2,2,1,2,2,2,2,2,2,2,2,2,2,2,2,0,0,0
2008,17,31,1,170901,1,5,2,2,1,1,4,1,1,2,1,1,1,2,2,1,1,2,2,2,3,2,2,2,2,2,2,2,2,2,2,0,0,0
2008,17,31,1,170902,1,5,2,2,1,2,5,2,1,2,2,1,1,2,2,1,1,2,2,2,3,2,2,2,2,2,2,2,2,2,2,0,0,0
2008,17,37,1,170903,1,5,1,2,1,2,4,2,2,2,1,2,2,2,2,2,2,2,2,2,3,1,1,1,1,2,2,1,2,2,2,0,0,0
2008,17,43,1,170904,1,5,2,2,2,2,3,2,6,2,1,2,2,2,2,1,2,2,2,2,3,2,2,2,2,2,2,2,2,2,2,0,0,0
2008,17,31,1,170905,1,5,2,1,1,2,1,2,5,2,1,2,2,1,2,1,2,2,2,2,3,2,2,2,2,2,2,2,2,2,2,0,0,0
2008,17,161,1,170906,1,5,1,2,1,1,5,1,1,1,1,1,1,2,2,2,2,1,2,2,3,2,2,2,2,2,2,2,2,2,2,0,0,0
2008,17,197,1,170907,1,5,2,2,1,2,5,2,4,2,1,2,2,2,1,2,2,2,2,2,3,2,2,2,2,2,2,2,2,1,2,0,0,0
2008,17,71,1,170908,1,5,1,2,1,1,5,1,4,1,2,2,2,2,1,2,2,2,2,2,2,2,2,2,2,1,2,2,2,2,2,0,0,0
2008,17,1,1,170909,1,5,1,2,4,2,5,2,1,2,1,2,1,2,2,1,2,2,1,2,1,2,2,2,2,2,2,2,1,2,2,0,0,0
2008,17,137,1,170910,1,5,1,2,1,2,6,2,2,2,2,2,2,2,1,2,2,2,2,2,3,1,1,1,1,2,2,1,2,2,2,0,0,0
2008,17,31,1,170911,1,5,2,1,1,2,1,2,3,1,2,2,3,2,2,2,2,2,2,2,3,2,2,2,2,1,1,1,2,2,2,0,0,0
2008,17,137,1,170912,1,5,1,2,4,2,3,2,1,2,1,2,1,2,2,2,2,2,1,2,3,1,1,1,1,2,2,1,1,2,2,0,0,0
2008,17,167,1,170913,1,5,2,2,1,1,3,1,4,1,2,2,2,2,2,2,2,2,2,2,3,2,2,2,2,1,2,2,2,2,2,0,0,0
2008,17,31,1,170914,1,5,2,1,1,2,1,2,5,2,1,2,2,1,2,2,2,2,2,2,3,2,2,2,2,2,2,2,2,2,2,0,0,0
2008,17,105,1,170915,1,5,1,2,1,2,5,2,5,1,1,2,2,1,2,2,2,2,1,2,2,2,2,2,2,2,2,2,2,2,2,0,0,0
2008,17,111,1,170916,1,5,2,2,4,2,6,2,1,1,1,2,1,2,2,2,2,2,2,2,3,1,1,1,1,2,2,1,1,1,2,0,0,0
2008,17,187,1,170917,1,5,1,2,4,2,3,3,1,2,2,2,1,2,2,2,2,2,1,2,1,2,2,2,2,2,1,1,1,2,2,0,0,0
2008,17,143,1,170918,1,5,1,2,1,2,6,2,1,1,2,2,1,2,1,2,2,1,2,2,2,2,2,2,2,2,1,1,2,1,2,0,0,0
2008,17,119,1,170919,1,5,2,2,1,2,5,2,1,2,2,1,1,2,2,2,1,2,2,2,3,2,2,2,2,2,2,2,2,2,2,0,0,0
2008,17,177,1,170920,1,5,1,2,1,1,3,1,4,1,1,2,2,2,1,2,2,2,2,2,3,2,2,1,1,2,2,1,2,2,2,0,0,0
2008,17,31,1,170921,1,5,2,2,1,2,6,2,1,1,1,1,1,2,2,2,2,2,2,2,3,2,2,2,2,2,2,2,2,1,2,0,0,0
2008,17,63,1,170922,1,5,1,2,1,2,3,2,2,1,1,2,2,2,2,1,2,2,2,2,3,2,2,2,2,1,2,2,2,2,2,0,0,0
2008,17,31,1,170923,1,5,2,2,1,1,4,1,1,1,2,2,1,2,2,2,1,2,2,2,3,2,2,2,2,2,2,2,2,2,2,0,0,0
2008,17,31,1,170924,1,5,2,2,1,2,4,2,1,2,2,2,1,2,2,2,1,2,2,2,3,2,2,2,2,2,2,2,2,2,2,0,0,0
2008,17,31,1,170925,1,5,2,2,1,1,4,1,4,1,2,2,2,2,2,1,2,2,2,2,3,2,2,2,2,2,2,2,2,2,2,0,0,0
2008,17,63,1,170926,1,5,1,2,1,2,5,2,1,2,1,2,1,2,2,1,1,2,2,2,3,2,2,2,2,2,2,2,2,2,2,0,0,0
2008,17,197,1,170927,1,5,2,2,1,1,4,1,4,1,1,2,2,2,2,1,2,2,2,2,2,2,2,2,2,2,2,2,2,2,2,0,0,0
2008,17,31,1,170928,1,5,2,2,1,1,4,1,4,1,1,2,2,2,2,2,2,2,2,2,2,2,2,2,2,2,2,2,2,2,2,0,0,0
2008,17,19,1,170929,1,5,2,1,1,2,1,2,2,2,1,2,2,2,2,2,2,2,2,2,1,2,2,2,2,2,1,1,2,2,2,0,0,0
2008,17,63,3,170930,1,5,1,2,1,1,3,1,4,2,1,2,2,2,2,2,2,2,1,2,1,2,2,2,2,2,2,2,2,2,2,0,0,0
2008,17,31,1,170931,1,5,2,2,4,2,6,2,1,1,2,2,1,2,2,2,2,2,2,2,1,2,2,2,2,1,2,2,1,2,2,0,0,0
2008,17,31,1,170932,1,5,2,2,1,2,3,2,1,2,2,2,2,2,2,2,1,2,2,2,3,2,2,2,2,2,2,2,2,2,2,0,0,0
2008,17,31,1,170933,1,5,2,2,1,2,6,2,1,2,1,1,1,2,2,2,1,2,2,2,3,2,2,2,2,2,2,2,2,2,2,0,0,0
2008,17,135,1,170934,1,5,1,2,1,2,3,2,5,1,1,2,2,2,2,2,2,2,2,2,3,2,2,2,2,1,2,2,2,2,2,0,0,0
2008,17,137,1,170935,1,5,1,2,4,1,4,1,1,1,1,2,1,1,2,1,2,2,1,2,2,2,2,2,2,1,2,2,2,2,2,0,0,0
2008,17,119,1,170936,1,5,2,2,1,2,4,3,4,1,1,2,3,2,2,2,2,2,2,2,3,2,2,1,1,1,1,1,2,2,2,0,0,0
2008,17,7,1,170937,1,5,2,2,4,2,4,2,1,2,1,2,1,2,2,2,2,2,1,2,3,2,2,2,2,1,2,2,1,2,2,0,0,0
2008,17,31,1,170938,1,5,2,2,1,2,6,2,1,1,1,2,1,2,2,2,2,2,2,2,2,2,2,2,2,1,2,2,2,2,2,0,0,0
2008,17,31,1,170939,1,5,2,2,1,2,3,2,1,1,1,2,1,2,2,1,2,1,2,2,2,2,2,2,2,2,1,1,2,2,2,0,0,0
2008,17,31,1,170940,1,5,2,2,1,1,4,1,5,2,1,2,2,2,2,1,2,2,2,2,3,2,2,2,2,1,2,2,2,2,2,0,0,0
2008,17,31,1,170941,1,5,2,2,1,1,4,1,4,2,2,2,2,2,2,2,2,2,2,2,1,1,1,1,1,2,2,1,2,1,2,0,0,0
2008,17,91,1,170942,1,5,2,2,1,1,3,1,1,1,1,2,1,2,2,2,1,2,2,2,3,2,2,2,2,2,2,2,2,2,2,0,0,0
2008,17,197,1,170943,1,5,2,2,1,2,5,2,1,2,1,1,1,2,2,2,1,2,2,2,3,2,2,2,2,2,2,2,2,2,2,0,0,0
2008,17,31,1,170944,1,5,2,2,1,2,4,2,1,1,2,2,1,2,2,2,1,2,2,2,3,2,2,2,2,2,2,2,2,2,2,0,0,0
2008,17,31,1,170945,1,5,2,2,4,2,4,2,1,1,2,2,1,2,2,2,2,2,2,2,2,2,2,2,2,2,1,1,1,2,2,0,0,0
2008,17,135,1,170946,1,5,2,2,4,1,6,1,1,1,2,2,1,2,2,1,2,2,1,2,3,2,2,1,1,2,2,1,2,2,2,0,0,0
2008,17,31,1,170947,1,5,2,2,4,2,4,2,1,2,2,2,1,2,2,1,2,2,1,2,1,2,2,2,2,2,1,1,1,2,2,0,0,0
2008,17,43,1,170948,1,5,1,2,1,2,3,2,1,2,2,2,1,2,2,2,1,2,2,2,2,2,2,2,2,2,2,2,2,2,2,0,0,0
2008,17,31,2,170949,1,5,2,2,4,2,6,2,1,2,2,2,1,2,2,2,2,2,2,2,1,2,2,2,2,2,1,1,1,2,2,0,0,0
2008,17,1,1,170950,1,5,1,2,1,2,3,2,3,2,1,2,2,2,2,2,2,2,2,2,3,2,2,2,2,1,2,2,2,2,2,0,0,0
2008,17,91,1,170951,1,5,1,2,4,2,5,2,1,2,1,2,1,2,2,1,2,2,1,2,1,2,2,2,2,2,2,2,1,2,2,0,0,0
2008,17,7,1,170952,1,5,1,2,1,2,4,2,3,1,1,2,3,2,2,2,2,2,2,2,3,2,2,2,2,1,2,2,2,2,2,0,0,0
2008,17,31,1,170953,1,5,2,2,4,2,5,2,1,2,2,2,1,2,2,2,2,2,2,2,1,2,2,2,2,2,2,2,1,1,2,0,0,0
2008,17,119,1,170954,1,5,2,2,1,2,3,2,1,2,2,2,1,2,2,2,1,2,2,2,1,2,2,2,2,2,2,2,2,2,2,0,0,0
2008,17,93,1,170955,1,5,2,2,4,2,4,2,1,2,1,2,1,2,2,2,2,2,1,2,1,2,2,2,2,2,2,2,1,2,2,0,0,0
2008,17,19,2,170956,1,5,1,2,4,1,5,1,1,2,1,2,1,2,2,2,2,2,2,2,1,2,2,2,2,2,2,2,2,2,2,0,0,0
2008,17,175,1,170957,1,5,1,2,4,2,5,2,1,2,2,2,1,2,2,1,2,2,2,2,1,2,2,2,2,2,2,2,1,2,2,0,0,0
2008,17,91,1,170958,1,5,2,2,4,2,3,2,1,1,1,2,1,2,2,1,2,2,1,2,1,2,2,2,2,2,2,2,1,2,2,0,0,0
2008,17,97,1,170959,1,5,2,2,1,1,4,1,4,1,1,2,2,2,2,2,2,2,2,2,2,2,2,2,2,1,2,2,2,2,2,0,0,0
2008,17,199,2,170960,1,5,1,2,4,2,6,2,1,2,2,2,1,2,2,2,2,2,2,2,1,2,2,2,2,2,1,1,1,2,2,0,0,0
2008,17,49,2,170961,1,5,1,1,1,2,1,3,3,1,1,2,3,1,2,1,2,2,1,2,3,2,2,2,2,2,1,1,2,2,2,0,0,0
2008,17,19,1,170962,1,5,2,1,1,2,1,3,3,1,1,2,3,2,2,2,2,2,2,2,3,2,2,2,2,2,1,1,2,2,2,0,0,0
2008,17,163,1,170963,1,5,2,2,1,2,3,2,4,2,1,2,2,2,2,1,2,2,2,2,3,1,1,1,1,2,2,1,2,2,2,0,0,0
2008,17,49,1,170964,1,5,1,1,4,2,1,2,1,1,1,2,1,2,2,1,2,2,1,2,2,1,1,1,1,2,2,1,1,2,2,0,0,0
2008,17,31,1,170965,1,5,2,2,4,2,6,2,1,2,1,2,1,2,2,2,2,2,2,2,1,2,2,2,2,2,2,2,1,2,2,0,0,0
2008,17,31,1,170966,1,5,2,2,1,1,3,1,4,2,2,2,3,2,2,2,2,2,2,2,1,1,1,1,1,2,1,1,2,2,2,0,0,0
2008,17,31,1,170967,1,5,2,2,1,1,5,1,2,2,2,2,2,2,2,2,2,2,2,2,1,2,2,2,2,2,2,2,2,2,2,0,0,0
2008,17,31,1,170968,1,5,2,2,1,1,3,1,1,2,1,2,1,1,2,2,1,2,2,2,2,2,2,2,2,2,2,2,2,2,2,0,0,0
2008,17,31,1,170969,1,5,2,2,4,2,4,2,5,2,1,2,2,2,2,2,2,2,2,2,1,2,2,2,2,2,2,2,2,2,2,0,0,0
2008,17,135,1,170970,1,5,2,2,1,1,4,1,4,1,1,2,2,2,2,2,2,2,1,2,3,2,2,2,2,2,1,1,2,2,2,0,0,0
2008,17,135,1,170971,1,5,1,2,1,2,3,2,3,1,1,2,2,2,2,1,2,2,2,2,3,2,2,2,2,1,2,2,2,2,2,0,0,0
2008,17,91,1,170972,1,5,2,2,1,1,3,1,4,1,1,2,2,2,2,2,2,2,2,2,3,2,2,2,2,2,2,2,2,2,2,0,0,0
2008,17,31,2,170973,1,5,2,2,4,2,5,2,1,2,1,2,1,2,2,2,2,2,2,2,2,1,1,1,1,2,2,1,1,2,2,0,0,0
2008,17,113,1,170974,1,5,2,2,1,2,5,2,3,1,1,2,2,2,2,1,2,2,2,2,3,2,2,2,2,1,1,1,2,2,2,0,0,0
2008,17,179,1,170975,1,5,2,2,4,2,6,2,5,1,2,2,1,2,2,2,2,2,2,2,2,2,2,2,2,1,2,2,2,2,2,0,0,0
2008,17,93,1,170976,1,5,2,2,4,2,6,2,1,1,1,2,1,2,2,1,2,2,2,2,1,2,2,2,2,2,2,2,1,2,2,0,0,0
2008,17,89,1,170977,1,5,2,2,4,2,6,2,1,1,2,2,1,2,2,2,2,2,1,2,3,2,2,2,2,2,2,2,1,2,2,0,0,0
2008,17,31,1,170978,1,5,2,2,1,2,3,2,1,2,2,1,1,2,2,1,1,2,2,2,1,1,1,1,1,2,2,1,2,2,2,0,0,0
2008,17,199,2,170979,1,5,2,2,1,2,5,2,3,2,1,2,2,2,2,2,2,2,2,2,1,2,2,1,1,2,1,1,2,2,2,0,0,0
2008,17,119,1,170980,1,5,2,2,1,2,4,3,1,1,1,2,1,2,2,2,2,2,2,2,3,2,2,2,2,2,2,2,2,2,2,0,0,0
2008,17,119,1,170981,1,5,2,2,1,2,4,2,1,2,2,2,1,2,1,2,2,2,2,2,3,2,2,2,2,2,2,2,2,1,2,0,0,0
2008,17,111,1,170982,1,5,2,2,1,2,3,2,1,2,2,2,1,2,2,1,1,2,2,2,1,2,2,2,2,2,2,2,2,1,2,0,0,0
2008,17,169,1,170983,1,5,1,2,4,2,5,2,1,1,1,2,1,2,2,2,2,2,2,2,3,2,2,2,2,1,2,2,1,2,2,0,0,0
2008,18,83,1,180001,1,5,1,2,1,2,4,2,3,1,1,2,2,1,2,2,2,2,2,2,2,2,2,2,2,2,2,2,1,2,2,0,0,0
2008,18,81,1,180002,1,5,1,2,4,2,6,2,1,2,1,2,1,2,2,2,2,2,1,2,2,2,2,2,2,2,2,2,1,2,2,0,0,0
2008,18,95,1,180003,1,5,2,2,4,2,6,2,1,2,1,2,1,2,2,2,2,2,1,2,1,2,2,2,2,2,2,2,1,2,2,0,0,0
2008,18,35,1,180004,1,5,2,2,4,2,6,2,1,2,2,2,1,2,2,2,2,2,1,2,1,2,2,2,2,2,2,2,1,2,2,0,0,0
2008,18,3,1,180005,1,5,2,2,4,2,6,2,1,1,1,2,1,2,2,1,2,2,2,2,2,1,1,1,1,2,2,1,1,2,2,0,0,0
2008,18,19,1,180006,1,5,1,2,2,2,6,2,4,1,1,2,1,2,2,1,2,2,2,2,2,2,2,2,2,2,2,2,1,2,2,0,0,0
2008,18,63,1,180007,1,5,1,1,4,2,1,2,1,2,2,2,1,2,2,2,2,2,1,2,2,2,2,2,2,2,2,2,1,2,2,0,0,0
2008,18,167,1,180008,1,5,1,2,1,2,4,2,1,2,2,2,1,2,2,2,1,2,2,2,2,2,2,2,2,2,2,2,2,2,2,0,0,0
2008,18,97,1,180009,1,5,1,2,4,2,6,2,1,2,2,2,1,2,2,1,2,2,2,2,2,2,2,2,2,2,2,2,1,2,2,0,0,0
2008,18,163,1,180010,1,5,1,2,1,1,6,1,1,2,1,2,1,2,2,2,1,2,2,2,2,2,2,2,2,2,2,2,2,2,2,0,0,0
2008,18,19,1,180011,1,5,1,2,4,2,5,2,1,1,1,2,1,2,2,2,2,2,2,2,2,2,2,2,2,2,2,2,1,2,2,0,0,0
2008,18,151,2,180012,1,5,1,1,4,2,1,2,1,2,1,2,1,2,2,1,2,2,1,2,2,2,2,2,2,2,2,2,1,2,2,0,0,0
2008,18,157,1,180013,1,5,2,2,1,2,6,2,1,1,1,2,1,2,2,2,1,2,2,2,2,1,1,1,1,2,2,1,2,2,2,0,0,0
2008,18,177,1,180014,1,5,2,2,4,2,6,2,1,2,2,1,1,2,2,2,2,2,2,2,1,2,2,2,2,2,2,2,1,2,2,0,0,0
2008,18,175,1,180015,1,5,1,2,1,2,5,2,4,2,1,2,2,2,2,2,2,2,1,2,3,1,1,1,1,2,2,1,2,2,2,0,0,0
2008,18,127,1,180016,1,5,1,2,1,1,4,1,4,2,1,2,2,1,2,1,2,2,2,2,2,2,2,2,2,2,2,2,2,2,2,0,0,0
2008,18,49,1,180017,1,5,1,2,1,2,4,2,3,1,2,2,2,2,2,2,2,2,2,2,2,2,2,2,2,2,2,2,2,2,2,0,0,0
2008,18,117,1,180018,1,5,1,2,1,2,5,2,3,1,1,2,2,2,2,2,2,2,2,2,3,2,2,1,1,2,2,1,1,2,2,0,0,0
2008,18,115,1,180019,1,5,2,2,4,2,6,2,1,2,1,2,1,2,2,2,2,2,2,2,2,2,2,2,2,2,2,2,1,2,2,0,0,0
2008,18,3,1,180020,1,5,1,2,1,2,6,2,4,1,1,2,2,2,2,1,2,2,1,2,1,2,2,2,2,2,2,2,2,2,2,0,0,0
2008,18,97,1,180021,1,5,1,2,4,2,6,2,1,2,1,2,1,2,2,2,2,2,2,2,2,2,2,2,2,2,2,2,1,2,2,0,0,0
2008,18,127,1,180022,1,5,1,2,4,2,5,2,1,2,1,2,1,2,2,1,2,2,2,2,2,2,2,2,2,2,2,2,1,2,2,0,0,0
2008,18,79,1,180023,1,5,2,2,4,2,6,2,3,1,1,2,2,2,2,1,2,2,1,2,2,2,2,2,2,1,2,2,1,2,2,0,0,0
2008,18,99,1,180024,1,5,1,2,1,1,4,1,4,1,1,2,2,1,2,2,2,2,2,2,3,2,2,2,2,2,2,2,2,2,2,0,0,0
2008,18,141,1,180025,1,5,1,2,1,2,6,3,1,2,2,2,1,2,2,2,2,2,2,2,3,2,2,2,2,1,2,2,2,2,2,0,0,0
2008,18,143,1,180026,1,5,1,1,1,2,1,2,2,1,1,2,3,1,2,1,2,2,2,2,2,2,2,2,2,2,2,2,2,2,2,0,0,0
2008,18,3,1,180027,1,5,1,2,1,1,6,1,1,2,1,2,1,2,2,2,2,1,2,2,2,1,1,1,1,2,2,1,2,2,2,0,0,0
2008,18,45,1,180028,1,5,1,1,1,2,1,2,4,2,1,2,2,1,2,1,2,2,2,2,2,2,2,2,2,1,2,2,1,2,2,0,0,0
2008,18,35,1,180029,1,5,1,2,4,2,6,3,1,1,1,2,1,2,2,2,2,2,2,2,2,2,2,2,2,2,1,1,2,2,2,0,0,0
2008,18,19,1,180030,1,5,1,2,1,2,5,2,3,1,1,2,2,2,2,2,2,2,2,2,2,2,2,2,2,1,2,2,1,2,2,0,0,0
2008,18,49,1,180031,1,5,1,2,4,2,4,2,1,2,2,2,1,2,2,2,2,2,2,1,2,2,2,2,2,2,2,2,1,2,2,0,0,0
2008,18,143,1,180032,1,5,1,1,1,2,1,2,4,1,1,2,2,1,2,2,2,2,2,2,2,2,2,2,2,2,1,1,1,1,2,0,0,0
2008,18,43,1,180033,1,5,1,2,1,2,5,2,3,2,1,2,2,2,2,2,2,2,2,2,2,1,1,1,1,2,2,1,1,2,2,0,0,0
2008,18,105,1,180034,1,5,1,2,1,2,6,2,1,1,1,2,1,2,2,2,1,2,2,2,2,2,2,2,2,1,2,2,2,2,2,0,0,0
2008,18,97,1,180035,1,5,1,2,1,1,6,1,2,1,1,2,2,1,2,2,2,2,2,2,2,2,2,2,2,1,2,2,2,2,2,0,0,0
2008,18,99,1,180036,1,5,2,2,4,2,6,2,1,2,1,2,1,2,2,1,2,2,2,2,2,2,2,2,2,2,2,2,1,2,2,0,0,0
2008,18,91,1,180037,1,5,1,2,4,2,5,2,1,2,2,2,1,2,2,1,2,2,1,2,1,2,2,2,2,2,1,1,1,2,2,0,0,0
2008,18,97,1,180038,1,5,1,2,1,2,6,2,4,2,2,2,2,2,2,2,2,2,2,2,1,2,2,2,2,2,2,2,2,2,2,0,0,0
2008,18,79,1,180039,1,5,2,2,4,2,6,2,1,1,1,2,1,2,2,2,2,2,2,2,2,2,2,2,2,2,2,2,1,2,2,0,0,0
2008,18,171,2,180040,1,5,1,2,1,1,5,1,4,1,1,2,2,1,2,2,2,2,2,2,2,2,2,2,2,2,2,2,2,2,2,0,0,0
2008,18,111,1,180041,1,5,2,2,4,2,6,2,1,1,2,2,1,2,2,2,2,2,2,2,2,2,2,2,2,1,2,2,1,2,2,0,0,0
2008,18,33,1,180042,1,5,1,2,4,2,6,2,1,2,1,2,1,2,2,2,2,2,2,2,1,2,2,2,2,2,2,2,1,2,2,0,0,0
2008,18,39,1,180043,1,5,2,2,4,2,6,2,1,1,1,2,1,2,2,1,2,2,1,2,2,1,1,1,1,2,2,1,1,2,2,0,0,0
2008,18,139,1,180044,1,5,2,2,4,2,6,2,1,1,1,2,1,2,2,2,2,2,2,2,1,2,2,2,2,2,2,2,1,2,2,0,0,0
2008,18,133,1,180045,1,5,2,2,4,2,6,2,1,1,1,2,1,2,2,2,2,2,1,2,3,2,2,2,2,2,2,2,1,2,2,0,0,0
2008,18,139,1,180046,1,5,1,2,1,2,4,2,3,1,1,2,2,2,2,1,2,2,1,2,2,2,2,2,2,2,2,2,2,2,2,0,0,0
2008,18,127,1,180047,1,5,1,1,2,2,1,2,1,1,2,1,1,1,2,2,1,2,2,2,3,2,2,2,2,2,2,2,2,2,2,0,0,0
2008,18,97,1,180048,1,5,1,2,4,2,6,2,1,2,2,2,1,2,1,1,2,2,2,2,1,2,2,2,2,2,2,2,1,2,2,0,0,0
2008,18,3,1,180049,1,5,1,2,1,2,5,2,1,2,1,2,1,2,2,2,1,2,2,2,2,2,2,2,2,2,1,1,2,2,2,0,0,0
2008,18,53,1,180050,1,5,2,2,4,2,6,2,1,1,1,2,1,2,2,1,2,2,1,2,2,2,2,1,1,2,2,1,1,1,2,0,0,0
2008,18,65,2,180052,1,5,2,2,4,2,6,2,1,2,2,2,1,2,2,1,2,2,2,2,3,1,1,1,1,2,2,1,1,2,2,0,0,0
2008,18,89,1,180053,1,5,1,2,4,2,6,3,1,2,2,2,1,2,2,2,2,2,1,2,1,2,2,2,2,2,2,2,1,2,2,0,0,0
2008,18,163,1,180054,1,5,2,2,4,2,5,2,1,1,2,2,1,2,2,2,2,2,2,2,2,2,2,2,2,2,2,2,1,2,2,0,0,0
2008,18,5,1,180055,1,5,1,2,1,1,6,1,4,1,1,2,2,2,2,2,2,2,2,2,3,2,2,2,2,1,2,2,2,2,2,0,0,0
2008,18,79,1,180056,1,5,2,2,4,1,6,1,1,2,2,2,1,2,2,2,2,2,1,2,1,2,2,2,2,2,2,2,2,2,2,0,0,0
2008,18,111,1,180057,1,5,1,2,4,1,5,1,1,2,1,2,1,2,2,1,2,2,2,2,1,2,2,2,2,2,2,2,2,2,2,0,0,0
2008,18,109,2,180058,1,5,1,2,1,2,5,2,3,1,1,2,2,2,2,2,2,2,2,2,2,2,2,2,2,2,2,2,1,2,2,0,0,0
2008,18,97,1,180059,1,5,2,1,4,2,1,2,1,2,2,2,1,2,2,1,2,2,2,2,1,2,2,2,2,2,2,2,1,2,2,0,0,0
2008,18,23,1,180060,1,5,1,2,1,2,6,2,1,2,2,2,1,2,2,2,1,2,2,2,2,2,2,2,2,2,2,2,2,2,2,0,0,0
2008,18,63,1,180061,1,5,2,2,1,2,5,2,4,1,1,2,2,2,2,2,2,2,2,2,3,1,1,1,1,2,2,1,1,2,2,0,0,0
2008,18,109,1,180062,1,5,1,2,1,2,5,2,3,1,1,2,2,2,2,2,2,2,2,2,3,2,2,2,2,2,2,2,2,2,2,0,0,0
2008,18,97,1,180063,1,5,1,2,1,2,6,2,1,2,2,1,1,2,2,2,1,2,2,2,2,2,2,2,2,2,2,2,2,2,2,0,0,0
2008,18,7,1,180064,1,5,1,2,1,2,4,2,2,1,1,2,3,1,2,1,2,2,2,2,3,2,2,2,2,2,2,2,2,2,2,0,0,0
2008,18,97,1,180065,1,5,1,2,4,2,6,2,1,2,2,2,1,2,2,2,2,2,1,2,1,2,2,2,2,2,2,2,1,1,2,0,0,0
2008,18,89,1,180066,1,5,2,1,1,2,1,2,2,1,1,2,2,1,2,2,2,2,2,2,2,2,2,2,2,2,2,2,2,2,2,0,0,0
2008,18,53,1,180067,1,5,1,1,1,2,1,2,3,2,1,2,2,1,2,1,2,2,2,2,1,2,2,2,2,2,2,2,1,2,2,0,0,0
2008,18,7,1,180068,1,5,1,2,1,2,5,2,3,1,1,2,2,2,2,2,2,2,2,2,1,2,2,2,2,2,2,2,1,2,2,0,0,0
2008,18,107,1,180069,1,5,2,2,4,1,4,1,1,1,1,2,1,2,2,2,2,2,2,2,2,2,2,2,2,2,2,2,2,2,2,0,0,0
2008,18,103,1,180071,1,5,1,2,1,1,4,1,4,1,1,2,2,1,2,1,2,2,2,2,3,2,2,2,2,2,2,2,2,2,2,0,0,0
2008,18,85,1,180072,1,5,1,2,1,2,5,2,3,2,2,2,2,2,2,2,2,2,2,2,2,2,2,2,2,2,2,2,1,2,2,0,0,0
2008,18,87,1,180073,1,5,1,1,1,2,1,2,3,1,1,2,2,1,2,2,2,2,2,2,2,2,2,2,2,1,2,2,1,2,2,0,0,0
2008,18,107,1,180074,1,5,1,1,4,2,1,2,1,1,1,2,2,1,2,1,2,2,2,2,2,2,2,2,2,2,2,2,1,2,2,0,0,0
2008,18,127,1,180075,1,5,2,2,1,2,6,2,3,1,1,2,2,2,2,2,2,2,2,2,2,2,2,2,2,2,2,2,1,2,2,0,0,0
2008,18,131,2,180076,1,5,1,2,4,2,5,2,1,2,1,2,1,2,2,2,2,2,1,2,1,2,2,1,1,2,2,1,1,2,2,0,0,0
2008,18,91,1,180077,1,5,1,1,1,2,1,2,1,2,1,2,3,1,2,1,2,2,2,2,2,2,2,2,2,2,2,2,2,2,2,0,0,0
2008,18,183,1,180078,1,5,2,2,4,2,6,2,1,2,1,2,1,2,2,2,2,2,1,2,2,1,1,1,1,2,2,1,1,2,2,0,0,0
2008,18,165,1,180079,1,5,2,2,1,2,6,2,3,1,1,2,2,2,2,1,2,2,2,2,2,2,2,2,2,2,2,2,1,2,2,0,0,0
2008,18,147,1,180080,1,5,1,2,4,2,5,2,1,2,2,2,1,2,2,2,2,2,1,2,2,2,2,2,2,2,2,2,1,2,2,0,0,0
2008,18,97,1,180081,1,5,1,2,1,2,6,2,3,1,1,2,2,1,2,2,2,2,2,2,2,2,2,2,2,2,2,2,1,2,2,0,0,0
2008,18,67,1,180082,1,5,1,2,1,2,5,2,4,1,1,2,2,2,2,2,2,2,2,2,2,2,2,2,2,2,2,2,2,2,2,0,0,0
2008,18,89,1,180083,1,5,1,2,4,2,6,2,1,2,1,2,1,2,2,1,2,2,2,2,1,2,2,2,2,2,2,2,1,2,2,0,0,0
2008,18,85,1,180084,1,5,2,2,4,2,6,2,1,2,2,2,1,2,2,2,2,2,2,2,2,2,2,2,2,2,1,1,1,2,2,0,0,0
2008,18,107,1,180085,1,5,1,2,1,2,4,2,4,2,1,2,2,2,2,2,2,2,2,2,2,2,2,1,1,2,2,1,1,2,2,0,0,0
2008,18,143,1,180086,1,5,1,2,1,2,5,2,4,2,2,2,2,2,2,1,2,2,2,2,3,2,2,2,2,2,1,1,1,2,2,0,0,0
2008,18,39,1,180087,1,5,2,2,1,2,6,2,3,2,1,2,2,2,2,1,2,2,2,2,2,2,2,2,2,2,2,2,1,2,2,0,0,0
2008,18,71,1,180088,1,5,1,2,4,2,5,2,1,2,2,2,1,2,2,2,2,2,2,2,2,1,1,1,1,2,2,1,1,2,2,0,0,0
2008,18,33,1,180089,1,5,1,1,4,2,1,2,1,2,1,2,1,2,2,2,2,2,1,2,3,2,2,2,2,2,2,2,1,2,2,0,0,0
2008,18,97,1,180090,1,5,1,2,1,2,6,2,3,2,2,2,2,2,2,2,2,2,2,2,1,2,2,2,2,2,1,1,1,2,2,0,0,0
2008,18,81,2,180091,1,5,2,2,4,1,6,1,1,1,1,2,1,2,2,2,2,2,2,2,2,1,1,1,1,2,2,1,2,2,2,0,0,0
2008,18,89,1,180092,1,5,1,2,4,1,6,1,1,1,2,2,1,2,2,1,2,2,2,2,2,1,1,1,1,2,2,1,2,2,2,0,0,0
2008,18,25,1,180093,1,5,1,2,4,2,5,2,1,1,1,2,1,2,1,2,2,2,2,2,1,2,2,2,2,2,2,2,1,2,2,0,0,0
2008,18,91,1,180094,1,5,2,2,1,2,6,2,3,1,1,2,2,2,2,2,2,2,2,2,3,2,2,2,2,1,2,2,1,2,2,0,0,0
2008,18,97,1,180095,1,5,1,2,4,2,6,2,1,2,2,2,1,2,2,1,2,2,1,2,1,2,2,2,2,2,1,1,1,2,2,0,0,0
2008,18,99,1,180096,1,5,1,2,1,2,4,2,1,2,1,2,1,2,2,2,2,1,2,2,2,1,1,1,1,2,2,1,2,1,2,0,0,0
2008,18,85,1,180097,1,5,1,2,1,1,6,1,4,1,1,2,2,2,2,2,2,2,2,2,2,2,2,2,2,1,2,2,2,2,2,0,0,0
2008,18,97,1,180098,1,5,1,2,4,2,6,2,1,2,2,2,1,2,2,1,2,2,2,2,1,2,2,2,2,2,1,1,1,2,2,0,0,0
2008,18,57,1,180099,1,5,2,2,1,1,6,1,4,1,1,2,3,1,2,2,2,2,2,2,2,1,1,1,1,2,2,1,2,2,2,0,0,0
2008,18,69,1,180100,1,5,1,2,4,2,5,2,1,2,1,2,1,2,2,1,2,2,1,2,3,2,2,2,2,1,2,2,1,2,2,0,0,0
2008,18,55,1,180101,1,5,2,2,4,2,6,3,1,1,1,2,1,2,2,2,2,2,2,2,2,2,2,2,2,2,2,2,2,2,2,0,0,0
2008,18,89,1,180102,1,5,1,2,1,1,6,1,1,2,2,1,1,2,2,2,1,2,2,2,3,2,2,2,2,2,2,2,2,2,2,0,0,0
2008,18,89,1,180103,1,5,2,2,4,1,6,1,1,2,2,2,1,2,2,2,2,2,1,2,3,2,2,2,2,2,2,2,2,2,2,0,0,0
2008,18,113,2,180104,1,5,1,2,1,2,5,2,3,1,1,2,2,2,2,1,2,2,2,2,2,2,2,2,2,1,2,2,1,2,2,0,0,0
2008,18,147,1,180105,1,5,1,2,4,2,5,2,1,1,1,2,1,1,2,1,2,2,1,2,3,2,2,2,2,2,2,2,1,2,2,0,0,0
2008,18,97,1,180106,1,5,1,2,4,2,6,2,1,2,2,2,1,2,2,2,2,2,2,2,1,2,2,2,2,2,2,2,1,2,2,0,0,0
2008,18,43,1,180107,1,5,2,2,1,1,6,1,1,1,1,1,1,2,2,2,1,2,2,2,1,2,2,2,2,2,1,1,2,2,2,0,0,0
2008,18,111,3,180108,1,5,2,2,4,2,6,2,1,1,1,2,1,2,2,1,2,2,1,2,2,2,2,2,2,2,2,2,1,2,2,0,0,0
2008,18,39,1,180109,1,5,1,2,1,1,6,1,4,2,1,2,2,2,2,2,2,2,2,2,1,2,2,2,2,2,1,1,2,2,2,0,0,0
2008,18,119,1,180110,1,5,2,2,4,2,6,2,1,1,1,2,1,2,2,2,2,2,2,2,3,2,2,2,2,1,2,2,1,2,2,0,0,0
2008,18,51,1,180112,1,5,2,2,4,2,6,2,1,2,1,2,1,2,2,2,2,2,1,2,1,1,1,1,1,2,2,1,1,2,2,0,0,0
2008,18,43,1,180113,1,5,2,2,1,2,6,2,1,1,2,2,1,2,2,2,2,2,2,2,2,2,2,2,2,2,2,2,2,2,2,0,0,0
2008,18,117,1,180114,1,5,1,2,1,2,4,2,1,2,2,2,1,2,2,2,2,2,2,2,2,2,2,2,2,2,1,1,2,2,2,0,0,0
2008,18,127,1,180115,1,5,1,2,1,2,4,2,6,1,1,2,2,2,2,1,2,2,2,2,3,2,2,1,1,2,2,1,2,2,2,0,0,0
2008,18,97,1,180116,1,5,2,1,4,2,1,2,1,2,1,2,1,1,2,2,2,2,2,2,2,2,2,2,2,2,2,2,1,2,2,0,0,0
2008,18,61,1,180117,1,5,1,2,1,2,5,2,3,2,1,2,2,2,2,2,2,2,2,2,2,1,1,1,1,1,2,1,1,2,2,0,0,0
2008,18,95,1,180118,1,5,1,2,1,2,5,2,1,2,2,2,1,2,2,2,1,2,2,2,2,2,2,2,2,2,2,2,2,2,2,0,0,0
2008,18,19,1,180119,1,5,1,2,1,1,5,1,1,1,1,2,1,2,2,2,1,2,2,2,2,2,2,2,2,2,2,2,2,2,2,0,0,0
2008,18,63,1,180120,1,5,1,1,4,2,1,2,1,2,2,2,1,2,2,2,2,2,2,2,2,2,2,2,2,2,2,2,1,2,1,0,0,0
2008,18,141,1,180121,1,5,2,2,4,2,6,2,1,2,1,2,1,2,2,1,2,2,2,2,3,2,2,2,2,2,2,2,1,2,2,0,0,0
2008,18,141,1,180122,1,5,1,2,1,1,5,1,4,2,1,2,2,2,2,2,2,2,2,2,3,1,1,1,1,2,2,1,2,2,2,0,0,0
2008,18,81,1,180123,1,5,2,2,4,2,6,2,1,2,2,2,1,2,2,2,2,2,2,2,1,2,2,2,2,2,2,2,1,2,2,0,0,0
2008,18,23,1,180124,1,5,2,2,4,2,6,2,1,2,2,2,1,2,2,1,2,2,2,2,2,1,1,1,1,2,2,1,1,2,2,0,0,0
2008,18,39,1,180125,1,5,2,2,4,2,6,2,1,2,1,2,1,2,2,1,2,2,2,2,1,1,1,1,1,2,2,1,1,2,2,0,0,0
2008,18,97,1,180126,1,5,1,2,1,2,6,2,1,1,1,2,1,2,2,2,1,2,2,2,2,2,2,2,2,2,2,2,2,2,2,0,0,0
2008,18,55,1,180127,1,5,2,2,1,2,5,2,3,1,1,2,2,2,2,2,2,2,2,2,2,2,2,2,2,1,2,2,1,2,2,0,0,0
2008,18,51,1,180128,1,5,1,2,1,2,5,2,4,1,1,2,2,2,2,2,2,2,2,2,1,1,1,1,1,2,2,1,1,2,2,0,0,0
2008,18,97,1,180129,1,5,2,1,4,2,1,3,1,2,2,2,1,2,2,1,2,2,1,2,3,2,2,2,2,2,1,1,1,2,2,0,0,0
2008,18,153,1,180130,1,5,1,2,4,2,6,2,1,2,1,2,1,2,2,1,2,2,1,1,2,1,2,1,2,2,2,2,1,2,2,0,0,0
2008,18,97,1,180131,1,5,2,2,4,2,6,2,1,1,1,2,1,2,2,2,2,2,2,2,2,2,2,2,2,1,2,2,1,2,2,0,0,0
2008,18,97,1,180132,1,5,1,2,1,1,6,1,1,2,2,2,3,2,2,1,1,2,2,2,1,2,2,2,2,2,2,2,2,2,2,0,0,0
2008,18,89,1,180133,1,5,1,1,4,2,1,2,1,2,1,2,1,2,2,2,2,2,2,2,3,2,2,2,2,1,2,2,1,2,2,0,0,0
2008,18,127,1,180134,1,5,1,2,1,1,5,1,4,1,1,2,2,2,2,2,2,2,2,2,3,1,1,1,1,1,2,1,2,2,2,0,0,0
2008,18,127,1,180135,1,5,2,2,4,2,6,2,1,1,1,2,1,2,2,2,2,2,2,2,2,2,2,2,2,2,2,2,1,2,2,0,0,0
2008,18,127,1,180136,1,5,1,2,4,2,5,2,4,1,1,2,1,2,2,1,2,2,2,2,2,2,2,2,2,1,2,2,1,2,2,0,0,0
2008,18,39,1,180137,1,5,2,2,4,2,6,2,1,2,2,2,1,2,2,1,2,2,1,2,1,2,2,2,2,2,2,2,1,2,2,0,0,0
2008,18,17,2,180138,1,5,1,2,1,2,5,2,3,1,1,2,2,2,2,2,2,2,2,2,3,2,2,2,2,1,2,2,1,2,2,0,0,0
2008,18,167,1,180139,1,5,1,2,1,2,5,2,1,2,1,2,1,1,2,2,1,2,2,2,2,2,2,2,2,2,2,2,2,2,2,0,0,0
2008,18,79,1,180140,1,5,1,2,1,2,5,2,4,1,1,2,2,2,2,2,2,2,2,2,2,2,2,2,2,2,2,2,1,2,2,0,0,0
2008,18,39,1,180141,1,5,1,2,1,1,5,1,4,1,1,2,3,2,2,2,2,2,1,2,2,2,2,2,2,2,2,2,2,2,2,0,0,0
2008,18,3,1,180142,1,5,2,2,1,2,6,2,3,1,1,2,2,2,2,2,2,2,2,2,3,1,1,1,1,2,2,1,1,2,2,0,0,0
2008,18,95,2,180143,1,5,1,2,1,2,4,2,3,1,2,2,2,2,2,2,2,2,2,2,2,2,2,2,2,1,2,2,1,2,2,0,0,0
2008,18,135,1,180144,1,5,1,2,1,2,6,2,4,1,1,2,2,2,1,2,2,2,2,2,3,2,2,2,2,1,2,2,2,2,2,0,0,0
2008,18,169,1,180145,1,5,1,2,1,1,5,1,4,2,1,2,2,2,2,2,2,2,2,2,2,2,2,2,2,2,2,2,2,2,2,0,0,0
2008,18,153,1,180146,1,5,2,2,4,2,6,2,1,2,2,2,1,2,2,2,2,2,1,2,1,2,2,2,2,2,1,1,1,2,2,0,0,0
2008,18,11,1,180147,1,5,1,1,1,2,1,2,2,2,1,2,3,1,2,2,2,2,2,2,3,2,2,2,2,2,1,1,2,2,2,0,0,0
2008,18,121,1,180148,1,5,1,2,1,2,4,2,3,1,1,2,2,2,2,2,2,2,1,2,2,2,2,2,2,2,2,2,1,2,2,0,0,0
2008,18,151,1,180149,1,5,1,2,4,2,5,2,1,2,1,2,1,2,2,1,2,2,1,2,1,2,2,2,2,2,2,2,1,2,2,0,0,0
2008,18,167,1,180150,1,5,2,2,4,2,6,2,1,1,2,2,1,2,2,1,2,2,2,2,2,2,2,2,2,2,1,1,1,2,2,0,0,0
2008,18,87,1,180151,1,5,2,2,1,2,4,2,1,2,2,2,1,2,2,2,2,2,2,2,2,2,2,2,2,2,2,2,2,2,2,0,0,0
2008,18,125,2,180152,1,5,1,2,1,2,5,2,3,1,1,2,2,2,2,2,2,2,2,2,2,2,2,2,2,1,2,2,1,2,2,0,0,0
2008,18,103,1,180153,1,5,1,2,1,1,4,1,4,2,1,2,2,2,1,2,2,2,2,2,3,2,2,2,2,2,2,2,2,2,2,0,0,0
2008,18,105,1,180154,1,5,1,2,2,2,5,2,1,2,2,2,1,2,2,2,2,2,1,2,1,2,2,2,2,2,2,2,1,2,2,0,0,0
2008,18,89,1,180155,1,5,1,1,1,2,1,2,5,1,1,2,2,2,2,2,2,2,1,2,2,2,2,2,2,2,2,2,2,2,2,0,0,0
2008,18,155,2,180156,1,5,1,2,1,2,5,2,2,1,1,2,2,1,2,2,2,2,2,2,2,2,2,2,2,1,2,2,2,2,2,0,0,0
2008,18,97,1,180157,1,5,1,2,1,1,6,1,5,2,1,2,2,2,2,1,2,2,1,2,3,2,2,2,2,2,1,1,2,2,2,0,0,0
2008,18,13,1,180159,1,5,1,2,1,2,5,2,2,1,2,2,2,2,1,2,2,2,2,2,3,2,2,2,2,2,2,2,2,2,2,0,0,0
2008,18,175,1,180160,1,5,2,2,1,1,5,1,1,1,1,2,1,1,2,2,1,2,2,2,2,2,2,2,2,2,2,2,2,2,2,0,0,0
2008,18,89,2,180161,1,5,1,2,4,2,6,3,1,2,1,2,1,2,2,2,2,2,2,2,2,2,2,2,2,2,2,2,2,2,2,0,0,0
2008,18,165,1,180162,1,5,1,2,1,2,5,2,4,1,1,2,2,1,2,1,2,2,1,2,2,2,2,2,2,2,1,1,2,2,2,0,0,0
2008,18,45,1,180163,1,5,1,2,4,2,4,2,1,1,1,2,1,2,2,2,2,2,1,2,3,2,2,2,2,1,2,2,1,2,2,0,0,0
2008,18,165,1,180164,1,5,2,2,4,2,6,2,1,1,1,2,1,2,2,2,2,2,2,2,2,2,2,2,2,2,2,2,1,2,2,0,0,0
2008,18,43,1,180165,1,5,1,2,4,2,5,2,1,2,2,2,1,2,2,2,2,2,2,2,1,2,2,2,2,2,2,2,1,2,2,0,0,0
2008,18,75,1,180166,1,5,2,2,1,1,6,1,4,1,1,2,2,2,2,2,2,2,2,2,1,2,2,2,2,2,2,2,2,2,2,0,0,0
2008,18,145,1,180167,1,5,2,2,1,2,6,2,4,1,2,2,2,2,2,2,2,2,2,2,2,1,1,1,1,2,2,1,1,2,2,0,0,0
2008,18,97,1,180168,1,5,1,2,4,2,6,2,1,2,2,2,1,2,1,2,2,2,2,2,1,2,2,2,2,2,2,2,1,2,2,0,0,0
2008,18,11,1,180169,1,5,2,2,4,2,6,2,1,1,1,2,1,2,2,2,2,2,2,2,3,1,1,1,1,2,2,1,1,2,2,0,0,0
2008,18,133,1,180170,1,5,1,1,1,2,1,2,4,1,1,2,2,1,2,2,2,2,2,2,3,1,1,1,1,1,2,1,1,2,2,0,0,0
2008,18,89,1,180171,1,5,2,2,1,2,4,2,2,1,1,2,3,2,1,2,2,2,2,2,2,2,2,2,2,2,2,2,2,2,2,0,0,0
2008,18,91,1,180172,1,5,2,2,4,2,6,2,1,1,1,2,1,2,1,1,2,2,2,2,3,2,2,2,2,2,2,2,1,2,2,0,0,0
2008,18,97,1,180173,1,5,1,2,1,2,6,2,5,2,2,2,2,2,1,2,2,2,2,2,3,2,2,2,2,2,2,2,1,2,2,0,0,0
2008,18,65,1,180174,1,5,1,2,4,2,4,2,1,1,1,2,1,2,2,2,2,2,1,2,2,2,2,2,2,2,2,2,1,2,1,0,0,0
2008,18,47,1,180175,1,5,1,2,1,2,5,2,3,1,1,2,2,2,2,2,2,2,1,2,2,2,2,2,2,2,2,2,1,2,1,0,0,0
2008,18,47,1,180176,1,5,1,2,1,1,5,1,4,2,2,2,3,2,2,2,2,2,2,2,1,2,2,2,2,2,2,2,2,2,2,0,0,0
2008,18,141,1,180177,1,5,2,2,1,2,6,2,3,1,2,2,2,2,2,2,2,2,2,2,3,1,1,1,1,2,2,1,1,2,2,0,0,0
2008,18,35,1,180178,1,5,1,2,1,2,5,2,2,1,1,2,3,1,2,1,2,2,2,2,3,2,2,2,2,2,2,2,2,2,2,0,0,0
2008,18,19,1,180179,1,5,1,2,1,1,6,1,3,1,1,2,3,2,2,2,2,2,2,2,3,2,2,2,2,1,1,1,2,2,2,0,0,0
2008,18,3,2,180180,1,5,1,2,4,2,6,2,1,2,1,2,1,2,1,1,2,2,2,2,2,2,2,2,2,2,2,2,1,2,2,0,0,0
2008,18,67,1,180181,1,5,2,2,1,2,6,2,4,1,2,2,2,2,2,2,2,2,2,2,2,2,2,2,2,1,2,2,2,2,2,0,0,0
2008,18,63,1,180183,1,5,2,2,1,2,6,2,1,1,2,2,1,2,2,2,1,2,2,2,2,2,2,2,2,2,2,2,2,2,2,0,0,0
2008,18,157,1,180184,1,5,1,1,4,2,1,2,6,2,2,2,1,2,2,2,2,2,2,2,2,2,2,2,2,2,1,1,1,2,2,0,0,0
2008,18,53,1,180185,1,5,1,2,1,2,6,3,1,1,1,2,1,2,2,2,2,2,2,2,3,2,2,2,2,2,2,2,2,2,2,0,0,0
2008,18,15,1,180186,1,5,1,2,1,2,5,2,3,1,1,2,2,2,2,1,2,2,2,2,1,1,1,1,1,2,2,1,1,2,2,0,0,0
2008,18,25,1,180187,1,5,1,2,2,2,5,2,1,1,2,2,1,2,2,2,2,2,2,2,3,2,2,2,2,1,2,2,1,2,2,0,0,0
2008,18,79,1,180188,1,5,1,2,1,1,5,1,4,1,1,2,2,1,2,2,2,2,2,2,3,1,1,1,1,2,2,1,2,2,2,0,0,0
2008,18,97,2,180189,1,5,1,2,1,1,6,1,4,1,1,2,3,2,2,1,2,1,2,1,3,2,2,2,2,2,2,2,2,2,2,0,0,0
2008,18,91,1,180190,1,5,1,2,1,2,4,2,5,1,1,2,2,2,2,2,2,2,1,2,3,1,1,1,1,2,2,1,1,2,2,0,0,0
2008,18,89,4,180191,1,5,2,2,1,1,6,1,4,2,1,2,3,2,2,1,2,2,2,2,1,2,2,2,2,2,2,2,2,2,2,0,0,0
2008,18,97,2,180192,1,5,1,2,1,1,6,1,4,1,2,2,2,2,2,2,2,2,2,2,1,2,2,2,2,2,2,2,2,2,2,0,0,0
2008,18,89,1,180193,1,5,1,2,1,1,6,1,4,1,1,2,2,2,2,2,2,2,2,2,3,2,2,2,2,1,2,2,2,2,2,0,0,0
2008,18,183,1,180194,1,5,1,2,1,1,4,1,2,1,2,2,3,1,2,1,2,2,2,2,3,2,2,2,2,2,2,2,2,2,2,0,0,0
2008,18,171,1,180195,1,5,1,2,1,1,4,1,4,1,1,2,2,2,2,2,2,2,2,2,1,2,2,2,2,1,2,2,2,2,2,0,0,0
2008,18,151,1,180196,1,5,1,2,1,2,5,3,3,1,1,2,2,1,2,2,2,2,2,2,2,2,2,2,2,1,2,2,2,2,2,0,0,0
2008,18,41,1,180197,1,5,2,2,4,2,6,2,1,2,1,2,1,2,2,2,2,2,2,2,2,2,2,2,2,2,2,2,1,2,2,0,0,0
2008,18,57,1,180198,1,5,2,2,1,1,6,1,2,1,2,2,3,2,1,1,2,2,2,2,1,2,2,2,2,2,2,2,2,2,2,0,0,0
2008,18,63,1,180199,1,5,1,2,1,2,6,2,3,1,2,2,2,2,1,1,2,2,2,2,2,2,2,2,2,2,2,2,1,2,2,0,0,0
2008,18,31,1,180200,1,5,1,1,4,2,1,2,1,2,1,2,1,1,2,2,2,2,1,2,2,2,2,2,2,2,2,2,1,2,2,0,0,0
2008,18,57,1,180201,1,5,2,2,4,2,6,2,1,2,1,2,1,2,1,2,2,2,2,2,2,2,2,2,2,2,2,2,1,2,2,0,0,0
2008,18,141,1,180202,1,5,2,2,1,2,6,2,4,2,1,2,2,2,1,1,2,2,2,2,2,1,1,1,1,2,1,1,2,2,2,0,0,0
2008,18,121,2,180203,1,5,1,2,1,2,4,2,4,1,1,2,2,2,2,1,2,2,2,2,2,2,2,2,2,2,2,2,1,2,2,0,0,0
2008,18,3,1,180204,1,5,1,2,1,2,6,2,1,2,2,1,1,2,2,2,1,2,2,2,3,2,2,2,2,2,2,2,2,2,2,0,0,0
2008,18,127,1,180205,1,5,2,2,4,2,6,2,1,2,1,2,1,2,2,1,2,2,1,2,1,2,2,2,2,2,1,1,1,2,2,0,0,0
2008,18,173,2,180206,1,5,1,2,1,2,5,2,4,1,1,2,2,1,2,2,2,2,2,2,2,1,1,1,1,2,2,1,2,2,2,0,0,0
2008,18,97,1,180207,1,5,1,2,1,1,6,1,3,2,1,2,2,2,2,2,2,2,2,2,1,2,2,2,2,2,2,2,2,2,2,0,0,0
2008,18,97,1,180208,1,5,1,2,1,1,6,1,1,2,1,2,1,2,2,2,1,2,2,2,2,2,2,2,2,2,2,2,2,2,2,0,0,0
2008,18,91,3,180209,1,5,2,2,1,2,6,3,1,1,2,2,1,2,2,2,2,2,2,2,1,1,1,1,1,2,2,1,2,2,2,0,0,0
2008,18,147,1,180210,1,5,1,2,1,2,5,2,2,1,2,2,2,1,2,2,2,2,2,2,2,1,1,1,1,2,2,1,2,2,2,0,0,0
2008,18,37,1,180211,1,5,2,2,1,1,4,1,4,1,2,2,2,2,1,2,2,2,2,2,2,2,2,1,1,2,1,1,2,2,2,0,0,0
2008,18,141,2,180213,1,5,2,2,4,2,6,2,1,1,1,2,1,2,2,2,2,2,1,2,2,2,2,2,2,1,2,2,1,2,2,0,0,0
2008,18,175,1,180214,1,5,1,2,1,2,5,2,3,1,2,2,2,2,2,2,2,2,2,2,2,2,2,2,2,2,2,2,1,2,2,0,0,0
2008,18,23,1,180215,1,5,1,2,1,2,4,2,1,1,1,2,1,2,2,2,1,2,2,2,2,2,2,2,2,2,2,2,2,2,1,0,0,0
2008,18,167,1,180216,1,5,1,2,1,2,5,2,4,1,2,2,2,2,2,2,2,2,2,2,2,1,1,1,1,2,2,1,1,2,2,0,0,0
2008,18,157,1,180217,1,5,2,2,1,1,6,1,3,2,2,2,2,2,1,2,2,2,2,2,2,2,2,2,2,2,2,2,2,2,2,0,0,0
2008,18,31,1,180218,1,5,1,1,4,2,1,2,1,1,1,2,1,2,2,2,2,2,1,2,2,2,2,1,1,2,2,1,1,2,2,0,0,0
2008,18,39,1,180219,1,5,1,2,1,1,5,1,3,2,2,2,2,2,1,1,2,2,2,2,1,2,2,2,2,2,2,2,2,2,2,0,0,0
2008,18,97,1,180220,1,5,1,2,1,2,6,2,4,1,2,2,2,2,2,2,2,2,2,2,1,2,2,1,1,2,2,1,1,2,2,0,0,0
2008,18,97,1,180221,1,5,2,1,1,2,1,3,3,2,1,2,1,2,1,1,2,2,2,2,3,2,2,2,2,2,2,2,2,2,2,0,0,0
2008,18,63,1,180222,1,5,1,2,4,2,4,2,1,2,2,2,1,2,1,2,2,2,2,2,1,2,2,2,2,2,2,2,1,2,2,0,0,0
2008,18,127,1,180223,1,5,2,2,1,2,5,2,2,1,1,2,3,1,2,1,2,2,2,2,2,2,2,2,2,2,2,2,2,2,2,0,0,0
2008,18,173,1,180224,1,5,1,2,1,2,5,2,3,1,1,2,2,2,2,2,2,2,2,2,3,2,2,2,2,1,2,2,1,2,1,0,0,0
2008,18,3,1,180225,1,5,1,2,1,1,6,1,4,2,1,1,2,2,2,1,2,2,2,2,3,2,2,2,2,2,2,2,2,2,2,0,0,0
2008,18,97,1,180226,1,5,1,2,1,2,6,2,3,2,1,2,2,2,1,2,2,2,2,2,1,1,1,1,1,2,1,1,1,2,2,0,0,0
2008,18,141,1,180227,1,5,1,2,1,2,4,2,2,1,1,2,2,1,2,2,2,2,2,2,3,2,2,2,2,2,2,2,2,2,2,0,0,0
2008,18,89,1,180228,1,5,2,1,4,2,1,2,2,2,1,2,1,1,2,2,2,2,2,2,2,2,2,2,2,2,2,2,2,2,2,0,0,0
2008,18,127,1,180229,1,5,2,2,1,1,6,1,3,1,1,2,2,2,2,2,2,2,2,2,2,1,1,1,1,1,2,1,2,2,2,0,0,0
2008,18,3,1,180231,1,5,1,2,4,2,6,2,1,2,1,2,1,2,1,1,2,2,2,2,1,2,2,2,2,2,2,2,1,2,2,0,0,0
2008,18,119,1,180232,1,5,1,2,1,2,5,2,2,1,1,2,3,2,1,1,2,2,2,2,3,1,1,1,1,2,2,1,2,1,2,0,0,0
2008,18,3,1,180233,1,5,1,2,4,2,6,2,1,1,1,2,1,2,1,2,2,2,2,2,2,2,2,2,2,1,2,2,1,2,2,0,0,0
2008,18,89,1,180234,1,5,1,2,4,1,5,1,1,1,2,2,1,2,2,2,2,1,2,2,2,2,2,2,2,1,2,2,2,2,1,0,0,0
2008,18,93,1,180235,1,5,1,2,1,2,5,2,3,2,2,2,2,2,2,2,2,2,2,2,3,1,1,1,1,2,2,1,1,1,2,0,0,0
2008,18,49,1,180236,1,5,1,2,1,1,5,1,4,1,2,2,2,2,2,2,2,2,2,2,3,1,1,1,1,2,2,1,2,1,2,0,0,0
2008,18,39,1,180237,1,5,2,2,1,1,6,1,4,1,1,2,2,2,1,2,2,2,2,2,2,2,2,2,2,2,2,2,2,2,2,0,0,0
2008,18,31,2,180238,1,5,2,2,1,1,5,1,4,2,2,2,2,1,2,2,2,2,1,2,1,2,2,2,2,2,2,2,2,2,2,0,0,0
2008,18,53,1,180239,1,5,1,2,1,1,6,1,4,2,2,2,2,1,1,1,2,2,2,2,3,1,1,1,1,2,2,1,2,2,2,0,0,0
2008,18,3,1,180240,1,5,1,2,4,1,6,1,1,1,1,2,1,2,1,2,2,2,2,2,2,1,1,1,1,2,2,1,2,1,2,0,0,0
2008,18,97,1,180242,1,5,1,2,1,1,6,1,1,2,1,2,1,2,1,1,2,2,2,2,1,2,2,2,2,2,2,2,2,2,2,0,0,0
2008,18,71,1,180244,1,5,1,2,1,2,6,2,2,2,1,2,2,2,1,2,2,2,2,2,1,2,2,2,2,2,2,2,2,2,2,0,0,0
2008,18,5,1,180245,1,5,1,2,1,1,5,1,4,1,1,2,2,1,2,2,2,2,2,2,2,2,2,2,2,2,2,2,2,2,2,0,0,0
2008,18,39,1,180246,1,5,2,2,4,2,6,2,1,2,2,2,1,2,2,1,2,2,2,2,2,2,2,2,2,2,2,2,1,2,2,0,0,0
2008,18,127,1,180247,1,5,2,2,4,2,6,2,1,2,2,1,1,2,2,2,2,2,2,2,1,1,1,1,1,2,2,1,1,1,2,0,0,0
2008,18,99,1,180248,1,5,1,2,1,2,4,2,3,1,1,2,3,2,2,2,2,2,2,2,3,2,2,2,2,2,2,2,1,2,2,0,0,0
2008,18,89,1,180249,1,5,1,2,1,1,6,1,1,1,2,2,1,2,2,2,2,1,2,2,3,2,2,2,2,2,2,2,2,2,2,0,0,0
2008,18,39,2,180250,1,5,2,2,4,2,6,2,1,2,1,2,1,2,2,1,2,2,2,2,2,2,2,2,2,2,1,1,1,2,2,0,0,0
2008,18,55,1,180251,1,5,1,2,4,2,4,2,1,1,1,2,1,2,2,2,2,2,2,2,2,2,2,2,2,2,2,2,1,2,2,0,0,0
2008,18,81,1,180252,1,5,1,2,1,1,6,1,2,1,1,2,3,1,2,2,2,2,2,2,2,2,2,2,2,1,2,2,2,2,2,0,0,0
2008,18,97,1,180253,1,5,1,2,4,2,6,2,1,2,1,2,1,2,1,2,2,2,2,2,1,2,2,2,2,2,1,1,1,2,2,0,0,0
2008,18,97,1,180254,1,5,1,2,4,1,6,1,1,2,2,2,1,2,2,1,2,2,2,2,1,2,2,2,2,2,2,2,2,2,2,0,0,0
2008,18,89,1,180255,1,5,1,2,1,1,6,1,2,1,1,2,2,2,1,1,2,2,2,2,3,2,2,2,2,2,2,2,2,2,2,0,0,0
2008,18,97,1,180256,1,5,2,1,2,2,1,3,1,1,2,2,1,2,1,1,2,2,2,2,2,2,2,1,1,2,2,1,1,2,2,0,0,0
2008,18,15,1,180257,1,5,1,2,4,2,5,2,1,2,2,2,1,2,2,2,2,2,1,2,3,2,2,2,2,2,2,2,1,2,2,0,0,0
2008,18,97,1,180258,1,5,1,2,1,1,6,1,4,1,2,2,2,2,2,2,2,2,2,2,2,2,2,2,2,2,1,1,2,2,2,0,0,0
2008,18,97,1,180259,1,5,1,2,2,2,6,2,1,2,2,2,1,2,2,1,2,2,2,2,2,2,2,2,2,2,2,2,1,2,2,0,0,0
2008,18,65,1,180260,1,5,2,2,4,2,6,2,1,1,1,2,1,2,2,2,2,2,2,2,3,2,2,2,2,2,2,2,1,2,2,0,0,0
2008,18,97,1,180261,1,5,1,2,1,2,6,2,1,2,1,1,1,2,2,2,2,1,2,2,3,2,2,2,2,2,2,2,2,2,2,0,0,0
2008,18,65,1,180262,1,5,1,2,4,2,5,2,1,1,2,2,1,2,2,2,2,2,2,2,2,2,2,2,2,2,2,2,1,2,2,0,0,0
2008,18,163,1,180263,1,5,1,2,4,2,5,2,1,2,2,2,1,2,2,1,2,2,2,2,1,1,1,1,1,2,2,1,1,2,2,0,0,0
2008,18,5,1,180264,1,5,1,1,1,2,1,2,1,2,2,2,1,2,1,2,2,2,2,2,3,2,2,2,2,2,2,2,2,2,2,0,0,0
2008,18,149,1,180265,1,5,1,2,1,2,4,2,3,2,1,2,2,2,2,2,2,2,2,2,3,2,2,2,2,2,2,2,2,2,2,0,0,0
2008,18,57,1,180266,1,5,1,2,1,2,6,2,1,1,1,2,1,2,1,2,2,2,2,2,2,2,2,2,2,2,2,2,2,2,2,0,0,0
2008,18,157,2,180267,1,5,1,2,4,2,6,2,1,1,2,2,1,2,2,1,2,2,2,2,1,1,1,1,1,2,2,1,1,2,2,0,0,0
2008,18,89,1,180269,1,5,2,1,1,2,1,2,5,2,1,2,2,1,2,2,2,2,2,2,2,2,2,2,2,2,1,1,2,2,2,0,0,0
2008,18,5,1,180270,1,5,2,2,4,2,6,2,1,1,1,2,1,2,2,2,2,2,1,2,1,2,2,2,2,2,2,2,1,2,2,0,0,0
2008,18,129,1,180271,1,5,1,2,4,2,5,2,1,2,1,2,1,2,2,1,2,2,2,2,3,2,2,2,2,2,2,2,1,2,1,0,0,0
2008,18,3,1,180272,1,5,1,2,1,2,6,2,1,2,1,2,1,2,2,2,1,2,2,2,2,2,2,2,2,2,2,2,2,2,2,0,0,0
2008,18,81,1,180273,1,5,1,2,4,2,6,2,1,2,2,2,1,2,1,2,2,2,2,2,1,2,2,2,2,2,2,2,1,2,2,0,0,0
2008,18,47,1,180274,1,5,2,2,4,2,5,2,1,1,1,2,1,2,1,2,2,2,2,2,3,2,2,2,2,2,2,2,1,1,2,0,0,0
2008,18,47,1,180275,1,5,1,2,1,2,4,2,3,1,1,2,2,1,2,2,2,2,2,2,2,2,2,2,2,1,2,2,2,2,2,0,0,0
2008,18,59,3,180276,1,5,1,2,4,1,6,1,1,2,2,2,1,2,2,1,2,2,2,2,1,1,1,1,1,2,2,1,2,2,2,0,0,0
2008,18,163,1,180277,1,5,1,2,1,1,5,1,4,1,1,2,2,2,1,2,2,2,2,2,2,2,2,2,2,2,2,2,2,2,2,0,0,0
2008,18,177,1,180279,1,5,2,2,4,2,4,2,1,2,1,2,1,2,2,1,2,2,2,2,1,1,1,1,1,2,2,1,1,2,2,0,0,0
2008,18,93,1,180280,1,5,1,2,4,2,4,2,1,1,1,2,1,2,2,2,2,2,1,2,2,2,2,2,2,2,2,2,1,2,2,0,0,0
2008,18,61,1,180281,1,5,1,2,4,2,4,2,1,2,2,2,1,2,2,2,2,2,2,2,1,2,2,2,2,2,2,2,1,2,2,0,0,0
2008,18,97,1,180282,1,5,1,2,1,1,6,1,1,1,1,2,1,2,1,2,2,2,2,2,2,2,2,2,2,2,2,2,2,2,2,0,0,0
2008,18,97,1,180283,1,5,1,2,1,1,6,1,4,2,1,2,2,2,1,1,2,2,2,2,1,1,1,1,1,2,2,1,2,2,2,0,0,0
2008,18,107,1,180284,1,5,1,2,1,2,4,2,2,1,1,2,2,1,2,2,2,2,2,2,3,2,2,2,2,2,2,2,2,2,2,0,0,0
2008,18,49,1,180285,1,5,1,2,1,1,4,1,4,1,1,2,2,2,2,2,2,2,1,2,3,2,2,2,2,2,2,2,2,2,2,0,0,0
2008,18,93,1,180286,1,5,2,2,4,2,5,3,1,2,2,2,1,2,1,1,2,2,2,2,1,2,2,2,2,2,2,2,1,2,2,0,0,0
2008,18,77,1,180287,1,5,1,2,1,2,6,2,1,2,1,2,1,2,2,2,2,1,2,2,2,2,2,1,1,2,2,1,2,2,2,0,0,0
2008,18,85,2,180288,1,5,1,2,1,1,5,1,3,1,2,2,2,2,2,1,2,2,2,2,2,1,1,1,1,2,2,1,2,2,2,0,0,0
2008,18,53,1,180289,1,5,2,2,1,2,5,2,1,2,1,2,1,2,1,2,1,2,2,2,2,2,2,2,2,2,2,2,2,2,2,0,0,0
2008,18,89,1,180290,1,5,1,2,4,2,6,2,2,2,2,2,1,2,1,1,2,2,2,1,1,2,2,2,2,2,2,2,2,2,2,0,0,0
2008,18,111,1,180291,1,5,1,2,1,2,5,2,3,1,1,2,2,2,2,2,2,2,2,2,3,2,2,2,2,1,2,2,1,2,2,0,0,0
2008,18,27,2,180292,1,5,2,2,1,1,6,1,4,1,1,2,2,2,2,2,2,2,2,2,3,1,1,1,1,1,2,1,2,2,2,0,0,0
2008,18,127,1,180293,1,5,2,2,1,1,4,1,2,1,1,2,2,1,2,2,2,2,2,2,2,2,2,2,2,2,2,2,2,2,2,0,0,0
2008,18,97,1,180294,1,5,1,2,1,2,6,2,3,2,1,2,2,2,2,1,2,2,2,2,1,2,2,2,2,2,1,1,1,2,2,0,0,0
2008,18,95,1,180295,1,5,1,2,4,2,6,2,1,1,1,2,1,2,2,2,2,2,2,2,3,2,2,2,2,2,2,2,1,2,2,0,0,0
2008,18,141,1,180296,1,5,1,2,1,1,5,1,4,2,1,2,2,1,2,2,2,2,1,2,2,2,2,2,2,2,2,2,2,2,2,0,0,0
2008,18,63,1,180297,1,5,2,2,1,1,4,1,2,2,1,2,3,2,1,2,2,2,2,2,3,2,2,2,2,2,1,1,2,1,2,0,0,0
2008,18,39,1,180298,1,5,1,2,1,2,6,2,5,1,1,2,2,2,1,2,2,2,2,2,2,2,2,2,2,2,2,2,1,2,2,0,0,0
2008,18,39,1,180299,1,5,2,2,1,2,6,2,4,1,1,2,2,2,2,2,2,2,1,2,2,2,2,2,2,2,2,2,2,2,2,0,0,0
2008,18,67,1,180300,1,5,1,2,1,2,6,2,1,2,2,1,1,2,2,2,2,1,2,2,3,2,2,2,2,2,2,2,2,2,2,0,0,0
2008,18,127,1,180301,1,5,2,2,4,2,4,2,1,2,2,2,1,2,1,2,2,2,2,2,3,2,2,2,2,2,2,2,1,2,2,0,0,0
2008,18,59,1,180302,1,5,2,1,1,2,1,2,5,1,1,2,2,1,2,2,2,2,2,2,1,2,2,2,2,2,1,1,1,2,2,0,0,0
2008,18,89,1,180303,1,5,2,1,1,2,1,2,2,1,2,1,2,2,1,2,2,2,2,2,3,2,2,2,2,2,2,2,2,2,2,0,0,0
2008,18,159,1,180304,1,5,1,2,1,2,5,2,3,1,1,2,3,2,2,2,2,2,1,2,1,2,2,2,2,1,2,2,1,2,2,0,0,0
2008,18,85,1,180305,1,5,2,2,1,2,6,2,3,1,1,2,2,2,2,1,2,2,2,2,1,1,1,1,1,2,2,1,1,2,2,0,0,0
2008,18,63,1,180306,1,5,1,2,1,2,5,2,3,1,1,2,2,1,2,2,2,2,1,2,2,2,2,2,2,2,2,2,1,2,2,0,0,0
2008,18,23,3,180307,1,5,1,1,1,2,1,2,4,1,1,2,2,1,2,1,2,2,2,2,2,1,1,1,1,2,2,1,1,2,2,0,0,0
2008,18,89,1,180308,1,5,1,2,1,1,5,1,1,1,1,2,1,2,2,2,1,2,2,2,2,2,2,2,2,1,2,2,2,2,2,0,0,0
2008,18,89,3,180309,1,5,1,2,4,2,6,3,1,1,1,2,1,2,2,2,2,2,2,2,2,2,2,2,2,2,1,1,1,2,2,0,0,0
2008,18,89,1,180310,1,5,2,2,1,2,4,2,2,2,1,2,2,2,2,2,1,2,2,2,1,2,2,2,2,2,1,1,2,2,2,0,0,0
2008,18,179,1,180311,1,5,1,2,4,2,5,2,1,1,1,2,1,2,2,2,2,2,2,2,3,2,2,2,2,1,2,2,1,2,2,0,0,0
2008,18,173,1,180312,1,5,1,2,1,2,6,2,1,1,1,2,1,1,2,2,2,1,2,2,2,2,2,2,2,2,2,2,2,2,2,0,0,0
2008,18,57,1,180313,1,5,2,2,1,2,6,2,5,1,1,2,3,2,2,2,2,2,2,2,2,2,2,2,2,2,2,2,2,2,2,0,0,0
2008,18,147,2,180314,1,5,1,2,1,2,4,2,3,1,1,2,2,2,2,2,2,2,2,2,2,1,1,1,1,2,2,1,1,2,2,0,0,0
2008,18,97,1,180315,1,5,1,2,1,2,6,2,5,2,2,2,2,2,2,2,2,2,2,2,1,2,2,2,2,2,1,1,1,2,2,0,0,0
2008,18,105,1,180316,1,5,1,2,4,2,6,2,1,2,2,2,1,2,2,1,2,2,2,2,1,2,2,2,2,2,2,2,1,2,2,0,0,0
2008,18,143,1,180317,1,5,2,2,1,2,6,2,4,1,2,2,2,2,1,2,2,2,2,2,3,2,2,2,2,2,2,2,2,2,2,0,0,0
2008,18,59,1,180318,1,5,1,2,1,2,6,2,3,1,2,2,2,1,2,2,2,2,2,2,2,2,2,2,2,2,2,2,1,1,2,0,0,0
2008,18,13,1,180319,1,5,1,2,4,2,5,2,1,1,2,2,1,2,1,2,2,2,2,2,3,2,2,2,2,2,2,2,2,2,2,0,0,0
2008,18,69,1,180320,1,5,1,2,1,1,5,1,4,1,1,2,2,1,2,2,2,2,2,2,2,1,1,1,1,2,2,1,2,2,2,0,0,0
2008,18,77,1,180321,1,5,1,2,1,2,4,2,3,1,1,2,2,1,2,2,2,2,2,2,2,1,1,1,1,2,2,1,1,2,2,0,0,0
2008,18,105,1,180322,1,5,2,2,4,2,6,2,1,2,1,2,1,2,2,2,2,2,2,2,1,1,1,1,1,2,2,1,1,2,2,0,0,0
2008,18,91,1,180323,1,5,2,2,1,1,6,1,4,1,1,2,2,2,2,1,2,2,2,2,2,1,1,1,1,2,2,1,2,2,2,0,0,0
2008,18,119,1,180324,1,5,1,2,1,2,4,2,3,1,1,2,2,1,2,2,2,2,2,2,3,2,2,2,2,2,2,2,1,2,2,0,0,0
2008,18,51,1,180325,1,5,2,2,1,2,5,2,3,1,1,2,2,1,1,1,2,2,2,2,3,2,2,2,2,2,2,2,2,2,2,0,0,0
2008,18,99,1,180326,1,5,2,2,1,2,6,2,3,1,1,2,2,2,2,2,2,2,1,2,2,1,1,1,1,1,2,1,1,1,2,0,0,0
2008,18,11,2,180327,1,5,1,1,1,2,1,2,3,2,2,2,2,2,2,2,2,2,2,2,1,2,2,2,2,2,1,1,2,2,2,0,0,0
2008,18,67,1,180328,1,5,1,2,4,1,4,1,1,1,2,2,1,2,2,2,2,2,2,2,2,2,2,2,2,2,2,2,2,2,2,0,0,0
2008,18,39,1,180329,1,5,1,2,4,1,6,1,1,2,2,2,1,2,2,2,1,2,2,2,3,2,2,2,2,2,2,2,2,2,2,0,0,0
2008,18,9,2,180330,1,5,1,2,1,2,5,2,1,1,2,2,1,2,1,2,2,2,2,2,3,2,2,2,2,2,2,2,2,2,2,0,0,0
2008,18,141,1,180331,1,5,2,2,1,2,6,2,1,2,1,1,1,2,2,2,2,1,2,2,3,2,2,2,2,2,1,1,2,2,2,0,0,0
2008,18,137,2,180332,1,5,1,2,1,2,4,2,3,1,2,2,2,2,1,2,2,2,2,2,2,2,2,2,2,1,2,2,1,2,2,0,0,0
2008,18,109,1,180333,1,5,1,2,1,2,5,2,4,1,1,2,2,1,2,2,2,2,1,2,3,2,2,2,2,2,1,1,2,2,2,0,0,0
2008,18,67,1,180334,1,5,2,2,1,1,6,1,1,1,1,2,1,1,2,2,2,1,2,2,1,2,2,2,2,2,2,2,2,2,2,0,0,0
2008,18,21,1,180335,1,5,1,2,1,1,5,1,2,1,1,2,2,2,1,2,2,2,2,2,3,2,2,2,2,2,2,2,2,2,2,0,0,0
2008,18,109,1,180336,1,5,1,2,1,2,5,2,2,2,1,2,2,2,1,2,2,2,2,2,3,2,2,2,2,2,2,2,2,2,2,0,0,0
2008,18,51,1,180337,1,5,1,2,4,2,4,2,5,1,1,2,1,1,2,2,1,2,1,2,2,2,2,2,2,2,2,2,2,2,2,0,0,0
2008,18,141,1,180338,1,5,2,2,1,1,6,1,1,1,1,2,1,2,2,2,2,2,2,2,2,2,2,2,2,1,2,2,2,2,2,0,0,0
2008,18,67,1,180339,1,5,2,2,4,2,6,2,1,2,1,2,1,2,2,1,2,2,2,2,1,2,2,2,2,2,2,2,1,2,2,0,0,0
2008,18,109,1,180340,1,5,1,2,1,1,5,1,4,2,1,2,3,2,1,1,2,2,2,2,3,1,1,1,1,2,2,1,2,2,2,0,0,0
2008,18,63,1,180341,1,5,2,2,1,1,4,1,1,1,1,2,1,2,1,2,2,2,2,2,3,2,2,2,2,2,2,2,2,2,2,0,0,0
2008,18,5,2,180342,1,5,1,2,1,2,4,2,3,2,2,2,2,2,2,2,2,2,2,2,2,2,2,2,2,2,2,2,1,2,2,0,0,0
2008,18,23,1,180343,1,5,1,2,1,2,5,2,4,2,1,2,2,1,2,2,2,2,2,2,1,2,2,2,2,2,2,2,2,2,2,0,0,0
2008,18,11,1,180344,1,5,1,1,1,2,1,2,5,2,2,2,2,1,2,2,2,2,2,2,1,2,2,2,2,2,2,2,2,2,2,0,0,0
2008,18,119,1,180345,1,5,1,2,1,2,5,2,1,1,1,2,2,2,1,2,2,2,2,2,3,2,2,1,1,2,2,1,2,2,2,0,0,0
2008,18,127,1,180346,1,5,2,2,4,1,6,1,1,2,2,2,1,2,2,2,2,2,1,2,1,2,2,2,2,2,2,2,2,2,2,0,0,0
2008,18,37,1,180347,1,5,2,2,1,2,4,2,3,1,1,2,3,2,2,2,2,2,1,2,1,2,2,2,2,2,1,1,1,2,2,0,0,0
2008,18,97,1,180348,1,5,2,2,4,2,6,2,1,2,2,2,1,2,2,1,2,2,2,2,1,2,2,2,2,2,2,2,1,2,2,0,0,0
2008,18,93,1,180349,1,5,1,2,1,1,5,1,4,1,1,2,2,1,2,2,2,2,2,2,3,2,2,1,1,2,2,1,2,2,2,0,0,0
2008,18,143,1,180350,1,5,1,1,1,2,1,2,4,1,1,2,2,1,2,2,2,2,2,2,2,2,2,2,2,2,2,2,1,2,2,0,0,0
2008,18,71,1,180351,1,5,2,2,4,2,6,2,1,2,1,2,1,2,2,2,2,2,2,2,2,1,1,1,1,2,2,1,1,2,2,0,0,0
2008,18,57,1,180352,1,5,1,2,4,2,6,2,1,2,2,2,1,2,2,2,2,2,1,2,1,2,2,2,2,2,2,2,1,2,2,0,0,0
2008,18,43,1,180353,1,5,1,2,1,1,6,1,3,1,2,2,2,2,1,1,2,2,2,2,3,1,1,1,1,1,2,1,2,2,2,0,0,0
2008,18,19,1,180354,1,5,2,1,4,2,1,2,1,2,2,2,1,2,2,1,2,2,2,2,3,2,2,1,1,2,2,1,1,2,2,0,0,0
2008,18,175,1,180355,1,5,2,2,4,2,6,2,1,2,1,2,1,2,2,2,2,2,1,2,3,1,1,1,1,2,2,1,1,2,2,0,0,0
2008,18,151,2,180356,1,5,1,2,4,2,4,2,1,2,2,2,1,2,2,2,2,2,2,2,2,2,2,2,2,2,2,2,1,2,2,0,0,0
2008,18,183,1,180357,1,5,2,2,1,2,6,2,4,1,1,2,2,2,2,2,2,2,2,2,3,2,2,2,2,2,1,1,2,2,2,0,0,0
2008,18,163,1,180358,1,5,1,2,4,1,6,1,1,1,1,2,1,2,2,2,1,2,2,2,2,2,2,2,2,1,2,2,2,2,2,0,0,0
2008,18,107,1,180359,1,5,1,2,1,2,4,2,3,1,1,2,2,1,2,2,2,2,1,2,3,2,2,2,2,2,2,2,1,2,2,0,0,0
2008,18,93,1,180360,1,5,2,2,4,2,4,3,1,2,1,2,1,2,2,2,2,2,1,2,3,2,2,2,2,2,2,2,1,2,2,0,0,0
2008,18,167,1,180361,1,5,2,2,4,2,6,2,1,2,1,2,1,2,2,2,2,2,2,2,3,2,2,2,2,2,2,2,1,2,2,0,0,0
2008,18,167,1,180362,1,5,1,1,1,2,1,2,2,2,1,2,3,1,2,1,2,2,2,2,3,2,2,2,2,2,2,2,2,1,2,0,0,0
2008,18,105,1,180363,1,5,2,2,4,2,6,2,1,2,1,2,1,2,1,1,2,2,2,2,3,2,2,2,2,2,2,2,1,2,2,0,0,0
2008,18,163,1,180364,1,5,2,2,1,1,5,1,4,1,1,2,2,1,2,2,2,2,2,2,2,2,2,2,2,2,2,2,2,2,2,0,0,0
2008,18,81,1,180365,1,5,1,2,1,1,6,1,2,1,1,2,2,2,2,2,2,2,2,2,3,2,2,2,2,1,2,2,2,2,2,0,0,0
2008,18,157,1,180366,1,5,1,1,1,2,1,2,5,2,2,2,2,2,2,2,2,2,2,2,1,2,2,2,2,2,2,2,2,2,2,0,0,0
2008,18,5,1,180367,1,5,1,2,4,2,5,2,1,2,1,2,1,2,2,2,2,2,2,2,3,2,2,2,2,1,2,2,1,2,2,0,0,0
2008,18,41,1,180368,1,5,1,2,4,2,5,2,1,1,1,2,1,2,2,2,2,2,1,2,1,2,2,2,2,2,2,2,1,2,2,0,0,0
2008,18,129,1,180369,1,5,1,2,2,2,5,2,1,2,2,2,1,2,1,1,2,2,2,2,2,2,2,2,2,2,2,2,1,2,2,0,0,0
2008,18,85,1,180370,1,5,2,2,4,2,6,2,1,2,1,2,1,2,2,2,2,2,2,2,2,2,2,2,2,2,2,2,1,2,2,0,0,0
2008,18,67,2,180371,1,5,1,2,4,2,5,2,1,2,2,2,1,2,2,1,2,2,2,2,1,2,2,2,2,2,1,1,1,2,2,0,0,0
2008,18,39,1,180372,1,5,2,2,1,2,6,2,5,1,2,2,2,2,1,2,2,2,2,2,1,2,2,2,2,2,2,2,2,2,2,0,0,0
2008,18,39,1,180373,1,5,1,2,4,2,4,2,1,2,2,2,1,2,2,2,2,2,2,2,2,2,2,2,2,2,2,2,1,2,2,0,0,0
2008,18,105,1,180374,1,5,2,2,1,2,6,2,1,2,2,2,1,2,1,1,2,2,2,2,1,1,1,1,1,2,2,1,1,2,2,0,0,0
2008,18,77,1,180375,1,5,2,2,4,2,6,2,1,1,2,2,1,2,2,2,2,2,1,2,1,1,1,1,1,2,2,1,1,2,2,0,0,0
2008,18,113,1,180376,1,5,2,2,4,2,6,2,1,1,2,2,1,2,1,2,2,2,2,2,1,2,2,2,2,2,2,2,1,2,2,0,0,0
2008,18,97,1,180377,1,5,1,2,1,2,6,2,1,2,2,2,1,2,2,2,1,2,2,2,3,2,2,2,2,2,2,2,2,2,2,0,0,0
2008,18,167,1,180378,1,5,2,2,4,2,6,2,1,2,1,2,1,2,2,2,2,2,2,2,1,2,2,2,2,1,2,2,1,2,2,0,0,0
2008,18,113,1,180379,1,5,1,2,1,1,5,1,4,1,1,2,2,2,2,2,2,2,2,2,1,2,2,2,2,2,1,1,2,2,2,0,0,0
2008,18,105,1,180380,1,5,1,2,1,2,5,2,3,1,2,2,2,2,2,2,2,2,2,2,3,2,2,2,2,2,2,2,1,2,2,0,0,0
2008,18,23,1,180381,1,5,1,2,1,2,5,2,3,2,1,2,2,2,2,2,2,2,2,2,3,2,2,2,2,2,2,2,1,2,2,0,0,0
2008,18,67,1,180382,1,5,2,2,1,2,6,2,1,2,2,2,1,2,1,2,2,2,2,2,1,2,2,2,2,2,2,2,2,2,2,0,0,0
2008,18,119,1,180383,1,5,1,2,4,2,4,2,1,2,1,2,1,2,2,1,2,2,2,2,2,2,2,2,2,2,2,2,1,2,2,0,0,0
2008,18,147,1,180384,1,5,1,2,1,2,5,2,3,2,2,2,2,2,2,2,2,2,2,2,1,1,1,1,1,2,2,1,1,2,2,0,0,0
2008,18,153,1,180385,1,5,1,2,1,2,4,2,4,1,1,2,2,2,2,2,2,2,2,2,3,2,2,2,2,1,2,2,2,2,2,0,0,0
2008,18,139,1,180386,1,5,2,2,4,2,6,2,1,1,1,2,1,2,2,2,2,2,1,2,2,2,2,2,2,2,2,2,1,2,2,0,0,0
2008,18,11,1,180387,1,5,1,2,1,2,5,2,4,1,1,2,2,2,2,2,2,2,2,2,2,2,2,2,2,1,2,2,2,2,2,0,0,0
2008,18,3,1,180388,1,5,1,2,4,1,6,1,1,2,1,1,1,2,2,1,2,2,2,1,2,2,2,2,2,2,2,2,2,2,2,0,0,0
2008,18,27,1,180389,1,5,2,2,1,1,6,1,4,1,1,2,2,1,2,2,2,2,2,2,2,2,2,2,2,2,2,2,2,2,2,0,0,0
2008,18,27,1,180390,1,5,1,2,1,1,4,1,4,1,2,2,2,2,1,2,2,2,2,2,3,2,2,2,2,2,2,2,2,2,2,0,0,0
2008,18,163,1,180391,1,5,1,2,4,2,4,2,1,1,2,2,1,2,2,2,2,2,1,2,1,2,2,2,2,2,2,2,1,2,2,0,0,0
2008,18,163,1,180392,1,5,2,2,1,1,6,1,1,1,2,2,2,2,1,2,2,2,2,2,2,2,2,2,2,2,2,2,2,2,2,0,0,0
2008,18,89,1,180393,1,5,1,2,1,1,6,1,4,1,1,2,2,2,1,2,2,2,2,2,2,1,1,1,1,2,2,1,2,2,2,0,0,0
2008,18,89,1,180394,1,5,2,2,1,2,5,2,1,2,1,2,1,2,2,2,1,2,2,2,2,2,2,2,2,2,2,2,2,2,2,0,0,0
2008,18,63,1,180395,1,5,1,2,1,2,6,2,5,2,2,1,2,2,1,1,2,2,2,2,1,2,2,2,2,2,2,2,2,2,2,0,0,0
2008,18,19,1,180396,1,5,1,1,1,2,1,2,2,2,2,1,2,2,1,2,2,2,2,2,3,2,2,2,2,2,2,2,2,2,2,0,0,0
2008,18,97,1,180397,1,5,1,2,1,2,6,2,4,2,1,2,3,2,2,2,2,2,2,2,2,2,2,2,2,2,2,2,2,2,2,0,0,0
2008,18,73,2,180398,1,5,1,1,1,2,1,2,2,1,1,2,3,1,2,1,2,2,2,2,3,2,2,2,2,2,2,2,2,1,2,0,0,0
2008,18,95,1,180399,1,5,2,2,1,1,4,1,4,1,1,2,2,2,2,2,2,2,2,2,3,2,2,2,2,1,2,2,2,2,2,0,0,0
2008,18,35,2,180400,1,5,2,2,1,1,6,1,4,2,2,2,2,2,2,2,2,2,1,2,3,1,1,1,1,2,2,1,2,2,2,0,0,0
2008,18,127,1,180401,1,5,2,2,4,2,6,2,1,2,1,2,1,2,2,1,2,2,2,2,2,2,2,2,2,2,1,1,1,2,2,0,0,0
2008,18,157,1,180402,1,5,1,2,1,1,4,1,4,1,1,2,2,2,2,2,2,2,2,2,2,2,2,1,1,2,2,1,2,2,2,0,0,0
2008,18,29,1,180403,1,5,1,2,1,1,4,1,4,1,1,2,2,2,2,2,2,2,2,2,3,2,2,2,2,1,2,2,2,2,2,0,0,0
2008,18,173,1,180404,1,5,1,1,4,2,1,2,1,1,1,2,1,2,2,2,2,2,1,2,2,2,2,2,2,2,1,1,1,2,2,0,0,0
2008,18,159,1,180405,1,5,1,2,1,1,4,1,2,1,2,2,3,2,2,2,2,2,2,2,3,2,2,2,2,2,2,2,2,2,1,0,0,0
2008,18,149,1,180406,1,5,1,2,4,2,5,2,1,1,1,2,1,2,2,1,2,2,1,2,2,2,2,2,2,2,2,2,1,2,2,0,0,0
2008,18,45,1,180407,1,5,1,2,4,1,6,1,1,1,1,2,1,2,2,2,2,2,2,2,3,2,2,2,2,1,2,2,2,2,2,0,0,0
2008,18,87,1,180408,1,5,1,2,1,1,5,1,4,1,1,2,2,2,2,2,2,2,2,2,2,2,2,1,1,1,2,1,2,2,2,0,0,0
2008,18,87,1,180409,1,5,2,2,1,2,6,2,4,1,1,2,2,2,1,2,2,2,2,2,2,1,1,1,1,2,2,1,2,2,2,0,0,0
2008,18,101,1,180410,1,5,1,2,1,2,4,2,3,1,2,2,2,2,1,2,2,2,2,2,3,2,2,2,2,1,2,2,1,2,2,0,0,0
2008,18,105,1,180411,1,5,2,2,4,2,6,2,1,2,2,2,1,2,2,2,2,2,2,2,3,2,2,2,2,2,2,2,1,2,2,0,0,0
2008,18,57,1,180412,1,5,1,2,1,1,6,1,4,1,1,2,2,2,2,2,2,2,2,2,3,2,2,2,2,1,2,2,2,2,2,0,0,0
2008,18,97,1,180413,1,5,1,2,4,2,6,2,1,2,1,2,1,2,2,1,2,2,1,2,1,2,2,2,2,2,2,2,1,2,2,0,0,0
2008,18,141,1,180414,1,5,1,2,4,2,5,2,1,2,2,2,1,2,1,2,2,2,2,2,1,2,2,2,2,2,2,2,1,2,2,0,0,0
2008,18,127,1,180415,1,5,2,2,1,1,4,1,4,2,1,2,2,2,2,2,2,2,2,2,1,2,2,2,2,2,1,1,2,2,2,0,0,0
2008,18,141,1,180416,1,5,2,2,1,1,5,1,3,1,2,2,2,2,2,2,2,2,2,2,1,2,2,2,2,2,2,2,2,2,2,0,0,0
2008,18,71,1,180417,1,5,2,2,1,2,6,2,1,2,1,2,1,2,2,1,2,2,1,2,3,1,1,1,1,2,2,1,1,2,2,0,0,0
2008,18,165,1,180418,1,5,1,2,1,2,5,2,2,1,1,2,2,1,2,1,2,2,2,2,2,2,2,2,2,2,2,2,1,2,2,0,0,0
2008,18,141,1,180419,1,5,2,2,4,2,6,2,1,2,2,2,1,2,1,1,2,2,2,2,1,2,2,2,2,2,1,1,1,2,2,0,0,0
2008,18,163,1,180421,1,5,1,2,4,2,5,2,1,1,2,2,1,2,1,2,2,2,2,2,2,2,2,2,2,2,2,2,1,1,2,0,0,0
2008,18,177,2,180422,1,5,1,2,4,2,6,2,1,1,2,2,1,2,2,2,2,2,2,2,3,2,2,2,2,1,2,2,1,2,2,0,0,0
2008,18,19,1,180423,1,5,1,2,1,2,5,2,4,2,1,2,2,1,2,2,2,2,2,2,2,2,2,2,2,2,2,2,2,2,2,0,0,0
2008,18,99,1,180424,1,5,2,2,1,2,6,2,3,1,1,2,2,2,1,2,2,2,2,2,3,1,1,1,1,2,2,1,1,2,2,0,0,0
2008,18,169,1,180425,1,5,1,2,1,1,6,1,4,1,2,2,2,2,2,2,2,2,1,2,3,2,2,2,2,2,2,2,2,2,2,0,0,0
2008,18,89,1,180426,1,5,1,2,1,1,6,1,1,1,1,2,1,1,2,2,2,1,2,2,2,2,2,2,2,2,2,2,2,2,2,0,0,0
2008,18,145,1,180427,1,5,2,2,1,1,5,1,4,1,2,2,2,2,1,2,2,2,2,2,2,1,1,1,1,2,2,1,2,2,2,0,0,0
2008,18,69,1,180428,1,5,2,2,1,2,6,2,2,1,1,2,2,2,2,2,2,2,2,2,3,2,2,2,2,2,2,2,2,1,2,0,0,0
2008,18,91,1,180429,1,5,1,2,1,2,5,2,1,2,1,2,1,2,1,2,2,2,2,2,1,2,2,2,2,2,2,2,2,2,2,0,0,0
2008,18,159,1,180430,1,5,1,2,4,2,6,3,1,2,1,2,1,2,2,2,2,2,2,2,3,2,2,2,2,2,2,2,2,2,2,0,0,0
2008,18,141,1,180431,1,5,2,2,1,2,6,2,1,2,1,2,1,2,2,2,2,1,2,2,2,2,2,2,2,2,2,2,1,2,2,0,0,0
2008,18,173,1,180432,1,5,1,2,1,2,5,2,1,2,2,1,1,2,2,2,1,2,2,2,1,2,2,2,2,2,2,2,2,2,2,0,0,0
2008,18,107,1,180433,1,5,1,2,1,1,6,1,2,1,1,2,2,2,1,1,2,2,2,2,3,2,2,2,2,2,2,2,2,2,2,0,0,0
2008,18,135,1,180434,1,5,2,2,4,2,6,2,1,2,1,2,1,2,1,2,2,2,2,2,1,2,2,2,2,2,2,2,1,2,2,0,0,0
2008,18,97,1,180435,1,5,1,2,4,2,6,2,1,1,2,2,1,2,1,1,2,2,2,2,2,2,2,2,2,2,2,2,1,2,2,0,0,0
2008,18,97,1,180436,1,5,1,1,1,2,1,3,1,1,1,2,1,2,2,1,2,2,1,2,2,2,2,2,2,2,2,2,1,2,2,0,0,0
2008,18,101,1,180437,1,5,1,2,1,2,4,2,3,1,1,2,2,2,2,1,2,2,1,2,3,1,1,1,1,2,2,1,2,2,2,0,0,0
2008,18,39,1,180438,1,5,1,2,1,2,5,2,4,1,1,2,2,2,1,2,2,2,2,2,2,2,2,2,2,2,2,2,2,2,2,0,0,0
2008,18,39,1,180439,1,5,1,2,1,1,6,1,4,2,1,2,3,2,2,1,2,1,2,1,1,2,2,2,2,2,1,1,2,2,2,0,0,0
2008,18,181,1,180440,1,5,1,2,4,2,5,2,1,1,1,2,1,2,2,2,2,2,1,2,1,2,2,2,2,2,2,2,1,2,2,0,0,0
2008,18,37,1,180441,1,5,1,1,1,2,1,2,1,1,1,2,1,2,2,2,2,2,1,2,2,2,2,2,2,1,2,2,1,2,2,0,0,0
2008,18,171,1,180442,1,5,1,2,4,2,4,2,1,2,2,2,1,2,1,2,2,2,2,2,1,2,2,2,2,2,2,2,1,2,2,0,0,0
2008,18,3,1,180443,1,5,2,2,1,2,6,2,4,1,2,2,3,2,2,1,2,2,2,2,1,2,2,1,1,2,2,1,1,2,2,0,0,0
2008,18,97,1,180444,1,5,1,2,1,2,6,2,3,1,1,2,2,2,1,2,2,2,2,2,2,2,2,2,2,2,2,2,2,2,2,0,0,0
2008,18,97,1,180445,1,5,1,2,4,2,6,2,1,2,2,2,1,2,1,2,2,2,2,2,2,2,2,2,2,2,2,2,1,2,2,0,0,0
2008,18,127,1,180446,1,5,2,2,1,1,5,1,4,1,1,2,2,1,2,2,2,2,2,2,2,2,2,2,2,2,2,2,2,2,2,0,0,0
2008,18,105,1,180447,1,5,1,2,1,2,6,2,3,1,1,2,2,2,1,1,2,2,2,2,2,2,2,2,2,2,1,1,1,2,2,0,0,0
2008,18,73,1,180448,1,5,2,2,4,2,6,2,1,2,1,2,1,2,2,1,2,2,1,2,3,2,2,2,2,2,2,2,1,2,2,0,0,0
2008,18,161,1,180449,1,5,1,2,1,2,5,2,4,1,1,2,2,1,2,2,2,2,2,2,3,2,2,2,2,1,2,2,2,2,2,0,0,0
2008,18,5,1,180450,1,5,1,2,1,2,4,2,3,1,1,2,2,2,2,2,2,2,2,2,3,2,2,2,2,2,2,2,1,1,2,0,0,0
2008,18,79,1,180451,1,5,2,2,1,2,6,2,1,1,2,2,1,2,2,2,2,2,2,2,3,2,2,2,2,2,2,2,2,2,2,0,0,0
2008,18,89,1,180452,1,5,2,2,1,1,5,1,4,1,1,2,3,1,2,2,2,2,2,2,1,2,2,2,2,2,2,2,2,2,2,0,0,0
2008,18,43,1,180453,1,5,1,2,4,2,6,2,1,2,2,2,1,2,1,2,2,2,2,2,3,2,2,2,2,2,2,2,1,2,2,0,0,0
2008,18,35,1,180454,1,5,2,2,4,1,6,1,1,2,1,2,1,2,2,1,2,2,2,2,1,2,2,2,2,2,2,2,2,2,2,0,0,0
2008,18,89,1,180455,1,5,1,2,1,2,6,2,1,1,2,2,1,2,2,2,2,1,2,2,2,2,2,2,2,2,1,1,2,2,2,0,0,0
2008,18,89,1,180456,1,5,2,2,4,2,4,2,1,2,2,2,1,2,1,1,2,2,2,2,1,2,2,2,2,2,2,2,1,2,2,0,0,0
2008,18,89,1,180457,1,5,2,2,3,2,5,2,1,2,2,2,1,2,2,1,2,2,2,2,1,2,2,2,2,2,2,2,1,2,2,0,0,0
2008,18,47,1,180458,1,5,2,2,4,2,6,2,1,2,1,2,1,2,1,1,2,2,2,2,2,2,2,2,2,2,1,1,1,2,2,0,0,0
2008,18,89,1,180459,1,5,2,1,4,2,1,2,1,2,2,2,1,2,2,1,2,2,1,2,1,2,2,2,2,2,2,2,1,2,2,0,0,0
2008,18,97,1,180460,1,5,1,2,4,1,6,1,1,2,1,2,1,2,2,1,2,2,1,2,2,1,1,1,1,2,2,1,2,2,2,0,0,0
2008,18,91,1,180461,1,5,1,2,4,2,4,2,1,1,1,2,1,2,2,2,2,2,2,2,2,2,2,2,2,2,2,2,1,2,2,0,0,0
2008,18,163,1,180462,1,5,2,2,4,2,6,2,1,2,1,2,1,2,2,2,2,2,2,2,3,2,2,1,1,2,2,1,1,2,2,0,0,0
2008,18,97,1,180463,1,5,2,1,1,2,1,2,2,2,2,2,3,1,2,1,2,2,1,2,1,2,2,1,1,2,2,1,2,2,2,0,0,0
2008,18,39,1,180464,1,5,2,2,1,1,6,1,4,1,1,2,2,2,1,2,2,2,2,2,2,2,2,1,1,2,2,1,2,2,2,0,0,0
2008,18,97,1,180465,1,5,2,1,4,2,1,2,1,1,1,2,1,2,2,2,2,2,2,2,3,2,2,2,2,1,2,2,1,1,2,0,0,0
2008,18,27,1,180466,1,5,2,2,1,2,6,2,4,1,1,2,2,2,1,1,2,2,2,2,2,2,2,2,2,1,1,1,2,2,2,0,0,0
2008,18,41,1,180467,1,5,1,2,1,1,6,1,1,1,1,2,1,2,2,2,2,1,2,2,2,2,2,2,2,2,2,2,2,2,2,0,0,0
2008,18,145,1,180468,1,5,1,2,1,1,4,1,2,1,1,2,2,2,2,1,2,2,2,2,3,2,2,2,2,1,2,2,2,2,2,0,0,0
2008,18,145,1,180469,1,5,2,2,4,1,6,1,1,1,1,2,1,2,2,1,2,2,2,2,1,2,2,2,2,2,1,1,2,2,2,0,0,0
2008,18,97,1,180470,1,5,1,2,1,1,6,1,1,2,1,1,1,2,2,2,2,2,2,2,3,2,2,2,2,2,2,2,2,2,2,0,0,0
2008,18,17,1,180471,1,5,1,2,1,2,6,3,1,1,1,2,1,2,2,2,1,2,2,2,2,2,2,2,2,2,2,2,2,2,2,0,0,0
2008,18,95,1,180472,1,5,1,2,1,2,6,2,3,1,2,2,2,2,2,2,2,2,2,2,3,2,2,2,2,1,2,2,1,2,2,0,0,0
2008,18,5,1,180473,1,5,1,2,4,1,6,1,1,1,1,2,1,2,2,2,2,2,2,2,3,2,2,2,2,1,2,2,2,2,2,0,0,0
2008,18,179,1,180474,1,5,2,2,4,1,5,1,1,1,1,2,1,2,2,1,2,2,2,2,3,2,2,2,2,1,2,2,2,2,2,0,0,0
2008,18,21,1,180475,1,5,1,2,4,2,5,2,1,2,1,2,1,2,2,2,2,2,2,2,2,2,2,2,2,2,2,2,1,2,2,0,0,0
2008,18,97,1,180476,1,5,1,2,1,1,6,1,3,1,1,2,2,2,1,2,2,2,2,2,3,2,2,2,2,2,1,1,2,2,2,0,0,0
2008,18,97,1,180477,1,5,1,2,1,2,6,2,4,2,2,1,2,2,2,1,1,2,2,2,1,2,2,2,2,2,1,1,2,2,2,0,0,0
2008,18,129,1,180478,1,5,1,2,1,1,5,1,4,1,1,2,2,1,2,2,2,2,2,2,3,2,2,2,2,1,2,2,2,2,2,0,0,0
2008,18,89,1,180479,1,5,2,2,1,1,4,1,4,1,2,2,2,2,2,2,2,2,2,2,3,2,2,2,2,2,2,2,2,2,2,0,0,0
2008,18,15,3,180480,1,5,2,2,1,1,6,1,4,2,2,2,2,2,2,2,2,2,1,2,2,2,2,2,2,2,1,1,2,2,2,0,0,0
2008,18,31,1,180481,1,5,1,2,1,2,5,2,3,1,2,2,2,2,2,2,2,2,2,2,3,2,2,2,2,2,2,2,1,2,2,0,0,0
2008,18,15,1,180482,1,5,2,2,4,2,6,2,1,1,2,2,1,2,2,2,2,2,1,2,2,1,1,1,1,2,2,1,1,2,2,0,0,0
2008,18,81,1,180483,1,5,1,2,1,2,6,2,4,1,2,2,2,2,1,2,2,2,2,2,3,2,2,2,2,2,2,2,1,2,2,0,0,0
2008,18,91,1,180484,1,5,2,2,1,2,6,3,4,2,1,2,2,2,1,2,2,2,2,2,1,2,2,2,2,2,2,2,2,2,2,0,0,0
2008,18,89,1,180485,1,5,2,2,1,1,4,1,1,1,1,2,1,2,1,2,2,2,2,2,3,2,2,2,2,1,2,2,2,2,2,0,0,0
2008,18,119,1,180486,1,5,1,2,4,2,4,2,1,1,1,2,1,2,1,2,2,2,2,2,3,2,2,2,2,2,2,2,1,2,2,0,0,0
2008,18,97,1,180487,1,5,1,2,1,2,6,2,1,1,1,2,1,2,2,2,1,2,2,2,3,2,2,2,2,2,2,2,2,2,2,0,0,0
2008,18,91,1,180488,1,5,2,2,4,2,6,2,1,1,2,2,1,2,2,2,2,2,2,2,3,2,2,2,2,1,2,2,1,2,1,0,0,0
2008,18,61,1,180489,1,5,2,2,4,2,6,2,1,2,1,2,1,2,2,2,2,2,1,2,2,2,2,2,2,2,2,2,1,2,2,0,0,0
2008,18,61,1,180490,1,5,1,2,4,2,5,2,1,1,2,2,1,2,2,1,2,2,1,2,1,2,2,2,2,2,2,2,1,2,2,0,0,0
2008,18,97,2,180491,1,5,1,2,4,1,6,1,1,2,2,2,1,2,1,1,2,2,2,2,3,2,2,1,1,2,2,1,2,2,2,0,0,0
2008,18,33,1,180492,1,5,2,2,1,2,4,2,4,1,1,2,2,1,1,2,2,2,2,2,3,2,2,2,2,2,2,2,2,1,2,0,0,0
2008,18,19,1,180493,1,5,2,2,1,1,6,1,4,1,1,2,2,2,2,2,2,2,1,2,3,1,1,1,1,2,2,1,2,2,2,0,0,0
2008,18,43,1,180494,1,5,1,2,1,1,6,1,4,2,2,2,2,2,1,2,2,2,2,2,2,2,2,2,2,2,2,2,2,2,2,0,0,0
2008,18,27,1,180495,1,5,1,2,4,2,6,2,1,2,2,1,1,2,2,1,2,2,1,2,1,2,2,2,2,2,1,1,1,2,2,0,0,0
2008,18,105,1,180496,1,5,2,2,1,2,6,2,1,2,1,1,1,2,2,2,1,2,2,2,1,2,2,2,2,2,1,1,2,2,2,0,0,0
2008,18,145,1,180497,1,5,1,2,4,1,5,1,1,1,1,2,1,1,2,2,2,2,1,2,2,2,2,2,2,2,2,2,2,2,2,0,0,0
2008,18,63,1,180498,1,5,2,2,1,1,5,1,4,1,2,2,2,2,1,2,2,2,2,2,2,2,2,2,2,1,2,2,2,2,2,0,0,0
2008,18,89,1,180499,1,5,1,2,4,1,6,1,1,1,2,2,1,2,1,2,2,2,2,2,1,2,2,2,2,1,2,2,2,2,2,0,0,0
2008,18,89,1,180500,1,5,1,2,4,1,6,1,1,1,1,2,1,2,2,2,2,2,2,2,3,2,2,2,2,1,2,2,2,2,2,0,0,0
2008,18,89,1,180501,1,5,2,2,1,2,4,2,1,2,1,2,1,2,2,2,1,2,2,2,2,2,2,2,2,2,2,2,2,2,2,0,0,0
2008,18,123,1,180502,1,5,2,2,4,2,6,2,1,1,1,2,1,2,1,1,2,2,2,2,3,2,2,2,2,2,1,1,2,2,2,0,0,0
2008,18,71,1,180503,1,5,1,2,1,1,6,1,1,1,2,2,1,2,1,1,2,2,2,2,2,2,2,2,2,2,1,1,2,2,2,0,0,0
2008,18,157,1,180504,1,5,1,2,1,1,6,1,2,1,1,2,2,1,1,2,2,2,2,2,2,1,1,1,1,2,2,1,2,2,2,0,0,0
2008,18,41,1,180505,1,5,2,2,4,2,6,2,1,2,1,2,1,2,2,2,2,2,2,2,1,2,2,2,2,2,2,2,1,2,2,0,0,0
2008,18,33,1,180506,1,5,1,1,1,2,1,2,5,2,2,2,2,2,1,2,2,2,2,2,1,2,2,2,2,2,2,2,2,2,2,0,0,0
2008,18,91,1,180507,1,5,1,2,4,1,6,1,1,2,2,2,1,2,2,1,2,2,2,2,1,2,2,2,2,2,2,2,2,2,2,0,0,0
2008,18,121,2,180508,1,5,1,2,1,2,5,2,4,1,2,2,2,2,2,1,2,2,2,2,1,2,2,2,2,2,2,2,1,2,2,0,0,0
2008,18,111,1,180509,1,5,1,2,4,2,5,2,1,2,2,2,1,2,2,2,2,2,2,2,1,2,2,2,2,2,1,1,1,2,2,0,0,0
2008,18,167,1,180510,1,5,2,2,1,2,5,2,3,2,1,2,2,2,2,2,2,2,2,2,3,2,2,2,2,2,2,2,1,2,2,0,0,0
2008,18,157,1,180511,1,5,2,2,4,2,6,2,1,2,1,2,1,2,2,2,2,2,1,2,1,2,2,1,1,2,2,1,1,2,2,0,0,0
2008,18,47,1,180512,1,5,1,2,1,2,5,2,4,1,1,2,2,2,2,2,2,2,1,2,2,2,2,2,2,2,1,1,1,2,2,0,0,0
2008,18,47,1,180513,1,5,1,2,4,2,4,2,1,2,2,2,1,2,2,2,2,2,2,2,1,2,2,2,2,2,2,2,1,2,2,0,0,0
2008,18,81,1,180514,1,5,1,2,1,2,5,2,2,1,1,2,2,1,2,1,1,2,2,2,3,2,2,2,2,2,2,2,2,2,2,0,0,0
2008,18,97,1,180515,1,5,1,2,1,1,6,1,1,1,2,2,1,2,2,2,1,2,2,2,2,2,2,2,2,2,2,2,2,2,2,0,0,0
2008,18,97,1,180516,1,5,1,2,1,2,6,2,1,1,1,2,1,2,2,2,1,2,2,2,2,2,2,2,2,1,2,2,2,1,2,0,0,0
2008,18,17,4,180517,1,5,1,2,1,2,4,2,4,1,1,2,3,1,2,2,2,2,2,2,2,2,2,2,2,2,2,2,1,2,2,0,0,0
2008,18,125,1,180518,1,5,2,2,4,2,6,2,1,2,2,2,1,2,2,1,2,2,1,1,3,2,2,2,2,2,1,1,1,2,2,0,0,0
2008,18,97,2,180519,1,5,1,1,1,2,1,2,3,1,1,2,3,1,2,2,2,2,1,2,1,2,2,2,2,2,2,2,1,2,2,0,0,0
2008,18,73,1,180520,1,5,2,2,4,2,6,2,1,2,1,2,1,2,2,2,2,2,1,2,3,1,1,1,1,2,2,1,1,2,2,0,0,0
2008,18,133,2,180521,1,5,1,1,1,2,1,2,5,1,1,1,2,2,2,1,2,2,2,2,3,2,2,2,2,2,1,1,2,2,2,0,0,0
2008,18,163,1,180522,1,5,2,2,1,2,6,2,4,2,1,2,2,2,1,2,2,2,2,2,2,2,2,2,2,2,2,2,2,2,2,0,0,0
2008,18,127,1,180523,1,5,2,2,1,1,6,1,4,2,2,1,2,2,1,2,2,2,2,2,3,2,2,2,2,2,1,1,2,2,2,0,0,0
2008,18,89,1,180524,1,5,2,2,1,2,4,2,4,1,1,2,2,1,1,2,2,2,2,2,2,2,2,2,2,2,1,1,2,2,2,0,0,0
2008,18,39,2,180525,1,5,2,2,4,2,6,2,1,1,2,2,1,2,1,1,2,2,2,2,2,2,2,2,2,2,1,1,1,2,2,0,0,0
2008,18,97,1,180526,1,5,1,2,4,2,6,2,1,2,2,2,1,2,2,1,2,2,2,2,2,1,1,1,1,2,2,1,1,2,2,0,0,0
2008,18,151,1,180527,1,5,2,2,4,2,6,2,1,2,1,2,1,2,2,1,2,2,1,2,1,2,2,2,2,2,1,1,1,2,2,0,0,0
2008,18,167,1,180528,1,5,1,2,4,2,5,2,1,2,1,2,1,2,2,2,2,2,1,2,2,2,2,2,2,2,2,2,1,2,2,0,0,0
2008,18,127,1,180529,1,5,1,2,1,1,5,1,4,2,1,2,2,2,2,2,2,2,2,2,1,2,2,2,2,2,2,2,2,2,2,0,0,0
2008,18,127,1,180530,1,5,2,2,4,2,6,2,1,2,2,2,1,2,2,1,2,2,2,2,2,1,1,1,1,2,2,1,1,2,2,0,0,0
2008,18,97,1,180531,1,5,1,2,1,2,6,2,1,1,2,2,1,2,1,1,2,2,2,2,3,2,2,2,2,2,2,2,1,2,2,0,0,0
2008,18,81,2,180532,1,5,2,1,1,2,1,2,6,1,1,2,3,1,2,2,2,2,2,2,3,2,2,1,1,2,2,1,2,2,2,0,0,0
2008,18,81,1,180533,1,5,2,2,1,1,4,1,1,1,1,2,1,2,2,2,2,1,2,2,2,2,2,2,2,2,2,2,2,2,2,0,0,0
2008,18,1,1,180534,1,5,2,2,1,1,6,1,4,1,1,2,2,2,1,2,2,2,2,2,3,2,2,2,2,2,2,2,2,2,2,0,0,0
2008,18,63,1,180535,1,5,1,2,1,2,5,2,5,2,1,2,2,2,2,2,2,2,2,2,3,2,2,2,2,2,2,2,1,2,2,0,0,0
2008,18,97,1,180536,1,5,1,2,1,2,6,2,4,1,1,2,2,2,1,2,2,2,2,2,3,2,2,2,2,2,2,2,2,2,2,0,0,0
2008,18,173,1,180537,1,5,1,1,4,2,1,2,1,1,2,2,1,2,2,2,2,2,1,2,2,2,2,2,2,2,1,1,1,2,2,0,0,0
2008,18,97,1,180538,1,5,1,2,1,2,6,2,1,1,1,2,1,2,2,2,1,2,2,2,3,2,2,2,2,2,2,2,2,2,2,0,0,0
2008,18,141,1,180539,1,5,1,2,1,2,4,2,2,1,2,2,3,1,2,2,2,2,2,2,2,2,2,2,2,2,2,2,2,1,1,0,0,0
2008,18,57,1,180540,1,5,2,2,4,2,6,2,1,2,1,2,1,2,2,1,2,2,2,2,2,1,1,1,1,2,2,1,1,2,2,0,0,0
2008,18,143,1,180541,1,5,2,2,1,1,5,1,4,2,2,2,2,2,2,2,2,2,1,2,3,1,1,1,1,2,2,1,2,2,2,0,0,0
2008,18,97,2,180542,1,5,1,2,1,2,6,2,5,2,2,2,3,2,1,1,2,2,1,2,1,2,2,1,1,2,1,1,2,2,2,0,0,0
2008,18,153,1,180543,1,5,1,2,4,2,4,2,1,2,2,2,1,2,2,1,2,2,1,2,1,2,2,2,2,2,2,2,1,2,2,0,0,0
2008,18,175,1,180544,1,5,1,2,1,2,4,2,1,2,1,2,1,2,1,2,2,2,2,2,2,2,2,2,2,2,2,2,2,2,2,0,0,0
2008,18,97,1,180545,1,5,1,2,1,2,6,2,5,1,1,2,2,1,2,2,2,2,2,2,2,2,2,2,2,2,2,2,1,2,2,0,0,0
2008,18,97,1,180546,1,5,1,2,1,2,6,2,1,2,2,2,1,2,1,2,2,2,2,2,1,2,2,2,2,2,2,2,1,2,2,0,0,0
2008,18,183,1,180547,1,5,2,2,1,1,4,1,1,2,1,2,1,2,2,2,1,2,2,2,2,2,2,2,2,2,2,2,2,2,2,0,0,0
2008,18,183,1,180548,1,5,1,2,1,2,5,2,2,2,2,2,2,2,1,1,2,2,2,2,1,1,1,1,1,2,2,1,2,2,2,0,0,0
2008,18,61,1,180549,1,5,1,2,4,2,5,2,1,2,1,2,1,2,2,1,2,2,2,2,1,2,2,2,2,2,2,2,1,2,2,0,0,0
2008,18,95,1,180550,1,5,1,2,1,2,5,2,2,1,1,2,2,2,1,2,2,2,2,2,2,2,2,2,2,2,2,2,2,1,2,0,0,0
2008,18,89,1,180551,1,5,1,2,1,1,6,1,4,1,1,2,3,1,2,2,2,2,2,2,3,2,2,2,2,2,1,1,2,2,2,0,0,0
2008,18,5,1,180552,1,5,1,1,4,2,1,2,1,2,2,2,1,2,2,2,2,2,2,2,3,2,2,2,2,2,2,2,1,2,2,0,0,0
2008,18,167,1,180553,1,5,2,2,1,1,4,1,2,2,1,2,2,2,2,2,2,2,2,2,3,2,2,2,2,1,1,1,2,2,2,0,0,0
2008,18,63,1,180554,1,5,1,2,1,1,5,1,3,1,1,2,2,2,2,2,2,2,2,2,1,2,2,2,2,2,2,2,2,2,2,0,0,0
2008,18,87,1,180555,1,5,1,2,1,2,4,2,3,2,2,2,2,2,2,2,2,2,2,2,2,1,1,1,1,1,2,1,1,2,2,0,0,0
2008,18,3,1,180556,1,5,1,2,4,2,6,2,1,1,1,2,1,2,2,1,2,2,2,2,2,1,1,1,1,2,2,1,1,1,2,0,0,0
2008,18,133,1,180557,1,5,1,1,4,2,1,2,1,2,2,2,1,1,2,2,2,2,1,2,2,2,2,2,2,2,2,2,1,2,2,0,0,0
2008,18,127,1,180558,1,5,2,1,4,2,1,2,1,2,1,2,1,2,2,2,2,2,1,2,1,2,2,2,2,2,2,2,1,2,2,0,0,0
2008,18,39,1,180559,1,5,1,2,1,2,5,2,3,1,1,2,2,1,2,2,2,2,2,2,2,2,2,2,2,2,2,2,1,2,2,0,0,0
2008,18,43,1,180560,1,5,1,2,1,1,6,1,1,1,1,2,1,2,2,2,2,1,2,2,2,2,2,2,2,2,2,2,2,2,2,0,0,0
2008,18,79,1,180561,1,5,2,2,4,2,6,2,1,1,1,2,1,2,1,2,2,2,2,2,2,2,2,2,2,2,2,2,1,2,2,0,0,0
2008,18,31,1,180562,1,5,2,2,4,2,6,2,1,2,2,2,1,2,2,2,2,2,2,2,3,2,2,2,2,2,1,1,1,2,2,0,0,0
2008,18,175,1,180563,1,5,1,2,4,2,5,2,1,1,2,2,1,2,1,2,2,2,2,2,3,2,2,2,2,2,1,1,1,2,2,0,0,0
2008,18,127,1,180565,1,5,2,1,1,2,1,2,2,2,2,2,3,1,2,1,2,2,2,2,1,2,2,2,2,2,2,2,2,2,2,0,0,0
2008,18,97,1,180566,1,5,1,2,1,1,6,1,5,2,1,2,2,2,2,2,2,2,1,2,2,1,1,1,1,2,2,1,2,2,2,0,0,0
2008,18,141,1,180567,1,5,2,2,4,2,6,2,1,2,1,2,1,2,2,2,2,2,2,2,1,2,2,2,2,2,2,2,1,2,2,0,0,0
2008,18,25,1,180569,1,5,2,2,4,2,6,2,1,2,1,2,1,2,2,1,2,2,2,2,1,2,2,2,2,2,2,2,1,2,2,0,0,0
2008,18,5,1,180570,1,5,2,2,4,2,6,2,1,1,1,2,1,2,2,2,2,2,1,2,3,2,2,2,2,2,2,2,1,2,2,0,0,0
2008,18,59,1,180571,1,5,2,2,4,2,6,2,1,2,2,2,1,2,2,1,2,2,1,2,1,1,1,1,1,2,2,1,1,2,2,0,0,0
2008,18,97,1,180572,1,5,1,2,1,2,6,2,4,1,2,2,2,2,2,1,2,2,2,2,3,2,2,1,1,2,2,1,1,2,2,0,0,0
2008,18,153,1,180573,1,5,2,2,4,2,6,2,1,2,2,2,1,2,2,1,2,2,1,2,3,2,2,2,2,2,2,2,1,2,2,0,0,0
2008,18,69,1,180574,1,5,2,2,4,2,6,2,1,2,2,2,1,2,2,2,2,2,2,2,1,2,2,2,2,2,2,2,1,2,2,0,0,0
2008,18,23,1,180575,1,5,2,2,1,1,6,1,4,1,1,2,2,2,2,2,2,2,2,2,2,2,2,2,2,2,2,2,2,2,2,0,0,0
2008,18,167,1,180576,1,5,1,2,1,2,5,2,2,1,1,2,2,1,2,1,2,2,2,2,3,2,2,1,1,2,2,1,2,2,2,0,0,0
2008,18,173,1,180577,1,5,1,2,1,1,5,1,4,2,1,2,2,1,2,2,2,2,2,2,3,2,2,2,2,2,2,2,2,2,2,0,0,0
2008,18,169,1,180578,1,5,2,2,1,2,6,2,3,1,1,2,2,2,2,2,2,2,2,2,3,1,1,1,1,2,2,1,1,2,1,0,0,0
2008,18,3,1,180579,1,5,2,2,4,2,6,3,1,1,1,2,1,2,2,1,2,2,2,2,3,2,2,2,2,1,2,2,1,2,2,0,0,0
2008,18,91,1,180580,1,5,2,2,4,2,6,2,1,2,2,2,1,2,2,2,2,2,1,2,1,2,2,2,2,2,1,1,1,2,2,0,0,0
2008,18,73,2,180581,1,5,1,2,1,2,5,2,3,1,2,2,2,2,1,2,2,2,2,2,3,1,1,1,1,2,2,1,2,2,2,0,0,0
2008,18,7,1,180582,1,5,1,2,1,2,4,2,2,1,1,2,2,1,2,2,2,2,1,2,2,2,2,2,2,2,1,1,2,1,2,0,0,0
2008,18,39,1,180583,1,5,1,1,1,2,1,2,5,2,1,2,2,1,2,2,2,2,2,2,2,2,2,2,2,2,2,2,1,1,2,0,0,0
2008,18,1,1,180585,1,5,2,2,1,2,6,2,1,1,2,2,1,2,2,1,2,2,2,2,2,2,2,2,2,2,2,2,2,2,2,0,0,0
2008,18,163,1,180586,1,5,1,2,1,1,6,1,4,1,1,2,2,2,2,2,2,2,2,2,3,2,2,2,2,1,2,2,2,2,2,0,0,0
2008,18,57,1,180587,1,5,1,2,4,2,5,2,1,2,1,2,1,2,2,2,2,2,1,2,2,2,2,2,2,2,2,2,1,2,2,0,0,0
2008,18,67,1,180588,1,5,1,2,1,1,6,1,5,1,1,2,1,1,2,2,2,2,2,2,2,2,2,2,2,2,2,2,2,2,2,0,0,0
2008,18,3,2,180589,1,5,2,2,1,1,6,1,4,1,1,2,2,2,2,2,2,2,1,2,2,2,2,2,2,1,2,2,2,2,2,0,0,0
2008,18,81,1,180590,1,5,2,2,1,1,5,1,4,2,1,2,2,2,2,2,2,2,2,2,2,1,1,1,1,2,2,1,2,2,2,0,0,0
2008,18,53,1,180591,1,5,1,2,1,2,5,2,4,1,2,2,2,2,1,2,2,2,2,2,3,2,2,2,2,2,2,2,2,2,2,0,0,0
2008,18,91,2,180592,1,5,1,2,1,2,4,2,3,2,1,2,2,2,1,2,2,2,2,2,3,2,2,2,2,2,2,2,1,2,1,0,0,0
2008,18,181,1,180593,1,5,1,2,1,2,6,2,1,1,2,2,1,2,2,2,2,1,2,2,2,2,2,2,2,2,2,2,2,2,2,0,0,0
2008,18,39,1,180594,1,5,2,2,1,1,5,1,1,2,1,2,1,1,2,2,1,2,2,2,2,2,2,2,2,2,2,2,2,2,2,0,0,0
2008,18,183,1,180595,1,5,1,2,1,1,5,1,5,1,1,2,2,2,2,2,2,2,1,2,3,2,2,2,2,1,2,2,2,2,2,0,0,0
2008,18,173,2,180596,1,5,1,2,1,2,5,2,3,1,1,2,2,2,2,2,2,2,2,2,2,1,1,1,1,2,2,1,1,2,2,0,0,0
2008,18,95,1,180597,1,5,1,2,1,1,6,1,4,1,1,2,2,1,2,2,2,2,2,2,3,2,2,2,2,2,1,1,2,2,2,0,0,0
2008,18,163,1,180598,1,5,2,2,1,2,5,2,1,2,2,2,1,2,1,2,2,2,2,2,1,2,2,2,2,2,2,2,2,2,2,0,0,0
2008,18,167,1,180599,1,5,1,2,1,2,6,2,1,1,1,2,1,2,2,2,1,2,2,2,2,2,2,2,2,2,2,2,2,2,2,0,0,0
2008,18,127,1,180600,1,5,1,2,1,1,4,1,4,2,1,2,2,2,2,1,2,2,2,2,2,1,1,1,1,1,2,1,2,2,2,0,0,0
2008,18,127,1,180601,1,5,2,2,1,2,6,2,3,1,1,2,2,2,2,2,2,2,1,2,1,1,1,1,1,2,2,1,1,2,2,0,0,0
2008,18,127,1,180602,1,5,1,2,1,2,5,2,5,2,1,2,3,1,2,2,2,2,2,2,3,2,2,2,2,1,2,2,2,2,2,0,0,0
2008,18,149,1,180603,1,5,2,2,1,1,4,1,1,2,1,2,1,2,2,2,1,2,2,2,3,1,1,1,1,2,2,1,2,2,2,0,0,0
2008,18,95,1,180604,1,5,2,2,1,2,5,2,2,1,1,2,2,2,1,1,2,2,2,2,2,2,2,2,2,2,1,1,2,1,2,0,0,0
2008,18,29,1,180605,1,5,2,2,4,2,6,2,1,2,1,2,1,2,2,1,2,2,1,2,3,1,1,1,1,2,2,1,1,2,2,0,0,0
2008,18,183,1,180606,1,5,1,2,4,2,4,2,1,2,1,2,1,2,2,1,2,2,1,2,1,2,2,2,2,2,1,1,1,2,2,0,0,0
2008,18,109,1,180607,1,5,1,2,1,2,5,2,3,1,1,2,2,2,2,2,2,2,2,2,3,1,1,1,1,2,2,1,1,2,2,0,0,0
2008,18,75,1,180608,1,5,2,2,4,2,6,2,1,2,1,2,1,2,2,2,2,2,1,2,3,2,2,2,2,2,2,2,1,2,2,0,0,0
2008,18,95,1,180609,1,5,1,2,1,1,5,1,3,2,2,2,2,2,1,2,2,2,2,2,1,2,2,2,2,2,2,2,2,2,2,0,0,0
2008,18,97,1,180610,1,5,1,2,4,2,6,2,1,1,1,2,1,2,2,2,2,2,2,2,2,2,2,2,2,2,2,2,1,2,2,0,0,0
2008,18,79,1,180611,1,5,1,2,2,1,5,1,1,1,1,2,1,2,2,2,2,1,2,2,1,2,2,2,2,2,2,2,2,2,2,0,0,0
2008,18,97,1,180612,1,5,1,2,1,2,6,2,1,2,1,2,1,2,2,2,1,2,2,2,3,2,2,2,2,2,2,2,2,2,2,0,0,0
2008,18,167,1,180613,1,5,2,2,4,2,6,2,1,2,2,2,1,2,2,2,2,2,2,2,1,2,2,2,2,2,2,2,1,2,2,0,0,0
2008,18,1,1,180614,1,5,2,2,1,1,4,1,1,2,2,2,1,2,1,2,2,2,2,2,3,2,2,2,2,2,2,2,2,2,2,0,0,0
2008,18,19,1,180615,1,5,2,2,4,2,6,2,1,1,1,2,1,2,2,1,2,2,2,2,1,2,2,2,2,2,1,1,1,2,2,0,0,0
2008,18,59,2,180616,1,5,1,2,1,2,5,2,4,1,1,2,2,2,2,1,2,2,2,2,2,2,2,2,2,2,1,1,2,2,2,0,0,0
2008,18,97,1,180617,1,5,2,1,4,2,1,3,1,2,2,2,1,2,2,2,2,2,2,2,1,2,2,2,2,2,2,2,1,2,2,0,0,0
2008,18,157,1,180618,1,5,1,1,1,2,1,2,1,2,1,2,2,1,2,2,2,2,1,2,1,2,2,2,2,2,1,1,1,2,2,0,0,0
2008,18,151,1,180619,1,5,1,1,4,2,1,2,1,1,1,2,1,2,2,2,2,2,1,2,2,2,2,2,2,1,2,2,1,2,2,0,0,0
2008,18,183,1,180620,1,5,2,2,4,1,6,1,1,1,1,2,1,2,2,1,2,2,1,2,3,2,2,2,2,2,1,1,2,2,2,0,0,0
2008,18,29,1,180621,1,5,1,1,4,2,1,2,1,2,1,2,1,2,2,2,2,2,2,2,3,2,2,2,2,2,2,2,1,2,2,0,0,0
2008,18,43,2,180622,1,5,1,2,4,2,5,2,1,1,1,2,3,1,2,2,2,2,2,2,3,2,2,1,1,1,2,1,1,2,2,0,0,0
2008,18,147,1,180623,1,5,1,2,1,2,4,2,3,1,1,2,2,1,2,2,2,2,2,2,2,2,2,2,2,2,2,2,1,2,1,0,0,0
2008,18,3,1,180624,1,5,1,2,1,1,4,1,4,1,1,2,2,2,2,2,2,2,2,2,2,1,1,1,1,2,2,1,2,2,2,0,0,0
2008,18,97,1,180625,1,5,1,2,1,2,6,2,1,2,1,2,1,2,2,2,1,2,2,2,2,2,2,2,2,2,2,2,2,2,2,0,0,0
2008,18,133,1,180626,1,5,2,2,4,2,6,2,2,1,1,2,1,2,2,2,2,2,2,2,3,2,2,2,2,2,2,2,1,2,2,0,0,0
2008,18,97,2,180627,1,5,1,2,1,2,6,2,1,2,1,2,1,2,2,2,1,2,2,2,2,2,2,2,2,2,1,1,2,2,2,0,0,0
2008,18,177,1,180628,1,5,2,2,1,2,6,2,3,2,2,2,2,2,2,2,2,2,2,2,1,2,2,2,2,2,1,1,1,2,2,0,0,0
2008,18,103,1,180629,1,5,1,2,1,1,5,1,4,1,1,2,2,1,2,2,2,2,2,2,2,2,2,2,2,2,2,2,2,2,2,0,0,0
2008,18,147,1,180630,1,5,1,2,4,2,6,2,1,2,2,2,1,2,2,1,2,2,2,2,1,2,2,2,2,2,2,2,1,2,2,0,0,0
2008,18,169,1,180631,1,5,2,2,1,2,6,3,1,1,2,2,1,2,2,2,2,2,2,2,3,1,1,1,1,2,2,1,2,2,2,0,0,0
2008,18,57,1,180632,1,5,2,2,1,1,4,1,2,1,1,2,3,1,2,2,2,2,2,2,2,2,2,2,2,2,2,2,2,2,2,0,0,0
2008,18,3,1,180633,1,5,1,2,4,1,6,1,1,2,2,2,1,2,2,1,2,2,2,2,2,1,1,1,1,2,2,1,2,2,2,0,0,0
2008,18,33,1,180634,1,5,1,1,4,2,1,2,1,1,1,2,1,2,2,2,2,2,1,2,2,2,2,2,2,2,2,2,1,2,2,0,0,0
2008,18,149,1,180635,1,5,2,2,4,2,6,2,1,1,1,2,1,2,2,1,2,2,2,2,1,2,2,2,2,2,2,2,1,2,2,0,0,0
2008,18,73,1,180636,1,5,2,2,1,1,6,1,4,1,1,2,2,2,2,2,2,2,1,2,3,1,1,1,1,2,2,1,2,2,2,0,0,0
2008,18,169,1,180637,1,5,2,2,4,2,6,2,1,2,2,2,1,2,2,2,2,2,2,2,1,2,2,2,2,2,2,2,1,2,2,0,0,0
2008,18,111,1,180638,1,5,2,2,4,2,6,2,1,2,2,2,1,2,2,2,2,2,1,2,1,2,2,2,2,2,2,2,1,2,2,0,0,0
2008,18,19,1,180640,1,5,2,1,4,2,1,2,1,2,2,2,1,2,2,1,2,2,2,2,1,2,2,2,2,2,1,1,1,2,2,0,0,0
2008,18,19,1,180641,1,5,1,2,1,1,6,1,4,1,1,2,2,2,2,2,2,2,2,2,3,2,2,2,2,1,2,2,2,2,2,0,0,0
2008,18,89,1,180642,1,5,2,2,4,1,5,1,1,1,1,2,1,2,2,1,2,2,2,2,2,2,2,2,2,2,2,2,2,2,2,0,0,0
2008,18,75,1,180643,1,5,2,2,4,2,6,2,1,2,2,2,1,2,2,2,2,2,1,2,3,2,2,2,2,2,2,2,1,2,2,0,0,0
2008,18,157,1,180644,1,5,1,2,1,1,4,1,4,2,2,2,2,2,2,2,2,2,2,2,1,1,1,1,1,2,2,1,2,2,2,0,0,0
2008,18,137,1,180645,1,5,1,1,4,2,1,2,1,2,2,2,1,2,2,1,2,2,1,2,2,2,2,2,2,2,2,2,1,2,2,0,0,0
2008,18,89,2,180646,1,5,2,2,1,1,6,1,3,2,2,2,2,2,2,1,2,2,2,2,1,2,2,2,2,2,2,2,2,2,2,0,0,0
2008,18,103,1,180647,1,5,2,2,4,2,6,2,1,1,1,2,1,2,2,1,2,2,1,2,3,2,2,2,2,2,2,2,1,2,2,0,0,0
2008,18,105,1,180648,1,5,1,2,1,2,5,2,1,2,2,2,1,2,2,2,1,2,2,2,2,1,1,1,1,2,2,1,2,1,2,0,0,0
2008,18,139,1,180649,1,5,1,2,4,2,5,2,1,1,1,2,1,2,2,1,2,2,1,2,2,1,1,1,1,2,2,1,1,1,2,0,0,0
2008,18,81,2,180650,1,5,2,2,4,2,4,2,1,2,1,2,1,2,2,1,2,2,1,2,1,1,1,1,1,2,2,1,1,2,2,0,0,0
2008,18,89,2,180651,1,5,1,1,2,2,1,2,1,2,1,2,1,2,2,2,2,2,1,2,1,2,2,2,2,2,2,2,1,2,2,0,0,0
2008,18,91,1,180652,1,5,1,2,4,2,5,2,1,2,2,2,1,2,2,2,2,2,1,2,1,2,2,2,2,2,1,1,1,2,2,0,0,0
2008,18,167,1,180653,1,5,1,1,1,2,1,2,1,1,1,2,1,2,2,2,2,2,1,2,2,2,2,2,2,2,2,2,1,2,2,0,0,0
2008,18,17,1,180654,1,5,2,2,4,2,4,2,1,2,1,2,1,2,2,2,2,2,1,2,2,2,2,2,2,2,2,2,1,2,2,0,0,0
2008,18,167,1,180655,1,5,1,2,4,2,6,2,1,2,2,2,1,2,2,1,2,2,2,2,1,2,2,2,2,2,2,2,1,2,2,0,0,0
2008,18,113,2,180656,1,5,1,2,1,1,4,1,4,2,2,2,2,1,2,2,2,2,1,2,1,2,2,2,2,2,2,2,2,2,2,0,0,0
2008,18,11,1,180657,1,5,1,1,1,2,1,2,3,2,1,2,2,1,2,2,2,2,2,2,3,2,2,2,2,2,2,2,2,2,2,0,0,0
2008,18,57,1,180658,1,5,2,2,1,1,4,1,4,2,2,2,2,1,2,2,2,2,2,2,1,2,2,2,2,2,1,1,2,2,2,0,0,0
2008,18,51,1,180659,1,5,1,2,1,2,4,2,5,1,1,2,2,2,2,2,2,2,1,2,1,2,2,2,2,2,2,2,2,2,2,0,0,0
2008,18,9,1,180660,1,5,1,2,4,2,6,2,1,1,2,2,1,2,1,1,2,2,2,2,1,2,2,2,2,2,2,2,1,2,2,0,0,0
2008,18,3,1,180661,1,5,1,2,1,1,6,1,2,1,2,1,3,2,2,1,2,2,2,2,1,2,2,2,2,2,1,1,2,2,2,0,0,0
2008,18,21,2,180662,1,5,2,2,4,2,6,2,1,2,1,2,1,2,2,1,2,2,1,2,2,2,2,2,2,1,2,2,1,2,2,0,0,0
2008,18,167,2,180663,1,5,2,2,1,2,4,2,4,2,1,2,2,2,2,1,2,2,2,2,3,2,2,2,2,2,1,1,1,2,2,0,0,0
2008,18,93,1,180664,1,5,1,2,4,2,6,2,1,1,1,2,1,2,2,1,2,2,1,2,3,2,2,2,2,2,1,1,1,2,2,0,0,0
2008,18,89,1,180665,1,5,1,2,4,2,6,2,1,2,2,2,1,2,2,1,2,2,2,2,3,1,1,1,1,2,2,1,1,2,2,0,0,0
2008,18,97,1,180666,1,5,1,2,1,2,6,2,4,1,2,2,2,1,2,2,2,2,2,2,3,2,2,2,2,2,2,2,2,2,2,0,0,0
2008,18,89,2,180667,1,5,1,2,1,1,6,1,4,2,2,2,2,2,2,1,2,2,2,2,1,2,2,2,2,2,2,2,2,2,2,0,0,0
2008,18,89,1,180668,1,5,2,2,3,2,4,2,1,2,1,2,1,2,2,1,2,2,2,2,1,2,2,2,2,2,2,2,1,2,2,0,0,0
2008,18,177,1,180669,1,5,1,2,4,2,5,2,1,2,2,2,1,2,2,2,2,2,2,2,1,2,2,2,2,2,1,1,1,2,2,0,0,0
2008,18,95,1,180670,1,5,2,2,4,2,6,2,1,1,2,2,1,2,2,1,2,2,2,2,2,2,2,2,2,2,2,2,1,2,2,0,0,0
2008,18,95,1,180671,1,5,2,2,1,2,6,2,2,1,1,2,2,2,2,1,2,2,1,2,1,2,2,2,2,2,1,1,2,2,2,0,0,0
2008,18,97,3,180672,1,5,1,2,4,2,6,2,1,2,1,2,1,2,2,2,2,2,2,2,1,2,2,2,2,2,2,2,1,2,2,0,0,0
2008,18,91,1,180673,1,5,1,2,4,2,4,2,1,1,1,2,1,2,2,2,2,2,2,2,3,2,2,2,2,2,1,1,1,2,2,0,0,0
2008,18,75,1,180674,1,5,1,2,4,2,5,2,1,1,2,2,1,2,2,2,2,2,2,2,3,2,2,2,2,1,2,2,1,2,2,0,0,0
2008,18,99,1,180675,1,5,2,2,4,2,6,2,1,2,2,2,1,2,2,2,2,2,2,2,1,1,1,1,1,2,2,1,1,2,2,0,0,0
2008,18,157,1,180676,1,5,1,2,4,1,4,1,1,1,1,2,1,2,2,1,2,2,2,2,3,2,2,2,2,1,2,2,2,2,2,0,0,0
2008,18,39,1,180677,1,5,2,2,1,2,6,2,1,2,1,2,1,2,2,2,2,2,2,2,2,2,2,2,2,2,2,2,2,2,2,0,0,0
2008,18,43,1,180678,1,5,1,2,1,2,4,2,3,1,1,2,2,1,2,2,2,2,2,2,2,2,2,2,2,2,2,2,1,2,2,0,0,0
2008,18,31,1,180679,1,5,2,2,1,1,4,1,1,1,1,2,1,2,2,2,1,2,2,2,2,2,2,2,2,2,2,2,2,2,2,0,0,0
2008,18,61,1,180680,1,5,1,2,4,2,5,2,1,2,2,2,1,2,2,2,2,2,2,2,3,2,2,2,2,1,2,2,1,2,2,0,0,0
2008,18,175,1,180681,1,5,2,2,1,2,6,2,3,1,2,2,2,2,2,2,2,2,2,2,2,2,2,2,2,2,2,2,1,2,2,0,0,0
2008,18,35,1,180682,1,5,1,2,1,2,5,2,1,1,1,2,1,2,2,2,1,2,2,2,2,2,2,2,2,2,2,2,2,2,2,0,0,0
2008,18,107,1,180683,1,5,1,2,1,2,4,2,4,1,2,2,2,2,2,1,2,2,2,2,3,2,2,2,2,2,2,2,1,2,2,0,0,0
2008,18,39,1,180684,1,5,2,2,4,2,6,2,1,2,2,2,1,2,2,1,2,2,1,2,1,2,2,1,1,2,2,1,2,2,2,0,0,0
2008,18,39,2,180685,1,5,1,2,1,1,5,1,4,1,2,2,2,2,2,2,2,2,2,2,2,2,2,2,2,1,2,2,2,2,2,0,0,0
2008,18,91,1,180686,1,5,1,2,1,1,6,1,4,1,1,2,2,2,2,2,2,2,2,2,3,2,2,2,2,2,2,2,2,2,2,0,0,0
2008,18,97,1,180687,1,5,1,2,4,2,6,2,4,2,2,2,1,2,2,1,2,2,1,2,3,2,2,2,2,2,2,2,2,2,2,0,0,0
2008,18,97,1,180688,1,5,1,2,4,2,6,2,1,2,2,2,1,2,2,2,2,2,2,2,1,1,1,1,1,2,2,1,1,2,2,0,0,0
2008,18,163,1,180689,1,5,1,2,4,1,6,1,1,1,2,2,1,2,2,2,2,2,2,2,3,2,2,2,2,2,2,2,2,2,2,0,0,0
2008,18,11,1,180690,1,5,2,2,4,2,4,2,1,2,1,2,1,2,2,2,2,2,2,2,3,2,2,2,2,2,2,2,1,2,2,0,0,0
2008,18,141,1,180691,1,5,1,2,4,2,6,2,1,1,1,2,2,1,2,2,2,2,2,2,3,2,2,2,2,2,2,2,1,2,2,0,0,0
2008,18,141,2,180692,1,5,2,2,1,2,6,2,4,1,1,2,2,2,2,1,2,2,2,2,3,2,2,2,2,1,2,2,1,2,2,0,0,0
2008,18,181,1,180693,1,5,2,2,4,2,6,2,1,2,2,2,1,2,2,1,2,2,2,2,2,1,1,1,1,2,2,1,1,2,2,0,0,0
2008,18,133,1,180694,1,5,1,1,1,2,1,2,4,1,1,2,3,1,2,1,2,2,1,2,3,2,2,2,2,2,2,2,2,2,2,0,0,0
2008,18,173,1,180695,1,5,2,2,4,2,6,2,1,2,1,2,1,2,2,2,2,2,2,2,3,2,2,2,2,2,2,2,1,2,2,0,0,0
2008,18,91,2,180696,1,5,2,2,4,2,6,2,1,2,1,2,1,2,2,2,2,2,2,2,1,2,2,2,2,2,2,2,1,2,2,0,0,0
2008,18,141,1,180697,1,5,1,1,4,2,1,2,5,2,1,1,1,2,2,2,1,2,2,2,3,2,2,2,2,2,2,2,1,2,2,0,0,0
2008,18,27,4,180698,1,5,1,2,1,2,4,2,4,1,1,2,2,1,2,2,2,2,2,2,2,2,2,2,2,1,2,2,2,2,2,0,0,0
2008,18,23,1,180699,1,5,1,1,1,2,1,2,4,2,2,2,3,2,2,2,2,2,1,2,3,2,2,2,2,2,1,1,1,2,2,0,0,0
2008,18,97,1,180700,1,5,1,2,1,2,6,2,3,1,2,2,2,2,2,1,2,2,1,2,3,2,2,2,2,2,2,2,1,2,2,0,0,0
2008,18,21,1,180701,1,5,2,2,4,2,6,2,1,2,2,2,1,2,2,1,2,2,1,2,1,2,2,2,2,2,2,2,1,2,2,0,0,0
2008,18,141,4,180702,1,5,1,1,1,2,1,2,3,2,2,2,2,1,2,1,2,2,2,2,3,2,2,2,2,2,1,1,1,2,2,0,0,0
2008,18,65,3,180703,1,5,1,1,4,2,1,2,1,1,1,2,2,1,2,1,2,2,1,2,2,2,2,2,2,2,2,2,1,2,2,0,0,0
2008,18,141,1,180704,1,5,1,2,1,1,6,1,1,1,1,2,1,2,2,2,1,2,2,2,2,2,2,2,2,2,2,2,2,2,2,0,0,0
2008,18,119,1,180705,1,5,1,2,1,2,4,2,3,1,2,2,2,2,2,2,2,2,2,2,3,2,2,2,2,2,2,2,1,2,2,0,0,0
2008,18,57,1,180706,1,5,1,2,1,2,5,2,3,1,1,2,3,2,2,2,2,2,2,2,3,2,2,2,2,2,1,1,1,2,2,0,0,0
2008,18,163,1,180707,1,5,1,2,1,2,6,2,3,2,1,2,2,2,2,2,2,2,1,1,1,2,2,1,1,2,2,1,2,2,2,0,0,0
2008,18,11,2,180708,1,5,1,2,4,2,4,2,1,1,1,2,1,2,2,2,2,2,2,2,3,2,2,2,2,1,2,2,1,2,2,0,0,0
2008,18,145,1,180709,1,5,2,2,4,2,6,2,1,2,1,2,1,2,2,2,2,2,1,2,3,2,2,2,2,2,2,2,1,2,2,0,0,0
2008,18,157,2,180710,1,5,1,2,4,2,4,2,1,1,1,2,1,2,2,1,2,2,2,2,3,2,2,2,2,2,2,2,1,2,2,0,0,0
2008,18,157,3,180711,1,5,1,2,1,2,5,2,4,1,1,2,2,2,2,1,2,2,1,2,3,2,2,2,2,1,2,2,1,2,2,0,0,0
2008,18,57,2,180712,1,5,1,2,1,2,5,2,4,1,1,2,3,1,2,2,2,2,2,2,2,2,2,2,2,1,2,2,1,2,2,0,0,0
2008,18,93,2,180713,1,5,2,2,4,2,6,2,1,2,2,2,1,2,2,1,2,2,2,2,1,1,1,1,1,2,2,1,1,2,2,0,0,0
2008,18,63,1,180714,1,5,1,2,1,1,6,1,3,2,1,2,2,1,2,2,2,2,2,2,2,2,2,2,2,1,2,2,2,2,2,0,0,0
2008,18,79,1,180715,1,5,2,2,4,2,6,2,1,1,1,2,1,2,2,2,2,2,1,2,1,2,2,2,2,2,2,2,1,2,2,0,0,0
2008,18,71,1,180716,1,5,1,2,1,2,4,2,3,1,1,2,3,2,2,2,2,2,2,2,3,2,2,2,2,2,2,2,1,1,2,0,0,0
2008,18,13,1,180717,1,5,1,2,4,2,5,2,1,1,1,2,1,2,2,1,2,2,1,2,3,2,2,2,2,1,2,2,1,2,2,0,0,0
2008,18,119,1,180718,1,5,2,2,4,2,6,2,1,1,1,2,1,2,2,2,2,2,2,2,1,2,2,2,2,1,2,2,1,2,2,0,0,0
2008,18,97,1,180719,1,5,1,2,1,2,6,2,1,2,1,2,1,2,2,2,1,2,2,1,2,2,2,2,2,2,1,1,2,2,2,0,0,0
2008,18,119,1,180720,1,5,2,2,4,2,6,2,1,1,1,2,1,2,2,1,2,2,1,2,1,2,2,2,2,2,2,2,1,2,2,0,0,0
2008,18,149,3,180721,1,5,1,2,1,2,4,2,3,1,1,2,2,2,2,2,2,2,2,2,1,2,2,2,2,2,2,2,2,2,2,0,0,0
2008,18,97,1,180722,1,5,1,2,4,1,6,1,1,2,2,2,1,2,2,1,2,2,2,1,3,2,2,2,2,2,1,1,2,2,2,0,0,0
2008,18,61,1,180723,1,5,1,2,4,2,5,2,1,2,2,2,1,2,2,2,2,2,2,2,1,2,2,2,2,2,1,1,1,2,2,0,0,0
2008,18,37,1,180724,1,5,1,2,1,2,4,2,4,1,1,2,2,2,2,2,2,2,2,2,3,2,2,2,2,2,2,2,1,2,2,0,0,0
2008,18,87,1,180725,1,5,1,2,1,2,6,2,1,1,2,2,1,2,2,2,2,2,2,2,3,2,2,2,2,2,2,2,2,2,2,0,0,0
2008,18,37,1,180726,1,5,1,2,4,2,5,2,1,2,1,2,1,2,2,2,2,2,1,2,1,1,1,1,1,2,2,1,1,2,2,0,0,0
2008,18,165,1,180727,1,5,2,2,1,1,5,1,4,1,2,2,2,2,2,2,2,2,2,2,3,2,2,2,2,2,2,2,2,2,2,0,0,0
2008,18,133,1,180728,1,5,1,2,1,1,6,1,4,1,2,2,2,2,2,2,2,2,2,2,3,1,1,1,1,1,2,1,2,2,2,0,0,0
2008,18,117,1,180729,1,5,2,2,4,2,6,2,1,1,1,2,1,2,2,1,2,2,2,2,3,2,2,2,2,2,2,2,1,2,2,0,0,0
2008,18,127,1,180730,1,5,1,2,1,1,5,1,1,1,1,1,1,2,2,1,1,2,2,2,2,2,2,2,2,2,2,2,2,2,2,0,0,0
2008,18,97,1,180731,1,5,1,2,4,2,6,2,1,1,1,2,1,2,2,1,2,2,2,2,3,2,2,2,2,2,2,2,1,2,2,0,0,0
2008,18,149,1,180732,1,5,2,2,4,2,6,2,1,2,1,2,1,2,2,2,2,2,2,2,3,2,2,2,2,2,1,1,1,2,2,0,0,0
2008,18,97,1,180733,1,5,1,2,1,1,6,1,4,1,1,2,2,2,1,2,2,2,2,2,3,1,1,1,1,2,2,1,2,2,2,0,0,0
2008,18,97,1,180734,1,5,1,2,4,2,6,2,1,2,2,2,1,2,2,1,2,2,2,2,3,2,2,2,2,2,1,1,1,2,2,0,0,0
2008,18,109,1,180735,1,5,1,2,1,1,6,1,1,2,1,2,1,2,1,2,2,2,2,2,1,2,2,2,2,2,2,2,2,2,2,0,0,0
2008,18,109,1,180736,1,5,2,2,4,2,6,2,1,2,1,2,1,2,2,1,2,2,2,1,1,2,2,2,2,2,2,2,1,2,2,0,0,0
2008,18,97,1,180737,1,5,1,2,1,1,6,1,4,2,1,2,2,2,2,1,2,2,2,2,1,2,2,2,2,1,2,2,2,2,2,0,0,0
2008,18,155,1,180739,1,5,2,2,4,2,6,2,1,2,1,2,1,2,2,2,2,2,1,2,3,2,2,2,2,2,2,2,1,2,2,0,0,0
2008,18,139,1,180740,1,5,1,2,4,2,4,2,1,2,1,2,1,2,2,2,2,2,2,2,3,2,2,2,2,1,2,2,1,2,2,0,0,0
2008,18,97,1,180741,1,5,1,2,1,1,6,1,4,2,1,2,2,2,2,2,2,2,2,2,3,2,2,2,2,1,2,2,2,2,2,0,0,0
2008,18,75,1,180742,1,5,2,2,4,2,5,2,1,1,1,2,1,2,2,2,2,2,2,2,3,2,2,2,2,1,2,2,1,2,2,0,0,0
2008,18,157,1,180743,1,5,2,2,1,1,6,1,4,2,1,2,2,1,2,2,2,2,2,2,3,2,2,2,2,1,2,2,2,2,2,0,0,0
2008,18,109,1,180744,1,5,1,2,4,2,5,2,1,2,2,2,1,2,2,2,2,2,2,2,3,2,2,2,2,2,2,2,1,1,2,0,0,0
2008,19,43,1,190001,1,7,1,2,1,1,4,1,4,1,1,2,2,1,2,2,2,2,2,2,3,2,2,2,2,1,2,2,2,2,2,0,0,0
2008,19,9,1,190002,1,7,1,2,1,1,4,1,4,1,1,2,2,1,2,2,2,2,1,2,3,2,2,2,2,2,2,2,2,2,2,0,0,0
2008,19,155,1,190003,1,7,2,1,1,2,1,3,4,1,2,2,2,1,2,2,2,2,2,2,3,2,2,2,2,2,2,2,2,2,2,0,0,0
2008,19,165,1,190004,1,7,1,2,2,2,6,3,1,1,1,2,1,1,2,2,2,2,1,2,3,2,2,2,2,1,2,2,2,2,2,0,0,0
2008,19,123,1,190005,1,7,1,2,2,1,5,1,1,1,1,2,1,2,2,2,2,2,1,2,3,2,2,2,2,2,2,2,2,2,2,0,0,0
2008,19,39,1,190006,1,7,1,2,1,2,5,2,3,1,1,2,2,2,2,2,2,2,2,2,3,2,2,1,1,1,2,1,1,2,2,0,0,0
2008,19,123,1,190007,1,7,1,2,1,2,3,2,4,1,1,2,2,1,2,2,2,2,2,2,3,2,2,2,2,2,2,2,1,2,2,0,0,0
2008,19,183,1,190008,1,7,1,2,1,2,3,2,4,1,1,2,2,2,2,2,2,2,2,2,3,2,2,2,2,2,2,2,1,2,2,0,0,0
2008,19,157,1,190009,1,7,1,2,1,2,3,2,4,1,1,2,2,2,2,2,2,2,2,2,3,1,1,1,1,1,2,1,1,2,2,0,0,0
2008,19,127,1,190010,1,7,1,2,4,2,5,2,1,2,1,2,1,2,2,2,2,2,1,2,1,2,2,2,2,2,2,2,1,2,2,0,0,0
2008,19,115,1,190011,1,7,1,2,1,1,3,1,4,2,1,2,2,2,2,2,2,2,2,2,3,2,2,1,1,2,2,1,2,2,2,0,0,0
2008,19,13,1,190012,1,7,2,2,1,2,3,2,2,1,2,2,2,2,2,2,2,2,2,2,3,1,1,1,1,1,2,1,2,2,2,0,0,0
2008,19,187,1,190013,1,7,1,2,4,2,5,2,1,1,1,2,1,2,2,2,2,2,2,2,3,2,2,2,2,2,2,2,1,2,2,0,0,0
2008,19,155,1,190014,1,7,1,1,1,1,1,1,4,2,1,2,2,2,2,2,2,2,2,2,3,2,2,2,2,1,2,2,2,2,2,0,0,0
2008,19,139,1,190015,1,7,1,2,4,2,5,2,1,2,2,2,1,2,2,2,2,2,1,2,3,2,2,2,2,2,2,2,1,2,2,0,0,0
2008,19,157,1,190016,1,7,1,1,1,2,1,2,4,1,1,2,3,1,2,2,2,2,2,2,3,2,2,2,2,2,2,2,1,2,2,0,0,0
2008,19,93,1,190017,1,7,1,2,1,2,5,3,4,1,1,2,2,1,2,2,2,2,2,2,3,2,2,2,2,1,2,2,2,2,2,0,0,0
2008,19,177,1,190018,1,7,1,2,4,1,5,1,1,2,2,2,1,2,2,2,2,2,1,2,1,2,2,2,2,2,1,1,2,2,2,0,0,0
2008,19,157,2,190019,1,7,1,2,4,2,5,2,1,2,2,2,1,2,2,2,2,2,1,2,3,1,1,1,1,2,2,1,1,2,2,0,0,0
2008,19,153,1,190020,1,7,1,2,2,2,6,2,1,2,2,2,1,2,2,2,2,2,2,2,1,1,1,1,1,2,2,1,1,2,2,0,0,0
2008,19,133,1,190021,1,7,1,1,3,2,1,2,1,1,1,2,1,2,2,2,2,2,1,2,3,2,2,2,2,2,1,1,1,2,2,0,0,0
2008,19,23,2,190022,1,7,1,2,1,2,5,2,3,1,1,2,2,2,2,2,2,2,2,2,3,2,2,2,2,1,2,2,1,2,2,0,0,0
2008,19,61,1,190024,1,7,1,2,1,2,3,2,2,1,1,2,3,1,2,1,2,2,2,2,3,2,2,2,2,1,2,2,2,2,2,0,0,0
2008,19,153,1,190025,1,7,1,2,1,2,4,2,4,1,1,2,2,2,2,2,2,2,2,2,3,2,2,2,2,2,1,1,2,2,2,0,0,0
2008,19,13,1,190026,1,7,1,1,3,2,1,2,1,1,1,2,1,2,2,2,2,2,1,2,3,2,2,2,2,1,2,2,1,2,2,0,0,0
2008,19,11,1,190027,1,7,1,1,2,2,1,2,2,2,1,2,1,2,2,2,1,2,2,2,3,2,2,2,2,2,2,2,2,2,2,0,0,0
2008,19,57,1,190028,1,7,1,2,1,2,3,2,1,2,1,1,1,2,2,2,1,2,2,2,1,2,2,2,2,2,2,2,2,2,2,0,0,0
2008,19,103,1,190029,1,7,1,1,1,2,1,2,4,2,1,2,2,1,2,2,2,2,2,2,3,2,2,2,2,2,2,2,1,2,2,0,0,0
2008,19,31,1,190031,1,7,1,1,4,2,1,2,1,1,1,2,1,1,2,2,2,2,2,2,3,2,2,2,2,2,2,2,1,2,2,0,0,0
2008,19,95,1,190032,1,7,1,1,1,2,1,2,1,2,1,2,1,2,2,2,1,2,2,2,3,2,2,2,2,2,2,2,2,2,2,0,0,0
2008,19,181,1,190033,1,7,1,1,1,2,1,2,4,2,1,2,2,2,2,2,2,2,2,2,3,2,2,2,2,2,2,2,1,2,2,0,0,0
2008,19,179,1,190034,1,7,1,2,1,2,3,2,4,2,1,2,2,1,2,2,2,2,2,2,3,2,2,2,2,1,2,2,1,2,2,0,0,0
2008,19,99,1,190035,1,7,1,1,4,2,1,2,1,2,1,2,1,2,2,2,2,2,1,2,3,2,2,2,2,2,2,2,1,2,2,0,0,0
2008,19,35,1,190036,1,7,1,2,1,2,6,2,1,2,2,2,1,2,2,2,2,2,1,2,1,2,2,2,2,2,2,2,1,2,2,0,0,0
2008,19,145,1,190037,1,7,1,2,4,2,6,3,1,2,2,2,1,2,2,2,2,2,2,2,3,2,2,2,2,1,2,2,1,2,2,0,0,0
2008,19,115,2,190038,1,7,1,2,1,2,5,2,4,1,2,2,2,2,2,2,2,2,2,2,3,2,2,1,1,2,2,1,1,2,2,0,0,0
2008,19,127,1,190039,1,7,2,2,4,2,6,2,1,1,2,2,1,2,2,2,2,2,1,2,3,2,2,2,2,2,2,2,1,2,2,0,0,0
2008,19,193,3,190040,1,7,2,1,4,2,1,2,1,2,1,2,1,2,2,2,2,2,2,2,2,2,2,1,1,2,2,1,1,2,2,0,0,0
2008,19,33,1,190041,1,7,1,1,1,2,1,2,4,1,1,2,2,1,2,2,2,2,2,2,3,2,2,2,2,1,2,2,1,2,2,0,0,0
2008,19,155,1,190042,1,7,1,1,1,2,1,2,4,1,1,2,2,1,2,2,2,2,2,2,3,2,2,2,2,2,1,1,1,2,2,0,0,0
2008,19,11,1,190043,1,7,1,2,1,2,3,2,4,1,2,2,2,2,2,2,2,2,2,2,3,2,2,1,1,1,2,1,1,2,2,0,0,0
2008,19,7,1,190045,1,7,1,2,1,2,4,2,1,2,2,2,1,2,2,2,2,2,1,2,1,2,2,2,2,2,2,2,1,2,2,0,0,0
2008,19,153,1,190046,1,7,1,2,1,1,3,1,4,1,1,2,3,2,2,2,2,2,2,2,3,2,2,2,2,2,2,2,2,2,2,0,0,0
2008,19,193,1,190047,1,7,1,2,1,2,5,2,1,2,1,2,1,2,2,2,2,2,1,2,3,1,1,1,1,2,2,1,1,2,2,0,0,0
2008,19,161,1,190048,1,7,1,2,1,2,4,2,4,2,2,2,2,2,2,2,2,2,2,2,3,2,2,2,2,2,2,2,1,2,2,0,0,0
2008,19,175,1,190049,1,7,1,2,1,1,3,1,2,1,1,2,2,2,2,2,2,2,2,2,3,2,2,2,2,2,2,2,2,2,2,0,0,0
2008,19,61,1,190050,1,7,1,2,4,2,4,2,1,1,1,2,1,2,2,2,2,2,2,2,1,2,2,2,2,2,2,2,1,2,2,0,0,0
2008,19,87,1,190051,1,7,1,2,1,2,3,2,2,2,1,2,2,1,2,2,2,2,2,2,2,1,1,1,1,2,2,1,2,2,2,0,0,0
2008,19,57,2,190052,1,7,2,2,3,2,3,2,1,2,1,2,1,2,2,2,2,2,1,2,3,2,2,2,2,2,2,2,1,2,2,0,0,0
2008,19,195,1,190053,1,7,1,1,2,2,1,2,6,1,1,2,1,2,2,2,2,2,2,2,3,2,2,2,2,2,2,2,2,2,2,0,0,0
2008,19,77,1,190054,1,7,1,2,1,2,6,2,3,1,1,2,2,1,2,2,2,2,2,2,3,2,2,2,2,1,1,1,1,2,2,0,0,0
2008,19,155,1,190055,1,7,1,1,4,2,1,2,1,1,1,2,1,2,2,2,2,2,2,2,3,2,2,2,2,2,2,2,1,2,2,0,0,0
2008,19,23,1,190056,1,7,1,2,1,2,6,2,1,2,1,2,1,2,2,2,2,2,1,2,3,2,2,2,2,2,2,2,2,2,2,0,0,0
2008,19,155,1,190057,1,7,1,2,4,2,6,2,1,2,2,1,1,2,2,2,2,2,1,2,3,2,2,2,2,2,2,2,1,2,2,0,0,0
2008,19,127,1,190058,1,7,2,2,1,2,6,3,4,2,1,2,2,2,2,2,2,2,2,2,3,2,2,2,2,2,1,1,2,2,2,0,0,0
2008,19,57,2,190059,1,7,2,2,4,2,6,2,1,1,2,2,1,2,2,1,2,2,2,2,3,1,1,1,1,2,2,1,1,2,2,0,0,0
2008,19,153,1,190060,1,7,2,2,4,2,3,2,4,2,2,2,1,2,2,2,2,2,1,2,2,2,2,2,2,2,2,2,1,1,2,0,0,0
2008,19,155,3,190061,1,7,1,2,1,2,4,2,4,1,2,2,2,2,2,2,2,2,2,2,3,2,2,2,2,2,2,2,1,2,2,0,0,0
2008,19,153,1,190062,1,7,1,1,4,2,1,2,1,2,1,2,1,1,2,2,2,2,2,2,3,2,2,2,2,2,2,2,1,2,2,0,0,0
2008,19,155,2,190063,1,7,2,2,2,1,6,1,1,2,2,2,1,2,2,1,2,2,1,2,1,2,2,2,2,2,2,2,2,2,2,0,0,0
2008,19,79,1,190064,1,7,1,2,4,2,3,2,1,2,1,2,1,2,2,1,2,2,1,2,3,2,2,2,2,2,2,2,1,2,2,0,0,0
2008,19,93,1,190065,1,7,1,2,1,2,3,2,3,1,1,2,3,1,2,2,2,2,2,2,3,1,1,1,1,2,2,1,1,2,2,0,0,0
2008,19,71,1,190066,1,7,1,1,1,2,1,2,4,1,1,2,2,2,2,2,2,2,2,2,3,2,2,2,2,2,2,2,1,2,2,0,0,0
2008,19,163,1,190067,1,7,1,2,4,2,5,2,1,2,2,2,1,2,2,2,2,2,2,2,1,2,2,2,2,2,2,2,1,2,2,0,0,0
2008,19,153,1,190068,1,7,1,1,1,2,1,2,2,1,1,2,3,2,2,2,2,2,1,2,3,2,2,2,2,2,1,1,1,2,2,0,0,0
2008,19,31,1,190069,1,7,1,1,1,2,1,2,2,1,1,2,3,1,2,2,2,2,2,2,3,2,2,2,2,2,2,2,2,2,2,0,0,0
2008,19,129,1,190070,1,7,1,2,1,2,3,2,4,2,1,2,2,2,2,2,2,2,2,2,3,1,1,1,1,2,2,1,1,2,2,0,0,0
2008,19,47,1,190071,1,7,1,2,2,2,5,2,1,1,2,2,1,2,2,2,2,2,2,2,1,2,2,2,2,2,2,2,1,2,2,0,0,0
2008,19,59,1,190072,1,7,1,2,4,2,6,2,1,2,1,2,1,2,2,2,2,2,1,2,2,2,2,2,2,2,2,2,1,2,2,0,0,0
2008,19,181,1,190073,1,7,1,1,2,2,1,2,1,2,1,2,1,1,2,2,2,2,1,2,3,2,2,2,2,2,2,2,1,2,2,0,0,0
2008,19,193,1,190074,1,7,1,2,1,2,4,2,3,1,1,2,2,2,2,2,2,2,2,2,3,2,2,2,2,1,1,1,1,2,2,0,0,0
2008,19,111,1,190075,1,7,1,2,1,1,3,1,4,1,1,2,2,1,2,2,2,2,2,2,3,2,2,2,2,1,2,2,2,2,2,0,0,0
2008,19,109,1,190076,1,7,1,2,1,2,3,2,4,1,1,2,2,2,2,2,2,2,2,2,3,2,2,2,2,1,2,2,1,2,2,0,0,0
2008,19,183,2,190077,1,7,1,2,4,2,5,2,1,1,1,2,1,2,2,2,2,2,1,2,1,1,1,1,1,2,2,1,1,2,2,0,0,0
2008,19,39,1,190078,1,7,1,2,4,2,3,2,1,1,1,2,1,2,2,2,2,2,2,2,3,2,2,2,2,1,2,2,1,2,2,0,0,0
2008,19,193,1,190079,1,7,1,1,3,2,1,2,1,1,1,2,1,2,2,2,2,2,2,2,3,2,2,2,2,2,2,2,1,2,2,0,0,0
2008,19,99,1,190080,1,7,1,2,1,1,4,1,4,1,1,2,2,1,2,2,2,2,2,2,3,2,2,2,2,2,2,2,2,2,2,0,0,0
2008,19,87,1,190081,1,7,1,2,4,1,6,1,1,3,1,2,1,2,2,2,2,2,1,2,1,2,2,2,2,2,2,2,2,2,2,0,0,0
2008,19,103,1,190082,1,7,1,2,1,2,6,2,3,1,1,2,2,2,2,2,2,2,1,2,3,2,2,1,1,2,2,1,1,2,2,0,0,0
2008,19,163,1,190083,1,7,2,2,4,1,6,1,1,2,1,2,1,2,2,2,2,2,2,2,3,2,2,2,2,1,2,2,2,2,2,0,0,0
2008,19,179,1,190084,1,7,1,2,2,2,6,2,1,2,1,2,1,2,2,2,2,2,1,2,1,2,2,2,2,2,2,2,1,2,2,0,0,0
2008,19,113,1,190085,1,7,2,2,4,1,6,1,1,2,2,2,1,2,1,2,2,2,2,2,1,2,2,2,2,2,1,1,2,2,2,0,0,0
2008,19,153,1,190086,1,7,1,2,2,2,6,2,1,1,1,2,1,2,2,2,2,2,2,2,3,2,2,2,2,2,2,2,1,2,2,0,0,0
2008,19,55,1,190087,1,7,1,2,1,2,4,2,4,2,1,2,2,2,2,2,2,2,2,2,2,2,2,2,2,2,2,2,2,2,2,0,0,0
2008,19,7,1,190088,1,7,1,2,4,2,6,2,1,2,2,2,1,2,2,2,2,2,1,2,1,2,2,2,2,2,2,2,1,2,2,0,0,0
2008,19,99,2,190089,1,7,1,2,1,1,5,1,4,2,1,2,2,2,1,2,2,2,2,2,1,2,2,2,2,2,2,2,2,2,2,0,0,0
2008,19,103,1,190090,1,7,1,2,4,2,5,2,1,2,1,2,1,2,1,2,2,2,2,2,3,2,2,2,2,2,2,2,1,2,2,0,0,0
2008,19,155,1,190091,1,7,2,2,3,2,4,2,1,2,2,2,1,2,2,2,2,2,1,2,1,2,2,2,2,2,2,2,1,2,2,0,0,0
2008,19,55,1,190092,1,7,1,2,1,1,3,1,4,1,1,2,2,2,2,2,2,2,2,2,3,2,2,2,2,1,2,2,2,2,2,0,0,0
2008,19,139,1,190093,1,7,1,2,1,2,3,2,3,2,1,2,2,2,2,2,2,2,2,2,3,2,2,2,2,2,2,2,1,2,2,0,0,0
2008,19,43,1,190094,1,7,1,2,1,2,4,2,1,1,1,2,1,2,1,2,2,2,2,2,1,2,2,2,2,2,2,2,1,2,2,0,0,0
2008,19,45,1,190095,1,7,1,2,4,2,5,2,1,2,2,2,1,2,2,2,2,2,2,2,3,2,2,2,2,2,2,2,1,2,2,0,0,0
2008,19,73,1,190096,1,7,1,2,1,1,5,1,4,1,2,2,2,2,1,2,2,2,2,2,3,2,2,2,2,2,2,2,2,2,2,0,0,0
2008,19,93,1,190097,1,7,1,2,1,2,4,2,4,2,1,2,2,2,2,2,2,2,2,2,3,2,2,2,2,2,2,2,2,2,2,0,0,0
2008,19,155,1,190098,1,7,1,2,1,2,4,2,1,2,2,2,1,2,1,2,2,2,2,2,1,2,2,2,2,2,2,2,2,2,2,0,0,0
2008,19,23,1,190099,1,7,1,2,4,1,5,1,1,2,2,2,1,2,2,2,2,2,1,2,3,2,2,2,2,2,2,2,2,2,2,0,0,0
2008,19,113,1,190100,1,7,2,2,1,2,6,3,4,1,1,2,2,2,2,2,2,2,2,2,3,1,1,1,1,2,2,1,2,2,2,0,0,0
2008,19,181,1,190101,1,7,2,2,1,1,3,1,4,1,1,2,2,2,1,2,2,2,2,2,3,2,2,2,2,1,2,2,2,2,2,0,0,0
2008,19,127,1,190102,1,7,1,2,1,1,4,1,4,1,2,2,3,2,1,2,2,2,2,2,1,2,2,2,2,2,2,2,2,2,2,0,0,0
2008,19,141,2,190103,1,7,1,2,1,2,3,3,4,1,1,2,2,1,2,2,2,2,2,2,3,2,2,2,2,1,1,1,2,2,2,0,0,0
2008,19,81,1,190104,1,7,1,2,1,2,3,2,4,1,1,2,2,1,2,2,2,2,2,2,3,1,1,1,1,2,2,1,1,2,2,0,0,0
2008,19,127,2,190105,1,7,1,2,1,1,3,1,4,2,1,2,2,1,2,2,2,2,2,2,1,2,2,2,2,2,1,1,2,2,2,0,0,0
2008,19,149,1,190106,1,7,1,2,4,2,4,2,1,1,1,2,1,2,2,2,2,2,2,2,2,2,2,2,2,2,2,2,1,2,2,0,0,0
2008,19,15,1,190107,1,7,1,2,4,2,5,2,1,1,2,2,1,2,2,2,2,2,2,2,3,2,2,2,2,1,2,2,1,2,2,0,0,0
2008,19,3,1,190108,1,7,1,2,1,2,3,2,2,1,1,2,3,1,2,2,2,2,2,2,3,2,2,2,2,2,2,2,2,2,2,0,0,0
2008,19,153,1,190109,1,7,2,1,1,1,1,1,1,2,2,2,1,2,1,2,2,2,2,2,3,2,2,2,2,2,2,2,2,2,2,0,0,0
2008,19,153,1,190110,1,7,2,2,1,1,6,1,4,2,1,2,2,2,1,2,2,2,2,2,1,2,2,2,2,2,2,2,2,2,2,0,0,0
2008,19,165,1,190111,1,7,1,2,4,2,5,2,1,2,2,2,1,2,2,2,2,2,1,2,1,2,2,2,2,2,2,2,1,2,2,0,0,0
2008,19,165,1,190112,1,7,2,2,1,1,3,1,3,1,1,2,2,2,1,2,2,2,2,2,3,2,2,2,2,2,2,2,2,2,2,0,0,0
2008,19,153,1,190113,1,7,2,1,4,2,1,2,1,2,1,2,1,2,2,2,2,2,2,2,3,2,2,2,2,2,2,2,1,2,1,0,0,0
2008,19,193,1,190114,1,7,2,2,1,2,6,2,1,2,1,1,1,2,2,2,1,2,2,2,3,2,2,2,2,2,2,2,2,2,2,0,0,0
2008,19,127,1,190115,1,7,1,2,4,2,5,2,1,2,2,2,1,2,2,2,2,2,2,2,3,2,2,2,2,1,2,2,1,2,2,0,0,0
2008,19,13,1,190116,1,7,2,2,3,1,3,1,1,2,1,2,1,2,2,2,2,2,2,2,3,2,2,2,2,2,2,2,2,2,2,0,0,0
2008,19,193,1,190117,1,7,1,2,1,2,4,2,1,1,1,2,1,2,2,2,2,2,1,2,3,1,1,1,1,2,2,1,1,2,2,0,0,0
2008,19,163,1,190118,1,7,1,2,2,1,3,1,1,2,2,2,1,2,2,1,2,2,2,2,1,2,2,2,2,2,2,2,2,2,2,0,0,0
2008,19,153,1,190119,1,7,1,2,1,2,3,2,1,1,2,2,1,2,1,2,2,2,2,2,3,2,2,2,2,2,2,2,1,2,2,0,0,0
2008,19,79,1,190120,1,7,1,1,1,2,1,2,4,2,2,2,2,2,2,2,2,2,2,2,1,2,2,2,2,2,2,2,2,2,2,0,0,0
2008,19,99,1,190121,1,7,1,2,1,2,3,2,4,1,1,2,2,1,2,1,2,2,2,2,3,2,2,2,2,2,2,2,1,2,2,0,0,0
2008,19,79,2,190122,1,7,1,2,4,2,5,2,1,1,1,2,1,2,2,1,2,2,1,2,3,2,2,2,2,2,2,2,1,2,2,0,0,0
2008,19,71,1,190123,1,7,1,1,2,2,1,2,2,1,1,2,2,2,2,2,2,2,2,2,3,2,2,2,2,1,2,2,2,2,2,0,0,0
2008,19,175,1,190124,1,7,1,2,4,2,6,2,1,2,2,2,1,2,2,2,2,2,1,2,3,2,2,2,2,2,2,2,1,2,2,0,0,0
2008,19,97,1,190125,1,7,1,2,1,2,5,3,4,1,2,2,2,2,1,2,2,2,2,2,3,1,1,1,1,2,2,1,2,2,2,0,0,0
2008,19,155,1,190126,1,7,1,1,2,2,1,2,1,2,2,1,1,2,2,2,1,2,2,2,3,2,2,2,2,2,2,2,2,2,2,0,0,0
2008,19,5,1,190127,1,7,1,2,4,2,6,2,1,2,1,2,1,2,2,2,2,2,2,2,1,2,2,2,2,2,2,2,1,2,2,0,0,0
2008,19,69,2,190128,1,7,1,2,1,1,5,1,4,1,1,2,2,1,2,2,2,2,2,2,3,2,2,2,2,1,2,2,2,2,2,0,0,0
2008,19,141,1,190129,1,7,1,2,1,2,5,2,1,2,2,2,1,2,2,2,2,1,2,2,3,2,2,2,2,2,1,1,2,2,2,0,0,0
2008,19,131,1,190130,1,7,1,2,1,1,6,1,4,1,1,2,2,2,2,2,2,2,2,2,3,2,2,2,2,1,2,2,2,2,2,0,0,0
2008,19,139,3,190131,1,7,2,2,1,2,6,3,4,2,1,2,2,2,1,2,2,2,2,2,3,2,2,2,2,1,2,2,2,2,2,0,0,0
2008,19,153,1,190132,1,7,2,1,1,2,1,2,2,1,1,2,2,2,1,2,2,2,2,2,3,2,2,2,2,2,2,2,2,2,2,0,0,0
2008,19,51,1,190133,1,7,1,2,1,2,3,3,2,1,1,2,2,1,2,2,2,2,2,2,3,2,2,2,2,2,2,2,2,2,2,0,0,0
2008,19,187,1,190134,1,7,1,2,1,2,3,2,3,1,1,2,2,1,2,2,2,2,2,2,3,2,2,2,2,2,2,2,1,2,2,0,0,0
2008,19,19,1,190135,1,7,1,2,2,2,5,2,1,1,2,2,1,2,2,2,1,2,2,2,3,1,1,1,1,2,2,1,2,2,2,0,0,0
2008,19,107,1,190136,1,7,1,2,4,2,4,2,1,2,2,2,1,2,2,2,2,2,1,2,3,2,2,2,2,2,1,1,1,2,2,0,0,0
2008,19,179,1,190137,1,7,1,2,4,2,5,2,1,2,2,2,1,2,2,2,2,2,1,2,3,2,2,2,2,2,2,2,1,2,2,0,0,0
2008,19,43,1,190138,1,7,1,2,1,2,3,2,4,2,2,2,3,2,2,2,1,2,2,2,1,2,2,2,2,2,2,2,2,2,2,0,0,0
2008,19,153,1,190139,1,7,2,2,1,1,6,1,1,1,1,2,1,1,2,2,2,1,2,2,3,2,2,2,2,2,2,2,2,2,2,0,0,0
2008,19,65,1,190140,1,7,1,2,2,2,4,2,1,1,1,2,1,1,2,2,2,2,1,2,3,2,2,2,2,2,2,2,1,2,2,0,0,0
2008,19,51,1,190141,1,7,1,2,1,1,4,1,4,1,1,2,2,1,2,2,2,2,2,2,3,2,2,2,2,1,2,2,2,2,2,0,0,0
2008,19,157,1,190142,1,7,2,1,3,2,1,2,1,2,1,2,1,1,2,2,2,2,2,2,3,2,2,2,2,2,2,2,1,2,2,0,0,0
2008,19,105,1,190143,1,7,2,2,1,1,3,1,4,2,1,2,2,1,2,2,2,2,2,2,3,2,2,2,2,1,2,2,2,2,2,0,0,0
2008,19,155,1,190144,1,7,1,2,4,2,4,2,1,2,1,2,1,2,2,2,2,2,1,2,3,2,2,2,2,2,2,2,1,2,2,0,0,0
2008,19,153,1,190145,1,7,2,2,2,2,6,2,1,2,2,2,1,2,2,1,2,2,2,2,1,2,2,2,2,2,2,2,1,2,2,0,0,0
2008,19,97,1,190146,1,7,1,2,3,2,3,2,1,1,1,2,1,2,2,2,2,2,1,2,3,2,2,2,2,2,2,2,1,2,2,0,0,0
2008,19,137,1,190147,1,7,1,2,1,2,3,2,1,2,1,2,1,2,1,2,2,2,2,2,3,2,2,2,2,2,2,2,2,2,2,0,0,0
2008,19,1,1,190148,1,7,1,1,1,2,1,2,1,2,2,2,1,2,1,2,2,2,2,2,3,2,2,2,2,2,2,2,2,2,2,0,0,0
2008,19,91,1,190149,1,7,1,2,4,2,5,2,1,2,2,2,1,2,2,2,2,2,1,2,1,2,2,2,2,2,2,2,1,2,2,0,0,0
2008,19,45,1,190150,1,7,1,2,2,2,5,2,4,1,2,2,2,2,1,2,2,2,2,2,3,2,2,2,2,2,2,2,1,2,1,0,0,0
2008,19,121,1,190151,1,7,1,2,4,2,4,2,1,3,1,2,1,2,2,2,2,2,1,2,1,2,2,2,2,2,2,2,1,2,2,0,0,0
2008,19,153,1,190153,1,7,1,2,4,2,3,2,1,2,2,2,1,2,2,2,1,2,2,2,1,1,1,1,1,2,2,1,1,2,2,0,0,0
2008,19,85,1,190154,1,7,1,2,4,2,4,2,1,2,1,2,1,2,1,1,2,2,2,2,3,2,2,2,2,2,1,1,1,2,2,0,0,0
2008,19,117,1,190155,1,7,1,2,1,2,6,3,1,2,2,2,1,2,2,2,2,2,2,2,2,2,2,2,2,2,2,2,2,2,2,0,0,0
2008,19,29,1,190156,1,7,1,2,1,2,4,2,3,1,1,2,2,2,2,2,2,2,2,2,3,1,1,1,1,2,2,1,2,2,2,0,0,0
2008,19,99,1,190157,1,7,1,2,4,2,5,2,1,1,2,2,1,2,1,2,2,2,2,2,3,2,2,2,2,2,2,2,1,2,2,0,0,0
2008,19,93,1,190158,1,7,1,2,1,1,3,1,4,1,1,2,2,1,2,2,2,2,2,2,3,2,2,2,2,1,2,2,2,2,2,0,0,0
2008,19,153,1,190159,1,7,1,2,1,2,3,2,1,1,1,2,2,2,2,2,2,2,1,2,3,2,2,2,2,1,2,2,2,2,2,0,0,0
2008,19,61,1,190160,1,7,1,2,1,1,3,1,4,1,1,2,2,2,2,2,2,2,2,2,2,2,2,2,2,2,2,2,2,2,2,0,0,0
2008,19,61,1,190161,1,7,1,2,1,1,4,1,4,1,1,2,2,2,2,2,2,2,2,2,2,2,2,2,2,1,2,2,2,2,2,0,0,0
2008,19,181,1,190162,1,7,1,2,1,2,4,2,3,1,1,2,2,2,2,2,2,2,2,2,3,1,1,1,1,2,2,1,1,2,2,0,0,0
2008,19,87,1,190163,1,7,1,2,1,2,3,2,2,2,2,2,2,2,2,2,2,2,2,2,3,2,2,2,2,1,1,1,2,2,2,0,0,0
2008,19,113,1,190164,1,7,1,2,4,2,5,2,1,2,2,2,1,2,2,2,2,2,1,2,3,2,2,2,2,2,1,1,1,2,2,0,0,0
2008,19,13,1,190165,1,7,1,2,1,1,5,1,4,2,2,2,2,2,2,2,2,2,2,2,2,2,2,2,2,2,2,2,2,2,2,0,0,0
2008,19,161,1,190166,1,7,1,2,4,2,5,2,1,1,1,2,1,2,2,2,2,2,2,2,3,2,2,2,2,1,2,2,1,2,2,0,0,0
2008,19,7,1,190167,1,7,1,2,4,2,4,2,1,1,1,2,1,2,2,2,2,2,2,2,3,2,2,2,2,1,2,2,1,2,2,0,0,0
2008,19,61,1,190168,1,7,2,2,1,2,3,3,4,1,1,2,3,2,2,2,2,2,2,2,3,2,2,2,2,2,2,2,2,2,2,0,0,0
2008,19,155,2,190169,1,7,2,2,1,2,6,2,1,1,1,2,1,2,2,2,2,2,2,2,3,1,1,1,1,2,2,1,2,2,2,0,0,0
2008,19,157,1,190170,1,7,1,2,1,2,3,2,3,1,1,2,3,2,2,1,2,2,2,2,3,2,2,1,1,2,2,1,2,2,2,0,0,0
2008,19,111,1,190171,1,7,1,2,1,2,3,2,3,2,1,2,2,2,1,2,2,2,2,2,3,2,2,1,1,2,2,1,1,2,2,0,0,0
2008,19,93,1,190172,1,7,1,2,1,1,3,1,4,2,1,2,2,2,1,2,2,2,2,2,3,2,2,1,1,2,2,1,2,2,2,0,0,0
2008,19,83,1,190173,1,7,1,2,1,1,5,1,4,1,1,2,2,2,1,2,2,2,2,2,3,1,2,1,2,2,2,2,2,2,2,0,0,0
2008,19,187,1,190174,1,7,2,2,1,2,6,2,1,2,2,1,1,2,2,2,2,2,2,2,3,2,2,1,1,2,2,1,2,2,2,0,0,0
2008,19,181,1,190175,1,7,1,2,1,2,6,2,4,2,2,2,2,1,2,2,2,2,2,2,3,2,2,2,2,2,2,2,1,2,2,0,0,0
2008,19,103,1,190176,1,7,1,2,1,2,4,2,3,2,2,2,2,2,1,2,2,2,2,2,3,2,2,2,2,2,1,1,2,2,2,0,0,0
2008,19,133,1,190177,1,7,1,1,4,2,1,2,1,2,1,2,1,2,2,2,2,2,1,2,1,2,2,2,2,2,1,1,1,2,2,0,0,0
2008,19,193,1,190178,1,7,2,1,4,2,1,2,1,2,1,2,1,2,1,2,2,2,2,2,1,2,2,2,2,2,1,1,1,2,2,0,0,0
2008,19,21,1,190179,1,7,1,2,1,1,6,1,4,1,1,2,2,2,2,2,2,2,1,2,3,2,2,2,2,2,2,2,2,2,2,0,0,0
2008,19,73,1,190180,1,7,1,2,1,1,3,1,4,1,2,2,2,2,2,2,2,2,1,2,3,2,2,2,2,1,2,2,2,2,2,0,0,0
2008,19,99,1,190181,1,7,1,2,1,2,6,2,5,1,2,2,2,2,2,2,2,2,1,2,1,2,2,2,2,2,2,2,2,2,2,0,0,0
2008,19,105,1,190182,1,7,1,2,1,1,3,1,4,1,2,2,2,1,2,2,2,2,2,2,3,2,2,2,2,1,2,2,2,2,2,0,0,0
2008,19,131,1,190183,1,7,1,2,4,2,5,2,1,2,2,2,1,2,2,2,2,2,1,2,1,2,2,2,2,2,2,2,1,2,2,0,0,0
2008,19,191,1,190184,1,7,1,2,1,2,3,2,3,1,1,2,2,1,2,2,2,2,1,2,3,2,2,2,2,1,2,2,1,2,2,0,0,0
2008,19,165,1,190185,1,7,1,2,1,2,5,2,1,2,2,2,1,2,2,2,2,2,1,2,3,2,2,2,2,2,2,2,1,2,2,0,0,0
2008,19,13,1,190187,1,7,1,2,2,2,3,2,1,1,1,2,1,2,1,2,2,2,2,2,3,2,2,2,2,2,2,2,1,2,2,0,0,0
2008,19,153,2,190188,1,7,1,2,1,1,6,1,4,1,1,2,2,1,2,2,2,2,2,2,3,1,1,1,1,2,2,1,2,2,2,0,0,0
2008,19,71,1,190189,1,7,1,2,1,1,3,1,4,1,1,2,2,2,1,2,2,2,2,2,3,2,2,2,2,1,2,2,2,2,2,0,0,0
2008,19,107,1,190190,1,7,1,2,1,2,5,2,1,2,1,2,1,2,1,2,2,2,2,2,3,2,2,2,2,2,2,2,2,2,2,0,0,0
2008,19,127,1,190191,1,7,1,2,1,1,3,1,2,1,2,2,3,2,2,1,2,2,2,2,3,2,2,2,2,1,1,1,2,2,2,0,0,0
2008,19,153,1,190192,1,7,1,1,3,2,1,2,1,2,2,2,1,2,2,2,2,2,1,2,3,2,2,2,2,2,2,2,1,2,2,0,0,0
2008,19,155,1,190193,1,7,2,1,4,2,1,2,1,2,2,2,1,2,2,2,2,2,1,2,1,2,2,2,2,2,2,2,1,2,2,0,0,0
2008,19,177,1,190194,1,7,1,2,4,2,5,2,1,1,1,2,1,2,2,2,2,2,1,2,3,2,2,2,2,2,2,2,1,2,2,0,0,0
2008,19,113,1,190195,1,7,1,2,1,2,4,3,4,1,1,2,2,2,2,2,2,2,2,2,3,2,2,2,2,1,2,2,2,2,2,0,0,0
2008,19,125,2,190196,1,7,1,2,1,1,4,1,3,1,1,2,3,2,2,2,2,2,2,2,3,2,2,2,2,2,2,2,2,2,2,0,0,0
2008,19,41,1,190197,1,7,2,2,1,2,3,2,2,2,1,1,2,2,1,1,2,2,2,2,1,2,2,2,2,2,2,2,2,2,2,0,0,0
2008,19,137,1,190198,1,7,1,2,1,2,3,2,3,1,1,2,2,2,1,2,2,2,2,2,3,2,2,2,2,1,2,2,2,2,2,0,0,0
2008,19,11,2,190199,1,7,1,2,4,1,5,1,1,2,2,2,1,2,2,1,2,2,1,2,1,2,2,2,2,2,2,2,2,2,2,0,0,0
2008,19,153,1,190200,1,7,2,2,1,1,6,1,4,1,1,2,2,2,1,1,2,2,2,2,3,1,1,1,1,2,2,1,2,2,2,0,0,0
2008,19,11,1,190201,1,7,1,2,4,1,5,1,1,1,1,2,1,2,1,2,2,2,2,2,3,2,2,2,2,2,2,2,2,2,2,0,0,0
2008,19,93,1,190202,1,7,1,2,1,1,6,1,4,2,1,2,2,2,2,2,2,2,2,2,1,2,2,1,1,2,1,1,2,2,2,0,0,0
2008,19,111,1,190203,1,7,1,2,1,2,4,2,4,1,1,2,2,1,2,1,2,2,2,2,3,2,2,2,2,1,2,2,1,2,2,0,0,0
2008,19,173,1,190204,1,7,1,2,4,2,5,2,1,1,1,2,1,2,2,2,2,2,1,2,3,2,2,2,2,2,2,2,1,2,2,0,0,0
2008,19,137,1,190205,1,7,1,2,1,2,3,2,4,1,2,2,2,2,2,2,2,2,2,2,3,2,2,2,2,2,2,2,1,2,2,0,0,0
2008,19,85,1,190207,1,7,1,2,4,1,5,1,1,1,2,2,1,2,1,2,2,2,2,2,3,2,2,2,2,2,2,2,2,2,2,0,0,0
2008,19,33,1,190208,1,7,1,2,1,1,3,1,1,2,2,2,1,2,2,2,2,1,2,2,2,1,1,1,1,2,2,1,2,2,2,0,0,0
2008,19,87,1,190209,1,7,1,2,1,1,4,1,4,2,2,2,2,2,2,2,2,2,2,2,3,1,1,1,1,1,2,1,2,2,2,0,0,0
2008,19,109,1,190210,1,7,1,2,4,2,5,2,1,2,1,2,1,2,2,1,2,2,1,2,1,2,2,2,2,2,2,2,1,2,2,0,0,0
2008,19,13,1,190211,1,7,2,2,1,1,6,1,1,1,1,2,1,2,2,2,2,1,2,2,3,1,1,1,1,2,2,1,2,2,2,0,0,0
2008,19,13,1,190212,1,7,2,2,1,1,3,1,1,1,1,2,1,2,1,1,2,2,2,2,3,2,2,2,2,2,2,2,2,2,2,0,0,0
2008,19,103,1,190213,1,7,2,2,1,1,6,1,4,2,2,2,2,2,1,2,2,2,2,2,3,2,2,2,2,2,2,2,2,2,2,0,0,0
2008,19,19,2,190214,1,7,1,1,1,2,1,2,3,1,1,2,3,1,2,2,2,2,2,2,3,2,2,2,2,1,2,2,2,2,2,0,0,0
2008,19,91,1,190215,1,7,1,2,1,1,3,1,4,2,2,2,2,2,2,2,2,2,2,2,3,1,1,1,1,2,2,1,2,2,2,0,0,0
2008,19,163,1,190216,1,7,2,2,1,1,3,1,4,2,2,2,2,2,1,2,2,2,2,2,1,2,2,2,2,2,1,1,2,1,2,0,0,0
2008,19,167,2,190217,1,7,1,2,1,1,4,1,3,1,1,2,3,1,2,2,2,2,2,2,3,2,2,2,2,2,1,1,2,2,2,0,0,0
2008,19,73,1,190218,1,7,1,2,4,2,4,2,1,2,1,2,1,2,2,1,2,2,1,2,3,1,1,1,1,2,2,1,1,2,2,0,0,0
2008,19,69,1,190219,1,7,1,1,1,2,1,2,1,2,1,2,1,1,2,2,1,2,2,2,3,2,2,2,2,2,2,2,2,2,2,0,0,0
2008,19,133,1,190220,1,7,1,1,1,2,1,2,2,2,2,2,2,1,2,2,2,2,2,2,3,2,2,2,2,2,2,2,2,2,2,0,0,0
2008,19,147,2,190221,1,7,1,2,1,1,6,1,4,2,2,2,2,2,2,2,2,2,2,2,2,1,1,1,1,2,2,1,2,2,2,0,0,0
2008,19,11,1,190222,1,7,1,2,1,2,3,2,4,2,1,2,2,1,2,2,2,2,2,2,1,1,1,1,1,2,2,1,1,2,2,0,0,0
2008,19,115,1,190223,1,7,1,2,1,2,4,2,3,2,1,2,2,2,2,2,2,2,2,2,3,2,2,2,2,2,2,2,1,2,2,0,0,0
2008,19,181,1,190224,1,7,1,2,4,2,5,2,1,2,2,2,1,2,2,2,2,2,1,2,1,2,2,2,2,2,2,2,1,2,2,0,0,0
2008,19,85,1,190225,1,7,1,2,4,2,4,3,1,1,2,2,1,2,1,2,2,2,2,2,2,2,2,2,2,2,2,2,1,2,2,0,0,0
2008,19,125,1,190226,1,7,1,2,3,2,4,2,1,1,2,2,1,2,1,2,2,2,2,2,3,2,2,2,2,2,2,2,1,2,2,0,0,0
2008,19,67,1,190227,1,7,1,2,4,1,5,1,1,2,2,2,1,2,2,2,2,2,1,2,1,2,2,2,2,2,2,2,2,2,2,0,0,0
2008,19,27,1,190228,1,7,2,2,1,1,3,1,4,1,1,2,2,2,2,2,2,2,2,2,2,2,2,2,2,1,2,2,2,2,2,0,0,0
2008,19,13,1,190229,1,7,2,2,1,2,3,3,4,1,1,2,2,2,2,2,2,2,2,2,3,2,2,2,2,1,2,2,2,2,2,0,0,0
2008,19,125,1,190230,1,7,1,2,4,2,5,2,1,2,1,2,1,2,2,2,2,2,2,2,1,2,2,2,2,2,2,2,1,2,2,0,0,0
2008,19,111,1,190231,1,7,1,2,1,1,3,1,4,1,1,2,2,1,2,2,2,2,2,2,3,2,2,2,2,1,2,2,2,2,2,0,0,0
2008,19,53,1,190232,1,7,1,1,4,2,1,2,1,2,1,2,1,1,2,2,2,2,2,2,3,2,2,2,2,2,2,2,1,2,2,0,0,0
2008,19,153,1,190233,1,7,2,2,1,1,6,1,1,1,1,2,1,2,2,2,1,2,2,2,3,2,2,2,2,2,2,2,2,2,2,0,0,0
2008,19,123,1,190234,1,7,1,2,1,2,3,2,4,2,2,2,2,2,2,2,2,2,2,2,3,2,2,2,2,1,1,1,1,2,2,0,0,0
2008,19,43,1,190235,1,7,1,2,1,2,5,2,1,1,2,2,1,2,1,2,2,2,2,2,3,2,2,2,2,2,2,2,1,2,2,0,0,0
2008,19,13,1,190236,1,7,2,2,1,1,5,1,3,1,2,2,2,2,2,2,2,2,2,2,3,1,1,1,1,1,2,1,2,2,2,0,0,0
2008,19,5,1,190237,1,7,1,2,1,1,4,1,4,1,1,2,2,2,1,2,2,2,2,2,3,1,1,1,1,2,2,1,2,2,2,0,0,0
2008,19,103,1,190238,1,7,1,2,4,2,6,2,1,2,1,2,1,2,1,1,2,2,2,2,3,2,2,2,2,2,2,2,1,2,2,0,0,0
2008,19,103,1,190239,1,7,2,1,4,2,1,2,1,1,1,2,1,1,2,2,2,2,1,2,3,2,2,2,2,2,2,2,1,2,2,0,0,0
2008,19,33,1,190240,1,7,2,2,1,2,6,2,1,1,1,2,2,2,2,2,2,2,2,2,3,2,2,2,2,1,2,2,2,2,2,0,0,0
2008,19,99,1,190241,1,7,1,2,1,2,5,2,1,2,1,2,1,2,1,2,2,2,2,2,3,2,2,2,2,2,2,2,2,2,2,0,0,0
2008,19,113,1,190242,1,7,2,2,1,1,6,1,4,1,1,2,2,2,2,2,2,2,2,2,3,1,1,1,1,2,2,1,2,2,2,0,0,0
2008,19,153,1,190243,1,7,2,2,1,2,6,2,3,1,2,2,2,2,2,2,2,2,2,2,3,2,2,2,2,2,1,1,1,1,2,0,0,0
2008,19,19,1,190244,1,7,1,2,1,2,5,2,1,1,2,2,1,2,2,2,2,1,2,2,3,2,2,2,2,1,2,2,2,2,2,0,0,0
2008,19,143,1,190245,1,7,1,2,1,2,5,2,1,2,1,2,1,2,1,2,2,2,2,2,3,2,2,2,2,2,2,2,2,2,2,0,0,0
2008,19,113,1,190246,1,7,1,2,1,2,4,2,4,1,1,2,2,2,2,2,2,2,2,2,3,2,2,2,2,1,2,2,2,2,2,0,0,0
2008,19,153,1,190247,1,7,2,1,1,2,1,2,1,2,2,2,1,2,2,2,1,2,2,2,2,2,2,2,2,2,2,2,2,2,2,0,0,0
2008,19,155,1,190248,1,7,1,2,1,1,5,1,4,2,1,1,2,2,1,2,2,2,2,2,1,2,2,2,2,2,2,2,2,2,2,0,0,0
2008,19,153,1,190249,1,7,1,2,3,2,3,2,1,1,1,2,1,2,2,2,2,2,1,2,3,2,2,2,2,2,2,2,1,2,2,0,0,0
2008,19,25,1,190250,1,7,1,2,1,2,6,2,1,1,1,2,1,2,2,2,1,2,2,2,3,2,2,2,2,2,2,2,2,2,2,0,0,0
2008,19,163,1,190251,1,7,2,2,1,2,6,2,1,1,1,2,1,2,1,2,2,2,2,2,3,2,2,2,2,1,2,2,2,2,2,0,0,0
2008,19,61,1,190252,1,7,1,2,1,2,5,2,3,2,1,2,2,2,1,2,2,2,2,2,2,2,2,1,1,2,1,1,2,2,2,0,0,0
2008,19,19,2,190253,1,7,1,2,1,2,4,2,3,1,1,2,2,1,2,2,2,2,2,2,3,2,2,2,2,2,2,2,2,2,2,0,0,0
2008,19,17,1,190254,1,7,1,2,1,2,5,2,1,2,2,2,1,2,1,2,2,2,2,2,2,2,2,2,2,2,2,2,2,2,2,0,0,0
2008,19,43,1,190255,1,7,1,2,4,2,4,2,1,1,2,2,1,2,2,1,2,2,1,2,3,2,2,2,2,2,1,1,1,2,2,0,0,0
2008,19,69,2,190256,1,7,1,2,1,1,6,1,4,1,2,2,2,2,2,2,2,2,2,2,3,2,2,2,2,2,2,2,2,2,2,0,0,0
2008,19,153,1,190257,1,7,1,2,1,1,3,1,4,2,1,2,2,1,2,2,2,2,2,2,3,2,2,1,1,2,2,1,2,2,2,0,0,0
2008,19,113,2,190258,1,7,2,1,2,2,1,2,1,1,1,2,1,2,2,2,2,2,2,2,3,2,2,2,2,1,2,2,1,2,2,0,0,0
2008,19,79,2,190259,1,7,1,1,1,2,1,2,2,1,1,2,1,1,2,1,2,2,2,2,2,2,2,2,2,2,2,2,2,1,2,0,0,0
2008,19,15,1,190260,1,7,1,2,2,2,5,2,1,2,2,2,1,2,2,2,2,2,2,2,3,2,2,2,2,2,2,2,1,2,2,0,0,0
2008,19,65,1,190261,1,7,1,2,1,2,3,2,3,1,2,2,2,2,2,2,2,2,2,2,3,2,2,2,2,2,2,2,1,2,2,0,0,0
2008,19,153,1,190262,1,7,2,2,1,2,6,2,1,2,2,1,2,2,2,2,2,2,2,2,3,2,2,1,1,2,2,1,2,2,2,0,0,0
2008,19,153,1,190263,1,7,1,1,1,2,1,2,3,1,2,2,3,1,2,2,2,2,2,2,3,2,2,2,2,1,1,1,1,2,2,0,0,0
2008,19,157,1,190264,1,7,1,2,4,2,6,2,1,2,2,2,1,2,2,2,2,2,2,2,1,2,2,2,2,2,2,2,1,2,2,0,0,0
2008,19,171,1,190265,1,7,1,2,1,2,5,2,1,1,2,2,1,2,2,2,2,2,1,2,3,2,2,2,2,2,2,2,1,2,2,0,0,0
2008,19,157,2,190266,1,7,1,1,1,2,1,2,4,1,1,2,3,1,2,2,2,2,2,2,3,2,2,2,2,2,2,2,1,2,2,0,0,0
2008,19,137,1,190267,1,7,1,2,1,2,3,2,3,1,1,2,2,2,2,2,2,2,2,2,3,2,2,2,2,2,1,1,1,2,2,0,0,0
2008,19,135,1,190268,1,7,1,2,4,2,6,2,1,2,1,2,1,2,2,2,2,2,1,2,2,2,2,2,2,2,1,1,1,2,2,0,0,0
2008,19,49,1,190269,1,7,1,2,4,2,6,2,1,1,1,2,1,2,2,2,2,2,2,1,2,2,2,2,2,2,2,2,1,2,2,0,0,0
2008,19,105,1,190270,1,7,1,2,4,2,4,2,1,2,2,2,1,2,2,2,2,2,1,2,1,2,2,2,2,2,2,2,1,2,2,0,0,0
2008,19,153,1,190271,1,7,2,2,2,1,6,1,1,1,1,1,1,2,2,2,2,2,2,2,3,2,2,2,2,2,2,2,2,2,2,0,0,0
2008,19,103,1,190272,1,7,2,1,1,2,1,2,3,2,2,2,2,1,2,2,2,2,2,2,1,2,2,2,2,2,2,2,2,2,2,0,0,0
2008,19,153,1,190273,1,7,2,2,4,2,6,2,1,2,1,2,1,2,2,2,2,2,2,2,3,2,2,2,2,2,2,2,1,2,2,0,0,0
2008,19,135,1,190274,1,7,1,2,1,1,4,1,3,1,1,2,2,2,1,2,2,2,2,2,3,2,2,2,2,2,1,1,2,2,2,0,0,0
2008,19,193,1,190275,1,7,2,2,2,1,6,1,1,2,1,2,1,2,2,1,2,2,2,1,1,2,2,2,2,2,2,2,2,2,2,0,0,0
2008,19,11,1,190276,1,7,1,2,4,2,5,2,1,2,2,2,1,2,2,1,2,2,1,2,1,2,2,2,2,2,1,1,1,2,2,0,0,0
2008,19,167,1,190277,1,7,1,2,4,2,4,2,1,1,2,2,1,2,1,2,2,2,2,2,3,2,2,2,2,2,2,2,1,2,2,0,0,0
2008,19,89,1,190278,1,7,1,2,2,2,5,2,1,1,1,2,1,2,2,2,2,2,1,2,3,2,2,2,2,1,2,2,2,2,2,0,0,0
2008,19,117,1,190279,1,7,1,2,4,1,6,1,1,2,2,2,1,2,2,1,2,2,1,2,1,2,2,2,2,2,2,2,2,2,2,0,0,0
2008,19,85,1,190280,1,7,1,2,1,1,3,1,4,1,2,2,2,2,2,2,2,2,2,2,3,2,2,2,2,2,2,2,2,2,2,0,0,0
2008,19,57,1,190281,1,7,1,2,4,1,6,1,1,2,2,2,1,2,2,2,2,2,2,2,1,2,2,2,2,2,2,2,2,2,2,0,0,0
2008,19,95,1,190282,1,7,1,1,1,2,1,2,3,1,1,2,2,2,2,2,2,2,2,2,3,2,2,2,2,1,2,2,1,2,2,0,0,0
2008,19,163,1,190283,1,7,1,2,1,2,5,2,1,2,2,2,1,2,1,2,2,2,2,2,2,2,2,2,2,2,2,2,2,2,2,0,0,0
2008,19,155,1,190284,1,7,1,2,4,2,3,2,1,2,1,2,1,2,2,1,2,2,2,2,3,2,2,2,2,2,2,2,1,2,2,0,0,0
2008,19,149,1,190285,1,7,1,2,4,1,6,1,1,2,1,2,1,2,2,1,2,2,1,2,1,2,2,2,2,2,2,2,2,2,2,0,0,0
2008,19,45,1,190286,1,7,1,2,1,1,3,1,4,1,1,2,2,2,2,2,2,2,2,2,3,1,1,1,1,1,2,1,2,2,2,0,0,0
2008,19,57,1,190287,1,7,1,2,4,2,3,2,1,2,2,2,1,2,2,2,2,2,1,2,3,2,2,2,2,1,2,2,1,2,2,0,0,0
2008,19,157,1,190288,1,7,1,2,1,1,6,1,4,1,1,2,2,2,2,2,2,2,2,2,3,1,1,1,1,2,2,1,2,2,2,0,0,0
2008,19,13,1,190289,1,7,1,2,1,1,5,1,4,1,1,2,2,2,2,2,2,2,2,2,3,2,2,2,2,1,2,2,2,2,2,0,0,0
2008,19,187,1,190291,1,7,1,2,1,1,6,1,4,1,1,2,2,2,2,2,2,2,2,2,3,1,1,1,1,2,2,1,2,2,2,0,0,0
2008,19,137,1,190292,1,7,1,2,4,2,5,2,1,1,1,2,1,2,2,2,2,2,1,2,3,2,2,2,2,2,2,2,1,2,2,0,0,0
2008,19,187,1,190293,1,7,1,2,4,2,6,2,1,1,1,2,1,2,2,1,2,2,1,2,3,1,2,1,2,2,2,2,1,2,2,0,0,0
2008,19,139,3,190294,1,7,1,2,1,1,5,1,4,1,1,2,2,2,2,2,2,2,1,2,2,2,2,2,2,2,1,1,2,2,2,0,0,0
2008,19,43,1,190295,1,7,1,2,1,2,5,3,4,1,1,2,2,2,1,2,2,2,2,2,3,2,2,2,2,1,2,2,2,2,2,0,0,0
2008,19,21,2,190296,1,7,1,2,1,2,6,3,1,1,2,2,1,2,2,2,2,2,2,2,3,2,2,2,2,2,1,1,2,2,2,0,0,0
2008,19,19,1,190297,1,7,1,2,4,2,6,2,1,1,1,2,1,2,2,2,2,2,1,2,1,2,2,2,2,2,2,2,1,2,2,0,0,0
2008,19,165,1,190298,1,7,1,2,1,1,4,1,4,1,2,2,2,2,2,2,2,2,1,2,3,2,2,2,2,2,2,2,2,2,2,0,0,0
2008,19,155,1,190299,1,7,1,2,2,2,4,2,1,1,2,2,1,2,1,2,2,2,2,2,3,2,2,2,2,1,2,2,1,2,2,0,0,0
2008,19,155,1,190300,1,7,1,2,2,2,4,2,1,2,2,2,1,2,2,2,2,2,2,2,3,2,2,2,2,2,2,2,1,2,2,0,0,0
2008,19,49,1,190301,1,7,1,1,4,2,1,2,1,2,1,2,1,2,2,2,2,2,1,2,3,2,2,2,2,2,2,2,1,2,2,0,0,0
2008,19,153,1,190302,1,7,1,2,4,2,4,2,1,2,2,2,1,2,2,2,2,2,2,2,3,2,2,2,2,2,2,2,1,2,2,0,0,0
2008,19,15,1,190303,1,7,1,2,2,2,5,2,1,1,1,2,1,2,2,2,2,2,2,2,3,2,2,2,2,2,2,2,1,2,2,0,0,0
2008,19,181,2,190304,1,7,1,2,1,2,4,2,2,2,2,2,2,2,2,1,2,2,2,2,3,2,2,2,2,1,1,1,2,2,2,0,0,0
2008,19,103,1,190305,1,7,1,2,1,1,5,1,3,1,1,2,2,2,2,2,2,2,2,2,3,2,2,2,2,1,2,2,2,2,2,0,0,0
2008,19,127,1,190306,1,7,1,2,1,1,5,1,4,1,1,2,2,1,1,2,2,2,2,2,3,2,2,2,2,2,2,2,2,2,2,0,0,0
2008,19,39,2,190307,1,7,1,2,1,1,3,1,1,2,2,2,1,2,2,2,1,2,2,2,1,2,2,2,2,2,2,2,2,2,2,0,0,0
2008,19,123,1,190308,1,7,1,2,1,2,4,2,2,1,1,2,2,2,2,2,2,2,2,2,3,2,2,2,2,1,2,2,2,2,2,0,0,0
2008,19,153,1,190309,1,7,2,2,1,2,6,3,1,1,1,2,1,1,2,2,1,2,2,2,3,2,2,2,2,2,2,2,2,2,2,0,0,0
2008,19,133,1,190310,1,7,1,2,4,2,5,2,1,1,1,2,1,2,2,2,2,2,1,2,3,2,2,2,2,2,1,1,2,2,2,0,0,0
2008,19,139,1,190311,1,7,1,2,1,2,4,2,3,2,2,2,2,2,2,2,2,2,2,2,3,1,1,1,1,2,1,1,1,2,2,0,0,0
2008,19,153,1,190312,1,7,1,2,1,2,3,2,4,2,2,2,2,2,2,2,2,2,2,2,3,2,2,2,2,1,1,1,1,2,2,0,0,0
2008,19,99,1,190313,1,7,1,2,4,1,3,1,1,2,2,2,1,2,2,2,2,2,1,2,1,2,2,2,2,2,2,2,2,2,2,0,0,0
2008,19,193,1,190314,1,7,1,2,1,2,4,2,3,1,2,2,2,2,2,2,2,2,2,2,3,2,2,2,2,2,2,2,1,2,2,0,0,0
2008,19,33,1,190315,1,7,1,1,4,2,1,2,1,1,2,2,1,2,2,2,2,2,1,2,3,2,2,2,2,2,2,2,1,2,2,0,0,0
2008,19,15,2,190316,1,7,1,2,1,2,4,2,3,1,1,2,2,2,2,2,2,2,2,2,3,2,2,2,2,2,1,1,2,2,2,0,0,0
2008,19,163,2,190317,1,7,1,2,1,2,4,2,3,1,1,2,2,2,2,2,2,2,2,2,3,2,2,2,2,1,1,1,1,2,2,0,0,0
2008,19,61,1,190318,1,7,1,2,1,2,5,2,1,2,1,2,1,2,2,1,2,2,1,2,1,1,1,1,1,2,2,1,1,2,2,0,0,0
2008,19,71,1,190319,1,7,1,2,1,2,5,2,4,2,2,2,2,2,2,2,2,2,1,2,3,1,1,1,1,2,2,1,1,2,2,0,0,0
2008,19,83,1,190320,1,7,1,2,4,2,3,2,1,1,1,2,1,2,2,2,2,2,2,2,3,2,2,2,2,1,2,2,1,2,2,0,0,0
2008,19,187,1,190321,1,7,2,2,2,2,6,2,1,2,2,2,1,2,2,2,2,2,1,2,1,2,2,2,2,2,1,1,1,2,2,0,0,0
2008,19,147,1,190322,1,7,1,2,4,2,6,2,1,1,1,2,1,2,2,1,2,2,1,2,3,2,2,2,2,2,1,1,2,2,2,0,0,0
2008,19,113,1,190323,1,7,2,1,1,2,1,2,2,1,1,2,3,2,2,2,2,2,2,2,3,1,1,1,1,2,2,1,2,2,2,0,0,0
2008,19,29,1,190324,1,7,1,2,4,2,5,2,1,2,2,2,1,2,2,2,2,2,2,2,3,2,2,2,2,2,2,2,1,2,2,0,0,0
2008,19,13,1,190325,1,7,1,2,1,2,6,3,1,1,2,2,1,2,2,2,1,2,2,2,1,2,2,2,2,2,2,2,2,2,2,0,0,0
2008,19,175,1,190326,1,7,1,2,1,2,3,2,1,2,2,2,1,2,2,2,2,2,2,2,3,2,2,2,2,1,2,2,2,2,2,0,0,0
2008,19,99,2,190327,1,7,1,2,4,2,6,2,1,2,2,2,1,2,2,2,2,2,1,2,1,2,2,2,2,2,2,2,1,2,2,0,0,0
2008,19,109,1,190328,1,7,1,2,1,2,4,2,3,2,1,2,3,2,2,2,2,2,1,2,3,2,2,2,2,2,2,2,2,2,2,0,0,0
2008,19,167,1,190329,1,7,1,2,4,1,5,1,1,2,2,2,1,2,2,2,2,2,1,2,1,2,2,2,2,2,1,1,2,2,2,0,0,0
2008,19,13,1,190330,1,7,1,2,1,2,3,2,4,1,1,2,2,2,2,2,2,2,2,2,3,2,2,2,2,2,2,2,1,2,2,0,0,0
2008,19,59,1,190331,1,7,2,2,1,1,3,1,4,1,2,2,2,2,2,2,2,2,2,2,3,2,2,2,2,1,2,2,2,2,2,0,0,0
2008,19,21,1,190332,1,7,1,2,1,1,6,1,4,1,2,2,2,2,2,2,2,2,2,2,3,1,1,1,1,1,2,1,2,2,2,0,0,0
2008,19,75,1,190334,1,7,1,2,4,2,5,2,1,1,1,2,1,2,2,2,2,2,1,2,3,2,2,2,2,2,2,2,1,2,2,0,0,0
2008,19,95,1,190335,1,7,1,1,1,2,1,2,4,1,1,2,2,1,2,2,2,2,2,2,3,2,2,2,2,2,2,2,2,2,2,0,0,0
2008,19,113,1,190337,1,7,1,2,1,2,5,2,3,1,1,2,2,2,2,2,2,2,2,2,1,2,2,2,2,2,2,2,1,2,2,0,0,0
2008,19,105,1,190338,1,7,1,2,4,2,3,2,1,1,2,2,1,2,2,2,2,2,1,2,1,2,2,2,2,2,2,2,1,2,2,0,0,0
2008,19,77,1,190339,1,7,1,2,1,2,5,2,2,2,1,2,2,2,2,2,2,2,2,2,3,2,2,2,2,1,2,2,2,2,2,0,0,0
2008,19,33,1,190340,1,7,1,2,1,2,3,2,5,1,1,2,2,1,2,2,2,2,2,2,3,2,2,2,2,2,2,2,1,2,2,0,0,0
2008,19,113,1,190342,1,7,1,2,4,2,3,2,1,2,1,2,1,2,2,2,2,2,1,2,1,2,2,2,2,2,2,2,1,2,2,0,0,0
2008,19,1,1,190343,1,7,1,2,4,1,5,1,1,2,2,2,1,2,2,1,2,2,1,2,2,2,2,1,1,2,2,1,2,2,2,0,0,0
2008,19,5,1,190344,1,7,1,2,1,2,4,2,4,1,2,2,2,1,2,2,2,2,2,2,2,2,2,2,2,2,2,2,1,2,2,0,0,0
2008,19,67,1,190345,1,7,1,2,4,2,6,2,1,2,2,2,1,2,2,2,2,2,1,2,2,2,2,2,2,2,1,1,1,2,2,0,0,0
2008,19,73,1,190346,1,7,1,2,4,2,5,2,1,2,2,2,1,2,2,2,2,2,1,2,1,2,2,2,2,2,1,1,1,2,2,0,0,0
2008,19,103,1,190347,1,7,1,1,1,2,1,2,3,2,1,2,2,1,2,2,2,2,2,2,3,2,2,2,2,2,2,2,1,2,2,0,0,0
2008,19,57,1,190348,1,7,1,2,1,1,4,1,4,2,1,2,2,2,2,2,2,2,2,2,3,2,2,2,2,1,2,2,2,2,2,0,0,0
2008,19,113,1,190349,1,7,1,2,4,2,4,2,1,1,2,2,1,2,2,1,2,2,1,2,3,2,2,2,2,2,2,2,1,2,2,0,0,0
2008,19,139,2,190350,1,7,1,2,1,2,3,2,4,1,2,2,2,2,2,2,2,2,2,2,1,1,1,1,1,2,2,1,1,2,2,0,0,0
2008,19,43,1,190351,1,7,1,2,4,2,4,2,1,1,1,2,1,2,2,1,2,2,1,2,3,2,2,2,2,2,2,2,1,2,2,0,0,0
2008,19,103,1,190352,1,7,2,1,4,2,1,2,1,2,2,2,1,2,2,2,2,2,2,2,1,2,2,2,2,2,2,2,1,2,2,0,0,0
2008,19,35,1,190353,1,7,1,2,1,2,5,3,1,1,1,2,1,2,2,2,2,2,2,2,3,2,2,2,2,2,2,2,2,2,2,0,0,0
2008,19,41,1,190354,1,7,1,2,4,2,5,2,1,1,1,2,1,2,2,2,2,2,2,2,3,2,2,1,1,2,2,1,1,2,2,0,0,0
2008,19,103,2,190355,1,7,1,2,1,2,4,2,4,1,1,2,2,1,2,2,2,2,2,2,3,2,2,2,2,2,2,2,1,2,2,0,0,0
2008,19,1,1,190356,1,7,1,1,1,2,1,2,2,2,2,2,2,1,2,2,2,2,2,2,3,2,2,2,2,2,2,2,2,2,2,0,0,0
2008,19,99,2,190357,1,7,1,1,4,2,1,2,1,1,2,2,1,2,2,2,2,2,1,2,3,2,2,2,2,2,2,2,1,2,2,0,0,0
2008,19,81,1,190358,1,7,1,2,1,2,3,2,3,1,2,2,2,2,2,2,2,2,2,2,3,2,2,2,2,2,2,2,1,2,2,0,0,0
2008,19,187,1,190359,1,7,1,2,1,2,5,2,4,1,2,2,2,2,2,2,2,2,2,2,3,2,2,2,2,2,2,2,1,2,2,0,0,0
2008,19,39,1,190360,1,7,1,1,1,2,1,2,2,1,1,2,2,2,2,2,2,2,1,2,3,2,2,2,2,2,2,2,1,2,2,0,0,0
2008,19,153,1,190361,1,7,1,2,1,2,5,2,4,1,1,2,2,1,2,2,2,2,2,2,3,2,2,2,2,2,2,2,1,2,2,0,0,0
2008,19,31,1,190362,1,7,1,2,1,2,5,2,4,2,1,2,2,2,2,2,2,2,2,2,3,2,2,2,2,2,1,1,1,2,2,0,0,0
2008,19,193,2,190363,1,7,1,1,4,2,1,2,1,2,1,2,1,2,2,2,2,2,1,2,1,2,2,2,2,2,2,2,1,2,2,0,0,0
2008,19,129,1,190364,1,7,1,1,1,2,1,2,1,2,1,2,1,2,2,2,2,2,1,2,3,2,2,2,2,2,2,2,2,2,2,0,0,0
2008,19,117,1,190365,1,7,1,2,4,2,3,2,1,2,1,2,1,2,2,2,2,2,1,2,3,2,2,2,2,2,2,2,1,2,2,0,0,0
2008,19,13,1,190366,1,7,2,2,1,1,6,1,2,1,1,2,2,2,2,2,2,2,2,2,3,1,1,1,1,1,2,1,2,2,2,0,0,0
2008,19,47,1,190367,1,7,1,2,1,2,3,3,1,1,1,2,1,2,2,2,1,2,2,2,3,2,2,2,2,2,2,2,2,2,2,0,0,0
2008,19,191,1,190368,1,7,1,2,2,2,3,2,4,1,2,2,2,2,2,2,2,2,2,2,3,2,2,2,2,1,2,2,1,2,2,0,0,0
2008,19,153,1,190369,1,7,1,1,1,2,1,2,3,2,1,2,2,2,2,2,2,2,2,2,3,2,2,2,2,2,1,1,2,2,2,0,0,0
2008,19,157,2,190370,1,7,1,2,4,2,4,2,1,2,2,2,1,2,2,2,2,2,1,2,3,2,2,2,2,2,2,2,1,2,2,0,0,0
2008,19,103,1,190371,1,7,1,2,1,2,3,2,3,1,2,2,2,2,2,2,2,2,2,2,3,2,2,2,2,2,1,1,1,2,2,0,0,0
2008,19,155,2,190372,1,7,1,2,2,2,5,2,1,2,2,2,1,2,2,2,2,2,1,2,3,1,1,1,1,2,2,1,2,2,2,0,0,0
2008,19,59,1,190373,1,7,1,2,1,2,4,2,3,1,1,2,2,2,2,2,2,2,2,2,3,2,2,2,2,2,2,2,1,2,2,0,0,0
2008,19,155,1,190374,1,7,1,2,4,2,6,2,1,1,2,2,1,2,2,2,2,2,1,2,3,2,2,2,2,2,1,1,1,2,2,0,0,0
2008,19,125,1,190375,1,7,1,2,4,2,6,2,1,2,2,2,1,2,2,2,2,2,2,2,3,2,2,2,2,2,2,2,1,2,2,0,0,0
2008,19,93,1,190376,1,7,1,2,4,2,5,2,1,1,1,2,1,2,2,2,2,2,1,2,3,2,2,2,2,1,2,2,1,2,2,0,0,0
2008,19,163,1,190377,1,7,2,2,1,2,6,2,3,2,2,2,2,2,2,1,2,2,2,2,1,2,2,2,2,2,1,1,1,2,2,0,0,0
2008,19,23,1,190379,1,7,1,2,1,2,5,2,1,1,2,2,1,2,2,1,2,2,1,2,3,2,2,2,2,2,2,2,2,2,2,0,0,0
2008,20,99,1,200001,1,7,1,2,4,2,4,2,1,1,1,2,1,2,2,2,2,2,1,2,2,2,2,2,2,2,2,2,1,1,2,0,0,0
2008,20,155,1,200002,1,7,1,2,1,2,3,2,3,2,2,2,2,1,2,2,2,2,2,2,2,2,2,2,2,2,2,2,1,2,2,0,0,0
2008,20,91,1,200003,1,7,2,2,1,1,3,1,4,2,2,2,2,2,2,2,2,2,2,2,2,2,2,2,2,1,2,2,2,2,2,0,0,0
2008,20,15,1,200004,1,7,2,2,4,2,3,2,1,2,1,2,1,2,2,2,2,2,1,2,1,2,2,2,2,2,2,2,1,1,2,0,0,0
2008,20,127,1,200005,1,7,1,2,1,1,5,1,4,1,1,2,2,2,2,1,2,2,2,2,3,1,1,1,1,2,2,1,2,1,2,0,0,0
2008,20,91,1,200006,1,7,2,2,1,1,3,1,4,1,1,2,2,2,2,2,2,2,2,2,2,2,2,2,2,2,1,1,2,2,2,0,0,0
2008,20,125,1,200007,1,7,1,2,1,1,3,1,4,2,1,2,2,1,2,2,2,2,2,2,2,2,2,2,2,2,2,2,2,2,2,0,0,0
2008,20,91,1,200008,1,7,2,2,4,2,5,2,1,2,2,2,1,2,2,2,2,2,2,2,1,2,2,2,2,2,1,1,1,1,2,0,0,0
2008,20,205,1,200009,1,7,1,2,4,2,5,2,1,1,1,2,1,2,2,2,2,2,2,2,2,2,2,2,2,2,2,2,1,1,2,0,0,0
2008,20,209,1,200010,1,7,2,2,1,2,3,2,3,1,1,2,3,2,2,2,2,2,2,2,2,2,2,2,2,2,2,2,1,2,2,0,0,0
2008,20,173,1,200011,1,7,1,2,1,2,3,2,3,2,1,2,2,1,2,2,2,2,2,2,1,2,2,2,2,2,1,1,1,2,2,0,0,0
2008,20,5,1,200012,1,7,1,2,1,2,3,2,3,1,1,2,2,1,2,2,2,2,2,2,2,1,1,1,1,2,2,1,1,2,2,0,0,0
2008,20,209,1,200013,1,7,2,2,1,1,3,1,2,2,2,1,3,2,2,2,2,2,2,2,3,1,1,1,1,2,2,1,2,2,2,0,0,0
2008,20,139,1,200014,1,7,1,2,1,2,3,2,4,1,2,2,2,2,2,2,2,2,2,2,2,2,2,2,2,1,2,2,1,2,2,0,0,0
2008,20,189,1,200015,1,7,1,2,4,2,5,2,1,1,1,2,1,2,2,2,2,2,1,2,2,2,2,1,1,2,2,1,1,2,2,0,0,0
2008,20,155,1,200016,1,7,2,2,4,2,3,2,1,1,1,2,1,2,2,2,2,2,1,2,2,2,2,2,2,2,2,2,1,1,2,0,0,0
2008,20,127,2,200017,1,7,1,2,4,2,5,2,1,2,2,2,1,2,2,2,2,2,1,2,1,2,2,2,2,2,1,1,1,1,2,0,0,0
2008,20,17,1,200018,1,7,1,2,1,2,3,2,3,1,2,2,2,2,2,2,2,2,2,2,2,2,2,2,2,2,1,1,1,2,2,0,0,0
2008,20,193,1,200019,1,7,2,2,4,2,3,2,1,2,1,2,1,2,2,2,2,2,2,2,3,1,1,1,1,2,2,1,1,2,2,0,0,0
2008,20,29,1,200020,1,7,1,2,4,2,3,2,1,2,1,2,1,2,2,2,2,2,1,2,3,2,2,2,2,2,2,2,1,2,1,0,0,0
2008,20,125,2,200021,1,7,1,2,1,2,3,2,3,1,1,2,2,1,2,2,2,2,2,2,2,2,2,2,2,2,1,1,1,1,2,0,0,0
2008,20,131,1,200022,1,7,1,2,4,2,6,2,1,2,1,2,1,2,2,2,2,2,1,2,2,2,2,2,2,2,1,1,1,1,2,0,0,0
2008,20,79,1,200023,1,7,1,2,4,2,5,2,1,2,1,2,1,2,2,2,2,2,2,2,1,2,2,2,2,2,1,1,1,2,2,0,0,0
2008,20,173,1,200024,1,7,1,2,4,2,5,2,1,2,2,2,1,2,2,1,2,2,1,2,3,2,2,2,2,2,2,2,1,2,2,0,0,0
2008,20,15,1,200025,1,7,1,2,1,2,5,2,4,2,2,2,2,2,2,1,2,2,2,2,3,2,2,2,2,2,1,1,2,2,2,0,0,0
2008,20,15,1,200026,1,7,1,2,1,2,3,2,4,2,2,2,2,2,2,1,2,2,2,2,3,2,2,2,2,2,2,2,1,2,2,0,0,0
2008,20,15,1,200027,1,7,1,2,1,2,3,3,2,2,2,2,2,1,2,2,2,2,2,2,3,2,2,2,2,2,2,2,2,1,2,0,0,0
2008,20,3,1,200028,1,7,1,2,4,2,4,2,1,2,1,2,1,2,2,2,2,2,1,2,1,2,2,2,2,2,1,1,1,1,2,0,0,0
2008,20,183,1,200029,1,7,1,2,4,2,3,2,1,2,2,2,1,2,2,2,2,2,1,2,1,2,2,2,2,2,2,2,1,1,2,0,0,0
2008,20,157,1,200030,1,7,1,2,4,2,6,2,1,2,2,2,1,2,2,2,2,2,1,2,1,2,2,2,2,2,1,1,1,1,2,0,0,0
2008,20,177,1,200031,1,7,1,2,1,1,5,1,4,2,2,2,2,2,2,2,2,2,2,2,2,2,2,2,2,2,2,2,2,1,2,0,0,0
2008,20,173,1,200032,1,7,2,2,1,1,4,1,4,2,2,2,2,2,1,2,2,2,2,2,2,2,2,2,2,2,2,2,2,2,2,0,0,0
2008,20,45,1,200033,1,7,1,2,4,2,6,2,1,1,1,2,1,2,2,2,2,2,1,2,3,2,2,2,2,2,2,2,1,2,2,0,0,0
2008,20,139,1,200034,1,7,1,2,4,2,5,2,1,2,1,2,1,2,2,1,2,2,1,2,1,2,2,2,2,2,1,1,1,1,2,0,0,0
2008,20,1,1,200035,1,7,1,2,4,2,3,2,1,2,2,2,1,2,2,1,2,2,1,2,2,2,2,2,2,2,2,2,1,2,2,0,0,0
2008,20,87,1,200036,1,7,1,2,4,2,4,2,1,2,2,2,1,2,2,2,2,2,1,2,1,1,1,1,1,2,2,1,1,1,2,0,0,0
2008,20,173,1,200037,1,7,2,2,2,2,2,2,1,2,1,2,1,2,2,2,2,2,1,2,1,2,2,2,2,2,1,1,1,1,2,0,0,0
2008,20,81,1,200038,1,7,1,2,1,1,3,1,4,1,1,2,2,1,2,2,2,2,2,2,2,2,2,2,2,1,2,2,2,2,2,0,0,0
2008,20,43,2,200039,1,7,1,2,4,2,5,2,1,1,1,2,1,2,2,1,2,2,2,2,1,2,2,2,2,2,1,1,1,1,2,0,0,0
2008,20,103,1,200040,1,7,1,2,1,1,4,1,4,2,1,2,2,1,2,2,2,2,2,2,1,2,2,2,2,2,2,2,2,2,2,0,0,0
2008,20,209,1,200041,1,7,1,1,4,2,1,2,1,2,2,1,1,2,2,2,2,2,2,2,3,2,2,2,2,2,2,2,1,2,2,0,0,0
2008,20,167,1,200042,1,7,1,1,4,2,1,2,1,1,1,2,1,2,2,2,2,2,1,2,2,2,2,2,2,2,2,2,1,1,2,0,0,0
2008,20,21,1,200043,1,7,1,2,1,2,4,2,3,1,1,2,2,1,2,1,2,2,2,2,2,2,2,2,2,2,2,2,1,2,2,0,0,0
2008,20,79,2,200044,1,7,1,2,1,1,3,1,4,1,1,2,2,2,2,2,2,2,2,2,3,2,2,2,2,1,2,2,2,2,2,0,0,0
2008,20,177,1,200045,1,7,2,2,4,2,3,2,1,2,1,2,1,2,2,2,2,2,1,2,2,2,2,2,2,2,2,2,1,1,2,0,0,0
2008,20,59,1,200046,1,7,1,1,4,2,1,2,1,1,1,2,1,2,2,1,2,2,1,2,2,2,2,2,2,2,2,2,1,2,2,0,0,0
2008,20,55,1,200047,1,7,1,2,4,2,6,2,1,2,2,2,1,2,2,1,2,2,1,2,1,2,2,2,2,2,2,2,1,2,2,0,0,0
2008,20,167,1,200048,1,7,1,1,4,2,1,2,1,2,1,2,1,2,2,2,2,2,1,2,2,2,2,2,2,2,2,2,1,2,2,0,0,0
2008,20,125,1,200049,1,7,1,2,1,2,3,2,1,2,1,1,1,2,2,2,1,2,2,2,3,2,2,2,2,2,2,2,2,2,2,0,0,0
2008,20,39,1,200050,1,7,1,2,4,2,6,2,1,2,2,2,1,2,2,1,2,2,1,2,2,1,2,1,2,2,2,2,1,1,2,0,0,0
2008,20,209,1,200051,1,7,2,2,4,2,2,2,1,3,2,2,1,2,2,2,2,2,1,2,1,2,2,2,2,2,2,2,1,2,2,0,0,0
2008,20,55,1,200052,1,7,1,2,4,2,3,2,1,2,2,2,1,2,2,2,2,2,1,2,1,2,2,2,2,2,2,2,1,1,2,0,0,0
2008,20,155,1,200053,1,7,2,2,1,1,4,1,4,1,1,2,2,2,2,2,2,2,2,2,3,2,2,1,1,2,2,1,2,1,2,0,0,0
2008,20,15,1,200054,1,7,2,2,1,1,3,1,1,2,2,2,1,2,2,2,1,2,2,2,2,2,2,2,2,2,2,2,2,2,2,0,0,0
2008,20,155,1,200055,1,7,1,2,4,2,6,2,1,2,2,2,1,2,2,2,2,2,1,2,1,1,1,1,1,2,2,1,1,1,2,0,0,0
2008,20,51,1,200056,1,7,1,2,4,2,5,2,1,2,1,2,1,2,2,2,2,2,2,2,3,2,2,2,2,2,1,1,1,2,2,0,0,0
2008,20,167,1,200057,1,7,1,2,4,2,5,2,1,2,2,2,1,2,2,2,2,2,2,2,1,2,2,2,2,2,2,2,1,1,2,0,0,0
2008,20,55,1,200058,1,7,1,2,1,1,3,1,4,1,1,2,3,2,2,2,2,2,1,2,3,2,2,2,2,2,2,2,2,1,2,0,0,0
2008,20,65,1,200059,1,7,1,2,1,2,5,2,3,1,1,2,2,2,2,2,2,2,2,2,2,2,2,2,2,1,2,2,1,1,2,0,0,0
2008,20,67,4,200060,1,7,2,2,1,1,3,1,4,1,1,2,2,1,2,2,2,2,2,2,2,1,1,1,1,2,2,1,2,1,2,0,0,0
2008,20,209,1,200061,1,7,1,2,1,1,3,1,4,1,1,2,2,2,2,2,2,2,2,2,2,1,1,1,1,2,2,1,2,1,2,0,0,0
2008,20,91,1,200062,1,7,1,2,4,2,5,2,1,2,2,2,1,2,2,2,2,2,1,2,1,1,1,1,1,2,2,1,1,1,2,0,0,0
2008,20,191,2,200063,1,7,1,2,1,2,4,2,3,1,1,2,2,1,2,2,2,2,2,2,2,2,2,2,2,2,2,2,1,2,2,0,0,0
2008,20,109,1,200064,1,7,1,2,4,2,4,2,1,2,2,2,1,2,1,2,2,2,2,2,1,2,2,2,2,2,2,2,1,2,2,0,0,0
2008,20,193,1,200065,1,7,1,2,4,2,6,2,1,1,2,2,1,2,2,2,2,2,1,2,3,2,2,2,2,2,2,2,1,2,1,0,0,0
2008,20,209,1,200066,1,7,1,1,2,2,1,2,1,2,2,2,1,2,1,1,2,2,2,2,3,2,2,2,2,2,2,2,1,2,2,0,0,0
2008,20,125,1,200067,1,7,1,2,1,2,3,2,4,2,1,2,2,2,2,1,2,2,2,2,3,2,2,1,1,2,2,1,1,2,2,0,0,0
2008,20,91,1,200068,1,7,1,2,4,2,5,2,1,1,2,2,1,2,2,2,2,2,1,2,1,2,2,2,2,2,2,2,1,2,2,0,0,0
2008,20,15,1,200069,1,7,1,2,4,2,5,2,1,2,2,2,1,2,2,2,2,2,1,2,1,1,1,1,1,2,2,1,1,1,2,0,0,0
2008,20,173,1,200070,1,7,1,1,4,2,1,2,1,2,2,2,1,2,2,2,2,2,1,2,2,2,2,2,2,2,1,1,1,1,2,0,0,0
2008,20,61,1,200071,1,7,1,2,4,2,3,2,1,1,1,2,1,2,1,2,2,2,2,2,3,2,2,1,1,2,2,1,1,2,2,0,0,0
2008,20,177,1,200072,1,7,2,2,4,2,5,2,1,2,1,2,1,2,2,1,2,2,2,2,2,2,2,2,2,2,2,2,1,2,2,0,0,0
2008,20,125,1,200073,1,7,1,2,4,2,5,2,1,2,1,2,1,2,2,1,2,2,1,2,1,1,1,1,1,2,2,1,1,1,2,0,0,0
2008,20,169,1,200074,1,7,1,2,1,1,6,1,4,2,1,2,2,2,2,1,2,2,2,2,2,2,2,2,2,2,2,2,2,1,2,0,0,0
2008,20,121,1,200075,1,7,1,2,4,2,6,2,1,1,1,2,1,2,2,1,2,2,2,2,3,2,2,2,2,2,2,2,1,2,2,0,0,0
2008,20,15,1,200076,1,7,1,2,4,2,6,2,1,2,1,2,1,2,1,1,2,2,2,2,1,2,2,2,2,2,2,2,1,1,2,0,0,0
2008,20,15,1,200079,1,7,1,2,1,1,3,1,1,2,2,2,1,1,2,2,1,2,2,2,3,2,2,2,2,2,2,2,2,2,2,0,0,0
2008,20,173,1,200080,1,7,2,2,1,1,3,1,2,2,2,2,3,2,2,1,2,2,2,2,1,2,2,2,2,2,2,2,2,2,2,0,0,0
2008,20,185,1,200081,1,7,1,2,4,2,6,2,1,2,1,2,1,2,2,1,2,2,1,2,1,2,2,2,2,2,1,1,1,1,2,0,0,0
2008,20,15,1,200082,1,7,1,2,1,1,3,1,4,1,1,2,2,1,2,1,2,2,2,2,2,2,2,2,2,2,2,2,2,2,2,0,0,0
2008,20,169,1,200083,1,7,1,2,4,2,5,2,1,1,1,2,1,2,2,2,2,2,1,2,3,2,2,2,2,1,2,2,1,2,1,0,0,0
2008,20,101,1,200084,1,7,1,2,4,2,4,2,1,1,2,2,1,2,2,2,2,2,2,2,2,2,2,2,2,1,2,2,1,2,2,0,0,0
2008,20,173,1,200085,1,7,2,2,1,2,6,2,4,1,1,2,2,2,1,1,2,2,2,2,2,2,2,1,1,2,2,1,1,2,2,0,0,0
2008,20,173,2,200086,1,7,1,2,4,1,3,1,1,2,1,2,1,2,1,1,2,2,2,2,1,2,2,2,2,2,2,2,2,2,2,0,0,0
2008,20,209,1,200087,1,7,2,2,1,2,4,2,1,1,1,2,1,2,1,2,2,2,2,2,3,2,2,2,2,2,2,2,1,1,2,0,0,0
2008,20,155,1,200088,1,7,1,2,1,2,6,2,1,2,1,2,1,2,1,2,2,2,2,2,3,2,2,2,2,2,2,2,2,2,2,0,0,0
2008,20,79,1,200089,1,7,1,2,4,2,6,2,1,1,1,2,1,2,2,2,2,2,1,2,2,2,2,2,2,2,2,2,1,2,2,0,0,0
2008,20,41,1,200090,1,7,1,2,4,2,3,2,1,2,2,2,1,2,2,1,2,2,1,2,1,2,2,2,2,2,2,2,1,2,2,0,0,0
2008,20,45,1,200091,1,7,2,2,1,1,3,1,4,2,2,1,2,2,2,2,2,2,2,2,1,2,2,2,2,2,1,1,2,2,2,0,0,0
2008,20,113,1,200092,1,7,1,2,1,2,3,2,5,1,1,2,2,1,2,2,2,2,2,2,3,2,2,2,2,2,1,1,1,1,2,0,0,0
2008,20,131,1,200094,1,7,1,2,4,2,5,2,1,2,2,2,1,2,2,2,2,2,2,2,2,2,2,2,2,2,2,2,1,2,2,0,0,0
2008,20,177,1,200095,1,7,1,2,1,2,3,2,4,2,2,2,2,2,1,2,2,2,2,2,1,2,2,2,2,2,1,1,2,1,2,0,0,0
2008,20,1,2,200096,1,7,1,2,1,2,3,2,3,2,1,2,2,2,2,2,2,2,1,2,2,2,2,2,2,2,2,2,1,2,2,0,0,0
2008,20,15,1,200097,1,7,1,2,1,1,3,1,4,1,1,2,2,2,2,2,2,2,1,2,3,2,2,2,2,1,2,2,2,1,2,0,0,0
2008,20,91,2,200098,1,7,2,2,4,2,4,3,1,2,1,2,1,2,2,2,2,2,2,2,1,2,2,2,2,2,2,2,1,2,2,0,0,0
2008,20,33,1,200099,1,7,1,2,4,1,4,1,1,1,1,2,1,2,2,2,2,2,1,2,2,2,2,2,2,1,2,2,2,2,2,0,0,0
2008,20,51,1,200100,1,7,1,2,4,2,5,2,1,2,1,2,1,2,2,1,2,2,1,2,1,2,2,2,2,2,1,1,1,2,2,0,0,0
2008,20,177,1,200101,1,7,1,2,4,2,5,2,1,2,2,2,1,2,2,2,2,2,1,2,3,2,2,1,1,2,2,1,1,1,2,0,0,0
2008,20,177,1,200102,1,7,2,2,4,2,5,2,1,2,2,2,1,2,2,1,2,2,1,2,1,2,2,2,2,2,2,2,1,2,2,0,0,0
2008,20,115,1,200103,1,7,1,2,4,1,5,1,1,2,2,2,1,2,2,2,2,2,1,2,3,1,1,1,1,2,2,1,2,2,2,0,0,0
2008,20,133,1,200104,1,7,1,2,4,2,5,2,1,1,1,2,1,2,2,2,2,2,1,2,1,1,1,1,1,2,2,1,1,1,2,0,0,0
2008,20,159,1,200105,1,7,1,2,4,2,4,2,1,2,1,2,1,2,2,2,2,2,1,2,2,2,2,2,2,2,2,2,1,1,2,0,0,0
2008,20,21,1,200106,1,7,1,2,4,2,3,2,1,1,1,2,1,2,2,2,2,2,2,2,3,2,2,2,2,2,1,1,1,1,2,0,0,0
2008,20,21,1,200107,1,7,1,2,4,2,4,2,1,2,2,2,1,2,1,1,2,2,2,2,1,2,2,2,2,2,2,2,1,2,2,0,0,0
2008,20,113,1,200108,1,7,1,2,1,1,5,1,4,1,1,2,2,1,2,2,2,2,2,2,3,2,2,2,2,2,2,2,2,1,2,0,0,0
2008,20,103,1,200109,1,7,1,2,1,1,5,1,4,2,2,2,2,2,1,1,2,2,2,2,1,2,2,2,2,2,2,2,2,2,2,0,0,0
2008,20,209,1,200110,1,7,2,2,4,2,4,2,1,1,2,2,1,2,2,1,2,2,1,2,2,2,2,2,2,2,2,2,1,2,2,0,0,0
2008,20,145,1,200111,1,7,1,2,1,2,3,2,5,1,1,2,3,1,2,2,2,2,2,2,3,2,2,2,2,1,2,2,1,2,2,0,0,0
2008,20,173,1,200112,1,7,2,2,1,1,5,1,4,2,2,1,2,2,2,2,2,2,2,2,3,1,1,1,1,1,2,1,2,2,2,0,0,0
2008,20,59,1,200113,1,7,1,2,4,2,5,2,1,1,2,2,1,2,2,2,2,2,2,2,3,2,2,2,2,2,2,2,1,2,1,0,0,0
2008,20,69,1,200114,1,7,1,2,1,2,3,2,4,2,2,2,3,1,2,2,2,2,2,2,2,2,2,2,2,2,2,2,1,2,2,0,0,0
2008,20,173,1,200115,1,7,1,2,4,2,4,2,1,2,2,2,1,2,2,2,2,2,2,2,2,2,2,2,2,2,2,2,1,1,2,0,0,0
2008,20,91,1,200116,1,7,2,2,1,1,4,1,4,1,1,2,2,1,2,2,2,2,2,2,3,2,2,2,2,2,2,2,2,1,2,0,0,0
2008,20,57,1,200117,1,7,2,2,4,2,4,2,1,1,1,2,1,2,1,2,2,2,2,2,1,2,2,2,2,2,2,2,1,2,2,0,0,0
2008,20,107,2,200118,1,7,1,2,1,2,3,2,3,1,1,2,2,1,2,1,2,2,2,2,2,2,2,2,2,2,2,2,1,1,2,0,0,0
2008,20,87,1,200119,1,7,1,2,4,2,6,2,1,1,1,2,1,2,2,1,2,2,1,2,1,2,2,2,2,2,1,1,1,2,2,0,0,0
2008,20,125,1,200120,1,7,1,2,1,2,5,2,1,2,2,2,1,2,1,2,2,2,2,2,3,2,2,2,2,2,2,2,2,2,2,0,0,0
2008,20,15,2,200121,1,7,2,2,1,1,6,1,4,1,1,2,3,2,2,2,2,2,2,2,3,2,2,2,2,1,2,2,2,2,2,0,0,0
2008,20,209,2,200122,1,7,1,2,1,1,3,1,3,2,2,2,2,1,2,2,2,2,2,2,1,2,2,2,2,2,2,2,1,2,2,0,0,0
2008,20,155,1,200123,1,7,1,2,4,2,5,2,1,2,1,2,1,2,2,1,2,2,2,2,1,2,2,2,2,2,1,1,1,2,2,0,0,0
2008,20,155,1,200124,1,7,1,2,4,2,6,2,1,2,1,2,1,2,2,2,2,2,1,2,1,2,2,1,1,2,2,1,1,1,2,0,0,0
2008,20,37,1,200125,1,7,1,2,4,2,5,2,1,2,1,2,1,2,2,1,2,2,2,2,3,1,1,1,1,2,2,1,1,2,2,0,0,0
2008,20,99,1,200126,1,7,2,2,1,1,3,1,4,1,2,2,2,2,2,1,2,2,2,2,2,2,2,2,2,2,2,2,2,2,2,0,0,0
2008,20,159,1,200127,1,7,1,2,1,2,5,2,3,2,2,2,2,2,1,2,2,2,2,2,1,2,2,1,1,2,2,1,2,1,2,0,0,0
2008,20,133,2,200128,1,7,1,2,1,2,4,2,3,2,2,2,2,2,2,2,2,2,2,2,3,2,2,2,2,2,2,2,1,1,2,0,0,0
2008,20,161,1,200129,1,7,1,2,4,2,3,2,1,2,1,2,1,2,2,1,2,2,1,2,1,2,2,2,2,2,2,2,1,1,2,0,0,0
2008,20,117,1,200130,1,7,1,2,4,2,5,2,1,1,1,2,1,2,2,1,2,2,1,2,2,1,1,1,1,2,2,1,1,2,2,0,0,0
2008,20,125,2,200131,1,7,1,2,1,2,6,3,1,2,1,2,1,2,2,2,2,2,2,2,3,1,1,1,1,2,2,1,2,1,2,0,0,0
2008,20,123,1,200132,1,7,1,2,4,2,5,2,1,2,1,2,1,2,2,1,2,2,1,2,3,2,2,1,1,2,2,1,1,2,2,0,0,0
2008,20,197,1,200133,1,7,1,1,4,2,1,2,1,2,1,2,1,2,2,1,2,2,2,2,2,2,2,2,2,2,2,2,1,2,2,0,0,0
2008,20,45,1,200134,1,7,1,2,4,2,6,2,1,2,2,2,1,2,1,2,2,2,2,2,1,2,2,2,2,2,2,2,1,2,2,0,0,0
2008,20,45,1,200135,1,7,1,2,1,2,5,2,1,1,2,2,1,2,2,2,2,1,2,2,2,2,2,1,1,2,2,1,2,1,2,0,0,0
2008,20,91,1,200136,1,7,1,2,4,1,5,1,1,2,2,2,1,2,1,1,2,2,2,2,1,2,2,2,2,2,2,2,2,2,2,0,0,0
2008,20,109,1,200137,1,7,1,2,1,1,6,1,1,2,1,1,1,2,2,2,2,1,2,2,3,2,2,2,2,2,2,2,2,2,2,0,0,0
2008,20,29,1,200138,1,7,1,2,4,2,5,2,1,1,1,2,1,2,1,2,2,2,2,2,1,2,2,2,2,2,2,2,1,1,2,0,0,0
2008,20,45,1,200139,1,7,2,2,1,2,3,3,4,1,2,2,2,2,1,2,2,2,2,2,1,2,2,2,2,1,2,2,2,2,2,0,0,0
2008,20,125,1,200140,1,7,1,2,4,2,5,2,1,2,2,2,1,2,2,2,2,2,1,2,3,2,2,2,2,2,2,2,1,1,2,0,0,0
2008,20,55,1,200141,1,7,2,2,2,2,5,2,4,2,1,2,1,2,1,2,2,2,2,2,1,2,2,1,1,2,2,1,1,2,2,0,0,0
2008,20,91,1,200142,1,7,2,2,1,1,4,1,3,1,2,2,2,2,2,2,2,2,2,2,3,2,2,2,2,1,2,2,2,2,2,0,0,0
2008,20,73,1,200143,1,7,1,2,4,2,6,2,1,2,2,2,1,2,2,1,2,2,1,2,2,1,1,1,1,2,2,1,1,2,2,0,0,0
2008,20,209,1,200144,1,7,2,2,2,2,2,2,1,2,1,2,1,2,1,1,2,2,2,2,3,2,2,2,2,2,2,2,1,2,2,0,0,0
2008,20,209,2,200145,1,7,1,1,1,2,1,2,3,2,1,2,2,1,2,2,2,2,2,2,2,2,2,2,2,2,2,2,2,2,1,0,0,0
2008,20,49,1,200146,1,7,1,2,4,2,4,2,1,1,1,2,1,2,2,2,2,2,2,2,2,2,2,2,2,2,2,2,1,1,2,0,0,0
2008,20,207,1,200147,1,7,1,2,1,2,3,2,5,1,1,2,2,1,2,2,2,2,2,2,3,2,2,2,2,1,2,2,1,2,2,0,0,0
2008,20,111,1,200148,1,7,1,2,4,2,4,2,1,1,1,2,1,2,2,2,2,2,1,2,1,2,2,2,2,2,2,2,1,2,2,0,0,0
2008,20,173,1,200149,1,7,2,2,4,1,2,1,1,2,2,2,1,2,1,2,2,2,2,2,3,2,2,2,2,2,2,2,1,2,2,0,0,0
2008,20,45,1,200150,1,7,2,2,1,1,3,1,5,1,1,2,2,1,1,2,2,2,2,2,3,2,2,2,2,2,2,2,2,2,2,0,0,0
2008,20,43,1,200151,1,7,1,2,4,2,6,2,1,2,1,2,1,2,2,2,2,2,1,2,2,2,2,2,2,2,2,2,1,1,2,0,0,0
2008,20,187,1,200152,1,7,1,2,1,1,6,1,4,2,1,2,2,2,2,2,2,2,1,2,2,2,2,2,2,2,2,2,2,2,2,0,0,0
2008,20,3,1,200153,1,7,1,2,4,2,6,2,4,1,2,2,1,2,2,2,2,2,2,2,1,2,2,2,2,1,2,2,1,2,2,0,0,0
2008,20,25,2,200154,1,7,1,2,1,1,4,1,4,1,1,2,2,2,2,2,2,2,1,2,2,2,2,2,2,1,2,2,2,1,2,0,0,0
2008,20,121,2,200155,1,7,1,2,4,2,6,2,1,2,1,2,1,2,2,1,2,2,1,2,2,2,2,2,2,2,2,2,1,2,2,0,0,0
2008,20,131,1,200156,1,7,1,2,4,2,4,2,1,1,1,2,1,2,2,2,2,2,1,2,1,2,2,2,2,2,1,1,1,1,2,0,0,0
2008,20,81,1,200158,1,7,1,2,1,2,4,2,3,1,1,2,2,2,2,2,2,2,2,2,3,1,1,1,1,1,2,1,1,1,2,0,0,0
2008,20,169,1,200159,1,7,1,1,4,2,1,3,1,1,2,2,1,2,2,2,2,2,2,2,3,2,2,2,2,1,2,2,1,2,2,0,0,0
2008,20,131,1,200160,1,7,1,2,4,2,6,2,1,2,2,2,1,2,2,1,2,2,1,2,1,1,1,1,1,2,2,1,1,1,2,0,0,0
2008,20,79,1,200161,1,7,2,2,4,2,4,2,1,1,1,2,1,2,1,2,2,2,2,2,3,2,2,2,2,2,2,2,1,1,2,0,0,0
2008,20,173,1,200162,1,7,2,2,2,2,6,2,4,2,2,2,1,2,1,2,2,2,2,2,1,2,2,2,2,2,2,2,1,1,2,0,0,0
2008,20,173,1,200163,1,7,1,2,4,2,6,2,1,2,2,2,1,2,2,1,2,2,2,2,1,1,1,1,1,2,2,1,1,2,2,0,0,0
2008,20,45,1,200164,1,7,1,2,4,2,5,2,1,1,2,2,1,2,1,2,2,2,2,2,3,2,2,2,2,2,2,2,1,1,2,0,0,0
2008,20,33,1,200166,1,7,1,2,4,2,5,2,1,2,2,2,1,2,2,1,2,2,1,2,3,1,1,1,1,2,2,1,1,1,2,0,0,0
2008,20,173,1,200167,1,7,2,2,1,1,3,1,1,2,1,2,1,2,2,2,2,1,2,2,2,2,2,2,2,2,2,2,2,2,2,0,0,0
2008,20,91,1,200168,1,7,2,2,1,2,6,2,1,1,1,1,1,2,2,1,1,2,2,2,2,2,2,1,1,2,2,1,2,1,2,0,0,0
2008,20,103,1,200169,1,7,1,2,2,2,6,2,1,1,1,2,1,2,2,2,1,2,2,2,2,2,2,2,2,2,2,2,2,2,2,0,0,0
2008,20,173,1,200170,1,7,1,2,1,2,3,2,1,1,1,2,1,2,1,2,2,2,2,2,3,2,2,2,2,2,2,2,2,1,2,0,0,0
2008,20,125,1,200171,1,7,2,2,2,2,4,2,1,1,1,2,1,2,2,2,2,2,1,2,3,2,2,2,2,1,2,2,1,2,2,0,0,0
2008,20,191,1,200172,1,7,1,2,1,2,5,2,2,2,2,2,2,2,2,2,2,2,1,2,1,2,2,2,2,2,1,1,2,1,2,0,0,0
2008,20,115,1,200173,1,7,1,2,4,2,6,2,1,2,2,2,1,2,2,2,2,2,1,2,1,2,2,2,2,2,1,1,1,2,2,0,0,0
2008,20,103,1,200174,1,7,1,2,4,2,4,2,1,2,2,2,1,2,1,2,2,2,2,2,1,2,2,2,2,2,2,2,1,1,2,0,0,0
2008,20,173,1,200175,1,7,2,2,1,1,3,1,4,1,2,2,2,2,2,2,2,2,2,2,3,2,2,2,2,1,2,2,2,1,2,0,0,0
2008,20,177,1,200176,1,7,1,2,4,2,3,2,1,2,1,2,1,2,2,1,2,2,1,2,1,2,2,2,2,2,2,2,1,1,2,0,0,0
2008,20,21,1,200177,1,7,1,2,4,2,6,2,1,2,1,2,1,2,2,1,2,2,1,2,2,1,1,1,1,2,2,1,1,2,2,0,0,0
2008,20,177,1,200179,1,7,1,2,1,1,3,1,1,1,1,2,1,2,1,2,2,2,2,2,2,2,2,2,2,2,2,2,2,1,2,0,0,0
2008,20,171,1,200180,1,7,1,2,1,2,5,2,1,2,1,2,1,2,2,2,2,2,2,2,3,2,2,2,2,2,2,2,2,2,2,0,0,0
2008,20,133,1,200181,1,7,1,2,4,2,4,2,1,1,1,2,1,1,2,2,2,2,1,2,2,2,2,2,2,2,2,2,1,1,2,0,0,0
2008,20,199,1,200182,1,7,1,2,4,2,4,2,1,1,1,2,1,1,2,2,2,2,1,2,3,2,2,2,2,2,2,2,1,1,2,0,0,0
2008,20,151,1,200183,1,7,1,2,4,2,6,2,1,1,1,2,1,2,2,2,2,2,1,2,2,2,2,2,2,2,2,2,1,1,2,0,0,0
2008,20,37,1,200184,1,7,1,2,1,1,5,1,4,2,2,2,2,2,2,2,2,2,2,2,1,2,2,2,2,2,2,2,2,1,2,0,0,0
2008,20,125,5,200185,1,7,1,2,1,2,3,2,3,1,1,2,2,2,2,1,2,2,2,2,2,2,2,2,2,1,2,2,1,2,2,0,0,0
2008,20,117,2,200186,1,7,1,2,1,2,3,2,3,1,1,2,2,1,2,2,2,2,2,2,2,2,2,2,2,1,2,2,1,1,2,0,0,0
2008,20,41,2,200187,1,7,1,1,1,2,1,2,3,1,1,2,2,2,2,2,2,2,1,2,2,2,2,2,2,1,2,2,1,2,2,0,0,0
2008,20,91,1,200188,1,7,2,2,1,1,3,1,1,1,1,2,1,2,2,2,1,2,2,2,3,2,2,2,2,2,2,2,2,2,2,0,0,0
2008,20,125,1,200189,1,7,2,2,1,2,3,2,3,2,1,2,2,1,2,2,2,2,2,2,1,1,1,1,1,2,1,1,1,2,2,0,0,0
2008,20,61,1,200190,1,7,2,2,2,2,5,2,4,3,2,2,1,2,1,2,2,2,2,2,1,2,2,2,2,2,2,2,2,1,2,0,0,0
2008,20,91,1,200191,1,7,1,2,4,1,5,1,1,2,2,2,1,2,2,1,2,2,1,2,1,1,1,1,1,2,2,1,2,2,2,0,0,0
2008,20,151,1,200192,1,7,1,2,1,2,6,3,1,1,2,2,1,1,2,2,2,2,2,2,2,2,2,2,2,2,2,2,2,2,2,0,0,0
2008,20,169,1,200193,1,7,1,2,4,2,6,2,1,1,1,2,1,2,2,1,2,2,1,2,3,2,2,2,2,1,2,2,1,2,2,0,0,0
2008,20,133,1,200194,1,7,1,2,1,2,3,2,3,2,1,2,2,1,2,2,2,2,2,2,2,2,2,2,2,2,1,1,1,1,2,0,0,0
2008,20,119,1,200195,1,7,1,2,1,2,4,2,3,2,1,2,2,2,2,2,2,2,1,2,2,2,2,2,2,2,2,2,2,2,2,0,0,0
2008,20,91,1,200196,1,7,1,1,1,2,1,2,1,2,2,2,1,2,2,2,1,2,2,2,1,2,2,2,2,1,2,2,2,2,2,0,0,0
2008,20,209,1,200197,1,7,2,2,4,1,6,1,1,2,2,2,1,2,2,2,2,2,1,2,3,2,2,2,2,2,2,2,2,1,2,0,0,0
2008,20,113,1,200198,1,7,1,2,1,2,6,3,1,1,2,2,1,2,2,2,2,2,2,2,3,2,2,2,2,1,2,2,2,2,2,0,0,0
2008,20,175,1,200199,1,7,1,2,4,2,6,3,1,1,2,2,1,2,2,2,2,2,2,2,1,2,2,1,1,2,2,1,1,2,2,0,0,0
2008,20,99,1,200200,1,7,1,2,1,1,5,1,4,2,1,2,2,2,2,2,2,2,1,2,1,2,2,2,2,2,2,2,2,2,2,0,0,0
2008,20,191,1,200201,1,7,1,1,4,2,1,3,1,2,1,2,1,2,2,1,2,2,2,2,1,2,2,2,2,2,2,2,1,2,2,0,0,0
2008,20,137,1,200202,1,7,1,2,4,2,4,2,1,1,2,2,1,2,1,2,2,2,2,2,2,2,2,2,2,1,2,2,1,1,2,0,0,0
2008,20,155,1,200203,1,7,2,2,4,2,6,2,1,2,2,2,1,2,1,1,2,2,2,2,2,2,2,2,2,2,2,2,1,2,2,0,0,0
2008,20,17,1,200204,1,7,1,2,4,2,5,2,1,1,1,2,1,2,2,1,2,2,1,2,2,1,1,1,1,2,2,1,1,2,2,0,0,0
2008,20,19,1,200205,1,7,1,2,4,2,6,2,1,2,2,2,1,2,1,2,2,2,2,2,1,2,2,2,2,2,1,1,1,2,2,0,0,0
2008,20,125,1,200206,1,7,1,2,4,2,6,2,1,2,2,2,1,1,2,2,2,2,1,2,1,2,2,2,2,2,1,1,1,2,2,0,0,0
2008,20,155,1,200207,1,7,2,2,1,1,3,1,4,2,2,2,2,1,2,2,2,2,1,2,3,2,2,2,2,2,2,2,2,1,2,0,0,0
2008,20,107,1,200208,1,7,1,2,4,2,5,2,1,2,2,2,1,2,2,1,2,2,1,2,1,2,2,2,2,2,2,2,1,1,2,0,0,0
2008,20,27,1,200209,1,7,1,2,1,1,4,1,4,1,1,2,2,2,2,2,2,2,2,2,3,2,2,2,2,2,2,2,2,1,2,0,0,0
2008,20,209,1,200210,1,7,2,2,1,1,6,1,4,1,2,2,2,2,1,2,2,2,2,2,2,2,2,2,2,2,2,2,2,2,2,0,0,0
2008,20,29,1,200211,1,7,1,2,4,2,5,2,1,2,2,2,1,2,2,2,2,2,1,2,1,2,2,2,2,2,2,2,1,2,2,0,0,0
2008,20,91,1,200212,1,7,2,2,4,1,6,1,1,2,1,2,1,2,2,1,2,2,2,2,1,2,2,2,2,2,1,1,2,1,2,0,0,0
2008,20,91,1,200213,1,7,2,1,1,2,1,2,4,1,1,2,3,2,2,2,2,2,2,2,3,2,2,2,2,2,2,2,1,2,2,0,0,0
2008,20,73,1,200214,1,7,1,2,1,1,3,1,4,1,1,2,2,2,2,2,2,2,2,2,3,2,2,2,2,1,2,2,2,1,2,0,0,0
2008,20,133,1,200215,1,7,1,2,1,1,3,1,4,2,2,2,2,1,2,2,2,2,2,2,2,1,1,1,1,1,2,1,2,1,2,0,0,0
2008,20,23,1,200216,1,7,1,2,1,1,4,1,3,1,1,2,2,2,2,2,2,2,2,2,2,2,2,2,2,1,2,2,2,2,2,0,0,0
2008,20,103,1,200217,1,7,1,2,1,2,5,2,4,1,1,2,2,2,1,1,2,2,2,2,2,2,2,2,2,1,2,2,1,2,2,0,0,0
2008,20,185,1,200218,1,7,1,2,4,2,5,2,1,3,3,2,1,2,2,2,2,2,1,2,3,2,2,2,2,2,2,2,1,2,2,0,0,0
2008,20,9,1,200219,1,7,1,2,1,2,4,2,3,2,1,2,2,2,2,2,2,2,1,2,2,2,2,2,2,2,1,1,1,2,2,0,0,0
2008,20,57,1,200220,1,7,2,2,1,2,3,2,4,2,1,2,2,1,2,2,2,2,2,2,2,2,2,2,2,2,2,2,2,2,2,0,0,0
2008,20,121,1,200221,1,7,1,2,4,2,6,2,1,2,2,2,1,2,2,1,2,2,1,2,2,1,1,1,1,2,2,1,1,2,2,0,0,0
2008,20,23,1,200222,1,7,1,2,4,2,5,2,1,1,2,2,1,2,1,2,2,2,2,2,2,2,2,2,2,2,2,2,1,1,2,0,0,0
2008,20,67,1,200223,1,7,1,2,1,2,5,2,1,2,2,2,1,2,1,2,2,2,2,2,2,2,2,2,2,1,2,2,2,2,2,0,0,0
2008,20,175,2,200224,1,7,1,2,1,2,3,2,3,2,2,2,2,1,2,2,2,2,2,2,1,2,2,2,2,2,2,2,1,1,2,0,0,0
2008,20,151,1,200225,1,7,1,2,1,2,5,2,1,1,2,2,1,2,1,2,2,2,2,2,2,2,2,2,2,2,2,2,2,2,2,0,0,0
2008,20,85,1,200226,1,7,1,2,1,1,3,1,4,1,1,2,2,2,2,2,2,2,1,2,3,2,2,2,2,1,2,2,2,1,2,1,0,1
2008,20,5,1,200227,1,7,1,2,4,1,6,1,1,1,1,2,1,2,2,2,2,2,1,2,3,2,2,2,2,2,2,2,2,1,2,0,0,0
2008,20,191,1,200228,1,7,1,1,4,2,1,2,1,2,1,2,1,2,2,2,2,2,1,2,3,2,2,2,2,2,2,2,1,2,1,0,0,0
2008,20,209,1,200229,1,7,1,1,2,2,1,2,2,1,1,2,1,2,2,2,1,2,2,2,3,2,2,2,2,2,2,2,2,2,2,0,0,0
2008,20,103,1,200230,1,7,2,2,1,2,3,2,3,1,2,2,2,2,2,2,2,2,1,2,3,2,2,2,2,2,1,1,1,2,2,0,0,0
2008,20,55,2,200231,1,7,1,2,1,1,3,1,4,2,1,2,2,2,2,2,2,2,1,2,1,2,2,2,2,2,2,2,2,2,2,0,0,0
2008,20,9,1,200232,1,7,1,2,4,2,5,2,1,2,2,2,1,2,2,1,2,2,1,2,1,2,2,2,2,2,2,2,1,1,2,0,0,0
2008,20,209,1,200233,1,7,2,2,1,2,3,2,1,2,2,2,1,2,2,2,1,2,2,2,1,2,2,2,2,2,1,1,2,2,2,0,0,0
2008,20,103,1,200234,1,7,2,2,4,2,6,2,1,2,2,2,1,2,2,2,2,2,2,2,1,2,2,2,2,2,1,1,1,2,2,0,0,0
2008,20,15,1,200235,1,7,1,2,1,2,6,2,3,1,1,2,2,1,2,2,2,2,1,2,2,2,2,2,2,2,2,2,1,2,2,0,0,0
2008,20,209,1,200236,1,7,1,2,3,2,3,3,1,2,2,2,1,2,2,2,2,2,2,2,2,2,2,2,2,1,2,2,1,1,2,0,0,0
2008,20,81,1,200237,1,7,1,2,1,2,6,2,4,1,1,2,2,1,2,2,2,2,2,2,1,2,2,2,2,2,2,2,1,1,2,0,0,0
2008,20,55,1,200238,1,7,1,2,1,2,3,2,5,1,1,2,2,1,2,2,2,2,2,2,3,2,2,2,2,1,1,1,1,1,2,0,0,0
2008,20,91,1,200239,1,7,1,2,1,1,3,1,4,1,1,2,2,2,2,2,2,2,2,2,2,2,2,2,2,1,2,2,2,1,2,0,0,0
2008,20,125,1,200240,1,7,2,2,1,1,4,1,4,1,1,2,2,2,1,2,2,2,2,2,2,2,2,2,2,1,2,2,2,2,2,0,0,0
2008,20,209,1,200241,1,7,1,1,4,2,1,2,1,2,2,2,1,2,2,2,2,2,1,2,1,2,2,2,2,2,2,2,1,2,2,0,0,0
2008,20,209,1,200242,1,7,1,1,4,2,1,2,1,2,2,2,1,2,2,2,2,2,2,2,2,2,2,2,2,2,2,2,1,1,2,0,0,0
2008,20,45,1,200243,1,7,2,2,4,2,5,2,1,2,1,2,1,2,2,1,2,2,2,2,3,2,2,2,2,2,2,2,1,2,2,0,0,0
2008,20,173,1,200244,1,7,1,1,1,2,1,3,1,2,2,1,1,2,2,2,1,2,2,2,1,2,2,2,2,2,2,2,2,1,2,0,0,0
2008,20,191,1,200245,1,7,2,2,1,2,3,2,1,2,1,2,1,2,2,2,2,1,2,2,2,1,1,1,1,2,2,1,2,2,2,0,0,0
2008,20,85,1,200246,1,7,1,2,1,2,3,2,5,2,2,2,2,2,2,2,2,2,2,2,3,1,1,1,1,2,2,1,1,2,2,0,0,0
2008,20,209,1,200247,1,7,1,2,1,1,3,1,4,1,1,2,2,2,1,2,2,2,2,2,2,2,2,2,2,2,2,2,2,2,2,0,0,0
2008,20,1,1,200248,1,7,1,2,1,1,3,1,4,1,2,2,2,2,2,2,2,2,2,2,2,2,2,2,2,2,2,2,2,2,2,0,0,0
2008,20,173,1,200249,1,7,2,2,1,2,2,2,1,2,2,2,1,2,2,2,1,2,2,2,2,2,2,2,2,1,2,2,2,2,2,0,0,0
2008,20,51,1,200250,1,7,1,2,4,2,5,2,1,1,2,2,1,2,2,1,2,2,1,2,2,2,2,2,2,2,2,2,1,2,2,0,0,0
2008,20,115,1,200251,1,7,1,2,1,1,5,1,5,2,2,2,2,2,1,2,2,2,2,2,3,2,2,2,2,2,2,2,2,2,2,0,0,0
2008,20,147,1,200252,1,7,1,2,1,2,4,2,4,1,1,2,2,2,2,1,2,2,2,2,2,1,1,1,1,2,2,1,1,2,2,0,0,0
2008,20,41,1,200253,1,7,1,2,4,2,5,2,1,1,1,2,1,2,2,2,2,2,1,2,3,1,1,1,1,2,2,1,1,1,2,0,0,0
2008,20,15,1,200254,1,7,1,2,1,1,6,1,4,1,1,2,2,1,2,2,2,2,1,2,3,2,2,2,2,2,2,2,2,2,2,0,0,0
2008,20,61,1,200255,1,7,1,2,4,2,5,2,1,2,2,2,1,2,2,2,2,2,1,2,1,2,2,2,2,2,2,2,1,2,2,0,0,0
2008,20,121,1,200256,1,7,1,1,1,2,1,2,1,2,2,2,1,2,2,1,2,2,1,2,2,2,2,2,2,2,2,2,1,2,2,0,0,0
2008,20,145,1,200257,1,7,1,2,4,2,4,2,1,2,2,2,1,2,2,2,2,2,1,2,1,2,2,2,2,2,2,2,1,2,2,0,0,0
2008,20,91,2,200258,1,7,2,2,2,1,5,1,2,2,2,2,1,2,2,2,2,2,2,2,1,2,2,2,2,2,1,1,2,1,2,0,0,0
2008,20,91,1,200259,1,7,2,2,4,2,6,2,1,1,1,2,1,2,2,2,2,2,2,2,2,2,2,2,2,2,2,2,1,2,2,0,0,0
2008,20,45,1,200260,1,7,2,2,1,1,3,1,1,2,2,2,1,2,1,2,1,2,2,2,3,1,1,1,1,2,2,1,2,2,2,0,0,0
2008,20,177,1,200261,1,7,2,2,1,1,3,1,4,2,2,2,2,2,2,1,2,2,1,2,1,2,2,2,2,2,1,1,2,2,2,0,0,0
2008,20,177,1,200262,1,7,1,2,4,2,6,2,1,2,2,2,1,2,2,2,2,2,1,2,1,2,2,2,2,2,2,2,1,2,2,0,0,0
2008,20,173,1,200263,1,7,2,2,1,2,4,2,1,2,2,2,1,2,2,2,1,2,2,2,2,2,2,2,2,2,2,2,2,2,2,0,0,0
2008,20,115,1,200264,1,7,1,2,1,1,4,1,4,1,1,2,2,2,2,2,2,2,2,2,2,2,2,2,2,1,2,2,2,2,2,0,0,0
2008,20,177,1,200265,1,7,1,2,4,2,6,2,1,2,2,2,1,2,2,1,2,2,1,2,3,2,2,2,2,2,1,1,1,2,2,0,0,0
2008,20,191,1,200266,1,7,1,2,1,2,5,2,1,2,2,2,1,2,1,2,2,2,2,2,3,2,2,2,2,2,1,1,2,2,2,0,0,0
2008,20,155,1,200267,1,7,1,2,4,2,3,2,1,2,1,2,1,2,2,2,2,2,2,2,3,2,2,2,2,2,2,2,1,2,2,0,0,0
2008,20,41,1,200268,1,7,2,2,4,2,6,2,1,2,1,2,1,2,2,1,2,2,2,2,1,1,1,1,1,2,2,1,1,2,2,0,0,0
2008,20,177,1,200269,1,7,1,2,1,2,5,2,3,2,2,2,2,2,2,2,2,2,2,2,1,2,2,2,2,2,2,2,1,2,2,0,0,0
2008,20,81,1,200270,1,7,1,2,1,1,4,1,4,1,1,2,2,1,2,2,2,2,2,2,2,2,2,2,2,1,2,2,2,1,2,0,0,0
2008,20,43,1,200271,1,7,1,2,1,2,3,2,5,1,1,2,3,1,2,2,2,2,2,2,1,2,2,2,2,1,2,2,1,2,2,0,0,0
2008,20,117,1,200272,1,7,1,2,1,2,5,3,4,1,1,2,2,2,1,2,2,2,2,2,2,2,2,2,2,1,2,2,2,2,2,0,0,0
2008,20,209,1,200273,1,7,2,2,1,1,3,1,4,2,2,2,2,2,2,2,2,2,2,2,3,1,1,1,1,2,1,1,2,2,2,0,0,0
2008,20,57,1,200274,1,7,1,2,1,2,3,2,3,1,2,2,2,1,2,2,2,2,2,2,2,1,1,1,1,2,2,1,1,2,2,0,0,0
2008,20,209,1,200275,1,7,1,1,4,2,1,2,1,2,2,2,1,2,2,2,2,2,2,2,1,2,2,2,2,2,2,2,1,2,2,0,0,0
2008,20,45,1,200276,1,7,1,2,1,2,3,2,3,1,1,2,2,2,2,2,2,2,2,2,3,2,2,2,2,2,2,2,1,1,2,0,0,0
2008,20,111,1,200277,1,7,1,1,1,2,1,2,3,2,2,2,2,2,2,2,2,2,2,2,3,2,2,2,2,2,1,1,1,2,2,0,0,0
2008,20,145,1,200278,1,7,1,2,1,2,3,2,3,2,1,2,2,1,2,2,2,2,2,2,2,2,2,2,2,2,2,2,1,1,2,0,0,0
2008,20,209,1,200279,1,7,2,2,1,2,3,3,3,2,1,2,3,2,2,1,2,2,2,2,1,2,2,1,1,2,1,1,2,2,2,0,0,0
2008,20,45,1,200280,1,7,1,2,1,2,3,2,3,1,1,2,2,2,2,2,2,2,2,2,2,2,2,2,2,2,1,1,1,1,2,0,0,0
2008,20,21,1,200281,1,7,1,2,1,1,4,1,4,1,1,2,2,2,2,2,2,2,2,2,1,2,2,2,2,1,1,1,2,2,2,0,0,0
2008,20,11,1,200282,1,7,1,2,4,2,5,2,1,1,1,2,1,2,2,1,2,2,1,2,2,2,2,2,2,2,1,1,1,1,2,0,0,0
2008,20,209,1,200283,1,7,1,1,1,1,1,1,1,1,1,2,1,1,2,2,2,1,2,2,2,2,2,2,2,2,2,2,2,2,2,0,0,0
2008,20,91,1,200284,1,7,2,2,1,1,5,1,4,1,1,2,2,2,2,2,2,2,2,2,2,2,2,1,1,2,2,1,2,2,2,0,0,0
2008,20,3,1,200285,1,7,1,2,1,2,3,2,2,2,1,2,2,1,2,1,2,2,2,2,1,2,2,2,2,2,2,2,2,1,2,0,0,0
2008,20,55,1,200286,1,7,2,2,4,2,3,2,1,1,2,2,1,2,2,2,2,2,1,2,1,1,2,1,2,2,2,2,1,2,2,0,0,0
2008,20,171,1,200287,1,7,1,2,4,2,3,2,1,2,2,2,1,2,2,2,2,2,1,2,1,2,2,2,2,2,2,2,1,2,1,0,0,0
2008,20,19,1,200288,1,7,1,2,4,2,5,2,1,1,2,2,1,2,2,1,2,2,1,2,3,1,1,1,1,2,2,1,1,2,2,0,0,0
2008,20,155,1,200289,1,7,1,2,4,2,3,2,1,2,2,2,1,2,2,2,2,2,1,2,2,2,2,2,2,2,2,2,1,2,1,0,0,0
2008,20,173,1,200290,1,7,1,2,1,1,3,1,4,2,2,1,2,2,1,2,2,2,2,2,1,2,2,2,2,2,2,2,2,2,2,0,0,0
2008,20,173,1,200291,1,7,1,2,2,2,3,2,1,2,2,2,1,2,2,1,2,2,2,2,1,2,2,2,2,2,2,2,1,2,2,0,0,0
2008,20,21,1,200292,1,7,1,2,4,2,6,2,1,1,1,2,1,2,2,2,2,2,2,2,2,2,2,2,2,2,2,2,1,1,2,0,0,0
2008,20,103,1,200293,1,7,1,2,1,1,6,1,4,2,2,2,2,1,2,1,2,2,2,2,1,2,2,2,2,2,1,1,2,2,2,0,0,0
2008,20,45,2,200294,1,7,2,2,1,2,3,2,3,2,2,2,2,2,2,2,2,2,2,2,1,2,2,2,2,2,2,2,1,2,2,0,0,0
2008,20,173,1,200295,1,7,2,2,1,2,6,3,4,1,1,2,2,2,2,2,2,2,1,2,3,2,2,2,2,1,2,2,2,2,2,0,0,0
2008,20,169,1,200296,1,7,2,2,2,2,4,2,1,2,1,2,1,2,2,2,2,2,1,2,1,2,2,2,2,2,1,1,1,2,2,0,0,0
2008,20,17,1,200297,1,7,1,2,4,2,3,2,3,2,1,2,2,1,2,2,2,2,2,2,3,2,2,2,2,1,1,1,1,1,2,0,0,0
2008,20,41,2,200298,1,7,1,2,4,2,3,2,1,1,1,2,1,2,2,2,2,2,1,2,3,2,2,2,2,2,2,2,1,1,2,0,0,0
2008,20,55,1,200299,1,7,1,2,1,1,3,1,4,1,2,2,2,1,2,2,2,2,2,2,3,2,2,2,2,1,1,1,2,2,2,0,0,0
2008,20,127,1,200300,1,7,1,2,4,1,4,1,1,2,1,2,1,2,2,2,2,2,2,2,1,2,2,2,2,2,2,2,2,2,2,0,0,0
2008,20,79,1,200301,1,7,2,2,1,2,4,2,1,2,1,2,1,2,2,2,1,2,2,2,2,2,2,1,1,2,2,1,2,2,2,0,0,0
2008,20,81,1,200302,1,7,1,2,4,2,6,2,1,1,2,2,1,2,2,2,2,2,1,2,2,2,2,2,2,2,2,2,1,1,2,0,0,0
2008,20,161,1,200303,1,7,1,1,4,2,1,2,1,1,2,2,1,2,2,2,2,2,1,2,3,1,1,1,1,2,2,1,1,2,2,0,0,0
2008,20,83,1,200304,1,7,1,2,1,2,4,2,3,2,1,2,2,2,2,2,2,2,2,2,2,2,2,2,2,1,2,2,1,1,2,0,0,0
2008,20,59,1,200305,1,7,1,2,1,2,5,2,4,1,1,2,2,2,2,2,2,2,2,2,3,1,1,1,1,2,2,1,2,2,2,0,0,0
2008,20,143,1,200306,1,7,1,2,4,2,5,2,1,1,2,2,1,2,2,2,2,2,1,2,1,2,2,2,2,2,2,2,1,1,2,0,0,0
2008,20,149,1,200307,1,7,1,2,1,2,6,2,1,2,1,2,1,2,2,2,2,2,1,2,1,2,2,2,2,2,2,2,1,2,2,0,0,0
2008,20,155,1,200308,1,7,1,2,1,1,3,1,5,1,1,2,2,1,2,2,2,2,2,2,3,2,2,2,2,1,2,2,2,2,2,0,0,0
2008,20,177,1,200309,1,7,2,2,1,1,3,1,4,1,1,2,2,2,1,2,2,2,2,2,2,2,2,2,2,1,2,2,2,2,2,0,0,0
2008,20,45,1,200310,1,7,2,2,2,2,6,2,1,2,2,2,1,2,2,1,2,2,2,2,1,1,1,1,1,2,2,1,1,2,2,0,0,0
2008,20,1,2,200311,1,7,1,2,2,2,3,2,1,2,2,2,1,2,2,2,2,2,1,2,2,2,2,2,2,2,2,2,1,1,2,0,0,0
2008,20,27,1,200312,1,7,1,2,1,2,4,2,1,2,1,2,2,2,2,2,2,2,2,2,3,2,2,2,2,2,2,2,2,2,2,0,0,0
2008,20,25,1,200313,1,7,1,2,4,2,4,2,1,1,2,2,1,2,2,1,2,2,1,2,1,2,2,2,2,2,1,1,1,2,2,0,0,0
2008,20,51,1,200314,1,7,1,2,1,1,5,1,4,1,2,2,2,2,2,2,2,2,1,2,1,1,1,1,1,1,2,1,2,1,2,0,0,0
2008,20,15,1,200315,1,7,1,1,4,2,1,2,1,1,1,2,1,2,2,1,2,2,1,2,3,2,2,2,2,2,2,2,1,2,2,0,0,0
2008,20,173,3,200316,1,7,2,2,1,1,3,1,4,2,2,2,2,2,2,2,2,2,2,1,1,2,2,2,2,2,1,1,2,1,2,0,0,0
2008,20,113,1,200317,1,7,1,1,1,2,1,2,5,2,2,2,2,2,2,2,2,2,2,2,3,2,2,2,2,1,1,1,1,1,2,0,0,0
2008,20,139,1,200318,1,7,1,2,4,2,6,2,1,1,2,2,1,2,2,1,2,2,1,2,1,2,2,2,2,2,1,1,1,2,2,0,0,0
2008,20,195,1,200319,1,7,1,2,1,1,5,1,1,1,2,2,1,2,2,2,1,2,2,2,3,2,2,2,2,1,2,2,2,1,2,0,0,0
2008,20,11,1,200320,1,7,2,2,4,2,3,2,1,2,1,2,1,2,2,1,2,2,1,2,1,2,2,2,2,2,2,2,1,1,2,0,0,0
2008,20,21,1,200321,1,7,1,2,1,2,4,2,4,1,1,2,2,1,2,1,2,2,2,2,2,2,2,2,2,2,2,2,1,2,2,0,0,0
2008,20,63,1,200322,1,7,1,2,4,2,5,2,1,1,1,2,1,2,2,1,2,2,1,2,3,1,1,1,1,2,2,1,1,1,2,0,0,0
2008,20,7,1,200323,1,7,1,2,1,1,4,1,4,1,1,2,2,1,2,2,2,2,2,2,2,2,2,2,2,1,2,2,2,2,2,0,0,0
2008,20,161,1,200324,1,7,1,2,1,2,3,2,4,1,1,2,2,2,2,2,2,2,2,2,2,2,2,2,2,2,1,1,1,1,2,0,0,0
2008,20,31,1,200325,1,7,1,2,4,2,3,2,1,1,1,2,1,2,2,2,2,2,1,2,3,2,2,2,2,1,2,2,1,1,2,0,0,0
2008,20,103,1,200326,1,7,1,2,1,2,4,2,3,2,1,2,2,1,2,2,2,2,2,2,2,2,2,2,2,2,2,2,1,2,2,0,0,0
2008,20,121,1,200327,1,7,1,2,4,1,4,1,1,2,2,2,1,2,2,1,2,2,2,2,1,2,2,2,2,2,2,2,2,1,2,0,0,0
2008,20,133,2,200328,1,7,1,2,1,2,3,2,3,2,2,2,2,2,2,2,2,2,2,2,1,2,2,2,2,2,2,2,1,1,2,0,0,0
2008,20,209,1,200329,1,7,1,2,1,2,3,2,1,2,2,2,2,2,2,2,1,2,2,2,1,2,2,2,2,2,2,2,2,2,2,0,0,0
2008,20,21,1,200330,1,7,1,2,4,2,6,2,1,1,1,2,1,2,2,1,2,2,1,2,3,2,2,2,2,2,2,2,1,2,2,0,0,0
2008,20,191,1,200331,1,7,1,1,4,2,1,2,1,1,1,2,1,2,2,1,2,2,1,2,3,2,2,2,2,2,2,2,1,2,2,0,0,0
2008,20,55,1,200332,1,7,2,2,1,2,3,2,1,2,1,2,1,2,2,2,1,2,2,2,2,2,2,2,2,2,2,2,2,2,2,0,0,0
2008,20,149,1,200333,1,7,1,2,1,2,5,2,1,2,2,1,1,2,2,2,1,2,2,2,3,2,2,2,2,2,2,2,2,2,2,0,0,0
2008,20,139,1,200334,1,7,1,2,1,2,3,2,3,2,1,2,2,1,2,2,2,2,2,2,1,2,2,2,2,2,2,2,1,2,2,0,0,0
2008,20,87,1,200335,1,7,1,2,4,1,6,1,1,2,2,2,1,2,2,2,2,2,2,2,1,2,2,2,2,2,2,2,2,2,2,0,0,0
2008,20,87,1,200336,1,7,1,2,4,2,5,2,1,2,2,2,1,2,2,2,2,2,1,2,1,2,2,2,2,2,2,2,1,2,2,0,0,0
2008,20,173,1,200337,1,7,2,2,1,2,3,2,3,2,2,2,2,2,2,2,2,2,2,2,1,2,2,2,2,1,2,2,1,2,2,0,0,0
2008,20,173,1,200338,1,7,2,2,2,2,4,2,1,2,1,2,2,2,2,2,2,2,1,2,1,2,2,2,2,2,2,2,1,2,2,0,0,0
2008,20,11,1,200339,1,7,1,2,4,2,5,2,1,2,2,2,1,2,2,1,2,2,1,2,1,2,2,2,2,2,1,1,1,1,2,0,0,0
2008,20,173,1,200340,1,7,2,2,4,2,4,2,1,2,1,2,1,2,2,1,2,2,1,2,2,1,1,1,1,2,2,1,1,1,2,0,0,0
2008,20,63,1,200341,1,7,1,1,1,2,1,2,4,1,1,2,2,2,2,1,2,2,2,2,3,2,2,2,2,1,2,2,1,1,2,0,0,0
2008,20,197,1,200342,1,7,1,1,2,2,1,2,1,2,2,2,1,2,2,2,1,2,2,2,2,2,2,2,2,2,1,1,2,1,2,0,0,0
2008,20,95,1,200343,1,7,1,2,4,2,6,2,1,1,1,2,1,2,2,1,2,2,1,2,1,2,2,2,2,2,2,2,1,1,2,0,0,0
2008,20,173,3,200344,1,7,1,2,4,2,3,2,1,1,2,2,1,2,2,2,2,2,2,2,3,2,2,2,2,2,2,2,1,2,2,0,0,0
2008,20,35,1,200345,1,7,1,2,4,2,3,2,1,1,1,2,1,2,2,1,2,2,2,2,3,2,2,2,2,2,2,2,1,2,2,0,0,0
2008,20,161,1,200346,1,7,1,2,1,2,3,2,1,1,1,2,1,2,2,2,2,2,1,2,1,2,2,2,2,2,1,1,1,1,2,0,0,0
2008,20,175,1,200347,1,7,1,2,1,2,5,2,1,2,1,2,1,2,2,2,2,2,1,2,1,2,2,1,1,2,2,1,1,2,2,0,0,0
2008,20,23,2,200348,1,7,1,2,1,1,4,1,4,2,2,2,2,2,2,2,2,2,2,2,2,2,2,2,2,1,2,2,2,2,2,0,0,0
2008,20,67,1,200349,1,7,2,2,1,1,3,1,1,2,1,2,1,1,2,2,2,1,2,2,2,2,2,2,2,2,2,2,2,2,2,0,0,0
2008,20,97,1,200350,1,7,1,2,1,2,3,2,5,1,1,2,2,2,2,2,2,2,2,2,2,2,2,2,2,1,1,1,1,2,2,0,0,0
2008,20,15,1,200351,1,7,1,2,4,2,6,2,1,1,1,2,1,2,2,2,2,2,2,2,3,2,2,2,2,2,2,2,1,2,2,0,0,0
2008,20,177,1,200352,1,7,1,2,4,2,3,2,1,1,1,2,1,2,2,2,2,2,2,2,3,2,2,2,2,1,2,2,1,2,2,0,0,0
2008,20,101,1,200353,1,7,1,2,1,1,4,1,1,2,1,2,1,2,2,2,2,2,1,2,2,1,1,1,1,2,2,1,2,2,2,0,0,0
2008,21,49,1,210001,1,3,1,2,2,2,4,2,1,2,1,2,1,2,2,2,2,2,1,2,2,2,2,2,2,2,2,2,1,2,2,0,0,0
2008,21,183,2,210002,1,3,1,2,1,1,5,1,4,1,1,2,2,1,2,2,2,2,2,2,3,2,2,2,2,1,2,2,2,2,2,0,0,0
2008,21,111,1,210003,1,3,2,1,4,2,1,2,1,2,1,2,1,2,2,2,2,2,2,2,2,2,2,2,2,2,2,2,1,2,2,0,0,0
2008,21,17,1,210004,1,3,1,2,4,2,5,2,1,2,1,2,1,2,2,2,2,2,1,2,1,1,1,1,1,2,2,1,1,2,2,0,0,0
2008,21,195,1,210005,1,3,1,2,4,2,3,2,1,1,1,2,1,2,2,1,2,2,1,2,2,2,2,2,2,2,2,2,1,2,2,0,0,0
2008,21,15,1,210006,1,3,2,1,1,2,1,3,4,1,1,2,2,1,2,2,2,2,2,2,3,1,1,1,1,2,2,1,2,2,2,0,0,0
2008,21,195,1,210007,1,3,1,2,1,2,5,2,3,2,1,2,2,2,2,2,2,2,2,2,1,2,2,2,2,2,2,2,1,2,2,0,0,0
2008,21,81,1,210008,1,3,1,2,1,2,5,2,1,1,2,2,1,2,2,2,2,2,1,2,1,2,2,2,2,2,2,2,1,2,2,0,0,0
2008,21,227,1,210009,1,3,2,2,4,2,3,2,1,1,1,2,1,2,2,2,2,2,2,2,2,2,2,2,2,2,2,2,1,2,2,0,0,0
2008,21,151,1,210010,1,3,1,2,1,2,5,2,3,1,1,2,2,1,2,1,2,2,2,2,3,2,2,2,2,1,1,1,1,2,2,0,0,0
2008,21,227,1,210011,1,3,1,2,4,2,6,2,1,2,2,2,1,2,1,2,2,2,2,2,1,2,2,2,2,2,2,2,1,1,2,0,0,0
2008,21,161,1,210012,1,3,1,2,1,1,3,1,4,2,2,2,2,1,2,2,2,2,2,2,1,2,2,2,2,2,2,2,2,2,2,0,0,0
2008,21,13,4,210013,1,3,1,2,4,2,5,2,1,2,2,2,1,2,2,1,2,2,2,2,2,1,1,1,1,2,2,1,1,2,2,0,0,0
2008,21,195,1,210014,1,3,1,2,1,1,3,1,5,1,1,2,2,2,1,2,2,2,2,2,1,2,2,2,2,2,2,2,2,2,2,0,0,0
2008,21,111,1,210015,1,3,1,2,1,2,3,2,5,2,1,2,2,2,1,1,2,2,2,2,2,2,2,2,2,2,2,2,2,2,2,0,0,0
2008,21,147,1,210016,1,3,1,2,1,2,5,2,3,1,1,2,2,2,2,2,2,2,2,2,3,2,2,2,2,2,2,2,1,2,2,0,0,0
2008,21,229,1,210017,1,3,1,2,4,2,5,2,1,1,1,2,1,2,2,2,2,2,2,2,1,2,2,2,2,2,1,1,1,2,2,0,0,0
2008,21,157,1,210018,1,3,1,2,1,1,6,1,4,1,1,2,2,2,2,2,2,2,2,2,2,1,1,1,1,2,2,1,2,2,2,0,0,0
2008,21,67,1,210019,1,3,2,2,1,1,4,1,4,1,1,2,2,2,2,2,2,2,2,2,2,2,2,2,2,1,2,2,2,2,2,0,0,0
2008,21,13,1,210020,1,3,1,2,2,2,3,2,4,2,1,2,1,2,2,1,2,2,2,1,2,1,1,1,1,2,2,1,1,2,2,0,0,0
2008,21,81,1,210021,1,3,1,1,1,2,1,2,2,1,2,2,2,2,2,2,2,2,1,2,3,2,2,2,2,1,2,2,2,2,1,0,0,0
2008,21,23,1,210022,1,3,1,2,2,2,6,2,1,1,2,2,1,2,2,1,2,2,2,2,3,2,2,1,1,2,2,1,1,2,2,0,0,0
2008,21,139,1,210023,1,3,1,2,4,2,3,2,1,2,2,2,1,2,2,2,2,2,1,2,1,2,2,2,2,2,2,2,1,2,2,0,0,0
2008,21,105,1,210024,1,3,1,2,4,2,6,2,1,2,2,2,1,2,2,2,2,2,1,2,1,2,2,2,2,2,2,2,1,2,2,0,0,0
2008,21,237,1,210025,1,3,1,2,4,2,6,2,1,2,2,2,1,2,2,2,2,2,1,2,1,2,2,2,2,2,1,1,1,2,2,0,0,0
2008,21,87,1,210026,1,3,1,2,4,2,4,2,1,1,1,2,1,2,2,2,2,2,2,2,3,2,2,2,2,2,2,2,1,2,2,0,0,0
2008,21,193,1,210027,1,3,1,2,4,2,5,2,1,1,1,2,1,2,2,1,2,2,2,2,3,2,2,2,2,2,1,1,1,2,2,0,0,0
2008,21,141,1,210028,1,3,2,2,4,2,5,2,1,1,1,2,1,2,2,2,2,2,2,2,3,2,2,2,2,2,2,2,1,2,2,0,0,0
2008,21,193,1,210029,1,3,1,2,4,2,5,2,1,2,1,2,1,2,2,2,2,2,1,2,1,2,2,2,2,2,2,2,1,2,2,0,0,0
2008,21,55,1,210030,1,3,1,2,4,2,3,2,1,1,1,2,1,2,2,1,2,2,2,2,1,2,2,2,2,2,2,2,1,2,2,0,0,0
2008,21,165,1,210031,1,3,1,2,1,2,4,2,3,2,1,2,2,2,2,2,2,2,2,2,3,2,2,2,2,2,1,1,1,2,2,0,0,0
2008,21,121,1,210032,1,3,1,2,1,2,5,2,3,2,2,2,2,2,2,2,2,2,1,2,1,2,2,2,2,2,1,1,1,2,2,0,0,0
2008,21,67,1,210033,1,3,1,2,1,2,6,3,1,1,2,2,1,2,2,2,2,2,2,2,3,1,1,1,1,2,2,1,2,1,2,0,0,0
2008,21,111,1,210034,1,3,2,2,4,2,4,2,1,2,2,2,1,2,2,1,2,2,2,2,1,2,2,2,2,2,2,2,1,2,2,0,0,0
2008,21,227,1,210035,1,3,1,2,4,2,4,2,1,1,1,2,1,2,2,1,2,2,1,2,2,2,2,2,2,2,2,2,1,2,2,0,0,0
2008,21,115,2,210036,1,3,1,2,2,2,3,2,1,1,1,2,1,1,2,1,1,2,2,2,3,2,2,2,2,2,2,2,1,2,2,0,0,0
2008,21,89,1,210037,1,3,1,2,1,2,6,2,1,2,1,2,1,2,2,2,1,2,2,2,2,2,2,2,2,2,2,2,2,2,2,0,0,0
2008,21,111,1,210038,1,3,2,2,1,1,3,1,4,1,1,2,2,2,2,1,2,2,2,2,2,2,2,2,2,2,2,2,2,2,2,0,0,0
2008,21,73,1,210039,1,3,1,2,1,2,4,2,3,2,1,2,2,1,2,2,2,2,2,2,2,2,2,2,2,2,2,2,1,2,2,0,0,0
2008,21,111,1,210040,1,3,2,2,1,2,6,2,1,2,2,2,1,2,2,2,1,2,2,2,3,2,2,2,2,2,2,2,2,2,2,0,0,0
2008,21,51,1,210041,1,3,1,2,1,2,5,2,3,2,2,2,2,2,2,2,2,2,2,2,1,2,2,1,1,2,2,1,1,2,2,0,0,0
2008,21,17,1,210042,1,3,1,2,4,2,6,2,1,2,2,2,1,2,2,2,2,2,2,2,3,2,2,2,2,2,2,2,1,2,2,0,0,0
2008,21,105,1,210043,1,3,1,2,4,2,6,2,1,1,2,2,1,2,2,2,2,2,1,2,1,2,2,2,2,2,2,2,1,2,2,0,0,0
2008,21,177,1,210044,1,3,1,2,4,2,5,2,1,2,2,2,1,2,2,2,2,2,1,2,2,1,1,1,1,2,2,1,1,2,2,0,0,0
2008,21,111,1,210045,1,3,2,2,4,2,6,2,1,2,2,2,1,2,2,2,2,2,2,2,1,2,2,2,2,2,2,2,1,2,2,0,0,0
2008,21,81,1,210046,1,3,2,2,2,2,6,2,1,1,1,2,1,2,2,1,2,2,1,2,2,1,1,1,1,2,2,1,1,2,2,0,0,0
2008,21,105,1,210047,1,3,1,2,4,2,5,2,1,1,1,2,1,2,2,2,2,2,2,2,2,2,2,2,2,2,2,2,1,2,2,0,0,0
2008,21,167,1,210048,1,3,1,2,1,1,5,1,2,1,1,2,2,1,2,2,2,2,2,2,3,2,2,2,2,2,2,2,2,1,2,0,0,0
2008,21,195,1,210049,1,3,1,2,4,2,6,2,1,2,1,2,1,2,2,2,2,2,1,2,1,2,2,2,2,2,2,2,1,2,2,0,0,0
2008,21,113,1,210050,1,3,2,2,1,1,4,1,1,1,2,2,1,2,2,2,1,2,2,2,3,1,1,1,1,2,2,1,2,2,2,0,0,0
2008,21,145,1,210051,1,3,2,2,1,2,6,2,1,1,1,2,1,2,2,2,1,2,2,2,2,2,2,2,2,2,2,2,2,2,2,0,0,0
2008,21,111,1,210052,1,3,2,2,1,2,6,2,1,1,1,2,1,2,2,2,1,2,2,2,2,2,2,2,2,1,2,2,2,2,2,0,0,0
2008,21,65,1,210053,1,3,1,2,1,2,5,2,3,1,1,2,2,2,2,2,2,2,2,2,2,2,2,2,2,2,1,1,2,2,2,0,0,0
2008,21,3,1,210054,1,3,1,2,1,1,3,1,4,1,1,2,2,2,2,2,2,2,2,2,3,1,1,1,1,1,2,1,2,1,2,0,0,0
2008,21,125,1,210055,1,3,1,2,4,2,5,2,1,2,2,2,1,2,2,2,2,2,1,2,2,2,2,2,2,2,2,2,1,1,2,0,0,0
2008,21,151,1,210056,1,3,1,2,1,2,4,2,4,1,1,2,2,2,2,2,2,2,2,2,3,1,1,1,1,2,2,1,1,2,2,0,0,0
2008,21,199,1,210057,1,3,1,2,1,2,5,2,3,1,1,2,2,2,2,1,2,2,2,2,3,2,2,2,2,2,2,2,1,2,2,0,0,0
2008,21,127,1,210058,1,3,1,2,1,2,3,2,2,1,1,2,2,1,2,2,2,2,1,2,3,2,2,2,2,2,2,2,2,1,2,0,0,0
2008,21,109,1,210059,1,3,1,2,1,2,5,2,4,1,1,2,2,2,2,2,2,2,2,2,3,1,1,1,1,2,2,1,1,2,2,0,0,0
2008,21,105,1,210060,1,3,1,2,1,2,3,2,3,1,1,2,2,1,2,2,2,2,2,2,3,2,2,2,2,1,2,2,1,1,2,0,0,0
2008,21,111,1,210061,1,3,2,2,1,2,4,2,1,1,1,2,1,2,2,2,2,2,2,2,2,2,2,2,2,2,2,2,2,2,2,0,0,0
2008,21,47,1,210062,1,3,1,2,1,2,5,2,3,1,1,2,2,2,2,1,2,2,2,2,3,2,2,2,2,2,1,1,1,2,2,0,0,0
2008,21,15,1,210063,1,3,2,1,1,2,1,3,2,1,1,2,3,1,2,2,2,2,2,2,3,2,2,2,2,2,1,1,2,1,2,0,0,0
2008,21,53,1,210064,1,3,1,2,4,2,6,2,1,2,2,2,1,2,2,2,2,2,2,2,1,2,2,2,2,2,2,2,1,2,2,0,0,0
2008,21,49,1,210065,1,3,1,2,4,2,5,2,1,1,2,2,1,2,2,2,2,2,1,2,3,2,2,2,2,1,2,2,1,1,2,0,0,0
2008,21,207,1,210066,1,3,1,2,1,2,6,2,1,1,2,2,1,2,1,2,2,2,2,2,3,2,2,2,2,2,1,1,1,2,2,0,0,0
2008,21,103,1,210067,1,3,1,1,1,2,1,2,2,2,2,2,2,1,2,2,2,2,2,2,2,2,2,2,2,2,2,2,2,2,2,0,0,0
2008,21,85,2,210068,1,3,1,2,4,2,3,2,1,2,1,2,1,2,2,2,2,2,1,2,2,2,2,2,2,2,1,1,1,2,2,0,0,0
2008,21,143,1,210069,1,3,1,2,2,2,3,2,1,1,1,2,1,2,2,1,2,2,1,2,3,2,2,2,2,2,2,2,1,2,2,0,0,0
2008,21,145,1,210070,1,3,1,2,4,2,5,2,1,1,1,2,1,2,2,2,2,2,2,2,3,2,2,2,2,2,2,2,1,2,2,0,0,0
2008,21,5,1,210071,1,3,2,2,1,2,5,2,1,2,2,2,1,2,2,2,1,2,2,2,2,2,2,2,2,1,2,2,2,2,2,0,0,0
2008,21,11,1,210072,1,3,1,2,4,2,5,2,1,1,1,2,1,2,2,2,2,2,1,2,2,2,2,2,2,2,2,2,1,1,2,0,0,0
2008,21,67,1,210073,1,3,2,2,1,2,2,2,4,2,1,2,3,1,2,1,2,2,1,2,3,1,1,1,1,2,2,1,1,2,2,0,0,0
2008,21,35,1,210074,1,3,2,2,3,2,3,2,1,2,1,2,1,2,2,2,2,2,1,2,1,2,2,2,2,2,1,1,2,2,2,0,0,0
2008,21,227,1,210075,1,3,1,1,1,2,1,2,5,2,1,2,2,1,2,2,2,2,1,2,2,2,2,2,2,2,2,2,2,1,2,0,0,0
2008,21,117,1,210076,1,3,2,2,1,2,5,2,3,2,1,2,2,2,2,2,2,2,2,2,1,1,1,1,1,2,2,1,1,2,2,0,0,0
2008,21,93,1,210077,1,3,1,2,3,2,3,2,1,1,2,2,1,2,2,2,2,2,1,2,2,2,2,2,2,2,2,2,1,2,2,0,0,0
2008,21,153,1,210078,1,3,1,2,1,2,6,2,3,1,2,2,2,2,2,2,2,2,2,2,2,2,2,2,2,2,2,2,1,2,2,0,0,0
2008,21,111,1,210079,1,3,2,2,4,2,6,2,1,2,2,2,1,2,2,2,2,2,1,2,1,2,2,2,2,2,2,2,1,1,2,0,0,0
2008,21,193,1,210080,1,3,1,2,1,2,5,2,3,2,2,2,2,2,2,2,2,2,2,2,2,1,1,1,1,2,2,1,1,1,2,0,0,0
2008,21,227,1,210081,1,3,2,2,2,2,6,2,1,1,1,2,1,2,2,2,1,2,2,2,2,2,2,2,2,2,2,2,1,1,2,0,0,0
2008,21,37,1,210082,1,3,2,2,1,1,4,1,4,2,1,2,2,2,2,2,2,2,2,2,3,2,2,2,2,2,2,2,2,2,2,0,0,0
2008,21,125,2,210083,1,3,1,2,1,2,3,2,3,1,1,2,2,2,2,2,2,2,2,2,2,2,2,2,2,2,2,2,1,2,2,0,0,0
2008,21,81,1,210084,1,3,1,1,4,2,1,2,1,2,1,2,1,2,2,2,2,2,1,2,1,2,2,2,2,2,2,2,1,2,2,0,0,0
2008,21,229,1,210085,1,3,1,2,2,2,4,2,1,1,1,2,2,1,2,2,2,2,2,2,2,2,2,2,2,2,2,2,1,2,2,0,0,0
2008,21,111,1,210086,1,3,2,1,1,2,1,2,4,1,1,2,3,1,2,2,2,2,2,2,2,2,2,2,2,2,2,2,2,2,2,0,0,0
2008,21,183,1,210087,1,3,1,2,1,1,4,1,4,1,1,2,2,2,2,2,2,2,2,2,2,2,2,2,2,2,2,2,2,2,2,0,0,0
2008,21,47,1,210088,1,3,2,2,4,2,3,2,1,2,2,2,1,2,2,2,2,2,1,2,2,2,2,2,2,2,2,2,1,2,2,0,0,0
2008,21,131,1,210089,1,3,1,2,1,2,5,2,1,1,2,2,1,2,2,2,2,2,1,2,2,2,2,2,2,2,2,2,1,2,2,0,0,0
2008,21,195,1,210090,1,3,1,2,1,2,3,2,3,2,1,2,2,2,2,2,2,2,2,2,3,2,2,2,2,2,2,2,1,2,2,0,0,0
2008,21,37,1,210091,1,3,2,2,4,2,5,2,1,1,1,2,1,2,2,2,2,2,2,2,3,2,2,2,2,2,2,2,1,1,2,0,0,0
2008,21,183,1,210092,1,3,1,2,2,2,5,2,1,1,1,2,1,2,2,2,2,2,1,2,2,2,2,2,2,2,2,2,1,2,2,0,0,0
2008,21,227,1,210093,1,3,1,2,4,2,6,2,1,1,1,2,1,2,2,1,2,2,1,2,1,2,2,2,2,2,2,2,1,1,2,0,0,0
2008,21,127,1,210094,1,3,1,2,4,2,5,2,1,2,1,2,1,2,2,2,2,2,1,2,3,2,2,2,2,1,2,2,1,2,2,0,0,0
2008,21,71,1,210095,1,3,1,2,1,2,3,2,2,1,1,2,2,1,2,2,2,2,2,2,3,2,2,2,2,2,2,2,2,1,2,0,0,0
2008,21,145,1,210096,1,3,2,2,2,2,3,2,1,2,1,2,1,2,2,2,2,2,1,2,1,2,2,2,2,2,2,2,1,1,2,0,0,0
2008,21,163,1,210097,1,3,1,2,4,2,6,2,1,2,1,2,1,2,2,2,2,2,1,2,2,2,2,2,2,2,1,1,1,2,2,0,0,0
2008,21,13,1,210098,1,3,2,2,4,2,6,2,1,2,1,2,1,2,2,2,2,2,2,2,1,2,2,2,2,2,2,2,1,2,2,0,0,0
2008,21,77,1,210099,1,3,1,1,1,2,1,2,1,2,2,2,1,1,2,2,2,2,1,2,2,2,2,2,2,2,2,2,2,2,2,0,0,0
2008,21,133,1,210100,1,3,1,2,4,2,6,2,1,1,1,2,1,2,2,2,2,2,1,2,3,2,2,2,2,2,2,2,1,2,2,0,0,0
2008,21,125,1,210101,1,3,1,2,4,2,5,2,1,1,2,2,1,2,2,1,2,2,2,2,3,2,2,2,2,2,2,2,1,2,2,0,0,0
2008,21,121,1,210102,1,3,1,2,1,2,5,2,3,1,2,2,2,2,2,2,2,2,2,2,3,2,2,2,2,1,2,2,1,2,2,0,0,0
2008,21,209,1,210103,1,3,1,2,4,2,5,2,1,1,1,2,1,2,2,2,2,2,2,2,2,2,2,2,2,2,2,2,1,1,2,0,0,0
2008,21,15,1,210104,1,3,2,2,1,2,4,2,1,1,2,2,1,2,2,2,1,2,2,2,3,2,2,2,2,2,1,1,2,1,2,0,0,0
2008,21,71,1,210105,1,3,1,2,1,2,3,2,1,2,2,2,1,2,2,2,2,2,2,2,2,2,2,2,2,2,2,2,2,2,2,0,0,0
2008,21,163,1,210106,1,3,1,2,1,2,4,2,1,2,2,1,1,2,2,2,1,2,2,2,2,2,2,2,2,2,2,2,2,1,2,0,0,0
2008,21,71,1,210107,1,3,1,2,4,2,6,2,1,2,2,2,1,2,2,2,2,2,1,2,3,2,2,2,2,2,2,2,1,2,2,0,0,0
2008,21,111,1,210108,1,3,2,2,1,2,3,2,1,2,2,2,2,2,2,2,1,2,2,2,3,2,2,1,1,2,2,1,2,2,2,0,0,0
2008,21,101,1,210109,1,3,1,2,4,2,5,2,1,1,2,2,1,2,2,2,2,2,2,2,3,1,1,1,1,2,2,1,1,1,1,0,0,0
2008,21,215,1,210110,1,3,1,2,1,2,4,2,3,1,2,2,2,2,1,1,2,2,2,2,2,2,2,2,2,2,2,2,1,2,2,0,0,0
2008,21,99,3,210111,1,3,1,1,1,2,1,2,3,2,1,2,2,1,2,2,2,2,2,2,2,2,2,2,2,2,2,2,1,2,2,0,0,0
2008,21,177,1,210112,1,3,1,2,1,2,5,2,5,1,1,2,3,2,2,2,2,2,2,2,3,2,2,2,2,1,2,2,1,2,2,0,0,0
2008,21,1,1,210113,1,3,1,2,2,2,5,2,2,1,1,2,1,2,2,2,2,2,2,2,2,2,2,2,2,2,2,2,2,1,2,0,0,0
2008,21,15,1,210114,1,3,2,2,1,1,4,1,4,1,1,2,2,1,1,2,2,2,2,2,3,2,2,2,2,2,1,1,2,2,2,0,0,0
2008,21,139,1,210115,1,3,1,2,4,2,6,2,1,2,1,2,1,2,2,1,2,2,2,2,2,1,1,1,1,2,2,1,1,2,2,0,0,0
2008,21,51,1,210116,1,3,1,2,4,2,5,2,1,1,1,2,1,2,2,2,2,2,2,2,2,1,1,1,1,2,2,1,1,2,1,0,0,0
2008,21,29,1,210117,1,3,1,1,2,2,1,2,1,1,1,2,1,2,2,2,2,2,1,2,2,2,2,2,2,2,2,2,1,2,2,0,0,0
2008,21,83,1,210118,1,3,1,2,1,2,6,2,1,1,1,2,1,2,2,2,1,2,2,2,2,2,2,2,2,2,2,2,2,2,2,0,0,0
2008,21,67,2,210119,1,3,2,2,1,1,6,1,4,1,1,2,3,2,2,2,2,2,2,2,3,2,2,2,2,1,2,2,2,2,2,0,0,0
2008,21,205,1,210120,1,3,1,2,1,1,5,1,4,1,1,2,2,2,2,2,2,2,2,2,3,2,2,2,2,2,2,2,2,2,2,0,0,0
2008,21,163,1,210121,1,3,1,2,4,2,5,2,1,1,2,2,1,2,2,2,2,2,1,2,2,2,2,2,2,2,2,2,1,2,2,0,0,0
2008,21,141,1,210122,1,3,1,2,4,2,5,2,1,1,2,2,1,2,2,2,2,2,2,2,1,2,2,2,2,2,2,2,1,2,2,0,0,0
2008,21,235,1,210123,1,3,2,2,1,2,4,2,3,1,1,2,2,2,2,2,2,2,2,2,3,2,2,2,2,1,2,2,1,2,2,0,0,0
2008,21,183,1,210124,1,3,1,2,1,2,3,2,4,1,1,2,2,2,2,2,2,2,2,2,2,2,2,2,2,2,2,2,2,2,2,0,0,0
2008,21,145,1,210125,1,3,2,1,1,2,1,2,4,1,1,2,2,2,2,2,2,2,2,2,1,2,2,2,2,2,2,2,1,2,2,0,0,0
2008,21,107,1,210126,1,3,1,2,1,1,5,1,4,1,1,2,2,2,1,2,2,2,2,2,3,2,2,2,2,1,2,2,2,1,2,0,0,0
2008,21,111,1,210127,1,3,2,2,1,2,3,2,1,2,1,2,1,2,2,2,1,2,2,2,2,2,2,2,2,2,2,2,2,2,2,0,0,0
2008,21,121,1,210128,1,3,1,2,1,1,3,1,4,1,1,2,2,2,2,2,2,2,2,2,3,1,1,1,1,1,2,1,2,2,2,0,0,0
2008,21,151,1,210129,1,3,1,2,1,2,4,2,3,2,2,2,2,2,2,2,2,2,2,2,3,1,1,1,1,2,2,1,1,2,2,0,0,0
2008,21,131,1,210130,1,3,1,2,4,2,6,2,1,1,2,2,1,2,2,2,2,2,2,2,1,2,2,2,2,2,2,2,1,2,2,0,0,0
2008,21,9,1,210131,1,3,1,2,4,2,5,2,1,2,2,2,1,2,2,2,2,2,2,2,1,2,2,2,2,2,2,2,1,2,2,0,0,0
2008,21,99,1,210132,1,3,1,2,1,1,5,1,4,1,1,2,3,1,2,2,2,2,2,2,3,2,2,2,2,1,1,1,2,2,2,0,0,0
2008,21,21,1,210133,1,3,1,2,1,2,3,2,3,1,1,2,3,2,2,2,2,2,1,2,2,2,2,1,1,2,2,1,1,1,2,0,0,0
2008,21,171,2,210134,1,3,1,2,4,2,6,2,1,2,1,2,1,1,2,2,2,2,2,2,2,2,2,2,2,1,2,2,1,1,2,0,0,0
2008,21,35,1,210135,1,3,2,2,1,1,4,1,4,2,1,2,2,2,2,2,2,2,2,2,3,2,2,2,2,1,2,2,2,2,2,0,0,0
2008,21,99,5,210137,1,3,1,1,1,2,1,2,3,1,1,2,3,1,2,2,2,2,2,2,2,2,2,2,2,2,2,2,1,2,2,0,0,0
2008,21,111,1,210138,1,3,2,2,4,2,4,2,1,1,1,2,1,2,2,2,2,2,2,2,2,2,2,2,2,1,2,2,1,1,2,0,0,0
2008,21,59,1,210139,1,3,2,2,1,2,4,2,2,2,1,2,2,2,1,2,2,2,2,2,3,1,1,1,1,2,2,1,2,1,2,0,0,0
2008,21,117,1,210140,1,3,1,2,4,2,5,2,1,2,2,2,1,2,1,2,2,2,2,2,1,2,2,2,2,2,2,2,1,1,2,0,0,0
2008,21,149,1,210141,1,3,1,2,1,1,5,1,4,2,2,2,2,2,1,2,2,2,2,2,1,2,2,2,2,2,2,2,2,2,2,0,0,0
2008,21,211,1,210142,1,3,1,1,1,2,1,2,3,1,2,2,3,2,2,2,2,2,2,2,3,2,2,2,2,1,2,2,2,2,2,0,0,0
2008,21,79,1,210143,1,3,1,2,1,2,6,2,3,2,2,2,2,2,2,2,2,2,1,2,1,2,2,2,2,2,2,2,1,2,2,0,0,0
2008,21,47,1,210144,1,3,1,2,1,2,5,2,2,1,1,2,3,2,2,2,2,2,2,2,3,2,2,2,2,2,2,2,2,1,2,0,0,0
2008,21,125,1,210145,1,3,1,2,1,2,4,2,3,1,1,2,2,2,2,2,2,2,2,2,3,1,1,1,1,2,2,1,1,2,2,0,0,0
2008,21,235,2,210146,1,3,1,2,1,2,5,2,3,1,1,2,2,2,2,2,2,2,1,2,2,2,2,2,2,2,2,2,1,2,2,0,0,0
2008,21,31,1,210147,1,3,1,2,1,2,6,2,1,2,1,2,1,2,1,1,2,2,2,2,2,2,2,2,2,2,2,2,2,2,2,0,0,0
2008,21,93,1,210148,1,3,1,2,4,2,6,2,1,2,1,2,1,2,2,2,2,2,1,2,2,2,2,1,1,2,2,1,1,2,2,0,0,0
2008,21,111,1,210149,1,3,2,2,1,2,3,3,4,1,1,2,2,2,2,2,2,2,2,2,3,2,2,2,2,2,1,1,2,1,2,0,0,0
2008,21,67,3,210150,1,3,1,2,4,2,5,2,1,2,1,2,1,2,2,1,2,2,2,2,1,2,2,2,2,2,2,2,1,2,2,0,0,0
2008,21,203,1,210151,1,3,1,2,2,2,5,2,1,1,2,2,1,2,2,2,2,2,1,2,2,2,2,2,2,2,2,2,1,1,2,0,0,0
2008,21,219,1,210152,1,3,1,2,2,2,3,2,1,2,2,2,1,2,2,2,2,2,1,2,2,1,1,1,1,2,2,1,1,2,1,0,0,0
2008,21,111,1,210153,1,3,2,2,1,1,3,1,1,2,1,1,1,2,2,2,1,2,2,2,3,1,1,1,1,2,2,1,2,1,2,0,0,0
2008,21,43,1,210154,1,3,1,2,1,2,5,2,3,1,1,2,2,1,2,2,2,2,2,2,2,2,2,2,2,2,1,1,1,2,2,0,0,0
2008,21,239,1,210155,1,3,1,2,4,2,5,2,1,1,1,2,1,1,2,2,2,2,2,2,2,2,2,2,2,2,2,2,1,1,2,0,0,0
2008,21,85,1,210156,1,3,2,2,1,1,4,1,4,1,1,2,2,2,2,2,2,2,2,2,2,2,2,2,2,2,2,2,2,2,2,0,0,0
2008,21,111,1,210157,1,3,2,2,1,2,4,2,3,1,1,2,2,2,2,1,2,2,2,2,3,2,2,2,2,2,2,2,1,2,2,0,0,0
2008,21,111,1,210158,1,3,2,1,1,2,1,2,1,2,1,2,1,2,2,2,1,2,2,2,3,1,1,1,1,2,2,1,2,1,2,0,0,0
2008,21,205,1,210159,1,3,1,2,4,1,4,1,1,2,2,2,1,2,2,2,2,2,1,2,2,2,2,2,2,2,2,2,2,2,2,0,0,0
2008,21,169,1,210160,1,3,1,2,1,2,3,2,2,2,1,2,3,1,2,2,2,2,2,2,3,2,2,2,2,1,2,2,2,1,2,0,0,0
2008,21,199,1,210161,1,3,1,2,4,2,5,2,1,1,1,2,1,2,2,2,2,2,2,2,2,2,2,2,2,1,2,2,1,1,2,0,0,0
2008,21,149,1,210162,1,3,1,2,1,2,5,2,4,1,1,2,2,2,2,1,2,2,2,2,3,1,1,1,1,2,2,1,1,2,2,0,0,0
2008,21,11,1,210163,1,3,1,2,4,2,5,2,1,2,1,2,1,2,2,2,2,2,2,2,1,2,2,2,2,2,2,2,1,2,2,0,0,0
2008,21,29,1,210164,1,3,1,2,4,2,5,2,1,1,1,2,1,2,2,2,2,2,2,2,1,2,2,2,2,2,2,2,1,1,2,0,0,0
2008,21,97,1,210165,1,3,2,2,2,2,3,2,1,1,2,2,1,2,2,1,2,2,2,2,1,2,2,2,2,2,1,1,1,2,2,0,0,0
2008,21,67,1,210166,1,3,2,2,1,1,4,1,4,2,2,2,2,2,2,2,2,2,1,2,1,2,2,2,2,2,1,1,2,2,2,0,0,0
2008,21,179,1,210167,1,3,1,2,4,2,5,2,1,2,1,2,1,2,2,2,2,2,1,2,1,2,2,2,2,2,2,2,1,1,2,0,0,0
2008,21,111,1,210168,1,3,2,2,1,2,3,2,1,2,2,1,1,2,2,2,1,2,2,2,2,2,2,2,2,2,2,2,2,1,2,0,0,0
2008,21,79,1,210169,1,3,1,2,1,2,3,2,5,1,1,2,2,2,2,2,2,2,1,2,3,2,2,2,2,2,2,2,1,2,2,0,0,0
2008,21,141,1,210170,1,3,1,2,1,2,4,2,4,1,1,2,2,2,2,2,2,2,2,2,3,2,2,1,1,2,2,1,1,2,2,0,0,0
2008,21,223,1,210171,1,3,1,2,4,2,5,2,1,2,1,2,1,2,2,2,2,2,2,2,2,1,1,1,1,2,2,1,1,1,2,0,0,0
2008,21,107,1,210172,1,3,1,2,4,2,5,2,1,2,2,2,1,2,2,2,2,2,2,2,1,2,2,2,2,2,2,2,1,2,2,0,0,0
2008,21,177,1,210173,1,3,1,2,4,2,6,2,1,1,2,2,1,2,2,2,2,2,2,2,2,2,2,2,2,2,2,2,1,1,2,0,0,0
2008,21,67,1,210174,1,3,2,2,1,1,3,1,1,2,2,1,1,2,2,2,1,2,2,2,3,2,2,2,2,2,2,2,2,2,2,0,0,0
2008,21,139,1,210175,1,3,1,2,4,2,3,2,1,1,1,2,1,2,2,2,2,2,1,2,2,2,2,2,2,1,2,2,1,2,1,0,0,0
2008,21,235,1,210176,1,3,1,1,3,2,1,2,5,2,1,2,3,1,2,2,2,2,1,2,2,2,2,1,1,2,2,1,1,2,2,0,0,0
2008,21,111,1,210177,1,3,2,2,4,2,4,2,1,2,1,2,1,2,2,2,2,2,2,2,2,2,2,2,2,2,2,2,1,1,2,0,0,0
2008,21,35,1,210178,1,3,1,2,1,2,5,3,4,1,1,2,3,2,2,2,2,2,2,2,3,2,2,2,2,1,2,2,2,2,2,0,0,0
2008,21,217,2,210179,1,3,1,2,1,2,3,2,3,1,1,2,2,1,2,2,2,2,2,2,2,2,2,2,2,2,2,2,2,2,2,0,0,0
2008,21,93,1,210180,1,3,1,2,1,1,5,1,4,1,1,2,2,2,1,2,2,2,2,2,3,1,1,1,1,2,2,1,2,1,2,0,0,0
2008,21,43,1,210181,1,3,1,1,3,2,1,2,1,2,1,2,1,2,2,2,2,2,1,2,2,2,2,2,2,2,2,2,1,2,1,0,0,0
2008,21,143,1,210182,1,3,1,1,1,2,1,2,4,2,2,2,2,1,2,1,2,2,2,2,2,2,2,2,2,2,1,1,1,2,2,0,0,0
2008,21,131,1,210183,1,3,1,2,4,2,6,2,1,2,2,2,1,2,2,2,2,2,1,2,3,2,2,2,2,2,2,2,1,1,2,0,0,0
2008,21,23,1,210184,1,3,1,3,1,2,7,3,1,1,2,2,1,2,2,2,2,2,2,2,3,2,2,2,2,2,2,2,2,1,2,0,0,0
2008,21,227,1,210185,1,3,1,2,1,2,6,2,1,1,2,2,1,2,2,2,2,2,1,2,2,2,2,2,2,2,1,1,2,2,2,0,0,0
2008,21,227,1,210186,1,3,1,1,1,2,1,3,5,2,2,2,2,1,1,2,2,2,2,2,3,2,2,2,2,2,2,2,2,1,2,0,0,0
2008,21,231,1,210187,1,3,1,2,4,2,6,2,1,2,1,2,1,2,1,2,2,2,2,2,2,1,1,1,1,2,2,1,1,1,2,0,0,0
2008,21,171,1,210188,1,3,1,2,1,2,5,2,3,1,1,2,2,2,2,1,2,2,2,2,3,2,2,2,2,2,2,2,1,2,2,0,0,0
2008,21,107,1,210189,1,3,1,2,3,2,3,2,1,2,1,2,1,2,2,2,2,2,1,2,2,2,2,2,2,2,2,2,1,2,2,0,0,0
2008,21,125,1,210190,1,3,1,2,4,2,5,2,1,2,1,2,1,2,2,2,2,2,1,2,3,2,2,2,2,2,2,2,1,1,2,0,0,0
2008,21,221,1,210191,1,3,1,2,2,2,5,2,1,1,1,2,1,2,2,2,2,2,1,2,2,2,2,2,2,2,2,2,1,2,2,0,0,0
2008,21,29,1,210192,1,3,2,2,1,2,3,3,4,1,1,2,2,2,1,2,2,2,2,2,3,2,2,2,2,2,2,2,2,1,2,0,0,0
2008,21,195,1,210193,1,3,1,2,1,2,5,3,3,1,1,2,2,2,2,2,2,2,2,2,3,2,2,2,2,1,2,2,2,1,2,0,0,0
2008,21,67,1,210194,1,3,2,2,2,2,2,3,1,2,2,2,1,2,1,2,2,2,2,2,1,2,2,2,2,2,2,2,1,2,2,0,0,0
2008,21,195,1,210195,1,3,1,2,4,2,5,2,1,2,2,2,1,2,2,2,2,2,1,2,2,2,2,2,2,2,2,2,1,1,2,0,0,0
2008,21,51,1,210196,1,3,1,2,1,2,4,2,5,1,2,2,3,2,2,1,2,2,2,2,3,2,2,2,2,2,2,2,1,2,2,0,0,0
2008,21,209,1,210197,1,3,1,2,1,2,5,2,3,1,2,2,2,2,1,2,2,2,2,2,3,2,2,2,2,2,2,2,1,2,2,0,0,0
2008,21,91,1,210198,1,3,1,2,1,2,3,2,1,2,2,2,1,2,2,2,1,2,2,2,2,2,2,2,2,2,2,2,2,2,2,0,0,0
2008,21,143,1,210199,1,3,1,1,4,2,1,2,1,1,1,2,1,2,2,2,2,2,1,2,2,2,2,2,2,2,2,2,1,1,2,0,0,0
2008,21,47,1,210200,1,3,2,2,1,2,2,2,3,1,1,2,2,2,2,2,2,2,1,2,3,2,2,2,2,1,2,2,1,2,2,0,0,0
2008,21,111,1,210201,1,3,2,2,4,2,6,2,1,2,1,2,1,2,1,2,2,2,2,2,1,2,2,2,2,2,2,2,1,1,2,0,0,0
2008,21,195,1,210202,1,3,1,2,2,2,3,2,1,2,1,2,1,1,2,2,1,2,2,2,2,2,2,2,2,2,2,2,2,2,2,0,0,0
2008,21,29,1,210203,1,3,2,2,2,2,6,2,1,2,2,2,1,2,2,2,2,2,2,2,1,2,2,2,2,2,1,1,1,1,2,0,0,0
2008,21,83,1,210204,1,3,1,2,1,1,4,1,4,1,2,2,2,2,2,2,2,2,2,2,3,2,2,2,2,1,2,2,2,2,2,0,0,0
2008,21,93,1,210205,1,3,1,2,4,2,5,2,1,1,1,2,1,2,2,2,2,2,2,2,3,2,2,2,2,1,2,2,1,1,2,0,0,0
2008,21,191,1,210206,1,3,1,2,1,2,4,2,5,1,1,2,2,1,2,2,2,2,1,2,2,2,2,2,2,2,2,2,1,2,2,0,0,0
2008,21,199,1,210207,1,3,1,2,1,2,5,2,1,1,1,2,1,2,2,2,1,2,2,2,3,2,2,2,2,1,2,2,2,2,2,0,0,0
2008,21,139,2,210208,1,3,1,1,1,2,1,2,3,2,1,2,2,1,2,2,2,2,2,2,3,2,2,2,2,1,2,2,2,2,2,0,0,0
2008,21,93,1,210209,1,3,1,2,1,2,3,2,3,2,1,2,2,2,1,2,2,2,2,2,3,2,2,2,2,2,2,2,1,2,2,0,0,0
2008,21,89,3,210210,1,3,1,2,4,2,5,2,1,2,1,2,1,2,2,1,2,2,1,2,1,2,2,2,2,2,1,1,1,2,2,0,0,0
2008,21,29,2,210211,1,3,2,1,1,2,1,2,3,1,2,2,2,2,2,2,2,2,2,2,2,2,2,2,2,2,1,1,1,2,2,0,0,0
2008,21,111,1,210212,1,3,2,2,1,2,3,2,1,2,2,2,1,2,2,2,2,1,2,2,2,2,2,2,2,2,2,2,2,2,2,0,0,0
2008,21,119,1,210213,1,3,1,2,1,2,5,2,3,1,2,2,2,2,2,1,2,2,2,2,3,1,1,1,1,2,2,1,1,1,2,0,0,0
2008,21,153,1,210214,1,3,1,2,4,2,6,2,1,2,2,2,1,2,2,2,2,2,1,2,1,2,2,2,2,2,2,2,1,1,2,0,0,0
2008,21,239,2,210215,1,3,2,2,4,2,6,2,1,1,1,2,1,2,2,1,2,2,2,2,2,1,1,1,1,2,2,1,1,2,2,0,0,0
2008,21,195,1,210216,1,3,1,2,2,2,5,2,1,1,1,2,2,2,2,2,2,2,2,2,3,2,2,2,2,2,1,1,1,2,2,0,0,0
2008,21,93,1,210217,1,3,1,2,4,2,5,2,1,1,1,2,1,2,2,2,2,2,1,2,2,2,2,2,2,2,2,2,1,2,2,0,0,0
2008,21,67,1,210218,1,3,2,2,1,1,3,1,1,1,1,2,1,2,2,2,1,2,2,2,2,2,2,2,2,2,2,2,2,2,2,0,0,0
2008,21,221,1,210219,1,3,1,1,2,2,1,2,1,1,1,2,1,2,2,2,2,2,1,2,2,2,2,2,2,2,2,2,1,1,2,0,0,0
2008,21,193,1,210220,1,3,1,2,1,2,3,2,4,1,1,2,2,1,2,2,2,2,2,2,2,1,1,1,1,2,2,1,1,1,2,0,0,0
2008,21,209,1,210221,1,3,1,2,4,2,5,2,1,1,1,2,1,2,2,2,2,2,1,2,3,1,1,1,1,2,2,1,1,2,2,0,0,0
2008,21,85,1,210222,1,3,1,2,1,2,6,2,3,1,1,2,2,2,2,2,2,2,2,2,3,1,1,1,1,2,2,1,1,2,2,0,0,0
2008,21,67,1,210223,1,3,2,2,2,2,2,2,1,1,2,2,1,2,1,2,2,2,2,2,2,2,2,2,2,2,2,2,1,1,2,0,0,0
2008,21,177,1,210224,1,3,1,2,4,2,5,2,1,2,2,2,1,2,2,2,2,2,1,2,2,1,1,1,1,2,2,1,1,2,2,0,0,0
2008,21,21,1,210225,1,3,1,2,4,2,4,2,1,1,2,2,1,2,2,2,2,2,2,2,2,2,2,2,2,2,2,2,1,2,2,0,0,0
2008,21,203,1,210226,1,3,1,1,1,2,1,2,2,2,2,2,2,1,2,1,2,2,1,2,3,2,2,2,2,2,2,2,2,1,2,0,0,0
2008,21,121,1,210227,1,3,1,2,1,2,5,2,3,1,1,2,2,2,2,2,2,2,2,2,3,2,2,2,2,2,2,2,1,1,2,0,0,0
2008,21,163,1,210228,1,3,1,2,1,2,5,2,1,1,2,2,1,2,2,2,2,2,2,2,3,2,2,2,2,2,2,2,2,2,2,0,0,0
2008,21,11,1,210229,1,3,1,1,1,2,1,2,2,2,1,2,2,1,2,2,2,2,1,2,1,2,2,2,2,1,2,2,2,1,2,0,0,0
2008,21,199,1,210230,1,3,1,2,1,1,3,1,2,1,1,2,3,2,2,2,2,2,2,2,3,2,2,1,1,1,2,1,2,1,2,0,0,0
2008,21,205,1,210231,1,3,1,2,4,2,6,2,1,2,1,2,1,2,2,2,2,2,1,2,1,2,2,2,2,2,2,2,1,2,2,0,0,0
2008,21,177,1,210232,1,3,1,2,4,2,3,2,1,2,1,2,1,2,2,2,2,2,1,2,2,1,1,1,1,2,2,1,1,2,2,0,0,0
2008,21,15,1,210233,1,3,2,2,1,2,6,2,1,2,1,2,1,2,2,2,1,2,2,2,3,2,2,2,2,2,1,1,2,1,2,0,0,0
2008,21,193,1,210234,1,3,1,2,4,2,3,2,1,1,1,2,1,2,2,2,2,2,2,2,2,1,1,1,1,2,2,1,1,2,1,0,0,0
2008,21,203,1,210235,1,3,1,2,1,2,3,2,5,1,1,2,3,1,2,1,2,2,2,2,3,2,2,2,2,2,2,2,1,2,2,0,0,0
2008,21,193,1,210236,1,3,1,2,4,2,5,2,1,1,1,2,1,2,2,2,2,2,2,2,3,2,2,1,1,2,2,1,1,2,2,0,0,0
2008,21,183,1,210237,1,3,1,2,1,2,6,2,1,1,1,2,1,2,2,2,2,2,1,2,3,2,2,2,2,2,2,2,2,2,2,0,0,0
2008,21,27,1,210238,1,3,1,2,1,1,6,1,4,1,1,2,2,2,2,2,2,2,1,2,3,1,2,1,2,2,2,2,2,2,2,0,0,0
2008,21,33,2,210239,1,3,1,2,1,1,5,1,4,1,1,2,2,1,2,2,2,2,2,2,2,2,2,2,2,1,2,2,2,2,2,0,0,0
2008,21,93,1,210240,1,3,1,2,4,2,6,2,1,1,1,2,1,2,2,2,2,2,2,2,2,2,2,2,2,1,2,2,1,2,2,0,0,0
2008,21,111,1,210241,1,3,2,2,1,1,5,1,1,2,2,2,1,2,2,2,1,2,2,2,1,2,2,1,1,2,2,1,2,1,2,0,0,0
2008,21,37,1,210242,1,3,2,2,2,2,5,2,1,2,2,2,1,2,1,2,2,2,2,2,3,2,2,2,2,2,2,2,1,1,2,0,0,0
2008,21,53,1,210243,1,3,1,2,4,2,5,2,1,1,2,2,1,2,2,2,2,2,2,2,2,2,2,2,2,2,2,2,1,2,2,0,0,0
2008,21,191,1,210244,1,3,1,2,1,2,4,2,5,1,2,2,2,2,1,2,2,2,2,2,2,2,2,2,2,2,2,2,1,2,2,0,0,0
2008,21,195,1,210245,1,3,1,2,4,2,5,2,1,1,2,2,1,2,2,2,2,2,1,2,2,2,2,2,2,2,2,2,1,2,2,0,0,0
2008,21,49,1,210246,1,3,1,2,4,2,4,2,1,1,1,2,1,2,2,2,2,2,2,2,3,2,2,2,2,1,2,2,1,1,2,0,0,0
2008,21,231,1,210247,1,3,1,2,4,2,5,2,1,2,2,2,1,2,2,2,2,2,2,2,1,2,2,2,2,2,2,2,1,1,2,0,0,0
2008,21,199,1,210248,1,3,2,2,1,1,3,1,4,1,1,2,2,2,2,2,2,2,2,2,2,2,2,2,2,1,2,2,2,2,2,0,0,0
2008,21,69,1,210249,1,3,1,2,4,2,4,2,1,1,1,2,1,2,2,2,2,2,2,2,2,2,2,2,2,2,2,2,1,1,2,0,0,0
2008,21,35,1,210250,1,3,1,2,4,2,6,2,1,1,1,2,1,2,2,2,2,2,1,2,2,2,2,2,2,2,2,2,1,1,2,0,0,0
2008,21,117,1,210251,1,3,1,2,1,2,5,2,5,1,1,2,3,2,2,2,2,2,2,2,3,2,2,2,2,2,2,2,1,2,2,0,0,0
2008,21,93,1,210252,1,3,2,2,1,2,4,3,4,1,1,2,2,2,1,2,2,2,2,2,2,2,2,2,2,2,2,2,2,2,2,0,0,0
2008,21,97,1,210253,1,3,1,2,1,2,5,2,5,1,1,2,2,2,1,2,2,2,1,2,3,2,2,2,2,2,2,2,1,2,2,0,0,0
2008,21,93,1,210254,1,3,1,1,3,2,1,2,1,2,1,2,1,1,2,2,2,2,1,2,2,2,2,2,2,2,2,2,1,1,2,0,0,0
2008,21,43,1,210255,1,3,1,2,1,1,5,1,2,2,1,2,3,2,2,2,2,2,2,2,3,2,2,2,2,2,2,2,2,1,2,0,0,0
2008,21,67,1,210256,1,3,2,2,1,2,3,3,4,1,1,2,2,2,2,2,2,2,2,2,2,2,2,2,2,2,2,2,2,2,2,0,0,0
2008,21,81,1,210257,1,3,2,2,4,2,6,2,1,2,1,2,1,2,1,2,2,2,2,2,2,1,1,1,1,2,2,1,1,1,2,0,0,0
2008,21,95,1,210258,1,3,1,2,1,2,3,2,4,1,1,2,2,2,2,2,2,2,1,2,3,2,2,2,2,2,2,2,2,1,2,0,0,0
2008,21,145,1,210259,1,3,2,2,1,2,3,2,4,2,2,2,2,2,1,2,2,2,2,2,3,2,2,2,2,2,2,2,2,2,2,0,0,0
2008,21,67,1,210260,1,3,2,2,4,2,4,2,1,2,2,2,1,2,2,1,2,2,2,2,1,2,2,2,2,2,1,1,1,2,2,0,0,0
2008,21,9,1,210261,1,3,1,2,4,2,5,2,1,2,2,2,1,2,2,2,2,2,2,2,2,2,2,2,2,2,2,2,1,2,1,0,0,0
2008,21,67,1,210262,1,3,2,2,1,2,4,2,1,2,2,2,1,2,2,2,1,2,2,2,2,2,2,2,2,1,2,2,2,2,2,0,0,0
2008,21,15,1,210263,1,3,1,2,1,2,5,2,3,2,1,2,2,1,1,1,2,2,2,2,1,1,1,1,1,2,2,1,1,2,2,0,0,0
2008,21,71,1,210264,1,3,1,2,4,2,5,2,1,2,1,2,1,2,2,2,2,2,2,2,1,2,2,2,2,2,2,2,1,1,2,0,0,0
2008,21,169,1,210265,1,3,1,2,4,2,5,2,1,2,1,2,1,2,2,2,2,2,1,2,1,2,2,2,2,2,2,2,1,2,2,0,0,0
2008,21,59,1,210266,1,3,2,2,1,1,3,1,4,1,1,2,2,2,1,2,2,2,2,2,3,2,2,2,2,2,1,1,2,2,2,0,0,0
2008,21,9,1,210267,1,3,1,2,2,2,5,2,1,1,1,2,1,2,2,2,2,2,1,2,2,2,2,2,2,1,2,2,1,1,2,0,0,0
2008,21,235,1,210268,1,3,1,1,2,2,1,2,1,2,2,2,1,1,2,2,2,2,1,2,2,2,2,2,2,2,2,2,1,2,1,0,0,0
2008,21,23,1,210269,1,3,1,2,1,2,5,2,1,1,2,2,1,2,1,1,2,2,2,2,3,2,2,2,2,1,2,2,2,2,2,0,0,0
2008,21,121,1,210270,1,3,1,2,4,2,6,2,1,1,2,2,1,2,2,2,2,2,1,2,3,2,2,2,2,2,2,2,1,2,2,0,0,0
2008,21,115,1,210271,1,3,1,2,4,2,5,2,1,1,1,2,1,2,2,2,2,2,2,2,2,2,2,2,2,1,2,2,1,1,2,0,0,0
2008,21,1,1,210272,1,3,1,2,4,2,5,2,1,1,1,2,1,2,2,2,2,2,2,2,1,2,2,2,2,2,2,2,1,2,2,0,0,0
2008,21,3,1,210273,1,3,1,2,1,2,3,2,5,1,2,2,2,2,2,2,2,2,1,2,3,1,1,1,1,2,2,1,2,1,2,0,0,0
2008,21,17,1,210274,1,3,1,2,4,2,4,2,1,2,2,2,1,2,2,1,2,2,1,2,3,1,1,1,1,2,2,1,1,2,2,0,0,0
2008,21,227,1,210275,1,3,1,2,4,2,5,2,1,2,2,2,1,2,2,2,2,2,2,2,1,2,2,2,2,2,2,2,1,2,2,0,0,0
2008,21,83,1,210276,1,3,1,2,4,2,5,2,1,1,1,2,1,2,2,2,2,2,1,2,1,2,2,2,2,2,2,2,1,2,2,0,0,0
2008,21,107,1,210277,1,3,1,2,2,2,5,2,1,1,1,2,1,2,2,2,2,2,2,2,2,2,2,2,2,2,2,2,1,2,2,0,0,0
2008,21,161,1,210278,1,3,1,2,1,2,6,2,3,1,1,2,2,1,2,2,2,2,2,2,2,2,2,2,2,2,1,1,1,2,2,0,0,0
2008,21,227,1,210279,1,3,1,2,1,2,5,2,3,1,1,2,2,1,2,2,2,2,2,2,3,2,2,2,2,2,2,2,1,2,2,0,0,0
2008,21,21,1,210280,1,3,1,2,4,2,6,2,1,1,2,2,1,2,1,2,2,2,2,2,3,2,2,2,2,1,2,2,1,1,2,0,0,0
2008,21,195,1,210281,1,3,1,2,1,1,3,1,4,1,2,2,2,2,1,2,2,2,2,2,3,2,2,1,1,2,2,1,2,2,2,0,0,0
2008,21,199,1,210282,1,3,1,2,4,2,3,2,1,1,2,2,1,2,2,2,2,2,2,2,2,2,2,2,2,2,2,2,1,1,2,0,0,0
2008,21,131,1,210283,1,3,1,2,1,1,3,1,4,1,2,2,2,2,2,2,2,2,2,2,2,2,2,2,2,2,1,1,2,1,2,0,0,0
2008,21,51,1,210284,1,3,1,2,2,2,3,2,1,1,2,2,2,2,2,2,2,2,2,2,3,2,2,1,1,2,2,1,1,2,2,0,0,0
2008,21,27,1,210285,1,3,1,2,2,2,5,2,1,2,2,2,1,2,2,2,2,2,1,2,3,1,1,1,1,2,2,1,1,2,2,0,0,0
2008,21,95,1,210286,1,3,1,2,1,2,3,2,3,1,1,2,2,1,2,2,2,2,2,2,1,2,2,2,2,2,1,1,1,2,2,0,0,0
2008,21,107,3,210287,1,3,1,2,1,2,5,2,3,2,1,2,2,2,2,2,2,2,2,2,2,2,2,2,2,2,1,1,1,1,2,0,0,0
2008,21,69,1,210288,1,3,1,2,1,2,5,2,1,1,2,2,1,2,1,2,2,2,2,2,3,2,2,2,2,2,2,2,2,1,2,0,0,0
2008,21,59,1,210289,1,3,1,2,2,2,5,2,1,2,1,2,1,2,1,2,2,2,2,2,2,2,2,2,2,2,2,2,1,1,2,0,0,0
2008,21,211,1,210290,1,3,1,2,2,2,4,2,1,1,1,2,2,2,2,2,2,2,2,2,3,2,2,2,2,1,2,2,1,1,2,0,0,0
2008,21,89,1,210291,1,3,1,2,1,2,3,2,1,2,1,2,1,2,2,2,1,2,2,2,3,2,2,2,2,2,2,2,2,2,2,0,0,0
2008,21,111,1,210292,1,3,2,2,4,2,3,2,1,2,1,2,1,2,1,2,2,2,2,2,1,2,2,2,2,2,2,2,1,1,2,0,0,0
2008,21,49,1,210293,1,3,1,2,4,2,4,2,1,2,1,2,1,2,2,2,2,2,1,2,1,2,2,2,2,2,1,1,1,2,2,0,0,0
2008,21,217,1,210294,1,3,1,2,4,2,3,2,1,2,1,2,1,2,1,2,2,2,2,2,1,2,2,2,2,2,2,2,1,2,2,0,0,0
2008,21,199,1,210295,1,3,1,2,1,1,3,1,4,1,1,2,2,2,2,2,2,2,2,2,2,1,1,1,1,2,2,1,2,1,2,0,0,0
2008,21,109,1,210296,1,3,1,2,1,1,5,1,4,2,2,2,2,2,1,2,2,2,2,2,3,2,2,2,2,2,2,2,2,2,2,0,0,0
2008,21,49,1,210297,1,3,1,2,4,2,5,2,1,1,1,2,1,2,2,2,2,2,1,2,3,1,1,1,1,2,2,1,1,1,2,0,0,0
2008,21,111,1,210298,1,3,2,2,1,2,6,2,1,2,1,1,1,2,2,2,1,2,2,2,3,2,2,2,2,2,2,2,2,2,2,0,0,0
2008,21,111,1,210299,1,3,2,2,1,2,4,2,1,2,1,2,1,2,2,2,1,2,2,2,3,2,2,2,2,2,1,1,2,2,2,0,0,0
2008,21,111,1,210300,1,3,2,2,4,2,4,2,1,2,2,2,1,2,2,2,2,2,1,2,1,2,2,2,2,2,1,1,1,2,2,0,0,0
2008,21,239,1,210301,1,3,1,2,4,2,5,2,1,1,2,2,1,2,1,2,2,2,2,2,2,2,2,2,2,2,2,2,1,1,2,0,0,0
2008,21,151,1,210302,1,3,1,2,1,2,3,2,4,2,2,2,2,1,2,2,2,2,2,2,3,2,2,2,2,2,2,2,2,2,2,0,0,0
2008,21,3,1,210303,1,3,1,2,1,1,3,1,4,1,1,2,2,1,2,2,2,2,2,2,2,2,2,2,2,2,2,2,2,2,2,0,0,0
2008,21,69,1,210304,1,3,1,2,4,2,5,2,1,2,1,2,1,2,1,2,2,2,2,2,2,2,2,2,2,2,2,2,1,1,2,0,0,0
2008,21,217,1,210305,1,3,1,2,1,1,3,1,3,1,1,2,2,2,2,2,2,2,2,2,3,2,2,1,1,2,2,1,2,1,2,0,0,0
2008,21,43,1,210306,1,3,1,1,1,2,1,3,1,1,1,2,1,2,2,1,2,2,1,2,1,2,2,2,2,2,2,2,1,2,2,0,0,0
2008,21,141,1,210307,1,3,1,2,2,2,4,2,1,1,1,2,1,2,2,1,2,2,1,2,3,2,2,2,2,2,2,2,1,2,2,0,0,0
2008,21,19,1,210308,1,3,2,2,1,1,3,1,2,1,1,2,2,2,2,2,2,2,2,2,1,2,2,2,2,2,2,2,2,1,2,0,0,0
2008,21,199,1,210309,1,3,1,2,4,2,3,2,1,1,1,2,1,2,2,2,2,2,2,2,2,2,2,2,2,2,2,2,1,1,2,0,0,0
2008,21,19,1,210310,1,3,1,2,4,2,6,2,1,2,2,1,1,2,2,2,2,2,2,2,3,1,2,1,2,2,2,2,1,1,2,0,0,0
2008,21,103,1,210311,1,3,1,1,1,2,1,2,5,1,1,2,2,1,2,2,2,2,2,2,2,2,2,2,2,2,2,2,1,2,2,0,0,0
2008,21,195,1,210312,1,3,1,2,2,2,5,2,1,1,1,2,1,2,2,2,2,2,2,2,2,2,2,2,2,1,2,2,1,2,2,0,0,0
2008,21,3,1,210313,1,3,1,2,1,1,4,1,4,1,1,2,2,1,2,2,2,2,2,2,2,2,2,1,1,2,2,1,2,1,2,0,0,0
2008,21,13,1,210314,1,3,1,2,4,2,3,2,1,2,1,2,1,2,1,1,2,2,2,2,3,2,2,2,2,2,2,2,1,2,2,0,0,0
2008,21,35,1,210315,1,3,1,2,1,1,3,1,4,2,1,2,2,2,2,2,2,2,2,2,2,2,2,2,2,2,2,2,2,1,2,0,0,0
2008,21,125,1,210316,1,3,1,2,1,2,6,2,1,2,2,2,1,2,2,2,2,2,1,2,3,2,2,2,2,2,2,2,2,2,2,0,0,0
2008,21,21,1,210317,1,3,1,2,4,2,5,2,1,1,1,2,1,2,1,2,2,2,2,2,1,2,2,2,2,2,2,2,1,1,2,0,0,0
2008,21,95,1,210318,1,3,1,2,1,2,5,2,3,2,2,2,2,2,2,2,2,2,2,2,2,2,2,2,2,2,1,1,1,2,2,0,0,0
2008,21,185,1,210319,1,3,1,2,4,2,5,2,1,2,2,2,1,2,2,2,2,2,1,2,1,2,2,2,2,2,2,2,1,2,2,0,0,0
2008,21,111,1,210320,1,3,2,1,3,2,1,2,1,2,2,2,1,2,2,1,2,2,1,2,3,2,2,2,2,2,2,2,1,2,2,0,0,0
2008,21,179,1,210321,1,3,1,2,4,2,6,2,1,1,2,2,1,2,2,2,2,2,1,2,2,2,2,2,2,2,2,2,1,2,2,0,0,0
2008,21,113,1,210322,1,3,1,2,1,1,4,1,4,1,1,2,2,2,2,2,2,2,2,2,3,2,2,2,2,1,2,2,2,2,2,0,0,0
2008,21,103,1,210323,1,3,1,2,4,2,5,2,1,2,1,2,1,2,2,1,2,2,1,2,1,2,2,2,2,2,2,2,1,2,2,0,0,0
2008,21,51,1,210324,1,3,1,2,1,2,6,2,3,2,2,2,2,2,2,2,2,2,2,2,3,2,2,2,2,2,2,2,1,2,2,0,0,0
2008,21,105,1,210325,1,3,1,2,2,2,4,2,1,1,1,2,1,2,2,2,2,2,1,2,2,2,2,2,2,2,1,1,1,2,1,0,0,0
2008,21,239,1,210326,1,3,1,2,2,2,5,2,1,2,1,2,1,2,2,2,2,2,1,2,2,1,1,1,1,2,2,1,1,1,2,0,0,0
2008,21,75,2,210327,1,3,1,2,2,2,5,2,1,2,1,2,1,2,2,2,2,2,1,2,1,2,2,2,2,2,2,2,1,2,2,0,0,0
2008,21,111,1,210328,1,3,2,2,1,1,6,1,4,2,1,2,2,2,2,2,2,2,1,2,1,2,2,2,2,2,2,2,2,2,2,0,0,0
2008,21,31,1,210329,1,3,1,2,1,2,5,2,5,1,1,2,2,2,2,2,2,2,2,2,1,2,2,1,1,2,2,1,1,2,1,0,0,0
2008,21,67,1,210330,1,3,2,2,1,2,3,2,1,2,2,2,1,2,2,2,1,2,2,2,2,2,2,2,2,2,2,2,2,2,2,0,0,0
2008,21,51,1,210331,1,3,1,2,1,1,5,1,4,1,2,2,3,2,2,2,2,2,2,2,3,2,2,2,2,1,2,2,2,2,2,0,0,0
2008,21,143,1,210332,1,3,1,2,4,2,6,2,1,2,2,2,1,2,2,1,2,2,2,2,3,1,1,1,1,2,2,1,1,2,2,0,0,0
2008,21,93,1,210333,1,3,2,2,1,2,4,2,2,2,2,2,2,2,2,2,2,2,2,2,3,2,2,2,2,2,1,1,2,2,2,0,0,0
2008,21,113,2,210334,1,3,1,2,1,2,4,2,4,1,1,2,2,2,2,2,2,2,2,2,2,2,2,2,2,1,2,2,1,2,2,0,0,0
2008,21,125,2,210335,1,3,1,2,1,1,4,1,4,1,2,2,2,2,2,2,2,2,2,2,3,2,2,2,2,2,2,2,2,1,2,0,0,0
2008,21,111,1,210336,1,3,2,2,1,2,6,2,1,2,2,2,1,2,2,2,1,2,2,2,3,2,2,2,2,2,2,2,2,2,2,0,0,0
2008,21,9,1,210337,1,3,1,2,1,2,5,3,4,2,2,2,2,2,2,2,2,2,2,2,3,2,2,2,2,1,2,2,2,1,2,0,0,0
2008,21,121,1,210338,1,3,1,2,1,2,3,2,2,1,1,2,2,2,1,2,2,2,2,2,3,2,2,2,2,2,2,2,2,2,2,0,0,0
2008,21,71,1,210339,1,3,1,2,1,2,5,2,5,2,2,2,2,2,1,2,2,2,2,2,3,2,2,1,1,2,2,1,1,2,2,0,0,0
2008,21,67,1,210340,1,3,2,2,4,2,6,2,4,2,2,1,1,2,2,2,1,2,2,2,3,2,2,2,2,2,2,2,2,2,2,0,0,0
2008,21,29,1,210341,1,3,2,2,1,2,6,2,1,2,1,2,1,2,2,2,2,2,2,2,3,2,2,2,2,2,2,2,2,2,2,0,0,0
2008,21,29,1,210342,1,3,2,2,4,2,3,2,1,1,2,2,1,2,2,1,2,2,2,2,3,2,2,2,2,2,2,2,1,2,2,0,0,0
2008,21,9,1,210343,1,3,1,2,1,2,6,2,3,2,2,1,2,2,1,2,2,2,2,2,3,2,2,2,2,2,2,2,2,2,2,0,0,0
2008,21,199,1,210344,1,3,1,2,4,2,6,2,1,2,1,2,1,2,1,2,2,2,2,2,1,2,2,1,1,2,2,1,1,2,2,0,0,0
2008,21,9,1,210345,1,3,1,2,4,2,4,2,1,1,2,2,1,2,1,2,2,2,2,2,3,2,2,2,2,2,2,2,1,1,2,0,0,0
2008,21,155,1,210346,1,3,1,2,4,2,5,2,1,1,1,2,1,2,2,1,2,2,2,2,1,2,2,2,2,2,2,2,1,2,2,0,0,0
2008,21,107,1,210347,1,3,1,2,1,2,6,2,3,1,1,1,2,2,2,2,2,2,2,2,1,2,2,2,2,2,2,2,1,2,2,0,0,0
2008,21,83,1,210348,1,3,1,2,4,2,5,2,1,2,1,2,1,2,2,2,2,2,1,2,1,2,2,2,2,2,2,2,1,1,2,0,0,0
2008,21,177,1,210349,1,3,1,2,4,2,6,2,1,1,2,2,1,2,2,1,2,2,2,2,3,2,2,2,2,2,2,2,1,2,2,0,0,0
2008,21,95,1,210350,1,3,1,2,4,2,5,2,1,2,2,2,1,2,2,2,2,2,2,2,1,2,2,2,2,2,1,1,1,1,2,0,0,0
2008,21,111,1,210351,1,3,2,2,1,2,3,2,4,1,2,2,2,2,1,2,2,2,2,2,2,2,2,2,2,2,2,2,1,1,2,0,0,0
2008,21,195,1,210352,1,3,1,2,4,2,5,2,1,2,2,2,1,2,2,2,2,2,1,2,1,2,2,2,2,2,2,2,1,2,2,0,0,0
2008,21,225,1,210353,1,3,1,2,4,2,3,2,1,2,2,2,1,2,2,2,2,2,1,2,1,2,2,2,2,2,2,2,1,2,2,0,0,0
2008,21,35,1,210354,1,3,1,2,1,2,3,2,3,1,1,2,2,2,2,2,2,2,2,2,2,2,2,2,2,1,2,2,1,2,2,0,0,0
2008,21,35,1,210355,1,3,1,2,4,2,5,2,1,1,1,2,1,2,2,2,2,2,2,2,2,2,2,2,2,1,2,2,1,2,1,0,0,0
2008,21,111,1,210356,1,3,2,1,2,2,1,2,1,2,2,2,1,2,2,2,2,2,2,2,1,2,2,2,2,2,2,2,1,2,2,0,0,0
2008,21,211,1,210357,1,3,1,2,4,2,5,2,1,1,1,2,1,2,2,2,2,2,1,2,3,2,2,2,2,2,2,2,1,1,2,0,0,0
2008,21,227,1,210358,1,3,1,2,1,2,3,2,5,1,1,2,3,2,2,2,2,2,2,2,3,2,2,2,2,1,1,1,1,2,2,0,0,0
2008,21,229,1,210359,1,3,1,2,4,2,5,2,1,1,1,2,1,2,2,2,2,2,1,2,1,2,2,2,2,2,2,2,1,2,2,0,0,0
2008,21,125,1,210360,1,3,1,2,4,2,6,2,1,2,1,2,1,2,1,2,2,2,2,2,2,2,2,2,2,2,2,2,1,1,2,0,0,0
2008,21,27,1,210361,1,3,1,2,4,2,5,2,1,2,1,2,1,2,2,2,2,2,2,2,2,2,2,2,2,2,2,2,1,2,2,0,0,0
2008,21,157,1,210362,1,3,1,2,4,2,6,2,1,2,2,2,1,2,2,2,2,2,1,2,1,2,2,2,2,2,2,2,1,2,2,0,0,0
2008,21,145,1,210363,1,3,2,2,4,2,5,2,1,1,1,2,1,2,2,2,2,2,1,2,3,2,2,1,1,2,2,1,1,2,2,0,0,0
2008,21,111,1,210364,1,3,2,2,1,2,3,2,1,2,1,2,1,2,2,2,2,1,2,2,2,2,2,2,2,2,1,1,2,1,2,0,0,0
2008,21,21,1,210365,1,3,1,2,4,2,6,2,1,1,1,2,1,2,2,2,2,2,2,2,2,2,2,2,2,2,2,2,1,2,2,0,0,0
2008,21,217,1,210366,1,3,1,2,1,2,3,2,3,1,1,2,2,2,2,2,2,2,2,2,3,2,2,2,2,2,1,1,1,1,2,0,0,0
2008,21,195,1,210367,1,3,1,2,4,2,6,2,1,2,2,2,1,2,1,2,2,2,2,2,1,2,2,2,2,2,2,2,1,2,2,0,0,0
2008,21,151,1,210368,1,3,1,1,4,2,1,2,1,1,2,2,1,2,2,2,2,2,2,2,2,2,2,2,2,2,2,2,1,1,2,0,0,0
2008,21,207,2,210369,1,3,1,2,4,2,3,2,1,1,2,2,1,2,2,2,2,2,1,2,2,1,1,1,1,2,2,1,1,2,2,0,0,0
2008,21,119,1,210370,1,3,1,2,4,2,5,2,1,1,2,2,1,2,2,2,2,2,2,2,2,2,2,2,2,2,2,2,1,2,1,0,0,0
2008,21,27,1,210371,1,3,1,2,1,2,4,2,3,1,1,2,2,2,2,2,2,2,2,2,3,2,2,2,2,1,2,2,1,2,2,0,0,0
2008,21,121,1,210372,1,3,1,2,4,2,6,2,1,2,1,2,1,2,1,2,2,2,2,2,1,2,2,2,2,2,2,2,1,1,2,0,0,0
2008,21,19,1,210373,1,3,2,2,1,2,4,2,3,2,2,2,2,2,1,2,2,2,2,2,1,2,2,2,2,1,1,1,1,2,2,0,0,0
2008,21,157,1,210374,1,3,1,2,1,2,3,2,1,2,1,2,1,2,1,2,2,2,2,2,2,2,2,2,2,2,2,2,2,2,2,0,0,0
2008,21,133,1,210375,1,3,1,2,1,2,6,2,1,2,1,2,1,2,2,2,2,2,2,2,3,1,1,1,1,2,2,1,2,2,2,0,0,0
2008,21,111,1,210376,1,3,2,1,1,2,1,2,2,2,1,2,2,2,1,1,2,2,2,2,1,2,2,2,2,2,1,1,2,2,2,0,0,0
2008,21,35,1,210377,1,3,1,2,1,2,3,2,3,1,1,2,2,1,2,2,2,2,2,2,2,2,2,2,2,1,2,2,1,2,2,0,0,0
2008,21,111,2,210378,1,3,2,2,1,1,6,1,1,1,1,1,1,2,2,2,1,2,2,1,3,2,2,2,2,2,2,2,2,2,2,0,0,0
2008,21,141,1,210379,1,3,1,2,4,2,4,2,1,2,2,2,1,2,2,1,2,2,1,2,1,2,2,2,2,2,2,2,1,2,2,0,0,0
2008,21,157,1,210380,1,3,1,2,1,2,3,2,3,1,1,2,2,2,2,2,2,2,2,2,3,2,2,2,2,2,2,2,1,1,2,0,0,0
2008,21,131,1,210381,1,3,1,2,2,2,5,2,1,2,2,2,1,2,1,2,2,2,2,2,2,2,2,2,2,2,2,2,2,1,2,0,0,0
2008,21,107,1,210382,1,3,1,2,1,1,5,1,4,1,2,2,2,2,1,2,2,2,2,2,3,2,2,2,2,2,2,2,2,1,2,0,0,0
2008,21,107,1,210383,1,3,1,2,1,2,5,2,3,1,2,2,2,1,2,2,2,2,1,2,2,2,2,2,2,2,1,1,1,2,2,0,0,0
2008,21,111,1,210384,1,3,2,2,1,2,4,2,5,2,2,1,2,2,1,2,2,2,2,2,3,2,2,2,2,2,2,2,2,2,2,0,0,0
2008,21,49,1,210385,1,3,1,2,2,2,5,2,1,1,1,2,1,2,1,2,2,2,2,2,3,2,2,2,2,2,2,2,1,1,2,0,0,0
2008,21,3,1,210386,1,3,1,2,4,2,5,2,1,2,2,2,1,2,2,1,2,2,2,2,3,2,2,2,2,2,2,2,1,2,2,0,0,0
2008,21,15,1,210387,1,3,1,1,1,2,1,2,4,2,1,2,2,1,2,2,2,2,1,2,3,2,2,2,2,2,2,2,1,2,2,0,0,0
2008,21,103,4,210388,1,3,1,1,1,2,1,2,2,2,2,2,2,1,2,2,2,2,2,2,3,1,1,1,1,2,2,1,1,2,2,0,0,0
2008,21,193,1,210389,1,3,1,2,1,2,5,3,4,1,1,2,2,2,2,2,2,2,2,2,2,2,2,1,1,2,2,1,2,1,2,0,0,0
2008,21,71,1,210390,1,3,1,2,4,2,6,2,1,1,1,2,1,2,2,1,2,2,1,2,1,2,2,2,2,2,2,2,1,2,2,0,0,0
2008,21,151,1,210391,1,3,1,1,1,2,1,2,1,2,1,1,3,1,2,2,1,2,2,2,3,2,2,2,2,2,1,1,2,2,2,0,0,0
2008,21,29,1,210392,1,3,1,2,1,2,4,2,3,1,1,2,2,2,2,2,2,2,2,2,2,2,2,2,2,2,2,2,1,2,2,0,0,0
2008,21,81,1,210393,1,3,1,2,4,2,5,2,1,1,1,2,1,2,2,1,2,2,2,2,3,1,1,1,1,2,2,1,1,2,2,0,0,0
2008,21,111,1,210394,1,3,2,1,2,2,1,3,1,2,1,2,1,1,2,1,2,2,1,2,2,2,2,2,2,2,2,2,1,2,2,0,0,0
2008,21,81,1,210395,1,3,1,1,4,2,1,2,1,1,1,2,1,2,2,2,2,2,1,2,2,2,2,2,2,1,2,2,1,1,2,0,0,0
2008,21,35,1,210396,1,3,2,2,4,2,6,2,1,1,1,2,1,2,1,2,2,2,2,2,2,2,2,2,2,1,2,2,1,2,2,0,0,0
2008,21,225,1,210397,1,3,1,2,1,2,5,3,4,1,1,2,2,2,1,2,2,2,2,2,3,2,2,2,2,2,2,2,2,2,2,0,0,0
2008,21,229,1,210398,1,3,1,2,4,2,5,2,1,1,1,2,1,2,2,2,2,2,2,2,3,2,2,2,2,1,2,2,1,1,2,0,0,0
2008,21,179,1,210399,1,3,1,2,1,2,4,2,1,2,1,2,1,2,2,2,2,2,1,2,1,2,2,2,2,2,1,1,1,2,2,0,0,0
2008,21,45,1,210400,1,3,1,2,1,1,5,1,4,2,2,2,2,2,2,2,2,2,2,2,3,2,2,2,2,2,2,2,2,2,2,0,0,0
2008,21,9,1,210401,1,3,1,2,1,2,5,3,4,1,2,2,2,2,2,2,2,2,1,2,3,2,2,2,2,1,1,1,2,2,2,0,0,0
2008,21,155,1,210402,1,3,1,2,4,2,6,2,1,1,1,2,1,2,2,2,2,2,2,2,3,2,2,2,2,1,2,2,1,1,2,0,0,0
2008,21,101,1,210403,1,3,1,2,4,2,4,2,1,2,1,2,1,2,2,2,2,2,2,2,3,2,2,2,2,2,2,2,1,1,2,0,0,0
2008,21,125,1,210404,1,3,1,1,1,2,1,2,2,1,1,2,3,1,2,2,2,2,2,2,3,2,2,2,2,1,2,2,2,1,2,0,0,0
2008,21,137,1,210405,1,3,1,2,4,2,5,2,1,1,2,2,1,2,2,2,2,2,2,2,3,2,2,2,2,2,2,2,1,2,2,0,0,0
2008,21,117,1,210406,1,3,2,2,1,1,3,1,4,2,2,2,2,2,2,2,2,2,2,2,3,2,2,2,2,2,2,2,2,2,2,0,0,0
2008,21,147,1,210407,1,3,1,2,4,2,5,2,1,2,2,2,1,2,2,2,2,2,2,2,1,2,2,2,2,2,2,2,1,2,2,0,0,0
2008,21,153,1,210408,1,3,1,2,1,2,4,2,3,2,1,2,2,2,2,2,2,2,2,2,2,2,2,2,2,2,2,2,1,2,2,0,0,0
2008,21,167,1,210409,1,3,1,2,2,2,3,2,1,1,1,2,1,2,2,2,2,2,1,2,3,2,2,2,2,2,2,2,1,1,2,0,0,0
2008,21,83,1,210410,1,3,1,2,4,2,5,2,1,1,1,2,1,2,2,2,2,2,2,2,2,2,2,2,2,2,2,2,1,1,2,0,0,0
2008,21,73,1,210411,1,3,2,2,4,2,6,2,2,1,1,2,2,2,2,2,2,2,2,2,3,2,2,2,2,1,2,2,2,1,2,0,0,0
2008,21,11,1,210412,1,3,1,2,4,2,5,2,1,2,2,2,1,2,2,2,2,2,1,2,2,2,2,2,2,1,2,2,1,2,2,0,0,0
2008,21,195,1,210413,1,3,1,2,4,2,5,2,1,2,2,2,1,2,2,2,2,2,2,2,3,2,2,2,2,2,2,2,1,2,2,0,0,0
2008,21,47,1,210414,1,3,1,2,4,2,6,2,1,2,2,1,1,2,2,1,2,2,2,2,3,2,2,2,2,2,2,2,1,2,2,0,0,0
2008,21,83,1,210415,1,3,1,2,4,2,5,2,1,2,2,2,1,2,2,2,2,2,1,2,1,2,2,2,2,2,2,2,1,2,2,0,0,0
2008,21,111,1,210416,1,3,2,2,1,1,3,1,4,1,2,2,2,2,2,2,2,2,2,2,2,2,2,2,2,1,2,2,2,2,2,0,0,0
2008,21,93,1,210417,1,3,1,2,4,2,6,2,1,1,1,2,1,2,2,1,2,2,1,2,3,2,2,2,2,2,1,1,1,2,2,0,0,0
2008,21,83,1,210418,1,3,1,2,4,2,5,2,1,1,1,2,1,2,1,2,2,2,2,2,2,2,2,2,2,2,2,2,1,1,2,0,0,0
2008,21,111,1,210419,1,3,2,1,3,2,1,2,1,2,1,2,1,2,2,1,2,2,2,2,1,2,2,2,2,2,1,1,1,2,2,0,0,0
2008,21,227,1,210420,1,3,2,2,1,2,5,2,1,2,1,2,1,2,2,2,1,2,2,2,2,1,1,1,1,2,2,1,2,2,2,0,0,0
2008,21,145,1,210421,1,3,2,2,1,2,4,2,2,1,1,2,2,2,1,2,2,2,2,2,3,2,2,2,2,2,2,2,2,1,2,0,0,0
2008,21,183,1,210422,1,3,1,2,1,1,5,1,4,1,1,2,2,2,2,2,2,2,2,2,3,2,2,2,2,1,2,2,2,2,2,0,0,0
2008,21,51,1,210423,1,3,1,2,1,2,5,2,2,2,1,2,2,2,2,2,2,2,2,2,1,2,2,2,2,2,2,2,2,1,2,0,0,0
2008,21,95,1,210424,1,3,1,2,1,2,3,3,5,1,1,2,3,1,2,1,2,2,2,2,2,2,2,2,2,2,2,2,2,2,2,0,0,0
2008,21,39,1,210425,1,3,1,2,4,2,3,2,1,1,1,2,1,2,2,2,2,2,1,2,2,2,2,2,2,1,2,2,1,2,2,0,0,0
2008,21,95,1,210426,1,3,1,2,1,2,5,2,3,1,2,2,2,2,1,2,2,2,2,2,2,2,2,1,1,2,2,1,1,2,2,0,0,0
2008,21,199,2,210427,1,3,1,2,1,2,6,2,4,2,2,2,2,2,2,2,2,2,2,2,3,2,2,2,2,2,2,2,1,2,2,0,0,0
2008,21,189,1,210428,1,3,1,2,4,2,4,2,1,1,1,2,1,1,2,1,2,2,1,2,2,2,2,2,2,2,2,2,1,2,2,0,0,0
2008,21,85,1,210429,1,3,1,2,1,2,3,2,1,1,1,2,1,1,2,2,1,2,2,2,2,2,2,2,2,2,2,2,1,1,2,0,0,0
2008,21,111,1,210430,1,3,2,2,1,2,6,2,4,2,1,2,2,2,1,2,2,2,2,2,3,2,2,2,2,2,2,2,2,1,2,0,0,0
2008,21,99,2,210431,1,3,1,2,1,2,5,2,3,1,1,2,2,2,2,2,2,2,2,2,2,2,2,2,2,2,2,2,1,2,1,0,0,0
2008,21,225,1,210432,1,3,1,2,1,1,3,1,3,1,1,2,2,2,2,2,2,2,2,2,2,1,1,1,1,2,1,1,2,1,2,0,0,0
2008,21,237,1,210433,1,3,1,2,2,2,5,2,3,1,1,2,2,2,2,2,2,2,2,2,3,1,1,1,1,2,2,1,1,1,2,0,0,0
2008,21,61,1,210434,1,3,1,2,2,2,4,2,1,1,1,2,1,2,2,2,2,1,2,2,2,2,2,2,2,2,2,2,1,2,2,0,0,0
2008,21,101,2,210435,1,3,1,2,1,2,3,2,3,2,1,2,2,2,2,2,2,2,2,2,2,2,2,1,1,2,2,1,1,1,2,0,0,0
2008,21,51,1,210436,1,3,1,2,4,2,5,2,1,1,1,2,1,2,2,2,2,2,1,2,3,2,2,2,2,2,2,2,1,1,2,0,0,0
2008,21,227,2,210437,1,3,1,2,4,2,5,2,1,1,1,2,1,2,2,2,2,2,2,2,2,2,2,2,2,2,2,2,1,2,2,0,0,0
2008,21,43,2,210438,1,3,1,2,1,2,5,2,4,1,2,2,2,2,1,2,2,2,2,2,3,2,2,2,2,1,2,2,1,2,2,0,0,0
2008,21,65,1,210439,1,3,1,2,1,2,5,2,4,2,2,2,3,2,2,2,2,2,1,2,3,2,2,2,2,2,1,1,2,2,2,0,0,0
2008,21,223,1,210440,1,3,1,2,2,2,4,2,1,2,2,2,1,2,2,2,2,2,1,2,1,2,2,2,2,2,2,2,1,2,2,0,0,0
2008,21,79,1,210441,1,3,1,2,1,2,3,2,4,1,1,2,3,2,1,2,2,2,2,2,3,2,2,2,2,2,1,1,1,2,2,0,0,0
2008,21,149,1,210442,1,3,1,2,1,2,5,2,3,1,1,2,2,2,1,2,2,2,2,2,3,2,2,2,2,2,2,2,1,1,2,0,0,0
2008,21,119,1,210443,1,3,1,2,1,2,3,2,2,2,1,2,2,1,2,2,2,2,2,2,2,2,2,2,2,2,2,2,2,1,2,0,0,0
2008,21,195,1,210444,1,3,1,2,1,2,5,3,4,1,1,2,2,2,2,2,2,2,1,2,3,2,2,2,2,1,2,2,2,2,2,0,0,0
2008,21,195,2,210445,1,3,1,2,1,2,3,2,3,1,1,2,2,2,2,2,2,2,2,2,3,2,2,2,2,2,2,2,1,2,2,0,0,0
2008,21,141,1,210446,1,3,2,2,1,2,4,2,1,2,1,2,1,2,2,2,1,2,2,2,2,2,2,2,2,1,2,2,2,2,2,0,0,0
2008,21,125,1,210447,1,3,1,1,2,2,1,2,1,2,1,2,1,2,1,2,2,2,2,2,2,2,2,2,2,2,2,2,1,2,1,0,0,0
2008,21,9,1,210448,1,3,1,2,4,2,5,2,1,1,1,2,1,2,2,2,2,2,1,2,3,2,2,2,2,2,2,2,1,1,2,0,0,0
2008,21,69,1,210449,1,3,1,2,1,2,5,2,3,1,1,2,2,2,1,2,2,2,2,2,2,2,2,2,2,2,1,1,1,2,2,0,0,0
2008,21,209,1,210450,1,3,1,2,1,2,3,2,3,2,2,2,2,2,2,2,2,2,2,2,3,2,2,2,2,2,1,1,1,2,2,0,0,0
2008,21,165,1,210451,1,3,1,2,1,2,5,2,5,1,2,2,2,2,1,2,2,2,2,2,3,2,2,2,2,2,2,2,2,1,2,0,0,0
2008,21,133,1,210452,1,3,1,2,1,2,3,2,5,1,2,2,2,2,2,2,2,2,2,2,3,2,2,2,2,2,2,2,1,1,2,0,0,0
2008,21,3,1,210453,1,3,1,2,4,2,5,2,1,2,2,2,1,2,2,2,2,2,1,2,2,2,2,2,2,2,2,2,1,1,2,0,0,0
2008,21,125,1,210454,1,3,1,1,1,2,1,2,2,2,2,2,2,1,2,2,2,2,2,2,3,2,2,2,2,2,2,2,2,1,2,0,0,0
2008,21,111,1,210455,1,3,2,2,4,2,6,2,1,2,2,2,1,2,1,1,2,2,2,2,1,2,2,2,2,2,2,2,1,2,2,0,0,0
2008,21,111,1,210456,1,3,2,2,4,2,6,2,1,2,2,2,1,2,1,1,2,2,2,2,1,2,2,2,2,2,2,2,1,2,2,0,0,0
2008,21,95,1,210457,1,3,2,2,4,2,6,2,1,1,1,2,1,1,2,1,2,2,1,2,2,2,2,2,2,2,2,2,1,1,2,0,0,0
2008,21,239,1,210458,1,3,1,2,4,2,5,2,1,2,1,2,1,2,1,1,2,2,2,2,1,2,2,2,2,2,2,2,1,2,2,0,0,0
2008,21,9,1,210459,1,3,1,2,4,2,5,2,1,2,1,2,1,2,2,2,2,2,1,2,1,2,2,2,2,2,2,2,1,2,2,0,0,0
2008,21,239,1,210460,1,3,1,2,1,2,4,3,4,2,1,2,2,2,2,2,2,2,2,2,3,2,2,2,2,2,2,2,1,1,2,0,0,0
2008,21,63,1,210461,1,3,1,2,4,2,4,2,1,2,1,2,1,2,2,2,2,2,2,2,2,2,2,2,2,1,2,2,1,2,2,0,0,0
2008,21,21,1,210462,1,3,2,2,1,2,3,3,4,1,1,2,3,2,2,2,2,2,2,2,3,2,2,1,1,1,2,1,2,2,2,0,0,0
2008,21,115,1,210463,1,3,1,2,1,2,5,2,1,2,2,1,1,2,2,2,1,2,2,2,3,2,2,2,2,2,2,2,2,2,2,0,0,0
2008,21,115,1,210464,1,3,1,2,4,2,5,2,1,1,2,2,1,2,2,2,2,2,2,2,2,2,2,2,2,2,2,2,1,2,2,0,0,0
2008,21,175,1,210465,1,3,1,2,1,2,5,2,1,1,2,2,1,2,2,2,1,2,2,2,3,2,2,2,2,2,2,2,2,2,2,0,0,0
2008,21,227,1,210466,1,3,2,2,1,2,3,2,5,1,1,2,2,2,2,2,2,2,1,2,2,2,2,1,1,1,2,1,2,1,2,0,0,0
2008,21,13,1,210467,1,3,1,2,2,2,5,2,1,1,1,2,1,2,2,2,2,2,1,2,2,2,2,2,2,2,2,2,1,1,2,0,0,0
2008,21,163,1,210468,1,3,1,2,1,2,4,2,5,1,1,2,3,2,2,2,2,2,2,2,1,2,2,2,2,2,2,2,1,2,2,0,0,0
2008,21,111,1,210469,1,3,2,2,1,2,3,2,1,2,2,1,1,2,2,2,1,2,2,2,3,2,2,2,2,2,2,2,2,2,2,0,0,0
2008,21,217,1,210470,1,3,1,2,4,2,5,2,1,2,2,2,1,2,1,2,2,2,2,2,1,2,2,2,2,2,2,2,1,2,2,0,0,0
2008,21,173,1,210471,1,3,1,2,4,2,5,2,1,2,2,2,1,2,2,2,2,2,2,2,2,2,2,2,2,2,1,1,1,2,2,0,0,0
2008,21,179,2,210472,1,3,1,2,2,2,3,2,1,1,2,2,1,2,2,2,2,2,2,2,2,2,2,2,2,2,2,2,1,2,1,0,0,0
2008,21,157,1,210473,1,3,1,2,4,2,6,2,1,1,2,2,1,2,2,2,2,2,1,2,1,2,2,2,2,2,2,2,1,2,2,0,0,0
2008,21,125,1,210474,1,3,2,2,1,2,4,2,5,2,2,2,2,2,2,2,2,1,2,2,2,2,2,2,2,2,2,2,2,1,2,0,0,0
2008,21,67,1,210475,1,3,2,2,1,2,3,2,1,2,2,2,1,2,2,2,1,2,2,2,2,2,2,2,2,2,2,2,2,2,2,0,0,0
2008,21,119,1,210476,1,3,1,2,4,2,5,2,1,2,2,2,1,2,2,2,2,2,2,2,2,2,2,2,2,2,2,2,1,1,2,0,0,0
2008,21,101,1,210477,1,3,1,2,1,2,4,2,1,1,1,2,1,2,1,2,2,2,2,2,3,2,2,2,2,1,2,2,1,1,2,0,0,0
2008,21,235,1,210478,1,3,1,2,4,2,5,2,1,1,1,2,1,2,2,1,2,2,2,2,2,2,2,2,2,2,2,2,1,2,2,0,0,0
2008,21,13,1,210479,1,3,1,2,4,2,6,2,1,2,2,2,1,2,2,2,2,2,2,2,2,2,2,2,2,2,2,2,1,2,2,0,0,0
2008,21,63,1,210480,1,3,1,2,4,2,6,2,1,1,1,2,1,2,2,2,2,2,2,2,3,2,2,2,2,1,2,2,1,2,1,0,0,0
2008,21,177,3,210481,1,3,1,2,4,2,6,2,1,2,2,2,1,2,2,2,2,2,1,2,1,1,1,1,1,2,2,1,1,1,2,0,0,0
2008,21,199,1,210482,1,3,1,2,4,2,5,2,1,2,2,2,1,2,2,2,2,2,2,2,3,2,2,2,2,2,2,2,1,1,2,0,0,0
2008,21,111,1,210483,1,3,2,2,1,1,6,1,4,2,1,2,2,2,1,2,2,2,2,2,3,1,1,1,1,2,2,1,2,1,2,0,0,0
2008,21,75,1,210484,1,3,1,2,4,2,4,2,1,1,2,2,1,2,1,2,2,2,2,2,3,2,2,2,2,2,2,2,1,2,2,0,0,0
2008,21,135,1,210485,1,3,1,2,4,2,6,2,1,1,1,2,1,2,2,2,2,2,2,2,3,2,2,2,2,2,2,2,1,2,2,0,0,0
2008,21,25,1,210486,1,3,1,2,4,2,5,2,1,1,1,2,1,2,2,2,2,2,1,2,2,2,2,2,2,2,2,2,1,1,2,0,0,0
2008,21,15,1,210487,1,3,1,2,4,2,5,2,1,1,1,2,1,2,2,1,2,2,1,2,2,2,2,2,2,2,2,2,1,2,2,0,0,0
2008,21,19,2,210488,1,3,1,2,4,2,4,2,1,1,1,2,1,2,2,1,2,2,2,2,2,2,2,2,2,2,2,2,1,2,2,0,0,0
2008,21,159,1,210489,1,3,1,2,4,2,5,2,1,2,2,2,1,2,1,2,2,2,2,2,1,2,2,2,2,2,2,2,1,2,2,0,0,0
2008,21,203,1,210490,1,3,1,1,1,2,1,2,5,1,2,2,2,1,2,2,2,2,2,2,3,2,2,2,2,2,2,2,1,2,2,0,0,0
2008,21,19,1,210491,1,3,2,2,2,1,6,1,1,2,1,2,1,2,2,1,2,2,2,2,2,2,2,2,2,2,2,2,2,2,2,0,0,0
2008,21,95,1,210492,1,3,1,2,4,2,5,2,1,2,1,2,1,2,2,2,2,2,1,2,3,2,2,1,1,2,2,1,1,2,2,0,0,0
2008,21,147,1,210493,1,3,1,2,1,2,5,2,5,2,2,2,2,2,2,2,2,2,2,2,3,2,2,2,2,2,2,2,1,2,2,0,0,0
2008,21,101,1,210494,1,3,1,2,1,2,3,2,1,2,2,2,1,2,2,2,1,2,2,2,2,2,2,2,2,2,2,2,2,2,2,0,0,0
2008,21,73,1,210495,1,3,1,1,4,2,1,2,1,1,2,2,1,1,2,2,2,2,2,2,2,2,2,2,2,2,2,2,1,2,2,0,0,0
2008,21,37,1,210496,1,3,2,2,4,2,5,2,1,2,2,2,1,2,2,1,2,2,2,2,1,2,2,2,2,2,2,2,1,2,2,0,0,0
2008,21,99,1,210497,1,3,1,2,2,1,5,1,1,2,1,2,1,2,2,2,2,2,1,2,1,2,2,2,2,2,2,2,2,1,2,0,0,0
2008,21,107,1,210498,1,3,1,2,1,2,5,2,1,1,1,2,1,2,2,2,2,2,1,2,3,2,2,2,2,2,2,2,1,2,2,0,0,0
2008,21,161,1,210499,1,3,1,2,1,2,5,2,1,1,1,2,1,2,2,1,2,2,1,2,1,2,2,2,2,2,2,2,1,2,2,0,0,0
2008,21,195,1,210500,1,3,1,2,1,2,4,2,4,2,1,2,2,2,2,2,2,2,2,2,3,1,1,1,1,2,2,1,1,2,2,0,0,0
2008,21,225,1,210501,1,3,1,2,4,2,6,2,1,1,1,2,1,2,1,2,2,2,2,2,2,2,2,2,2,2,2,2,1,1,2,0,0,0
2008,21,223,1,210502,1,3,1,2,4,2,4,2,1,1,2,2,1,2,2,2,2,2,1,2,1,2,2,2,2,2,2,2,1,2,2,0,0,0
2008,21,109,1,210503,1,3,1,2,4,2,5,2,1,2,2,2,1,2,2,2,2,2,1,2,3,2,2,2,2,2,2,2,1,2,2,0,0,0
2008,21,91,1,210504,1,3,1,2,2,2,6,2,1,2,2,2,1,2,2,1,2,2,1,2,3,2,2,2,2,2,2,2,1,2,2,0,0,0
2008,21,139,1,210505,1,3,1,1,1,2,1,2,3,2,2,2,2,1,2,2,2,2,2,2,1,2,2,2,2,2,2,2,2,2,2,0,0,0
2008,21,227,1,210506,1,3,1,2,4,2,6,2,1,1,1,2,1,2,1,2,2,2,2,2,3,2,2,2,2,2,2,2,1,1,2,0,0,0
2008,21,227,1,210507,1,3,2,2,1,2,4,2,2,2,1,2,2,2,1,2,2,2,2,2,3,2,2,2,2,2,1,1,2,2,2,0,0,0
2008,21,67,1,210508,1,3,2,2,2,2,6,2,1,2,2,2,2,2,2,2,2,2,2,2,1,2,2,2,2,1,1,1,1,2,2,0,0,0
2008,21,5,1,210509,1,3,2,2,1,1,3,1,4,2,2,2,2,2,1,2,2,2,2,2,2,2,2,2,2,2,2,2,2,2,2,0,0,0
2008,21,71,1,210510,1,3,1,2,1,2,5,2,5,1,1,2,2,1,2,2,2,2,2,2,2,2,2,2,2,1,2,2,1,1,2,0,0,0
2008,21,93,1,210511,1,3,1,2,1,2,5,2,3,1,1,2,2,1,2,2,2,2,1,2,2,2,2,2,2,2,2,2,1,1,2,0,0,0
2008,21,195,2,210512,1,3,1,2,1,2,5,2,3,2,1,2,2,2,2,1,2,2,2,2,3,2,2,2,2,2,2,2,1,1,2,0,0,0
2008,21,123,1,210513,1,3,1,1,2,2,1,2,2,1,1,2,1,1,2,2,2,2,2,2,2,2,2,2,2,2,2,2,1,1,2,0,0,0
2008,21,217,1,210514,1,3,1,2,1,1,3,1,4,2,1,2,2,2,2,2,2,2,2,2,3,1,1,1,1,2,2,1,2,2,2,0,0,0
2008,21,131,1,210515,1,3,1,2,4,2,4,2,1,1,1,2,1,2,2,2,2,2,2,2,1,2,2,2,2,2,1,1,1,1,2,0,0,0
2008,21,151,1,210516,1,3,1,2,1,2,4,2,2,2,2,2,2,2,2,2,2,2,1,2,2,2,2,2,2,2,1,1,2,1,2,0,0,0
2008,21,151,1,210517,1,3,1,2,4,2,6,2,1,2,2,2,1,2,1,2,2,2,2,2,1,2,2,2,2,2,2,2,1,2,2,0,0,0
2008,21,221,3,210518,1,3,1,2,4,2,5,2,1,2,2,2,1,2,2,1,2,2,2,2,1,2,2,2,2,2,1,1,1,2,2,0,0,0
2008,21,155,1,210519,1,3,1,2,4,2,5,2,1,2,2,2,1,2,2,2,2,2,2,2,1,2,2,2,2,2,2,2,1,2,2,0,0,0
2008,21,39,1,210520,1,3,1,2,1,2,5,2,1,1,2,2,1,2,1,2,2,2,2,2,2,2,2,2,2,2,2,2,2,2,2,0,0,0
2008,21,27,1,210521,1,3,1,2,4,2,5,2,1,2,2,2,1,2,2,1,2,2,1,2,1,2,2,2,2,2,2,2,1,2,2,0,0,0
2008,21,111,1,210522,1,3,2,1,4,2,1,2,1,2,1,2,1,2,2,1,2,2,1,2,3,2,2,2,2,2,1,1,1,2,2,0,0,0
2008,21,117,1,210523,1,3,2,2,1,1,3,1,4,1,1,2,2,1,2,2,2,2,2,2,3,2,2,2,2,2,2,2,2,2,2,0,0,0
2008,21,55,1,210524,1,3,1,2,4,2,5,2,1,1,1,2,1,2,2,2,2,2,1,2,3,2,2,2,2,2,2,2,1,2,2,0,0,0
2008,21,19,2,210525,1,3,2,2,1,1,3,1,4,1,1,2,2,2,2,2,2,2,2,2,3,2,2,2,2,1,2,2,2,2,2,0,0,0
2008,21,21,1,210526,1,3,1,2,1,2,6,2,2,1,1,2,2,2,2,1,2,2,2,2,3,2,2,2,2,2,2,2,2,2,2,0,0,0
2008,21,43,1,210527,1,3,1,2,1,2,6,2,1,1,1,2,1,2,2,2,2,2,1,2,2,2,2,2,2,2,2,2,2,2,2,0,0,0
2008,21,231,1,210528,1,3,1,2,4,2,6,2,1,1,1,2,1,2,2,2,2,2,2,2,3,2,2,2,2,1,2,2,1,1,2,0,0,0
2008,21,67,1,210529,1,3,2,1,1,2,1,3,2,2,1,2,2,1,2,2,2,2,2,2,3,2,2,2,2,2,2,2,2,2,1,0,0,0
2008,21,111,1,210530,1,3,2,2,1,2,3,2,1,1,1,2,1,2,2,2,2,1,2,2,2,2,2,2,2,1,2,2,2,1,2,0,0,0
2008,21,35,1,210531,1,3,2,2,1,2,3,2,3,1,1,2,2,2,2,2,2,2,2,2,2,2,2,2,2,2,2,2,1,2,2,0,0,0
2008,21,137,1,210532,1,3,1,2,4,2,5,2,1,2,2,2,1,2,2,1,2,2,1,2,2,2,2,2,2,2,2,2,1,2,2,0,0,0
2008,21,173,1,210533,1,3,1,1,2,2,1,2,1,2,2,2,1,2,2,2,2,2,2,2,2,2,2,2,2,2,1,1,1,2,2,0,0,0
2008,21,131,1,210534,1,3,1,2,4,2,6,2,1,1,1,2,1,2,2,2,2,2,2,2,2,2,2,2,2,2,2,2,1,1,2,0,0,0
2008,21,29,1,210535,1,3,2,2,4,2,5,2,1,1,1,2,1,2,2,2,2,2,2,2,3,2,2,2,2,1,2,2,1,1,2,0,0,0
2008,21,89,1,210536,1,3,1,2,1,1,3,1,4,2,1,2,2,2,1,2,2,2,2,2,3,2,2,2,2,2,2,2,2,2,2,0,0,0
2008,21,239,1,210537,1,3,1,2,4,2,5,2,1,2,2,2,1,2,2,2,2,2,2,2,2,2,2,2,2,2,2,2,1,1,2,0,0,0
2008,21,179,1,210538,1,3,2,2,1,2,3,2,1,2,2,2,1,2,2,2,1,2,2,2,2,2,2,2,2,2,2,2,2,2,2,0,0,0
2008,21,79,1,210539,1,3,1,2,4,2,5,2,1,1,1,2,1,2,2,2,2,2,2,2,2,2,2,2,2,2,2,2,1,1,2,0,0,0
2008,21,71,1,210540,1,3,2,2,1,2,2,2,3,2,2,1,2,2,2,2,2,2,2,2,1,2,2,2,2,2,2,2,2,2,2,0,0,0
2008,21,67,1,210541,1,3,2,1,4,2,1,3,1,2,2,2,1,2,2,1,2,2,1,2,1,2,2,2,2,2,2,2,1,2,2,0,0,0
2008,21,77,1,210542,1,3,1,2,4,2,5,2,1,2,2,2,1,2,2,2,2,2,1,2,1,2,2,2,2,2,2,2,1,2,2,0,0,0
2008,21,61,1,210543,1,3,1,1,1,2,1,2,2,2,1,2,2,1,2,2,2,2,2,2,3,2,2,2,2,2,2,2,2,1,2,0,0,0
2008,21,111,1,210544,1,3,2,2,1,1,3,1,3,2,1,2,2,2,1,1,2,2,2,2,1,2,2,2,2,2,1,1,2,1,2,0,0,0
2008,21,7,1,210545,1,3,1,2,4,2,3,2,1,1,2,2,1,2,2,2,2,2,1,2,1,2,2,2,2,2,2,2,1,1,2,0,0,0
2008,21,145,1,210546,1,3,1,2,4,2,6,2,1,1,1,2,1,2,2,1,2,2,2,2,3,2,2,2,2,2,2,2,1,2,2,0,0,0
2008,21,67,1,210547,1,3,2,2,1,1,3,1,1,1,1,2,1,2,2,2,1,2,2,2,2,2,2,2,2,2,2,2,2,2,2,0,0,0
2008,21,15,1,210548,1,3,2,2,4,2,4,2,1,2,2,2,1,2,1,2,2,2,2,2,2,2,2,2,2,2,2,2,1,2,2,0,0,0
2008,21,111,1,210549,1,3,2,2,2,2,3,2,1,2,2,2,1,2,1,1,2,2,2,2,1,2,2,2,2,2,1,1,1,2,2,0,0,0
2008,21,123,1,210550,1,3,1,2,4,2,4,2,1,1,2,2,1,2,2,1,2,2,1,2,3,1,1,1,1,2,2,1,1,2,2,0,0,0
2008,21,203,1,210551,1,3,2,2,1,2,6,2,1,2,2,2,1,2,2,2,1,2,2,2,2,2,2,2,2,2,1,1,2,2,2,0,0,0
2008,21,111,1,210552,1,3,2,2,1,2,4,2,1,2,2,1,1,2,2,2,1,2,2,2,3,2,2,2,2,2,2,2,2,2,2,0,0,0
2008,21,23,1,210553,1,3,1,2,1,2,5,2,1,2,2,2,1,2,1,2,2,2,2,2,2,2,2,2,2,2,2,2,2,2,2,0,0,0
2008,21,71,1,210554,1,3,1,2,4,2,5,2,1,1,1,2,1,2,2,2,2,2,1,2,2,2,2,2,2,2,2,2,1,2,2,0,0,0
2008,21,199,1,210555,1,3,1,2,1,1,3,1,4,2,1,2,2,2,2,2,2,2,2,2,2,2,2,2,2,2,2,2,2,1,2,0,0,0
2008,21,221,1,210556,1,3,1,2,1,1,3,1,4,1,1,2,2,1,2,2,2,2,2,2,2,2,2,2,2,1,2,2,2,1,2,0,0,0
2008,21,71,1,210557,1,3,1,2,2,2,6,2,1,2,1,2,1,2,2,2,2,2,1,2,1,2,2,2,2,2,2,2,1,2,2,0,0,0
2008,21,53,4,210558,1,3,1,2,1,2,3,2,4,2,1,2,2,2,2,1,2,2,2,2,2,2,2,2,2,2,2,2,1,2,2,0,0,0
2008,21,111,1,210559,1,3,2,2,1,2,3,2,1,1,1,2,1,2,2,2,1,2,2,2,2,2,2,2,2,2,2,2,2,2,2,0,0,0
2008,21,179,1,210560,1,3,1,2,4,2,6,2,1,2,2,2,1,2,2,2,2,2,2,2,2,2,2,2,2,1,2,2,1,1,2,0,0,0
2008,21,123,1,210561,1,3,1,2,4,2,3,2,1,1,1,2,1,2,2,1,2,2,2,2,1,2,2,2,2,2,2,2,1,2,2,0,0,0
2008,21,23,1,210562,1,3,1,2,1,2,3,2,4,1,1,2,3,1,2,2,2,2,2,2,3,2,2,2,2,2,2,2,1,2,2,0,0,0
2008,21,1,1,210563,1,3,1,2,4,2,6,2,1,1,1,2,1,2,2,2,2,2,1,2,3,2,2,2,2,2,2,2,1,1,2,0,0,0
2008,21,93,1,210564,1,3,1,2,4,2,5,2,1,2,1,2,1,2,2,1,2,2,2,2,2,2,2,2,2,2,2,2,1,2,2,0,0,0
2008,21,227,1,210565,1,3,1,2,3,2,3,2,1,2,1,2,1,2,2,2,2,2,2,2,3,2,2,2,2,2,1,1,1,2,1,0,0,0
2008,21,119,1,210566,1,3,1,2,2,2,5,2,1,1,2,2,1,2,1,1,2,2,2,2,3,2,2,2,2,2,2,2,1,1,2,0,0,0
2008,21,137,1,210567,1,3,1,2,1,2,3,2,4,2,2,2,2,2,2,2,2,2,1,2,3,1,1,1,1,2,1,1,1,2,2,0,0,0
2008,21,127,1,210568,1,3,1,2,1,1,3,1,4,1,1,2,2,1,2,2,2,2,2,2,3,2,2,2,2,2,2,2,2,2,2,0,0,0
2008,21,89,1,210569,1,3,2,2,1,1,3,1,4,1,1,2,2,2,2,2,2,2,2,2,3,2,2,2,2,1,2,2,2,2,2,0,0,0
2008,21,65,1,210570,1,3,1,2,4,2,5,2,1,1,1,2,1,2,2,2,2,2,1,2,2,2,2,2,2,2,2,2,1,1,2,0,0,0
2008,21,239,1,210571,1,3,1,2,4,2,6,2,1,1,1,2,1,2,2,2,2,2,2,2,2,2,2,2,2,2,2,2,1,1,2,0,0,0
2008,21,15,1,210572,1,3,2,1,4,2,1,2,1,1,1,2,1,2,2,1,2,2,1,2,2,2,2,2,2,2,1,1,1,2,2,0,0,0
2008,21,173,1,210573,1,3,2,2,1,2,4,2,1,1,1,2,1,2,1,2,2,2,2,2,3,2,2,2,2,2,2,2,2,1,2,0,0,0
2008,21,205,1,210574,1,3,1,2,2,2,5,2,1,1,1,2,1,2,1,1,2,2,2,2,2,2,2,2,2,2,1,1,1,2,2,0,0,0
2008,21,19,1,210575,1,3,2,2,4,1,6,1,1,1,2,2,1,2,2,2,2,2,2,2,3,2,2,2,2,1,2,2,2,1,2,0,0,0
2008,21,49,2,210576,1,3,1,2,1,2,5,2,4,1,1,2,2,2,2,2,2,2,2,2,3,2,2,2,2,2,2,2,1,2,2,0,0,0
2008,21,191,1,210577,1,3,1,2,4,2,5,2,1,2,2,2,1,2,2,1,2,2,1,2,2,1,1,1,1,2,2,1,1,2,2,0,0,0
2008,21,227,1,210578,1,3,1,2,4,2,6,2,1,2,2,2,1,2,2,2,2,2,1,2,1,2,2,2,2,2,2,2,1,2,2,0,0,0
2008,21,239,1,210579,1,3,1,2,4,2,6,2,1,1,2,2,1,2,2,2,2,2,2,2,1,2,2,2,2,2,2,2,1,2,2,0,0,0
2008,21,61,1,210580,1,3,1,2,4,2,4,2,1,1,1,2,1,1,2,2,2,2,1,2,1,2,2,2,2,2,2,2,1,2,2,0,0,0
2008,21,183,1,210581,1,3,1,2,4,2,5,2,1,2,2,2,1,2,2,2,2,2,1,2,1,2,2,2,2,2,2,2,1,2,2,0,0,0
2008,21,145,1,210582,1,3,1,2,4,2,6,2,1,1,1,2,1,2,1,2,2,2,2,2,3,2,2,2,2,2,2,2,1,1,2,0,0,0
2008,21,125,1,210583,1,3,1,2,4,2,5,2,1,1,1,2,1,2,2,2,2,2,2,2,2,2,2,2,2,2,2,2,1,2,2,0,0,0
2008,21,177,1,210584,1,3,1,2,1,2,3,2,3,1,1,2,3,2,2,2,2,2,2,2,1,2,2,2,2,2,1,1,1,2,2,0,0,0
2008,21,17,1,210585,1,3,2,2,1,1,3,1,4,2,1,2,2,1,2,2,2,2,2,2,2,2,2,2,2,2,2,2,2,2,2,0,0,0
2008,21,29,1,210586,1,3,1,2,4,2,6,2,1,2,1,2,1,2,1,1,2,2,2,2,1,2,2,2,2,2,2,2,1,1,2,0,0,0
2008,21,15,1,210587,1,3,2,2,1,2,3,2,1,2,1,2,1,2,2,2,1,2,2,2,3,2,2,2,2,2,2,2,2,2,2,0,0,0
2008,21,203,1,210588,1,3,1,1,4,2,1,2,1,1,1,2,1,2,2,2,2,2,1,2,2,2,2,2,2,2,2,2,1,1,2,0,0,0
2008,21,67,1,210589,1,3,2,2,1,2,5,3,4,2,1,2,2,2,1,1,2,2,2,2,1,2,2,2,2,2,2,2,2,2,2,0,0,0
2008,21,51,1,210590,1,3,1,2,4,2,4,2,1,2,2,2,1,2,2,2,2,2,2,2,1,2,2,2,2,2,2,2,1,2,2,0,0,0
2008,21,227,1,210591,1,3,2,2,1,1,3,1,2,1,1,2,2,2,1,2,2,2,2,2,1,2,2,2,2,2,2,2,2,2,2,0,0,0
2008,21,111,1,210592,1,3,2,1,1,2,1,3,4,1,1,2,3,1,2,1,2,2,2,2,3,2,2,2,2,2,2,2,2,2,2,0,0,0
2008,21,25,1,210593,1,3,1,2,1,2,5,2,3,2,2,2,2,1,2,2,2,2,2,2,2,1,1,1,1,2,2,1,1,2,2,0,0,0
2008,21,109,1,210594,1,3,1,2,4,2,5,2,1,2,1,2,1,2,2,2,2,2,1,2,2,2,2,2,2,2,2,2,1,2,2,0,0,0
2008,21,213,1,210595,1,3,1,2,1,2,6,2,1,1,1,2,1,2,2,2,2,1,2,2,3,2,2,2,2,2,2,2,2,1,2,0,0,0
2008,21,81,1,210596,1,3,1,2,4,2,6,2,1,1,1,2,1,2,2,1,2,2,2,2,1,2,2,2,2,2,2,2,1,2,2,0,0,0
2008,21,117,1,210597,1,3,2,2,1,2,4,2,3,1,1,2,2,2,1,2,2,2,2,2,3,2,2,2,2,2,2,2,1,2,2,0,0,0
2008,21,5,1,210598,1,3,2,2,4,2,5,2,1,2,1,2,1,2,2,2,2,2,2,2,2,2,2,2,2,2,2,2,1,2,2,0,0,0
2008,21,121,1,210599,1,3,1,2,1,2,3,3,4,1,1,2,2,2,2,2,2,2,1,2,3,2,2,2,2,2,2,2,2,2,2,0,0,0
2008,21,71,1,210600,1,3,1,2,1,1,4,1,4,1,2,2,2,2,2,2,2,2,2,2,3,2,2,2,2,1,2,2,2,2,2,0,0,0
2008,21,183,1,210601,1,3,1,2,4,2,5,2,1,1,2,2,1,2,1,2,2,2,2,2,2,1,1,1,1,2,2,1,1,2,2,0,0,0
2008,21,195,1,210602,1,3,1,2,4,2,6,2,1,2,2,2,1,2,2,2,2,2,2,2,1,2,2,2,2,2,2,2,1,2,2,0,0,0
2008,21,149,1,210603,1,3,1,2,4,2,5,2,1,2,2,2,1,2,2,2,2,2,1,2,1,2,2,2,2,2,2,2,2,2,2,0,0,0
2008,21,93,1,210604,1,3,1,2,1,2,3,3,4,1,2,2,2,2,2,2,2,2,2,2,3,2,2,2,2,2,2,2,2,2,2,0,0,0
2008,21,135,1,210605,1,3,1,2,1,1,3,1,4,1,2,2,2,1,2,2,2,2,1,2,2,2,2,2,2,2,2,2,2,1,2,0,0,0
2008,21,103,1,210606,1,3,1,2,4,2,6,2,1,2,2,2,1,2,2,2,2,2,1,2,1,2,2,2,2,2,2,2,1,2,2,0,0,0
2008,21,239,1,210607,1,3,1,2,2,2,5,2,1,2,2,2,1,2,2,2,2,2,1,2,1,2,2,2,2,2,2,2,1,2,2,0,0,0
2008,21,123,1,210608,1,3,1,2,4,2,6,2,1,1,2,2,1,2,2,2,2,2,1,2,1,2,2,2,2,2,1,1,1,1,2,0,0,0
2008,21,133,1,210609,1,3,1,2,1,2,5,2,3,1,2,2,2,2,2,2,2,2,1,2,2,2,2,2,2,2,2,2,1,2,2,0,0,0
2008,21,111,1,210610,1,3,2,2,4,2,6,2,1,2,2,2,1,2,1,2,2,2,2,2,1,2,2,2,2,2,2,2,1,2,2,0,0,0
2008,21,113,1,210611,1,3,1,2,1,2,4,2,3,2,2,2,2,2,2,2,2,2,2,2,2,2,2,1,1,2,1,1,1,2,2,0,0,0
2008,21,111,1,210612,1,3,2,2,4,2,6,2,1,1,2,2,1,2,2,2,2,2,2,2,3,2,2,2,2,2,2,2,1,1,2,0,0,0
2008,21,111,1,210613,1,3,2,2,1,2,3,2,1,2,1,2,1,2,2,2,1,2,2,2,3,2,2,2,2,2,1,1,2,2,2,0,0,0
2008,21,41,1,210614,1,3,1,1,2,2,1,2,1,2,1,2,1,1,2,2,2,2,1,2,2,2,2,2,2,2,2,2,1,1,2,0,0,0
2008,21,235,1,210615,1,3,2,2,1,1,4,1,4,1,2,2,2,2,2,2,2,2,2,2,3,2,2,2,2,1,2,2,2,2,2,0,0,0
2008,21,81,1,210616,1,3,1,1,1,2,1,2,4,1,1,2,3,1,2,2,2,2,1,2,3,2,2,2,2,2,2,2,2,2,2,0,0,0
2008,21,71,1,210617,1,3,1,2,1,1,3,1,4,1,1,2,3,1,2,2,2,2,1,2,3,2,2,2,2,1,2,2,2,1,2,0,0,0
2008,21,49,1,210618,1,3,1,1,1,2,1,2,1,2,1,2,2,1,2,2,2,2,1,2,3,2,2,2,2,2,2,2,1,2,2,0,0,0
2008,21,31,2,210619,1,3,1,2,2,2,6,2,1,2,1,2,1,2,2,1,2,2,1,2,3,2,2,2,2,2,1,1,1,2,2,0,0,0
2008,21,29,1,210620,1,3,1,2,4,2,6,2,1,2,2,2,1,2,2,2,2,2,2,2,2,1,1,1,1,2,2,1,1,1,2,0,0,0
2008,21,207,1,210621,1,3,1,2,4,2,6,2,1,1,1,2,1,2,2,2,2,2,2,2,3,1,1,1,1,2,2,1,1,2,2,0,0,0
2008,21,29,1,210622,1,3,2,2,1,2,3,2,3,1,1,2,2,2,2,2,2,2,2,2,3,1,1,1,1,2,2,1,1,2,2,0,0,0
2008,21,101,1,210623,1,3,1,2,1,1,5,1,4,1,1,2,2,2,2,2,2,2,2,2,3,2,2,2,2,2,2,2,2,1,2,0,0,0
2008,21,85,1,210624,1,3,1,2,4,2,5,2,1,1,1,2,1,2,2,1,2,2,1,2,2,2,2,2,2,2,2,2,1,2,2,0,0,0
2008,21,221,1,210625,1,3,1,2,1,1,6,1,4,2,2,2,2,2,2,2,2,2,2,2,1,1,1,1,1,2,2,1,2,1,2,0,0,0
2008,21,145,2,210626,1,3,2,2,1,2,4,2,3,2,2,2,2,2,2,2,2,2,2,2,1,2,2,2,2,2,1,1,1,2,2,0,0,0
2008,21,111,1,210627,1,3,2,2,1,2,3,2,3,2,2,2,3,2,2,2,2,2,2,2,3,2,2,2,2,2,2,2,1,2,2,0,0,0
2008,21,51,1,210628,1,3,1,2,2,2,4,2,1,2,2,2,1,2,2,1,2,2,1,2,3,2,2,2,2,2,2,2,1,2,2,0,0,0
2008,21,157,1,210629,1,3,1,1,1,2,1,2,1,2,2,2,1,2,2,2,2,2,1,2,2,1,1,1,1,2,2,1,2,2,2,0,0,0
2008,21,61,1,210630,1,3,1,2,2,2,5,2,1,1,2,2,1,2,2,2,2,2,1,2,3,2,2,2,2,2,2,2,1,1,2,0,0,0
2008,21,203,2,210631,1,3,1,1,4,2,1,2,1,1,2,2,2,1,2,2,2,2,1,2,2,2,2,1,1,2,2,1,1,2,2,0,0,0
2008,21,133,1,210632,1,3,1,2,4,2,5,2,1,2,2,2,1,2,2,2,2,2,1,2,2,2,2,2,2,2,2,2,1,2,2,0,0,0
2008,21,223,1,210633,1,3,1,2,1,2,6,3,4,1,1,2,2,2,2,2,2,2,1,2,1,2,2,2,2,2,2,2,2,2,2,0,0,0
2008,21,143,1,210634,1,3,1,2,4,2,5,2,1,2,1,2,1,2,2,1,2,2,1,2,3,2,2,2,2,2,2,2,1,2,2,0,0,0
2008,21,111,1,210635,1,3,2,2,1,2,6,3,4,1,1,2,2,2,2,2,2,2,2,2,3,2,2,2,2,1,2,2,2,1,2,0,0,0
2008,21,227,1,210636,1,3,1,2,4,2,3,2,1,2,1,2,1,1,2,1,2,2,1,2,2,2,2,2,2,1,2,2,1,2,2,0,0,0
2008,21,179,2,210637,1,3,1,2,4,2,4,2,1,1,1,2,1,2,2,2,2,2,1,2,3,2,2,2,2,1,2,2,1,1,2,0,0,0
2008,21,175,2,210638,1,3,1,2,1,2,4,2,5,1,1,2,3,2,2,1,2,2,2,2,2,1,1,1,1,1,2,1,1,2,2,0,0,0
2008,21,95,1,210639,1,3,1,2,1,2,3,2,1,2,1,2,1,1,2,2,1,2,2,2,2,2,2,2,2,2,2,2,2,2,2,0,0,0
2008,21,111,1,210640,1,3,2,2,1,2,3,2,1,2,1,2,1,2,2,2,1,2,2,2,3,2,2,2,2,2,2,2,2,2,2,0,0,0
2008,21,151,1,210641,1,3,2,2,4,2,3,2,1,2,1,2,1,2,2,1,2,2,2,2,1,2,2,2,2,2,2,2,1,2,2,0,0,0
2008,21,195,1,210642,1,3,1,2,1,2,5,2,3,2,1,2,2,2,2,2,2,2,2,2,3,2,2,2,2,2,2,2,1,2,2,0,0,0
2008,21,93,1,210643,1,3,2,2,1,1,3,1,4,1,1,2,3,2,2,2,2,2,2,2,3,2,2,2,2,1,1,1,2,2,2,0,0,0
2008,21,195,1,210644,1,3,1,2,4,2,5,2,1,1,1,2,1,2,1,2,2,2,2,2,3,2,2,2,2,2,2,2,1,1,2,0,0,0
2008,21,27,1,210645,1,3,1,2,1,2,3,2,4,1,1,2,2,1,2,2,2,2,2,2,3,2,2,2,2,1,2,2,2,1,2,0,0,0
2008,21,71,1,210646,1,3,1,2,1,2,3,3,4,1,1,2,3,2,2,2,2,2,2,2,2,2,2,2,2,2,2,2,2,1,2,0,0,0
2008,21,133,1,210647,1,3,1,2,2,1,3,1,1,2,2,2,1,2,2,2,2,2,2,2,3,2,2,2,2,1,2,2,2,1,2,0,0,0
2008,21,175,1,210648,1,3,1,2,4,2,5,2,1,1,1,2,1,2,2,2,2,2,1,2,2,2,2,2,2,2,2,2,1,2,2,0,0,0
2008,21,193,1,210649,1,3,1,2,4,2,5,2,1,1,1,2,1,2,2,2,2,2,2,2,2,2,2,2,2,2,2,2,1,1,2,0,0,0
2008,21,137,1,210650,1,3,1,2,4,2,6,2,1,2,2,2,1,2,2,2,2,2,2,2,1,2,2,2,2,2,1,1,1,2,2,0,0,0
2008,21,111,2,210651,1,3,2,2,4,2,6,2,1,2,1,2,1,2,2,2,2,2,2,2,2,1,1,1,1,2,2,1,1,1,2,0,0,0
2008,21,125,1,210652,1,3,1,2,4,2,5,2,1,2,1,2,1,2,2,2,2,2,1,2,1,2,2,2,2,2,2,2,1,2,2,0,0,0
2008,21,125,1,210653,1,3,1,2,4,2,4,2,1,2,1,2,1,2,2,1,2,2,1,1,2,2,2,2,2,2,2,2,1,2,2,0,0,0
2008,21,195,1,210654,1,3,1,2,1,2,3,2,4,1,2,2,2,2,2,2,2,2,1,2,3,2,2,1,1,2,2,1,2,1,2,0,0,0
2008,21,67,1,210655,1,3,2,2,2,2,6,2,1,2,2,2,1,2,2,1,2,2,2,2,1,2,2,2,2,2,1,1,1,1,2,0,0,0
2008,21,183,1,210656,1,3,1,2,1,2,5,2,1,2,1,1,1,2,2,2,1,2,2,2,3,2,2,2,2,2,2,2,2,2,2,0,0,0
2008,21,111,1,210657,1,3,2,2,1,1,3,1,1,1,1,2,1,2,2,2,1,2,2,2,3,2,2,2,2,2,2,2,2,2,2,0,0,0
2008,21,25,1,210658,1,3,1,2,2,2,5,2,1,1,1,2,1,2,2,1,2,2,2,2,3,2,2,2,2,1,2,2,1,2,2,0,0,0
2008,21,7,2,210659,1,3,1,2,4,2,3,2,1,1,1,2,1,2,2,1,2,2,1,2,2,1,1,1,1,2,2,1,1,2,2,0,0,0
2008,21,97,1,210660,1,3,1,2,4,2,5,2,1,1,1,2,1,2,2,2,2,2,2,2,3,1,1,1,1,2,2,1,1,2,2,0,0,0
2008,21,67,1,210661,1,3,1,1,1,2,1,2,4,2,1,2,3,2,2,2,2,2,2,2,3,1,1,1,1,1,2,1,2,1,2,0,0,0
2008,21,111,1,210662,1,3,2,2,1,2,3,2,1,2,1,1,1,2,2,2,1,2,2,2,3,2,2,2,2,2,2,2,2,1,2,0,0,0
2008,21,111,1,210663,1,3,2,2,4,2,5,2,1,2,2,2,1,2,2,2,2,2,2,2,3,1,1,1,1,2,2,1,1,1,2,0,0,0
2008,21,227,1,210664,1,3,1,2,4,2,5,2,1,2,1,2,1,2,2,1,2,2,2,2,1,2,2,2,2,2,2,2,1,2,2,0,0,0
2008,21,195,1,210665,1,3,1,2,4,2,5,2,1,1,1,2,1,1,2,2,2,2,2,2,2,2,2,2,2,2,2,2,1,2,2,0,0,0
2008,21,111,1,210666,1,3,2,2,2,2,3,2,1,1,1,2,1,2,2,2,2,2,2,2,1,2,2,2,2,2,2,2,1,1,2,0,0,0
2008,21,195,1,210667,1,3,1,2,1,1,3,1,4,1,1,2,2,1,2,2,2,2,2,2,3,2,2,2,2,1,2,2,2,1,2,0,0,0
2008,21,111,1,210668,1,3,2,1,4,2,1,2,1,2,1,2,1,2,2,1,2,2,2,2,3,2,2,2,2,2,2,2,1,2,2,0,0,0
2008,21,95,1,210669,1,3,1,2,1,2,3,2,1,2,1,2,1,2,2,2,1,2,2,2,1,2,2,2,2,2,1,1,2,2,2,0,0,0
2008,21,113,1,210670,1,3,1,2,4,2,4,2,1,2,1,2,1,2,2,1,2,2,1,2,3,2,2,2,2,2,1,1,1,2,2,0,0,0
2008,21,67,1,210671,1,3,2,2,1,1,6,1,4,1,1,2,2,2,1,2,2,2,2,2,2,1,1,1,1,2,2,1,2,2,2,0,0,0
2008,21,235,1,210672,1,3,1,1,1,2,1,2,1,2,1,2,1,2,2,2,1,2,2,2,3,2,2,2,2,2,2,2,2,2,2,0,0,0
2008,21,195,1,210673,1,3,1,2,1,2,5,2,3,1,1,2,2,2,2,2,2,2,2,2,2,2,2,2,2,2,2,2,1,2,2,0,0,0
2008,21,211,1,210674,1,3,1,2,1,2,4,2,3,2,2,2,2,2,2,2,2,2,2,2,2,2,2,2,2,2,2,2,1,2,2,0,0,0
2008,21,93,1,210675,1,3,1,2,4,2,5,2,1,2,2,2,1,2,2,2,2,2,1,2,3,2,2,2,2,1,2,2,1,2,2,0,0,0
2008,21,67,1,210676,1,3,2,2,4,2,3,2,1,2,2,2,1,2,2,1,2,2,2,2,2,1,1,1,1,2,2,1,1,2,2,0,0,0
2008,21,111,1,210677,1,3,2,2,1,2,3,2,1,1,2,2,2,2,2,2,1,2,2,2,3,2,2,2,2,2,2,2,2,2,2,0,0,0
2008,21,209,1,210678,1,3,1,2,4,2,5,2,1,2,2,2,1,2,2,2,2,2,2,2,1,2,2,2,2,2,2,2,1,2,2,0,0,0
2008,21,21,1,210679,1,3,1,2,4,2,4,2,1,2,2,2,1,2,2,2,2,2,1,2,2,2,2,2,2,2,2,2,1,1,2,0,0,0
2008,21,145,1,210680,1,3,1,2,4,2,5,2,1,2,1,2,1,2,2,2,2,2,2,2,1,2,2,2,2,2,2,2,1,2,2,0,0,0
2008,21,29,1,210681,1,3,1,2,1,2,5,2,3,2,2,2,2,2,2,2,2,2,2,2,3,2,2,2,2,2,2,2,1,2,2,0,0,0
2008,21,47,1,210682,1,3,1,2,1,2,5,2,2,1,1,2,2,2,2,2,2,2,2,2,3,1,1,1,1,2,2,1,2,2,2,0,0,0
2008,21,37,1,210683,1,3,2,2,1,1,3,1,3,1,1,2,2,2,2,2,2,2,2,2,3,2,2,2,2,1,2,2,2,2,2,0,0,0
2008,21,9,1,210684,1,3,2,2,1,1,4,1,4,1,1,2,2,1,2,2,2,2,2,2,3,2,2,2,2,2,2,2,2,1,2,0,0,0
2008,21,239,2,210685,1,3,1,2,2,2,5,2,1,2,1,2,1,2,2,1,2,2,2,2,3,2,2,1,1,2,2,1,1,2,2,0,0,0
2008,21,141,1,210686,1,3,2,2,1,1,3,1,4,1,1,2,2,2,2,1,2,2,1,2,3,2,2,2,2,2,2,2,2,1,2,0,0,0
2008,21,151,1,210687,1,3,2,2,1,2,4,2,3,2,1,2,2,2,2,1,2,2,2,2,1,2,2,2,2,1,2,2,1,2,2,0,0,0
2008,21,111,1,210688,1,3,2,1,1,2,1,2,4,1,1,2,2,2,2,2,2,2,1,2,1,2,2,2,2,2,2,2,2,2,2,0,0,0
2008,21,239,1,210689,1,3,1,1,1,2,1,2,4,1,1,2,2,2,2,2,2,2,1,2,3,2,2,2,2,2,2,2,1,2,2,0,0,0
2008,21,113,1,210690,1,3,1,2,1,2,3,2,2,2,2,2,3,2,2,2,2,2,2,2,1,1,1,1,1,2,2,1,2,1,2,0,0,0
2008,21,77,1,210691,1,3,1,1,1,2,1,2,4,1,2,2,2,2,2,1,2,2,2,2,3,2,2,2,2,2,2,2,1,2,2,0,0,0
2008,21,135,1,210692,1,3,1,2,4,2,3,2,1,1,2,2,1,2,2,2,2,2,1,2,2,2,2,2,2,2,2,2,1,2,2,0,0,0
2008,21,13,4,210693,1,3,1,2,2,2,3,2,1,1,2,2,2,1,2,1,2,2,2,2,2,1,1,1,1,2,2,1,1,2,2,0,0,0
2008,21,195,3,210694,1,3,1,2,1,2,3,2,3,2,1,2,3,2,2,2,2,2,1,2,3,2,2,2,2,2,2,2,1,2,2,0,0,0
2008,21,3,1,210695,1,3,1,2,4,2,5,2,1,2,1,2,1,2,2,2,2,2,2,2,3,2,2,2,2,2,2,2,1,1,2,0,0,0
2008,21,119,1,210696,1,3,1,2,4,2,5,2,1,1,1,2,1,2,2,1,2,2,2,2,3,2,2,2,2,2,2,2,1,2,2,0,0,0
2008,21,181,2,210697,1,3,1,2,1,2,5,2,4,1,1,2,2,2,2,2,2,2,2,2,2,2,2,2,2,2,1,1,1,2,2,0,0,0
2008,21,163,1,210698,1,3,1,2,1,2,6,2,4,1,1,2,2,2,2,1,2,2,2,2,3,1,1,1,1,2,1,1,1,1,2,0,0,0
2008,21,111,2,210699,1,3,1,2,1,2,4,2,3,1,1,2,2,2,2,2,2,2,2,2,3,2,2,2,2,1,2,2,1,2,1,0,0,0
2008,21,95,2,210700,1,3,1,2,4,2,5,2,1,2,1,2,1,2,2,1,2,2,1,2,2,2,2,2,2,2,2,2,1,2,2,0,0,0
2008,21,217,1,210701,1,3,1,2,1,2,3,2,3,2,2,2,2,2,2,2,2,2,2,2,1,2,2,2,2,2,2,2,1,2,2,0,0,0
2008,21,99,2,210702,1,3,1,1,4,2,1,2,1,1,2,2,1,2,2,2,2,2,1,2,2,2,2,2,2,2,2,2,1,2,1,0,0,0
2008,21,37,1,210703,1,3,2,1,1,2,1,2,4,1,2,2,2,2,2,1,2,2,2,2,3,2,2,2,2,2,2,2,1,2,2,0,0,0
2008,21,83,1,210704,1,3,1,2,1,2,5,2,4,1,1,2,2,2,2,1,2,2,2,2,3,2,2,2,2,2,2,2,1,2,2,0,0,0
2008,21,111,1,210705,1,3,2,2,1,2,4,2,1,1,1,2,1,2,2,2,1,2,2,2,2,2,2,2,2,1,2,2,2,2,2,0,0,0
2008,21,145,1,210706,1,3,2,2,4,2,4,2,1,1,1,2,1,2,2,1,2,2,2,2,2,2,2,2,2,2,2,2,1,1,2,0,0,0
2008,21,111,1,210707,1,3,2,1,1,2,1,2,1,2,1,2,1,2,2,2,2,2,1,2,3,2,2,2,2,2,2,2,2,2,2,0,0,0
2008,21,111,4,210708,1,3,2,2,4,2,6,2,1,2,1,2,1,2,2,1,2,2,2,2,3,1,1,1,1,2,2,1,1,2,2,0,0,0
2008,21,93,1,210709,1,3,1,1,1,2,1,2,4,2,1,2,2,2,2,2,2,2,2,2,3,2,2,2,2,2,1,1,1,2,1,0,0,0
2008,21,67,1,210710,1,3,2,2,1,1,4,1,1,2,2,2,1,1,2,2,1,2,2,2,3,2,2,2,2,2,2,2,2,2,2,0,0,0
2008,21,133,1,210711,1,3,1,2,1,2,5,2,3,2,2,2,2,2,2,1,2,2,2,2,1,2,2,2,2,2,2,2,1,2,2,0,0,0
2008,21,211,1,210712,1,3,1,2,1,2,4,2,3,1,2,2,2,2,2,2,2,2,2,2,3,2,2,2,2,2,1,1,1,2,2,0,0,0
2008,21,99,1,210713,1,3,1,2,4,2,6,2,1,1,2,2,1,2,2,2,2,2,2,2,3,2,2,2,2,2,2,2,1,1,2,0,0,0
2008,21,213,1,210714,1,3,1,1,4,2,1,2,1,2,2,2,1,2,2,2,2,2,1,2,1,2,2,1,1,2,2,1,1,1,1,0,0,0
2008,21,235,1,210715,1,3,1,1,1,2,1,2,6,2,1,2,2,1,2,2,2,2,1,2,1,2,2,2,2,2,2,2,1,2,2,0,0,0
2008,21,111,1,210716,1,3,2,2,1,2,3,2,3,2,2,2,2,2,2,2,2,2,2,2,3,2,2,2,2,2,1,1,1,2,2,0,0,0
2008,21,193,1,210717,1,3,1,2,1,2,4,2,2,1,1,2,3,2,2,2,1,2,2,2,3,2,2,2,2,2,2,2,2,1,2,0,0,0
2008,21,71,1,210718,1,3,1,2,4,2,5,2,1,2,1,2,1,2,2,2,2,2,2,2,1,2,2,2,2,2,2,2,1,2,2,0,0,0
2008,21,47,1,210719,1,3,1,2,4,2,5,2,1,1,1,2,1,2,2,1,2,2,2,2,3,2,2,2,2,1,2,2,1,2,2,0,0,0
2008,21,107,1,210720,1,3,1,2,4,2,5,2,1,1,1,2,1,1,2,1,2,2,1,2,2,2,2,2,2,2,2,2,2,2,2,0,0,0
2008,21,111,1,210721,1,3,1,2,1,2,4,2,4,1,1,2,3,2,2,1,2,2,1,2,3,2,2,2,2,1,2,2,1,2,2,0,0,0
2008,21,27,1,210722,1,3,1,2,1,2,5,2,1,1,1,2,1,2,2,2,1,2,2,2,2,2,2,2,2,2,2,2,2,2,2,0,0,0
2008,21,163,1,210723,1,3,1,2,4,2,5,2,1,1,1,2,1,2,2,2,2,2,2,2,2,2,2,2,2,2,2,2,1,2,2,0,0,0
2008,21,27,1,210724,1,3,1,2,1,2,6,2,1,2,1,1,2,2,2,2,1,2,2,2,3,2,2,2,2,2,2,2,2,2,2,0,0,0
2008,21,67,1,210725,1,3,2,1,2,2,1,2,1,1,1,2,1,2,2,1,1,2,2,2,3,2,2,2,2,2,2,2,1,2,2,0,0,0
2008,21,133,1,210726,1,3,1,2,4,2,5,2,1,2,1,2,1,2,2,2,2,2,1,2,3,2,2,2,2,2,2,2,1,2,2,0,0,0
2008,21,77,1,210727,1,3,1,1,1,2,1,2,3,1,1,2,2,2,2,2,2,2,1,2,3,2,2,2,2,2,2,2,1,2,2,0,0,0
2008,21,71,1,210728,1,3,1,2,4,2,5,2,1,2,1,2,1,2,2,1,2,2,2,2,2,2,2,2,2,2,2,2,1,2,2,0,0,0
2008,21,37,1,210729,1,3,2,2,1,2,3,2,3,2,1,2,3,2,2,1,2,2,2,2,1,2,2,2,2,2,2,2,1,2,2,0,0,0
2008,21,111,1,210730,1,3,2,2,1,2,6,2,1,2,1,1,1,2,2,2,1,2,2,2,3,2,2,2,2,2,2,2,2,2,2,0,0,0
2008,21,17,1,210731,1,3,1,2,4,2,5,2,1,2,1,2,1,2,2,2,2,2,2,2,1,2,2,2,2,2,1,1,1,2,2,0,0,0
2008,21,67,1,210732,1,3,2,2,4,2,4,2,1,1,1,2,1,2,2,1,2,2,2,2,2,2,2,2,2,1,2,2,1,2,2,0,0,0
2008,21,231,1,210733,1,3,1,2,1,2,4,2,3,2,1,2,2,2,2,2,2,2,1,2,1,2,2,2,2,2,1,1,1,2,2,0,0,0
2008,21,25,1,210734,1,3,1,2,4,2,6,2,1,2,2,1,1,2,2,2,2,2,1,2,3,2,2,2,2,2,2,2,1,2,2,0,0,0
2008,21,151,1,210735,1,3,1,2,4,2,5,2,1,2,2,2,1,2,2,2,2,2,2,2,1,2,2,2,2,2,1,1,1,2,2,0,0,0
2008,21,205,1,210736,1,3,1,2,1,2,5,2,3,2,2,2,2,2,2,2,2,2,2,2,1,2,2,1,1,2,2,1,1,2,2,0,0,0
2008,21,199,1,210737,1,3,1,2,2,2,3,2,1,1,2,2,2,2,2,2,2,2,1,2,3,2,2,2,2,2,2,2,1,2,2,0,0,0
2008,21,93,1,210738,1,3,2,2,1,2,3,2,2,1,1,2,2,2,2,2,2,2,2,2,3,2,2,2,2,1,2,2,2,1,2,0,0,0
2008,21,41,1,210739,1,3,1,2,4,2,5,2,1,2,1,2,1,2,2,1,2,2,2,2,3,2,2,1,1,2,2,1,1,2,2,0,0,0
2008,21,199,1,210740,1,3,1,2,1,1,3,1,4,1,1,2,2,2,2,2,2,2,2,2,3,2,2,2,2,2,1,1,2,1,2,0,0,0
2008,21,227,1,210741,1,3,1,2,2,2,5,2,1,2,1,2,1,2,2,2,2,2,1,2,2,2,2,2,2,2,2,2,1,1,2,0,0,0
2008,21,13,1,210742,1,3,1,2,1,2,5,2,4,1,1,2,2,2,2,2,2,2,1,2,2,1,1,1,1,2,2,1,1,2,2,0,0,0
2008,21,47,1,210743,1,3,2,2,1,2,6,3,1,1,2,2,1,2,2,2,2,2,2,2,2,2,2,2,2,2,2,2,2,2,2,0,0,0
2008,21,195,1,210744,1,3,1,2,1,2,3,2,1,2,2,2,1,2,2,2,1,2,2,2,2,2,2,2,2,2,2,2,2,2,2,0,0,0
2008,21,151,1,210745,1,3,1,1,2,2,1,2,1,1,1,2,1,2,2,2,2,2,2,2,3,2,2,2,2,1,2,2,1,2,2,0,0,0
2008,21,9,1,210746,1,3,1,2,4,2,6,2,1,2,2,2,1,2,2,2,2,2,2,2,3,1,1,1,1,2,2,1,1,2,2,0,0,0
2008,21,123,1,210747,1,3,1,2,1,1,5,1,4,1,1,2,2,2,2,2,2,2,1,2,3,2,2,2,2,1,2,2,2,1,2,0,0,0
2008,21,173,2,210748,1,3,1,2,1,2,4,2,4,2,1,2,2,1,2,2,2,2,2,2,2,2,2,2,2,2,2,2,1,2,2,0,0,0
2008,21,29,1,210749,1,3,2,2,4,2,3,2,1,1,2,2,1,2,2,2,2,2,2,2,3,2,2,2,2,1,2,2,1,2,2,0,0,0
2008,21,151,1,210750,1,3,1,1,1,2,1,2,1,2,2,2,3,2,2,2,1,2,2,2,3,1,1,1,1,2,2,1,2,2,2,0,0,0
2008,21,121,1,210751,1,3,1,2,1,2,5,2,1,1,2,2,1,2,1,2,2,2,2,2,2,2,2,2,2,2,2,2,1,2,2,0,0,0
2008,21,31,1,210752,1,3,1,2,4,2,5,2,1,1,1,2,1,2,2,2,2,2,1,2,2,2,2,2,2,2,2,2,1,2,2,0,0,0
2008,22,5,1,220001,1,6,2,1,1,2,1,2,1,2,1,2,1,2,2,2,1,2,2,2,2,2,2,2,2,2,2,2,2,2,2,0,0,0
2008,22,15,1,220002,1,6,2,2,1,2,6,3,1,1,1,2,1,2,2,2,2,2,2,2,3,1,1,1,1,2,2,1,2,1,2,0,0,0
2008,22,53,1,220003,1,6,2,2,4,1,6,1,1,2,1,2,1,2,2,1,2,2,2,2,2,2,2,2,2,2,2,2,2,2,2,0,0,0
2008,22,109,1,220004,1,6,2,2,1,1,6,1,1,1,2,2,1,2,2,2,2,1,2,2,2,2,2,1,1,2,2,1,2,2,2,0,0,0
2008,22,115,1,220005,1,6,1,2,1,2,3,2,1,2,2,2,1,2,2,2,1,2,2,2,2,2,2,2,2,2,2,2,2,2,2,0,0,0
2008,22,105,1,220006,1,6,2,2,4,2,5,2,1,2,1,2,1,2,2,2,2,2,1,2,1,2,2,2,2,2,2,2,1,1,2,0,0,0
2008,22,97,1,220007,1,6,1,2,4,2,5,2,1,2,2,2,1,2,2,2,2,2,1,2,1,2,2,2,2,2,1,1,1,2,2,0,0,0
2008,22,95,1,220008,1,6,2,2,4,2,4,2,1,1,2,2,1,2,2,1,2,2,2,2,1,2,2,2,2,2,2,2,1,2,2,0,0,0
2008,22,83,1,220009,1,6,1,1,4,2,1,2,1,2,2,2,1,1,2,2,2,2,2,2,2,2,2,2,2,2,2,2,1,1,2,0,0,0
2008,22,57,1,220010,1,6,2,2,1,2,4,2,1,2,2,1,1,2,2,2,2,1,2,2,3,2,2,2,2,2,2,2,2,2,2,0,0,0
2008,22,39,1,220011,1,6,1,2,4,2,5,2,1,1,1,2,1,2,2,2,2,2,2,2,2,2,2,2,2,2,2,2,1,2,2,0,0,0
2008,22,65,1,220012,1,6,1,1,4,2,1,2,1,2,1,2,1,2,2,2,2,2,2,2,2,2,2,2,2,2,2,2,1,1,2,0,0,0
2008,22,73,1,220013,1,6,2,2,4,2,5,2,1,2,2,2,1,2,2,1,2,2,1,2,3,2,2,2,2,2,2,2,1,2,2,0,0,0
2008,22,115,1,220014,1,6,1,2,4,2,4,2,1,2,2,2,1,2,2,1,2,2,1,2,1,1,1,1,1,2,2,1,1,2,2,0,0,0
2008,22,55,1,220015,1,6,2,1,3,2,1,2,1,2,1,2,1,2,2,2,2,2,1,2,1,2,2,2,2,2,1,1,1,2,2,0,0,0
2008,22,103,1,220016,1,6,2,2,4,1,4,1,1,2,2,2,1,2,2,1,2,2,2,2,3,2,2,2,2,2,1,1,2,1,2,0,0,0
2008,22,59,1,220017,1,6,1,2,1,2,5,2,3,1,1,2,2,1,2,1,2,2,2,2,2,1,1,1,1,2,2,1,1,2,2,0,0,0
2008,22,73,1,220018,1,6,1,2,4,2,5,2,1,2,1,2,1,2,2,1,2,2,2,2,1,2,2,1,1,2,2,1,1,2,2,0,0,0
2008,22,21,1,220019,1,6,1,2,4,2,5,2,1,2,2,2,1,2,2,2,2,2,1,2,2,2,2,2,2,2,2,2,1,1,2,0,0,0
2008,22,19,1,220020,1,6,1,1,3,2,1,2,1,2,2,2,1,2,2,2,2,2,1,2,1,2,2,1,1,2,2,1,1,1,2,0,0,0
2008,22,77,1,220021,1,6,1,2,4,2,5,2,1,2,2,2,1,2,2,2,2,2,1,2,1,2,2,2,2,2,2,2,1,2,2,0,0,0
2008,22,17,2,220022,1,6,1,2,4,2,4,2,1,1,1,2,1,2,2,1,2,2,2,2,2,1,1,1,1,2,2,1,1,2,2,0,0,0
2008,22,63,1,220023,1,6,1,2,1,2,5,2,3,1,1,2,2,2,2,1,2,2,2,2,2,2,2,2,2,2,2,2,1,1,2,0,0,0
2008,22,125,1,220024,1,6,1,2,4,2,5,2,1,1,1,2,1,2,2,1,2,2,1,2,2,2,2,2,2,2,2,2,1,2,2,0,0,0
2008,22,19,1,220025,1,6,1,2,4,2,6,2,1,2,1,2,1,2,2,2,2,2,1,2,1,2,2,2,2,2,2,2,1,1,2,0,0,0
2008,22,17,1,220026,1,6,2,2,4,2,6,2,1,2,1,2,1,2,2,2,2,2,2,2,3,2,2,2,2,2,2,2,1,1,2,0,0,0
2008,22,73,1,220027,1,6,1,2,4,2,6,2,1,2,2,2,1,2,2,2,2,2,1,2,3,1,1,1,1,2,2,1,1,2,2,0,0,0
2008,22,33,1,220028,1,6,2,2,1,2,6,2,3,1,2,2,2,2,2,1,2,2,2,2,3,2,2,2,2,2,2,2,1,2,2,0,0,0
2008,22,45,1,220029,1,6,1,2,1,1,6,1,3,2,1,2,2,2,2,2,2,2,2,2,3,2,2,2,2,2,2,2,2,1,2,0,0,0
2008,22,33,1,220030,1,6,2,2,1,2,4,2,3,1,1,2,2,2,2,2,2,2,2,2,2,2,2,2,2,2,1,1,1,2,2,0,0,0
2008,22,5,1,220031,1,6,2,2,1,2,4,2,2,1,1,2,2,2,1,2,2,2,2,2,2,2,2,2,2,2,2,2,2,1,2,0,0,0
2008,22,55,3,220032,1,6,2,2,1,2,6,2,3,2,2,2,2,2,2,2,2,2,2,2,3,2,2,2,2,2,2,2,1,2,2,0,0,0
2008,22,57,2,220033,1,6,1,2,1,2,3,2,3,1,1,2,2,2,2,1,2,2,1,2,3,2,2,2,2,2,2,2,1,2,2,0,0,0
2008,22,77,1,220034,1,6,1,2,4,2,5,2,1,1,2,2,1,2,1,1,2,2,2,2,2,2,2,2,2,2,2,2,1,2,2,0,0,0
2008,22,15,1,220035,1,6,2,2,4,2,5,2,1,2,1,2,1,2,2,2,2,2,2,2,3,2,2,2,2,2,2,2,1,2,2,0,0,0
2008,22,55,1,220036,1,6,2,2,4,2,4,2,1,1,2,2,1,2,2,2,2,2,1,2,1,2,2,2,2,2,2,2,1,2,2,0,0,0
2008,22,53,1,220037,1,6,1,2,1,2,5,2,3,1,2,2,2,2,2,2,2,2,1,2,2,2,2,2,2,1,2,2,1,2,2,0,0,0
2008,22,63,1,220038,1,6,1,2,1,2,5,2,3,1,1,2,2,2,2,2,2,2,2,2,1,2,2,2,2,2,2,2,1,1,2,0,0,0
2008,22,63,1,220039,1,6,2,2,1,2,4,2,4,2,1,2,2,2,2,1,2,2,2,2,1,2,2,2,2,2,2,2,1,2,2,0,0,0
2008,22,103,1,220040,1,6,2,2,4,2,4,2,1,2,2,2,1,2,2,1,2,2,1,2,3,2,2,2,2,2,2,2,1,2,2,0,0,0
2008,22,5,1,220041,1,6,2,2,1,1,3,1,4,1,1,2,2,1,2,2,2,2,2,2,2,2,2,2,2,2,2,2,2,1,2,0,0,0
2008,22,111,1,220042,1,6,1,2,1,2,6,2,3,1,1,2,2,2,2,2,2,2,2,2,2,1,1,1,1,1,2,1,1,2,2,0,0,0
2008,22,61,1,220043,1,6,1,2,1,1,5,1,4,2,1,2,2,1,2,2,2,2,2,2,2,2,2,2,2,2,2,2,2,2,2,0,0,0
2008,22,99,1,220044,1,6,1,2,1,1,3,1,4,2,2,2,2,2,2,2,1,2,2,2,2,2,2,2,2,2,2,2,2,2,2,0,0,0
2008,22,55,1,220045,1,6,2,2,4,2,6,2,1,1,1,2,1,2,2,2,1,2,2,2,2,2,2,2,2,2,2,2,1,2,2,0,0,0
2008,22,19,1,220046,1,6,2,2,4,2,5,2,1,2,1,2,1,2,2,2,2,2,2,2,3,1,1,1,1,2,2,1,1,1,2,0,0,0
2008,22,11,1,220047,1,6,1,2,4,2,5,2,1,2,2,2,1,2,2,2,2,2,1,2,1,2,2,2,2,2,2,2,1,2,2,0,0,0
2008,22,11,1,220048,1,6,1,2,4,2,5,2,1,2,1,2,1,2,2,2,2,2,1,2,1,2,2,2,2,2,2,2,1,1,2,0,0,0
2008,22,17,1,220049,1,6,2,2,4,2,5,2,1,1,1,2,1,2,2,1,2,2,2,2,3,2,2,2,2,2,2,2,1,1,2,0,0,0
2008,22,39,1,220050,1,6,1,2,4,2,5,2,1,2,1,2,1,2,2,2,2,2,1,2,2,2,2,2,2,2,2,2,1,1,2,0,0,0
2008,22,45,1,220051,1,6,1,2,4,2,6,2,1,1,2,2,1,2,2,2,2,2,1,2,2,2,2,2,2,2,2,2,1,2,1,0,0,0
2008,22,61,1,220052,1,6,2,2,1,2,6,2,1,2,2,2,1,2,2,2,1,2,2,2,1,2,2,2,2,2,2,2,2,1,2,0,0,0
2008,22,63,1,220053,1,6,2,2,4,2,5,2,1,2,2,2,1,2,2,1,2,2,2,2,1,2,2,2,2,2,1,1,1,2,2,0,0,0
2008,22,65,1,220054,1,6,1,2,2,2,5,2,1,1,2,2,1,2,2,2,2,2,2,2,2,2,2,2,2,2,1,1,1,2,2,0,0,0
2008,22,53,1,220055,1,6,1,2,1,2,4,2,1,2,1,2,1,2,2,2,1,2,2,2,2,2,2,2,2,2,2,2,2,2,2,0,0,0
2008,22,109,1,220056,1,6,1,2,4,2,3,2,1,2,2,2,1,2,1,2,2,2,2,2,2,2,2,2,2,2,2,2,1,2,2,0,0,0
2008,22,117,1,220057,1,6,1,2,4,2,5,2,1,2,2,2,1,2,2,2,2,2,2,2,3,2,2,2,2,2,2,2,1,2,2,0,0,0
2008,22,17,1,220058,1,6,1,2,4,2,5,2,1,1,1,2,1,1,2,2,2,2,1,2,3,2,2,2,2,2,2,2,1,2,2,0,0,0
2008,22,109,1,220059,1,6,2,2,4,2,3,3,4,2,2,2,2,1,2,2,2,2,2,2,2,2,2,2,2,2,1,1,1,1,2,0,0,0
2008,22,1,1,220060,1,6,1,2,1,2,5,2,1,2,2,2,1,2,2,2,2,1,2,2,2,2,2,2,2,2,1,1,2,2,2,0,0,0
2008,22,11,1,220061,1,6,1,2,1,2,5,2,3,1,1,2,2,2,2,2,2,2,2,2,2,2,2,2,2,2,2,2,2,2,2,0,0,0
2008,22,33,1,220062,1,6,2,2,1,2,3,3,2,2,1,2,2,1,2,2,2,2,2,2,2,2,2,2,2,2,2,2,2,2,2,0,0,0
2008,22,73,2,220063,1,6,2,2,1,2,3,3,2,1,2,2,3,1,2,2,2,2,2,2,1,2,2,2,2,2,2,2,2,2,2,0,0,0
2008,22,121,1,220064,1,6,1,2,1,2,3,2,3,2,2,2,2,2,2,2,2,2,1,2,1,2,2,2,2,2,1,1,1,2,2,0,0,0
2008,22,105,1,220065,1,6,1,2,1,2,5,2,4,2,1,2,2,2,2,2,2,2,2,2,2,1,1,1,1,2,2,1,1,1,2,0,0,0
2008,22,105,1,220066,1,6,1,1,1,2,1,2,2,2,1,2,2,1,2,2,2,2,2,2,2,2,2,2,2,2,1,1,2,1,2,0,0,0
2008,22,33,1,220067,1,6,2,2,1,1,3,1,3,2,2,2,2,2,2,2,2,2,2,2,3,2,2,2,2,2,2,2,2,2,2,0,0,0
2008,22,79,1,220068,1,6,1,2,1,2,6,2,4,2,2,2,2,2,2,1,2,2,2,2,2,2,2,2,2,2,1,1,1,1,2,0,0,0
2008,22,103,2,220069,1,6,1,1,1,2,1,2,1,1,2,2,2,2,2,2,2,2,1,2,2,2,2,2,2,1,1,1,1,1,2,0,0,0
2008,22,51,1,220070,1,6,2,2,1,2,6,2,4,1,2,2,2,2,1,1,2,2,2,2,3,2,2,2,2,2,1,1,2,2,2,0,0,0
2008,22,31,1,220071,1,6,1,2,1,2,5,3,4,1,2,2,2,2,1,2,2,2,2,2,3,2,2,2,2,2,2,2,2,1,2,0,0,0
2008,22,89,1,220072,1,6,2,2,1,2,5,2,3,1,1,2,2,2,2,2,2,2,2,2,3,2,2,2,2,1,2,2,1,1,2,0,0,0
2008,22,43,1,220073,1,6,1,2,4,2,3,2,1,1,1,2,1,2,2,2,2,2,1,2,2,2,2,2,2,2,2,2,1,1,2,0,0,0
2008,22,109,1,220074,1,6,2,2,4,2,4,2,1,2,1,2,1,2,2,1,2,2,2,2,1,2,2,2,2,2,2,2,1,2,2,0,0,0
2008,22,89,1,220075,1,6,1,2,4,2,4,2,1,1,2,2,1,2,2,1,2,2,2,2,2,2,2,2,2,2,2,2,1,1,2,0,0,0
2008,22,47,1,220076,1,6,1,2,1,2,3,2,5,1,1,2,2,1,2,2,2,2,2,2,2,2,2,2,2,1,2,2,1,2,2,0,0,0
2008,22,31,1,220077,1,6,1,1,4,2,1,2,1,2,2,2,1,2,2,2,2,2,1,2,1,2,2,2,2,2,2,2,1,1,2,0,0,0
2008,22,5,1,220078,1,6,2,1,3,2,1,2,1,1,1,2,1,2,2,2,2,2,2,2,3,2,2,2,2,2,2,2,2,2,2,0,0,0
2008,22,5,1,220079,1,6,2,2,4,2,4,2,1,2,2,2,1,2,2,2,2,2,2,2,1,2,2,2,2,2,2,2,1,1,2,0,0,0
2008,22,125,1,220080,1,6,1,2,1,2,3,2,3,1,1,2,2,2,2,2,2,2,2,2,3,2,2,2,2,1,2,2,1,2,2,0,0,0
2008,22,115,1,220081,1,6,1,2,4,2,6,2,1,2,1,2,1,2,2,2,2,2,1,2,1,2,2,2,2,2,2,2,1,1,2,0,0,0
2008,22,103,1,220082,1,6,2,2,1,2,4,2,2,2,2,2,2,2,1,2,2,2,2,2,1,2,2,2,2,2,1,1,2,2,2,0,0,0
2008,22,103,1,220083,1,6,2,2,4,2,4,2,1,2,2,2,1,2,2,2,2,2,2,2,3,2,2,2,2,2,2,2,1,2,2,0,0,0
2008,22,99,1,220084,1,6,1,2,1,2,5,2,1,2,1,2,1,2,2,2,2,1,2,2,2,2,2,2,2,2,2,2,2,2,2,0,0,0
2008,22,93,3,220085,1,6,1,2,1,2,4,2,3,2,2,2,2,2,2,2,2,2,2,2,1,2,2,2,2,2,2,2,1,1,2,0,0,0
2008,22,93,1,220086,1,6,1,2,4,2,5,2,1,2,1,2,1,2,2,2,2,2,1,2,1,2,2,2,2,2,2,2,1,2,2,0,0,0
2008,22,89,1,220087,1,6,2,2,4,2,3,2,1,2,2,2,1,2,2,1,2,2,2,2,1,2,2,2,2,2,1,1,1,1,2,0,0,0
2008,22,57,1,220088,1,6,2,2,1,2,5,2,1,1,1,2,1,2,2,2,1,2,2,2,2,2,2,2,2,2,2,2,2,2,2,0,0,0
2008,22,109,1,220089,1,6,2,2,4,2,3,2,1,2,1,2,1,2,2,1,2,2,1,2,2,2,2,2,2,2,2,2,1,1,2,0,0,0
2008,22,55,1,220090,1,6,2,2,4,2,3,2,1,2,2,2,1,2,2,2,2,2,2,2,3,2,2,2,2,2,2,2,1,1,2,0,0,0
2008,22,51,1,220091,1,6,2,2,2,1,6,1,1,3,1,2,1,2,2,2,2,2,1,2,1,2,2,2,2,2,2,2,2,2,2,0,0,0
2008,22,109,1,220092,1,6,2,2,1,2,6,2,1,2,2,1,1,2,2,2,2,1,2,2,3,2,2,2,2,2,2,2,2,2,2,0,0,0
2008,22,45,1,220093,1,6,1,2,4,2,5,2,1,2,2,2,1,2,2,2,2,2,1,2,1,2,2,2,2,2,2,2,1,1,2,0,0,0
2008,22,103,1,220094,1,6,2,1,1,2,1,2,1,2,1,2,1,1,2,2,1,2,2,2,2,2,2,2,2,2,2,2,2,2,2,0,0,0
2008,22,49,1,220095,1,6,1,2,4,2,5,2,1,2,1,2,1,2,2,2,2,2,2,2,1,2,2,2,2,2,2,2,1,1,2,0,0,0
2008,22,103,1,220096,1,6,2,2,1,2,4,2,3,2,2,2,2,2,2,2,2,2,2,2,1,2,2,2,2,2,2,2,1,2,2,0,0,0
2008,22,69,1,220097,1,6,1,2,1,2,4,2,1,2,2,2,1,2,2,1,2,2,1,2,1,2,2,2,2,2,2,2,1,2,2,0,0,0
2008,22,85,1,220098,1,6,1,2,4,2,5,2,1,1,1,2,1,2,2,2,2,2,2,2,2,2,2,2,2,1,2,2,1,2,2,0,0,0
2008,22,97,1,220099,1,6,1,2,1,2,6,2,3,1,2,2,2,2,1,1,2,2,2,2,2,2,2,2,2,1,2,2,1,1,2,0,0,0
2008,22,89,1,220100,1,6,1,2,2,2,6,2,5,1,2,2,1,2,1,1,2,2,2,2,3,2,2,2,2,2,2,2,1,2,2,0,0,0
2008,22,111,1,220101,1,6,1,2,1,2,5,2,5,1,1,2,2,1,2,2,2,2,2,2,3,2,2,2,2,2,2,2,1,1,2,0,0,0
2008,22,111,1,220102,1,6,1,2,1,2,3,2,3,1,1,2,2,1,2,2,2,2,2,2,2,2,2,2,2,2,1,1,1,1,2,0,0,0
2008,22,115,1,220103,1,6,1,2,4,2,3,2,1,2,1,2,1,2,2,1,2,2,1,2,1,2,2,2,2,2,1,1,1,1,2,0,0,0
2008,22,19,1,220104,1,6,1,2,1,1,6,1,4,1,2,2,2,2,2,2,2,2,2,2,2,2,2,2,2,1,2,2,2,1,2,0,0,0
2008,22,21,1,220105,1,6,1,2,4,2,5,2,1,2,2,2,1,2,2,1,2,2,1,2,1,2,2,2,2,2,2,2,1,1,2,0,0,0
2008,22,15,1,220106,1,6,2,1,1,2,1,3,2,1,1,2,3,2,2,1,2,2,1,2,3,2,2,1,1,2,2,1,2,2,2,0,0,0
2008,22,105,1,220107,1,6,2,2,1,1,3,1,1,2,1,2,1,2,2,2,1,2,2,2,1,2,2,2,2,2,2,2,2,2,2,0,0,0
2008,22,19,1,220108,1,6,1,2,3,2,5,2,1,2,1,2,1,2,2,1,2,2,2,2,1,2,2,2,2,2,1,1,1,1,2,0,0,0
2008,22,19,1,220109,1,6,2,1,1,2,1,3,2,1,1,2,2,2,1,2,2,2,2,2,2,2,2,2,2,2,2,2,2,1,2,0,0,0
2008,22,19,1,220110,1,6,2,2,4,2,5,2,1,2,1,2,1,2,2,2,2,2,1,2,3,2,2,2,2,2,2,2,1,1,2,0,0,0
2008,22,3,1,220111,1,6,2,2,1,1,3,1,1,2,2,2,1,2,2,2,1,2,2,2,2,2,2,2,2,2,2,2,2,2,2,0,0,0
2008,22,5,1,220112,1,6,2,2,4,2,6,2,1,3,2,2,1,2,2,2,2,2,1,2,3,1,1,1,1,2,2,1,1,2,2,0,0,0
2008,22,63,1,220113,1,6,2,2,4,2,6,2,1,2,1,2,1,2,2,1,2,2,1,2,1,2,2,2,2,2,2,2,1,2,2,0,0,0
2008,22,103,1,220114,1,6,2,2,4,2,5,2,1,2,2,2,1,2,2,1,2,2,1,2,3,2,2,2,2,2,2,2,1,1,2,0,0,0
2008,22,99,1,220115,1,6,2,2,1,2,5,2,3,1,2,2,2,2,1,2,2,2,2,2,1,2,2,2,2,2,2,2,1,1,2,0,0,0
2008,22,31,1,220116,1,6,1,2,4,2,5,2,4,1,1,2,2,2,2,2,2,2,2,2,3,2,2,2,2,2,2,2,1,1,2,0,0,0
2008,22,29,1,220117,1,6,1,2,4,2,3,2,1,1,2,2,1,2,2,2,2,2,2,2,2,2,2,2,2,1,2,2,1,2,2,0,0,0
2008,22,57,1,220118,1,6,1,2,1,2,4,2,3,1,1,2,3,1,2,2,2,2,2,2,1,2,2,2,2,1,2,2,1,2,2,0,0,0
2008,22,13,2,220119,1,6,1,2,1,1,5,1,4,1,1,2,2,1,2,2,2,2,1,2,3,2,2,2,2,2,1,1,2,2,2,0,0,0
2008,22,63,1,220120,1,6,2,1,1,2,1,2,4,2,2,2,2,1,2,2,2,2,2,2,3,2,2,2,2,2,2,2,1,1,2,0,0,0
2008,22,21,1,220121,1,6,1,2,4,2,5,2,1,2,2,2,1,2,2,2,2,2,1,2,1,2,2,2,2,2,2,2,1,2,2,0,0,0
2008,22,37,1,220122,1,6,1,2,1,2,4,2,3,2,2,2,2,2,2,2,2,2,1,2,2,2,2,2,2,2,2,2,1,2,2,0,0,0
2008,22,53,1,220123,1,6,1,2,1,2,5,2,3,2,2,2,2,2,2,2,2,2,2,2,1,2,2,2,2,2,1,1,1,2,2,0,0,0
2008,22,55,1,220124,1,6,2,2,4,1,3,1,1,2,2,2,1,2,1,2,2,2,2,2,3,2,2,2,2,2,2,2,2,2,2,0,0,0
2008,22,63,1,220125,1,6,1,2,4,2,5,2,1,1,2,2,1,2,1,2,2,2,2,2,2,2,2,2,2,2,2,2,1,1,2,0,0,0
2008,22,61,1,220126,1,6,2,2,4,2,4,2,1,1,2,2,1,2,2,1,2,2,1,2,2,2,2,2,2,2,1,1,1,2,2,0,0,0
2008,22,19,1,220127,1,6,2,2,4,1,6,1,1,1,1,2,1,2,2,1,2,2,1,2,2,2,2,2,2,2,2,2,2,1,2,0,0,0
2008,22,61,1,220128,1,6,2,1,2,2,1,2,1,2,1,2,1,1,2,2,1,2,2,2,3,2,2,2,2,2,2,2,2,2,2,0,0,0
2008,22,109,1,220129,1,6,2,2,2,2,4,2,1,2,2,1,1,2,2,2,1,2,2,2,1,2,2,2,2,2,2,2,1,2,2,0,0,0
2008,22,123,1,220130,1,6,1,2,4,2,6,2,1,2,2,2,1,2,2,2,2,2,2,2,3,1,1,1,1,2,2,1,1,1,2,0,0,0
2008,22,55,1,220131,1,6,2,2,1,2,3,2,1,1,1,2,1,1,2,2,1,2,2,2,2,2,2,2,2,2,2,2,2,2,2,0,0,0
2008,22,51,1,220132,1,6,2,2,2,2,3,2,1,1,1,2,1,2,1,1,2,2,2,2,1,2,2,2,2,2,2,2,1,2,2,0,0,0
2008,22,17,1,220133,1,6,1,2,4,2,5,2,1,1,1,2,1,2,2,1,2,2,2,2,3,2,2,2,2,2,1,1,1,2,2,0,0,0
2008,22,17,1,220134,1,6,1,2,4,2,6,2,1,1,1,2,1,1,2,1,2,2,1,2,3,2,2,2,2,2,2,2,1,2,2,0,0,0
2008,22,63,1,220135,1,6,2,2,4,2,5,2,1,1,1,2,1,2,2,1,2,2,2,2,2,2,2,2,2,2,2,2,1,2,2,0,0,0
2008,22,67,1,220136,1,6,2,2,4,2,6,2,1,1,2,2,1,2,2,2,2,2,1,2,3,2,2,2,2,2,2,2,1,2,2,0,0,0
2008,22,95,1,220137,1,6,2,2,1,2,4,2,1,2,1,1,2,2,2,2,1,2,2,2,3,2,2,2,2,2,2,2,2,2,2,0,0,0
2008,22,95,1,220138,1,6,2,2,1,1,4,1,4,1,2,2,2,2,2,2,2,2,2,2,3,2,2,2,2,1,2,2,2,2,2,0,0,0
2008,22,103,1,220139,1,6,1,2,4,2,5,2,1,2,2,1,1,2,2,2,2,2,1,2,1,2,2,2,2,2,1,1,1,1,2,0,0,0
2008,22,117,1,220140,1,6,1,2,1,2,6,2,3,3,1,2,2,2,2,2,2,2,2,2,3,2,2,2,2,2,1,1,1,2,2,0,0,0
2008,22,121,1,220141,1,6,1,1,4,2,1,2,1,1,1,2,1,2,2,2,2,2,2,2,3,2,2,2,2,2,2,2,1,2,2,0,0,0
2008,22,51,1,220142,1,6,2,2,1,1,6,1,4,1,2,2,2,2,1,2,2,2,2,2,3,2,2,2,2,2,1,1,2,2,2,0,0,0
2008,22,115,1,220143,1,6,1,2,4,2,3,2,1,1,2,2,1,2,2,2,2,2,1,2,3,2,2,2,2,2,2,2,1,2,2,0,0,0
2008,22,17,1,220144,1,6,2,1,4,2,1,2,1,2,2,2,1,2,2,2,2,2,2,2,1,2,2,2,2,2,2,2,1,2,2,0,0,0
2008,22,17,1,220145,1,6,2,2,2,2,6,2,1,2,2,2,1,2,2,2,2,2,2,2,1,2,2,2,2,2,2,2,1,2,2,0,0,0
2008,22,47,1,220146,1,6,1,1,1,2,1,2,6,2,1,2,3,2,2,2,1,2,2,2,2,1,1,1,1,2,2,1,2,2,2,0,0,0
2008,22,29,1,220147,1,6,1,2,1,1,3,1,4,1,1,2,2,1,2,2,2,2,2,2,3,2,2,2,2,1,2,2,2,1,2,0,0,0
2008,22,33,2,220148,1,6,2,1,1,2,1,3,2,2,2,2,2,2,2,1,2,2,1,2,1,2,2,2,2,2,1,1,2,2,2,0,0,0
2008,22,3,1,220150,1,6,1,2,4,2,6,2,1,2,1,2,1,2,2,2,2,2,1,2,1,2,2,2,2,2,2,2,1,2,2,0,0,0
2008,22,5,1,220151,1,6,2,2,4,2,4,2,1,2,2,2,1,2,2,2,2,2,1,2,1,2,2,2,2,2,2,2,1,2,2,0,0,0
2008,22,19,2,220152,1,6,1,2,1,2,4,2,3,1,1,2,2,2,2,2,2,2,2,2,2,2,2,2,2,1,2,2,1,2,2,0,0,0
2008,22,41,1,220153,1,6,1,2,4,2,5,2,1,1,2,2,1,2,2,2,2,2,1,2,1,2,2,2,2,2,2,2,1,1,2,0,0,0
2008,22,45,1,220154,1,6,1,2,1,1,3,1,4,1,1,2,3,2,2,2,2,2,2,2,3,1,1,1,1,2,2,1,2,1,2,0,0,0
2008,22,17,1,220155,1,6,2,2,1,2,2,3,5,1,1,2,2,1,2,1,2,2,2,2,2,2,2,2,2,2,2,2,2,2,2,0,0,0
2008,22,33,1,220156,1,6,1,2,4,1,6,1,1,2,2,2,1,2,2,1,2,2,2,2,3,1,1,1,1,2,2,1,2,2,2,0,0,0
2008,22,55,1,220157,1,6,2,2,4,2,4,2,1,2,1,2,1,2,1,2,2,2,2,2,3,2,2,2,2,2,2,2,1,1,2,0,0,0
2008,22,105,2,220158,1,6,1,2,4,2,5,2,1,2,2,2,1,2,2,1,2,2,1,2,1,2,2,2,2,2,1,1,1,2,2,0,0,0
2008,22,121,1,220159,1,6,2,1,2,2,1,3,1,2,1,2,1,2,2,1,2,2,2,2,1,2,2,2,2,2,2,2,1,2,2,0,0,0
2008,22,73,1,220160,1,6,2,2,4,2,3,3,1,2,2,1,1,1,2,2,1,2,2,2,2,2,2,2,2,1,2,2,1,2,2,0,0,0
2008,22,19,1,220161,1,6,1,2,1,2,6,3,1,2,2,2,1,2,2,2,1,2,2,2,1,2,2,2,2,2,2,2,2,2,2,0,0,0
2008,22,21,1,220162,1,6,1,2,4,2,5,2,1,1,1,2,1,2,2,2,2,2,1,2,2,2,2,2,2,2,2,2,1,2,2,0,0,0
2008,22,33,1,220163,1,6,2,2,4,2,4,2,1,2,1,2,1,2,2,1,2,2,1,2,2,1,2,1,2,2,2,2,1,2,2,0,0,0
2008,22,39,1,220164,1,6,1,2,1,2,4,2,3,2,1,2,2,2,2,2,2,2,1,2,3,2,2,2,2,2,2,2,1,1,2,0,0,0
2008,22,45,1,220165,1,6,1,2,4,2,6,2,1,1,1,2,1,2,2,1,2,2,1,2,3,1,1,1,1,2,2,1,1,2,2,0,0,0
2008,22,61,1,220166,1,6,2,2,4,2,6,2,1,2,2,2,1,2,2,2,2,2,1,2,3,2,2,2,2,2,2,2,1,1,2,0,0,0
2008,22,63,1,220167,1,6,1,2,4,2,6,2,1,2,1,2,1,2,2,2,2,2,1,2,1,2,2,2,2,2,2,2,1,1,2,0,0,0
2008,22,91,1,220168,1,6,1,2,4,2,5,2,1,2,2,2,1,2,2,2,2,2,1,2,1,2,2,2,2,2,2,2,1,1,2,0,0,0
2008,22,103,1,220169,1,6,2,2,4,2,4,2,1,2,2,2,1,2,2,2,2,2,2,2,1,1,1,1,1,2,2,1,1,2,2,0,0,0
2008,22,103,1,220170,1,6,2,2,1,2,4,2,1,2,1,2,1,2,2,2,1,2,2,2,2,2,2,2,2,2,2,2,2,2,2,0,0,0
2008,22,109,1,220171,1,6,2,2,4,2,4,2,1,2,2,2,1,2,2,1,2,2,2,2,3,2,2,2,2,2,2,2,1,1,2,0,0,0
2008,22,119,1,220172,1,6,1,2,1,2,5,3,4,1,1,2,2,2,2,2,2,2,2,2,3,2,2,2,2,1,2,2,1,1,2,0,0,0
2008,22,71,1,220173,1,6,2,2,1,1,6,1,4,2,1,1,3,2,2,1,2,2,2,2,3,1,1,1,1,2,2,1,2,2,2,0,0,0
2008,22,73,1,220174,1,6,2,2,1,1,3,1,4,1,1,1,2,2,2,2,2,2,2,2,3,2,2,2,2,1,2,2,2,2,2,0,0,0
2008,22,71,1,220175,1,6,2,2,4,2,4,2,1,2,2,2,1,2,2,1,2,2,1,2,1,2,2,2,2,2,1,1,1,2,2,0,0,0
2008,22,71,1,220176,1,6,2,2,4,2,6,2,1,2,2,2,1,2,2,1,1,2,2,2,1,2,2,2,2,2,1,1,1,2,2,0,0,0
2008,22,33,1,220177,1,6,2,2,1,1,3,1,4,1,1,2,3,2,2,2,2,2,2,2,3,2,2,2,2,1,2,2,2,1,2,0,0,0
2008,22,71,1,220178,1,6,2,2,1,1,4,1,4,2,1,2,2,2,2,2,2,2,2,1,1,2,2,2,2,2,1,1,2,1,2,0,0,0
2008,22,95,1,220179,1,6,2,1,1,2,1,2,5,1,2,2,3,2,2,2,2,2,1,2,1,2,2,2,2,2,2,2,1,2,2,0,0,0
2008,22,51,1,220180,1,6,2,2,1,1,3,1,1,2,2,2,1,2,2,2,1,2,2,2,3,2,2,2,2,2,2,2,2,2,2,0,0,0
2008,22,119,2,220181,1,6,1,2,1,2,4,2,3,2,2,2,2,2,2,2,2,2,2,2,1,2,2,2,2,2,1,1,1,2,2,0,0,0
2008,22,79,1,220182,1,6,1,1,1,2,1,2,3,2,1,1,2,2,2,2,2,2,2,2,1,2,2,2,2,2,2,2,2,2,2,0,0,0
2008,22,57,1,220183,1,6,1,2,1,2,4,2,5,1,1,2,3,1,2,2,2,2,2,2,1,2,2,2,2,1,2,2,1,2,1,0,0,0
2008,22,57,1,220184,1,6,2,2,1,2,4,2,2,1,1,2,2,2,2,2,2,2,1,2,2,2,2,2,2,2,1,1,2,1,2,0,0,0
2008,22,77,1,220185,1,6,1,2,2,2,4,2,1,2,1,2,1,2,2,2,2,2,1,2,1,2,2,2,2,2,2,2,1,2,2,0,0,0
2008,22,85,1,220186,1,6,1,2,1,2,3,2,5,1,1,2,2,1,2,2,2,2,1,2,2,2,2,2,2,2,2,2,1,1,2,0,0,0
2008,22,51,1,220187,1,6,2,2,1,2,4,3,1,2,2,2,1,2,2,2,2,2,2,2,1,2,2,2,2,2,2,2,2,1,2,0,0,0
2008,22,105,1,220188,1,6,1,1,1,2,1,2,2,2,2,2,2,2,2,2,1,2,2,2,1,2,2,2,2,2,2,2,2,1,2,0,0,0
2008,22,33,1,220189,1,6,2,2,1,2,4,2,1,3,1,1,1,2,2,2,1,2,2,2,3,2,2,2,2,2,2,2,2,2,2,0,0,0
2008,22,9,1,220190,1,6,1,2,1,2,6,2,1,1,2,2,1,2,2,2,1,2,2,2,1,2,2,2,2,2,1,1,2,1,2,0,0,0
2008,22,117,1,220191,1,6,1,2,4,2,4,2,1,2,2,2,1,2,2,2,2,2,1,2,1,2,2,2,2,2,2,2,1,2,2,0,0,0
2008,22,105,1,220192,1,6,1,1,4,2,1,2,1,1,1,2,1,1,2,2,2,2,2,2,2,2,2,2,2,2,2,2,1,2,2,0,0,0
2008,22,3,1,220193,1,6,1,2,4,2,5,2,1,1,1,2,1,2,1,1,2,2,2,2,1,2,2,2,2,2,2,2,1,1,2,0,0,0
2008,22,99,1,220194,1,6,2,2,1,2,3,2,3,2,2,2,2,2,2,2,2,2,2,2,2,2,2,2,2,2,2,2,1,2,2,0,0,0
2008,22,79,1,220195,1,6,2,2,1,1,3,1,1,2,1,2,1,2,2,2,2,1,2,2,2,2,2,2,2,2,2,2,2,2,2,0,0,0
2008,22,109,1,220196,1,6,1,2,4,2,5,2,1,2,1,2,1,2,1,1,2,2,2,2,2,2,2,2,2,2,1,1,1,2,2,0,0,0
2008,22,103,1,220197,1,6,2,1,1,2,1,2,4,1,1,2,2,2,2,2,2,2,2,2,2,1,1,1,1,2,2,1,1,2,2,0,0,0
2008,22,31,1,220198,1,6,2,2,1,2,6,2,3,1,2,2,2,2,2,1,2,2,2,2,1,2,2,2,2,2,2,2,1,2,2,0,0,0
2008,22,49,1,220199,1,6,1,2,1,2,6,2,3,1,2,2,2,1,2,2,2,2,2,2,1,2,2,2,2,2,1,1,1,1,2,0,0,0
2008,22,71,1,220200,1,6,2,1,2,2,1,2,5,1,1,2,1,1,2,2,1,2,2,2,2,2,2,2,2,2,2,2,2,2,2,0,0,0
2008,22,63,1,220201,1,6,1,2,4,2,6,2,1,2,1,2,1,2,2,1,2,2,1,2,1,2,2,2,2,2,2,2,1,2,2,0,0,0
2008,22,63,1,220202,1,6,2,2,1,1,5,1,4,1,1,2,2,2,2,2,2,2,2,2,3,1,1,1,1,1,2,1,2,1,2,0,0,0
2008,22,19,2,220203,1,6,2,1,1,2,1,2,4,2,2,2,2,1,2,2,2,2,2,2,3,2,2,2,2,2,2,2,1,2,2,0,0,0
2008,22,71,1,220204,1,6,2,2,1,2,6,2,1,1,1,2,1,2,2,2,1,2,2,2,2,2,2,2,2,2,2,2,2,2,2,0,0,0
2008,22,71,1,220205,1,6,2,1,4,2,1,2,1,2,2,2,1,2,2,2,2,2,2,2,3,1,1,1,1,2,2,1,1,2,2,0,0,0
2008,22,71,1,220206,1,6,2,2,3,1,6,1,1,2,1,2,1,2,1,2,2,2,2,2,1,2,2,2,2,2,2,2,2,1,2,0,0,0
2008,22,73,1,220207,1,6,2,2,1,1,3,1,1,1,1,2,3,1,2,2,2,2,1,2,3,2,2,2,2,2,1,1,2,2,2,0,0,0
2008,22,103,1,220208,1,6,2,2,1,2,2,2,2,2,1,2,2,2,2,2,2,2,2,2,3,2,2,2,2,2,2,2,2,1,2,0,0,0
2008,22,71,1,220209,1,6,2,2,3,2,6,2,1,2,1,2,1,2,1,1,2,2,2,2,1,2,2,2,2,2,2,2,1,2,2,0,0,0
2008,22,95,1,220210,1,6,2,2,1,2,4,2,3,1,2,2,2,2,1,1,2,2,2,2,2,2,2,2,2,2,2,2,1,1,2,0,0,0
2008,22,57,1,220211,1,6,2,2,2,2,4,3,4,1,1,2,2,2,2,2,2,2,2,2,1,1,1,1,1,2,2,1,1,2,2,0,0,0
2008,22,33,1,220212,1,6,2,2,4,2,5,2,1,1,1,2,1,2,2,2,2,2,2,2,3,2,2,2,2,1,2,2,1,2,2,0,0,0
2008,22,23,1,220213,1,6,1,2,4,2,5,2,3,1,2,2,2,2,2,2,2,2,2,2,2,1,1,1,1,2,2,1,1,1,2,0,0,0
2008,22,71,1,220214,1,6,2,1,4,2,1,2,1,1,2,2,1,2,1,2,2,2,2,2,3,2,2,2,2,2,2,2,1,2,2,0,0,0
2008,22,73,1,220215,1,6,2,2,1,2,3,2,1,2,1,2,1,2,2,2,1,2,2,2,3,2,2,2,2,2,2,2,2,2,2,0,0,0
2008,22,55,3,220216,1,6,2,2,4,2,6,2,1,2,2,2,1,2,2,1,2,2,1,2,2,1,1,1,1,2,2,1,1,2,2,0,0,0
2008,22,95,1,220217,1,6,1,1,1,2,1,2,2,2,2,2,3,2,2,1,2,2,2,2,1,1,1,1,1,2,2,1,2,2,2,0,0,0
2008,22,31,1,220218,1,6,1,1,1,2,1,2,5,2,2,2,2,2,1,1,2,2,2,2,3,2,2,2,2,2,2,2,1,1,2,0,0,0
2008,22,15,1,220219,1,6,1,2,4,2,6,2,1,1,2,2,1,2,2,2,2,2,1,2,1,2,2,2,2,2,2,2,1,2,2,0,0,0
2008,22,51,1,220220,1,6,2,2,1,1,6,1,1,2,2,2,1,2,2,2,1,2,2,2,3,2,2,2,2,1,2,2,2,2,2,0,0,0
2008,22,113,1,220221,1,6,1,2,4,2,5,2,1,1,2,2,1,2,2,1,2,2,1,2,2,2,2,2,2,2,2,2,1,1,2,0,0,0
2008,22,113,1,220222,1,6,1,2,4,2,5,2,1,2,1,2,1,2,2,1,2,2,1,2,1,2,2,2,2,2,2,2,1,2,2,0,0,0
2008,22,71,1,220223,1,6,2,2,4,2,3,2,1,2,1,2,1,2,2,2,2,2,2,2,3,2,2,2,2,2,2,2,2,2,2,0,0,0
2008,22,115,1,220224,1,6,1,2,1,2,3,2,1,2,2,2,1,2,2,2,1,2,2,2,2,2,2,2,2,2,2,2,2,2,2,0,0,0
2008,22,109,1,220225,1,6,2,2,1,1,3,1,1,2,2,2,1,2,2,2,1,2,2,2,2,2,2,2,2,2,2,2,2,2,2,0,0,0
2008,22,105,1,220226,1,6,2,2,1,1,4,1,1,2,1,2,1,2,2,2,1,2,2,2,2,2,2,2,2,2,2,2,2,2,2,0,0,0
2008,22,77,2,220227,1,6,1,2,1,1,4,1,4,2,2,2,2,2,2,2,2,2,1,2,2,2,2,2,2,2,2,2,2,2,2,0,0,0
2008,22,57,1,220228,1,6,1,2,1,2,5,2,5,1,1,2,2,1,2,2,2,2,1,2,2,1,1,1,1,2,2,1,1,1,2,0,0,0
2008,22,55,1,220229,1,6,2,2,4,1,6,1,1,2,1,2,1,2,1,2,2,2,2,2,3,2,2,2,2,2,2,2,2,2,2,0,0,0
2008,22,71,1,220230,1,6,2,2,1,2,6,2,1,1,2,2,1,2,2,1,1,2,2,2,2,1,1,1,1,2,2,1,2,1,2,0,0,0
2008,22,67,1,220231,1,6,1,2,1,2,5,2,5,1,1,2,2,1,2,2,2,2,1,2,2,2,2,2,2,2,2,2,1,2,2,0,0,0
2008,22,91,1,220232,1,6,1,2,4,2,5,2,1,1,2,2,1,2,2,2,2,2,1,2,1,2,2,2,2,2,2,2,1,1,2,0,0,0
2008,22,17,1,220233,1,6,2,2,1,2,6,2,1,2,2,2,1,2,2,2,1,2,2,2,2,2,2,2,2,2,2,2,2,2,2,0,0,0
2008,22,51,1,220234,1,6,2,2,4,2,2,2,1,2,2,2,1,2,2,1,2,2,1,2,1,2,2,2,2,2,1,1,1,1,2,0,0,0
2008,22,63,1,220235,1,6,2,2,1,1,5,1,4,2,2,2,2,2,2,2,2,2,1,2,1,2,2,2,2,2,1,1,2,2,2,0,0,0
2008,22,47,2,220236,1,6,1,2,1,2,6,2,3,2,2,2,2,2,2,2,2,2,2,2,2,2,2,2,2,2,1,1,1,1,2,0,0,0
2008,22,17,2,220237,1,6,2,2,4,1,5,1,1,3,1,2,1,2,2,2,2,2,2,2,3,2,2,2,2,2,2,2,2,2,2,0,0,0
2008,22,55,1,220238,1,6,2,2,1,1,4,1,4,1,1,2,3,2,1,2,2,2,2,2,2,2,2,2,2,1,2,2,2,2,2,0,0,0
2008,22,3,1,220239,1,6,1,2,4,2,5,2,1,1,1,2,1,2,1,1,2,2,2,2,1,2,2,2,2,2,2,2,1,2,2,0,0,0
2008,22,1,2,220240,1,6,1,2,4,2,4,2,1,1,2,2,1,2,2,2,2,2,1,2,2,2,2,2,2,1,2,2,1,2,2,0,0,0
2008,22,105,1,220241,1,6,1,1,1,2,1,2,4,1,1,2,3,2,2,2,2,2,2,2,2,2,2,2,2,2,1,1,1,2,2,0,0,0
2008,22,45,1,220242,1,6,1,2,4,2,5,2,1,2,2,2,1,2,2,2,2,2,1,2,1,2,2,2,2,2,2,2,1,1,2,0,0,0
2008,22,55,1,220243,1,6,2,2,1,2,6,2,1,2,2,2,1,2,2,2,1,2,2,2,2,2,2,1,1,2,2,1,2,2,2,0,0,0
2008,22,19,1,220244,1,6,2,2,1,1,4,1,4,1,2,2,3,2,2,2,2,2,2,2,3,2,2,2,2,2,1,1,2,2,2,0,0,0
2008,22,3,1,220245,1,6,1,2,1,2,6,2,1,1,2,2,1,2,2,2,2,2,1,2,1,2,2,2,2,2,2,2,1,2,2,0,0,0
2008,22,51,1,220246,1,6,2,2,1,1,6,1,1,1,1,2,1,2,2,2,1,2,2,2,3,2,2,1,1,2,2,1,2,1,2,0,0,0
2008,22,15,1,220247,1,6,2,1,1,2,1,3,1,2,2,2,1,2,1,2,2,2,2,2,3,2,2,2,2,2,2,2,2,2,2,0,0,0
2008,22,15,2,220248,1,6,2,1,4,2,1,2,4,1,1,2,2,1,2,2,2,2,1,2,3,2,2,2,2,2,2,2,2,2,2,0,0,0
2008,22,29,1,220249,1,6,2,2,1,1,3,1,4,1,1,2,2,1,2,2,2,2,2,2,2,2,2,2,2,1,2,2,2,1,2,0,0,0
2008,22,65,1,220250,1,6,1,1,4,2,1,2,1,1,1,2,1,2,2,2,2,2,1,2,2,2,2,2,2,2,2,2,1,1,2,0,0,0
2008,22,81,1,220251,1,6,1,2,4,2,6,2,1,2,2,2,1,2,2,2,2,2,2,2,3,2,2,2,2,2,1,1,1,2,2,0,0,0
2008,22,119,1,220252,1,6,2,2,1,2,4,2,3,1,1,2,3,2,2,2,2,2,2,2,3,2,2,2,2,2,2,2,1,1,1,0,0,0
2008,22,127,1,220253,1,6,1,2,4,2,5,2,1,2,1,2,1,2,2,2,2,2,2,2,1,2,2,2,2,2,1,1,1,2,2,0,0,0
2008,22,7,1,220254,1,6,1,2,1,2,4,2,2,1,1,2,2,2,2,2,2,2,1,2,2,2,2,2,2,1,2,2,2,1,2,0,0,0
2008,22,25,1,220255,1,6,1,2,1,2,6,2,3,2,2,2,2,2,1,2,2,2,2,2,2,2,2,1,1,2,2,1,1,2,2,0,0,0
2008,22,41,1,220256,1,6,1,2,1,2,6,2,2,2,2,2,2,2,1,2,2,2,2,2,2,2,2,2,2,2,2,2,2,2,2,0,0,0
2008,22,29,1,220257,1,6,1,2,1,2,3,2,3,1,1,2,2,2,2,2,2,2,2,2,2,2,2,2,2,1,2,2,1,2,2,0,0,0
2008,22,47,1,220258,1,6,2,2,1,1,3,1,1,2,2,2,1,2,2,2,2,1,2,2,3,2,2,2,2,2,2,2,2,2,2,0,0,0
2008,22,57,2,220259,1,6,1,2,1,2,3,2,3,2,2,2,2,1,2,2,2,2,2,2,3,2,2,2,2,2,1,1,1,2,2,0,0,0
2008,22,57,3,220260,1,6,2,2,2,2,4,2,3,2,2,2,2,2,2,2,2,2,2,2,1,1,1,1,1,2,2,1,1,2,1,0,0,0
2008,22,79,1,220261,1,6,1,1,4,2,1,2,1,2,2,2,1,2,2,2,2,2,1,2,1,2,2,2,2,2,2,2,1,1,2,0,0,0
2008,22,81,1,220262,1,6,1,2,4,2,6,2,1,1,2,2,1,2,2,2,2,2,1,2,3,2,2,2,2,2,2,2,1,2,2,0,0,0
2008,22,101,1,220263,1,6,2,2,4,2,2,2,1,2,1,2,1,2,2,2,2,2,1,2,1,2,2,2,2,2,1,1,1,2,2,0,0,0
2008,22,103,1,220264,1,6,1,2,1,2,5,3,2,2,2,2,3,2,1,2,2,2,2,2,1,2,2,2,2,2,1,1,1,1,2,0,0,0
2008,22,105,1,220265,1,6,1,1,1,2,1,2,2,1,1,2,2,1,2,2,2,2,2,2,2,2,2,2,2,1,2,2,2,1,2,0,0,0
2008,22,109,1,220266,1,6,2,2,4,2,4,2,1,2,2,2,1,2,2,1,2,2,2,2,1,2,2,2,2,2,1,1,1,2,2,0,0,0
2008,22,109,1,220267,1,6,2,2,1,1,3,1,2,1,2,2,2,2,1,1,2,2,2,2,2,2,2,2,2,2,2,2,2,1,2,0,0,0
2008,22,115,1,220268,1,6,2,2,1,1,3,1,4,1,2,2,2,2,2,2,2,2,2,2,2,2,2,2,2,2,2,2,2,2,2,0,0,0
2008,22,95,3,220269,1,6,1,2,1,1,5,1,4,2,2,2,2,2,2,1,2,2,2,2,1,2,2,2,2,2,2,2,2,2,2,0,0,0
2008,22,109,1,220270,1,6,2,2,1,2,4,2,4,2,2,2,2,2,2,2,2,2,2,2,1,2,2,2,2,2,2,2,1,2,2,0,0,0
2008,22,81,1,220271,1,6,1,2,1,2,4,2,3,1,1,2,2,2,2,2,2,2,2,2,2,2,2,2,2,2,2,2,1,1,2,0,0,0
2008,22,57,1,220272,1,6,2,2,1,2,5,2,4,1,1,2,2,2,2,1,2,2,2,2,1,1,1,1,1,2,2,1,1,2,2,0,0,0
2008,22,57,1,220273,1,6,2,2,4,2,4,2,1,3,1,2,1,2,1,2,2,2,2,2,1,2,2,2,2,2,1,1,1,2,2,0,0,0
2008,22,63,2,220274,1,6,1,2,1,2,5,2,3,1,1,2,2,2,2,2,2,2,2,2,2,2,2,2,2,1,1,1,1,2,2,0,0,0
2008,22,55,1,220275,1,6,1,2,1,1,5,1,4,1,2,2,3,2,2,2,2,2,2,2,2,2,2,2,2,1,2,2,2,2,2,0,0,0
2008,22,109,2,220276,1,6,2,2,1,2,4,2,3,1,1,2,2,2,2,2,2,2,2,2,2,2,2,2,2,2,1,1,1,2,2,0,0,0
2008,22,29,1,220277,1,6,2,2,1,2,3,2,4,2,2,1,2,2,1,2,2,2,2,2,1,2,2,2,2,2,2,2,2,2,2,0,0,0
2008,22,71,1,220278,1,6,2,2,1,1,3,1,1,1,1,2,1,2,2,2,1,2,2,2,3,2,2,2,2,2,2,2,2,2,2,0,0,0
2008,22,71,1,220279,1,6,2,2,3,2,4,2,1,2,2,2,1,2,2,2,2,2,2,2,3,2,2,2,2,2,2,2,1,1,2,0,0,0
2008,22,71,1,220280,1,6,2,2,4,2,6,2,1,3,2,2,1,2,2,2,2,2,2,2,1,2,2,2,2,2,2,2,2,2,2,0,0,0
2008,22,105,1,220281,1,6,1,2,4,1,6,1,1,2,2,2,1,2,1,1,2,2,2,2,3,1,1,1,1,2,2,1,2,2,2,0,0,0
2008,22,55,1,220282,1,6,2,2,4,2,6,2,1,2,2,2,1,2,2,1,2,2,2,2,1,2,2,2,2,2,1,1,1,2,2,0,0,0
2008,22,55,1,220283,1,6,2,2,1,1,6,1,2,2,2,2,2,2,1,2,2,2,2,2,1,2,2,2,2,2,2,2,2,1,2,0,0,0
2008,22,71,1,220284,1,6,2,2,1,2,3,3,1,2,1,2,1,2,2,1,2,2,2,2,1,2,2,2,2,2,1,1,2,1,2,0,0,0
2008,22,71,1,220285,1,6,2,2,4,2,4,2,1,2,2,2,1,2,2,2,2,2,2,2,2,1,2,1,2,2,2,2,1,1,2,0,0,0
2008,22,71,1,220286,1,6,2,2,4,1,6,1,1,1,2,2,1,2,2,2,1,2,2,2,2,2,2,2,2,2,1,1,2,1,2,0,0,0
2008,22,105,1,220287,1,6,1,2,1,1,5,1,4,1,2,2,2,2,2,2,2,2,2,2,2,2,2,2,2,1,1,1,2,2,2,0,0,0
2008,22,71,1,220288,1,6,2,1,4,2,1,2,1,2,2,2,1,2,2,1,2,2,2,2,1,2,2,2,2,2,2,2,1,1,2,0,0,0
2008,22,19,1,220289,1,6,1,2,4,2,6,2,1,2,1,2,1,2,2,1,2,2,1,2,1,2,2,2,2,2,2,2,1,1,2,0,0,0
2008,22,91,1,220290,1,6,1,2,1,2,4,2,4,2,2,2,2,2,2,1,2,2,2,2,3,2,2,2,2,2,2,2,1,1,2,0,0,0
2008,22,29,2,220291,1,6,2,2,1,2,3,2,2,2,2,2,3,2,2,1,2,2,2,2,1,1,1,1,1,2,1,1,2,1,2,0,0,0
2008,22,105,1,220292,1,6,1,2,4,1,6,1,1,2,1,2,1,2,2,1,2,2,1,1,3,2,2,2,2,2,1,1,2,2,2,0,0,0
2008,22,71,3,220293,1,6,2,2,1,1,3,1,4,2,1,2,2,2,2,2,2,2,2,2,1,2,2,2,2,2,1,1,2,2,2,0,0,0
2008,22,73,1,220294,1,6,2,1,4,2,1,2,1,1,1,2,1,2,2,2,2,2,2,2,2,2,2,2,2,2,2,2,1,1,2,0,0,0
2008,22,69,1,220295,1,6,1,1,3,2,1,2,1,2,1,2,1,2,2,1,2,2,1,2,3,2,2,2,2,2,2,2,2,1,2,0,0,0
2008,22,115,2,220296,1,6,2,2,1,1,3,1,4,1,1,2,2,1,2,2,2,2,1,2,2,2,2,2,2,2,2,2,2,1,2,0,0,0
2008,22,1,1,220297,1,6,2,2,1,2,3,3,1,1,2,2,1,2,2,2,2,2,2,2,3,2,2,2,2,1,2,2,2,2,2,0,0,0
2008,22,19,1,220298,1,6,1,2,1,1,5,1,4,1,1,2,3,1,2,2,2,2,2,2,2,1,1,1,1,2,2,1,2,1,2,0,0,0
2008,22,63,1,220299,1,6,1,2,1,2,6,3,1,1,1,2,1,1,2,2,2,2,2,2,3,2,2,2,2,2,2,2,2,2,2,0,0,0
2008,22,47,1,220300,1,6,1,2,1,2,5,2,1,1,1,2,1,2,2,2,2,1,2,2,2,2,2,2,2,2,2,2,2,1,2,0,0,0
2008,22,55,1,220301,1,6,2,2,1,2,6,2,5,2,2,2,2,2,1,2,2,2,2,2,1,2,2,2,2,2,2,2,1,2,2,0,0,0
2008,22,19,1,220302,1,6,1,2,4,2,6,2,1,2,2,2,1,2,2,1,2,2,1,2,1,2,2,2,2,2,1,1,1,1,2,0,0,0
2008,22,73,1,220303,1,6,1,2,4,2,5,2,1,2,2,2,1,2,2,1,2,2,1,2,1,2,2,2,2,2,2,2,1,1,2,0,0,0
2008,22,55,1,220304,1,6,2,2,1,2,4,3,4,1,2,2,3,2,1,2,2,2,2,2,1,2,2,2,2,2,1,1,2,2,2,0,0,0
2008,22,5,1,220305,1,6,2,2,4,2,5,2,1,2,1,2,1,2,1,1,2,2,2,2,1,2,2,2,2,2,1,1,1,2,2,0,0,0
2008,22,7,2,220306,1,6,1,2,1,2,4,2,3,2,2,2,2,2,2,2,2,2,2,2,2,2,2,2,2,2,1,1,1,2,2,0,0,0
2008,22,79,2,220307,1,6,1,2,1,2,6,2,4,2,1,2,2,2,2,1,2,2,2,2,1,1,1,1,1,2,2,1,1,2,2,0,0,0
2008,22,109,1,220308,1,6,2,2,4,2,4,2,1,2,1,2,1,2,1,1,2,2,2,2,3,2,2,2,2,2,2,2,1,1,2,0,0,0
2008,22,105,2,220309,1,6,1,2,1,2,6,3,1,1,1,2,1,2,2,2,2,2,2,2,3,2,2,2,2,2,2,2,2,2,2,0,0,0
2008,22,125,1,220310,1,6,1,2,1,2,3,2,1,2,2,1,1,2,2,2,1,2,2,2,3,2,2,2,2,2,2,2,2,2,2,0,0,0
2008,22,95,1,220311,1,6,2,2,4,2,4,2,1,2,2,2,1,2,2,1,2,2,1,2,1,2,2,2,2,2,2,2,1,1,2,0,0,0
2008,22,17,1,220312,1,6,2,2,1,2,2,2,5,1,2,2,2,2,2,2,2,2,1,2,3,2,2,2,2,2,1,1,2,2,2,0,0,0
2008,22,111,1,220313,1,6,1,2,1,1,5,1,4,1,1,2,2,2,2,2,2,2,1,2,2,2,2,2,2,2,2,2,2,2,2,0,0,0
2008,22,91,1,220314,1,6,1,2,4,2,5,2,1,2,1,2,1,2,2,2,2,2,1,2,2,2,2,2,2,2,2,2,1,1,2,0,0,0
2008,22,103,1,220315,1,6,1,2,1,2,5,2,1,1,1,2,1,2,2,2,2,2,1,2,3,2,2,2,2,2,2,2,1,1,2,0,0,0
2008,22,19,1,220316,1,6,1,2,1,1,6,1,4,1,1,2,2,2,2,2,2,2,2,2,1,2,2,2,2,2,2,2,2,2,2,0,0,0
2008,22,19,1,220317,1,6,2,2,1,2,4,2,4,1,1,2,2,2,2,2,2,2,2,2,2,2,2,2,2,2,2,2,1,2,2,0,0,0
2008,22,45,1,220318,1,6,1,2,4,2,6,2,1,2,1,2,1,2,2,2,2,2,1,2,3,2,2,2,2,2,2,2,1,1,2,0,0,0
2008,22,7,1,220319,1,6,1,2,4,2,4,2,1,2,2,2,1,2,2,2,2,2,2,2,1,2,2,2,2,2,1,1,1,2,2,0,0,0
2008,22,77,1,220320,1,6,1,2,4,2,4,2,1,2,2,2,1,2,2,2,2,2,1,2,1,2,2,2,2,2,2,2,1,2,2,0,0,0
2008,22,5,1,220321,1,6,1,2,4,2,5,2,1,2,2,2,1,2,2,1,2,2,1,2,1,2,2,2,2,2,2,2,1,2,2,0,0,0
2008,22,55,1,220322,1,6,1,2,4,2,6,2,1,2,2,2,1,2,2,2,2,2,1,2,2,1,1,1,1,2,2,1,1,2,1,0,0,0
2008,22,41,1,220323,1,6,1,2,4,2,5,2,1,2,2,2,1,2,2,2,2,2,1,2,1,2,2,2,2,2,1,1,1,2,2,0,0,0
2008,22,77,1,220324,1,6,1,2,4,2,4,2,1,2,2,2,1,2,2,1,2,2,2,2,1,2,2,2,2,2,2,2,1,1,2,0,0,0
2008,22,127,1,220325,1,6,2,2,1,2,3,3,2,1,1,2,2,1,2,1,2,2,2,2,2,2,2,2,2,2,2,2,2,1,2,0,0,0
2008,22,69,1,220326,1,6,1,2,4,2,3,2,1,2,1,2,1,2,2,2,2,2,2,2,2,2,2,2,2,2,2,2,1,1,2,0,0,0
2008,22,25,2,220327,1,6,1,2,4,2,5,2,1,2,1,2,1,2,2,1,2,2,2,2,2,2,2,2,2,2,2,2,1,1,2,0,0,0
2008,22,31,1,220328,1,6,1,2,4,2,5,2,1,1,1,2,1,2,2,2,2,2,2,2,3,2,2,2,2,1,2,2,1,1,2,0,0,0
2008,22,117,1,220329,1,6,1,2,4,2,5,2,1,2,2,2,1,2,2,2,2,2,1,2,1,1,1,1,1,2,2,1,1,1,2,0,0,0
2008,22,105,1,220330,1,6,1,2,1,1,5,1,4,2,2,2,2,2,2,2,2,2,2,2,1,1,1,1,1,2,2,1,2,1,2,0,0,0
2008,22,31,1,220331,1,6,1,2,4,2,6,2,1,1,2,2,1,2,1,2,2,2,2,2,3,2,2,2,2,1,2,2,1,2,2,0,0,0
2008,22,55,1,220332,1,6,1,2,4,2,5,2,1,2,2,2,1,2,2,1,2,2,1,2,1,1,1,1,1,2,2,1,1,1,2,0,0,0
2008,22,29,1,220333,1,6,1,2,4,2,5,2,1,2,2,2,1,2,2,1,2,2,1,2,1,2,2,2,2,2,2,2,1,1,2,0,0,0
2008,22,5,1,220334,1,6,2,1,1,2,1,2,1,2,2,2,1,2,2,2,2,1,2,2,2,2,2,2,2,2,1,1,2,2,2,0,0,0
2008,22,1,3,220335,1,6,1,1,1,2,1,2,3,2,2,2,2,2,2,2,2,2,2,2,1,2,2,2,2,1,2,2,2,2,2,0,0,0
2008,22,15,1,220336,1,6,1,2,4,2,4,2,1,1,2,2,1,2,2,1,2,2,1,2,3,2,2,2,2,2,1,1,1,2,2,0,0,0
2008,22,67,1,220337,1,6,2,2,4,2,6,2,1,1,2,2,1,2,2,2,2,2,2,2,3,2,2,2,2,1,2,2,1,1,2,0,0,0
2008,22,63,1,220338,1,6,1,2,4,2,5,2,1,2,1,2,1,2,1,1,2,2,2,2,2,2,2,2,2,2,1,1,1,1,2,0,0,0
2008,22,31,1,220339,1,6,1,2,4,2,5,2,1,2,1,2,1,1,2,2,2,2,1,2,3,2,2,2,2,2,2,2,1,2,2,0,0,0
2008,22,19,1,220340,1,6,1,2,4,2,5,2,1,2,1,2,1,2,1,2,2,2,2,2,2,2,2,2,2,2,2,2,1,2,2,0,0,0
2008,22,27,1,220341,1,6,1,2,4,2,5,2,1,1,1,2,1,2,2,1,2,2,1,2,3,2,2,2,2,2,2,2,1,1,2,0,0,0
2008,22,97,1,220342,1,6,1,2,1,2,3,2,5,1,1,2,2,2,2,2,2,2,2,2,2,2,2,2,2,2,2,2,2,1,2,0,0,0
2008,22,1,1,220343,1,6,1,2,4,2,5,2,1,1,1,2,1,2,2,1,2,2,1,2,1,2,2,2,2,2,2,2,1,1,2,0,0,0
2008,22,63,1,220344,1,6,1,2,1,2,5,2,5,2,2,2,2,2,1,2,2,2,2,2,1,1,1,1,1,2,1,1,2,2,2,0,0,0
2008,22,119,1,220345,1,6,1,1,4,2,1,2,5,2,2,2,2,2,2,1,2,2,1,2,3,2,2,2,2,2,1,1,2,1,2,0,0,0
2008,22,69,1,220346,1,6,1,2,1,2,3,2,1,2,2,2,1,2,2,2,1,2,2,2,2,2,2,2,2,2,2,2,2,2,2,0,0,0
2008,22,105,1,220347,1,6,1,2,4,2,5,2,1,2,2,2,1,2,2,2,2,2,2,2,3,2,2,2,2,2,2,2,1,1,2,0,0,0
2008,22,1,1,220348,1,6,1,2,4,2,6,2,1,2,2,2,1,2,2,2,2,2,2,2,1,2,2,2,2,2,2,2,1,1,2,0,0,0
2008,22,1,1,220349,1,6,1,2,4,2,6,2,1,2,2,1,1,2,2,2,2,2,1,2,1,1,1,1,1,2,2,1,1,2,2,0,0,0
2008,22,103,1,220350,1,6,1,2,4,1,6,1,1,2,2,2,1,2,2,2,2,2,2,2,3,2,2,2,2,2,2,2,2,2,2,0,0,0
2008,22,95,2,220351,1,6,2,2,1,2,3,2,2,1,2,2,3,2,2,1,2,2,1,2,3,1,1,1,1,2,2,1,2,2,2,0,0,0
2008,22,51,1,220352,1,6,2,2,1,1,3,1,2,2,1,2,2,1,2,1,2,2,2,2,1,2,2,2,2,2,2,2,2,2,2,0,0,0
2008,22,87,1,220353,1,6,2,2,3,2,3,2,1,2,2,2,1,2,2,1,2,2,1,2,1,2,2,2,2,2,2,2,1,2,2,0,0,0
2008,22,57,1,220354,1,6,1,2,4,2,5,2,1,1,1,2,1,2,2,1,2,2,2,2,2,1,1,1,1,2,2,1,1,1,2,0,0,0
2008,22,47,1,220355,1,6,1,2,4,2,5,2,1,2,1,2,1,2,2,2,2,2,2,2,2,1,1,1,1,2,2,1,1,2,2,0,0,0
2008,22,31,1,220356,1,6,1,2,1,2,4,3,4,2,1,2,2,1,2,2,2,2,2,2,3,2,2,2,2,1,2,2,2,1,2,0,0,0
2008,22,105,1,220357,1,6,1,2,4,2,5,2,1,2,1,2,1,2,2,2,2,2,1,2,1,2,2,2,2,2,2,2,1,1,2,0,0,0
2008,22,85,1,220358,1,6,1,2,1,1,3,1,2,2,1,2,2,2,2,2,2,2,2,2,1,2,2,1,1,2,1,1,2,2,2,0,0,0
2008,22,105,1,220359,1,6,1,2,4,2,5,2,1,2,2,2,1,2,2,2,2,2,1,2,2,2,2,2,2,2,2,2,1,2,2,0,0,0
2008,22,81,1,220360,1,6,1,2,4,2,5,2,1,1,1,2,1,2,2,1,2,2,1,2,3,2,2,2,2,2,2,2,1,2,1,0,0,0
2008,22,69,2,220361,1,6,1,1,1,2,1,2,1,2,2,2,1,2,2,2,2,2,1,2,3,2,2,2,2,2,2,2,2,2,2,0,0,0
2008,22,117,1,220362,1,6,1,2,1,2,4,2,5,1,2,2,2,2,2,2,2,2,2,2,1,1,1,1,1,2,2,1,1,2,2,0,0,0
2008,22,91,2,220363,1,6,1,2,1,2,4,2,3,2,2,2,2,2,2,2,2,2,2,2,1,2,2,2,2,2,1,1,1,2,2,0,0,0
2008,22,97,1,220364,1,6,1,2,1,2,4,3,4,2,1,2,2,2,2,2,2,2,1,2,2,2,2,1,1,2,2,1,2,2,2,0,0,0
2008,22,45,2,220365,1,6,2,2,1,1,4,1,4,2,1,2,2,2,2,2,2,2,1,2,1,2,2,2,2,2,2,2,2,2,2,0,0,0
2008,22,73,1,220366,1,6,2,2,1,2,4,2,1,2,2,2,1,2,2,2,1,2,2,2,2,2,2,2,2,1,2,2,2,2,2,0,0,0
2008,22,73,1,220367,1,6,1,2,2,2,6,2,1,1,1,2,1,2,2,2,2,2,2,2,3,2,2,2,2,2,2,2,1,1,2,0,0,0
2008,22,17,1,220368,1,6,2,2,1,2,3,3,4,2,2,2,2,1,2,2,2,2,2,2,1,2,2,2,2,2,2,2,2,2,2,0,0,0
2008,22,19,1,220369,1,6,1,2,2,2,6,2,1,2,2,2,1,2,1,2,2,2,2,2,2,2,2,2,2,1,2,2,1,1,2,0,0,0
2008,22,57,1,220370,1,6,2,2,4,2,4,2,1,2,2,2,1,2,2,2,2,2,1,2,1,2,2,2,2,2,2,2,1,1,2,0,0,0
2008,22,103,1,220371,1,6,2,1,4,2,1,2,1,2,2,2,1,2,2,1,2,2,2,2,3,1,1,1,1,2,2,1,1,2,2,0,0,0
2008,22,19,1,220372,1,6,1,2,4,2,6,2,1,1,2,2,1,2,2,1,2,2,2,2,2,1,1,1,1,2,2,1,1,1,2,0,0,0
2008,22,5,1,220373,1,6,2,2,4,1,3,1,1,2,1,2,1,2,2,1,2,2,2,2,2,2,2,2,2,2,2,2,2,2,2,0,0,0
2008,22,69,1,220374,1,6,1,1,1,2,1,2,1,2,1,2,1,2,2,2,1,2,2,2,2,2,2,1,1,2,2,1,2,2,2,0,0,0
2008,22,5,1,220375,1,6,2,2,4,2,5,2,1,2,2,2,1,2,2,2,2,2,1,2,1,2,2,2,2,2,1,1,1,2,2,0,0,0
2008,22,5,1,220376,1,6,2,2,4,2,6,2,1,1,2,2,1,2,2,2,2,2,1,2,2,1,1,1,1,2,2,1,1,1,2,0,0,0
2008,22,35,1,220377,1,6,1,2,4,2,5,2,1,2,2,2,1,2,2,2,2,2,1,2,1,2,2,2,2,2,2,2,1,2,2,0,0,0
2008,22,73,1,220378,1,6,1,2,4,2,5,2,1,1,2,2,1,2,2,1,2,2,1,2,1,2,2,2,2,2,2,2,1,1,2,0,0,0
2008,22,51,1,220379,1,6,2,2,4,2,2,3,1,2,2,2,1,2,2,2,2,2,1,2,1,2,2,2,2,2,2,2,1,1,2,0,0,0
2008,22,61,1,220380,1,6,1,1,1,2,1,2,1,2,1,2,1,2,2,2,2,2,1,2,2,2,2,2,2,2,1,1,1,1,2,0,0,0
2008,22,101,1,220381,1,6,1,2,3,2,3,2,1,1,2,2,1,2,2,2,2,2,1,2,2,1,1,1,1,2,2,1,1,1,2,0,0,0
2008,22,97,1,220382,1,6,1,1,1,2,1,2,4,1,2,2,2,1,1,2,2,2,2,2,2,2,2,2,2,2,2,2,2,1,2,0,0,0
2008,22,43,1,220383,1,6,1,2,1,2,5,2,1,2,2,2,1,2,2,1,1,2,2,2,2,2,2,2,2,2,1,1,2,2,2,0,0,0
2008,22,11,1,220384,1,6,1,2,4,2,6,2,1,2,2,2,1,2,2,1,2,2,2,2,3,2,2,2,2,2,1,1,1,2,2,0,0,0
2008,22,63,1,220385,1,6,1,2,1,2,5,3,2,1,1,2,2,2,2,2,2,2,2,2,3,2,2,2,2,2,2,2,2,1,2,0,0,0
2008,22,17,1,220386,1,6,2,2,4,2,6,2,1,2,2,1,1,2,2,1,2,2,2,2,1,2,2,1,1,2,2,1,1,2,2,0,0,0
2008,22,51,1,220387,1,6,2,2,1,2,6,2,4,2,1,2,2,2,1,2,2,2,2,2,1,2,2,2,2,2,2,2,2,2,2,0,0,0
2008,22,9,1,220388,1,6,1,2,1,2,6,2,5,1,1,2,2,2,2,1,2,2,2,2,3,1,1,1,1,2,1,1,1,1,2,0,0,0
2008,22,51,1,220389,1,6,1,2,1,2,6,2,1,2,1,2,1,2,2,2,1,2,2,2,3,2,2,2,2,2,2,2,2,2,2,0,0,0
2008,22,53,1,220390,1,6,2,2,1,1,3,1,1,2,1,2,1,2,2,2,1,2,2,2,2,2,2,2,2,2,2,2,2,1,2,0,0,0
2008,22,79,1,220391,1,6,2,2,1,2,3,3,4,2,1,2,2,2,2,2,2,2,2,2,2,1,1,1,1,2,2,1,2,1,2,0,0,0
2008,22,33,1,220392,1,6,2,2,4,2,3,2,1,2,2,2,1,2,2,1,2,2,1,2,1,1,1,1,1,2,2,1,1,1,2,0,0,0
2008,22,73,1,220393,1,6,2,1,4,2,1,2,1,1,1,2,1,1,2,2,2,2,2,2,3,2,2,2,2,2,2,2,2,2,2,0,0,0
2008,22,37,1,220394,1,6,1,2,1,2,5,2,3,1,1,2,2,2,2,2,2,2,1,2,3,2,2,2,2,1,2,2,1,1,2,0,0,0
2008,22,51,1,220395,1,6,2,2,1,2,2,3,1,2,1,2,1,2,2,2,1,2,2,2,2,2,2,2,2,2,2,2,2,2,2,0,0,0
2008,22,103,1,220396,1,6,1,2,4,2,5,2,1,1,2,2,1,2,2,2,2,2,1,2,1,2,2,2,2,2,2,2,1,2,2,0,0,0
2008,22,37,1,220397,1,6,1,2,4,2,5,2,1,2,2,2,1,2,2,2,2,2,2,2,1,2,2,2,2,2,2,2,1,2,2,0,0,0
2008,22,3,1,220398,1,6,1,2,1,2,6,3,1,2,2,2,1,1,2,2,2,2,1,2,2,2,2,2,2,2,2,2,2,2,2,0,0,0
2008,22,47,1,220399,1,6,1,2,4,2,6,2,1,1,1,2,1,2,2,1,2,2,1,2,2,2,2,2,2,2,2,2,1,2,2,0,0,0
2008,22,43,1,220400,1,6,1,2,1,2,3,2,1,2,2,2,1,2,2,1,2,2,1,2,2,2,2,2,2,2,2,2,1,1,2,0,0,0
2008,22,17,1,220401,1,6,2,2,4,1,2,1,1,2,2,2,1,1,2,1,2,2,1,2,2,2,2,2,2,2,2,2,2,2,2,0,0,0
2008,22,55,1,220402,1,6,2,2,1,2,4,2,1,2,2,1,1,2,2,2,1,2,2,2,3,1,1,1,1,2,2,1,2,2,2,0,0,0
2008,22,69,1,220403,1,6,1,2,4,2,5,2,1,2,1,2,1,2,2,1,2,2,1,2,1,2,2,2,2,2,2,2,1,2,2,0,0,0
2008,22,57,1,220404,1,6,2,2,4,2,4,2,1,2,1,2,1,2,2,1,2,2,1,2,1,2,2,2,2,2,2,2,1,2,2,0,0,0
2008,22,105,1,220405,1,6,1,2,4,2,6,2,1,2,2,2,1,2,2,1,2,2,1,2,3,1,1,1,1,2,2,1,1,1,2,0,0,0
2008,22,39,1,220406,1,6,1,2,1,2,4,2,1,2,2,2,1,1,2,2,1,2,2,2,2,2,2,2,2,2,2,2,2,2,2,0,0,0
2008,22,5,1,220407,1,6,2,1,1,2,1,2,2,2,2,1,2,2,2,1,2,2,1,2,3,2,2,2,2,2,2,2,2,2,2,0,0,0
2008,22,57,1,220408,1,6,2,2,1,2,4,2,3,2,2,2,2,2,2,2,2,2,2,2,1,2,2,2,2,2,2,2,1,1,2,0,0,0
2008,22,75,1,220409,1,6,1,2,2,1,6,1,1,2,1,2,1,2,2,2,2,2,1,2,3,2,2,2,2,2,1,1,2,1,2,0,0,0
2008,22,93,1,220410,1,6,2,2,4,2,5,2,1,2,2,2,1,2,2,2,2,2,2,2,1,2,2,2,2,2,2,2,1,2,2,0,0,0
2008,22,19,1,220411,1,6,1,2,1,2,3,2,3,2,1,2,2,2,2,2,2,2,2,2,1,1,1,1,1,2,2,1,2,2,2,0,0,0
2008,22,33,1,220412,1,6,2,2,4,2,3,2,1,2,2,2,1,2,2,2,2,2,1,2,2,2,2,2,2,2,2,2,1,2,2,0,0,0
2008,22,33,3,220413,1,6,2,1,1,2,1,2,2,1,1,2,3,1,2,2,2,2,2,2,1,2,2,2,2,2,2,2,2,1,2,0,0,0
2008,22,19,1,220414,1,6,2,2,4,2,6,2,1,2,1,2,1,2,2,1,2,2,1,2,1,2,2,2,2,2,2,2,1,1,2,0,0,0
2008,22,111,1,220415,1,6,1,2,4,2,5,2,1,1,1,2,1,2,1,2,2,2,2,2,3,2,2,2,2,2,2,2,1,2,2,0,0,0
2008,22,19,1,220416,1,6,1,2,4,2,6,2,1,2,1,2,1,2,2,1,2,2,1,2,1,2,2,2,2,2,2,2,1,1,2,0,0,0
2008,22,19,1,220417,1,6,2,2,1,2,3,2,3,2,1,2,2,2,2,2,2,2,2,2,1,2,2,2,2,2,1,1,1,2,2,0,0,0
2008,22,51,1,220418,1,6,2,2,4,2,3,2,1,2,2,2,1,2,2,2,2,2,2,2,3,2,2,2,2,2,2,2,1,2,2,0,0,0
2008,22,55,1,220419,1,6,2,2,1,2,5,2,1,2,2,2,1,2,2,2,1,2,2,2,2,2,2,2,2,2,1,1,2,2,2,0,0,0
2008,22,51,1,220420,1,6,2,2,2,2,6,2,1,2,1,2,1,2,1,1,2,2,2,2,1,2,2,2,2,2,2,2,1,2,2,0,0,0
2008,22,111,1,220421,1,6,1,2,4,2,4,2,1,2,1,2,1,2,2,2,2,2,1,2,1,2,2,2,2,2,1,1,1,1,2,0,0,0
2008,22,99,1,220422,1,6,1,2,4,2,5,2,1,2,2,2,1,2,2,2,2,2,1,2,1,2,2,2,2,2,2,2,1,1,2,0,0,0
2008,22,89,1,220423,1,6,1,1,2,2,1,2,1,1,1,2,1,2,2,2,1,2,2,2,2,2,2,2,2,2,2,2,1,1,1,0,0,0
2008,22,19,1,220424,1,6,1,2,1,1,5,1,3,1,2,2,2,2,1,2,2,2,2,2,3,1,1,1,1,1,2,1,2,2,2,0,0,0
2008,22,39,1,220425,1,6,1,2,1,2,4,2,6,1,1,2,2,1,2,2,2,2,1,2,2,2,2,2,2,2,2,2,2,2,2,0,0,0
2008,22,97,1,220426,1,6,1,2,1,2,4,2,1,2,2,2,1,2,2,2,2,1,2,2,1,2,2,2,2,2,2,2,2,2,2,0,0,0
2008,22,11,1,220427,1,6,1,2,2,2,4,2,5,1,1,2,2,1,2,2,2,2,1,2,2,1,1,1,1,2,2,1,1,2,2,0,0,0
2008,22,63,1,220428,1,6,2,2,1,2,5,2,3,1,1,2,2,2,2,2,2,2,2,2,3,2,2,2,2,1,2,2,1,1,2,0,0,0
2008,22,55,1,220429,1,6,2,2,1,1,4,1,4,1,2,2,2,1,2,2,2,2,2,2,1,2,2,2,2,2,2,2,2,2,2,0,0,0
2008,22,49,1,220430,1,6,1,2,1,2,5,2,3,1,1,2,2,2,2,2,2,2,1,2,2,2,2,2,2,2,2,2,1,1,2,0,0,0
2008,22,105,1,220431,1,6,1,1,1,2,1,2,2,2,1,1,2,2,2,2,2,2,1,2,1,2,2,2,2,1,2,2,2,2,2,0,0,0
2008,22,105,1,220432,1,6,1,2,1,2,5,2,3,1,1,2,2,2,2,2,2,2,2,2,3,1,1,1,1,2,2,1,2,2,2,0,0,0
2008,22,101,1,220433,1,6,1,2,1,2,3,3,4,2,2,2,2,2,2,2,2,2,2,2,3,2,2,2,2,1,2,2,2,1,2,0,0,0
2008,22,105,2,220434,1,6,2,1,4,2,1,2,1,1,1,2,1,2,2,2,2,2,1,2,2,2,2,2,2,2,2,2,2,2,2,0,0,0
2008,22,45,1,220435,1,6,2,2,1,1,4,1,4,1,1,2,2,2,2,2,2,2,2,2,3,2,2,2,2,2,2,2,2,2,2,0,0,0
2008,22,17,1,220436,1,6,1,2,4,2,5,2,1,2,2,2,1,2,2,1,2,2,2,2,3,2,2,2,2,2,1,1,1,2,2,0,0,0
2008,22,13,1,220437,1,6,1,2,4,2,5,2,1,2,2,2,1,1,2,1,2,2,1,2,3,2,2,2,2,2,2,2,1,1,2,0,0,0
2008,22,83,1,220438,1,6,1,2,4,2,6,2,1,2,2,2,1,2,2,1,2,2,1,2,3,2,2,2,2,2,1,1,1,2,2,0,0,0
2008,22,85,1,220439,1,6,1,2,4,2,3,2,1,2,2,2,1,2,2,1,2,2,1,2,1,2,2,2,2,2,2,2,1,2,2,0,0,0
2008,22,13,1,220440,1,6,1,1,1,2,1,2,1,1,2,2,1,2,2,2,2,2,1,2,2,2,2,2,2,2,2,2,1,1,2,0,0,0
2008,22,105,1,220441,1,6,1,2,1,2,5,2,3,2,2,2,2,2,2,2,2,2,2,2,1,2,2,2,2,2,1,1,1,2,2,0,0,0
2008,22,113,1,220442,1,6,2,2,1,1,4,1,4,1,2,2,2,2,2,2,2,2,2,2,2,2,2,2,2,1,1,1,2,1,2,0,0,0
2008,22,103,1,220443,1,6,1,2,1,1,4,1,4,1,1,2,2,1,2,2,2,2,2,2,3,2,2,2,2,1,2,2,2,1,2,0,0,0
2008,22,33,1,220444,1,6,2,1,2,2,1,2,2,1,1,2,1,2,2,2,2,2,2,2,2,2,2,2,2,2,2,2,2,2,2,0,0,0
2008,22,85,1,220445,1,6,1,2,1,2,3,3,4,1,1,2,2,2,2,2,2,2,1,2,2,2,2,2,2,2,2,2,1,1,2,0,0,0
2008,22,19,2,220446,1,6,1,2,4,2,5,2,1,1,2,2,1,2,2,2,2,2,1,2,2,1,2,1,2,2,2,2,1,1,2,0,0,0
2008,22,51,1,220447,1,6,2,2,1,1,3,1,4,2,1,2,2,2,2,2,2,2,1,2,1,2,2,2,2,2,2,2,2,2,2,0,0,0
2008,22,19,1,220448,1,6,2,2,1,2,3,2,4,2,1,2,2,1,2,1,2,2,2,2,3,1,1,1,1,2,2,1,1,2,2,0,0,0
2008,22,25,1,220449,1,6,1,2,4,2,5,2,1,2,2,2,1,2,2,1,2,2,1,2,1,2,2,2,2,2,2,2,1,2,2,0,0,0
2008,22,93,2,220450,1,6,1,2,4,2,5,2,1,1,2,2,1,2,2,2,2,2,2,2,2,2,2,2,2,2,2,2,1,1,2,0,0,0
2008,22,13,1,220451,1,6,1,2,4,2,5,2,1,1,1,2,1,2,2,2,2,2,1,2,3,2,2,2,2,1,2,2,1,1,2,0,0,0
2008,22,15,1,220452,1,6,1,1,4,2,1,2,1,1,1,2,1,1,2,2,2,2,1,2,3,2,2,2,2,2,2,2,1,1,2,0,0,0
2008,22,27,1,220453,1,6,1,2,4,2,4,2,1,2,1,2,1,2,1,2,2,2,2,2,3,2,2,2,2,2,2,2,1,1,2,0,0,0
2008,22,53,1,220454,1,6,1,2,1,2,6,2,1,1,1,2,1,2,2,1,1,2,2,2,2,2,2,2,2,2,2,2,2,2,2,0,0,0
2008,22,97,1,220455,1,6,1,1,4,2,1,2,1,2,1,2,1,2,2,2,2,2,1,2,1,2,2,2,2,2,2,2,1,2,2,0,0,0
2008,22,43,1,220456,1,6,1,2,4,2,3,2,1,2,1,2,1,2,2,2,2,2,2,2,2,2,2,2,2,1,2,2,1,1,2,0,0,0
2008,22,15,1,220457,1,6,2,2,4,2,3,2,1,1,1,2,2,2,2,2,2,2,2,2,3,2,2,2,2,2,2,2,1,2,2,0,0,0
2008,22,33,2,220458,1,6,2,2,1,2,3,2,4,2,2,2,2,2,2,1,2,2,2,2,3,2,2,2,2,2,1,1,1,2,2,0,0,0
2008,22,33,1,220459,1,6,2,1,1,2,1,3,2,2,1,2,2,2,2,2,2,2,2,2,1,2,2,2,2,2,1,1,2,1,2,0,0,0
2008,22,33,1,220460,1,6,2,2,3,2,3,2,1,2,1,1,1,2,2,1,2,2,1,2,3,2,2,2,2,2,2,2,1,2,2,0,0,0
2008,22,33,2,220461,1,6,2,2,1,2,3,2,5,2,1,2,3,2,1,1,2,2,2,2,3,2,2,2,2,2,1,1,1,1,2,0,0,0
2008,22,33,1,220462,1,6,2,2,1,1,4,1,4,1,1,2,2,2,2,2,2,2,2,2,3,2,2,2,2,2,2,2,2,2,2,0,0,0
2008,22,33,1,220463,1,6,2,2,3,1,3,1,1,1,1,2,1,2,2,2,2,2,2,2,2,2,2,2,2,2,1,1,2,1,2,0,0,0
2008,22,33,1,220464,1,6,2,2,1,1,6,1,1,2,1,2,1,2,2,2,1,2,2,2,2,2,2,2,2,2,2,2,2,2,2,0,0,0
2008,22,33,1,220465,1,6,2,2,1,1,6,1,4,3,2,2,2,2,1,2,2,2,2,2,3,2,2,2,2,2,1,1,2,1,2,0,0,0
2008,22,33,1,220466,1,6,2,1,4,2,1,2,1,2,1,2,1,1,2,2,2,2,2,2,3,2,2,2,2,2,2,2,1,2,2,0,0,0
2008,22,33,1,220467,1,6,2,2,4,2,6,2,1,1,1,1,1,2,2,2,1,2,2,2,1,2,2,2,2,2,2,2,1,2,2,0,0,0
2008,22,33,1,220468,1,6,2,2,1,2,3,2,5,1,1,2,2,2,2,2,2,2,2,2,3,1,1,1,1,2,2,1,1,2,2,0,0,0
2008,22,33,1,220469,1,6,2,2,4,2,6,2,1,2,1,2,1,2,2,2,2,2,1,2,3,2,2,2,2,2,2,2,1,1,2,0,0,0
2008,22,33,1,220470,1,6,2,2,1,2,6,2,5,2,1,2,2,2,2,1,2,2,2,2,3,2,2,1,1,2,1,1,1,2,2,0,0,0
2008,22,33,1,220471,1,6,2,2,1,1,3,1,1,2,1,1,1,2,2,2,1,2,2,2,3,2,2,2,2,2,2,2,2,2,2,0,0,0
2008,22,51,1,220472,1,6,2,2,4,2,4,2,1,2,2,2,1,2,2,1,2,2,1,2,1,2,2,2,2,2,2,2,1,2,2,0,0,0
2008,22,73,2,220473,1,6,2,2,1,1,6,1,4,1,1,2,2,1,2,1,2,2,1,2,3,2,2,2,2,2,2,2,2,2,2,0,0,0
2008,22,103,1,220474,1,6,1,2,1,2,4,2,3,1,1,2,2,2,2,2,2,2,2,2,3,2,2,2,2,2,2,2,1,2,2,0,0,0
2008,22,61,1,220475,1,6,2,2,1,1,6,1,1,2,1,2,1,2,2,2,1,2,2,2,3,2,2,2,2,2,2,2,2,2,2,0,0,0
2008,22,17,1,220476,1,6,2,2,1,2,6,3,1,2,1,2,1,2,1,1,2,2,2,2,1,2,2,2,2,1,2,2,2,1,2,0,0,0
2008,22,3,2,220477,1,6,1,2,1,2,6,3,1,1,1,2,1,2,2,2,2,2,2,2,2,2,2,2,2,2,2,2,2,1,2,0,0,0
2008,22,97,1,220478,1,6,2,2,4,2,4,2,1,2,1,2,1,2,2,2,2,2,1,2,2,2,2,2,2,2,2,2,1,2,2,0,0,0
2008,22,51,1,220479,1,6,2,2,1,1,3,1,4,1,1,2,2,1,2,2,2,2,2,2,3,2,2,2,2,1,2,2,2,1,2,0,0,0
2008,22,109,1,220480,1,6,2,2,1,1,4,1,4,1,1,2,2,2,2,1,2,2,2,2,1,2,2,2,2,1,2,2,2,2,2,0,0,0
2008,22,1,1,220481,1,6,1,2,4,2,4,2,1,1,1,2,1,2,2,1,2,2,1,2,1,2,2,2,2,2,2,2,1,2,2,0,0,0
2008,22,51,1,220482,1,6,2,1,1,2,1,2,1,2,1,2,1,2,2,1,2,2,1,2,1,2,2,2,2,2,2,2,1,2,2,0,0,0
2008,22,127,1,220483,1,6,1,2,1,2,5,2,2,1,2,2,2,1,2,2,2,2,2,2,2,2,2,2,2,2,2,2,1,2,2,0,0,0
2008,22,53,1,220484,1,6,1,1,2,2,1,2,1,2,2,1,1,2,2,2,1,2,2,2,3,2,2,2,2,2,2,2,2,1,2,0,0,0
2008,22,123,2,220485,1,6,1,2,4,2,5,2,1,1,2,2,1,2,2,2,2,2,1,2,1,2,2,2,2,2,2,2,1,1,2,0,0,0
2008,22,55,1,220486,1,6,1,2,1,1,5,1,4,2,1,2,2,2,2,2,2,2,1,2,2,2,2,2,2,2,2,2,2,2,2,0,0,0
2008,22,93,1,220487,1,6,1,2,4,2,5,2,1,1,1,2,1,2,2,1,2,2,2,2,2,1,1,1,1,2,2,1,1,1,2,0,0,0
2008,22,101,1,220488,1,6,2,2,4,1,6,1,5,2,2,1,1,2,2,2,2,2,2,2,3,2,2,2,2,2,2,2,2,1,2,0,0,0
2008,22,103,1,220489,1,6,2,1,4,2,1,2,1,1,2,2,1,2,2,2,2,2,2,2,3,2,2,2,2,2,2,2,1,2,2,0,0,0
2008,22,89,1,220490,1,6,2,2,1,2,3,3,4,2,1,2,2,1,2,2,2,2,2,2,2,2,2,2,2,2,2,2,1,2,2,0,0,0
2008,22,11,1,220491,1,6,1,2,1,2,5,2,3,1,1,2,2,1,2,2,2,2,2,2,2,1,1,1,1,2,2,1,1,2,2,0,0,0
2008,22,103,1,220492,1,6,2,2,1,1,4,1,4,2,1,2,2,2,2,1,2,2,1,2,1,2,2,1,1,1,2,1,2,2,2,0,0,0
2008,22,53,1,220493,1,6,2,2,1,2,3,2,3,1,1,2,2,2,1,2,2,2,2,2,1,2,2,2,2,2,2,2,1,1,2,0,0,0
2008,22,55,1,220494,1,6,2,2,1,2,3,2,1,2,2,2,1,2,2,2,1,2,2,2,1,2,2,2,2,2,1,1,2,2,2,0,0,0
2008,22,83,2,220495,1,6,1,2,4,2,4,2,1,2,2,2,1,2,2,2,2,2,1,2,1,2,2,2,2,2,1,1,1,2,2,0,0,0
2008,22,55,2,220496,1,6,2,2,1,1,3,1,4,2,1,2,2,2,2,2,2,2,2,2,3,1,1,1,1,2,1,1,2,1,2,0,0,0
2008,22,103,1,220497,1,6,2,1,2,2,1,2,2,2,1,2,1,2,2,2,2,2,1,2,2,2,2,2,2,2,1,1,1,1,1,0,0,0
2008,22,51,1,220498,1,6,2,2,1,2,3,2,1,2,2,2,1,2,2,1,1,2,2,2,1,2,2,2,2,2,2,2,2,2,2,0,0,0
2008,22,79,2,220499,1,6,1,2,4,2,5,2,1,2,1,2,2,2,2,1,2,2,1,2,2,2,2,2,2,2,2,2,1,1,2,0,0,0
2008,22,19,1,220500,1,6,2,2,1,2,4,2,3,1,1,2,2,1,2,2,2,2,2,2,3,2,2,2,2,2,2,2,1,2,2,0,0,0
2008,22,17,1,220501,1,6,2,2,1,2,3,2,1,2,1,2,1,2,2,2,1,2,2,2,2,2,2,1,1,2,2,1,2,2,2,0,0,0
2008,22,109,1,220502,1,6,1,2,4,2,6,2,1,2,2,2,1,2,2,1,2,2,1,2,1,2,2,2,2,2,2,2,1,2,2,0,0,0
2008,22,63,1,220503,1,6,1,2,4,2,5,2,1,3,2,2,1,2,1,2,2,2,2,2,1,2,2,2,2,2,2,2,1,2,2,0,0,0
2008,22,33,1,220504,1,6,1,2,1,2,6,2,1,2,2,2,1,2,2,2,2,2,1,2,3,2,2,2,2,2,2,2,2,2,2,0,0,0
2008,22,19,1,220505,1,6,1,2,1,2,5,2,1,2,1,2,1,2,2,2,2,2,2,2,1,2,2,2,2,2,2,2,2,2,2,0,0,0
2008,22,79,1,220506,1,6,1,2,4,2,6,2,1,1,2,2,1,2,2,1,2,2,2,2,2,1,1,1,1,2,2,1,1,1,2,0,0,0
2008,22,117,1,220507,1,6,1,2,4,2,4,2,1,2,1,2,1,2,2,2,2,2,2,2,3,2,2,2,2,2,2,2,1,2,2,0,0,0
2008,22,103,1,220508,1,6,2,2,4,2,4,2,1,2,2,2,1,2,2,2,2,2,1,2,1,2,2,2,2,2,2,2,1,1,2,0,0,0
2008,22,79,1,220509,1,6,2,2,1,1,3,1,1,2,2,2,1,2,2,2,1,2,2,2,2,1,1,1,1,2,2,1,2,2,2,0,0,0
2008,22,55,1,220510,1,6,2,1,2,2,1,2,1,2,2,2,1,2,2,2,2,2,1,2,1,2,2,2,2,2,2,2,1,2,2,0,0,0
2008,22,117,1,220511,1,6,1,2,1,1,5,1,2,1,1,2,2,1,2,2,2,2,2,2,3,2,2,2,2,2,2,2,2,1,2,0,0,0
2008,22,11,2,220512,1,6,1,2,4,2,5,2,1,1,2,2,1,2,2,1,2,2,2,2,2,2,2,1,1,2,2,1,1,1,2,0,0,0
2008,22,5,2,220513,1,6,1,1,4,2,1,2,1,2,1,2,1,2,2,1,2,2,2,2,2,1,1,1,1,2,2,1,1,1,2,0,0,0
2008,22,13,1,220514,1,6,1,1,1,2,1,2,2,1,2,2,2,1,2,1,2,2,2,2,3,2,2,2,2,2,1,1,2,1,2,0,0,0
2008,22,103,1,220515,1,6,1,2,1,2,6,2,3,1,1,2,3,2,1,2,2,2,2,2,3,2,2,2,2,2,2,2,1,2,2,0,0,0
2008,22,105,2,220516,1,6,1,2,1,2,6,3,4,2,1,2,2,2,2,2,2,2,2,2,2,2,2,1,1,2,2,1,2,2,2,0,0,0
2008,22,103,1,220517,1,6,2,1,1,2,1,2,2,2,2,1,2,2,2,2,2,2,1,2,1,1,1,1,1,2,2,1,2,1,2,0,0,0
2008,22,73,1,220518,1,6,1,2,4,2,5,2,1,2,2,2,1,2,2,1,2,2,1,2,3,2,2,2,2,2,2,2,1,2,2,0,0,0
2008,22,91,1,220519,1,6,1,2,1,2,4,3,4,1,1,2,2,1,2,1,2,2,2,2,3,2,2,2,2,2,2,2,2,2,2,0,0,0
2008,22,7,1,220520,1,6,1,2,4,2,6,2,1,1,1,2,1,2,2,2,2,2,1,2,2,2,2,2,2,2,2,2,1,1,2,0,0,0
2008,22,69,1,220521,1,6,1,1,1,2,1,2,1,1,1,2,1,2,2,2,2,2,1,2,3,2,2,2,2,2,2,2,2,2,2,0,0,0
2008,22,39,2,220522,1,6,1,2,1,1,4,1,4,1,1,2,3,2,2,2,2,2,2,2,3,2,2,2,2,1,1,1,2,2,2,0,0,0
2008,22,19,1,220523,1,6,2,1,1,2,1,2,2,2,2,2,2,1,1,2,2,2,2,2,3,2,2,2,2,2,2,2,2,1,2,0,0,0
2008,22,17,1,220524,1,6,2,2,1,1,3,1,5,2,1,2,2,2,2,1,2,2,2,2,3,2,2,2,2,2,1,1,2,2,2,0,0,0
2008,22,57,1,220525,1,6,2,2,1,2,4,3,2,1,1,2,3,2,2,2,2,2,2,2,2,2,2,2,2,1,2,2,2,1,2,0,0,0
2008,22,63,1,220526,1,6,2,2,1,2,3,2,1,2,2,2,1,2,2,2,1,2,2,2,2,2,2,1,1,2,2,1,2,2,2,0,0,0
2008,22,63,1,220527,1,6,2,2,1,2,4,2,5,2,1,2,2,2,2,1,2,2,1,2,1,2,2,1,1,2,1,1,1,2,2,0,0,0
2008,22,19,1,220528,1,6,2,1,1,2,1,2,2,1,1,2,3,1,2,1,2,2,2,2,3,2,2,2,2,2,2,2,2,1,2,0,0,0
2008,22,99,1,220529,1,6,1,2,4,2,5,2,1,2,1,2,1,2,2,1,2,2,1,2,1,2,2,2,2,2,1,1,1,2,2,0,0,0
2008,22,101,1,220530,1,6,1,2,1,1,5,1,4,1,2,2,2,2,1,1,2,2,2,2,3,2,2,2,2,2,2,2,2,2,2,0,0,0
2008,22,47,1,220531,1,6,1,2,4,2,5,2,1,1,1,2,1,2,2,1,2,2,1,2,2,2,2,2,2,2,1,1,1,2,2,0,0,0
2008,22,105,1,220532,1,6,1,2,4,2,6,2,1,1,2,2,1,2,2,2,2,2,2,2,2,2,2,2,2,2,2,2,1,2,1,0,0,0
2008,22,83,1,220533,1,6,1,2,1,2,6,2,2,1,2,2,2,2,2,2,2,2,2,2,3,2,2,2,2,1,1,1,2,1,2,0,0,0
2008,22,33,1,220534,1,6,2,2,1,2,3,2,1,2,1,2,1,2,2,2,1,2,2,2,1,2,2,2,2,2,2,2,2,2,2,0,0,0
2008,22,33,1,220535,1,6,2,2,2,1,6,1,1,2,2,2,1,2,2,2,2,2,2,2,1,2,2,2,2,2,2,2,2,2,2,0,0,0
2008,22,51,1,220536,1,6,2,2,2,2,2,2,1,2,1,2,1,2,2,1,2,2,1,2,1,2,2,2,2,2,2,2,1,2,2,0,0,0
2008,22,57,1,220537,1,6,2,2,4,1,4,1,1,2,2,2,1,2,2,2,2,2,2,2,2,2,2,2,2,2,2,2,2,2,2,0,0,0
2008,22,53,2,220538,1,6,1,2,1,1,6,1,4,1,2,2,2,2,2,2,2,2,1,2,2,1,1,1,1,2,2,1,2,2,2,0,0,0
2008,22,121,1,220539,1,6,1,2,1,2,3,2,1,2,1,2,1,2,2,2,1,2,2,2,2,2,2,2,2,2,2,2,2,2,2,0,0,0
2008,22,47,3,220540,1,6,1,1,1,2,1,2,4,1,1,2,2,2,2,1,2,2,1,2,3,1,1,1,1,2,2,1,1,1,2,0,0,0
2008,22,37,1,220541,1,6,1,2,4,2,5,2,1,2,2,2,1,2,2,1,2,2,1,1,1,1,1,1,1,2,2,1,1,2,2,0,0,0
2008,22,1,1,220542,1,6,2,2,1,2,6,2,1,2,1,2,1,1,2,2,1,2,2,2,2,2,2,2,2,2,2,2,2,2,2,0,0,0
2008,22,79,1,220543,1,6,1,2,1,1,5,1,2,1,1,2,2,2,1,2,2,2,1,2,1,2,2,2,2,2,2,2,2,1,2,0,0,0
2008,22,45,1,220544,1,6,1,2,1,1,3,1,4,2,2,2,2,2,2,2,2,2,2,2,1,2,2,2,2,2,1,1,2,2,2,0,0,0
2008,22,105,1,220545,1,6,1,2,1,2,6,3,1,1,2,2,1,2,2,2,2,2,1,2,3,2,2,1,1,2,2,1,2,1,2,0,0,0
2008,22,33,1,220546,1,6,2,2,1,2,3,2,1,2,1,1,1,2,2,2,1,2,2,2,3,2,2,2,2,2,2,2,2,2,2,0,0,0
2008,22,41,1,220547,1,6,2,2,4,2,4,2,1,2,1,2,1,2,1,1,2,2,2,2,3,2,2,2,2,2,2,2,1,1,2,0,0,0
2008,22,125,1,220548,1,6,1,2,4,2,3,2,1,1,1,2,1,2,2,2,2,2,1,2,2,2,2,2,2,2,2,2,1,1,2,0,0,0
2008,22,61,1,220549,1,6,1,1,4,2,1,2,1,1,1,2,1,2,2,2,2,2,2,2,2,2,2,2,2,2,2,2,1,1,2,0,0,0
2008,22,61,2,220550,1,6,2,1,1,2,1,2,2,1,1,2,2,1,2,2,2,2,2,2,3,2,2,2,2,2,2,2,2,2,2,0,0,0
2008,22,93,1,220551,1,6,1,2,1,1,4,1,4,1,1,2,2,2,2,2,2,2,2,2,1,2,2,2,2,2,2,2,2,2,2,0,0,0
2008,22,117,1,220552,1,6,1,2,4,2,6,2,1,2,2,2,1,2,2,1,2,2,1,2,3,1,1,1,1,2,2,1,1,1,2,0,0,0
2008,22,109,1,220553,1,6,2,2,1,1,3,1,4,2,2,2,2,2,2,2,2,2,2,2,3,2,2,2,2,1,1,1,2,2,2,0,0,0
2008,22,19,1,220554,1,6,1,2,1,1,5,1,3,1,2,2,2,2,1,2,2,2,2,2,3,2,2,2,2,2,2,2,2,1,2,0,0,0
2008,22,19,1,220555,1,6,1,2,4,2,6,2,1,2,2,2,1,2,2,1,2,2,1,2,1,1,1,1,1,2,2,1,1,1,2,0,0,0
2008,22,121,1,220556,1,6,2,1,2,2,1,2,1,2,2,2,1,2,1,2,2,2,2,2,1,2,2,2,2,2,2,2,1,2,2,0,0,0
2008,22,55,1,220557,1,6,2,2,2,2,3,2,1,2,2,2,1,2,1,2,2,2,2,2,1,2,2,2,2,2,2,2,1,2,2,0,0,0
2008,22,39,1,220558,1,6,1,2,4,1,5,1,1,1,1,2,1,2,2,2,2,2,1,2,3,2,2,2,2,1,2,2,2,2,2,0,0,0
2008,22,51,1,220559,1,6,2,2,1,2,3,2,2,1,1,2,2,2,2,2,2,2,2,2,3,2,2,2,2,1,2,2,2,2,2,0,0,0
2008,22,17,1,220560,1,6,1,2,4,2,6,2,1,2,2,2,1,2,2,2,2,2,1,2,3,2,2,2,2,2,2,2,1,2,2,0,0,0
2008,22,17,1,220561,1,6,1,1,1,2,1,2,5,2,1,2,3,1,2,2,2,2,1,2,3,1,1,1,1,2,2,1,1,1,2,0,0,0
2008,22,9,1,220562,1,6,1,2,1,2,4,3,1,1,1,2,1,2,2,2,1,2,2,2,2,2,2,2,2,2,2,2,2,2,2,0,0,0
2008,22,17,1,220563,1,6,1,2,1,1,6,1,3,2,1,2,2,2,1,1,2,2,2,2,3,2,2,2,2,2,1,1,2,2,2,0,0,0
2008,22,25,1,220564,1,6,1,2,4,2,3,2,1,1,1,2,1,2,1,2,2,2,2,2,2,2,2,2,2,2,2,2,1,1,2,0,0,0
2008,22,11,1,220565,1,6,1,2,4,2,3,2,1,2,1,2,1,2,1,2,2,2,2,2,2,2,2,2,2,2,2,2,1,1,2,0,0,0
2008,22,103,1,220566,1,6,1,2,4,2,6,2,1,2,2,2,1,2,2,2,2,2,2,2,2,2,2,2,2,2,1,1,1,1,2,0,0,0
2008,22,103,1,220567,1,6,2,2,1,1,4,1,4,2,1,2,2,2,2,2,2,2,2,2,2,2,2,2,2,2,1,1,2,2,2,0,0,0
2008,22,127,1,220568,1,6,1,2,4,2,5,2,1,1,1,2,1,2,1,2,2,2,2,2,1,2,2,2,2,2,2,2,1,1,2,0,0,0
2008,22,49,1,220569,1,6,1,2,1,1,6,1,1,2,2,1,1,2,2,1,1,2,2,2,3,2,2,2,2,2,2,2,2,2,2,0,0,0
2008,22,61,1,220570,1,6,1,1,4,2,1,3,1,2,1,2,1,2,2,1,2,2,2,2,3,2,2,2,2,2,2,2,1,2,2,0,0,0
2008,22,59,1,220571,1,6,1,2,1,2,6,2,1,2,1,2,1,2,2,2,2,2,2,2,3,2,2,2,2,2,2,2,2,2,2,0,0,0
2008,22,73,1,220572,1,6,2,2,4,2,6,2,1,2,2,2,1,2,2,2,2,2,1,2,3,2,2,2,2,2,2,2,1,2,2,0,0,0
2008,22,73,1,220573,1,6,2,2,1,2,3,2,1,2,2,2,1,2,2,2,1,2,2,2,2,2,2,2,2,2,2,2,2,2,2,0,0,0
2008,22,63,1,220574,1,6,2,2,1,2,4,3,4,1,2,2,2,2,2,2,2,2,2,2,3,2,2,2,2,1,1,1,2,2,2,0,0,0
2008,22,3,1,220575,1,6,2,2,2,2,3,2,1,2,2,2,1,2,2,1,2,2,2,2,1,2,2,2,2,2,2,2,1,2,2,0,0,0
2008,22,33,1,220576,1,6,2,2,1,2,6,3,1,2,2,2,1,2,2,2,2,2,2,2,2,2,2,2,2,2,1,1,2,2,2,0,0,0
2008,22,55,1,220577,1,6,2,1,1,2,1,2,2,2,1,2,2,1,2,2,2,2,2,2,2,2,2,2,2,1,2,2,2,1,2,0,0,0
2008,22,3,1,220578,1,6,1,2,1,1,3,1,2,2,2,2,3,2,1,1,2,2,2,2,1,1,1,1,1,2,1,1,2,1,2,0,0,0
2008,22,17,1,220579,1,6,1,2,4,1,6,1,1,1,2,2,1,2,1,1,2,2,2,2,3,2,2,2,2,2,2,2,2,1,2,0,0,0
2008,22,17,1,220580,1,6,2,2,1,1,3,1,4,1,1,2,2,1,2,2,2,2,2,2,3,1,1,1,1,2,2,1,2,2,2,0,0,0
2008,22,1,1,220581,1,6,1,2,4,2,6,2,1,2,2,2,1,2,2,1,2,2,2,2,1,2,2,2,2,2,2,2,1,1,2,0,0,0
2008,22,97,1,220582,1,6,2,2,4,2,5,2,1,1,1,2,1,2,2,2,1,2,2,2,2,2,2,2,2,2,2,2,1,1,2,0,0,0
2008,22,67,1,220583,1,6,2,2,1,2,4,2,1,2,2,1,1,2,2,1,2,2,2,2,1,2,2,2,2,2,2,2,2,2,2,0,0,0
2008,22,19,1,220584,1,6,1,2,4,2,6,2,1,1,2,2,1,2,2,1,2,2,1,2,1,2,2,2,2,2,2,2,1,2,2,0,0,0
2008,22,97,2,220585,1,6,1,1,1,2,1,2,2,2,1,2,2,1,2,1,2,2,2,2,2,2,2,2,2,2,2,2,2,1,2,0,0,0
2008,22,103,1,220586,1,6,2,2,1,2,4,3,4,1,2,2,2,2,1,2,2,2,2,2,3,2,2,2,2,1,2,2,2,1,2,0,0,0
2008,22,55,1,220587,1,6,2,2,2,1,3,1,3,1,1,2,2,2,2,1,2,2,2,2,3,2,2,2,2,1,2,2,2,2,2,0,0,0
2008,22,105,1,220588,1,6,1,2,1,2,4,2,1,1,1,2,1,1,2,2,2,1,2,2,2,2,2,2,2,2,2,2,2,2,2,0,0,0
2008,22,73,1,220589,1,6,1,2,4,2,6,2,1,1,1,2,1,2,2,2,2,2,1,2,3,1,1,1,1,2,2,1,1,1,2,0,0,0
2008,22,19,1,220590,1,6,1,2,4,2,6,2,1,3,2,2,1,2,2,1,2,2,1,2,1,2,2,1,1,2,2,1,1,2,2,0,0,0
2008,22,95,1,220591,1,6,1,2,1,2,6,2,1,1,1,2,1,2,2,2,1,2,2,2,2,2,2,2,2,2,2,2,2,2,2,0,0,0
2008,22,23,1,220592,1,6,1,2,4,1,5,1,1,3,1,2,1,2,2,2,2,2,1,2,2,1,1,1,1,2,2,1,2,2,2,0,0,0
2008,22,63,1,220593,1,6,2,1,4,2,1,2,1,2,1,2,1,2,2,2,2,2,1,2,1,1,1,1,1,2,2,1,1,2,2,0,0,0
2008,22,63,2,220594,1,6,1,2,4,2,5,2,1,2,2,2,1,2,2,1,2,2,1,2,1,2,2,2,2,2,1,1,1,1,2,0,0,0
2008,22,109,1,220595,1,6,2,2,1,2,4,2,3,2,1,2,2,2,2,2,2,2,2,2,1,2,2,2,2,2,2,2,2,2,2,0,0,0
2008,22,45,1,220596,1,6,1,2,4,2,5,2,1,1,2,2,1,2,2,2,2,2,1,2,2,2,2,2,2,2,2,2,1,1,2,0,0,0
2008,22,105,1,220597,1,6,1,1,4,2,1,2,1,1,1,2,1,2,2,2,2,2,2,2,3,2,2,2,2,2,2,2,1,2,2,0,0,0
2008,22,9,1,220598,1,6,1,2,4,2,6,2,1,2,1,2,1,2,2,2,2,2,2,2,1,2,2,2,2,2,2,2,1,1,2,0,0,0
2008,22,1,1,220599,1,6,1,2,4,2,5,2,1,2,2,2,1,2,2,2,2,2,2,2,1,2,2,2,2,2,1,1,1,1,2,0,0,0
2008,22,57,1,220600,1,6,2,2,4,2,5,2,1,2,1,2,1,2,2,1,2,2,1,2,2,2,2,2,2,2,2,2,1,1,2,0,0,0
2008,22,93,1,220601,1,6,1,2,4,2,5,2,1,2,1,2,1,2,2,1,2,2,1,2,1,2,2,2,2,2,2,2,1,2,2,0,0,0
2008,22,45,1,220602,1,6,2,2,1,2,5,2,1,1,1,2,1,2,2,2,1,2,2,2,2,2,2,2,2,2,2,2,2,2,2,0,0,0
2008,22,103,1,220603,1,6,1,1,4,2,1,2,1,2,2,2,1,2,2,2,2,2,1,2,3,2,2,2,2,2,2,2,1,1,2,0,0,0
2008,22,15,1,220604,1,6,1,2,1,2,5,3,2,1,1,2,2,1,2,2,2,2,2,2,3,2,2,2,2,1,2,2,2,1,2,0,0,0
2008,22,65,2,220605,1,6,1,2,4,2,5,2,1,2,2,2,1,2,2,2,2,2,2,2,1,2,2,2,2,2,1,1,1,1,2,0,0,0
2008,22,109,1,220606,1,6,2,2,4,2,4,2,1,2,2,2,1,2,2,2,2,2,1,2,1,2,2,2,2,2,2,2,1,1,2,0,0,0
2008,22,69,1,220607,1,6,1,2,1,2,4,2,4,1,1,2,2,2,2,2,2,2,2,2,3,2,2,2,2,2,2,2,1,1,2,0,0,0
2008,22,105,1,220608,1,6,1,2,4,2,5,2,1,2,2,2,1,2,2,2,2,2,2,2,1,2,2,2,2,2,2,2,1,1,2,0,0,0
2008,22,89,1,220609,1,6,2,2,1,2,3,2,5,1,1,2,3,2,2,2,2,2,2,2,3,2,2,2,2,2,2,2,1,1,2,0,0,0
2008,22,49,2,220610,1,6,1,2,4,2,5,2,1,2,1,2,1,2,2,2,2,2,1,2,1,2,2,2,2,2,2,2,1,2,2,0,0,0
2008,22,33,1,220611,1,6,2,2,4,2,3,2,1,2,2,2,1,2,2,2,2,2,2,2,3,2,2,2,2,2,1,1,1,1,2,0,0,0
2008,22,9,1,220612,1,6,1,2,1,2,4,2,3,2,2,2,2,2,2,2,2,2,2,2,1,2,2,2,2,1,2,2,1,2,2,0,0,0
2008,22,93,1,220613,1,6,1,1,3,2,1,2,1,2,2,2,1,2,2,2,2,2,1,2,3,2,2,2,2,2,1,1,1,1,2,0,0,0
2008,22,103,1,220614,1,6,1,2,1,2,3,2,4,1,1,2,2,2,2,1,2,2,2,2,2,2,2,2,2,2,1,1,1,2,2,0,0,0
2008,22,109,1,220615,1,6,2,2,1,2,4,3,3,1,1,2,2,2,2,2,2,2,2,2,2,2,2,2,2,1,2,2,2,1,2,0,0,0
2008,22,109,1,220616,1,6,1,2,1,2,6,2,1,1,1,2,1,2,2,1,1,2,2,2,2,2,2,2,2,2,2,2,2,2,2,0,0,0
2008,22,103,1,220617,1,6,2,2,4,2,5,2,1,2,2,2,1,2,2,1,2,2,1,2,3,2,2,2,2,2,2,2,1,1,2,0,0,0
2008,22,103,1,220618,1,6,2,1,4,2,1,2,5,1,1,2,2,2,2,2,2,2,2,2,3,2,2,2,2,2,2,2,1,1,2,0,0,0
2008,22,117,1,220619,1,6,1,2,4,2,6,2,1,1,1,2,1,2,2,2,2,2,1,2,3,2,2,2,2,1,2,2,1,2,2,0,0,0
2008,22,109,1,220620,1,6,1,2,4,2,5,2,1,1,2,2,1,2,2,2,2,2,1,2,3,2,2,2,2,2,2,2,1,2,2,0,0,0
2008,22,63,1,220621,1,6,1,2,4,2,5,2,1,1,1,2,1,2,2,2,2,2,1,2,2,2,2,2,2,2,1,1,1,2,2,0,0,0
2008,22,97,1,220622,1,6,1,2,4,2,5,2,1,1,2,2,1,2,2,2,2,2,2,2,1,2,2,2,2,2,2,2,1,1,2,0,0,0
2008,22,77,1,220623,1,6,1,2,1,2,3,2,2,1,1,2,3,1,2,1,2,2,2,2,2,2,2,2,2,2,1,1,2,1,2,0,0,0
2008,22,7,1,220624,1,6,2,2,1,2,5,2,4,2,2,2,2,2,2,2,2,2,2,2,2,2,2,2,2,2,1,1,1,1,2,0,0,0
2008,22,103,3,220625,1,6,1,1,1,2,1,2,4,1,2,2,2,2,2,2,2,2,1,2,3,2,2,2,2,1,2,2,1,1,2,0,0,0
2008,22,63,1,220626,1,6,1,2,1,1,5,1,3,2,1,2,2,2,2,1,2,2,2,2,2,2,2,2,2,2,1,1,2,2,2,0,0,0
2008,22,105,1,220627,1,6,1,2,4,2,6,2,1,1,1,2,1,2,2,2,2,2,2,2,3,2,2,2,2,2,2,2,1,1,2,0,0,0
2008,22,5,1,220628,1,6,2,2,4,2,3,2,1,2,1,2,1,2,2,2,2,2,1,2,1,2,2,2,2,2,2,2,1,2,2,0,0,0
2008,22,17,1,220629,1,6,2,2,4,2,6,2,1,2,2,2,1,2,1,1,2,2,2,2,3,2,2,2,2,2,1,1,1,1,2,0,0,0
2008,22,89,1,220630,1,6,1,2,4,2,5,2,1,1,1,2,1,2,2,2,2,2,2,2,3,2,2,2,2,2,2,2,1,2,2,0,0,0
2008,22,19,2,220631,1,6,1,2,1,2,5,2,4,1,2,2,3,2,2,2,2,2,2,2,1,2,2,2,2,2,2,2,1,1,2,0,0,0
2008,22,45,1,220632,1,6,1,2,2,2,3,2,1,2,2,2,1,2,2,2,2,2,1,2,2,2,2,2,2,1,2,2,1,1,2,0,0,0
2008,22,97,1,220633,1,6,1,1,1,2,1,2,2,2,2,2,2,1,2,2,2,2,1,2,2,2,2,2,2,2,2,2,2,1,2,0,0,0
2008,22,105,2,220634,1,6,2,2,1,1,5,1,6,1,2,2,2,2,1,2,2,2,2,2,2,2,2,2,2,2,2,2,2,1,2,0,0,0
2008,22,11,4,220635,1,6,1,2,4,2,4,2,1,2,2,2,1,2,2,1,2,2,2,2,1,2,2,2,2,2,1,1,1,2,2,0,0,0
2008,22,115,3,220636,1,6,1,2,4,2,5,2,1,2,2,2,1,2,2,1,2,2,2,2,1,1,1,1,1,2,2,1,1,1,2,0,0,0
2008,22,33,1,220637,1,6,2,2,1,2,3,2,2,1,2,2,2,2,1,2,2,2,2,2,2,2,2,2,2,2,2,2,2,1,2,0,0,0
2008,22,15,1,220638,1,6,2,1,4,2,1,2,1,2,2,2,1,2,2,2,2,2,1,2,3,2,2,2,2,2,2,2,1,1,2,0,0,0
2008,22,75,1,220639,1,6,1,2,1,2,3,2,4,1,1,2,2,2,2,2,2,2,2,2,2,2,2,2,2,1,2,2,2,1,2,0,0,0
2008,22,57,1,220640,1,6,2,2,4,2,5,2,1,2,1,2,1,2,2,1,2,2,1,2,1,2,2,2,2,2,2,2,1,2,2,0,0,0
2008,22,51,1,220641,1,6,2,2,4,2,2,2,1,2,1,2,1,2,2,1,2,2,2,2,1,1,1,1,1,2,2,1,1,1,2,0,0,0
2008,22,53,1,220642,1,6,1,2,4,2,6,2,1,1,2,2,1,2,2,2,2,2,1,2,1,2,2,2,2,2,2,2,1,2,2,0,0,0
2008,22,101,1,220643,1,6,2,2,1,2,2,2,1,2,2,2,1,2,2,2,1,2,2,2,1,2,2,2,2,2,2,2,2,2,2,0,0,0
2008,22,5,1,220644,1,6,2,1,4,2,1,2,1,2,2,2,1,2,2,2,2,2,1,2,2,1,1,1,1,2,2,1,1,1,2,0,0,0
2008,22,105,1,220645,1,6,2,1,1,2,1,2,5,1,1,2,2,2,2,2,2,2,1,2,3,2,2,2,2,2,2,2,2,2,2,0,0,0
2008,22,79,1,220646,1,6,2,2,1,1,6,1,4,1,2,2,2,2,2,2,2,2,2,2,3,2,2,2,2,2,2,2,2,2,2,0,0,0
2008,22,113,1,220647,1,6,1,2,1,2,4,2,2,1,2,2,3,2,1,2,2,2,2,2,2,2,2,2,2,2,2,2,2,1,2,0,0,0
2008,22,7,1,220648,1,6,2,2,1,2,5,2,2,1,2,2,3,1,2,2,2,2,1,2,2,2,2,2,2,2,1,1,2,2,2,0,0,0
2008,22,95,1,220649,1,6,2,2,1,2,4,2,3,2,2,2,2,2,2,1,2,2,2,2,3,2,2,2,2,2,2,2,1,1,2,0,0,0
2008,22,63,1,220650,1,6,1,2,1,2,4,2,3,2,2,2,2,2,2,2,2,2,2,2,1,2,2,2,2,2,2,2,1,2,2,0,0,0
2008,22,113,1,220651,1,6,1,2,4,2,5,2,1,2,2,2,1,2,2,2,2,2,1,2,1,2,2,2,2,2,2,2,1,1,2,0,0,0
2008,22,19,1,220652,1,6,1,2,4,2,6,2,1,1,2,2,1,2,2,1,2,2,1,2,1,2,2,2,2,2,2,2,1,2,2,0,0,0
2008,22,105,1,220653,1,6,1,2,4,2,5,2,1,2,2,2,1,2,2,2,2,2,1,2,1,2,2,2,2,2,2,2,1,1,2,0,0,0
2008,22,63,1,220654,1,6,2,2,4,2,3,2,1,2,2,2,1,2,2,1,2,2,1,2,1,2,2,2,2,2,2,2,1,2,2,0,0,0
2008,22,33,1,220655,1,6,2,2,1,1,3,1,1,2,2,2,1,2,2,2,1,2,2,2,2,2,2,2,2,2,2,2,2,2,2,0,0,0
2008,22,45,1,220656,1,6,2,2,1,2,4,2,3,2,2,2,3,2,2,2,2,2,2,2,1,2,2,2,2,2,2,2,1,2,2,0,0,0
2008,22,57,1,220657,1,6,1,2,4,2,5,2,1,2,2,2,1,2,2,2,2,2,1,2,1,2,2,2,2,2,2,2,1,1,2,0,0,0
2008,22,63,1,220658,1,6,1,2,4,2,4,2,1,1,2,2,1,2,2,2,2,2,1,2,2,1,1,1,1,2,2,1,1,1,2,0,0,0
2008,22,33,1,220659,1,6,2,2,1,1,3,1,2,2,1,2,2,1,2,2,2,2,2,2,2,2,2,2,2,2,1,1,2,1,2,0,0,0
2008,22,127,1,220660,1,6,1,2,1,2,3,2,4,1,1,2,2,2,2,1,2,2,2,2,2,2,2,2,2,2,2,2,1,2,2,0,0,0
2008,22,39,1,220661,1,6,1,2,4,2,4,2,1,2,1,2,1,2,2,2,2,2,1,2,1,2,2,2,2,2,2,2,1,1,2,0,0,0
2008,22,127,1,220662,1,6,1,2,4,2,5,2,1,1,1,2,1,2,2,1,2,2,1,2,1,2,2,2,2,2,2,2,1,2,2,0,0,0
2008,22,57,1,220663,1,6,1,2,4,2,4,2,1,1,1,2,1,2,2,2,2,2,2,2,2,2,2,2,2,2,2,2,1,1,1,0,0,0
2008,22,9,1,220664,1,6,1,2,4,2,5,2,1,2,2,2,1,2,2,2,2,2,2,2,1,2,2,2,2,2,1,1,1,1,2,0,0,0
2008,22,15,1,220665,1,6,2,1,1,2,1,2,1,2,2,2,1,2,2,2,1,2,2,2,2,2,2,2,2,2,2,2,2,2,2,0,0,0
2008,22,37,1,220666,1,6,1,2,4,2,4,2,1,2,2,2,1,2,2,2,2,2,2,2,1,2,2,2,2,2,2,2,1,2,2,0,0,0
2008,22,115,1,220667,1,6,1,2,1,2,6,2,1,2,2,2,1,2,2,2,1,2,2,2,2,1,1,1,1,2,2,1,2,2,2,0,0,0
2008,22,19,1,220668,1,6,1,2,1,2,6,2,1,2,2,2,1,2,2,2,1,2,2,2,2,1,1,1,1,2,2,1,2,2,2,0,0,0
2008,22,1,1,220669,1,6,2,2,4,2,5,2,1,2,2,2,1,2,2,1,2,2,2,2,1,2,2,2,2,2,2,2,1,2,2,0,0,0
2008,22,87,1,220670,1,6,2,2,4,2,4,2,1,2,1,2,1,2,2,2,2,2,2,2,3,2,2,2,2,2,2,2,1,1,2,0,0,0
2008,22,87,3,220671,1,6,2,2,1,2,4,2,3,2,2,2,2,2,2,2,2,2,2,2,1,2,2,2,2,2,2,2,1,2,2,0,0,0
2008,22,19,1,220672,1,6,1,2,1,2,4,2,3,1,1,2,2,2,2,2,2,2,2,2,3,2,2,2,2,2,1,1,1,2,2,0,0,0
2008,22,95,1,220673,1,6,2,2,1,1,4,1,4,2,2,2,2,2,2,2,2,2,2,2,2,2,2,2,2,2,2,2,2,1,2,0,0,0
2008,22,63,1,220674,1,6,1,2,4,2,5,2,1,2,2,2,1,2,2,2,2,2,1,2,1,2,2,2,2,2,1,1,1,2,2,0,0,0
2008,22,7,1,220675,1,6,2,2,4,2,4,2,1,2,2,2,1,2,2,2,2,2,2,2,3,2,2,2,2,2,2,2,1,2,2,0,0,0
2008,22,57,1,220676,1,6,1,2,1,2,4,2,4,2,1,2,2,2,2,2,2,2,2,2,2,2,2,2,2,2,2,2,1,1,2,0,0,0
2008,22,63,1,220677,1,6,1,2,4,2,4,2,1,2,1,2,1,2,2,2,2,2,1,2,1,2,2,2,2,2,2,2,1,2,2,0,0,0
2008,22,19,1,220678,1,6,2,2,1,2,3,2,1,2,1,1,1,2,2,2,1,2,2,2,3,2,2,2,2,1,2,2,2,2,2,0,0,0
2008,22,17,1,220679,1,6,2,2,1,2,3,2,1,1,1,1,1,2,2,2,1,2,2,2,3,2,2,2,2,2,2,2,1,2,2,0,0,0
2008,22,51,1,220680,1,6,1,2,4,2,5,2,1,2,1,2,1,2,1,2,2,2,2,2,1,2,2,2,2,2,2,2,1,1,2,0,0,0
2008,22,115,2,220681,1,6,1,2,4,2,3,2,1,2,2,2,1,2,2,1,2,2,1,2,1,2,2,2,2,2,2,2,1,1,2,0,0,0
2008,22,53,2,220682,1,6,1,2,1,2,4,2,3,2,2,2,2,2,2,1,2,2,2,2,2,2,2,1,1,2,2,1,1,2,2,0,0,0
2008,22,9,1,220683,1,6,1,2,1,2,4,2,1,2,1,2,1,2,2,2,1,2,2,2,2,2,2,2,2,2,2,2,2,2,2,0,0,0
2008,22,79,1,220684,1,6,2,2,1,1,3,1,4,1,1,2,3,1,2,2,2,2,2,2,3,2,2,2,2,2,2,2,2,2,2,0,0,0
2008,22,103,1,220685,1,6,1,2,1,2,4,2,4,1,2,2,2,2,2,2,2,2,2,2,3,2,2,2,2,2,1,1,1,1,2,0,0,0
2008,22,111,1,220686,1,6,1,2,4,2,6,2,1,1,1,2,1,2,2,1,2,2,2,2,2,1,1,1,1,2,2,1,1,1,2,0,0,0
2008,22,73,1,220687,1,6,1,2,4,2,6,2,1,2,1,2,1,2,2,2,2,2,2,2,3,2,2,2,2,2,2,2,1,2,2,0,0,0
2008,22,23,1,220688,1,6,1,2,4,2,5,2,1,1,1,2,1,1,2,2,2,2,1,2,3,2,2,2,2,2,2,2,1,2,2,0,0,0
2008,22,31,2,220689,1,6,1,1,1,2,1,2,3,1,1,2,3,2,2,2,2,2,1,2,3,2,2,2,2,1,2,2,2,2,2,0,0,0
2008,22,31,1,220690,1,6,1,2,4,2,5,2,1,2,1,2,1,1,2,2,2,2,1,2,3,2,2,2,2,2,2,2,1,1,2,0,0,0
2008,22,119,1,220691,1,6,1,2,1,2,4,2,1,1,1,2,1,2,2,2,1,2,2,2,2,2,2,2,2,2,2,2,2,2,2,0,0,0
2008,22,117,1,220692,1,6,1,2,1,2,6,2,3,1,1,2,2,2,2,2,2,2,2,2,3,1,1,1,1,2,2,1,1,1,2,0,0,0
2008,22,117,1,220693,1,6,2,2,1,2,6,2,1,2,1,2,1,2,2,2,1,2,2,2,3,2,2,2,2,2,2,2,2,2,2,0,0,0
2008,22,5,1,220694,1,6,1,2,1,2,4,2,3,1,1,2,2,2,2,2,2,2,2,2,3,2,2,2,2,2,2,2,1,2,2,0,0,0
2008,22,121,1,220695,1,6,1,2,4,2,6,2,1,2,2,2,1,2,2,1,2,2,1,2,3,2,2,2,2,2,2,2,1,2,2,0,0,0
2008,22,45,1,220696,1,6,1,2,1,2,4,2,5,1,1,2,3,2,2,1,2,2,2,2,3,2,2,2,2,2,1,1,2,1,2,0,0,0
2008,22,17,1,220697,1,6,2,2,1,2,4,2,4,1,1,2,2,2,2,1,2,2,2,2,3,2,2,1,1,2,2,1,1,2,2,0,0,0
2008,22,73,1,220698,1,6,2,2,1,2,4,3,4,1,1,2,2,2,1,2,2,2,2,2,2,1,1,1,1,2,1,1,2,1,2,0,0,0
2008,22,93,1,220699,1,6,2,2,1,1,4,1,4,2,1,2,2,2,2,2,2,2,1,2,3,2,2,2,2,2,2,2,2,2,2,0,0,0
2008,22,33,2,220700,1,6,2,2,3,2,3,2,1,2,1,2,1,2,2,2,2,2,1,2,2,2,2,1,1,2,2,1,1,2,2,0,0,0
2008,22,33,1,220701,1,6,2,2,1,1,4,1,2,1,1,2,3,2,2,2,2,2,2,2,3,2,2,2,2,1,2,2,2,1,2,0,0,0
2008,22,53,1,220702,1,6,1,2,6,2,5,2,1,2,1,2,1,2,2,2,1,2,2,2,1,2,2,2,2,2,1,1,2,2,2,0,0,0
2008,22,55,1,220703,1,6,2,1,4,2,1,2,1,2,1,2,1,2,2,2,2,2,1,2,3,2,2,2,2,2,2,2,1,1,2,0,0,0
2008,22,97,1,220704,1,6,2,1,1,2,1,2,1,2,2,2,1,2,2,1,2,2,1,2,3,2,2,2,2,2,1,1,1,1,2,0,0,0
2008,22,19,1,220705,1,6,2,2,1,1,3,1,4,2,2,2,2,2,2,2,2,2,2,2,3,2,2,2,2,1,2,2,2,2,2,0,0,0
2008,22,117,1,220706,1,6,1,2,4,2,5,2,1,1,1,2,1,2,2,2,2,2,2,2,2,2,2,2,2,1,2,2,1,2,1,0,0,0
2008,22,71,1,220707,1,6,2,2,4,2,2,2,1,1,2,2,1,2,1,1,2,2,2,2,3,1,1,1,1,2,2,1,1,1,2,0,0,0
2008,22,73,1,220708,1,6,2,2,4,2,5,2,1,2,1,2,1,2,2,2,2,2,2,2,3,2,2,2,2,2,2,2,1,1,2,0,0,0
2008,22,63,1,220709,1,6,1,2,1,2,5,2,5,1,2,2,2,1,2,2,2,2,2,2,3,2,2,1,1,2,2,1,1,2,2,0,0,0
2008,22,71,1,220710,1,6,2,2,4,2,3,2,1,1,2,2,1,2,2,2,1,2,2,2,3,2,2,2,2,2,1,1,1,2,2,0,0,0
2008,22,71,1,220711,1,6,2,1,1,2,1,2,1,2,1,2,1,2,2,2,1,2,2,2,2,2,2,2,2,2,1,1,2,2,2,0,0,0
2008,22,71,1,220712,1,6,2,2,1,1,6,1,1,2,2,2,1,2,2,2,1,2,2,2,1,2,2,2,2,2,2,2,2,2,2,0,0,0
2008,22,119,1,220713,1,6,2,2,1,2,6,2,1,2,1,1,1,2,2,2,1,2,2,2,2,1,1,1,1,2,2,1,2,2,2,0,0,0
2008,22,79,3,220714,1,6,2,2,4,2,4,2,1,1,1,2,1,2,2,1,1,2,2,2,2,2,2,2,2,2,1,1,1,1,2,0,0,0
2008,22,51,1,220715,1,6,1,2,4,2,6,2,1,1,2,2,1,2,2,1,2,2,2,2,1,2,2,2,2,2,2,2,1,2,2,0,0,0
2008,22,127,3,220716,1,6,1,2,4,2,6,2,1,2,2,2,1,2,2,1,2,2,1,2,2,1,2,1,2,2,2,2,1,1,2,0,0,0
2008,22,57,1,220717,1,6,1,2,4,2,5,2,1,2,2,2,1,2,2,2,2,2,2,2,1,2,2,2,2,2,2,2,1,1,2,0,0,0
2008,22,63,1,220718,1,6,1,2,4,2,5,2,1,2,2,2,1,2,2,2,2,2,2,2,3,2,2,2,2,2,2,2,1,2,2,0,0,0
2008,22,53,1,220719,1,6,1,2,1,2,5,2,3,2,1,2,2,2,2,2,2,2,2,2,1,2,2,2,2,2,2,2,1,2,2,0,0,0
2008,22,113,1,220720,1,6,1,2,1,2,5,2,1,2,1,2,1,2,2,2,1,2,2,2,2,2,2,2,2,2,2,2,2,2,2,0,0,0
2008,22,79,1,220721,1,6,2,2,4,1,6,1,1,1,1,2,1,2,2,2,2,2,2,2,3,2,2,2,2,1,2,2,2,2,2,0,0,0
2008,22,63,2,220722,1,6,1,2,1,2,5,2,3,2,1,2,2,2,2,2,2,2,2,2,2,2,2,2,2,2,1,1,1,2,2,0,0,0
2008,22,33,1,220723,1,6,2,2,4,2,3,2,1,2,1,2,1,2,2,1,2,2,1,2,2,2,2,2,2,2,1,1,1,2,2,0,0,0
2008,22,61,1,220724,1,6,1,2,1,1,5,1,4,2,2,2,2,2,2,2,2,2,2,2,3,2,2,2,2,2,2,2,2,1,2,0,0,0
2008,22,3,1,220725,1,6,2,2,1,2,6,3,1,1,1,2,1,2,2,2,2,2,2,2,3,2,2,2,2,1,2,2,2,2,2,0,0,0
2008,22,51,1,220726,1,6,2,2,1,2,3,2,1,2,1,1,1,2,2,2,1,2,2,2,3,2,2,2,2,2,2,2,2,2,2,0,0,0
2008,22,51,1,220727,1,6,2,2,4,2,6,2,1,3,1,2,1,2,2,2,2,2,2,2,3,2,2,2,2,2,2,2,1,1,2,0,0,0
2008,22,33,2,220728,1,6,2,1,4,2,1,2,1,2,2,2,1,2,2,2,2,2,1,2,3,2,2,2,2,2,2,2,1,2,1,0,0,0
2008,22,105,1,220729,1,6,1,1,1,2,1,2,1,1,1,1,1,2,2,2,1,2,2,2,3,2,2,2,2,2,2,2,2,2,2,0,0,0
2008,22,103,1,220730,1,6,1,2,1,2,6,2,1,1,1,2,1,2,2,2,2,2,1,2,1,2,2,2,2,2,2,2,1,1,2,0,0,0
2008,22,99,1,220731,1,6,2,1,1,2,1,2,1,1,1,2,1,2,2,2,2,2,1,2,3,2,2,2,2,2,2,2,2,1,2,0,0,0
2008,22,73,1,220732,1,6,1,2,1,2,3,3,2,2,1,2,2,1,2,2,2,2,2,2,2,2,2,2,2,1,2,2,2,1,2,0,0,0
2008,22,75,1,220733,1,6,1,2,3,1,4,1,4,1,1,2,2,2,2,2,2,2,2,2,2,1,1,1,1,2,2,1,2,1,2,0,0,0
2008,22,63,1,220734,1,6,1,2,4,2,6,3,1,1,2,2,1,2,2,2,2,2,2,2,3,2,2,2,2,1,2,2,2,2,2,0,0,0
2008,22,61,2,220735,1,6,1,1,1,2,1,2,3,2,2,1,3,1,2,2,2,2,2,2,3,2,2,2,2,2,2,2,2,1,2,0,0,0
2008,22,17,1,220736,1,6,1,2,1,2,4,3,1,1,1,1,3,2,2,2,1,2,2,2,3,2,2,2,2,2,1,1,2,2,2,0,0,0
2008,22,109,1,220737,1,6,2,2,1,2,5,2,1,1,1,2,1,2,2,2,1,2,2,2,2,2,2,2,2,2,2,2,2,2,2,0,0,0
2008,22,55,1,220738,1,6,2,2,1,2,6,3,1,1,1,2,1,2,2,2,2,2,1,2,2,2,2,2,2,2,2,2,2,2,2,0,0,0
2008,22,57,1,220739,1,6,1,2,4,2,4,2,1,2,2,2,1,2,2,2,2,2,1,2,1,2,2,2,2,2,2,2,1,1,2,0,0,0
2008,22,51,1,220740,1,6,2,2,1,1,3,1,1,2,1,2,1,2,2,2,1,2,2,2,2,2,2,2,2,1,2,2,2,2,2,0,0,0
2008,22,19,3,220741,1,6,1,1,1,2,1,2,4,2,2,2,2,2,2,2,2,2,2,1,2,2,2,2,2,2,2,2,1,2,2,0,0,0
2008,22,91,1,220742,1,6,1,2,1,1,4,1,4,2,1,2,2,2,2,1,2,2,2,2,1,2,2,2,2,2,2,2,2,2,2,0,0,0
2008,22,33,1,220743,1,6,2,2,4,2,4,2,1,2,2,2,1,2,2,1,2,2,1,2,3,2,2,2,2,2,2,2,1,2,2,0,0,0
2008,22,101,1,220744,1,6,2,2,4,1,6,1,1,2,2,2,1,2,2,2,2,2,2,2,3,2,2,2,2,2,1,1,2,2,2,0,0,0
2008,22,69,1,220745,1,6,1,1,1,2,1,2,2,2,2,2,2,1,2,2,2,2,2,2,2,2,2,2,2,1,2,2,2,1,2,0,0,0
2008,22,75,1,220746,1,6,1,2,4,2,6,2,1,2,1,2,1,2,2,2,2,2,1,2,1,2,2,2,2,2,2,2,1,2,2,0,0,0
2008,22,17,1,220747,1,6,1,2,4,2,6,2,1,3,3,2,1,2,2,1,2,2,2,2,3,2,2,2,2,2,2,2,1,2,2,0,0,0
2008,22,115,1,220748,1,6,1,2,4,2,6,2,1,1,1,2,1,2,2,2,2,2,2,2,2,2,2,2,2,2,2,2,1,1,2,0,0,0
2008,22,63,1,220749,1,6,2,2,1,2,4,3,4,1,2,2,2,2,2,2,2,2,2,2,3,2,2,2,2,2,2,2,2,1,2,0,0,0
2008,22,99,1,220750,1,6,1,2,4,2,6,2,1,2,1,2,1,2,2,1,2,2,1,2,3,2,2,2,2,2,2,2,1,2,2,0,0,0
2008,22,15,1,220751,1,6,2,1,2,2,1,2,1,2,2,2,1,2,2,2,2,2,1,2,2,1,1,1,1,2,2,1,2,1,2,0,0,0
2008,22,57,1,220752,1,6,2,2,1,2,5,2,3,2,1,2,3,2,2,2,2,2,1,2,2,2,2,2,2,1,2,2,1,1,2,0,0,0
2008,22,15,1,220753,1,6,2,2,1,2,3,2,5,2,1,2,2,2,2,2,2,2,2,2,3,2,2,2,2,2,1,1,1,1,2,0,0,0
2008,22,57,1,220754,1,6,2,2,1,1,4,1,4,1,1,2,2,1,2,2,2,2,2,2,1,2,2,2,2,1,2,2,2,1,2,0,0,0
2008,22,95,1,220755,1,6,2,2,1,1,4,1,1,2,2,2,1,2,2,2,1,2,2,2,3,2,2,2,2,2,2,2,2,2,2,0,0,0
2008,22,33,1,220756,1,6,2,2,4,2,6,2,1,2,1,2,1,2,2,1,2,2,2,2,3,2,2,2,2,2,1,1,1,2,2,0,0,0
2008,22,1,2,220757,1,6,1,1,2,2,1,2,5,1,2,2,2,2,2,2,2,2,1,2,2,2,2,2,2,2,2,2,2,2,2,0,0,0
2008,22,57,1,220758,1,6,1,2,1,2,4,2,3,2,1,2,2,1,2,2,2,2,2,2,2,2,2,2,2,2,2,2,1,1,2,0,0,0
2008,22,97,1,220759,1,6,1,2,4,1,3,1,1,2,1,2,1,2,2,1,2,2,1,2,2,2,2,2,2,2,1,1,2,2,2,0,0,0
2008,22,79,1,220760,1,6,1,2,4,2,6,2,1,1,1,2,1,2,2,2,2,2,1,2,3,2,2,2,2,2,2,2,1,1,2,0,0,0
2008,22,7,1,220761,1,6,1,2,1,2,6,2,1,2,1,2,1,2,2,2,2,2,2,2,2,2,2,2,2,2,2,2,2,2,2,0,0,0
2008,22,113,1,220762,1,6,1,2,4,2,6,2,1,1,1,2,1,2,2,2,2,2,2,2,3,1,1,1,1,2,2,1,2,2,2,0,0,0
2008,22,5,1,220763,1,6,2,2,1,2,3,2,3,2,1,1,2,2,2,2,2,2,1,2,1,2,2,1,1,2,2,1,2,2,2,0,0,0
2008,22,57,1,220764,1,6,1,2,1,2,4,2,1,2,2,1,1,2,2,2,1,2,2,2,3,2,2,2,2,2,1,1,2,2,2,0,0,0
2008,22,19,1,220765,1,6,2,1,1,2,1,2,2,2,2,2,3,2,2,2,2,2,2,2,1,2,2,1,1,2,2,1,2,1,2,0,0,0
2008,22,1,1,220766,1,6,1,1,4,2,1,2,1,2,2,2,1,2,2,2,2,2,1,2,2,1,1,1,1,2,2,1,1,1,2,0,0,0
2008,22,33,1,220767,1,6,2,2,4,2,3,2,1,1,2,2,1,2,2,2,2,2,2,2,2,2,2,2,2,2,2,2,1,1,2,0,0,0
2008,22,63,1,220768,1,6,2,2,4,2,6,2,1,2,2,2,1,2,2,2,2,2,2,2,3,2,2,2,2,2,1,1,2,2,2,0,0,0
2008,22,101,1,220769,1,6,1,2,4,2,6,2,1,2,2,2,1,2,2,1,2,2,1,2,3,2,2,2,2,2,2,2,1,2,2,0,0,0
2008,22,109,1,220770,1,6,2,2,1,1,6,1,4,1,1,2,2,1,2,2,2,2,2,2,2,2,2,1,1,2,2,1,2,1,2,0,0,0
2008,22,51,1,220771,1,6,1,2,1,2,5,2,1,1,1,2,1,2,2,2,1,2,2,2,2,2,2,2,2,2,2,2,2,2,2,0,0,0
2008,22,55,1,220772,1,6,2,2,1,1,4,1,4,1,1,2,2,2,2,2,2,2,1,2,3,2,2,2,2,2,2,2,2,1,2,0,0,0
2008,22,101,1,220773,1,6,1,2,4,2,6,2,1,2,1,2,1,2,2,2,2,2,1,2,3,2,2,2,2,2,1,1,1,1,2,0,0,0
2008,22,109,1,220774,1,6,2,2,4,2,4,2,1,2,1,2,1,2,2,2,2,2,1,2,1,2,2,2,2,2,2,2,2,1,2,0,0,0
2008,22,17,1,220775,1,6,1,2,4,2,6,2,1,2,1,2,1,2,2,1,2,2,1,2,3,2,2,2,2,2,2,2,1,2,2,0,0,0
2008,22,17,1,220776,1,6,1,2,4,2,5,2,1,2,1,2,1,2,2,1,2,2,2,2,3,2,2,2,2,2,2,2,1,2,2,0,0,0
2008,22,95,1,220777,1,6,1,2,1,1,6,1,1,1,1,2,1,2,2,1,2,2,1,2,3,1,1,1,1,2,2,1,2,1,2,0,0,0
2008,22,51,1,220778,1,6,2,2,1,2,3,2,1,2,1,2,1,2,2,2,1,2,2,2,1,2,2,2,2,2,2,2,2,1,2,0,0,0
2008,22,63,1,220779,1,6,2,2,4,2,5,2,1,1,1,2,1,2,2,2,2,2,2,2,3,1,1,1,1,2,2,1,1,1,1,0,0,0
2008,22,33,1,220780,1,6,1,2,4,2,6,2,1,2,2,2,1,2,2,1,2,2,1,2,3,1,1,1,1,2,2,1,1,2,2,0,0,0
2008,22,63,1,220781,1,6,2,2,4,2,4,2,1,2,1,2,1,2,2,2,2,2,1,2,2,2,2,2,2,2,1,1,1,2,2,0,0,0
2008,22,103,1,220782,1,6,2,1,4,2,1,2,1,2,2,2,1,2,2,2,2,2,2,2,3,2,2,2,2,1,2,2,1,2,2,0,0,0
2008,22,33,1,220783,1,6,2,2,4,2,4,2,1,2,2,2,1,2,2,2,2,2,2,2,1,2,2,2,2,2,2,2,1,1,2,0,0,0
2008,22,19,1,220784,1,6,2,1,1,2,1,2,2,1,2,2,2,2,2,2,2,2,2,2,2,2,2,2,2,2,2,2,2,1,2,0,0,0
2008,22,39,1,220785,1,6,2,2,4,2,4,2,1,3,1,1,1,2,2,2,2,2,2,2,1,2,2,2,2,2,1,1,1,1,2,0,0,0
2008,22,53,1,220786,1,6,1,2,4,2,5,3,1,1,1,2,1,2,2,2,2,2,2,2,2,2,2,2,2,1,2,2,1,1,2,0,0,0
2008,22,57,1,220787,1,6,2,2,1,2,5,2,4,1,2,2,2,1,2,2,2,2,2,2,1,2,2,2,2,1,2,2,1,2,2,0,0,0
2008,22,75,1,220788,1,6,2,2,1,2,3,2,2,2,2,2,2,2,2,2,2,2,1,2,1,2,2,2,2,2,2,2,2,1,2,0,0,0
2008,22,109,1,220789,1,6,2,2,4,2,3,2,1,2,1,2,1,2,2,1,2,2,1,2,1,2,2,2,2,2,1,1,1,2,2,0,0,0
2008,22,97,1,220790,1,6,1,2,1,2,5,2,3,2,1,2,2,2,2,2,2,2,2,2,3,2,2,2,2,2,2,2,1,1,2,0,0,0
2008,22,115,1,220791,1,6,1,2,1,2,3,2,1,2,2,1,1,2,2,2,1,2,2,2,3,2,2,2,2,2,2,2,2,2,2,0,0,0
2008,22,91,1,220792,1,6,1,2,1,1,6,1,4,2,1,2,2,2,2,2,2,2,2,2,1,2,2,2,2,1,1,1,2,2,2,0,0,0
2008,22,15,1,220793,1,6,2,1,2,2,1,2,1,2,1,2,1,2,2,2,2,2,1,2,3,2,2,2,2,2,1,1,1,2,2,0,0,0
2008,22,71,1,220794,1,6,2,2,1,1,4,1,1,2,1,2,1,2,1,1,2,2,2,2,3,2,2,2,2,2,2,2,2,2,2,0,0,0
2008,22,71,1,220795,1,6,2,2,4,1,6,1,1,1,2,2,1,2,2,1,2,2,2,2,1,2,2,2,2,2,2,2,2,2,2,0,0,0
2008,22,71,1,220796,1,6,1,2,1,2,4,2,3,1,1,2,2,1,2,2,2,2,2,2,3,2,2,2,2,2,2,2,2,2,2,0,0,0
2008,22,71,1,220797,1,6,2,2,1,2,3,2,1,2,2,2,1,2,2,2,1,2,2,2,2,2,2,2,2,2,2,2,2,2,2,0,0,0
2008,22,71,1,220798,1,6,1,2,4,2,4,2,1,2,2,2,1,2,2,1,2,2,2,2,1,2,2,2,2,2,2,2,1,2,2,0,0,0
2008,22,71,1,220799,1,6,2,2,2,1,4,1,1,2,2,1,1,2,2,1,2,2,1,2,3,2,2,2,2,2,2,2,2,2,2,0,0,0
2008,22,79,1,220800,1,6,1,2,1,2,6,2,1,2,1,2,1,2,2,2,1,2,2,2,2,1,1,1,1,2,2,1,2,2,2,0,0,0
2008,22,71,1,220801,1,6,2,2,1,1,6,1,1,2,1,1,2,2,2,2,1,2,2,2,3,2,2,2,2,2,1,1,2,2,2,0,0,0
2008,22,71,1,220802,1,6,2,2,1,2,6,2,1,2,1,2,1,2,2,2,1,2,2,2,2,2,2,2,2,2,2,2,2,1,2,0,0,0
2008,22,53,2,220803,1,6,1,2,4,2,6,2,1,3,2,2,1,2,2,2,2,2,1,2,3,2,2,2,2,2,2,2,1,1,2,0,0,0
2008,22,15,1,220804,1,6,2,1,2,2,1,2,1,1,1,2,1,2,2,2,2,2,1,2,3,2,2,2,2,2,2,2,2,1,2,0,0,0
2008,22,63,1,220805,1,6,2,2,1,2,6,3,1,1,2,2,1,2,2,2,2,2,1,2,3,2,2,2,2,1,2,2,2,2,2,0,0,0
2008,22,55,1,220806,1,6,2,2,1,2,4,3,2,2,1,2,3,2,2,2,2,2,2,2,1,2,2,1,1,2,2,1,2,1,2,0,0,0
2008,22,55,1,220807,1,6,2,2,1,2,3,2,1,2,2,2,2,2,2,2,1,2,2,2,3,2,2,1,1,2,1,1,2,2,2,0,0,0
2008,22,55,1,220808,1,6,2,2,1,2,3,2,4,2,2,2,2,2,2,2,2,2,2,2,2,2,2,2,2,2,1,1,1,2,2,0,0,0
2008,22,71,1,220809,1,6,2,2,4,2,6,2,1,2,2,2,1,2,2,2,2,2,2,2,3,1,1,1,1,2,2,1,1,1,2,0,0,0
2008,22,81,1,220810,1,6,1,2,1,1,5,1,5,1,1,2,2,1,2,1,2,2,1,2,3,2,2,2,2,2,1,1,2,2,2,0,0,0
2008,22,81,1,220811,1,6,1,2,4,2,5,2,1,1,1,2,1,2,2,1,2,2,2,2,3,2,2,2,2,1,2,2,1,1,2,0,0,0
2008,22,95,1,220812,1,6,2,2,1,1,4,1,4,1,1,2,2,2,1,2,2,2,2,2,1,2,2,2,2,1,2,2,2,2,2,0,0,0
2008,22,37,1,220813,1,6,1,2,4,2,5,2,1,2,2,2,1,1,2,2,2,2,2,2,3,2,2,2,2,2,2,2,1,2,2,0,0,0
2008,22,119,1,220814,1,6,1,2,1,2,4,2,1,1,1,2,1,2,2,2,1,2,2,2,3,2,2,2,2,2,1,1,2,1,2,0,0,0
2008,22,109,1,220815,1,6,2,2,1,2,6,2,1,2,2,2,1,1,2,2,2,2,2,2,3,2,2,2,2,2,2,2,2,2,2,0,0,0
2008,22,85,1,220816,1,6,1,2,1,2,5,2,1,3,1,1,1,2,2,2,1,2,2,2,3,2,2,2,2,2,2,2,2,2,2,0,0,0
2008,22,95,3,220817,1,6,2,1,1,2,1,2,2,2,1,2,3,1,2,2,2,2,2,2,2,2,2,2,2,2,2,2,2,1,1,0,0,0
2008,22,17,1,220818,1,6,2,2,1,1,3,1,2,2,1,2,2,1,2,2,2,2,2,2,3,2,2,2,2,2,2,2,2,2,2,0,0,0
2008,22,71,1,220819,1,6,2,2,4,2,5,2,1,1,1,2,1,2,1,2,2,2,2,2,3,2,2,2,2,2,2,2,1,1,2,0,0,0
2008,22,71,1,220820,1,6,2,3,1,2,7,2,1,2,2,1,1,2,2,2,1,2,2,2,3,2,2,2,2,2,2,2,2,2,2,0,0,0
2008,22,33,1,220821,1,6,2,2,1,1,5,1,4,1,2,2,2,2,2,2,2,2,1,2,3,2,2,2,2,1,2,2,2,2,2,0,0,0
2008,22,119,1,220822,1,6,1,2,4,1,5,1,1,1,2,2,1,2,2,1,2,2,1,2,3,2,2,2,2,2,2,2,2,2,2,0,0,0
2008,23,5,1,230001,1,1,2,2,1,2,3,2,1,1,2,2,1,2,2,2,1,2,2,2,2,1,1,1,1,2,2,1,2,2,2,0,0,0
2008,23,3,2,230002,1,1,1,2,1,2,5,2,4,1,1,2,2,1,2,1,2,2,2,2,2,2,2,2,2,1,2,2,1,2,2,0,0,0
2008,23,23,1,230003,1,1,1,2,1,2,3,2,3,1,1,2,3,2,2,1,2,2,1,2,2,2,2,2,2,1,2,2,2,2,2,0,0,0
2008,23,7,1,230004,1,1,1,2,1,2,4,2,1,1,1,1,3,2,2,2,2,2,2,2,3,2,2,2,2,2,2,2,2,2,2,0,0,0
2008,23,31,2,230005,1,1,2,2,4,1,4,1,1,2,2,2,1,2,2,1,2,2,1,2,1,2,2,2,2,2,2,2,2,2,2,0,0,0
2008,23,5,1,230006,1,1,2,2,1,1,5,1,4,1,1,2,2,1,2,2,2,2,1,2,2,2,2,2,2,1,2,2,2,2,2,0,0,0
2008,23,9,1,230007,1,1,1,2,4,2,5,2,1,2,1,2,1,2,2,2,2,2,1,2,1,2,2,2,2,2,2,2,1,2,2,0,0,0
2008,23,5,1,230008,1,1,2,2,1,2,3,2,3,1,1,2,3,1,2,2,2,2,2,2,3,2,2,2,2,1,2,2,1,2,2,0,0,0
2008,23,15,1,230010,1,1,1,2,1,2,3,2,4,1,1,2,2,1,2,1,2,2,2,2,2,2,2,2,2,2,2,2,1,2,2,0,0,0
2008,23,13,1,230011,1,1,1,2,4,2,4,2,1,1,2,2,1,2,2,2,2,2,1,2,1,2,2,2,2,2,2,2,1,1,2,0,0,0
2008,23,9,1,230012,1,1,1,2,1,2,3,2,3,2,1,2,2,2,2,1,2,2,2,2,2,2,2,2,2,2,2,2,1,2,2,0,0,0
2008,23,3,1,230013,1,1,1,2,1,2,4,2,4,2,2,2,2,2,2,2,2,2,2,2,2,2,2,2,2,2,1,1,1,2,2,0,0,0
2008,23,5,2,230014,1,1,2,2,1,1,3,1,3,1,1,2,2,1,2,2,2,2,2,2,3,2,2,2,2,2,2,2,2,2,2,0,0,0
2008,23,19,1,230016,1,1,1,2,1,1,4,1,4,1,1,2,2,2,2,2,2,2,2,2,3,2,2,2,2,1,2,2,2,1,2,0,0,0
2008,23,3,1,230017,1,1,1,2,2,1,6,1,4,2,2,2,2,2,2,2,2,2,2,2,1,2,2,2,2,2,2,2,2,1,2,0,0,0
2008,23,15,1,230018,1,1,1,2,4,1,6,1,1,2,2,2,1,2,2,1,2,2,2,2,1,2,2,2,2,2,1,1,2,2,2,0,0,0
2008,23,27,1,230019,1,1,1,2,4,2,6,2,1,1,1,2,1,2,2,2,2,2,1,2,1,2,2,2,2,1,2,2,1,1,2,0,0,0
2008,23,19,1,230020,1,1,1,1,4,2,1,2,1,1,1,2,1,2,2,2,2,2,1,2,2,2,2,2,2,2,2,2,1,2,2,0,0,0
2008,23,15,3,230021,1,1,1,2,1,2,4,2,3,2,1,2,2,2,2,2,2,2,2,2,1,2,2,2,2,2,2,2,1,1,2,0,0,0
2008,23,31,1,230022,1,1,1,2,1,2,4,2,3,1,1,2,3,2,2,2,2,2,2,2,2,2,2,2,2,2,2,2,2,2,2,0,0,0
2008,23,29,1,230023,1,1,1,2,1,2,5,2,3,2,1,2,2,2,2,2,2,2,2,2,2,2,2,2,2,2,2,2,1,1,2,0,0,0
2008,23,31,1,230025,1,1,1,2,1,2,4,2,3,1,1,2,2,2,2,2,2,2,2,2,3,1,1,1,1,2,1,1,2,1,2,0,0,0
2008,23,19,1,230026,1,1,1,2,4,2,5,2,1,2,2,2,1,2,2,1,2,2,1,2,2,2,2,2,2,2,2,2,1,2,2,0,0,0
2008,23,17,1,230028,1,1,1,2,4,2,3,2,1,1,2,2,1,1,2,1,2,2,1,2,2,2,2,2,2,2,2,2,1,1,2,0,0,0
2008,23,5,1,230029,1,1,1,1,1,2,1,2,3,1,1,2,2,2,2,2,2,2,1,2,3,2,2,2,2,2,1,1,1,1,2,0,0,0
2008,23,11,2,230030,1,1,1,2,4,2,5,2,1,2,1,2,1,2,2,1,2,2,2,2,1,2,2,2,2,2,2,2,1,2,2,0,0,0
2008,23,25,1,230031,1,1,1,2,4,2,5,2,1,1,1,2,1,2,2,2,2,2,2,2,2,2,2,2,2,2,2,2,1,2,2,0,0,0
2008,23,29,1,230032,1,1,1,2,4,2,3,2,1,1,1,2,1,2,2,2,2,2,2,2,3,2,2,2,2,2,2,2,1,1,1,0,0,0
2008,23,1,1,230033,1,1,1,2,4,2,4,2,1,1,2,2,1,2,1,1,2,2,2,2,2,2,2,2,2,2,1,1,1,2,2,0,0,0
2008,23,31,1,230034,1,1,1,2,1,1,4,1,3,1,1,2,2,1,2,2,2,2,1,2,3,2,2,2,2,2,2,2,2,2,2,0,0,0
2008,23,15,1,230035,1,1,1,2,4,2,4,2,1,1,1,2,1,2,1,2,2,2,2,2,2,2,2,2,2,2,2,2,1,2,2,0,0,0
2008,23,5,1,230036,1,1,1,2,4,2,4,2,1,2,1,2,1,2,2,1,2,2,1,2,1,2,2,2,2,2,2,2,1,2,2,0,0,0
2008,23,11,1,230037,1,1,1,2,1,2,5,2,3,1,1,2,2,1,2,2,2,2,2,2,2,2,2,2,2,2,2,2,1,1,2,0,0,0
2008,23,1,1,230038,1,1,1,2,1,1,4,1,4,1,1,2,2,2,2,2,2,2,1,2,3,2,2,2,2,2,2,2,2,1,2,0,0,0
2008,23,5,1,230039,1,1,1,2,4,2,3,2,1,1,1,2,1,2,1,2,2,2,2,2,2,2,2,2,2,2,2,2,1,1,2,0,0,0
2008,23,31,1,230040,1,1,1,2,4,2,5,2,1,2,1,2,1,2,1,2,2,2,2,2,2,2,2,2,2,2,2,2,1,2,2,0,0,0
2008,23,5,1,230041,1,1,1,2,4,2,5,2,1,1,1,2,1,2,2,1,2,2,2,2,1,2,2,2,2,2,2,2,1,2,2,0,0,0
2008,23,25,1,230042,1,1,1,2,4,2,3,2,1,1,1,2,1,2,2,1,2,2,2,2,2,2,2,2,2,1,2,2,1,1,2,0,0,0
2008,23,11,1,230043,1,1,1,2,1,1,3,1,4,1,1,2,2,2,2,2,2,2,2,2,3,2,2,2,2,2,2,2,2,2,2,0,0,0
2008,23,5,1,230044,1,1,2,2,4,2,5,2,1,2,1,2,1,2,2,2,2,2,2,2,1,2,2,2,2,2,2,2,1,2,2,0,0,0
2008,23,31,1,230045,1,1,1,2,4,2,5,2,1,2,1,2,1,2,2,1,2,2,2,2,1,2,2,2,2,2,2,2,1,2,2,0,0,0
2008,23,29,1,230046,1,1,1,2,4,2,4,2,1,1,2,2,1,2,2,2,2,2,2,2,2,2,2,2,2,1,2,2,1,1,1,0,0,0
2008,23,17,1,230047,1,1,1,2,4,2,5,2,1,2,2,2,1,2,2,2,2,2,1,2,1,2,2,2,2,2,2,2,1,2,2,0,0,0
2008,23,31,2,230048,1,1,1,1,1,2,1,2,3,2,1,2,2,2,2,2,2,2,2,2,1,2,2,2,2,1,2,2,2,2,2,0,0,0
2008,23,7,1,230049,1,1,1,2,1,1,3,1,4,1,1,2,2,2,2,2,2,2,2,2,2,2,2,2,2,1,2,2,2,2,2,0,0,0
2008,23,17,1,230050,1,1,1,2,2,2,4,2,1,1,1,2,1,2,2,1,1,2,1,2,2,2,2,2,2,2,1,1,1,1,2,0,0,0
2008,23,31,1,230051,1,1,2,2,2,2,4,2,1,1,1,1,1,2,2,2,1,2,2,2,3,2,2,2,2,2,2,2,2,1,2,0,0,0
2008,23,17,1,230052,1,1,1,2,1,2,5,2,1,2,1,2,1,2,2,2,2,2,2,2,2,2,2,2,2,2,2,2,2,2,2,0,0,0
2008,23,15,1,230053,1,1,1,2,4,2,5,2,1,2,2,2,1,2,2,1,2,2,1,2,2,2,2,2,2,2,2,2,1,2,2,0,0,0
2008,23,15,1,230054,1,1,1,2,4,2,6,2,1,1,1,2,1,1,2,2,2,2,2,2,2,2,2,2,2,2,2,2,1,2,2,0,0,0
2008,23,11,1,230055,1,1,1,2,4,2,5,2,1,2,2,2,1,2,1,1,2,2,2,2,1,2,2,2,2,2,2,2,1,1,2,0,0,0
2008,23,31,1,230056,1,1,2,2,1,1,3,1,1,1,1,2,1,1,2,2,2,1,2,2,2,2,2,2,2,2,2,2,2,2,2,0,0,0
2008,23,7,1,230057,1,1,1,2,4,2,4,2,1,2,1,2,1,2,1,1,2,2,2,2,1,2,2,2,2,2,2,2,1,1,2,0,0,0
2008,23,5,1,230058,1,1,2,2,1,1,5,1,4,1,1,2,2,2,2,2,2,2,2,2,2,2,2,2,2,1,2,2,2,2,2,0,0,0
2008,23,5,1,230059,1,1,1,2,4,2,6,2,1,2,2,2,1,2,1,2,2,2,2,2,2,1,2,1,2,2,2,2,1,1,2,0,0,0
2008,23,11,1,230060,1,1,1,2,4,2,6,2,1,2,2,2,1,2,2,1,2,2,2,2,1,2,2,2,2,2,2,2,1,1,2,0,0,0
2008,23,29,1,230061,1,1,1,2,4,2,5,2,1,2,2,2,1,2,2,1,2,2,1,2,1,1,1,1,1,2,2,1,1,2,2,0,0,0
2008,23,19,2,230062,1,1,1,1,4,2,1,2,1,1,1,2,1,2,2,2,2,2,1,2,2,2,2,2,2,2,2,2,1,1,1,0,0,0
2008,23,11,1,230063,1,1,1,2,4,2,6,2,1,2,2,2,1,2,2,1,2,2,2,2,2,1,1,1,1,2,2,1,1,1,2,0,0,0
2008,23,11,1,230064,1,1,1,1,1,2,1,3,3,2,2,2,2,2,2,1,2,2,2,2,2,2,2,2,2,2,2,2,2,2,2,0,0,0
2008,23,19,1,230065,1,1,1,2,1,1,4,1,1,1,1,2,1,2,2,2,2,1,2,2,3,2,2,2,2,1,2,2,2,2,2,0,0,0
2008,23,31,1,230066,1,1,1,2,4,2,5,2,1,2,1,2,1,2,2,1,2,2,2,2,1,2,2,2,2,2,1,1,1,2,2,0,0,0
2008,23,5,1,230067,1,1,1,2,4,2,4,2,1,1,2,2,1,2,2,2,2,2,2,2,3,2,2,2,2,1,2,2,1,2,1,0,0,0
2008,23,5,1,230068,1,1,1,2,4,2,5,2,1,1,2,2,1,2,1,1,2,2,2,2,2,2,2,2,2,2,2,2,2,2,2,0,0,0
2008,23,31,1,230070,1,1,1,2,4,2,6,2,1,2,2,2,1,2,1,1,2,2,2,1,2,2,2,2,2,2,2,2,1,2,2,0,0,0
2008,23,19,1,230071,1,1,1,1,4,2,1,2,1,2,1,2,1,2,2,1,2,2,1,2,1,2,2,2,2,2,1,1,1,1,1,0,0,0
2008,23,19,1,230072,1,1,1,2,4,2,6,2,1,1,1,2,1,2,1,2,2,2,2,2,2,2,2,2,2,2,2,2,1,2,2,0,0,0
2008,23,13,1,230073,1,1,2,2,4,2,4,2,1,1,2,2,1,2,1,1,2,2,2,2,2,2,2,2,2,2,1,1,1,2,2,0,0,0
2008,23,5,1,230074,1,1,1,2,4,2,6,2,1,1,2,2,1,2,2,2,2,2,1,2,2,2,2,2,2,2,2,2,1,2,2,0,0,0
2008,23,3,1,230075,1,1,1,2,1,1,4,1,3,1,1,2,2,2,2,2,2,2,2,2,2,2,2,2,2,1,2,2,2,1,2,0,0,0
2008,23,31,1,230076,1,1,1,2,4,2,4,2,1,2,2,2,1,2,2,2,2,2,2,2,3,2,2,1,1,2,2,1,1,2,2,0,0,0
2008,23,9,1,230077,1,1,1,2,4,2,5,2,1,1,1,2,1,2,2,2,2,2,2,2,2,2,2,2,2,1,2,2,1,1,2,0,0,0
2008,23,11,1,230078,1,1,1,2,4,2,5,2,1,1,1,2,1,2,2,1,2,2,1,2,1,2,2,2,2,2,2,2,1,2,2,0,0,0
2008,23,5,1,230079,1,1,1,2,1,2,4,2,1,2,1,2,1,2,2,2,2,1,2,2,2,2,2,1,1,2,2,1,2,2,2,0,0,0
2008,23,31,1,230080,1,1,1,2,1,1,3,1,2,2,1,1,2,2,1,2,2,2,2,2,3,2,2,2,2,2,2,2,2,1,2,0,0,0
2008,23,11,1,230081,1,1,1,2,1,2,5,2,3,1,1,2,2,2,2,2,2,2,2,2,1,2,2,2,2,2,2,2,1,1,2,0,0,0
2008,23,19,1,230082,1,1,1,2,4,1,6,1,1,2,2,2,1,2,1,1,2,2,2,2,1,2,2,2,2,2,2,2,2,2,2,0,0,0
2008,23,31,1,230083,1,1,1,2,4,2,5,2,1,2,2,2,1,2,2,1,2,2,1,2,1,2,2,2,2,2,2,2,1,2,2,0,0,0
2008,23,19,1,230084,1,1,1,2,1,1,5,1,4,1,2,2,2,2,2,2,2,2,2,2,2,2,2,2,2,1,2,2,2,1,2,0,0,0
2008,23,9,2,230085,1,1,1,2,4,2,4,2,1,2,1,2,1,2,2,2,2,2,1,2,2,2,2,2,2,2,2,2,1,1,2,0,0,0
2008,23,11,1,230086,1,1,1,2,1,2,5,2,3,1,1,2,2,2,2,2,2,2,2,2,2,2,2,2,2,2,2,2,1,2,2,0,0,0
2008,23,29,1,230087,1,1,1,2,4,2,6,2,1,1,1,2,1,2,2,2,2,2,2,2,2,2,2,2,2,1,2,2,1,2,2,0,0,0
2008,23,17,1,230088,1,1,1,2,2,2,4,2,1,1,1,2,1,1,2,2,2,1,2,2,2,2,2,2,2,2,2,2,2,2,2,0,0,0
2008,23,27,1,230089,1,1,1,2,1,2,5,2,4,1,1,2,3,1,2,2,2,2,2,2,2,2,2,2,2,2,2,2,2,1,2,0,0,0
2008,23,19,1,230090,1,1,1,1,4,2,1,2,1,1,2,2,1,2,2,1,2,2,2,2,1,2,2,2,2,2,2,2,1,2,2,0,0,0
2008,23,1,1,230091,1,1,1,2,4,2,6,2,1,1,1,2,1,2,2,2,2,2,2,2,3,2,2,2,2,1,2,2,1,2,1,0,0,0
2008,23,31,1,230092,1,1,1,2,4,2,6,2,1,2,1,2,1,2,2,1,2,2,1,2,1,1,1,1,1,2,2,1,1,2,2,0,0,0
2008,23,1,1,230093,1,1,1,2,1,2,5,2,1,2,2,2,1,2,2,2,1,2,2,2,2,2,2,2,2,2,1,1,2,1,2,0,0,0
2008,23,25,1,230094,1,1,1,2,4,2,6,2,1,1,1,2,1,2,1,1,2,2,2,2,2,2,2,2,2,1,2,2,1,1,2,0,0,0
2008,23,31,1,230095,1,1,1,2,1,2,4,2,1,1,2,2,1,2,1,2,2,2,2,2,2,2,2,2,2,1,2,2,2,2,2,0,0,0
2008,23,7,1,230096,1,1,1,2,1,2,5,2,4,2,1,2,2,1,2,2,2,2,2,2,2,2,2,2,2,2,2,2,2,2,2,0,0,0
2008,23,5,1,230097,1,1,2,2,4,2,3,2,1,2,1,2,1,2,2,2,2,2,1,2,2,2,2,2,2,1,2,2,1,2,2,0,0,0
2008,23,19,1,230098,1,1,1,2,4,2,6,2,1,2,1,2,1,2,1,1,2,2,2,2,2,2,2,2,2,2,2,2,1,2,2,0,0,0
2008,23,31,1,230099,1,1,1,2,4,1,6,1,1,2,2,2,1,2,2,2,2,2,1,2,1,2,2,2,2,2,2,2,2,2,2,0,0,0
2008,23,31,1,230100,1,1,1,2,4,1,5,1,1,2,1,2,1,2,2,1,2,2,2,2,1,1,1,1,1,2,2,1,2,2,2,0,0,0
2008,23,31,2,230101,1,1,1,2,1,2,3,2,3,1,1,2,2,1,2,2,2,2,2,2,3,2,2,2,2,2,2,2,2,2,2,0,0,0
2008,23,11,1,230102,1,1,1,2,4,1,6,1,1,2,1,2,1,2,2,2,2,2,1,2,1,2,2,2,2,2,2,2,2,2,2,0,0,0
2008,23,29,1,230103,1,1,1,2,4,2,6,2,1,2,1,2,1,2,2,2,2,2,2,2,1,2,2,2,2,2,2,2,1,2,2,0,0,0
2008,23,27,1,230105,1,1,1,2,4,2,6,2,1,2,1,2,1,2,2,1,2,2,1,2,3,2,2,2,2,2,2,2,1,2,2,0,0,0
2008,23,15,1,230106,1,1,1,2,1,2,5,2,4,1,1,2,2,2,1,2,2,2,2,2,2,2,2,2,2,2,1,1,2,1,2,0,0,0
2008,23,5,1,230107,1,1,1,2,1,2,5,2,3,1,2,2,2,2,2,2,2,2,2,2,3,1,1,1,1,2,2,1,2,1,2,0,0,0
2008,23,25,1,230108,1,1,1,2,1,2,3,2,4,2,1,2,2,1,2,2,2,2,2,2,2,2,2,2,2,2,2,2,2,2,2,0,0,0
2008,23,17,1,230109,1,1,1,2,4,2,3,2,1,2,1,2,1,2,2,2,2,2,2,2,3,2,2,2,2,2,2,2,1,1,1,0,0,0
2008,23,1,1,230110,1,1,1,1,4,2,1,2,1,1,1,2,1,2,2,2,2,2,2,2,3,2,2,2,2,2,2,2,1,2,1,0,0,0
2008,23,27,2,230111,1,1,1,2,1,2,3,2,3,1,2,2,2,2,2,1,2,2,2,2,1,2,2,1,1,2,2,1,1,2,2,0,0,0
2008,23,25,1,230112,1,1,1,2,1,2,5,2,1,2,1,2,1,2,2,2,1,2,2,2,2,2,2,2,2,2,2,2,2,2,2,0,0,0
2008,23,25,1,230113,1,1,1,2,1,2,3,2,3,2,2,2,2,2,2,2,2,2,2,2,1,2,2,2,2,2,2,2,1,1,2,0,0,0
2008,23,31,1,230114,1,1,1,2,4,2,4,2,1,2,1,2,1,2,2,2,2,2,2,2,1,2,2,2,2,2,1,1,1,2,2,0,0,0
2008,23,5,1,230115,1,1,1,2,4,2,5,2,1,1,1,2,1,2,2,2,2,2,2,2,2,2,2,2,2,1,2,2,1,1,2,0,0,0
2008,23,9,1,230116,1,1,1,2,1,2,3,2,2,1,1,2,3,2,1,2,2,2,2,2,2,2,2,2,2,2,2,2,1,2,2,0,0,0
2008,23,11,1,230117,1,1,1,2,1,2,4,2,2,1,1,2,2,2,2,2,2,2,2,2,2,2,2,2,2,2,1,1,2,1,2,0,0,0
2008,23,5,1,230118,1,1,1,2,1,2,4,2,3,1,1,2,2,2,2,2,2,2,2,2,2,2,2,2,2,1,2,2,1,1,2,0,0,0
2008,23,27,1,230119,1,1,1,2,4,2,5,2,1,2,2,2,1,2,2,1,2,2,1,2,1,2,2,2,2,2,2,2,1,2,2,0,0,0
2008,23,3,1,230120,1,1,1,2,4,2,5,2,1,1,1,2,1,2,2,1,2,2,2,2,2,1,1,1,1,2,2,1,1,1,2,0,0,0
2008,23,3,1,230121,1,1,1,2,4,2,6,2,1,1,1,2,1,2,2,1,2,2,1,2,2,2,2,2,2,2,2,2,1,2,2,0,0,0
2008,23,31,1,230122,1,1,1,2,4,2,6,2,1,2,2,2,1,2,2,1,2,2,1,2,2,2,2,1,1,2,2,1,1,2,2,0,0,0
2008,23,1,1,230123,1,1,1,2,1,2,3,2,1,2,1,2,1,2,2,2,1,2,2,2,2,2,2,2,2,2,2,2,2,1,2,0,0,0
2008,23,15,1,230124,1,1,1,2,1,2,6,2,1,2,2,2,1,2,2,2,1,2,2,2,2,2,2,2,2,2,2,2,2,2,2,0,0,0
2008,23,1,1,230125,1,1,1,2,4,2,3,2,1,2,1,2,1,1,2,2,2,2,2,2,2,2,2,2,2,2,2,2,1,1,2,0,0,0
2008,23,11,1,230126,1,1,1,2,1,2,6,2,3,1,2,2,2,2,2,1,2,2,1,2,1,2,2,2,2,2,2,2,1,2,2,0,0,0
2008,23,19,1,230127,1,1,2,2,1,2,4,2,1,1,1,2,1,2,2,2,1,2,2,2,1,2,2,2,2,2,2,2,2,2,2,0,0,0
2008,23,11,1,230128,1,1,1,2,1,2,6,2,4,1,2,2,2,2,2,1,2,2,2,2,2,1,1,1,1,2,2,1,1,2,2,0,0,0
2008,23,5,1,230129,1,1,1,2,1,2,4,2,4,1,1,2,2,1,2,2,2,2,2,2,2,2,2,2,2,1,2,2,2,1,2,0,0,0
2008,23,9,1,230130,1,1,1,2,1,1,3,1,4,1,1,2,2,2,2,2,2,2,2,2,2,1,1,1,1,1,2,1,2,2,2,0,0,0
2008,23,19,1,230131,1,1,1,2,1,2,6,2,3,1,1,2,2,1,2,2,2,2,2,2,2,2,2,2,2,2,2,2,1,2,2,0,0,0
2008,23,1,1,230132,1,1,1,2,1,2,5,2,4,1,1,2,2,2,2,1,2,2,2,2,2,2,2,2,2,1,2,2,1,2,2,0,0,0
2008,23,7,1,230133,1,1,1,2,1,2,4,2,3,1,1,2,2,2,2,1,2,2,2,2,2,2,2,2,2,2,1,1,1,2,2,0,0,0
2008,23,11,1,230134,1,1,2,1,1,2,1,2,4,2,2,2,2,2,2,2,2,2,1,2,2,1,1,1,1,2,1,1,1,1,2,0,0,0
2008,23,15,1,230135,1,1,1,2,4,2,5,2,4,2,1,2,1,2,2,1,2,2,2,2,1,2,2,2,2,2,1,1,1,2,2,0,0,0
2008,23,27,1,230136,1,1,1,2,4,2,6,2,1,1,2,2,1,2,2,1,2,2,1,2,2,2,2,2,2,2,2,2,1,2,2,0,0,0
2008,23,15,1,230137,1,1,1,2,4,2,5,2,1,2,2,2,1,2,2,1,2,2,1,2,1,2,2,2,2,2,2,2,1,2,2,0,0,0
2008,23,19,1,230138,1,1,1,2,4,2,4,2,1,1,1,2,1,1,2,2,2,2,2,2,2,2,2,2,2,2,2,2,1,2,2,0,0,0
2008,23,11,1,230139,1,1,1,2,1,2,4,2,3,2,1,1,2,2,2,2,2,2,2,2,1,2,2,2,2,2,2,2,1,2,2,0,0,0
2008,23,25,1,230140,1,1,1,2,4,2,6,2,1,1,1,2,1,2,2,2,2,2,1,2,2,2,2,2,2,1,2,2,1,2,2,0,0,0
2008,23,31,1,230141,1,1,1,2,1,2,5,2,3,1,2,2,2,2,2,2,2,2,2,2,3,2,2,2,2,2,2,2,2,2,2,0,0,0
2008,23,13,1,230142,1,1,1,2,1,2,5,2,3,1,1,2,2,2,2,1,2,2,2,2,2,1,1,1,1,2,2,1,1,2,2,0,0,0
2008,23,17,1,230143,1,1,1,2,1,2,5,2,3,1,2,2,2,2,2,2,2,2,2,2,3,2,2,2,2,2,2,2,1,2,2,0,0,0
2008,23,19,1,230144,1,1,2,2,1,1,4,1,1,1,1,2,1,2,2,2,1,2,2,2,2,2,2,2,2,2,2,2,2,2,2,0,0,0
2008,23,11,1,230145,1,1,1,2,1,2,4,2,1,2,2,2,2,2,2,2,1,2,2,2,1,2,2,2,2,2,1,1,2,2,2,0,0,0
2008,23,21,1,230146,1,1,1,2,4,2,5,2,1,2,1,2,1,2,2,2,2,2,2,2,2,2,2,2,2,2,2,2,1,2,2,0,0,0
2008,23,15,1,230147,1,1,1,2,1,2,6,2,3,1,1,2,2,2,2,2,2,2,2,2,3,1,1,1,1,2,2,1,2,2,2,0,0,0
2008,23,31,1,230148,1,1,1,2,4,2,5,2,1,1,2,2,1,2,2,2,2,2,1,2,2,2,2,2,2,1,2,2,1,2,2,0,0,0
2008,23,19,1,230149,1,1,1,2,1,2,4,2,1,1,1,2,1,1,2,2,1,2,2,2,2,2,2,2,2,2,2,2,2,2,2,0,0,0
2008,23,9,1,230150,1,1,1,2,4,2,4,2,1,2,1,2,1,2,2,2,1,2,2,2,2,2,2,2,2,2,2,2,2,2,1,0,0,0
2008,24,9,1,240001,1,3,1,2,1,2,3,2,1,1,1,2,1,2,2,2,1,2,2,2,3,2,2,2,2,2,2,2,2,2,2,0,0,0
2008,24,29,3,240002,1,3,1,2,1,2,4,2,4,2,1,2,2,2,2,1,2,2,2,2,1,2,2,2,2,2,2,2,1,1,2,0,0,0
2008,24,45,2,240003,1,3,1,2,1,2,5,2,4,2,2,2,2,2,2,1,2,2,2,2,2,1,1,1,1,2,2,1,1,2,2,0,0,0
2008,24,25,2,240004,1,3,2,2,1,2,3,2,4,1,2,2,3,2,2,2,2,2,2,2,3,2,2,2,2,2,2,2,1,2,2,0,0,0
2008,24,3,1,240005,1,3,1,2,1,2,5,3,4,2,1,2,2,2,1,2,2,2,2,2,1,2,2,2,2,2,2,2,2,1,2,0,0,0
2008,24,25,1,240006,1,3,1,1,1,2,1,2,2,2,1,2,2,2,2,1,2,2,2,2,3,2,2,2,2,2,1,1,2,1,2,0,0,0
2008,24,5,1,240007,1,3,2,1,1,2,1,2,2,2,1,2,2,2,2,2,2,2,2,2,3,2,2,2,2,2,2,2,2,2,2,0,0,0
2008,24,5,1,240008,1,3,2,2,1,2,4,2,1,2,1,2,1,2,2,2,1,2,2,2,3,2,2,2,2,2,2,2,2,2,2,0,0,0
2008,24,5,1,240009,1,3,2,2,1,2,3,2,1,2,2,2,1,2,2,2,1,2,2,2,3,2,2,2,2,2,2,2,2,2,2,0,0,0
2008,24,33,2,240010,1,3,2,2,1,1,3,1,4,1,1,2,2,2,2,2,2,2,2,2,3,2,2,2,2,1,2,2,2,2,2,0,0,0
2008,24,3,1,240011,1,3,2,2,1,2,4,2,1,2,1,2,1,2,2,2,1,2,2,2,3,2,2,2,2,2,2,2,2,2,2,0,0,0
2008,24,39,1,240012,1,3,1,2,4,2,5,2,1,1,2,2,1,2,2,1,2,2,2,2,2,2,2,2,2,2,1,1,1,1,2,0,0,0
2008,24,27,1,240013,1,3,2,2,1,2,6,2,1,2,2,2,1,2,2,2,1,2,2,2,3,2,2,2,2,2,2,2,2,2,2,0,0,0
2008,24,11,1,240014,1,3,1,2,4,2,5,2,1,2,1,2,1,2,2,2,2,2,2,2,1,2,2,2,2,2,2,2,1,2,2,0,0,0
2008,24,31,1,240015,1,3,1,2,1,2,6,2,3,1,2,2,2,2,1,2,2,2,2,2,1,2,2,2,2,1,2,2,2,2,2,0,0,0
2008,24,35,1,240016,1,3,1,2,1,2,5,2,1,3,1,2,1,2,2,1,2,2,1,2,2,2,2,2,2,2,2,2,2,2,2,0,0,0
2008,24,21,1,240017,1,3,1,2,1,2,5,2,3,1,1,2,2,1,2,2,2,2,1,2,3,2,2,2,2,2,2,2,1,2,2,0,0,0
2008,24,31,1,240018,1,3,2,1,4,2,1,3,1,1,2,2,1,2,1,1,2,2,2,2,2,2,2,2,2,2,1,1,1,1,2,0,0,0
2008,24,25,1,240019,1,3,2,1,1,2,1,2,2,2,2,1,2,2,2,1,2,2,1,2,1,2,2,2,2,2,2,2,2,2,2,0,0,0
2008,24,5,1,240020,1,3,2,2,1,2,3,2,1,2,1,2,1,2,2,2,1,2,2,2,3,2,2,2,2,2,2,2,2,2,2,0,0,0
2008,24,21,1,240021,1,3,1,2,1,2,3,2,2,1,1,2,3,1,2,1,2,2,2,2,3,1,1,1,1,2,2,1,2,1,2,0,0,0
2008,24,31,1,240022,1,3,2,2,4,2,4,2,1,2,2,2,1,2,2,1,2,2,1,2,3,1,1,1,1,2,2,1,1,2,2,0,0,0
2008,24,5,1,240023,1,3,2,1,1,2,1,2,2,2,2,1,2,2,2,2,2,2,2,2,1,2,2,2,2,2,2,2,2,1,2,0,0,0
2008,24,1,1,240024,1,3,2,2,1,2,5,2,2,1,1,2,2,1,2,1,2,2,2,2,3,2,2,2,2,2,2,2,2,1,2,0,0,0
2008,24,33,1,240025,1,3,1,2,2,2,3,2,1,1,1,2,1,2,2,2,1,2,2,2,3,2,2,2,2,2,2,2,1,1,2,0,0,0
2008,24,33,1,240026,1,3,2,2,1,1,2,1,4,2,2,2,2,2,2,1,2,2,2,2,1,2,2,2,2,2,1,1,2,2,2,0,0,0
2008,24,33,1,240027,1,3,1,2,4,2,3,2,1,2,1,2,1,2,2,2,2,2,2,2,2,2,2,2,2,2,2,2,1,1,2,0,0,0
2008,24,510,1,240028,1,3,2,2,4,2,3,2,1,1,1,2,1,2,2,2,2,2,2,1,2,2,2,2,2,2,2,2,1,2,2,0,0,0
2008,24,31,1,240029,1,3,2,2,1,1,3,1,1,2,1,2,1,2,2,2,1,2,2,2,3,2,2,2,2,2,2,2,2,2,2,0,0,0
2008,24,5,1,240030,1,3,2,2,1,2,5,2,1,2,1,2,1,2,2,2,1,2,2,2,3,2,2,2,2,2,2,2,2,2,2,0,0,0
2008,24,33,1,240031,1,3,2,2,4,2,2,2,1,2,1,2,1,2,2,1,2,2,2,2,2,2,2,1,1,2,2,1,1,1,2,0,0,0
2008,24,27,1,240032,1,3,2,2,1,2,4,2,1,2,1,2,1,2,2,2,1,2,2,2,3,2,2,2,2,2,2,2,2,2,2,0,0,0
2008,24,33,1,240033,1,3,2,2,1,2,4,2,3,2,1,2,2,2,2,2,2,2,2,2,1,2,2,2,2,1,2,2,1,1,2,0,0,0
2008,24,13,1,240034,1,3,1,2,1,1,4,1,4,2,2,2,2,2,2,2,2,2,2,2,1,1,1,1,1,1,2,1,2,1,2,0,0,0
2008,24,13,1,240035,1,3,1,2,1,2,4,2,4,1,2,2,2,2,2,2,2,2,2,2,3,1,1,1,1,2,2,1,1,2,2,0,0,0
2008,24,1,1,240036,1,3,1,2,1,2,3,2,3,1,1,2,2,1,2,2,2,2,2,2,1,2,2,2,2,2,2,2,1,1,2,0,0,0
2008,24,5,1,240037,1,3,2,1,4,2,1,2,1,1,2,2,1,2,2,2,2,2,1,2,2,2,2,2,2,1,2,2,1,2,2,0,0,0
2008,24,33,1,240038,1,3,1,2,1,2,3,2,1,2,2,2,1,2,2,1,2,2,1,2,1,2,2,2,2,2,2,2,1,2,2,0,0,0
2008,24,3,1,240039,1,3,2,2,4,2,6,2,1,1,1,2,1,2,2,2,2,2,2,2,1,2,2,2,2,2,2,2,1,2,2,0,0,0
2008,24,37,1,240040,1,3,1,2,1,2,3,2,1,2,2,2,1,2,2,2,1,2,2,2,3,2,2,2,2,2,2,2,2,2,2,0,0,0
2008,24,25,1,240041,1,3,2,1,1,2,1,2,1,2,2,2,1,2,2,2,1,2,2,2,3,2,2,2,2,2,2,2,2,2,2,0,0,0
2008,24,3,1,240042,1,3,1,2,4,2,6,2,1,2,1,2,1,2,2,1,2,2,2,2,1,2,2,2,2,2,2,2,1,2,2,0,0,0
2008,24,5,1,240043,1,3,2,2,1,2,3,2,3,1,1,2,2,2,2,2,2,2,2,2,1,2,2,2,2,2,2,2,1,2,2,0,0,0
2008,24,9,1,240044,1,3,1,2,4,2,6,2,1,2,1,2,1,2,2,2,2,2,2,2,2,2,2,2,2,2,2,2,1,2,2,0,0,0
2008,24,23,1,240045,1,3,1,2,1,2,3,2,4,1,1,2,2,2,2,1,2,2,2,2,3,1,1,1,1,2,2,1,1,2,2,0,0,0
2008,24,35,1,240046,1,3,1,2,1,1,3,1,4,1,1,2,2,2,2,2,2,2,1,2,3,2,2,2,2,2,2,2,2,1,2,0,0,0
2008,24,47,1,240047,1,3,1,2,4,2,5,2,1,1,2,2,1,2,2,1,2,2,2,2,1,2,2,2,2,2,2,2,1,1,2,0,0,0
2008,24,19,1,240048,1,3,1,2,4,2,5,2,1,1,1,2,1,2,2,1,2,2,2,2,1,2,2,2,2,2,2,2,1,2,2,0,0,0
2008,24,31,1,240049,1,3,2,2,1,1,5,1,4,2,1,1,2,2,2,1,2,2,2,2,2,1,1,1,1,2,2,1,2,2,2,0,0,0
2008,24,31,1,240050,1,3,2,2,1,2,4,2,3,2,2,2,2,2,2,2,2,2,2,2,1,2,2,2,2,2,2,2,1,2,2,0,0,0
2008,24,33,1,240051,1,3,2,2,1,1,5,1,4,1,1,2,2,2,2,2,2,2,2,2,3,2,2,2,2,2,1,1,2,2,2,0,0,0
2008,24,1,1,240052,1,3,1,2,4,2,6,2,1,1,1,2,1,1,2,1,2,2,1,2,2,2,2,2,2,2,2,2,1,2,2,0,0,0
2008,24,5,1,240053,1,3,2,2,1,2,3,3,4,1,1,2,2,2,2,2,2,2,2,2,2,2,2,2,2,1,2,2,2,1,2,0,0,0
2008,24,37,1,240054,1,3,1,2,1,1,3,1,4,1,1,2,2,2,2,2,2,2,2,2,3,2,2,2,2,2,1,1,2,1,2,0,0,0
2008,24,27,1,240055,1,3,2,1,2,2,1,2,2,1,1,2,1,2,2,2,2,2,2,2,2,2,2,2,2,2,2,2,1,2,2,0,0,0
2008,24,33,1,240056,1,3,2,2,1,2,4,2,1,1,1,2,2,1,2,2,1,2,2,2,3,2,2,2,2,2,2,2,2,2,2,0,0,0
2008,24,31,1,240057,1,3,2,2,1,2,3,2,1,2,1,2,1,2,2,2,1,2,2,2,3,2,2,2,2,2,1,1,2,2,2,0,0,0
2008,24,25,1,240058,1,3,1,2,1,2,5,2,1,1,2,2,1,2,2,2,2,2,2,2,3,2,2,2,2,2,2,2,2,2,2,0,0,0
2008,24,510,1,240059,1,3,2,2,1,2,3,2,1,1,1,2,1,2,2,1,2,2,1,2,1,2,2,2,2,2,2,2,2,2,2,0,0,0
2008,24,13,1,240060,1,3,1,2,4,2,5,2,1,1,1,2,1,2,2,2,2,2,1,2,2,2,2,2,2,1,2,2,1,2,2,0,0,0
2008,24,9,1,240061,1,3,1,2,4,2,3,2,1,2,1,2,1,2,2,1,2,2,2,2,1,2,2,2,2,2,1,1,1,2,2,0,0,0
2008,24,11,1,240062,1,3,1,2,1,1,5,1,1,1,1,2,1,2,2,2,1,2,2,2,3,2,2,2,2,2,2,2,2,2,2,0,0,0
2008,24,11,1,240063,1,3,1,2,1,2,3,2,1,1,1,2,1,2,2,2,1,2,2,2,3,2,2,2,2,2,2,2,2,2,2,0,0,0
2008,24,37,1,240064,1,3,1,2,4,2,6,2,1,2,1,2,1,2,2,1,2,2,2,2,3,1,1,1,1,2,2,1,1,2,2,0,0,0
2008,24,13,1,240065,1,3,2,2,1,2,3,2,1,2,1,2,1,2,2,2,1,2,2,2,3,1,1,1,1,2,2,1,2,2,2,0,0,0
2008,24,47,1,240066,1,3,1,2,1,2,3,2,1,2,2,2,1,2,2,2,1,2,2,2,3,1,1,1,1,2,2,1,2,2,2,0,0,0
2008,24,33,1,240067,1,3,2,2,1,2,2,2,1,2,2,2,1,2,2,1,2,2,2,2,2,2,2,2,2,2,2,2,1,2,2,0,0,0
2008,24,33,1,240068,1,3,2,2,4,2,2,2,1,2,2,2,1,2,2,1,2,2,2,2,1,2,2,2,2,2,2,2,1,2,2,0,0,0
2008,24,33,2,240069,1,3,2,2,4,2,2,2,1,2,2,2,1,2,2,1,2,2,2,2,2,1,1,1,1,2,2,1,1,2,2,0,0,0
2008,24,1,1,240070,1,3,1,2,1,2,4,2,3,1,2,2,2,2,2,2,2,2,2,2,3,2,2,2,2,1,2,2,1,2,2,0,0,0
2008,24,3,1,240071,1,3,2,2,1,2,3,2,1,2,1,2,3,2,2,2,1,2,2,2,1,2,2,2,2,2,2,2,2,2,2,0,0,0
2008,24,3,1,240072,1,3,1,2,1,2,5,2,3,1,1,2,2,2,2,1,2,2,2,2,1,1,1,1,1,1,2,1,1,2,2,0,0,0
2008,24,47,2,240073,1,3,2,2,1,1,3,1,1,1,1,2,1,2,2,2,1,2,2,2,3,1,1,1,1,2,2,1,2,2,2,0,0,0
2008,24,3,1,240074,1,3,2,2,1,1,5,1,4,2,2,2,2,2,1,2,2,2,2,2,3,2,2,2,2,2,2,2,2,2,2,0,0,0
2008,24,13,1,240075,1,3,1,2,1,1,4,1,4,1,2,2,2,2,2,2,2,2,2,2,3,2,2,2,2,1,2,2,2,1,2,0,0,0
2008,24,35,1,240076,1,3,1,2,4,1,5,1,1,2,2,2,1,2,2,2,2,2,2,2,1,2,2,2,2,2,1,1,2,2,2,0,0,0
2008,24,5,1,240077,1,3,2,2,1,1,3,1,4,1,1,2,2,2,2,2,2,2,2,2,3,1,1,1,1,2,2,1,2,2,2,0,0,0
2008,24,23,1,240078,1,3,1,2,1,2,4,2,3,1,1,2,2,2,2,2,2,2,2,2,3,2,2,2,2,1,2,2,2,1,2,0,0,0
2008,24,15,1,240079,1,3,1,2,1,2,4,2,4,2,1,2,2,2,2,1,2,2,2,2,3,2,2,2,2,2,2,2,1,1,2,0,0,0
2008,24,33,1,240080,1,3,2,2,1,2,3,2,1,2,1,2,1,2,2,2,1,2,2,2,3,2,2,2,2,2,2,2,2,2,2,0,0,0
2008,24,33,1,240081,1,3,1,2,1,2,3,2,1,2,1,2,1,2,2,2,1,2,2,2,3,2,2,2,2,2,2,2,2,2,2,0,0,0
2008,24,19,1,240082,1,3,1,2,1,1,3,1,4,1,2,2,2,2,2,2,2,2,2,2,3,2,2,2,2,1,2,2,2,1,2,0,0,0
2008,24,21,1,240083,1,3,1,2,1,1,3,1,4,1,1,2,2,2,2,2,2,2,2,2,3,2,2,2,2,1,2,2,2,1,2,0,0,0
2008,24,3,1,240084,1,3,2,2,1,2,4,2,4,1,1,2,3,2,2,2,2,2,2,2,3,2,2,2,2,1,2,2,2,1,2,0,0,0
2008,24,47,2,240085,1,3,1,2,1,2,3,2,1,2,1,2,1,2,2,2,1,2,2,2,2,2,2,2,2,2,1,1,2,2,2,0,0,0
2008,24,9,1,240086,1,3,1,2,1,2,3,2,1,1,1,2,1,2,2,2,1,2,2,2,3,2,2,2,2,2,2,2,2,2,2,0,0,0
2008,24,31,1,240087,1,3,2,2,1,2,6,2,3,1,1,2,2,2,2,2,2,2,2,2,3,2,2,2,2,2,2,2,1,2,2,0,0,0
2008,24,25,1,240088,1,3,2,2,1,2,3,2,1,1,1,2,1,2,2,2,1,2,2,2,3,2,2,2,2,2,1,1,2,2,2,0,0,0
2008,24,23,1,240089,1,3,1,1,4,2,1,2,1,1,1,2,1,2,2,1,2,2,1,2,2,2,2,2,2,2,2,2,1,1,2,0,0,0
2008,24,33,1,240090,1,3,2,2,1,2,3,2,1,2,2,1,1,2,2,2,1,2,2,2,3,2,2,2,2,2,2,2,2,2,2,0,0,0
2008,24,13,1,240091,1,3,1,2,1,2,5,2,3,1,1,2,2,1,2,2,2,2,2,2,3,2,2,2,2,2,2,2,1,1,2,0,0,0
2008,24,19,1,240092,1,3,1,3,1,1,7,1,2,1,1,2,2,2,2,1,2,2,2,2,3,2,2,1,1,1,2,1,2,1,2,0,0,0
2008,24,3,1,240093,1,3,2,1,4,2,1,2,1,2,2,2,1,2,2,2,2,2,1,2,1,2,2,2,2,2,1,1,1,2,2,0,0,0
2008,24,43,1,240094,1,3,2,2,1,1,6,1,4,2,2,2,2,2,2,2,2,2,2,2,3,1,1,1,1,2,2,1,2,1,2,0,0,0
2008,24,31,1,240095,1,3,2,2,1,2,3,2,3,1,1,2,2,1,2,2,2,2,2,2,3,1,1,1,1,2,2,1,1,2,2,0,0,0
2008,24,31,1,240096,1,3,2,2,4,2,4,2,1,2,1,2,1,2,2,2,2,2,1,2,2,1,1,1,1,2,2,1,1,2,2,0,0,0
2008,24,47,2,240097,1,3,1,2,1,2,5,2,3,2,1,2,2,2,2,1,2,2,2,2,1,2,2,2,2,2,2,2,1,2,2,0,0,0
2008,24,33,1,240098,1,3,2,2,1,2,3,2,1,2,1,2,1,2,2,2,1,2,2,2,3,2,2,2,2,2,2,2,2,2,2,0,0,0
2008,24,33,1,240099,1,3,1,2,1,2,5,2,1,2,2,1,1,2,2,2,1,2,2,2,3,2,2,2,2,2,2,2,2,2,2,0,0,0
2008,24,33,1,240100,1,3,2,2,1,2,3,2,3,1,1,2,2,2,2,2,2,2,2,2,2,2,2,2,2,2,2,2,1,1,2,0,0,0
2008,24,33,1,240101,1,3,2,2,1,2,6,2,3,2,2,2,2,2,2,2,2,2,2,2,3,2,2,2,2,2,2,2,1,2,2,0,0,0
2008,24,31,1,240102,1,3,2,2,4,2,4,2,1,1,2,2,2,2,2,1,2,2,2,2,3,2,2,2,2,1,2,2,2,2,2,0,0,0
2008,24,5,1,240103,1,3,2,2,4,2,4,2,1,3,3,2,1,2,2,1,2,2,2,2,1,2,2,2,2,2,1,1,1,2,2,0,0,0
2008,24,5,1,240104,1,3,2,2,4,2,4,2,1,1,1,2,1,2,2,2,2,2,2,2,2,2,2,2,2,1,2,2,1,1,2,0,0,0
2008,24,5,1,240105,1,3,2,2,4,2,3,2,1,1,1,2,1,2,2,1,2,2,2,2,3,2,2,1,1,2,2,1,1,2,2,0,0,0
2008,24,5,1,240106,1,3,2,2,1,1,4,1,3,1,1,2,3,2,2,2,2,2,2,2,3,2,2,2,2,2,2,2,1,2,2,0,0,0
2008,24,17,1,240107,1,3,1,2,4,2,5,2,1,1,1,2,1,2,2,2,2,2,1,2,3,2,2,2,2,1,2,2,1,1,2,0,0,0
2008,24,37,1,240108,1,3,2,2,4,2,6,2,1,2,1,2,1,2,2,2,2,2,2,2,3,2,2,2,2,1,2,2,1,2,1,0,0,0
2008,24,45,1,240109,1,3,1,2,4,2,6,2,1,2,1,2,1,2,2,1,2,2,2,2,1,2,2,2,2,2,1,1,1,2,2,0,0,0
2008,24,510,1,240111,1,3,2,2,1,1,4,1,4,1,1,2,2,2,1,2,2,2,2,2,3,1,1,1,1,2,2,1,2,1,2,0,0,0
2008,24,29,1,240112,1,3,1,2,1,2,4,2,3,1,1,2,2,2,2,1,2,2,2,2,1,2,2,2,2,2,2,2,1,1,2,0,0,0
2008,24,5,1,240113,1,3,2,2,1,2,2,2,1,2,2,2,1,2,2,2,1,2,2,2,3,2,2,2,2,2,2,2,2,2,2,0,0,0
2008,24,43,1,240114,1,3,1,2,4,2,4,2,1,1,2,2,1,2,2,2,2,2,2,2,2,2,2,2,2,1,2,2,1,2,2,0,0,0
2008,24,33,1,240115,1,3,2,2,4,2,5,2,1,2,1,2,1,2,2,1,2,2,2,2,3,2,2,2,2,2,1,1,1,2,2,0,0,0
2008,24,33,1,240116,1,3,2,2,4,2,3,2,1,2,2,2,1,2,2,2,2,2,2,2,1,2,2,2,2,2,2,2,1,1,2,0,0,0
2008,24,45,1,240117,1,3,2,2,4,2,3,2,1,2,2,2,1,2,2,2,2,2,2,2,1,2,2,2,2,2,2,2,1,1,2,0,0,0
2008,24,9,2,240118,1,3,2,2,4,2,6,2,1,2,2,2,1,2,1,2,2,2,2,2,1,2,2,2,2,2,2,2,1,2,2,0,0,0
2008,24,43,1,240119,1,3,2,1,1,2,1,2,2,2,2,2,2,2,2,1,2,2,1,2,1,2,2,2,2,2,2,2,2,1,2,0,0,0
2008,24,510,1,240120,1,3,2,2,1,2,3,2,1,1,1,2,1,2,2,2,1,2,2,2,3,2,2,2,2,1,2,2,2,2,2,0,0,0
2008,24,5,1,240121,1,3,2,2,4,2,4,2,1,1,2,2,1,2,2,1,2,2,1,2,2,2,2,2,2,2,2,2,1,1,2,0,0,0
2008,24,15,3,240122,1,3,1,2,1,1,4,1,4,2,1,2,2,2,2,2,2,2,2,2,2,1,1,1,1,2,2,1,2,1,2,0,0,0
2008,24,27,4,240123,1,3,2,2,1,2,3,2,3,1,1,2,2,1,2,2,2,2,2,2,2,2,2,2,2,2,2,2,1,1,2,0,0,0
2008,24,27,1,240124,1,3,2,2,2,2,2,2,1,2,1,2,1,2,2,2,1,2,2,2,1,2,2,2,2,2,2,2,1,1,2,0,0,0
2008,24,11,1,240125,1,3,1,2,1,2,3,2,3,2,2,2,2,2,2,2,2,2,2,2,1,2,2,2,2,2,2,2,2,2,2,0,0,0
2008,24,23,1,240126,1,3,1,2,1,2,5,2,4,1,1,2,2,2,2,1,2,2,2,2,1,2,2,2,2,2,2,2,1,2,2,0,0,0
2008,24,3,1,240127,1,3,2,2,1,2,2,2,2,3,3,2,3,1,2,2,2,2,2,2,3,2,2,2,2,2,1,1,2,1,2,0,0,0
2008,24,21,1,240128,1,3,1,2,4,2,6,2,1,2,1,2,1,2,2,2,2,2,2,2,1,2,2,2,2,2,1,1,1,2,2,0,0,0
2008,24,17,1,240129,1,3,2,2,4,2,6,2,6,2,2,2,1,2,2,1,2,2,2,2,3,2,2,2,2,2,1,1,1,2,2,0,0,0
2008,24,31,1,240130,1,3,2,2,4,2,4,2,1,2,2,2,1,2,2,2,2,2,2,2,1,1,1,1,1,2,2,1,1,2,2,0,0,0
2008,24,33,1,240131,1,3,2,2,1,2,5,2,1,1,1,2,1,2,2,2,1,2,2,2,3,2,2,2,2,2,2,2,2,2,2,0,0,0
2008,24,43,1,240132,1,3,1,2,1,2,5,2,2,1,1,2,2,2,2,1,2,2,2,2,3,1,1,1,1,1,2,1,2,1,2,0,0,0
2008,24,21,1,240133,1,3,1,2,4,2,6,2,1,1,2,2,1,2,2,2,2,2,1,2,2,2,2,2,2,2,2,2,1,1,2,0,0,0
2008,24,510,1,240134,1,3,2,2,4,2,4,2,1,2,2,2,1,2,1,2,2,2,2,2,1,2,2,2,2,2,2,2,1,2,2,0,0,0
2008,24,35,1,240135,1,3,1,2,1,1,4,1,4,2,1,2,2,2,2,2,2,2,1,2,1,2,2,2,2,2,2,2,2,1,2,0,0,0
2008,24,33,1,240136,1,3,2,2,1,2,3,2,1,2,1,2,1,2,2,2,1,2,2,2,3,2,2,2,2,2,2,2,2,2,2,0,0,0
2008,24,3,2,240137,1,3,1,2,4,2,4,2,1,2,2,2,1,2,2,1,2,2,1,2,1,2,2,2,2,2,1,1,1,1,2,0,0,0
2008,24,3,1,240138,1,3,2,2,4,2,5,2,4,2,1,2,1,2,2,1,2,2,2,2,2,2,2,2,2,2,1,1,1,1,2,0,0,0
2008,24,35,1,240139,1,3,1,2,4,2,5,2,1,2,2,2,1,2,1,2,2,2,2,2,1,2,2,2,2,2,2,2,1,1,2,0,0,0
2008,24,33,1,240140,1,3,2,2,1,2,2,2,2,1,2,2,2,2,1,1,2,2,2,2,3,2,2,2,2,2,2,2,2,2,2,0,0,0
2008,24,31,1,240141,1,3,2,2,1,2,4,2,1,2,1,2,1,2,2,2,1,2,2,2,3,2,2,2,2,2,2,2,2,2,2,0,0,0
2008,24,31,1,240142,1,3,2,2,1,2,3,2,3,2,2,2,2,2,1,2,2,2,2,2,1,2,2,2,2,2,2,2,1,2,2,0,0,0
2008,24,21,1,240143,1,3,1,2,4,2,6,2,1,2,1,2,1,2,2,2,2,2,2,2,1,2,2,2,2,2,1,1,1,1,2,0,0,0
2008,24,27,1,240145,1,3,2,2,1,2,4,2,1,2,1,2,1,2,2,2,1,2,2,2,3,2,2,2,2,2,2,2,2,2,2,0,0,0
2008,24,33,1,240146,1,3,2,2,1,1,3,1,4,2,2,2,3,2,2,1,2,2,2,2,3,1,1,1,1,2,2,1,2,2,2,0,0,0
2008,24,19,1,240147,1,3,2,2,4,2,4,2,1,1,1,2,1,2,2,2,1,2,2,2,2,2,2,2,2,1,2,2,1,1,2,0,0,0
2008,24,43,1,240148,1,3,2,2,1,2,3,2,3,2,2,2,2,2,2,2,2,2,2,2,1,2,2,2,2,1,2,2,1,1,2,0,0,0
2008,24,5,1,240149,1,3,2,2,1,1,6,1,4,2,2,1,2,2,1,1,2,2,2,2,1,2,2,2,2,2,2,2,2,2,2,0,0,0
2008,24,17,1,240150,1,3,1,2,4,2,6,2,1,1,1,2,1,2,2,2,2,2,2,2,2,2,2,2,2,1,2,2,1,2,2,0,0,0
2008,24,1,1,240151,1,3,1,2,1,2,5,2,3,1,2,2,2,1,2,2,2,2,2,2,3,2,2,2,2,2,2,2,1,1,2,0,0,0
2008,24,3,1,240152,1,3,2,2,1,2,3,2,4,1,1,2,3,2,1,2,2,2,2,2,3,2,2,2,2,2,1,1,2,2,2,0,0,0
2008,24,15,1,240153,1,3,1,2,1,2,5,3,4,1,2,2,2,2,2,2,2,2,2,2,3,2,2,2,2,2,2,2,2,1,2,0,0,0
2008,24,31,1,240154,1,3,2,2,1,2,4,2,1,2,1,2,1,2,2,2,1,2,2,2,3,2,2,2,2,2,2,2,2,2,2,0,0,0
2008,24,33,1,240155,1,3,2,2,4,2,3,2,1,2,2,2,1,2,2,1,2,2,2,2,1,2,2,1,1,2,2,1,1,2,2,0,0,0
2008,24,3,1,240156,1,3,2,1,1,2,1,2,2,1,1,2,2,1,2,1,2,2,2,2,3,2,2,2,2,2,2,2,2,2,2,0,0,0
2008,24,13,1,240157,1,3,1,2,4,2,6,2,1,2,1,2,1,2,2,1,2,2,1,2,1,1,1,1,1,2,2,1,1,2,2,0,0,0
2008,24,21,2,240158,1,3,2,1,1,2,1,2,5,1,1,2,3,1,2,2,2,2,2,2,3,2,2,2,2,1,2,2,2,2,2,0,0,0
2008,24,3,1,240159,1,3,2,2,1,2,4,2,3,2,1,2,2,2,2,2,2,2,2,2,1,2,2,2,2,2,2,2,1,1,2,0,0,0
2008,24,5,1,240160,1,3,2,2,4,2,3,2,1,1,1,2,1,2,2,2,2,2,2,2,3,2,2,2,2,2,1,1,2,2,2,0,0,0
2008,24,43,1,240161,1,3,1,2,1,1,5,1,4,3,1,2,2,1,2,2,2,2,2,2,2,2,2,2,2,1,2,2,2,2,2,0,0,0
2008,24,17,1,240162,1,3,2,2,4,2,3,2,1,1,2,2,1,2,2,1,2,2,2,2,1,1,1,1,1,2,2,1,1,2,2,0,0,0
2008,24,33,1,240163,1,3,2,2,4,2,4,2,1,2,1,2,1,2,2,1,2,2,2,2,2,2,2,2,2,2,2,2,1,2,2,0,0,0
2008,24,25,1,240164,1,3,2,2,1,1,4,1,4,1,1,2,2,2,2,2,2,2,2,2,3,2,2,2,2,1,2,2,2,1,2,0,0,0
2008,24,5,1,240165,1,3,2,1,2,2,1,2,1,1,1,2,1,2,2,2,1,2,2,2,2,2,2,2,2,2,2,2,1,2,2,0,0,0
2008,24,33,2,240166,1,3,2,2,4,2,2,2,1,2,1,2,1,2,2,1,2,2,2,2,1,2,2,2,2,2,1,1,1,2,2,0,0,0
2008,24,13,2,240167,1,3,1,2,4,2,6,2,1,2,2,2,1,2,2,1,2,2,2,2,2,1,1,1,1,2,2,1,1,2,2,0,0,0
2008,24,47,1,240168,1,3,1,2,4,2,6,2,1,1,1,2,1,2,2,2,2,2,2,2,2,2,2,2,2,2,2,2,1,2,1,0,0,0
2008,24,45,1,240169,1,3,1,2,2,2,5,2,1,2,2,2,1,2,2,1,1,2,2,2,3,2,2,2,2,2,2,2,1,2,2,0,0,0
2008,24,33,1,240170,1,3,2,2,4,2,3,2,1,2,1,2,1,2,2,2,2,2,2,2,2,2,2,2,2,2,2,2,1,2,2,0,0,0
2008,24,33,1,240171,1,3,2,2,1,2,3,2,2,1,1,2,3,1,2,1,2,2,2,2,3,2,2,2,2,2,2,2,2,1,2,0,0,0
2008,24,510,1,240172,1,3,2,2,4,2,3,2,1,1,2,2,1,2,1,1,2,2,2,2,2,2,2,2,2,2,2,2,1,1,2,0,0,0
2008,24,33,1,240173,1,3,2,2,1,1,5,1,3,1,1,2,2,2,1,2,2,2,2,2,3,2,2,2,2,2,2,2,2,2,2,0,0,0
2008,24,47,1,240174,1,3,1,2,4,2,5,2,1,2,2,2,1,2,1,1,2,2,2,2,1,2,2,1,1,2,2,1,1,2,2,0,0,0
2008,24,41,2,240175,1,3,2,2,1,1,3,1,4,1,2,2,2,2,1,2,2,2,2,2,3,2,2,2,2,2,2,2,2,1,2,0,0,0
2008,24,13,1,240176,1,3,1,2,4,2,6,2,1,1,1,2,1,2,1,1,2,2,2,2,2,2,2,2,2,2,2,2,1,1,2,0,0,0
2008,24,43,1,240177,1,3,1,2,1,1,5,1,4,2,2,2,2,2,1,2,2,2,2,2,3,2,2,2,2,2,2,2,2,1,2,0,0,0
2008,24,31,2,240178,1,3,1,2,1,2,5,2,3,2,1,2,2,2,2,2,2,2,2,2,1,2,2,2,2,2,2,2,1,2,2,0,0,0
2008,24,31,1,240179,1,3,2,2,1,2,2,2,1,2,2,2,1,2,2,2,1,2,2,2,3,1,1,1,1,2,2,1,2,2,2,0,0,0
2008,24,5,1,240180,1,3,2,2,4,2,3,2,1,2,2,2,1,2,2,1,2,2,2,2,1,2,2,2,2,2,2,2,1,2,2,0,0,0
2008,24,33,1,240181,1,3,1,2,4,2,3,2,1,2,1,2,1,2,2,2,2,2,1,2,1,2,2,2,2,2,1,1,1,1,2,0,0,0
2008,24,33,1,240182,1,3,2,2,1,2,4,2,3,2,1,2,3,2,2,2,2,2,2,2,3,2,2,2,2,2,2,2,1,2,2,0,0,0
2008,24,33,1,240183,1,3,2,2,1,2,2,2,2,2,2,2,2,2,2,2,2,2,2,2,3,2,2,1,1,2,2,1,2,1,2,0,0,0
2008,24,45,1,240184,1,3,2,2,1,1,3,1,4,1,2,2,2,2,2,2,2,2,2,2,2,2,2,2,2,1,1,1,2,2,1,0,0,0
2008,24,3,1,240185,1,3,2,2,4,1,6,1,1,2,2,2,1,2,2,1,2,2,1,2,1,2,2,2,2,2,2,2,2,2,2,0,0,0
2008,24,5,2,240186,1,3,2,2,1,1,4,1,2,2,1,2,2,2,2,2,2,2,2,2,3,2,2,2,2,2,1,1,2,2,2,0,0,0
2008,24,510,1,240187,1,3,2,2,1,2,3,2,1,2,2,2,1,2,2,2,1,2,2,2,3,2,2,2,2,2,2,2,2,2,2,0,0,0
2008,24,510,1,240188,1,3,2,2,1,1,3,1,1,2,2,2,1,2,2,2,1,2,2,2,3,2,2,2,2,2,2,2,2,2,2,0,0,0
2008,24,510,1,240189,1,3,2,2,4,2,3,2,1,2,2,2,1,2,2,1,2,2,2,2,1,2,2,2,2,2,2,2,1,2,2,0,0,0
2008,24,510,1,240190,1,3,2,2,1,2,4,2,1,1,2,1,1,2,2,2,1,2,2,2,3,2,2,2,2,2,2,2,2,2,2,0,0,0
2008,24,510,1,240191,1,3,2,2,1,2,3,3,4,2,1,2,2,1,2,1,2,2,2,2,3,2,2,2,2,2,2,2,2,1,2,0,0,0
2008,24,13,1,240192,1,3,1,2,4,2,6,2,7,1,2,2,1,2,2,2,2,2,2,2,2,2,2,2,2,1,2,2,2,2,2,0,0,0
2008,24,510,1,240193,1,3,2,2,1,1,4,1,4,1,1,2,2,2,1,1,2,2,2,2,3,2,2,2,2,2,2,2,2,2,2,0,0,0
2008,24,510,1,240194,1,3,2,2,4,2,3,2,1,2,2,2,1,2,2,2,1,2,2,2,2,2,2,2,2,2,2,2,1,2,2,0,0,0
2008,24,510,1,240195,1,3,2,2,1,1,6,1,4,2,2,2,2,2,1,2,2,2,2,2,1,2,2,2,2,2,2,2,2,2,2,0,0,0
2008,24,5,1,240196,1,3,2,1,1,2,1,3,4,1,1,2,2,2,2,2,2,2,2,2,3,2,2,2,2,2,1,1,2,1,2,0,0,0
2008,24,510,1,240197,1,3,2,2,1,1,4,1,4,2,2,1,2,2,2,2,2,2,2,2,3,2,2,2,2,2,1,1,2,2,2,0,0,0
2008,24,510,1,240198,1,3,2,2,1,1,4,1,4,2,1,2,2,2,2,1,2,2,2,2,2,2,2,2,2,2,1,1,2,2,2,0,0,0
2008,24,5,1,240199,1,3,2,2,1,2,4,2,3,1,1,2,2,2,2,2,2,2,2,2,2,2,2,2,2,2,2,2,1,2,2,0,0,0
2008,24,510,1,240200,1,3,2,2,4,1,4,1,4,2,2,1,2,2,2,2,1,2,2,2,3,1,1,1,1,2,2,1,2,1,2,0,0,0
2008,24,15,1,240201,1,3,1,2,4,2,5,2,1,1,1,2,1,2,2,2,2,2,2,2,2,2,2,2,2,1,2,2,1,2,2,0,0,0
2008,24,37,1,240202,1,3,1,2,1,1,3,1,4,1,1,2,2,2,2,2,2,2,2,2,3,2,2,2,2,2,2,2,2,2,2,0,0,0
2008,24,5,1,240203,1,3,1,2,4,2,5,2,1,2,2,2,1,2,2,1,2,2,2,2,1,2,2,2,2,2,1,1,1,2,2,0,0,0
2008,24,11,1,240204,1,3,1,2,4,2,6,2,1,2,2,2,1,2,2,1,2,2,1,2,1,2,2,2,2,2,1,1,1,2,2,0,0,0
2008,24,3,1,240205,1,3,2,2,3,2,2,2,1,2,2,2,1,2,2,1,2,2,1,2,1,2,2,2,2,2,2,2,1,2,2,0,0,0
2008,24,13,1,240206,1,3,1,2,1,1,4,1,4,1,1,2,3,1,2,2,2,2,2,2,3,2,2,2,2,1,2,2,2,2,2,0,0,0
2008,24,25,1,240207,1,3,1,2,1,2,4,2,3,1,1,2,2,1,2,2,2,2,2,2,2,2,2,2,2,2,2,2,1,2,2,0,0,0
2008,24,15,1,240208,1,3,1,2,1,1,4,1,4,1,1,2,2,2,2,2,2,2,2,2,3,2,2,2,2,1,2,2,2,2,2,0,0,0
2008,24,45,1,240209,1,3,1,2,4,2,5,2,1,1,2,2,1,2,2,2,2,2,1,2,2,2,2,2,2,2,2,2,1,1,2,0,0,0
2008,24,17,1,240210,1,3,1,2,4,2,5,2,1,1,1,2,1,2,2,1,2,2,1,2,3,2,2,2,2,2,1,1,1,2,2,0,0,0
2008,24,3,1,240211,1,3,2,2,1,1,6,1,4,1,1,2,2,2,2,2,2,2,2,2,3,2,2,2,2,1,2,2,2,1,2,0,0,0
2008,24,33,1,240212,1,3,2,1,1,2,1,2,4,2,2,2,2,2,2,1,2,2,1,2,3,2,2,2,2,2,2,2,1,1,2,0,0,0
2008,24,31,1,240213,1,3,2,2,1,1,3,1,4,1,2,2,2,2,1,2,2,2,2,2,3,2,2,2,2,2,2,2,2,1,2,0,0,0
2008,24,31,1,240214,1,3,2,2,4,2,4,2,1,2,2,2,1,2,1,1,2,2,2,2,1,2,2,2,2,2,2,2,1,2,2,0,0,0
2008,24,33,1,240215,1,3,2,1,1,2,1,3,4,1,1,2,2,1,2,2,2,2,2,2,3,2,2,2,2,2,2,2,2,2,2,0,0,0
2008,24,33,1,240216,1,3,2,2,1,1,3,1,4,2,1,2,2,2,1,2,2,2,2,2,3,2,2,2,2,2,2,2,2,2,2,0,0,0
2008,24,33,1,240217,1,3,2,1,1,2,1,2,2,2,1,2,2,2,1,1,2,2,2,2,3,2,2,2,2,2,2,2,2,1,2,0,0,0
2008,24,1,1,240218,1,3,1,2,1,2,5,2,4,1,1,2,2,2,1,2,2,2,2,2,3,2,2,2,2,2,2,2,2,1,2,0,0,0
2008,24,3,1,240219,1,3,2,2,4,2,3,2,1,2,1,2,1,2,2,2,2,2,1,2,1,2,2,2,2,2,2,2,1,2,2,0,0,0
2008,24,27,1,240220,1,3,2,2,4,2,5,2,3,2,2,2,1,2,2,1,2,2,1,2,1,1,1,1,1,2,2,1,1,2,2,0,0,0
2008,24,33,1,240221,1,3,2,1,4,2,1,2,1,1,1,2,2,2,2,2,2,2,2,2,3,2,2,2,2,2,2,2,2,2,2,0,0,0
2008,24,15,1,240222,1,3,1,2,1,1,3,1,3,1,1,2,2,2,2,2,2,2,2,2,1,2,2,2,2,2,2,2,2,1,2,0,0,0
2008,24,15,1,240223,1,3,1,2,1,2,6,2,3,2,1,2,2,2,2,2,2,2,2,2,3,2,2,2,2,2,2,2,1,1,2,0,0,0
2008,24,5,2,240224,1,3,2,1,1,2,1,2,3,2,2,2,3,2,2,2,2,2,2,2,1,2,2,2,2,2,1,1,2,1,2,0,0,0
2008,24,5,1,240225,1,3,2,2,1,1,3,1,1,2,2,2,1,2,2,2,1,2,2,2,3,2,2,2,2,2,1,1,2,2,2,0,0,0
2008,24,41,1,240226,1,3,1,2,4,2,5,2,1,1,2,2,1,2,2,1,2,2,1,2,1,1,1,1,1,2,2,1,1,1,2,0,0,0
2008,24,3,1,240227,1,3,2,2,1,1,3,1,5,1,2,2,3,2,2,2,2,2,2,2,3,2,2,2,2,2,2,2,2,2,2,0,0,0
2008,24,43,1,240228,1,3,1,2,4,2,5,2,1,1,2,2,1,2,1,1,2,2,2,2,2,2,2,2,2,2,2,2,1,1,2,0,0,0
2008,24,37,2,240229,1,3,1,2,4,2,6,2,1,2,2,2,1,2,2,1,2,2,2,2,1,2,2,2,2,2,1,1,1,2,2,0,0,0
2008,24,41,1,240230,1,3,2,2,1,2,3,2,3,2,2,2,2,2,1,1,2,2,2,2,1,2,2,2,2,2,2,2,1,2,2,0,0,0
2008,24,510,1,240231,1,3,2,1,4,2,1,3,1,2,2,2,1,2,1,1,2,2,2,2,2,2,2,2,2,2,2,2,1,2,2,0,0,0
2008,24,31,1,240232,1,3,1,2,1,1,6,1,1,2,1,2,1,2,2,2,1,2,2,2,3,1,1,1,1,2,2,1,2,2,2,0,0,0
2008,24,3,1,240233,1,3,2,2,2,2,2,2,1,2,2,2,1,2,2,2,2,2,2,2,1,2,2,2,2,2,2,2,1,1,2,0,0,0
2008,24,25,1,240234,1,3,1,2,1,2,5,2,6,1,2,2,2,2,1,1,2,2,2,2,3,2,2,2,2,2,2,2,2,1,2,0,0,0
2008,24,5,1,240235,1,3,1,2,4,2,6,2,1,2,2,2,1,2,2,1,2,2,2,2,1,1,1,1,1,2,2,1,1,2,2,0,0,0
2008,24,510,1,240236,1,3,2,1,4,2,1,3,1,2,2,2,1,2,1,1,2,2,2,2,2,2,2,2,2,2,1,1,1,2,2,0,0,0
2008,24,31,1,240237,1,3,2,2,1,1,3,1,3,1,1,2,2,2,2,2,2,2,2,2,3,2,2,2,2,1,2,2,2,2,2,0,0,0
2008,24,31,1,240238,1,3,2,2,4,2,5,2,1,1,1,2,1,2,2,1,2,2,2,2,2,2,2,2,2,2,2,2,1,2,2,0,0,0
2008,24,31,1,240239,1,3,2,2,4,2,3,2,1,2,2,2,1,2,2,2,2,2,2,2,3,1,1,1,1,2,2,1,1,2,2,0,0,0
2008,24,21,1,240240,1,3,1,2,4,2,6,2,1,2,1,2,1,2,2,1,2,2,1,2,3,2,2,2,2,2,1,1,1,2,2,0,0,0
2008,24,31,1,240241,1,3,1,2,4,2,4,2,1,2,2,2,1,2,2,2,2,2,1,2,2,1,1,1,1,2,2,1,1,2,2,0,0,0
2008,24,3,1,240242,1,3,2,2,1,1,6,1,4,2,2,2,2,2,1,1,2,2,2,2,3,2,2,2,2,2,2,2,2,2,2,0,0,0
2008,24,15,1,240243,1,3,1,2,4,1,5,1,1,2,2,2,1,2,2,2,2,2,2,2,3,1,1,1,1,2,2,1,2,2,2,0,0,0
2008,24,3,1,240244,1,3,2,2,4,2,5,2,1,2,2,2,1,2,2,1,2,2,1,2,2,2,2,2,2,2,1,1,1,2,2,0,0,0
2008,24,31,1,240245,1,3,2,2,1,1,3,1,4,2,1,2,2,2,1,1,2,2,2,2,1,1,1,1,1,2,2,1,2,2,2,0,0,0
2008,24,3,1,240246,1,3,2,2,1,1,3,1,5,1,1,2,2,2,2,2,2,2,2,2,3,2,2,2,2,2,2,2,2,2,2,0,0,0
2008,24,13,1,240247,1,3,2,2,1,2,3,2,4,1,1,2,2,1,2,2,2,2,2,2,3,2,2,2,2,2,2,2,1,1,2,0,0,0
2008,24,37,1,240248,1,3,1,2,1,1,3,1,4,2,2,2,2,2,1,2,2,2,2,2,3,2,2,2,2,1,2,2,2,2,2,0,0,0
2008,24,15,1,240249,1,3,1,2,4,2,5,2,1,1,2,2,1,2,2,1,2,2,2,2,1,2,2,2,2,2,1,1,1,2,2,0,0,0
2008,24,5,1,240250,1,3,2,1,4,2,1,2,1,2,2,2,1,2,1,1,2,2,2,2,2,2,2,2,2,2,1,1,1,2,2,0,0,0
2008,24,17,1,240251,1,3,1,2,1,1,3,1,4,2,1,2,2,2,1,1,2,2,2,2,3,2,2,2,2,2,2,2,2,1,2,0,0,0
2008,24,510,1,240252,1,3,3,3,1,1,7,1,4,2,1,2,2,2,1,1,2,2,2,2,1,2,2,2,2,2,2,2,2,2,2,0,0,0
2008,24,5,1,240253,1,3,1,2,1,2,6,2,1,1,2,2,1,2,2,2,2,1,2,2,3,2,2,2,2,2,2,2,2,2,2,0,0,0
2008,24,31,1,240254,1,3,2,1,1,2,1,3,1,2,2,2,1,2,2,2,1,2,2,2,2,2,2,2,2,2,2,2,2,2,2,0,0,0
2008,24,5,2,240255,1,3,2,1,1,2,1,2,4,2,1,2,1,2,2,2,1,2,2,2,3,2,2,2,2,2,2,2,2,2,2,0,0,0
2008,24,5,1,240256,1,3,1,2,4,2,4,2,1,2,1,2,1,2,2,2,2,2,2,2,1,2,2,2,2,2,2,2,1,2,2,0,0,0
2008,24,5,1,240257,1,3,2,2,4,1,4,1,1,2,2,2,1,2,2,2,1,2,2,2,3,2,2,2,2,2,2,2,2,1,2,0,0,0
2008,24,31,1,240258,1,3,1,2,1,1,5,1,4,2,1,2,2,2,1,2,2,2,2,2,2,1,1,1,1,2,2,1,2,2,2,0,0,0
2008,24,31,1,240259,1,3,2,2,1,2,3,2,1,2,2,2,1,2,2,2,1,2,2,2,3,2,2,2,2,2,2,2,2,2,2,0,0,0
2008,24,25,2,240260,1,3,2,2,1,2,4,2,3,2,2,2,3,2,1,2,2,2,2,2,3,2,2,2,2,2,2,2,1,1,2,0,0,0
2008,24,13,1,240261,1,3,1,2,1,2,3,2,3,2,1,2,2,2,1,2,2,2,2,2,3,2,2,1,1,1,2,1,1,2,2,0,0,0
2008,24,27,1,240262,1,3,2,2,1,1,2,1,4,1,2,2,2,2,1,2,2,2,2,2,2,1,1,1,1,1,2,1,2,2,2,0,0,0
2008,24,5,1,240263,1,3,2,1,1,2,1,2,1,2,2,2,1,2,2,2,2,2,1,2,1,2,2,2,2,2,1,1,2,1,2,0,0,0
2008,24,27,1,240264,1,3,2,1,4,2,1,2,1,1,2,2,1,2,1,1,2,2,2,2,2,2,2,2,2,2,2,2,1,2,2,0,0,0
2008,24,33,1,240265,1,3,2,2,1,2,3,3,4,2,1,2,2,2,1,2,2,2,2,2,3,2,2,2,2,2,1,1,2,2,2,0,0,0
2008,24,45,1,240266,1,3,1,2,1,1,3,1,4,3,1,2,2,2,2,2,2,2,2,2,3,2,2,2,2,1,2,2,2,1,2,0,0,0
2008,24,33,1,240267,1,3,1,2,4,2,5,2,1,2,1,2,1,2,2,1,2,2,2,2,1,2,2,2,2,2,2,2,1,2,2,0,0,0
2008,24,510,1,240268,1,3,2,1,4,2,1,2,1,2,2,2,1,2,1,1,2,2,2,2,1,2,2,2,2,2,2,2,1,1,2,0,0,0
2008,24,33,1,240269,1,3,2,2,1,2,2,2,1,1,1,2,1,2,2,2,1,2,2,2,3,1,1,1,1,2,2,1,2,2,2,0,0,0
2008,24,5,1,240270,1,3,2,2,1,1,5,1,4,1,1,2,2,2,1,2,2,2,2,2,3,2,2,2,2,1,1,1,2,1,2,0,0,0
2008,24,3,1,240271,1,3,2,2,1,1,3,1,4,2,2,2,2,2,1,2,2,2,2,2,1,2,2,2,2,2,2,2,2,2,2,0,0,0
2008,24,5,1,240272,1,3,2,2,2,2,4,2,2,1,1,2,1,2,2,2,2,2,2,2,3,2,2,2,2,2,2,2,1,1,2,0,0,0
2008,24,5,1,240273,1,3,2,2,1,1,4,1,3,2,1,2,2,2,1,2,2,2,2,2,3,1,1,1,1,2,1,1,2,1,2,0,0,0
2008,24,9,1,240274,1,3,1,2,1,2,3,2,1,1,1,2,1,2,2,2,2,1,2,2,3,2,2,2,2,2,2,2,2,2,2,0,0,0
2008,24,9,1,240275,1,3,1,2,1,2,5,3,4,1,1,2,2,2,1,2,2,2,2,2,3,2,2,2,2,2,2,2,2,1,2,0,0,0
2008,24,33,1,240276,1,3,1,2,1,1,3,1,4,2,2,2,3,2,2,2,2,2,2,2,1,2,2,1,1,1,2,1,2,1,2,0,0,0
2008,24,510,1,240277,1,3,2,2,4,2,3,2,1,2,2,2,1,2,2,1,2,2,2,2,1,2,2,2,2,2,2,2,1,2,2,0,0,0
2008,24,17,1,240278,1,3,1,2,1,1,3,1,4,1,2,2,2,2,1,2,2,2,2,2,3,2,2,2,2,1,2,2,2,2,2,0,0,0
2008,24,31,1,240279,1,3,2,2,1,1,3,1,4,1,2,2,2,2,2,1,2,2,2,2,3,2,2,2,2,1,2,2,2,2,2,0,0,0
2008,24,31,2,240280,1,3,2,2,1,2,3,2,4,1,2,2,2,2,2,2,2,2,2,2,2,2,2,2,2,2,2,2,1,2,2,0,0,0
2008,24,15,1,240281,1,3,1,2,1,2,3,2,5,1,1,2,2,1,2,2,2,2,2,2,3,2,2,2,2,2,2,2,1,1,2,0,0,0
2008,24,33,1,240282,1,3,1,2,1,2,3,2,3,2,1,2,2,2,2,2,2,2,2,1,2,2,2,2,2,2,1,1,2,1,2,0,0,0
2008,24,3,1,240283,1,3,2,2,1,2,5,2,1,2,2,2,1,2,1,1,2,2,2,2,1,2,2,2,2,2,2,2,2,1,2,0,0,0
2008,24,33,1,240284,1,3,2,1,4,2,1,3,1,2,2,2,1,2,2,2,2,2,2,2,1,2,2,2,2,2,2,2,1,1,2,0,0,0
2008,24,5,1,240285,1,3,1,2,1,2,6,3,4,1,1,2,2,2,1,1,2,2,2,2,3,1,2,1,2,2,1,1,2,2,2,0,0,0
2008,24,25,1,240286,1,3,2,2,4,2,5,2,1,2,1,2,1,2,2,1,2,2,2,2,2,2,2,1,1,2,2,1,1,2,2,0,0,0
2008,24,25,1,240287,1,3,1,2,1,1,5,1,1,2,1,2,1,2,2,2,2,1,2,2,1,2,2,2,2,2,2,2,2,2,2,0,0,0
2008,24,13,1,240288,1,3,1,2,1,1,5,1,4,1,1,2,2,2,2,2,2,2,2,2,3,1,1,1,1,2,2,1,2,1,2,0,0,0
2008,24,47,2,240289,1,3,1,2,4,2,3,2,1,2,2,2,1,2,2,2,2,2,2,2,1,2,2,2,2,2,1,1,1,2,2,0,0,0
2008,24,35,1,240290,1,3,1,2,1,1,5,1,4,1,2,2,2,2,2,2,2,2,2,2,3,2,2,2,2,2,2,2,2,1,2,0,0,0
2008,24,31,1,240291,1,3,2,2,1,1,3,1,1,1,1,2,1,1,2,2,1,2,2,2,3,2,2,2,2,2,2,2,2,2,2,0,0,0
2008,24,45,1,240292,1,3,1,2,1,1,3,1,3,1,1,2,2,2,2,2,2,2,2,2,2,2,2,2,2,2,2,2,2,1,2,0,0,0
2008,24,5,1,240293,1,3,2,2,4,2,3,2,1,2,1,1,1,2,2,1,2,2,2,2,3,2,2,2,2,2,2,2,1,2,2,0,0,0
2008,24,31,1,240294,1,3,2,1,1,2,1,2,2,2,1,2,2,2,2,1,2,2,2,2,3,2,2,2,2,2,2,2,2,1,2,0,0,0
2008,24,47,2,240295,1,3,1,2,1,1,3,1,3,1,2,2,2,2,2,2,2,2,1,2,2,2,2,2,2,1,2,2,2,1,2,0,0,0
2008,24,37,2,240296,1,3,1,2,1,2,4,2,3,2,2,2,2,2,2,2,2,2,2,2,1,2,2,2,2,2,1,1,1,2,2,0,0,0
2008,24,5,1,240297,1,3,2,1,1,2,1,2,2,1,1,2,2,2,1,2,2,2,2,2,3,2,2,2,2,2,2,2,2,1,2,0,0,0
2008,24,21,1,240298,1,3,1,2,4,2,6,2,1,2,1,2,1,2,2,2,2,2,2,2,1,2,2,2,2,2,2,2,1,1,2,0,0,0
2008,24,15,1,240299,1,3,1,2,1,1,4,1,4,1,1,2,2,1,2,2,2,2,2,2,3,2,2,2,2,1,2,2,2,1,2,0,0,0
2008,24,27,1,240300,1,3,2,2,1,2,2,3,4,2,2,2,2,2,2,2,2,2,2,2,1,2,2,2,2,2,2,2,2,1,2,0,0,0
2008,24,3,1,240301,1,3,2,1,1,2,1,2,2,1,1,2,3,1,2,2,2,2,2,2,3,2,2,2,2,2,2,2,2,1,2,0,0,0
2008,24,33,1,240302,1,3,2,2,1,2,3,2,3,2,2,2,2,2,2,1,2,2,1,2,1,2,2,2,2,2,2,2,1,2,2,0,0,0
2008,24,510,1,240303,1,3,2,2,1,2,4,3,4,1,1,2,2,1,1,2,2,2,2,2,3,1,1,1,1,2,2,1,2,2,2,0,0,0
2008,24,45,1,240304,1,3,1,2,4,2,6,2,1,1,1,2,1,2,1,2,2,2,2,2,3,2,2,2,2,2,2,2,1,2,2,0,0,0
2008,24,33,1,240305,1,3,2,2,1,2,2,2,1,1,1,2,1,2,2,2,1,2,2,2,3,1,1,1,1,2,2,1,2,2,2,0,0,0
2008,24,33,1,240306,1,3,2,2,1,2,4,2,1,2,1,1,1,2,2,2,1,2,2,2,1,2,2,2,2,1,2,2,2,2,2,0,0,0
2008,24,33,1,240307,1,3,2,2,1,2,3,2,1,1,1,2,1,2,2,2,1,2,2,2,3,2,2,2,2,2,2,2,2,2,2,0,0,0
2008,24,510,1,240308,1,3,2,2,4,2,4,2,1,2,2,2,1,2,2,1,2,2,2,2,3,2,2,2,2,2,2,2,1,2,2,0,0,0
2008,24,33,8,240309,1,3,1,2,1,2,4,2,1,2,2,2,1,2,2,1,1,2,2,2,2,2,2,1,1,2,2,1,2,2,2,0,0,0
2008,24,33,1,240310,1,3,2,2,1,1,3,1,1,1,2,2,1,2,2,2,1,2,2,2,3,2,2,2,2,1,2,2,2,2,2,0,0,0
2008,24,33,1,240311,1,3,2,2,1,2,2,2,2,2,2,2,2,2,1,1,2,2,2,2,3,2,2,2,2,2,2,2,2,1,2,0,0,0
2008,24,43,1,240312,1,3,2,1,1,2,1,2,1,1,2,2,1,2,1,2,2,2,2,2,2,2,2,2,2,2,2,2,2,2,2,0,0,0
2008,24,5,1,240313,1,3,2,2,4,2,4,2,1,2,1,2,1,2,2,2,2,2,2,2,2,1,1,1,1,2,2,1,1,2,2,0,0,0
2008,24,3,1,240314,1,3,2,2,4,2,4,2,1,1,2,2,1,2,2,1,2,2,1,2,1,2,2,2,2,2,2,2,1,1,2,0,0,0
2008,24,33,1,240315,1,3,2,2,1,1,5,1,2,2,1,2,2,2,1,2,2,2,2,2,1,1,1,1,1,2,2,1,2,2,2,0,0,0
2008,24,31,1,240316,1,3,2,2,1,1,4,1,1,1,1,2,1,2,2,2,1,2,2,2,3,2,2,2,2,2,2,2,2,2,2,0,0,0
2008,24,27,1,240317,1,3,2,2,1,1,5,1,4,2,2,2,2,2,1,2,2,2,2,2,3,2,2,2,2,2,2,2,2,2,2,0,0,0
2008,24,33,2,240318,1,3,2,2,2,2,2,2,1,1,1,2,1,2,2,2,1,2,1,2,2,2,2,2,2,2,2,2,1,1,2,0,0,0
2008,24,15,1,240319,1,3,1,2,1,1,4,1,4,2,1,2,2,2,1,2,2,2,2,2,3,2,2,2,2,1,2,2,2,1,2,0,0,0
2008,24,21,1,240320,1,3,1,2,4,2,4,2,1,1,1,2,1,2,2,2,2,2,2,2,2,1,1,1,1,2,2,1,1,2,2,0,0,0
2008,24,27,1,240321,1,3,1,2,1,2,5,2,3,2,1,2,2,2,2,1,2,2,2,2,1,2,2,2,2,2,1,1,1,2,2,0,0,0
2008,24,41,2,240322,1,3,1,2,1,2,4,3,4,1,1,2,2,2,2,2,2,2,2,2,3,2,2,2,2,1,2,2,2,1,2,0,0,0
2008,24,47,1,240323,1,3,1,2,4,2,3,2,1,2,1,2,1,2,2,2,2,2,1,2,2,1,1,1,1,2,2,1,1,2,2,0,0,0
2008,24,33,1,240324,1,3,2,2,4,1,3,1,1,2,1,2,1,2,1,2,2,2,2,2,1,2,2,2,2,2,1,1,2,1,2,0,0,0
2008,24,41,1,240325,1,3,1,2,1,2,3,2,3,2,1,2,2,1,2,2,2,2,2,2,3,2,2,2,2,2,2,2,1,1,1,0,0,0
2008,24,33,1,240326,1,3,1,2,4,2,5,2,1,2,1,2,1,2,2,1,2,2,2,2,2,2,2,2,2,2,2,2,1,1,2,0,0,0
2008,24,31,1,240327,1,3,2,2,1,1,3,1,4,2,2,2,2,2,1,2,2,2,2,2,3,2,2,2,2,2,2,2,2,2,2,0,0,0
2008,24,31,1,240328,1,3,2,2,1,1,6,1,5,1,2,2,2,2,2,2,2,2,2,2,3,2,2,2,2,2,2,2,2,2,2,0,0,0
2008,24,35,1,240329,1,3,1,2,4,2,5,2,1,1,1,2,1,2,2,2,2,2,2,2,2,2,2,2,2,1,2,2,1,1,2,0,0,0
2008,24,1,1,240330,1,3,1,2,1,2,3,2,4,1,1,2,2,2,2,2,2,2,2,2,3,1,1,1,1,2,2,1,1,1,2,0,0,0
2008,24,3,1,240331,1,3,2,2,4,2,5,2,1,1,1,2,1,2,2,2,2,2,2,2,2,2,2,2,2,2,2,2,1,2,2,0,0,0
2008,24,3,1,240332,1,3,2,2,1,2,2,2,4,2,1,2,2,2,1,2,2,2,2,2,3,2,2,2,2,2,2,2,2,1,2,0,0,0
2008,24,27,1,240333,1,3,2,1,4,2,1,3,1,2,1,2,1,2,2,1,2,2,1,2,1,2,2,2,2,2,2,2,1,2,2,0,0,0
2008,24,33,1,240334,1,3,2,1,3,2,1,2,1,1,2,2,1,2,2,1,2,2,2,2,2,2,2,2,2,2,2,2,1,2,2,0,0,0
2008,24,5,1,240335,1,3,2,2,4,2,3,2,1,2,2,2,1,2,1,2,2,2,2,2,1,2,2,2,2,2,2,2,1,2,2,0,0,0
2008,24,5,1,240336,1,3,2,2,3,2,3,2,1,2,1,2,1,2,2,1,2,2,2,2,1,2,2,2,2,2,2,2,1,2,2,0,0,0
2008,24,27,1,240337,1,3,2,2,4,2,5,2,1,1,2,2,1,2,2,1,2,2,2,2,1,2,2,2,2,2,2,2,1,1,2,0,0,0
2008,24,21,1,240338,1,3,2,1,4,2,1,2,1,2,2,2,2,2,2,1,2,2,1,2,3,2,2,2,2,2,2,2,1,1,2,0,0,0
2008,24,35,1,240339,1,3,1,2,1,2,3,2,1,2,2,1,2,2,2,2,1,2,2,2,3,2,2,2,2,2,2,2,2,2,2,0,0,0
2008,24,37,1,240340,1,3,1,2,4,2,5,2,1,1,2,2,1,2,2,1,2,2,2,2,1,2,2,2,2,2,1,1,1,2,2,0,0,0
2008,24,5,1,240341,1,3,2,2,4,2,5,2,1,1,1,2,1,2,2,1,2,2,2,2,1,2,2,2,2,2,2,2,1,1,2,0,0,0
2008,24,27,1,240342,1,3,2,2,1,2,2,2,2,1,1,2,2,1,2,1,2,2,2,2,3,2,2,2,2,1,2,2,2,2,2,0,0,0
2008,24,33,1,240343,1,3,2,1,1,2,1,2,4,1,1,2,3,1,2,1,2,2,1,2,3,2,2,2,2,2,2,2,2,1,2,0,0,0
2008,24,31,1,240344,1,3,2,2,1,2,4,2,1,1,1,2,1,2,2,2,1,2,2,2,3,2,2,2,2,2,2,2,2,2,2,0,0,0
2008,24,5,1,240345,1,3,2,2,1,2,3,2,4,1,1,2,2,2,2,1,2,2,2,2,3,1,1,1,1,2,2,1,1,2,2,0,0,0
2008,24,5,1,240346,1,3,2,1,2,2,1,2,2,2,2,2,1,2,2,2,2,2,2,2,1,2,2,2,2,2,2,2,1,2,2,0,0,0
2008,24,3,1,240347,1,3,2,2,4,2,5,2,1,2,2,2,1,2,2,1,2,2,1,2,2,2,2,2,2,2,2,2,1,2,2,0,0,0
2008,24,5,1,240348,1,3,1,2,4,2,5,2,1,1,1,2,1,2,2,2,2,2,2,2,2,2,2,2,2,2,2,2,1,1,2,0,0,0
2008,24,47,1,240349,1,3,1,2,1,1,3,1,1,2,2,2,1,2,2,2,1,2,2,2,3,2,2,2,2,2,2,2,2,2,2,0,0,0
2008,24,31,1,240350,1,3,2,2,1,1,3,1,1,2,1,2,1,2,2,2,1,2,2,2,3,2,2,2,2,2,2,2,2,2,2,0,0,0
2008,24,35,1,240351,1,3,1,2,4,2,5,2,1,1,2,2,1,2,1,1,2,2,2,2,2,2,2,2,2,1,2,2,2,1,2,0,0,0
2008,24,510,1,240352,1,3,2,2,1,1,3,1,4,2,2,2,2,1,2,2,2,2,1,2,3,2,2,2,2,2,1,1,2,2,2,0,0,0
2008,24,510,1,240353,1,3,2,2,4,2,3,2,1,2,1,2,1,2,1,1,2,2,2,2,2,2,2,2,2,2,2,2,1,2,2,0,0,0
2008,24,33,1,240354,1,3,2,2,1,2,3,2,1,2,2,1,1,1,2,2,1,2,2,2,3,2,2,2,2,2,2,2,2,2,2,0,0,0
2008,24,45,1,240355,1,3,1,2,4,2,5,2,1,2,1,2,1,2,2,1,2,2,1,2,1,2,2,2,2,2,2,2,1,1,2,0,0,0
2008,24,25,1,240356,1,3,2,2,1,2,4,2,4,2,2,2,2,2,2,2,2,2,2,2,1,2,2,2,2,2,1,1,1,2,2,0,0,0
2008,24,45,1,240357,1,3,1,2,1,1,4,1,4,1,2,2,2,2,1,2,2,2,2,2,3,2,2,2,2,2,2,2,2,2,2,0,0,0
2008,24,3,2,240358,1,3,2,2,1,1,6,1,7,2,2,1,2,2,1,2,2,2,2,2,1,2,2,2,2,2,2,2,2,2,2,0,0,0
2008,24,43,1,240359,1,3,2,1,1,2,1,2,1,2,1,2,1,1,2,2,1,2,2,2,3,2,2,2,2,2,2,2,2,2,2,0,0,0
2008,24,47,1,240360,1,3,1,2,1,1,3,1,4,1,1,2,2,1,2,2,2,2,2,2,3,2,2,2,2,1,2,2,2,1,2,0,0,0
2008,24,27,1,240361,1,3,2,1,2,2,1,3,1,2,1,2,1,1,2,2,2,2,1,2,2,2,2,2,2,2,2,2,1,2,2,0,0,0
2008,24,33,1,240362,1,3,2,2,4,2,2,3,1,1,1,2,2,1,1,1,2,2,2,2,3,1,1,1,1,2,2,1,1,1,2,0,0,0
2008,24,33,1,240363,1,3,2,1,4,2,1,2,1,1,2,2,1,1,2,2,2,2,1,2,2,2,2,2,2,2,2,2,1,1,2,0,0,0
2008,24,3,1,240364,1,3,2,2,1,2,4,3,4,1,1,2,2,2,2,2,2,2,2,2,3,2,2,2,2,1,1,1,2,2,2,0,0,0
2008,24,35,1,240365,1,3,1,2,1,2,3,2,2,2,2,2,3,1,2,2,2,2,2,2,1,1,1,1,1,2,2,1,1,2,2,0,0,0
2008,24,33,1,240366,1,3,2,2,4,2,2,3,1,2,2,2,1,2,2,1,2,2,2,2,1,2,2,2,2,2,2,2,1,1,2,0,0,0
2008,24,510,1,240367,1,3,2,2,1,1,5,1,4,1,1,2,2,2,1,2,2,2,2,2,3,2,2,2,2,2,2,2,2,2,2,0,0,0
2008,24,31,1,240368,1,3,2,2,1,1,3,1,1,2,2,2,1,2,2,2,1,2,2,2,3,2,2,2,2,2,2,2,2,2,2,0,0,0
2008,24,31,2,240369,1,3,2,2,4,2,4,2,1,2,2,2,1,2,2,2,2,2,2,2,3,2,2,2,2,1,2,2,1,2,2,0,0,0
2008,24,25,1,240370,1,3,2,2,1,2,5,2,1,2,2,2,1,2,2,2,1,2,2,2,3,2,2,2,2,2,2,2,2,2,2,0,0,0
2008,24,17,1,240371,1,3,1,2,4,2,3,2,1,2,1,2,1,2,1,1,2,2,2,2,3,2,2,2,2,2,1,1,1,1,2,0,0,0
2008,24,37,1,240372,1,3,1,2,4,2,6,2,1,2,1,2,1,2,2,1,2,2,2,2,1,2,2,2,2,2,2,2,1,1,2,0,0,0
2008,24,37,2,240373,1,3,1,2,1,1,5,1,3,1,1,2,2,2,1,1,2,2,2,2,3,2,2,2,2,2,2,2,2,2,2,0,0,0
2008,24,510,1,240374,1,3,2,2,1,1,4,1,4,1,1,2,2,2,1,1,2,2,2,2,3,2,2,2,2,2,2,2,2,2,2,0,0,0
2008,24,23,1,240375,1,3,1,2,4,2,5,2,1,2,1,2,1,2,2,2,2,2,1,2,3,2,2,2,2,2,1,1,1,1,2,0,0,0
2008,24,3,1,240376,1,3,2,2,1,1,6,1,1,2,2,2,1,2,2,2,1,2,2,2,1,1,1,1,1,2,2,1,2,2,2,0,0,0
2008,24,25,1,240377,1,3,2,2,1,2,5,2,3,2,1,2,2,2,2,1,2,2,2,2,1,1,1,1,1,2,2,1,1,2,2,0,0,0
2008,24,33,1,240378,1,3,2,2,1,2,2,2,2,1,1,2,2,2,2,2,2,2,1,2,3,2,2,2,2,2,2,2,2,2,2,0,0,0
2008,24,510,1,240379,1,3,2,2,4,2,3,2,1,2,2,2,1,2,2,2,2,2,2,2,3,2,2,2,2,1,2,2,1,2,2,0,0,0
2008,24,510,1,240380,1,3,2,2,1,1,4,1,4,2,1,2,2,2,1,1,2,2,2,2,3,1,1,1,1,2,2,1,2,1,2,0,0,0
2008,24,5,1,240381,1,3,2,2,1,1,3,1,1,2,2,2,1,2,2,2,1,2,2,2,3,2,2,2,2,2,2,2,2,2,2,0,0,0
2008,24,33,1,240382,1,3,2,1,1,2,1,2,2,1,1,2,2,2,1,2,2,2,2,2,1,2,2,2,2,2,1,1,2,1,2,0,0,0
2008,24,35,1,240383,1,3,1,2,1,1,3,1,4,1,1,2,2,1,2,2,2,2,2,2,3,2,2,2,2,2,2,2,2,1,2,0,0,0
2008,24,45,1,240384,1,3,1,2,1,2,5,2,1,2,1,2,1,2,2,2,2,1,2,2,3,2,2,2,2,2,2,2,2,2,2,0,0,0
2008,24,3,1,240385,1,3,2,2,1,1,6,1,4,1,1,2,2,2,2,2,2,2,2,2,3,2,2,2,2,2,2,2,2,2,2,0,0,0
2008,24,5,1,240386,1,3,2,2,1,2,4,2,2,2,2,2,2,2,2,1,2,2,1,2,1,2,2,2,2,2,2,2,2,2,2,0,0,0
2008,24,5,1,240387,1,3,1,2,1,2,5,2,4,2,1,2,2,2,2,2,2,2,2,2,1,2,2,1,1,2,2,1,1,2,2,0,0,0
2008,24,21,1,240388,1,3,1,2,4,2,6,2,1,2,1,2,1,2,2,1,2,2,2,1,3,2,2,2,2,2,2,2,1,2,2,0,0,0
2008,24,17,1,240389,1,3,1,2,4,2,6,2,1,1,2,2,1,2,2,2,2,2,1,2,3,2,2,1,1,2,2,1,1,2,2,0,0,0
2008,24,5,1,240390,1,3,2,2,1,2,3,2,1,2,1,2,1,2,2,2,1,2,2,2,3,2,2,2,2,1,2,2,2,2,2,0,0,0
2008,24,27,1,240391,1,3,2,2,1,2,2,2,1,2,2,2,1,2,2,2,1,2,2,2,3,2,2,2,2,2,1,1,2,2,2,0,0,0
2008,24,21,2,240392,1,3,1,2,1,2,4,2,3,1,2,2,3,2,2,1,2,2,2,2,3,1,1,1,1,2,2,1,1,1,2,0,0,0
2008,24,33,1,240393,1,3,2,2,1,2,3,2,1,2,2,2,1,2,2,2,1,2,2,2,3,2,2,2,2,1,2,2,2,2,2,0,0,0
2008,24,43,1,240394,1,3,1,2,4,2,5,2,1,1,1,2,1,2,2,2,2,2,2,2,2,2,2,2,2,2,1,1,1,2,2,0,0,0
2008,24,3,1,240395,1,3,1,2,4,2,5,2,1,2,1,2,1,2,2,2,2,2,2,2,2,2,2,2,2,2,2,2,1,1,2,0,0,0
2008,24,510,1,240396,1,3,2,2,1,1,4,1,4,1,2,2,2,1,2,1,2,2,2,2,3,2,2,2,2,2,2,2,2,1,2,0,0,0
2008,24,510,1,240397,1,3,1,3,3,2,7,2,1,2,2,2,1,2,1,1,2,2,2,2,3,2,2,2,2,2,2,2,1,1,2,0,0,0
2008,24,21,1,240398,1,3,2,2,4,1,3,1,1,2,2,2,1,2,1,2,2,2,2,2,3,2,2,2,2,2,2,2,2,1,2,0,0,0
2008,24,510,1,240399,1,3,2,2,3,2,3,2,1,2,2,2,1,2,2,1,2,2,2,2,1,2,2,2,2,2,2,2,1,2,2,0,0,0
2008,24,510,1,240400,1,3,2,2,1,2,4,2,1,2,1,2,1,2,2,2,1,2,2,2,3,2,2,2,2,2,2,2,2,2,2,0,0,0
2008,24,13,1,240401,1,3,1,2,1,1,4,1,4,1,2,2,2,2,1,2,2,2,2,2,3,1,1,1,1,2,2,1,2,1,2,0,0,0
2008,24,33,1,240402,1,3,2,2,4,2,2,3,1,2,2,2,1,2,2,1,2,2,2,2,1,2,2,2,2,2,2,2,1,1,2,0,0,0
2008,24,31,1,240403,1,3,1,2,4,2,4,2,1,2,2,2,1,2,2,1,2,2,2,2,1,2,2,2,2,2,2,2,1,2,2,0,0,0
2008,24,3,1,240404,1,3,2,2,1,2,4,2,1,2,1,2,1,2,2,2,1,2,2,2,3,2,2,2,2,2,2,2,2,2,2,0,0,0
2008,24,43,1,240405,1,3,2,1,4,2,1,3,1,1,1,2,1,1,2,2,2,2,1,2,2,2,2,2,2,1,2,2,2,1,2,0,0,0
2008,24,21,1,240406,1,3,1,2,4,2,6,2,2,2,2,2,1,2,1,2,2,2,2,2,1,2,2,2,2,2,2,2,1,1,2,0,0,0
2008,24,5,1,240407,1,3,2,2,1,2,4,2,3,1,1,2,2,2,2,2,2,2,2,2,3,2,2,2,2,1,2,2,1,2,2,0,0,0
2008,24,21,1,240408,1,3,1,2,1,1,5,1,4,1,1,2,2,1,2,2,2,2,2,2,3,1,1,1,1,2,2,1,2,1,2,0,0,0
2008,24,25,2,240409,1,3,2,2,1,2,3,2,3,1,1,2,3,2,2,2,2,2,1,2,3,2,2,2,2,2,2,2,1,1,2,0,0,0
2008,24,37,1,240410,1,3,1,2,4,2,4,2,1,1,2,2,1,2,2,1,2,2,2,2,2,1,1,1,1,2,2,1,1,2,2,0,0,0
2008,24,21,1,240411,1,3,2,1,4,2,1,2,1,2,2,2,1,2,2,1,2,2,2,2,2,2,2,2,2,2,2,2,1,1,2,0,0,0
2008,24,3,1,240412,1,3,1,2,1,1,4,1,4,2,1,2,2,2,2,2,2,2,2,2,3,2,2,2,2,2,2,2,2,2,2,0,0,0
2008,24,5,1,240413,1,3,2,2,1,2,3,2,1,2,2,2,1,2,2,2,1,2,2,2,3,2,2,2,2,2,2,2,2,2,2,0,0,0
2008,24,15,1,240414,1,3,1,2,1,1,4,1,4,1,2,2,3,1,2,2,2,2,2,2,3,2,2,2,2,1,2,2,2,1,2,0,0,0
2008,24,29,1,240415,1,3,1,2,4,2,3,2,1,1,1,2,1,2,2,1,2,2,2,2,2,2,2,2,2,2,2,2,1,2,2,0,0,0
2008,24,35,1,240416,1,3,1,2,1,1,6,1,4,1,1,2,2,2,2,2,2,2,2,2,3,2,2,2,2,2,2,2,2,2,2,0,0,0
2008,24,33,2,240417,1,3,2,2,1,2,5,2,4,2,1,2,2,2,2,2,2,2,2,2,3,2,2,2,2,2,1,1,1,2,2,0,0,0
2008,24,33,1,240418,1,3,2,2,1,2,3,3,4,1,1,2,2,2,2,2,2,2,1,2,3,1,1,1,1,2,2,1,2,2,2,0,0,0
2008,24,33,1,240419,1,3,2,2,1,2,6,2,1,2,2,1,1,2,2,2,1,2,2,2,3,2,2,1,1,2,2,1,2,2,2,0,0,0
2008,24,33,1,240420,1,3,1,2,1,1,3,1,2,2,2,2,2,1,2,2,2,2,2,2,1,2,2,2,2,2,2,2,2,1,2,0,0,0
2008,24,33,1,240421,1,3,2,2,1,2,4,2,1,1,1,2,1,2,2,2,1,2,2,2,3,2,2,2,2,2,2,2,2,2,2,0,0,0
2008,24,33,1,240422,1,3,2,2,4,2,4,2,1,2,2,2,1,2,2,1,2,2,2,2,1,2,2,2,2,2,2,2,1,2,2,0,0,0
2008,24,33,1,240423,1,3,2,2,4,2,5,2,1,1,2,2,1,2,1,2,2,2,2,2,2,2,2,2,2,2,2,2,1,2,2,0,0,0
2008,24,33,1,240424,1,3,2,2,4,2,4,2,1,1,1,2,1,2,2,2,2,2,2,2,2,1,1,1,1,2,2,1,1,2,2,0,0,0
2008,24,33,1,240425,1,3,2,2,4,2,5,2,1,2,2,2,1,2,2,1,2,2,1,2,2,2,2,2,2,2,2,2,1,2,2,0,0,0
2008,24,11,1,240426,1,3,1,2,1,2,6,2,1,2,1,2,1,2,2,2,1,2,2,2,3,2,2,2,2,2,2,2,2,1,2,0,0,0
2008,24,33,1,240427,1,3,2,2,1,2,4,2,3,1,1,2,3,2,2,2,2,2,2,2,1,2,2,2,2,2,1,1,1,2,2,0,0,0
2008,24,43,1,240428,1,3,2,1,1,2,1,2,4,2,2,2,2,1,2,2,2,2,2,2,3,2,2,2,2,2,2,2,1,1,2,0,0,0
2008,24,5,1,240429,1,3,2,2,1,1,4,1,4,1,1,2,3,2,2,2,2,2,2,2,3,1,1,1,1,1,2,1,2,1,2,0,0,0
2008,24,27,1,240430,1,3,2,1,4,2,1,2,1,2,2,2,2,2,1,1,2,2,2,2,3,2,2,2,2,2,2,2,1,2,2,0,0,0
2008,24,3,1,240431,1,3,2,2,1,2,4,2,2,1,1,2,2,2,1,2,2,2,2,2,3,2,2,2,2,2,1,1,2,1,2,0,0,0
2008,24,33,1,240432,1,3,2,2,1,1,3,1,1,2,1,2,1,2,2,2,1,2,2,2,3,2,2,2,2,2,2,2,2,2,2,0,0,0
2008,24,17,1,240433,1,3,1,2,1,1,5,1,4,2,2,2,2,2,2,2,2,2,2,2,3,2,2,2,2,2,2,2,2,2,2,0,0,0
2008,24,5,1,240434,1,3,2,2,4,2,3,2,1,2,2,2,1,2,2,1,2,2,2,2,3,2,2,1,1,2,2,1,1,2,2,0,0,0
2008,24,5,1,240435,1,3,1,2,1,2,4,2,1,2,2,2,1,2,2,2,1,2,2,2,2,2,2,2,2,2,2,2,2,2,2,0,0,0
2008,24,13,1,240436,1,3,1,2,4,2,6,2,1,2,2,2,1,2,2,1,2,2,2,2,1,2,2,2,2,2,2,2,1,1,2,0,0,0
2008,24,5,1,240437,1,3,1,2,1,2,4,2,3,2,2,2,2,2,2,1,2,2,2,2,1,2,2,2,2,2,1,1,1,2,2,0,0,0
2008,24,5,1,240438,1,3,2,2,1,1,6,1,1,2,1,2,1,2,2,2,1,2,2,2,3,2,2,2,2,2,1,1,2,2,2,0,0,0
2008,24,43,1,240439,1,3,1,2,4,2,5,2,5,2,1,2,2,2,2,1,2,2,2,2,3,2,2,2,2,2,2,2,2,1,2,0,0,0
2008,24,9,1,240440,1,3,1,2,4,2,4,2,1,2,2,2,1,2,2,2,2,2,2,2,1,2,2,2,2,2,2,2,1,2,2,0,0,0
2008,24,3,1,240441,1,3,2,2,1,1,4,1,4,2,1,2,2,2,1,2,2,2,2,2,1,2,2,2,2,2,1,1,2,1,1,0,0,0
2008,24,33,1,240442,1,3,2,2,1,2,4,3,4,1,2,2,2,2,2,2,2,2,2,2,2,2,2,2,2,1,2,2,2,2,2,0,0,0
2008,24,3,1,240443,1,3,2,2,1,1,3,1,1,2,2,2,1,2,2,1,1,2,2,2,3,2,2,2,2,1,2,2,2,2,2,0,0,0
2008,24,33,1,240444,1,3,2,2,1,2,3,2,4,1,1,2,3,2,2,2,2,2,2,2,3,2,2,1,1,2,2,1,1,2,2,0,0,0
2008,24,31,1,240445,1,3,1,2,4,2,4,2,1,2,2,2,1,2,2,2,2,2,1,2,1,2,2,2,2,2,1,1,1,2,2,0,0,0
2008,24,31,1,240446,1,3,2,2,1,1,3,1,4,1,1,2,3,2,2,2,2,2,2,2,3,2,2,2,2,2,1,1,2,2,2,0,0,0
2008,24,37,1,240447,1,3,1,2,1,1,6,1,4,1,1,2,2,2,2,2,2,2,2,2,3,2,2,2,2,1,1,1,2,1,2,0,0,0
2008,24,33,1,240448,1,3,2,2,1,2,4,2,4,1,2,2,2,2,2,1,2,2,2,2,1,1,1,1,1,2,2,1,1,2,2,0,0,0
2008,24,33,1,240449,1,3,2,2,4,2,4,2,1,1,1,2,1,2,2,1,2,2,2,2,3,2,2,2,2,2,1,1,1,2,2,0,0,0
2008,24,33,1,240450,1,3,2,1,4,2,1,2,1,2,2,2,1,2,2,2,2,2,2,2,1,2,2,2,2,2,1,1,1,2,2,0,0,0
2008,24,13,1,240451,1,3,1,2,4,2,6,2,1,2,2,2,1,2,2,1,2,2,1,2,1,2,2,2,2,2,2,2,1,2,2,0,0,0
2008,24,3,1,240452,1,3,2,2,1,1,5,1,4,2,2,2,2,2,1,2,2,2,2,2,3,1,1,1,1,2,2,1,2,1,2,0,0,0
2008,24,17,1,240453,1,3,1,2,1,2,3,2,1,2,1,2,1,2,2,2,1,2,2,2,3,2,2,2,2,2,2,2,2,2,2,0,0,0
2008,24,31,1,240454,1,3,2,2,4,2,3,2,1,2,2,2,1,2,2,2,2,2,2,2,1,2,2,2,2,2,1,1,1,2,2,0,0,0
2008,24,33,1,240455,1,3,2,2,1,2,5,2,3,2,1,2,2,2,2,2,2,2,2,2,2,2,2,2,2,2,2,2,1,1,2,0,0,0
2008,24,33,2,240456,1,3,2,2,1,2,2,2,4,1,1,2,2,2,2,2,2,2,2,2,3,2,2,2,2,1,2,2,2,1,2,0,0,0
2008,24,1,1,240457,1,3,1,2,1,2,4,2,3,1,1,2,2,1,2,2,2,2,2,2,3,2,2,2,2,1,2,2,1,2,1,0,0,0
2008,24,33,1,240459,1,3,2,2,4,2,2,2,1,1,1,2,1,2,2,2,2,2,2,2,2,2,2,2,2,1,2,2,1,1,2,0,0,0
2008,24,43,1,240460,1,3,2,1,3,2,1,2,1,1,1,2,1,2,2,2,2,2,2,2,2,2,2,2,2,2,2,2,1,1,2,0,0,0
2008,24,31,1,240461,1,3,2,2,1,2,3,2,1,1,1,2,1,2,2,1,1,2,2,2,3,2,2,2,2,2,2,2,2,2,2,0,0,0
2008,24,17,1,240462,1,3,1,2,4,2,6,2,1,2,1,2,1,2,2,2,2,2,2,2,1,2,2,2,2,2,2,2,1,2,2,0,0,0
2008,24,15,1,240463,1,3,1,2,1,2,4,2,3,2,2,2,2,2,2,1,2,2,2,2,3,1,1,1,1,2,2,1,1,2,2,0,0,0
2008,24,25,1,240464,1,3,1,2,4,2,4,2,1,2,1,2,1,2,2,1,2,2,1,2,2,2,2,2,2,2,2,2,1,2,2,0,0,0
2008,24,17,1,240465,1,3,1,2,4,2,4,2,1,1,1,2,1,2,2,2,2,2,2,2,3,2,2,2,2,2,2,2,1,1,2,0,0,0
2008,24,510,1,240466,1,3,2,2,3,2,4,2,1,2,1,2,1,2,2,2,2,2,2,2,2,2,2,2,2,1,2,2,1,2,2,0,0,0
2008,24,43,1,240467,1,3,2,2,1,2,3,2,1,2,1,2,1,2,2,2,1,2,2,2,3,2,2,2,2,2,2,2,2,2,2,0,0,0
2008,24,45,1,240468,1,3,2,2,1,1,3,1,4,1,1,2,2,2,2,2,2,2,2,2,3,2,2,2,2,1,2,2,2,1,2,0,0,0
2008,24,13,1,240469,1,3,1,2,4,2,5,2,1,2,2,2,1,2,2,2,2,2,2,2,1,1,1,1,1,2,2,1,1,2,2,0,0,0
2008,24,33,1,240470,1,3,2,1,1,2,1,2,1,2,2,1,3,2,2,2,1,2,2,2,3,2,2,2,2,2,2,2,2,2,2,0,0,0
2008,24,33,1,240471,1,3,2,1,4,2,1,3,1,2,1,2,1,2,1,1,2,2,2,2,1,2,2,2,2,2,2,2,1,2,2,0,0,0
2008,24,5,1,240472,1,3,1,2,4,2,5,2,1,2,2,2,1,2,2,2,2,2,2,2,2,2,2,2,2,2,2,2,1,2,1,0,0,0
2008,24,33,2,240473,1,3,2,2,1,1,2,1,4,2,2,2,2,2,2,2,2,2,1,2,3,2,2,2,2,2,2,2,2,1,2,0,0,0
2008,24,11,1,240474,1,3,1,2,4,2,4,2,1,2,1,2,1,2,2,1,2,2,1,2,1,1,1,1,1,2,2,1,1,2,2,0,0,0
2008,24,5,1,240475,1,3,2,2,1,2,4,2,1,1,1,2,1,2,2,2,2,1,2,2,3,2,2,2,2,2,2,2,2,2,2,0,0,0
2008,24,5,1,240476,1,3,2,2,1,2,3,2,1,2,1,2,1,2,2,2,1,2,2,2,3,2,2,2,2,1,2,2,2,2,2,0,0,0
2008,24,510,1,240477,1,3,2,2,1,1,4,1,1,2,1,2,1,2,2,2,1,2,2,2,3,2,2,2,2,2,2,2,2,2,2,0,0,0
2008,24,510,1,240478,1,3,2,2,1,1,4,1,4,2,1,2,2,2,1,2,2,2,2,2,3,2,2,2,2,2,2,2,2,2,2,0,0,0
2008,24,33,1,240479,1,3,2,2,1,1,2,1,3,2,1,2,2,2,2,2,2,2,2,2,1,2,2,2,2,2,2,2,2,1,2,0,0,0
2008,24,5,1,240480,1,3,2,2,1,2,4,2,1,2,2,1,1,2,2,2,1,2,2,2,3,2,2,2,2,2,2,2,2,2,2,0,0,0
2008,24,33,2,240481,1,3,2,1,1,2,1,2,2,1,2,2,2,2,2,1,1,2,2,2,3,2,2,2,2,2,1,1,2,2,2,0,0,0
2008,24,510,2,240482,1,3,2,2,4,2,3,2,1,1,1,2,1,2,2,1,2,2,1,2,2,2,2,2,2,2,2,2,1,2,2,0,0,0
2008,24,510,1,240483,1,3,2,2,1,2,3,2,1,1,2,2,1,2,2,2,1,2,2,2,3,2,2,2,2,2,2,2,2,2,2,0,0,0
2008,24,11,1,240484,1,3,1,2,1,2,4,2,3,1,2,2,2,2,2,2,2,2,2,2,3,1,1,1,1,2,2,1,1,2,2,0,0,0
2008,24,15,1,240485,1,3,1,2,1,2,3,2,3,1,1,2,2,1,2,2,2,2,2,2,3,2,2,2,2,2,2,2,1,2,2,0,0,0
2008,24,11,1,240486,1,3,1,2,1,1,3,1,2,1,1,2,3,2,2,2,2,2,2,2,3,2,2,2,2,2,1,1,2,1,2,0,0,0
2008,24,19,1,240487,1,3,2,2,1,2,3,2,2,2,2,2,3,1,2,1,2,2,2,2,3,2,2,2,2,2,2,2,2,1,2,0,0,0
2008,24,11,2,240488,1,3,1,2,1,2,3,2,3,2,1,2,2,2,2,2,2,2,2,2,3,2,2,2,2,1,2,2,2,2,2,0,0,0
2008,24,25,1,240489,1,3,1,2,1,1,4,1,1,2,2,2,1,2,2,2,1,2,2,2,3,2,2,2,2,2,2,2,2,2,2,0,0,0
2008,24,33,1,240490,1,3,2,1,1,2,1,2,1,2,2,2,1,2,2,2,1,2,2,2,3,2,2,2,2,2,2,2,2,2,2,0,0,0
2008,24,3,1,240491,1,3,2,2,2,2,2,2,2,2,2,2,1,2,2,2,2,2,2,2,1,2,2,2,2,2,2,2,1,2,2,0,0,0
2008,24,19,1,240492,1,3,1,2,4,2,5,2,1,2,2,2,1,2,2,2,2,2,1,2,1,2,2,2,2,2,2,2,1,1,2,0,0,0
2008,24,3,1,240493,1,3,2,2,1,2,3,2,1,2,1,2,1,2,2,2,1,2,2,2,3,1,1,1,1,2,2,1,2,2,2,0,0,0
2008,24,5,1,240494,1,3,1,2,1,2,5,2,4,1,1,2,3,2,2,2,2,2,2,2,1,2,2,2,2,1,2,2,1,1,2,0,0,0
2008,24,13,1,240495,1,3,1,2,4,2,5,2,1,2,1,2,1,2,2,1,2,2,2,2,1,2,2,2,2,2,1,1,1,2,2,0,0,0
2008,24,5,1,240496,1,3,2,1,1,2,1,2,3,2,2,2,2,2,2,2,2,2,2,2,1,1,2,1,2,2,2,2,2,2,2,0,0,0
2008,24,5,2,240497,1,3,2,1,3,2,1,2,1,1,1,2,2,2,2,2,2,2,1,2,2,2,2,2,2,2,2,2,1,1,2,0,0,0
2008,24,510,1,240498,1,3,2,2,1,1,4,1,4,1,2,2,2,2,2,2,2,2,1,2,2,2,2,2,2,1,1,1,2,1,2,0,0,0
2008,24,510,1,240499,1,3,2,2,1,1,5,1,3,1,1,2,2,2,1,2,2,2,2,2,3,2,2,2,2,2,2,2,2,1,2,0,0,0
2008,24,27,1,240500,1,3,2,2,3,2,4,2,1,2,2,2,1,2,2,1,2,2,1,2,2,2,2,2,2,2,1,1,1,2,2,0,0,0
2008,24,33,1,240501,1,3,2,2,1,2,2,2,2,1,1,2,2,1,2,1,2,2,2,2,3,2,2,2,2,1,2,2,2,1,2,0,0,0
2008,24,21,1,240502,1,3,1,2,4,2,6,2,1,2,2,2,1,2,2,1,2,2,2,2,1,2,2,2,2,2,2,2,1,2,2,0,0,0
2008,24,21,1,240503,1,3,2,2,4,2,4,2,1,2,1,2,1,2,2,2,2,2,2,2,1,2,2,2,2,2,2,2,1,2,2,0,0,0
2008,24,33,1,240504,1,3,2,2,4,2,6,2,1,1,2,2,1,2,2,2,2,2,1,2,2,2,2,2,2,2,2,2,1,2,2,0,0,0
2008,24,31,1,240505,1,3,2,2,3,2,3,2,1,2,1,2,3,2,2,1,2,2,2,2,3,1,1,1,1,2,2,1,1,2,2,0,0,0
2008,24,33,1,240506,1,3,2,2,4,2,4,2,1,1,1,2,1,2,2,2,2,2,1,2,2,2,2,2,2,2,2,2,1,2,2,0,0,0
2008,24,3,1,240507,1,3,2,2,1,2,3,2,1,2,1,2,1,2,2,2,1,2,2,2,1,2,2,2,2,2,2,2,2,2,2,0,0,0
2008,24,3,1,240508,1,3,2,2,4,2,6,2,1,2,2,2,1,2,2,1,2,2,2,2,1,2,2,2,2,2,2,2,1,1,2,0,0,0
2008,24,33,1,240509,1,3,1,2,4,2,3,2,1,2,2,2,1,2,2,2,2,2,2,2,2,2,2,2,2,2,1,1,1,2,2,0,0,0
2008,24,33,1,240510,1,3,2,2,1,2,3,2,1,2,2,1,1,2,2,2,1,2,2,2,3,2,2,2,2,2,2,2,2,2,2,0,0,0
2008,24,33,1,240511,1,3,2,2,4,2,5,2,4,2,2,2,1,2,2,1,2,2,2,2,2,1,1,1,1,2,2,1,1,2,2,0,0,0
2008,24,3,1,240512,1,3,2,2,4,2,6,2,1,2,2,2,1,2,2,1,2,2,2,2,2,2,2,2,2,2,2,2,1,2,2,0,0,0
2008,24,510,1,240513,1,3,2,2,1,2,4,2,3,2,1,2,2,2,2,1,2,2,2,2,3,2,2,2,2,2,2,2,1,2,2,0,0,0
2008,24,510,1,240514,1,3,2,2,1,2,3,2,1,1,1,2,1,2,2,2,2,1,2,2,3,2,2,2,2,2,2,2,2,2,2,0,0,0
2008,24,510,2,240515,1,3,2,2,4,1,4,1,1,1,1,2,1,2,2,2,2,2,2,2,2,2,2,2,2,2,2,2,2,2,2,0,0,0
2008,24,31,1,240516,1,3,2,2,1,1,3,1,4,1,1,2,2,2,2,2,2,2,2,2,3,2,2,2,2,2,2,2,2,2,2,0,0,0
2008,24,33,1,240517,1,3,2,2,1,2,5,2,1,2,1,2,1,2,2,2,1,2,2,2,3,1,1,1,1,2,2,1,2,2,2,0,0,0
2008,24,31,1,240518,1,3,1,2,4,2,6,2,1,2,1,2,1,2,2,1,2,2,2,2,3,1,1,1,1,2,2,1,1,2,2,0,0,0
2008,24,31,1,240519,1,3,2,2,1,2,4,2,1,2,2,2,1,2,2,2,1,2,2,2,3,2,2,2,2,2,2,2,2,2,2,0,0,0
2008,24,33,1,240520,1,3,2,2,1,1,2,1,4,2,1,2,2,2,2,2,2,2,2,2,1,2,2,2,2,2,2,2,2,2,2,0,0,0
2008,24,33,1,240521,1,3,2,2,1,1,4,1,1,2,2,1,1,2,2,2,1,2,2,2,3,2,2,2,2,2,2,2,2,2,2,0,0,0
2008,24,33,1,240522,1,3,2,2,1,2,2,2,1,2,1,2,1,2,2,2,1,2,2,2,3,2,2,2,2,2,2,2,2,2,2,0,0,0
2008,24,5,1,240523,1,3,2,2,4,1,4,1,1,1,2,2,1,2,2,2,2,2,2,2,2,2,2,2,2,2,2,2,2,2,2,0,0,0
2008,24,510,1,240524,1,3,2,2,1,2,3,2,1,1,1,2,1,2,2,2,1,2,2,2,3,2,2,2,2,2,2,2,2,2,2,0,0,0
2008,24,13,1,240525,1,3,2,2,1,1,3,1,3,1,1,2,2,2,2,2,2,2,2,2,3,2,2,2,2,1,2,2,2,2,2,0,0,0
2008,24,47,1,240526,1,3,1,2,4,2,3,2,1,2,1,2,1,2,2,2,2,2,2,2,3,2,2,2,2,1,2,2,1,1,2,0,0,0
2008,24,33,1,240527,1,3,2,2,1,2,2,2,1,1,2,2,1,2,2,2,1,2,2,2,3,2,2,2,2,2,2,2,2,2,2,0,0,0
2008,24,33,1,240528,1,3,2,2,4,1,5,1,1,2,1,2,1,2,2,1,2,2,2,2,1,2,2,2,2,2,2,2,2,1,2,0,0,0
2008,24,33,1,240529,1,3,2,2,4,2,6,2,1,2,2,2,1,2,2,1,2,2,2,2,1,2,2,2,2,2,2,2,1,2,2,0,0,0
2008,24,33,1,240530,1,3,2,2,1,2,4,2,4,2,1,2,2,2,1,2,2,2,2,2,1,2,2,2,2,2,1,1,2,1,2,0,0,0
2008,24,33,1,240531,1,3,2,2,4,2,5,2,1,1,1,2,1,2,2,2,2,2,2,2,2,2,2,2,2,2,2,2,1,2,2,0,0,0
2008,24,33,1,240532,1,3,2,2,1,1,4,1,1,1,2,2,1,2,2,2,1,2,2,2,3,2,2,2,2,2,2,2,2,2,2,0,0,0
2008,24,33,1,240533,1,3,2,2,1,2,3,2,1,2,1,1,1,2,2,2,1,2,2,2,3,2,2,1,1,2,2,1,2,2,2,0,0,0
2008,24,33,1,240534,1,3,2,2,1,2,3,2,1,2,2,2,2,2,2,2,1,2,2,2,3,2,2,2,2,2,2,2,2,2,2,0,0,0
2008,24,33,1,240535,1,3,2,2,4,2,3,2,1,2,2,2,1,2,2,1,2,2,2,2,1,2,2,2,2,2,2,2,1,2,2,0,0,0
2008,24,33,1,240536,1,3,2,2,1,2,2,2,3,2,2,2,2,2,2,2,2,2,2,2,3,2,2,2,2,2,2,2,1,2,2,0,0,0
2008,24,510,1,240537,1,3,2,2,1,2,3,2,3,2,2,2,2,2,2,2,2,2,2,2,1,2,2,2,2,2,1,1,1,2,2,0,0,0
2008,24,5,1,240538,1,3,2,1,1,2,1,2,1,2,1,1,2,2,2,2,1,2,2,2,3,2,2,2,2,2,2,2,2,2,2,0,0,0
2008,24,33,1,240539,1,3,2,2,1,2,5,2,4,1,1,2,2,1,2,1,2,2,2,2,3,2,2,2,2,2,2,2,1,2,2,0,0,0
2008,24,33,2,240540,1,3,2,2,1,2,2,2,3,2,1,2,2,2,2,2,2,2,2,2,3,2,2,2,2,2,2,2,1,2,2,0,0,0
2008,24,33,1,240541,1,3,2,2,4,2,2,2,1,2,2,2,1,2,2,2,2,2,2,2,2,2,2,2,2,2,2,2,1,2,2,0,0,0
2008,25,21,1,250001,1,1,2,2,1,2,2,2,4,1,1,2,2,1,2,2,2,2,2,2,3,2,2,2,2,2,2,2,2,2,2,0,0,0
2008,25,15,1,250002,1,1,2,2,1,2,2,3,1,1,1,2,1,2,2,2,1,2,2,2,3,2,2,2,2,2,2,2,2,2,2,0,0,0
2008,25,23,1,250003,1,1,2,2,4,2,2,2,1,1,1,2,1,2,2,2,2,2,2,2,3,2,2,2,2,1,2,2,1,2,2,0,0,0
2008,25,5,1,250004,1,1,2,2,2,2,6,2,1,1,1,2,1,2,2,2,1,2,2,2,3,1,1,1,1,2,2,1,2,2,2,0,0,0
2008,25,17,2,250005,1,1,2,2,2,2,6,2,1,1,1,2,1,2,2,2,2,2,1,2,2,1,1,1,1,2,2,1,1,1,2,0,0,0
2008,25,21,1,250006,1,1,2,2,2,2,6,2,1,2,1,2,1,2,2,2,2,2,2,2,3,2,2,2,2,1,2,2,1,2,2,0,0,0
2008,25,21,1,250007,1,1,2,2,2,1,2,1,1,2,2,2,1,2,2,2,2,2,2,2,2,2,2,2,2,2,2,2,2,2,2,0,0,0
2008,25,21,1,250008,1,1,2,2,2,2,2,2,1,2,2,2,1,2,2,1,2,2,1,2,3,1,1,1,1,2,2,1,1,2,2,0,0,0
2008,25,17,1,250009,1,1,2,1,2,2,1,2,1,2,2,2,1,2,2,1,2,2,1,2,3,2,2,2,2,2,1,1,1,2,2,0,0,0
2008,25,1,1,250010,1,1,2,2,1,2,2,2,4,1,2,2,2,2,2,1,2,2,2,2,3,2,2,2,2,2,2,2,1,2,2,0,0,0
2008,25,17,2,250011,1,1,2,2,2,1,2,1,1,2,1,2,1,2,2,2,2,2,1,2,3,2,2,2,2,2,1,1,2,2,2,0,0,0
2008,25,25,1,250012,1,1,2,1,4,2,1,3,1,2,1,2,1,2,2,1,2,2,2,2,1,2,2,2,2,2,2,2,1,2,2,0,0,0
2008,25,17,1,250013,1,1,2,2,1,2,2,3,1,2,2,2,1,2,2,1,1,2,2,2,3,1,1,1,1,2,2,1,1,2,2,0,0,0
2008,25,17,1,250014,1,1,2,2,1,1,6,1,1,1,1,2,1,2,2,2,1,2,2,2,3,2,2,2,2,2,2,2,2,2,2,0,0,0
2008,25,23,1,250015,1,1,2,2,2,1,6,1,1,2,1,2,1,2,2,1,2,2,1,1,2,1,2,1,2,2,2,2,2,2,2,0,0,0
2008,25,27,1,250016,1,1,2,2,1,1,6,1,1,2,1,2,1,2,2,2,1,2,2,2,3,2,2,2,2,2,2,2,2,2,2,0,0,0
2008,25,27,1,250017,1,1,2,2,1,3,6,4,1,2,2,2,1,2,2,2,1,2,2,2,3,2,2,1,1,2,2,1,2,2,2,0,0,0
2008,25,27,1,250018,1,1,2,2,1,2,6,2,3,2,1,2,2,2,2,2,2,2,2,2,3,2,2,2,2,2,2,2,2,2,2,0,0,0
2008,25,25,1,250019,1,1,2,2,1,2,6,2,1,1,1,2,1,2,2,2,1,2,2,2,3,2,2,2,2,2,2,2,2,2,2,0,0,0
2008,25,25,1,250021,1,1,2,2,1,1,6,1,1,2,1,2,1,1,2,2,1,2,2,2,3,2,2,2,2,2,1,1,2,2,2,0,0,0
2008,25,5,1,250023,1,1,2,2,1,2,2,2,3,2,2,2,2,2,2,2,2,2,2,2,1,2,2,2,2,2,1,1,2,2,2,0,0,0
2008,25,5,1,250024,1,1,2,1,1,2,1,2,4,1,1,2,3,2,2,2,2,2,1,2,3,2,2,2,2,2,2,2,1,2,2,0,0,0
2008,25,13,1,250025,1,1,2,2,1,2,6,2,1,1,1,2,2,2,2,2,1,2,2,2,3,2,2,2,2,1,2,2,2,1,2,0,0,0
2008,25,9,1,250026,1,1,2,1,1,2,1,2,2,1,1,2,3,2,2,2,2,2,2,2,3,2,2,2,2,2,2,2,2,2,2,0,0,0
2008,25,17,1,250027,1,1,2,2,1,1,3,1,1,1,1,2,1,2,2,2,1,2,2,2,3,2,2,2,2,2,1,1,2,2,2,0,0,0
2008,25,17,1,250028,1,1,2,1,2,2,1,2,1,2,2,2,1,2,2,2,2,2,2,2,1,2,2,2,2,2,2,2,1,2,2,0,0,0
2008,25,21,1,250029,1,1,2,1,2,2,1,2,1,2,2,2,1,2,2,2,1,2,2,2,2,2,2,2,2,2,2,2,2,2,2,0,0,0
2008,25,23,1,250030,1,1,2,2,4,2,5,2,1,2,2,2,1,2,2,2,2,2,1,2,3,2,2,2,2,2,1,1,1,2,2,0,0,0
2008,25,23,1,250031,1,1,2,2,4,2,6,2,1,2,1,2,1,2,2,1,2,2,2,2,3,2,2,2,2,2,2,2,1,1,2,0,0,0
2008,25,25,1,250032,1,1,2,2,4,2,6,2,1,2,2,2,1,2,2,2,2,2,2,2,1,2,2,2,2,2,2,2,2,2,2,0,0,0
2008,25,5,1,250033,1,1,2,1,2,2,1,2,1,1,1,2,1,2,2,2,2,2,2,2,2,2,2,2,2,2,2,2,1,2,2,0,0,0
2008,25,13,1,250034,1,1,2,1,1,2,1,2,4,1,1,2,3,1,2,2,2,2,1,2,3,2,2,2,2,2,1,1,2,2,2,0,0,0
2008,25,9,1,250035,1,1,2,2,1,2,6,2,1,2,2,2,1,2,2,1,2,2,2,2,1,2,2,2,2,2,2,2,2,2,2,0,0,0
2008,25,1,2,250036,1,1,2,2,1,2,4,2,3,1,1,2,3,1,2,1,2,2,2,2,3,2,2,2,2,2,2,2,1,2,2,0,0,0
2008,25,25,1,250037,1,1,2,2,1,1,6,1,1,1,1,2,1,2,2,2,1,2,2,2,3,2,2,2,2,2,1,1,2,2,2,0,0,0
2008,25,13,1,250038,1,1,2,2,1,2,6,2,1,1,2,2,1,2,1,2,2,2,2,2,2,2,2,2,2,2,2,2,1,2,2,0,0,0
2008,25,9,1,250039,1,1,2,2,4,2,6,2,1,2,1,2,1,2,2,2,2,2,2,2,1,2,2,2,2,2,2,2,1,2,2,0,0,0
2008,25,7,1,250040,1,1,2,2,1,1,6,1,4,2,1,2,2,2,2,2,2,2,2,2,1,2,2,1,1,2,2,1,2,2,2,0,0,0
2008,25,23,1,250041,1,1,2,2,1,1,6,1,1,1,2,2,1,2,2,2,1,2,2,2,3,1,1,1,1,2,2,1,2,2,2,0,0,0
2008,25,27,1,250042,1,1,1,2,1,2,6,2,1,1,1,2,1,2,2,2,1,2,2,2,3,1,1,1,1,2,2,1,2,2,2,0,0,0
2008,25,23,2,250043,1,1,2,2,2,2,4,2,1,2,1,2,1,2,2,1,2,2,2,2,1,2,2,2,2,2,2,2,1,2,2,0,0,0
2008,25,27,1,250044,1,1,2,1,1,2,1,2,3,2,2,2,2,1,2,2,2,2,1,2,1,2,2,2,2,2,2,2,2,2,2,0,0,0
2008,25,13,1,250045,1,1,2,2,1,1,6,1,4,2,1,2,2,2,1,2,2,2,2,2,1,2,2,2,2,2,1,1,2,2,2,0,0,0
2008,25,27,1,250046,1,1,2,2,4,2,6,2,1,2,1,2,1,2,2,2,2,2,1,2,1,2,2,2,2,2,2,2,1,2,2,0,0,0
2008,25,23,1,250047,1,1,2,2,4,1,6,1,1,2,1,2,1,2,2,2,2,2,2,2,1,2,2,2,2,2,1,1,2,2,1,0,0,0
2008,25,23,1,250048,1,1,2,1,2,2,1,2,1,1,1,2,1,2,2,2,2,2,2,2,1,2,2,2,2,2,2,2,1,2,2,0,0,0
2008,25,23,1,250049,1,1,2,2,1,1,2,1,4,2,1,2,2,1,2,2,2,2,2,2,1,1,1,1,1,2,2,1,2,2,2,0,0,0
2008,25,17,1,250050,1,1,2,1,3,2,1,2,1,1,2,2,2,2,1,2,2,2,2,2,3,2,2,2,2,2,2,2,1,2,2,0,0,0
2008,25,27,1,250051,1,1,2,1,1,2,1,2,1,2,1,2,3,2,2,2,2,2,1,2,1,2,2,2,2,2,2,2,2,2,2,0,0,0
2008,25,17,1,250052,1,1,2,2,1,2,2,2,4,2,2,2,2,2,2,1,2,2,2,2,1,2,2,1,1,2,2,1,2,2,2,0,0,0
2008,25,17,1,250054,1,1,2,2,2,2,6,2,4,2,2,2,2,2,2,2,2,2,2,2,1,2,2,2,2,2,2,2,1,2,2,0,0,0
2008,25,27,2,250055,1,1,2,1,1,2,1,2,4,1,2,2,2,2,2,2,2,2,1,2,1,2,2,2,2,1,2,2,2,2,2,0,0,0
2008,25,1,1,250056,1,1,2,2,1,2,2,2,1,2,2,2,1,2,2,2,2,1,2,2,3,2,2,2,2,2,2,2,2,2,2,0,0,0
2008,25,17,1,250059,1,1,2,2,2,1,6,1,1,2,2,2,1,2,2,1,2,2,2,2,1,2,2,2,2,2,2,2,2,2,2,0,0,0
2008,25,27,1,250060,1,1,2,2,1,2,2,2,3,1,2,2,2,2,2,1,2,2,2,2,3,1,1,1,1,2,2,1,1,2,2,0,0,0
2008,25,13,1,250061,1,1,2,1,3,2,1,2,1,2,1,2,1,2,2,2,2,2,1,2,1,2,2,2,2,2,2,2,1,2,2,0,0,0
2008,25,21,1,250062,1,1,2,1,3,2,1,2,1,2,2,2,1,2,2,2,2,2,1,2,1,2,2,2,2,2,2,2,1,2,2,0,0,0
2008,25,13,1,250063,1,1,2,2,4,2,6,3,1,2,1,2,1,2,2,1,2,2,1,2,3,2,2,2,2,2,1,1,1,2,2,0,0,0
2008,25,13,1,250064,1,1,2,2,4,2,6,2,1,2,2,2,1,2,2,2,2,2,2,2,1,2,2,2,2,2,2,2,1,2,2,0,0,0
2008,25,17,1,250065,1,1,2,1,1,2,1,2,1,2,1,2,1,2,2,2,1,2,2,2,3,2,2,2,2,2,2,2,2,2,2,0,0,0
2008,25,27,1,250066,1,1,2,2,4,2,6,2,4,1,1,2,2,2,2,1,2,2,1,2,1,2,2,2,2,2,2,2,1,2,2,0,0,0
2008,25,5,1,250067,1,1,2,2,1,1,4,1,4,1,2,2,2,2,1,2,2,2,2,2,3,2,2,2,2,2,2,2,2,2,2,0,0,0
2008,25,25,1,250068,1,1,2,2,4,2,4,3,1,1,1,2,1,2,1,1,2,2,2,2,2,1,1,1,1,2,2,1,1,2,2,0,0,0
2008,25,13,1,250069,1,1,2,2,1,2,2,3,1,2,1,2,1,2,2,2,2,1,2,2,3,1,1,1,1,2,2,1,2,2,2,0,0,0
2008,25,27,1,250070,1,1,2,2,4,2,6,2,1,1,1,2,1,2,2,2,2,2,2,2,3,2,2,2,2,1,2,2,1,1,2,0,0,0
2008,25,5,1,250071,1,1,2,2,4,2,6,2,1,2,2,2,1,2,2,2,2,2,2,2,1,2,2,2,2,2,1,1,1,2,2,0,0,0
2008,25,13,1,250074,1,1,1,2,4,2,4,2,1,1,2,2,1,2,2,2,2,2,1,2,3,2,2,2,2,2,2,2,2,2,2,0,0,0
2008,25,9,2,250076,1,1,2,2,4,2,4,2,5,2,2,2,2,2,2,1,2,2,2,2,1,1,1,1,1,2,2,1,2,2,2,0,0,0
2008,25,1,1,250077,1,1,2,2,4,2,2,2,1,2,1,2,1,2,1,1,2,2,2,2,1,2,2,2,2,2,2,2,1,2,2,0,0,0
2008,25,23,1,250078,1,1,2,2,2,2,4,2,1,2,1,2,1,2,2,2,2,2,2,2,1,2,2,1,1,2,2,1,1,2,2,0,0,0
2008,25,23,1,250079,1,1,2,2,2,2,6,2,1,1,1,2,1,2,2,2,2,2,2,2,2,2,2,2,2,2,2,2,1,2,2,0,0,0
2008,25,1,1,250080,1,1,2,2,4,2,6,2,1,2,2,2,1,2,1,2,2,2,2,2,1,2,2,2,2,2,2,2,1,2,2,0,0,0
2008,25,27,1,250081,1,1,1,2,4,2,6,2,1,1,2,2,1,2,2,2,2,2,1,2,2,2,2,2,2,1,2,2,1,2,2,0,0,0
2008,25,3,1,250082,1,1,1,1,2,2,1,2,1,1,1,2,1,2,2,2,2,2,2,2,3,2,2,2,2,2,2,2,1,2,2,0,0,0
2008,25,17,1,250083,1,1,2,2,1,2,6,2,1,1,2,2,1,2,2,1,2,2,1,2,3,2,2,2,2,2,2,2,2,2,2,0,0,0
2008,25,27,1,250084,1,1,2,2,4,2,6,2,1,2,1,2,1,2,2,2,2,2,2,2,3,2,2,2,2,2,2,2,1,2,2,0,0,0
2008,25,5,1,250085,1,1,2,2,4,2,2,2,1,2,2,2,1,2,2,1,2,2,1,2,3,2,2,2,2,2,2,2,1,2,2,0,0,0
2008,25,13,1,250086,1,1,2,2,1,2,6,2,4,2,1,2,2,2,1,2,2,2,2,2,3,1,1,1,1,2,2,1,2,2,2,0,0,0
2008,25,5,1,250087,1,1,2,2,3,2,2,2,1,2,1,2,2,2,2,2,2,2,1,2,3,2,2,2,2,2,2,2,2,2,2,0,0,0
2008,25,5,1,250088,1,1,2,1,3,2,1,2,1,1,1,2,1,2,2,2,2,2,1,2,2,2,2,1,1,2,2,1,1,2,2,0,0,0
2008,25,3,1,250089,1,1,2,2,1,2,2,2,2,1,1,2,2,2,1,2,2,2,2,2,1,2,2,2,2,2,2,2,2,2,2,0,0,0
2008,25,25,1,250090,1,1,2,2,1,1,6,1,4,1,1,2,2,2,1,2,2,2,2,2,3,2,2,2,2,2,2,2,2,2,2,0,0,0
2008,25,1,2,250091,1,1,2,2,2,2,2,2,1,1,1,2,1,2,2,2,2,2,2,2,2,2,2,2,2,2,1,1,1,2,2,0,0,0
2008,25,17,1,250092,1,1,2,2,4,2,6,2,1,2,1,2,1,2,1,2,2,2,2,2,1,2,2,2,2,2,2,2,1,2,2,0,0,0
2008,25,5,1,250093,1,1,2,2,1,2,2,2,1,1,1,2,1,2,2,2,1,2,2,2,3,2,2,2,2,2,2,2,2,2,2,0,0,0
2008,25,27,2,250094,1,1,2,1,3,2,1,2,1,2,2,2,1,2,2,1,2,2,2,2,1,2,2,2,2,2,2,2,1,2,2,0,0,0
2008,25,5,1,250096,1,1,2,2,4,2,6,2,1,1,1,2,1,2,2,2,1,2,2,2,3,2,2,2,2,2,2,2,2,2,2,0,0,0
2008,25,23,1,250097,1,1,2,2,4,2,2,2,1,2,2,2,1,2,2,1,2,2,2,2,1,2,2,2,2,2,2,2,1,2,2,0,0,0
2008,25,9,1,250098,1,1,2,1,3,2,1,2,1,2,2,2,2,2,2,2,2,2,2,2,1,2,2,2,2,2,2,2,1,2,2,0,0,0
2008,25,15,1,250099,1,1,2,2,1,2,4,2,3,1,1,2,2,1,2,2,2,2,2,2,3,2,2,2,2,1,2,2,1,2,2,0,0,0
2008,25,5,1,250100,1,1,2,2,1,1,6,1,4,2,1,2,2,2,1,1,2,2,2,2,3,2,2,2,2,2,1,1,2,2,2,0,0,0
2008,25,25,1,250101,1,1,2,2,1,2,2,2,1,2,2,2,1,2,2,2,1,2,2,2,3,2,2,2,2,2,2,2,2,2,1,0,0,0
2008,25,21,1,250102,1,1,2,2,1,1,6,1,3,1,1,2,2,2,2,2,2,2,2,2,3,2,2,2,2,1,2,2,2,2,2,0,0,0
2008,25,27,1,250103,1,1,2,2,1,2,2,3,2,1,2,2,2,1,2,2,2,2,2,2,1,2,2,2,2,1,2,2,1,2,2,0,0,0
2008,25,9,1,250104,1,1,2,2,1,2,6,2,1,1,1,2,1,2,2,2,1,2,2,2,3,2,2,2,2,2,2,2,2,2,2,0,0,0
2008,25,21,1,250105,1,1,2,1,4,2,1,2,1,1,1,2,1,2,2,2,2,2,2,2,2,2,2,2,2,1,2,2,1,2,2,0,0,0
2008,25,5,1,250106,1,1,2,2,3,2,2,2,1,1,1,2,1,2,2,1,2,2,1,2,1,2,2,2,2,2,2,2,1,2,2,0,0,0
2008,25,23,1,250107,1,1,2,2,1,2,4,2,1,2,1,2,1,2,2,2,1,2,2,2,3,2,2,2,2,2,2,2,2,2,2,0,0,0
2008,25,5,1,250108,1,1,2,2,1,2,6,3,1,1,2,2,1,1,2,2,1,2,2,2,3,2,2,2,2,2,2,2,2,1,2,0,0,0
2008,25,1,1,250109,1,1,2,2,4,2,6,2,1,2,2,2,1,2,1,1,2,2,2,2,1,2,2,2,2,2,2,2,1,2,2,0,0,0
2008,25,15,1,250110,1,1,1,2,1,2,6,2,3,1,2,2,2,2,2,2,2,2,2,2,3,2,2,2,2,2,1,1,1,2,2,0,0,0
2008,25,5,1,250111,1,1,2,2,1,1,6,1,4,1,1,2,2,1,2,2,2,2,2,2,3,2,2,2,2,1,2,2,2,2,2,0,0,0
2008,25,5,1,250112,1,1,2,2,4,2,6,2,1,2,2,2,1,2,2,2,2,2,2,2,2,1,1,1,1,2,2,1,1,2,2,0,0,0
2008,25,3,2,250113,1,1,2,2,4,2,6,2,1,2,1,2,1,2,2,1,2,2,2,2,1,2,2,2,2,2,2,2,1,2,2,0,0,0
2008,25,21,1,250114,1,1,2,2,4,2,6,2,1,1,1,2,1,2,2,1,2,2,1,2,2,2,2,2,2,2,2,2,1,2,1,0,0,0
2008,25,13,1,250115,1,1,2,2,4,2,6,2,1,2,2,2,1,2,2,2,2,2,2,2,1,2,2,2,2,2,1,1,1,2,2,0,0,0
2008,25,15,1,250116,1,1,2,2,4,2,6,2,1,2,2,2,1,2,1,2,2,2,2,2,3,2,2,2,2,2,2,2,1,2,2,0,0,0
2008,25,9,1,250117,1,1,2,2,1,1,6,1,1,1,1,2,1,2,2,2,2,1,2,2,3,2,2,2,2,1,2,2,2,2,2,0,0,0
2008,25,17,1,250118,1,1,2,2,4,2,6,2,1,2,2,2,1,2,2,2,2,2,2,2,2,2,2,2,2,2,2,2,1,2,2,0,0,0
2008,25,27,1,250119,1,1,2,2,1,2,6,2,3,2,1,2,2,2,1,2,2,2,2,2,3,2,2,2,2,2,2,2,2,2,2,0,0,0
2008,25,25,1,250120,1,1,2,2,1,2,6,2,1,2,2,2,1,2,2,1,2,2,1,2,3,2,2,2,2,2,2,2,2,2,2,0,0,0
2008,25,9,1,250121,1,1,2,1,1,2,1,2,1,2,1,2,1,1,2,2,1,2,2,2,3,2,2,2,2,2,2,2,2,2,2,0,0,0
2008,25,21,1,250122,1,1,2,1,1,2,1,2,2,2,2,2,2,2,2,1,2,2,2,2,1,2,2,2,2,2,1,1,2,2,2,0,0,0
2008,25,17,1,250123,1,1,2,2,1,1,4,1,1,1,1,2,1,1,2,2,1,2,2,2,3,2,2,2,2,2,2,2,2,2,2,0,0,0
2008,25,17,2,250124,1,1,2,2,3,1,4,1,1,2,2,2,2,2,2,1,2,2,1,2,1,1,1,1,1,2,2,1,2,2,2,0,0,0
2008,25,17,1,250125,1,1,2,1,1,2,1,2,1,1,2,2,1,1,2,2,1,2,2,2,3,2,2,2,2,2,2,2,2,2,2,0,0,0
2008,25,17,1,250126,1,1,2,1,1,2,1,2,7,1,2,2,3,2,2,2,1,2,2,2,3,2,2,2,2,2,2,2,2,2,2,0,0,0
2008,25,1,1,250127,1,1,2,2,4,2,6,2,1,2,1,2,1,2,2,1,2,2,2,2,3,2,2,2,2,2,2,2,1,2,2,0,0,0
2008,25,3,1,250128,1,1,2,2,2,2,6,2,1,2,1,2,1,2,2,1,2,2,1,2,3,1,1,1,1,2,2,1,1,2,2,0,0,0
2008,25,21,1,250129,1,1,2,2,1,1,6,1,5,1,1,2,2,2,2,2,2,2,2,2,3,2,2,2,2,1,2,2,2,2,2,0,0,0
2008,25,5,2,250130,1,1,2,2,1,1,4,1,4,1,1,2,2,1,2,2,2,2,2,2,3,2,2,2,2,2,2,2,2,2,2,0,0,0
2008,25,5,1,250131,1,1,2,2,4,2,2,2,1,2,1,2,1,2,1,1,2,2,2,2,1,2,2,2,2,2,2,2,1,2,2,0,0,0
2008,25,13,1,250132,1,1,2,2,4,1,2,1,1,2,1,2,1,2,2,1,2,2,1,2,3,1,1,1,1,2,2,1,2,2,2,0,0,0
2008,25,23,1,250133,1,1,1,2,4,1,6,1,1,1,1,2,1,2,1,1,2,2,2,2,2,1,1,1,1,2,2,1,2,2,2,0,0,0
2008,25,17,1,250134,1,1,2,2,4,2,4,2,1,2,2,2,1,2,2,1,2,2,2,2,3,1,1,1,1,2,2,1,1,2,2,0,0,0
2008,25,11,1,250135,1,1,2,2,1,2,2,3,4,1,1,2,2,2,1,2,2,2,2,2,1,2,2,2,2,2,2,2,1,2,2,0,0,0
2008,25,9,1,250136,1,1,2,2,2,2,6,2,1,2,2,2,1,2,2,2,2,2,1,2,1,1,1,1,1,2,2,1,1,2,2,0,0,0
2008,25,9,1,250137,1,1,2,2,4,1,6,1,1,2,1,2,1,2,1,1,2,2,2,2,1,2,2,2,2,2,1,1,2,2,2,0,0,0
2008,25,27,1,250138,1,1,1,2,1,2,5,2,1,2,1,2,1,2,2,2,1,2,2,2,3,2,2,2,2,2,2,2,2,2,2,0,0,0
2008,25,9,1,250139,1,1,2,2,1,2,2,2,3,2,1,2,2,2,2,2,2,2,2,2,3,2,2,2,2,2,1,1,2,2,2,0,0,0
2008,25,23,1,250140,1,1,2,2,1,2,2,2,4,2,1,2,2,2,2,2,2,2,1,2,3,2,2,2,2,2,2,2,1,2,2,0,0,0
2008,25,21,1,250141,1,1,2,2,4,2,6,2,1,2,2,2,1,2,2,2,2,2,2,2,1,1,1,1,1,2,2,1,1,2,2,0,0,0
2008,25,23,1,250142,1,1,2,2,1,2,2,3,1,1,1,2,1,2,2,2,1,2,2,2,3,2,2,2,2,2,2,2,2,2,2,0,0,0
2008,25,5,1,250143,1,1,2,2,4,2,6,2,1,2,1,2,1,2,1,2,2,2,2,2,3,2,2,2,2,2,2,2,1,2,2,0,0,0
2008,25,27,1,250145,1,1,2,1,4,2,1,2,1,2,1,2,1,2,2,2,2,2,2,2,3,2,2,2,2,1,2,2,1,2,2,0,0,0
2008,25,9,1,250146,1,1,2,1,1,2,1,2,1,2,2,2,1,2,2,2,1,2,2,2,3,2,2,2,2,2,2,2,2,2,2,0,0,0
2008,25,25,1,250147,1,1,2,2,1,2,6,2,1,1,1,2,1,2,2,2,1,2,2,2,3,2,2,2,2,2,2,2,2,2,2,0,0,0
2008,25,13,1,250148,1,1,2,2,1,2,6,2,1,2,2,1,1,2,2,1,1,2,2,2,3,1,1,1,1,2,2,1,2,2,2,0,0,0
2008,25,17,1,250149,1,1,2,2,4,1,6,1,1,1,1,2,1,2,1,1,2,2,2,2,2,2,2,1,1,2,2,1,2,2,2,0,0,0
2008,25,25,1,250150,1,1,2,2,1,2,2,2,1,2,1,2,1,2,2,2,1,2,2,2,3,2,2,2,2,2,2,2,2,2,2,0,0,0
2008,25,23,1,250151,1,1,2,2,1,1,6,1,4,2,1,2,2,2,2,2,2,2,2,1,1,2,2,2,2,2,2,2,2,2,2,0,0,0
2008,25,27,1,250152,1,1,2,2,1,1,4,1,4,1,1,2,2,2,2,2,2,2,2,2,2,2,2,2,2,1,2,2,2,2,2,0,0,0
2008,25,23,1,250153,1,1,2,2,4,1,6,1,1,2,2,2,1,2,1,2,2,2,2,2,1,2,2,2,2,1,2,2,2,2,2,0,0,0
2008,25,21,1,250154,1,1,2,1,1,2,1,2,2,1,1,2,2,2,2,2,2,2,1,2,3,2,2,2,2,2,2,2,2,2,2,0,0,0
2008,25,27,1,250155,1,1,1,2,4,2,4,2,1,1,1,2,1,2,2,2,2,2,2,2,3,1,1,1,1,2,2,1,1,2,2,0,0,0
2008,25,17,1,250156,1,1,2,2,1,1,4,1,4,1,2,2,2,2,2,2,2,2,2,2,3,2,2,2,2,1,2,2,2,1,2,0,0,0
2008,25,1,1,250157,1,1,2,2,1,1,2,1,1,2,2,2,1,2,2,2,1,2,2,2,3,2,2,2,2,2,2,2,2,2,2,0,0,0
2008,25,25,1,250158,1,1,2,2,1,1,6,1,1,1,1,2,1,2,2,2,1,2,2,2,3,2,2,2,2,2,2,2,2,2,2,0,0,0
2008,25,23,1,250159,1,1,2,2,4,1,6,1,1,2,1,2,1,2,2,2,2,2,2,2,1,2,2,2,2,2,2,2,2,2,2,0,0,0
2008,25,1,1,250160,1,1,2,2,1,1,6,1,4,1,1,2,2,2,2,2,2,2,2,2,3,2,2,2,2,1,2,2,2,1,2,0,0,0
2008,25,21,2,250161,1,1,2,2,4,2,2,2,1,2,2,2,1,2,2,2,2,2,2,2,3,1,1,1,1,2,2,1,1,2,2,0,0,0
2008,25,9,1,250162,1,1,2,2,4,2,2,2,1,2,1,2,1,2,1,1,2,2,2,2,2,2,2,2,2,2,1,1,1,2,2,0,0,0
2008,25,3,1,250163,1,1,2,2,4,2,2,2,1,1,2,2,1,2,2,2,2,2,2,2,3,2,2,2,2,1,2,2,1,2,2,0,0,0
2008,25,13,1,250164,1,1,2,2,1,1,6,1,1,2,2,2,1,2,2,2,2,2,2,2,3,2,2,2,2,2,2,2,2,2,2,0,0,0
2008,25,3,1,250165,1,1,2,2,4,2,6,2,1,1,1,2,1,2,1,2,2,2,2,2,2,2,2,2,2,2,2,2,2,2,2,0,0,0
2008,25,25,1,250166,1,1,2,2,1,2,6,2,1,1,1,2,1,2,2,2,2,2,2,2,3,2,2,2,2,2,2,2,2,2,2,0,0,0
2008,25,23,1,250167,1,1,2,2,1,2,2,2,3,1,2,2,2,2,2,2,2,2,2,2,3,1,1,1,1,2,2,1,2,2,2,0,0,0
2008,25,27,1,250168,1,1,1,2,4,2,6,2,1,2,2,2,1,2,2,1,2,2,2,2,1,1,1,1,1,2,2,1,1,2,2,0,0,0
2008,25,1,1,250169,1,1,2,2,2,2,2,2,1,1,1,2,1,2,2,2,1,2,2,2,3,2,2,2,2,2,1,1,1,2,2,0,0,0
2008,25,5,1,250170,1,1,2,2,1,2,2,2,4,2,2,2,2,2,2,1,2,2,1,2,1,2,2,2,2,2,2,2,2,2,2,0,0,0
2008,25,9,1,250171,1,1,2,2,1,1,2,1,4,2,2,2,2,2,1,1,2,2,2,2,3,2,2,2,2,2,2,2,2,2,2,0,0,0
2008,25,9,1,250172,1,1,2,2,2,2,6,2,1,2,2,2,1,2,2,2,2,2,1,2,1,1,1,1,1,2,2,1,2,2,2,0,0,0
2008,25,27,1,250173,1,1,2,2,4,2,6,2,1,1,1,2,1,2,2,2,2,2,2,2,3,2,2,2,2,1,2,2,1,2,2,0,0,0
2008,25,15,1,250174,1,1,2,2,4,2,6,2,1,2,1,2,1,2,2,2,2,2,2,2,1,2,2,2,2,2,2,2,1,2,2,0,0,0
2008,25,23,1,250176,1,1,2,2,4,2,6,2,1,1,1,2,1,2,2,1,2,2,2,2,1,2,2,1,1,2,2,1,2,2,2,0,0,0
2008,25,17,1,250177,1,1,2,2,1,2,6,2,1,1,1,2,1,2,2,2,1,2,2,2,3,2,2,2,2,2,2,2,2,2,2,0,0,0
2008,25,23,1,250178,1,1,2,2,4,2,6,2,1,2,2,2,1,2,2,2,2,2,1,2,1,2,2,2,2,2,1,1,1,2,2,0,0,0
2008,25,11,3,250179,1,1,1,2,4,2,6,2,1,2,1,2,1,2,2,1,2,2,2,2,3,1,1,1,1,2,2,1,1,2,2,0,0,0
2008,25,25,1,250180,1,1,2,1,4,2,1,3,1,2,2,2,1,2,1,2,2,2,2,2,2,2,2,2,2,2,2,2,1,2,2,0,0,0
2008,25,23,1,250181,1,1,2,2,1,2,6,2,3,1,1,2,2,2,2,2,2,2,2,2,3,2,2,2,2,1,2,2,1,2,2,0,0,0
2008,25,25,1,250182,1,1,2,2,4,2,2,2,1,2,1,2,1,2,2,1,2,2,2,2,2,2,2,1,1,2,2,1,1,2,2,0,0,0
2008,25,17,1,250183,1,1,2,2,4,2,6,2,1,2,1,2,1,2,2,1,2,2,1,2,1,1,1,1,1,2,2,1,1,2,2,0,0,0
2008,25,9,1,250184,1,1,2,2,1,2,4,2,3,1,1,2,3,2,2,2,2,2,2,2,3,2,2,2,2,1,2,2,1,2,2,0,0,0
2008,25,17,1,250185,1,1,2,2,1,2,6,2,1,2,1,1,1,2,2,2,1,2,2,2,3,2,2,2,2,2,2,2,2,2,2,0,0,0
2008,25,17,1,250186,1,1,2,1,3,2,1,2,1,2,2,2,1,2,2,1,2,2,1,2,3,2,2,2,2,2,1,1,1,2,2,0,0,0
2008,25,23,1,250187,1,1,2,2,1,2,2,2,1,2,2,2,1,2,2,1,1,2,2,2,2,2,2,2,2,2,2,2,2,2,2,0,0,0
2008,25,3,3,250188,1,1,1,2,1,2,4,2,4,1,1,2,3,2,2,2,2,2,2,2,3,2,2,2,2,2,2,2,1,2,2,0,0,0
2008,25,13,1,250189,1,1,2,2,1,1,2,1,1,1,1,2,1,2,2,2,1,2,2,2,3,2,2,2,2,2,2,2,2,2,2,0,0,0
2008,25,3,1,250190,1,1,1,2,1,2,3,2,1,2,1,2,1,2,2,2,2,1,2,2,3,2,2,2,2,2,2,2,2,2,2,0,0,0
2008,25,5,1,250191,1,1,2,2,4,2,6,2,1,2,2,2,1,2,2,1,2,2,2,2,2,2,2,2,2,2,2,2,1,2,2,0,0,0
2008,25,17,1,250192,1,1,2,2,1,2,6,2,1,1,1,2,1,1,2,2,1,2,2,2,3,2,2,2,2,2,2,2,2,2,2,0,0,0
2008,25,5,1,250193,1,1,2,2,1,2,2,2,1,2,1,2,1,2,2,2,1,2,2,2,3,1,1,1,1,2,2,1,2,2,2,0,0,0
2008,25,27,2,250194,1,1,2,2,1,2,2,2,3,1,1,2,2,2,2,2,2,2,2,2,3,2,2,2,2,1,2,2,2,2,2,0,0,0
2008,25,17,1,250195,1,1,2,1,1,2,1,2,3,1,1,2,3,1,2,1,2,2,2,2,3,2,2,2,2,1,1,1,2,2,2,0,0,0
2008,25,9,1,250196,1,1,2,2,4,2,6,2,1,2,1,2,1,2,2,1,2,2,2,1,3,1,1,1,1,2,2,1,2,2,2,0,0,0
2008,25,23,1,250197,1,1,2,1,1,2,1,2,6,1,1,2,2,2,2,2,2,2,2,2,3,2,2,2,2,2,1,1,2,1,2,0,0,0
2008,25,23,2,250198,1,1,2,1,4,2,1,2,1,2,1,2,1,2,2,1,2,2,1,2,3,1,1,1,1,2,2,1,1,2,2,0,0,0
2008,25,23,1,250199,1,1,2,2,4,2,2,2,1,2,1,2,1,2,1,2,2,2,2,2,3,2,2,2,2,2,2,2,1,2,2,0,0,0
2008,25,5,1,250200,1,1,2,2,4,2,2,2,1,1,1,2,1,2,2,2,2,2,2,2,3,2,2,2,2,1,2,2,1,2,2,0,0,0
2008,25,23,1,250201,1,1,2,2,4,2,2,2,1,1,2,2,1,2,2,2,2,2,2,2,2,1,1,1,1,2,2,1,1,2,2,0,0,0
2008,25,5,1,250202,1,1,2,1,1,2,1,2,1,2,1,2,1,2,2,2,2,2,1,2,3,2,2,2,2,2,2,2,2,2,2,0,0,0
2008,25,13,1,250203,1,1,2,2,4,2,6,2,1,1,1,2,1,2,2,2,2,2,2,2,1,2,2,2,2,2,2,2,1,2,2,0,0,0
2008,25,13,1,250204,1,1,2,1,4,2,1,2,1,2,1,2,1,2,2,1,2,2,1,2,1,2,2,2,2,2,2,2,1,2,2,0,0,0
2008,25,5,1,250205,1,1,2,2,4,1,6,1,1,2,2,2,1,2,2,2,2,2,2,2,1,1,1,1,1,2,2,1,2,2,2,0,0,0
2008,25,9,1,250206,1,1,2,2,1,2,6,2,3,1,1,2,2,2,2,2,2,2,2,2,3,2,2,2,2,2,2,2,2,2,2,0,0,0
2008,25,1,1,250207,1,1,2,2,4,1,6,1,1,1,2,2,1,2,2,1,2,2,2,2,1,2,2,2,2,2,2,2,2,2,2,0,0,0
2008,25,13,1,250208,1,1,2,2,1,2,6,2,3,1,1,2,2,2,2,2,2,2,2,2,3,2,2,2,2,1,2,2,1,2,2,0,0,0
2008,25,15,1,250209,1,1,2,2,2,2,2,2,1,2,2,2,1,2,1,2,2,2,2,2,1,2,2,2,2,2,2,2,2,2,2,0,0,0
2008,25,23,1,250210,1,1,2,2,4,2,2,2,1,1,2,2,1,2,2,2,2,2,2,2,2,2,2,2,2,2,2,2,1,2,2,0,0,0
2008,25,25,1,250211,1,1,2,2,1,2,6,2,7,2,1,2,2,2,1,2,2,2,2,2,3,2,2,2,2,2,1,1,2,2,2,0,0,0
2008,25,25,1,250212,1,1,2,2,4,2,6,2,1,2,2,2,1,2,2,2,2,2,2,2,3,1,1,1,1,2,2,1,2,2,2,0,0,0
2008,25,23,1,250213,1,1,2,2,1,1,6,1,1,2,2,2,1,2,2,1,2,1,2,2,1,2,2,2,2,2,2,2,2,2,2,0,0,0
2008,25,21,1,250214,1,1,2,2,1,2,6,2,1,2,1,2,1,2,2,2,1,2,2,2,3,2,2,2,2,2,2,2,2,2,2,0,0,0
2008,25,5,1,250215,1,1,2,2,1,1,2,1,2,2,1,2,2,2,2,1,2,2,2,2,1,2,2,2,2,2,1,1,2,2,2,0,0,0
2008,25,5,1,250216,1,1,2,1,4,2,1,2,1,1,2,2,1,2,2,2,2,2,1,2,3,2,2,2,2,2,2,2,1,2,2,0,0,0
2008,25,5,1,250217,1,1,2,1,4,2,1,2,1,2,1,2,1,2,2,2,2,2,1,2,2,2,2,2,2,2,1,1,1,2,2,0,0,0
2008,25,17,1,250218,1,1,2,2,4,2,6,2,1,2,2,2,1,2,2,2,2,2,1,2,3,1,1,1,1,2,2,1,1,2,2,0,0,0
2008,25,21,1,250219,1,1,2,2,1,1,4,1,4,1,1,2,2,2,1,2,2,2,2,2,3,2,2,2,2,1,2,2,2,2,2,0,0,0
2008,25,27,1,250220,1,1,2,2,4,2,6,2,1,2,1,2,1,2,2,1,2,2,2,2,1,2,2,1,1,2,2,1,1,2,2,0,0,0
2008,25,27,1,250221,1,1,2,2,1,2,2,2,1,1,2,2,1,2,2,2,2,1,2,2,3,2,2,2,2,2,2,2,2,2,2,0,0,0
2008,25,17,1,250222,1,1,1,2,2,2,4,2,1,2,2,2,1,2,2,2,2,2,1,2,3,2,2,2,2,2,2,2,1,2,2,0,0,0
2008,25,5,1,250223,1,1,2,2,3,2,2,2,1,1,2,2,1,2,2,2,2,2,2,2,3,2,2,2,2,1,2,2,1,2,2,0,0,0
2008,25,21,1,250224,1,1,2,1,1,2,1,2,1,2,1,2,1,2,2,1,2,2,1,2,1,2,2,2,2,2,2,2,2,2,2,0,0,0
2008,25,17,1,250225,1,1,2,1,1,2,1,2,5,1,1,2,2,2,2,2,2,2,1,2,3,2,2,2,2,2,2,2,2,2,2,0,0,0
2008,25,5,1,250226,1,1,2,2,4,2,4,2,1,2,1,2,1,2,2,2,2,2,1,2,3,2,2,2,2,2,2,2,1,2,2,0,0,0
2008,25,23,1,250227,1,1,2,2,4,2,6,2,1,2,2,2,1,2,2,2,2,2,2,2,1,2,2,2,2,2,2,2,1,2,2,0,0,0
2008,25,23,1,250228,1,1,2,2,1,1,6,1,5,1,2,2,2,2,1,2,2,2,1,2,3,2,2,2,2,1,2,2,2,2,2,0,0,0
2008,25,25,1,250229,1,1,2,1,4,2,1,3,1,2,2,2,1,2,2,1,2,2,2,2,2,1,1,1,1,2,2,1,1,2,2,0,0,0
2008,25,13,1,250230,1,1,2,1,3,2,1,2,1,2,2,2,1,2,2,1,2,2,1,2,3,2,2,2,2,2,1,1,1,2,1,0,0,0
2008,25,13,1,250231,1,1,1,2,4,1,3,1,1,2,1,2,1,2,2,1,2,2,2,2,2,2,2,2,2,2,2,2,2,2,2,0,0,0
2008,25,17,1,250232,1,1,2,1,4,2,1,3,1,2,1,2,1,2,2,1,2,2,2,1,1,2,2,2,2,2,2,2,1,2,2,0,0,0
2008,25,1,1,250233,1,1,2,2,4,2,6,2,1,1,1,2,1,2,2,2,2,2,2,2,2,2,2,2,2,1,2,2,1,2,2,0,0,0
2008,25,21,2,250234,1,1,2,2,4,2,2,2,1,2,1,2,1,2,2,1,2,2,2,2,1,2,2,2,2,2,2,2,1,2,2,0,0,0
2008,25,25,1,250235,1,1,2,2,1,1,6,1,1,1,1,2,1,2,2,2,1,2,2,2,3,2,2,2,2,1,2,2,2,2,2,0,0,0
2008,25,23,1,250236,1,1,2,2,1,1,4,1,3,1,1,2,2,2,2,2,2,2,2,2,1,2,2,1,1,2,2,1,2,2,2,0,0,0
2008,25,17,1,250237,1,1,2,2,1,2,6,2,1,2,1,2,1,2,2,2,1,2,2,2,3,2,2,2,2,2,2,2,2,2,2,0,0,0
2008,25,21,1,250238,1,1,2,2,4,2,6,2,1,2,1,2,1,2,2,1,2,2,2,2,1,2,2,2,2,2,2,2,1,2,2,0,0,0
2008,25,25,1,250239,1,1,2,1,3,2,1,3,1,2,2,2,1,2,2,2,2,2,1,2,1,2,2,2,2,2,1,1,1,2,2,0,0,0
2008,25,27,2,250240,1,1,1,2,1,1,6,1,4,2,2,2,2,2,2,2,2,2,2,2,3,2,2,2,2,2,2,2,2,2,2,0,0,0
2008,25,25,1,250241,1,1,2,2,6,2,2,2,7,2,1,2,1,2,2,2,2,2,2,2,1,2,2,2,2,2,1,1,2,2,2,0,0,0
2008,25,17,1,250242,1,1,2,2,1,2,2,2,1,2,2,1,1,2,2,2,1,2,2,2,3,2,2,2,2,2,2,2,2,2,2,0,0,0
2008,25,25,1,250243,1,1,2,2,1,2,6,2,1,1,1,2,1,2,2,2,1,2,2,2,2,2,2,2,2,2,2,2,2,2,2,0,0,0
2008,25,27,2,250244,1,1,1,2,1,2,5,2,4,1,2,2,2,2,1,2,2,2,2,2,1,2,2,2,2,1,2,2,2,1,2,0,0,0
2008,25,27,1,250245,1,1,2,1,1,2,1,2,2,1,1,2,3,1,2,2,2,2,2,2,3,2,2,2,2,2,2,2,2,2,2,0,0,0
2008,25,13,2,250246,1,1,2,2,1,1,2,1,1,2,2,2,1,2,2,2,1,2,2,2,3,2,2,2,2,2,2,2,2,2,2,0,0,0
2008,25,27,1,250247,1,1,2,2,1,1,2,1,4,2,2,2,2,2,2,1,2,2,2,2,1,1,1,1,1,2,1,1,2,2,2,0,0,0
2008,25,3,1,250248,1,1,1,2,1,2,4,2,3,1,1,2,2,2,2,2,2,2,2,2,1,2,2,2,2,2,2,2,1,2,2,0,0,0
2008,25,13,2,250249,1,1,2,2,2,2,6,2,4,2,1,2,1,2,2,1,2,2,2,2,2,2,2,2,2,2,2,2,1,2,2,0,0,0
2008,25,23,1,250250,1,1,2,2,4,2,2,2,1,2,2,2,1,2,2,2,2,2,1,2,1,2,2,2,2,2,2,2,1,2,2,0,0,0
2008,25,9,1,250251,1,1,2,2,1,2,2,2,4,1,1,2,2,2,2,2,2,2,2,2,3,2,2,2,2,2,2,2,2,2,2,0,0,0
2008,25,23,1,250252,1,1,2,2,4,2,6,2,1,1,2,2,1,2,1,2,2,2,2,2,2,2,2,2,2,2,2,2,1,2,2,0,0,0
2008,25,5,1,250253,1,1,2,1,3,2,1,2,1,2,1,2,1,2,2,1,2,2,1,2,1,2,2,2,2,2,1,1,1,2,2,0,0,0
2008,25,17,1,250254,1,1,2,2,1,2,4,2,3,1,2,2,2,2,2,2,2,2,2,2,3,2,2,2,2,1,1,1,2,1,2,0,0,0
2008,25,27,1,250255,1,1,2,2,1,2,2,2,3,2,1,2,2,2,2,2,2,2,2,2,3,2,2,2,2,1,1,1,2,2,2,0,0,0
2008,25,17,1,250256,1,1,2,2,4,2,2,2,1,1,1,2,1,2,2,2,2,2,2,2,2,2,2,2,2,1,2,2,1,2,2,0,0,0
2008,25,5,1,250257,1,1,2,2,4,2,6,2,1,1,1,2,1,2,2,2,2,2,2,2,2,2,2,2,2,1,2,2,1,2,2,0,0,0
2008,25,17,1,250258,1,1,2,2,1,2,6,2,1,2,1,2,1,2,2,2,1,2,2,2,3,2,2,2,2,2,2,2,2,2,2,0,0,0
2008,25,27,1,250259,1,1,2,2,1,2,2,2,3,1,1,2,2,2,2,2,2,2,2,2,3,2,2,2,2,2,1,1,2,2,2,0,0,0
2008,25,27,1,250260,1,1,1,2,1,2,6,2,1,1,1,2,1,2,1,2,2,2,2,2,2,2,2,2,2,2,2,2,2,2,2,0,0,0
2008,25,27,1,250261,1,1,1,2,1,2,5,2,1,1,1,2,1,2,2,2,1,2,2,2,3,2,2,2,2,1,2,2,2,2,2,0,0,0
2008,25,25,1,250262,1,1,2,2,1,2,6,2,1,1,1,1,1,2,2,2,1,2,2,2,3,2,2,2,2,2,2,2,2,2,2,0,0,0
2008,25,9,1,250263,1,1,2,2,1,2,6,2,1,2,2,2,1,2,2,2,1,2,2,2,3,2,2,2,2,2,2,2,2,2,2,0,0,0
2008,25,25,1,250264,1,1,2,2,4,2,6,2,1,2,1,2,1,2,2,2,2,2,2,2,2,2,2,1,1,2,2,1,1,2,2,0,0,0
2008,25,25,1,250265,1,1,2,2,2,2,2,2,1,2,2,2,1,2,2,1,2,2,1,2,3,1,1,1,1,2,2,1,1,2,2,0,0,0
2008,25,23,1,250266,1,1,2,2,3,2,2,2,1,2,2,2,1,2,2,2,2,2,1,2,2,2,2,2,2,2,2,2,1,2,2,0,0,0
2008,25,9,1,250267,1,1,2,2,4,2,2,2,1,2,1,2,1,2,2,2,2,2,2,2,1,2,2,2,2,2,2,2,1,2,2,0,0,0
2008,25,23,1,250268,1,1,1,2,4,2,6,2,1,1,1,2,1,2,2,2,2,2,2,2,1,2,2,2,2,1,2,2,1,2,2,0,0,0
2008,25,9,1,250269,1,1,2,2,4,2,2,2,1,1,1,2,1,2,2,2,1,2,2,2,2,2,2,2,2,2,2,2,1,2,2,0,0,0
2008,25,9,1,250270,1,1,2,2,1,2,2,2,1,2,2,2,1,2,2,2,1,2,2,2,3,2,2,2,2,2,2,2,2,2,2,0,0,0
2008,25,17,1,250271,1,1,2,2,4,2,6,2,1,2,2,2,1,2,1,1,2,2,2,2,1,2,2,2,2,2,2,2,1,2,2,0,0,0
2008,25,5,1,250272,1,1,2,2,1,2,4,2,1,2,2,1,1,2,2,2,1,2,2,2,3,2,2,2,2,2,2,2,2,2,2,0,0,0
2008,25,17,1,250273,1,1,2,2,1,2,6,2,2,2,2,2,2,2,1,1,2,2,2,2,1,2,2,2,2,2,1,1,2,2,2,0,0,0
2008,25,25,1,250274,1,1,2,2,1,1,6,1,4,1,2,2,2,2,1,2,2,2,2,2,3,2,2,2,2,2,2,2,2,2,2,0,0,0
2008,25,23,1,250275,1,1,2,2,1,1,5,1,3,1,2,2,2,2,2,2,2,2,2,2,3,2,2,2,2,2,2,2,2,2,2,0,0,0
2008,25,5,1,250276,1,1,2,2,1,2,6,2,1,1,1,1,1,2,2,2,1,2,2,2,3,2,2,2,2,2,2,2,2,2,2,0,0,0
2008,25,25,1,250277,1,1,2,2,1,1,6,1,1,2,2,2,1,2,2,2,1,2,2,2,3,2,2,2,2,2,2,2,2,2,2,0,0,0
2008,25,1,1,250278,1,1,2,2,3,2,2,2,1,1,1,2,1,2,2,2,2,2,1,2,2,2,2,2,2,2,2,2,1,2,2,0,0,0
2008,25,23,1,250279,1,1,2,2,3,2,2,2,1,2,1,2,1,2,2,2,2,2,2,2,3,2,2,2,2,2,2,2,1,2,2,0,0,0
2008,25,23,1,250280,1,1,1,2,4,2,6,2,1,2,1,2,1,2,2,1,2,2,2,2,1,2,2,2,2,2,2,2,1,2,2,0,0,0
2008,25,27,1,250281,1,1,2,2,4,2,6,2,1,1,2,2,1,2,2,2,2,2,2,2,1,2,2,2,2,2,2,2,1,2,2,0,0,0
2008,25,1,1,250282,1,1,2,2,4,2,6,2,1,2,1,2,1,2,2,1,2,2,2,2,2,2,2,2,2,2,1,1,1,2,2,0,0,0
2008,25,13,1,250283,1,1,2,2,4,2,6,2,1,2,2,2,1,2,2,2,2,2,2,2,3,1,1,1,1,2,2,1,1,2,2,0,0,0
2008,25,27,1,250284,1,1,2,2,1,2,6,2,1,1,2,2,1,2,2,1,1,2,2,2,3,2,2,2,2,2,2,2,2,2,2,0,0,0
2008,25,9,1,250285,1,1,2,2,1,2,2,2,1,2,1,1,1,2,2,1,1,2,2,2,3,2,2,2,2,2,2,2,2,2,2,0,0,0
2008,25,27,1,250286,1,1,2,2,4,2,6,2,1,2,1,2,1,2,2,1,2,2,2,2,3,2,2,1,1,2,2,1,1,2,2,0,0,0
2008,25,23,1,250287,1,1,1,2,4,2,6,2,1,2,1,2,1,2,2,1,2,2,1,2,1,2,2,2,2,2,2,2,1,2,2,0,0,0
2008,25,5,1,250288,1,1,2,2,4,2,6,2,1,1,2,2,1,2,2,1,2,2,2,2,2,2,2,2,2,2,1,1,1,2,2,0,0,0
2008,25,5,1,250289,1,1,2,1,4,2,1,3,1,2,2,2,1,2,2,2,2,2,1,2,1,2,2,2,2,2,2,2,1,2,2,0,0,0
2008,25,27,1,250290,1,1,2,1,4,2,1,2,1,2,1,2,1,2,2,2,2,2,2,2,2,2,2,2,2,2,2,2,1,2,2,0,0,0
2008,25,11,1,250291,1,1,1,2,4,2,5,2,1,1,1,2,1,2,1,2,2,2,2,2,2,2,2,2,2,2,1,1,1,2,2,0,0,0
2008,25,17,1,250292,1,1,2,2,1,2,2,2,1,1,1,2,1,1,2,2,1,2,2,2,3,2,2,2,2,2,2,2,2,2,2,0,0,0
2008,25,17,1,250293,1,1,2,2,1,1,6,1,7,2,2,2,2,2,2,2,2,2,2,2,3,2,2,2,2,2,1,1,2,2,2,0,0,0
2008,25,17,1,250294,1,1,2,2,1,2,2,2,1,2,1,2,1,2,2,2,1,2,2,2,3,2,2,2,2,2,2,2,2,2,2,0,0,0
2008,25,17,1,250295,1,1,2,1,3,2,1,2,1,2,1,2,1,2,2,2,2,2,1,2,2,2,2,1,1,2,2,1,1,2,2,0,0,0
2008,25,23,2,250296,1,1,2,2,4,2,6,2,1,1,1,2,1,2,2,1,2,2,2,2,2,1,1,1,1,2,2,1,1,2,2,0,0,0
2008,25,25,1,250297,1,1,2,2,1,1,6,1,1,2,2,2,1,2,2,2,1,2,2,2,3,2,2,2,2,2,2,2,2,2,2,0,0,0
2008,25,17,1,250298,1,1,2,2,4,2,6,2,1,1,2,2,1,2,2,2,2,2,2,2,3,2,2,2,2,2,2,2,1,2,2,0,0,0
2008,25,27,2,250299,1,1,2,1,1,2,1,2,3,2,2,2,2,2,2,2,2,2,2,2,1,1,1,1,1,2,2,1,2,2,2,0,0,0
2008,25,27,1,250300,1,1,2,2,1,2,4,2,1,1,1,2,1,2,2,2,1,2,2,2,3,2,2,2,2,2,1,1,2,2,2,0,0,0
2008,25,5,1,250301,1,1,2,2,1,2,6,2,1,2,2,2,1,2,2,2,1,2,2,2,3,2,2,2,2,2,2,2,2,2,2,0,0,0
2008,25,17,1,250302,1,1,2,2,1,1,2,1,1,2,1,2,1,2,2,2,1,2,2,2,3,2,2,2,2,2,2,2,2,2,2,0,0,0
2008,25,27,1,250303,1,1,2,1,3,2,1,2,1,1,1,2,1,2,2,2,2,2,1,2,3,2,2,2,2,2,1,1,1,2,2,0,0,0
2008,25,27,1,250304,1,1,2,2,3,2,6,2,1,2,2,2,1,2,2,1,2,2,2,2,2,2,2,2,2,2,2,2,1,2,2,0,0,0
2008,25,27,1,250305,1,1,2,2,4,1,6,1,1,1,1,2,1,2,2,1,2,2,1,2,1,2,2,2,2,2,2,2,2,2,2,0,0,0
2008,25,21,1,250306,1,1,2,2,2,1,2,1,3,1,2,2,2,2,2,2,2,2,2,2,1,2,2,2,2,2,1,1,2,2,2,0,0,0
2008,25,27,2,250307,1,1,2,2,1,2,6,2,3,1,1,2,2,2,2,2,2,2,2,2,3,2,2,2,2,2,2,2,2,2,2,0,0,0
2008,25,25,1,250308,1,1,2,2,1,1,6,1,1,1,1,2,1,2,2,2,1,2,2,2,3,2,2,2,2,1,2,2,2,2,2,0,0,0
2008,25,5,1,250309,1,1,2,2,1,2,6,2,1,2,2,2,1,2,2,2,1,2,2,2,3,2,2,2,2,2,2,2,2,2,2,0,0,0
2008,25,5,1,250310,1,1,2,1,1,2,1,2,2,1,1,2,3,2,2,2,2,2,1,2,3,2,2,2,2,1,2,2,2,2,2,0,0,0
2008,25,9,1,250311,1,1,2,2,1,2,2,2,1,2,1,2,1,2,2,2,1,2,2,2,3,1,1,1,1,2,2,1,2,2,2,0,0,0
2008,25,17,1,250312,1,1,2,2,1,1,2,1,4,1,1,2,3,1,2,2,2,2,1,2,3,2,2,2,2,1,2,2,2,2,2,0,0,0
2008,25,21,1,250313,1,1,2,2,1,2,6,2,1,1,1,2,1,1,2,2,1,2,2,2,3,2,2,2,2,2,2,2,2,2,2,0,0,0
2008,25,17,1,250314,1,1,2,2,1,2,2,2,1,1,1,2,1,2,2,2,1,2,2,2,3,2,2,2,2,2,2,2,2,2,2,0,0,0
2008,25,27,1,250315,1,1,1,2,1,2,3,2,3,2,2,2,3,2,2,2,2,2,2,2,1,2,2,2,2,2,2,2,2,2,2,0,0,0
2008,25,3,1,250316,1,1,1,2,4,2,5,2,1,2,2,2,1,2,2,2,2,2,1,2,1,2,2,2,2,2,1,1,1,2,2,0,0,0
2008,25,3,1,250317,1,1,1,2,4,2,4,2,1,2,2,2,1,2,2,2,2,2,1,2,3,2,2,2,2,2,2,2,1,2,2,0,0,0
2008,25,21,1,250318,1,1,2,2,6,3,4,4,1,2,2,2,1,2,2,2,2,2,2,2,2,2,2,2,2,2,2,2,2,2,2,0,0,0
2008,25,17,1,250319,1,1,2,2,1,2,2,2,1,1,1,2,1,2,2,2,1,2,2,2,3,2,2,2,2,2,2,2,2,2,2,0,0,0
2008,25,23,1,250320,1,1,2,2,4,2,4,2,1,2,2,2,1,2,1,2,2,2,2,2,2,2,2,2,2,2,2,2,1,2,2,0,0,0
2008,25,5,1,250321,1,1,2,2,4,1,6,1,1,2,2,2,1,2,2,2,2,2,2,2,3,2,2,2,2,2,2,2,2,2,2,0,0,0
2008,25,17,1,250322,1,1,2,2,4,2,6,2,4,1,2,2,1,2,2,2,2,2,2,2,3,2,2,2,2,1,2,2,2,2,2,0,0,0
2008,25,21,1,250323,1,1,2,2,4,2,6,2,1,1,1,2,1,2,2,2,2,2,2,2,2,2,2,2,2,2,2,2,2,2,2,0,0,0
2008,25,17,1,250324,1,1,2,2,1,2,6,2,1,1,1,2,1,2,2,2,1,2,2,2,3,2,2,2,2,2,2,2,2,2,2,0,0,0
2008,25,11,1,250325,1,1,1,2,6,2,6,2,1,2,1,2,1,2,1,1,2,2,2,2,2,2,2,2,2,2,2,2,2,2,2,0,0,0
2008,25,23,1,250326,1,1,2,2,1,2,6,2,1,1,1,2,1,2,2,2,1,2,2,2,3,1,1,1,1,2,2,1,2,2,2,0,0,0
2008,25,15,1,250327,1,1,2,2,4,2,6,2,1,1,1,2,1,2,2,2,2,2,1,2,3,2,2,2,2,1,2,2,1,2,2,0,0,0
2008,25,27,1,250328,1,1,2,2,1,1,2,1,4,1,1,2,2,2,2,2,2,2,2,2,3,2,2,2,2,1,2,2,2,2,2,0,0,0
2008,25,23,1,250329,1,1,2,2,1,2,2,2,2,1,1,2,2,2,2,1,2,2,2,2,3,2,2,2,2,1,2,2,2,2,2,0,0,0
2008,25,9,1,250330,1,1,2,2,1,1,6,1,1,1,1,2,1,2,2,2,2,1,2,2,3,2,2,2,2,2,2,2,2,2,2,0,0,0
2008,25,5,1,250331,1,1,2,2,1,1,2,1,4,1,1,2,2,2,2,2,2,2,2,2,3,2,2,2,2,1,2,2,2,2,2,0,0,0
2008,25,21,1,250332,1,1,2,2,1,1,6,1,4,1,2,2,2,2,2,2,2,2,2,2,3,1,1,1,1,1,2,1,2,2,2,0,0,0
2008,25,27,1,250333,1,1,2,2,4,2,6,2,1,2,1,2,1,2,2,1,2,2,2,2,3,1,1,1,1,2,2,1,1,2,2,0,0,0
2008,25,5,1,250334,1,1,2,2,1,1,2,1,4,1,1,2,2,2,1,2,2,2,2,2,3,2,2,2,2,2,2,2,2,2,2,0,0,0
2008,25,17,1,250335,1,1,2,2,1,1,6,1,1,2,1,2,1,2,2,2,2,1,2,2,3,2,2,2,2,2,2,2,2,2,2,0,0,0
2008,25,27,1,250336,1,1,1,2,4,2,4,2,1,1,1,2,1,2,2,2,2,2,2,2,3,2,2,2,2,1,2,2,1,2,2,0,0,0
2008,25,17,1,250337,1,1,2,2,2,2,6,2,1,1,1,2,1,2,2,2,2,2,2,2,2,2,2,2,2,2,2,2,1,2,2,0,0,0
2008,25,9,1,250338,1,1,2,2,1,2,6,2,1,1,1,1,1,2,2,2,2,1,2,2,3,2,2,2,2,2,2,2,2,2,2,0,0,0
2008,25,9,1,250339,1,1,2,2,1,1,6,1,1,1,2,2,1,2,2,2,2,1,2,2,3,2,2,2,2,2,2,2,2,2,2,0,0,0
2008,25,27,1,250340,1,1,2,2,1,1,6,1,1,2,2,1,1,2,2,2,1,2,2,2,3,2,2,2,2,2,2,2,2,2,2,0,0,0
2008,25,15,1,250341,1,1,2,2,1,1,2,1,1,1,1,2,1,2,2,2,1,2,2,2,3,2,2,2,2,2,2,2,2,2,2,0,0,0
2008,25,13,1,250342,1,1,2,2,4,2,6,2,1,1,1,2,1,2,2,2,2,2,2,2,3,2,2,2,2,2,2,2,1,2,2,0,0,0
2008,25,13,1,250343,1,1,1,2,1,2,6,2,1,1,2,2,1,2,2,2,2,2,2,2,3,2,2,2,2,2,2,2,2,2,2,0,0,0
2008,25,11,1,250344,1,1,2,2,4,2,6,2,1,2,1,2,1,2,2,2,2,2,2,2,3,2,2,2,2,2,2,2,1,2,1,0,0,0
2008,25,17,1,250345,1,1,2,2,1,1,6,1,1,1,1,2,1,2,2,2,1,2,2,2,3,2,2,2,2,1,2,2,2,2,2,0,0,0
2008,25,13,1,250346,1,1,1,2,4,2,6,2,1,1,2,2,1,2,1,2,2,2,2,2,3,2,2,2,2,2,2,2,1,2,2,0,0,0
2008,25,13,1,250347,1,1,2,2,4,2,6,2,1,2,1,2,1,2,2,1,2,2,2,2,3,2,2,2,2,2,2,2,1,2,2,0,0,0
2008,25,27,1,250348,1,1,2,2,4,2,4,2,1,1,1,2,1,2,2,2,2,2,2,2,2,2,2,2,2,1,2,2,1,2,2,0,0,0
2008,25,21,1,250349,1,1,2,2,4,2,6,3,1,1,1,2,1,1,2,2,1,2,2,2,3,2,2,2,2,2,2,2,2,1,2,0,0,0
2008,26,163,1,260001,1,5,2,2,1,2,2,2,5,2,1,2,2,2,2,2,2,2,1,2,1,2,2,2,2,1,2,2,2,2,2,0,0,0
2008,26,103,1,260002,1,5,1,2,1,2,4,2,1,2,1,2,1,2,2,2,1,2,2,2,3,1,1,1,1,2,2,1,2,2,2,0,0,0
2008,26,143,1,260003,1,5,1,2,4,2,6,2,1,2,1,2,1,2,2,2,2,2,2,2,1,2,2,2,2,2,2,2,1,2,2,0,0,0
2008,26,121,1,260004,1,5,2,2,4,2,2,2,1,1,1,2,1,2,2,2,2,2,1,2,2,2,2,2,2,1,2,2,1,2,2,0,0,0
2008,26,77,1,260005,1,5,1,2,1,2,5,2,1,2,1,2,1,2,2,2,1,2,2,2,3,2,2,2,2,2,2,2,2,2,2,0,0,0
2008,26,77,2,260006,1,5,1,2,1,2,4,2,4,1,2,2,2,2,2,2,2,2,2,2,1,2,2,2,2,2,2,2,1,2,2,0,0,0
2008,26,155,1,260007,1,5,1,1,4,2,1,2,1,2,2,2,1,2,2,2,2,2,2,2,2,2,2,2,2,2,2,2,1,1,2,0,0,0
2008,26,99,1,260008,1,5,1,2,1,2,6,2,1,1,1,2,1,2,2,2,1,2,2,2,2,2,2,2,2,2,2,2,2,2,2,0,0,0
2008,26,55,1,260009,1,5,1,2,1,2,5,2,3,1,1,2,2,2,2,1,2,2,2,2,3,2,2,2,2,2,1,1,1,2,2,0,0,0
2008,26,67,1,260011,1,5,1,2,1,2,5,2,1,2,2,2,1,2,2,2,2,2,1,2,2,2,2,2,2,2,2,2,2,2,2,0,0,0
2008,26,159,1,260012,1,5,1,1,4,2,1,2,1,1,1,2,1,2,2,1,1,2,2,2,3,2,2,2,2,2,2,2,1,2,2,0,0,0
2008,26,91,1,260013,1,5,1,2,1,1,5,1,4,1,1,2,2,2,2,2,2,2,2,2,3,2,2,2,2,1,2,2,2,2,2,0,0,0
2008,26,31,1,260014,1,5,1,2,1,2,5,2,1,1,1,2,1,2,2,2,1,2,2,2,2,2,2,2,2,2,2,2,2,2,2,0,0,0
2008,26,163,1,260015,1,5,2,2,4,2,4,2,1,1,1,2,1,2,2,2,2,2,2,2,3,2,2,2,2,1,2,2,1,2,2,0,0,0
2008,26,163,1,260016,1,5,1,2,1,2,5,2,5,2,1,2,3,2,2,2,2,2,2,2,3,2,2,2,2,1,2,2,1,2,2,0,0,0
2008,26,87,2,260017,1,5,1,2,1,2,3,2,4,1,2,2,2,2,2,1,2,2,2,2,3,2,2,2,2,1,2,2,1,2,2,0,0,0
2008,26,163,1,260018,1,5,2,1,4,2,1,2,1,1,1,2,1,1,2,2,2,2,2,2,2,2,2,2,2,2,2,2,1,2,2,0,0,0
2008,26,25,1,260019,1,5,1,2,1,1,4,1,4,1,1,2,2,1,2,2,2,2,2,2,3,2,2,2,2,1,2,2,2,2,2,0,0,0
2008,26,21,1,260020,1,5,1,2,4,2,5,2,1,1,1,2,1,2,2,1,2,2,1,2,2,2,2,2,2,2,2,2,1,2,2,0,0,0
2008,26,115,1,260021,1,5,1,2,2,2,4,2,1,2,2,1,1,2,2,2,1,2,2,2,3,2,2,2,2,2,2,2,1,2,2,0,0,0
2008,26,115,1,260022,1,5,2,2,1,1,4,1,4,1,1,2,2,2,2,2,2,2,2,2,3,2,2,2,2,2,2,2,2,1,2,0,0,0
2008,26,165,1,260023,1,5,1,2,1,2,4,2,4,1,2,2,2,2,2,2,2,2,2,2,3,2,2,2,2,2,2,2,2,2,2,0,0,0
2008,26,5,1,260024,1,5,1,2,4,2,6,2,1,2,1,2,1,2,2,1,2,2,1,2,1,2,2,2,2,1,2,2,1,2,2,0,0,0
2008,26,163,1,260025,1,5,2,1,1,2,1,2,2,2,1,1,2,2,2,2,2,2,2,2,1,2,2,2,2,2,1,1,2,1,2,0,0,0
2008,26,55,1,260026,1,5,1,2,4,2,3,2,1,2,2,2,1,2,2,2,2,2,2,2,3,2,2,2,2,2,2,2,1,2,2,0,0,0
2008,26,81,1,260027,1,5,2,2,1,2,3,2,4,1,2,2,2,2,2,1,2,2,2,2,3,1,1,1,1,2,2,1,1,2,2,0,0,0
2008,26,119,1,260028,1,5,1,2,1,2,3,2,4,1,1,2,2,1,2,1,2,2,2,2,2,2,2,2,2,2,2,2,1,2,2,0,0,0
2008,26,125,1,260029,1,5,2,2,2,2,3,2,1,2,2,2,1,2,2,2,2,2,1,2,2,1,1,1,1,2,2,1,1,2,2,0,0,0
2008,26,25,2,260030,1,5,1,2,1,2,4,2,4,1,2,2,2,2,2,1,2,2,2,2,3,2,2,2,2,2,2,2,1,2,2,0,0,0
2008,26,21,1,260031,1,5,1,1,1,2,1,2,2,1,1,2,2,1,2,1,2,2,2,2,3,2,2,2,2,2,2,2,2,2,2,0,0,0
2008,26,147,1,260032,1,5,1,2,1,2,5,2,1,2,2,2,1,2,2,2,1,2,2,2,2,2,2,2,2,2,2,2,2,2,2,0,0,0
2008,26,21,1,260033,1,5,2,2,4,2,6,2,1,2,1,2,1,2,2,1,2,2,2,2,1,2,2,2,2,2,2,2,1,2,2,0,0,0
2008,26,81,1,260034,1,5,2,2,1,2,4,2,4,1,1,2,2,2,2,1,2,2,1,2,3,2,2,2,2,1,2,2,1,2,2,0,0,0
2008,26,41,1,260035,1,5,1,2,1,2,3,2,4,2,1,2,2,1,2,2,2,2,2,2,3,2,2,2,2,1,2,2,1,2,2,0,0,0
2008,26,81,1,260036,1,5,2,1,4,2,1,2,1,1,1,2,1,2,2,2,2,2,2,2,2,2,2,2,2,1,2,2,1,2,2,0,0,0
2008,26,81,1,260037,1,5,1,2,4,2,3,2,1,1,1,2,1,2,2,1,2,2,1,2,2,2,2,2,2,2,2,2,1,2,2,0,0,0
2008,26,77,1,260038,1,5,2,2,4,2,2,2,1,1,1,2,1,2,2,2,2,2,1,2,2,2,2,2,2,2,1,1,1,2,1,0,0,0
2008,26,119,1,260039,1,5,1,2,1,1,5,1,1,2,2,2,1,2,2,2,1,2,2,2,2,2,2,2,2,2,2,2,2,2,2,0,0,0
2008,26,81,1,260040,1,5,2,2,1,2,2,2,1,2,2,2,1,2,2,2,2,2,2,2,3,2,2,2,2,2,1,1,2,2,2,0,0,0
2008,26,135,1,260041,1,5,1,2,2,2,3,2,2,1,1,2,1,2,2,2,2,2,2,2,2,2,2,2,2,2,2,2,2,2,2,0,0,0
2008,26,21,1,260042,1,5,1,2,1,2,4,2,1,1,1,2,1,2,2,2,1,2,2,2,2,2,2,2,2,1,2,2,2,2,2,0,0,0
2008,26,139,1,260043,1,5,1,2,1,2,6,2,1,2,2,2,1,2,2,2,1,2,2,2,2,2,2,2,2,2,2,2,2,2,2,0,0,0
2008,26,81,1,260044,1,5,2,2,1,2,4,2,4,1,1,2,3,2,2,1,2,2,2,2,3,1,1,1,1,2,2,1,1,2,2,0,0,0
2008,26,149,1,260045,1,5,1,2,1,2,5,2,4,1,1,2,2,2,2,1,2,2,2,2,3,2,2,2,2,2,2,2,1,2,2,0,0,0
2008,26,161,1,260046,1,5,1,1,4,2,1,2,1,1,2,2,1,2,2,1,1,2,2,2,2,2,2,2,2,2,2,2,2,2,2,0,0,0
2008,26,99,1,260047,1,5,2,2,4,2,3,2,1,2,1,2,1,2,2,1,2,2,2,2,1,2,2,2,2,2,1,1,1,2,2,0,0,0
2008,26,91,1,260048,1,5,1,2,1,1,5,1,4,1,1,2,2,2,2,2,2,2,1,2,3,1,1,1,1,1,2,1,2,2,2,0,0,0
2008,26,149,1,260049,1,5,1,2,2,2,5,2,1,2,1,2,1,2,2,2,2,2,2,2,2,2,2,2,2,2,2,2,1,2,2,0,0,0
2008,26,33,1,260050,1,5,1,2,4,2,4,2,1,2,1,2,1,2,2,2,2,2,1,2,1,2,2,2,2,2,2,2,1,2,2,0,0,0
2008,26,95,1,260051,1,5,1,2,4,2,3,2,1,2,1,2,1,2,2,1,2,2,1,2,2,1,1,1,1,2,2,1,1,2,2,0,0,0
2008,26,159,1,260052,1,5,1,1,1,2,1,2,4,2,1,2,2,1,2,1,2,2,2,2,2,2,2,2,2,2,1,1,2,2,2,0,0,0
2008,26,155,1,260053,1,5,1,1,1,2,1,2,4,1,2,2,2,2,2,1,2,2,2,2,3,2,2,2,2,2,2,2,1,2,2,0,0,0
2008,26,123,1,260054,1,5,1,2,1,2,5,2,4,1,1,2,2,2,2,1,2,2,2,2,3,1,1,1,1,2,2,1,1,1,2,0,0,0
2008,26,155,1,260055,1,5,1,2,1,2,5,2,3,2,1,2,2,2,2,2,2,2,2,2,2,1,1,1,1,2,2,1,2,1,2,0,0,0
2008,26,161,1,260056,1,5,1,2,1,2,3,2,5,1,1,2,2,2,2,1,2,2,2,2,3,1,1,1,1,2,1,1,2,2,2,0,0,0
2008,26,91,1,260057,1,5,1,2,1,2,3,2,5,1,1,2,2,1,2,2,2,2,2,2,3,2,2,2,2,2,2,2,2,2,2,0,0,0
2008,26,115,1,260058,1,5,1,2,4,2,5,2,1,2,2,2,1,2,2,2,2,2,2,2,2,2,2,2,2,2,2,2,2,2,2,0,0,0
2008,26,113,1,260059,1,5,1,2,1,2,4,2,5,1,1,2,2,1,2,2,2,2,2,2,2,2,2,2,2,2,1,1,1,2,1,0,0,0
2008,26,29,1,260060,1,5,1,2,1,1,4,1,4,2,1,2,2,2,2,2,2,2,2,2,2,1,1,1,1,2,2,1,2,2,2,0,0,0
2008,26,31,1,260061,1,5,1,2,4,2,6,2,1,2,2,2,1,2,2,1,2,2,2,2,2,2,2,2,2,2,2,2,1,2,2,0,0,0
2008,26,161,1,260062,1,5,1,2,1,1,5,1,4,1,1,2,2,1,2,2,2,2,2,2,3,2,2,2,2,1,2,2,2,2,2,0,0,0
2008,26,77,1,260063,1,5,2,2,1,2,3,3,4,1,1,2,3,2,2,2,2,2,2,2,3,2,2,2,2,1,2,2,2,2,2,0,0,0
2008,26,49,2,260064,1,5,2,2,2,2,2,2,6,2,2,2,1,2,2,1,2,2,2,2,2,2,2,2,2,2,2,2,1,2,2,0,0,0
2008,26,135,1,260065,1,5,1,3,4,2,7,2,1,2,2,2,1,2,2,2,2,2,2,2,1,2,2,2,2,2,2,2,1,2,2,0,0,0
2008,26,93,1,260066,1,5,1,2,1,2,5,2,2,1,1,2,2,2,2,2,2,2,2,2,3,2,2,2,2,2,2,2,2,2,2,0,0,0
2008,26,73,1,260067,1,5,1,2,1,2,5,2,4,2,1,2,2,2,2,2,2,2,2,2,3,2,2,2,2,2,2,2,2,2,2,1,0,1
2008,26,125,1,260068,1,5,2,2,1,2,3,2,3,2,1,2,2,2,2,2,2,2,1,2,2,2,2,2,2,2,1,1,1,2,2,0,0,0
2008,26,89,1,260069,1,5,1,2,4,2,4,2,1,1,2,2,1,2,2,2,2,2,1,2,1,2,2,2,2,2,2,2,1,2,2,0,0,0
2008,26,91,1,260070,1,5,1,2,1,2,4,2,4,1,1,2,2,2,2,1,2,2,2,2,3,2,2,2,2,2,2,2,1,2,2,0,0,0
2008,26,163,1,260071,1,5,1,2,1,2,5,2,4,1,1,2,2,2,2,2,2,2,2,2,3,2,2,2,2,2,2,2,1,2,2,0,0,0
2008,26,43,1,260072,1,5,1,2,2,2,3,2,3,1,2,2,2,2,2,2,2,2,2,2,1,2,2,2,2,2,2,2,1,2,2,0,0,0
2008,26,67,1,260073,1,5,1,2,1,2,6,2,5,1,2,2,2,2,2,2,2,2,2,2,1,2,2,2,2,2,2,2,2,2,2,0,0,0
2008,26,143,1,260074,1,5,1,2,1,2,4,3,4,1,1,2,2,2,2,2,2,2,2,2,3,2,2,2,2,1,2,2,2,2,2,0,0,0
2008,26,139,1,260075,1,5,1,2,1,1,4,1,4,1,1,2,2,2,2,2,2,2,2,2,2,2,2,2,2,1,2,2,2,2,2,0,0,0
2008,26,45,1,260076,1,5,1,2,4,2,5,2,1,1,1,2,1,2,2,1,2,2,2,2,2,2,2,2,2,2,2,2,1,2,2,0,0,0
2008,26,149,1,260077,1,5,1,2,4,2,4,2,1,1,2,1,1,2,2,2,1,2,2,2,1,2,2,1,1,2,2,1,1,2,2,0,0,0
2008,26,59,1,260078,1,5,1,2,1,1,5,1,4,2,2,2,2,2,2,2,2,2,2,2,3,2,2,2,2,2,2,2,2,2,2,0,0,0
2008,26,23,1,260079,1,5,1,2,1,2,6,2,4,2,1,2,2,2,2,2,2,2,2,2,1,1,1,1,1,2,2,1,2,1,2,0,0,0
2008,26,91,1,260080,1,5,1,2,4,2,6,2,1,1,1,2,1,2,2,1,2,2,1,2,3,2,2,2,2,2,2,2,1,2,2,0,0,0
2008,26,15,1,260081,1,5,1,2,4,2,4,2,1,1,2,2,2,2,2,2,2,2,2,2,3,2,2,2,2,1,2,2,1,2,2,0,0,0
2008,26,117,1,260082,1,5,1,2,1,2,4,2,4,1,1,2,2,1,2,1,2,2,2,2,1,2,2,2,2,2,2,2,1,2,2,0,0,0
2008,26,81,1,260083,1,5,2,2,1,1,5,1,4,1,1,2,2,2,2,2,2,2,2,2,3,2,2,2,2,1,2,2,2,2,2,0,0,0
2008,26,139,1,260084,1,5,1,2,1,1,5,1,4,1,1,2,3,2,2,2,2,2,2,2,3,2,2,2,2,2,1,1,2,2,2,0,0,0
2008,26,99,1,260085,1,5,2,2,1,1,3,1,4,1,1,2,2,2,2,2,2,2,2,2,3,2,2,2,2,1,2,2,2,2,2,0,0,0
2008,26,85,1,260086,1,5,1,2,4,2,5,2,1,2,2,2,3,2,2,1,2,2,1,2,1,2,2,2,2,2,2,2,1,2,2,0,0,0
2008,26,87,1,260087,1,5,1,2,1,2,5,2,4,1,1,2,2,2,2,1,2,2,2,2,3,2,2,2,2,1,2,2,1,2,2,0,0,0
2008,26,125,1,260088,1,5,2,1,4,2,1,2,1,2,1,2,1,2,2,2,2,2,1,2,3,2,2,2,2,2,1,1,1,2,2,0,0,0
2008,26,107,1,260089,1,5,1,2,4,2,3,2,1,1,1,2,1,2,2,1,2,2,1,2,3,2,2,2,2,1,2,2,1,2,2,0,0,0
2008,26,33,1,260090,1,5,1,2,1,2,4,3,4,1,1,2,2,2,2,2,2,2,2,2,3,2,2,2,2,2,2,2,2,2,2,0,0,0
2008,26,143,1,260091,1,5,1,2,1,2,5,2,1,2,1,1,1,2,2,2,1,2,2,2,1,2,2,2,2,2,2,2,2,2,2,0,0,0
2008,26,65,1,260092,1,5,2,2,1,1,3,1,4,1,1,2,2,2,2,2,2,2,2,2,3,2,2,2,2,2,2,2,2,2,2,0,0,0
2008,26,49,1,260093,1,5,1,2,4,2,4,2,1,1,2,2,1,2,2,1,2,2,1,2,1,2,2,2,2,2,2,2,1,2,2,0,0,0
2008,26,103,1,260094,1,5,1,2,1,2,3,2,4,1,1,2,2,2,2,1,2,2,2,2,2,2,2,2,2,2,1,1,1,2,2,0,0,0
2008,26,159,1,260095,1,5,1,2,4,2,5,2,1,1,1,2,1,2,2,2,2,2,2,2,2,2,2,2,2,2,2,2,1,2,2,0,0,0
2008,26,101,2,260096,1,5,1,2,1,1,5,1,4,1,1,2,2,2,2,2,2,2,2,2,2,1,1,1,1,2,2,1,2,2,2,0,0,0
2008,26,93,1,260097,1,5,1,1,4,2,1,2,1,1,1,2,1,2,2,1,2,2,1,2,2,2,2,2,2,2,2,2,1,2,2,0,0,0
2008,26,161,1,260098,1,5,1,2,4,2,6,2,1,1,1,2,1,2,2,1,2,2,2,2,1,2,2,2,2,2,2,2,1,2,2,0,0,0
2008,26,25,1,260099,1,5,1,2,4,2,6,2,1,1,2,2,1,2,2,2,2,2,2,2,1,2,2,2,2,2,1,1,1,2,2,0,0,0
2008,26,147,1,260100,1,5,1,2,4,2,6,2,1,2,2,2,1,2,2,2,2,2,2,2,3,2,2,2,2,2,2,2,1,2,2,0,0,0
2008,26,125,1,260101,1,5,1,2,4,2,4,2,1,2,2,2,1,2,2,2,2,2,2,2,3,2,2,2,2,2,2,2,1,2,2,0,0,0
2008,26,155,1,260102,1,5,1,2,4,2,5,2,1,2,2,2,1,2,2,2,2,2,2,2,3,2,2,2,2,2,2,2,1,2,2,0,0,0
2008,26,93,1,260103,1,5,1,2,1,2,4,2,4,1,1,2,3,2,2,2,2,2,2,2,3,2,2,2,2,2,2,2,1,2,2,0,0,0
2008,26,149,1,260104,1,5,1,2,1,2,3,2,5,1,1,2,2,1,2,2,2,2,2,2,2,2,2,2,2,2,2,2,1,2,2,0,0,0
2008,26,125,1,260105,1,5,2,2,1,1,3,1,4,2,2,2,3,2,2,2,2,2,1,2,1,1,1,1,1,2,2,1,2,2,2,0,0,0
2008,26,145,2,260106,1,5,2,2,4,2,4,2,1,2,2,2,1,2,2,1,2,2,2,2,3,1,1,1,1,2,2,1,1,2,2,0,0,0
2008,26,27,1,260107,1,5,1,2,1,1,4,1,4,1,1,2,2,2,2,2,2,2,2,2,2,2,2,2,2,2,2,2,2,2,2,0,0,0
2008,26,163,1,260108,1,5,2,1,3,2,1,2,1,1,1,2,1,2,2,2,2,2,2,2,2,2,2,2,2,2,2,2,1,2,2,0,0,0
2008,26,145,2,260109,1,5,1,2,1,1,5,1,4,1,1,2,3,2,2,2,2,2,2,2,3,2,2,2,2,2,2,2,2,2,2,0,0,0
2008,26,99,1,260110,1,5,1,2,4,2,3,2,1,2,1,2,1,2,2,1,2,2,1,2,2,2,2,2,2,2,2,2,1,2,2,0,0,0
2008,26,163,1,260111,1,5,2,2,1,2,5,2,3,2,1,2,2,2,2,2,2,2,2,2,1,2,2,2,2,2,2,2,1,2,2,0,0,0
2008,26,163,1,260112,1,5,2,2,1,1,3,1,1,1,1,2,1,2,2,2,1,2,2,2,3,2,2,2,2,2,2,2,2,2,2,0,0,0
2008,26,163,1,260113,1,5,2,2,1,1,3,1,3,1,1,2,2,1,2,2,2,2,2,2,3,2,2,2,2,2,2,2,2,2,2,0,0,0
2008,26,37,1,260114,1,5,1,2,1,1,5,1,4,1,1,2,2,2,2,2,2,2,1,2,2,2,2,2,2,1,2,2,2,2,2,0,0,0
2008,26,37,1,260115,1,5,1,2,4,2,6,2,1,2,1,2,1,2,2,1,2,2,2,2,1,2,2,2,2,2,1,1,1,2,2,0,0,0
2008,26,163,1,260116,1,5,2,2,4,2,3,2,1,1,1,2,1,2,2,1,2,2,1,2,3,2,2,2,2,2,2,2,1,2,2,0,0,0
2008,26,161,1,260117,1,5,2,2,1,2,2,2,4,2,1,2,3,2,2,2,2,2,2,2,3,2,2,2,2,2,2,2,1,2,2,0,0,0
2008,26,161,1,260118,1,5,2,1,1,2,1,2,1,2,2,2,2,1,2,2,1,2,2,2,1,2,2,2,2,2,2,2,2,2,2,0,0,0
2008,26,31,1,260119,1,5,1,2,1,1,4,1,4,1,1,2,2,2,2,2,2,2,2,2,3,2,2,2,2,1,1,1,2,2,2,0,0,0
2008,26,91,1,260120,1,5,1,2,4,2,5,2,1,1,1,2,1,2,2,1,2,2,2,2,3,2,2,2,2,2,2,2,1,2,2,0,0,0
2008,26,91,1,260121,1,5,1,2,1,2,5,2,4,2,2,2,2,2,2,2,2,2,2,2,3,2,2,2,2,2,2,2,1,2,2,0,0,0
2008,26,21,1,260122,1,5,1,1,3,2,1,2,1,1,1,2,1,2,2,2,2,2,1,2,2,2,2,2,2,1,2,2,1,2,2,0,0,0
2008,26,99,1,260123,1,5,2,2,1,1,5,1,2,1,1,1,3,2,2,2,2,2,2,2,3,2,2,2,2,2,2,2,2,2,2,0,0,0
2008,26,129,1,260124,1,5,1,2,4,2,6,2,1,2,1,2,1,2,2,2,2,2,2,2,2,2,2,2,2,1,2,2,1,2,2,0,0,0
2008,26,157,1,260125,1,5,1,2,4,2,6,2,1,1,1,2,1,2,2,2,2,2,2,2,3,2,2,2,2,2,1,1,1,2,2,0,0,0
2008,26,21,1,260126,1,5,1,2,1,2,5,2,5,1,1,2,2,2,2,1,2,2,2,2,3,1,1,1,1,2,2,1,1,2,2,0,0,0
2008,26,21,1,260127,1,5,1,2,4,2,6,2,1,1,2,2,1,2,2,1,2,2,1,2,1,2,2,2,2,2,2,2,1,2,2,0,0,0
2008,26,125,1,260128,1,5,2,2,4,2,3,2,1,2,1,2,1,2,2,2,2,2,1,2,3,1,1,1,1,2,2,1,1,2,2,0,0,0
2008,26,49,1,260129,1,5,1,2,1,1,4,1,3,1,1,2,3,2,2,2,2,2,2,2,3,2,2,2,2,1,1,1,2,2,2,0,0,0
2008,26,109,1,260130,1,5,1,2,1,2,4,2,3,1,1,2,2,1,2,2,2,2,1,2,1,2,2,2,2,2,2,2,1,2,2,0,0,0
2008,26,77,1,260131,1,5,1,2,4,2,5,2,1,2,2,2,1,2,2,2,2,2,2,2,1,2,2,2,2,2,2,2,1,2,2,0,0,0
2008,26,17,1,260132,1,5,1,2,1,1,4,1,4,1,1,2,2,2,2,2,2,2,1,2,3,2,2,2,2,2,2,2,2,2,2,0,0,0
2008,26,163,1,260133,1,5,2,2,1,2,3,2,1,1,1,2,1,2,2,2,1,2,2,2,2,2,2,2,2,2,2,2,2,2,2,0,0,0
2008,26,77,1,260134,1,5,1,2,4,2,4,2,1,2,1,2,1,2,2,1,2,2,2,2,1,2,2,2,2,2,1,1,1,2,2,0,0,0
2008,26,49,1,260135,1,5,2,2,4,2,4,2,1,2,1,2,1,2,2,1,2,2,2,2,1,2,2,2,2,2,2,2,1,2,2,0,0,0
2008,26,77,1,260136,1,5,2,2,1,2,4,3,4,2,2,2,2,2,2,2,2,2,2,2,3,1,1,1,1,2,2,1,2,2,2,0,0,0
2008,26,145,1,260137,1,5,2,2,1,1,3,1,4,1,1,1,2,2,2,1,2,2,2,2,1,2,2,2,2,2,1,1,2,2,2,0,0,0
2008,26,159,1,260138,1,5,1,1,2,2,1,2,2,1,1,2,1,1,2,2,2,2,2,2,2,2,2,2,2,2,2,2,1,2,2,0,0,0
2008,26,163,1,260139,1,5,2,2,1,1,3,1,1,2,1,1,2,2,2,2,1,2,2,2,3,2,2,2,2,2,2,2,2,2,2,0,0,0
2008,26,49,2,260140,1,5,2,2,1,2,3,2,3,1,1,2,3,2,2,2,2,2,2,2,3,1,1,1,1,2,2,1,1,2,2,0,0,0
2008,26,125,1,260141,1,5,1,2,4,2,6,2,1,2,2,2,1,2,2,1,2,2,1,2,1,2,2,2,2,2,2,2,1,2,2,0,0,0
2008,26,59,1,260142,1,5,1,2,4,2,6,2,1,2,2,2,1,2,2,2,2,2,2,2,2,2,2,2,2,2,2,2,1,2,2,0,0,0
2008,26,49,1,260143,1,5,2,2,1,2,4,2,3,2,2,2,2,2,2,2,2,2,2,2,1,1,1,1,1,2,2,1,1,2,2,0,0,0
2008,26,163,1,260144,1,5,2,2,1,2,4,2,5,1,1,2,3,1,2,2,2,2,2,2,3,2,2,2,2,1,2,2,1,2,2,0,0,0
2008,26,77,1,260145,1,5,2,2,1,2,4,3,4,1,1,2,2,2,2,2,2,2,2,2,1,2,2,2,2,1,2,2,2,2,2,0,0,0
2008,26,163,1,260146,1,5,2,2,1,2,4,2,3,1,2,2,3,2,2,2,2,2,2,2,3,2,2,2,2,1,2,2,1,2,2,0,0,0
2008,26,81,1,260147,1,5,2,2,1,2,3,2,6,2,2,2,2,2,2,1,2,2,2,2,2,1,1,1,1,2,2,1,2,2,2,0,0,0
2008,26,147,1,260148,1,5,2,2,4,2,5,2,1,2,2,2,1,2,2,2,2,2,2,2,1,2,2,2,2,2,1,1,1,1,2,0,0,0
2008,26,9,2,260149,1,5,1,2,1,2,3,2,5,1,1,2,2,1,2,2,2,2,2,2,2,2,2,2,2,2,2,2,1,2,2,0,0,0
2008,26,115,1,260150,1,5,1,2,4,2,4,2,1,2,1,2,1,2,1,2,2,2,2,2,1,2,2,2,2,2,2,2,1,1,2,0,0,0
2008,26,145,1,260151,1,5,2,2,1,2,4,3,4,1,1,2,2,2,2,2,2,2,2,2,3,2,2,2,2,1,2,2,2,2,2,0,0,0
2008,26,163,1,260152,1,5,2,2,1,2,3,2,3,1,1,2,2,2,2,2,2,2,2,2,2,2,2,2,2,1,2,2,1,2,2,0,0,0
2008,26,17,1,260153,1,5,2,2,1,2,3,2,3,2,2,2,2,2,2,2,2,2,2,2,3,2,2,2,2,2,2,2,2,2,2,0,0,0
2008,26,139,1,260154,1,5,1,2,4,2,5,2,1,2,1,2,1,2,1,1,2,2,2,2,1,2,2,2,2,2,2,2,1,2,2,0,0,0
2008,26,125,1,260155,1,5,2,2,1,1,3,1,4,1,1,2,2,2,2,2,2,2,2,2,2,2,2,2,2,2,2,2,2,2,2,0,0,0
2008,26,65,1,260156,1,5,1,2,1,2,4,2,3,1,1,2,2,1,2,2,2,2,2,2,3,2,2,2,2,2,2,2,1,2,2,0,0,0
2008,26,123,1,260157,1,5,1,2,1,1,5,1,4,1,1,2,2,2,2,2,2,2,1,2,3,2,2,2,2,2,2,2,2,2,2,0,0,0
2008,26,81,1,260158,1,5,2,2,1,1,3,1,4,2,1,2,2,1,2,2,2,2,2,2,3,2,2,2,2,2,2,2,2,2,2,0,0,0
2008,26,107,1,260159,1,5,1,2,1,2,5,2,4,1,1,2,3,2,2,2,2,2,1,2,3,2,2,2,2,2,2,2,2,2,2,0,0,0
2008,26,161,1,260160,1,5,2,2,1,1,3,1,4,2,2,2,2,2,1,2,2,2,2,2,1,2,2,2,2,2,2,2,2,2,2,0,0,0
2008,26,157,1,260161,1,5,1,2,1,2,5,2,1,2,1,2,1,2,2,2,1,2,2,2,2,2,2,2,2,2,2,2,2,2,2,0,0,0
2008,26,77,1,260162,1,5,1,2,1,1,4,1,4,1,2,2,2,2,1,2,2,2,2,2,3,2,2,2,2,1,2,2,2,2,2,0,0,0
2008,26,77,1,260163,1,5,2,1,1,2,1,2,2,1,1,2,3,1,2,2,2,2,2,2,3,2,2,2,2,1,2,2,2,1,2,0,0,0
2008,26,33,1,260164,1,5,1,2,2,2,5,2,5,1,1,2,1,2,2,2,2,2,1,2,2,2,2,2,2,1,2,2,2,2,2,0,0,0
2008,26,163,1,260165,1,5,2,2,1,1,3,1,4,1,1,2,2,2,1,2,2,2,2,2,3,1,1,1,1,2,2,1,2,2,2,0,0,0
2008,26,99,1,260166,1,5,2,2,1,1,4,1,1,2,1,2,1,2,2,2,1,2,2,2,2,2,2,2,2,2,2,2,2,2,2,0,0,0
2008,26,45,1,260167,1,5,2,2,1,2,4,2,1,2,1,2,1,2,2,2,1,2,2,2,2,2,2,2,2,2,2,2,2,2,2,0,0,0
2008,26,121,1,260168,1,5,1,2,4,2,5,2,1,1,1,2,1,2,2,2,2,2,2,2,3,2,2,2,2,1,2,2,1,2,2,0,0,0
2008,26,115,1,260169,1,5,1,1,1,2,1,2,2,2,1,2,2,1,2,2,2,2,2,2,2,2,2,1,1,2,2,1,2,2,2,0,0,0
2008,26,15,1,260170,1,5,1,2,4,2,4,2,1,2,1,2,1,2,2,2,2,2,1,2,2,2,2,2,2,1,2,2,1,2,2,0,0,0
2008,26,81,2,260171,1,5,2,2,1,2,5,2,4,1,2,2,2,2,2,2,2,2,2,2,2,1,1,1,1,2,1,1,2,2,2,0,0,0
2008,26,81,1,260172,1,5,1,2,4,2,5,2,1,1,2,2,1,2,2,2,2,2,2,2,2,2,2,2,2,1,2,2,1,2,2,0,0,0
2008,26,131,1,260173,1,5,1,2,4,2,6,2,1,2,1,2,1,2,2,1,2,2,2,2,1,2,2,2,2,2,2,2,1,2,2,0,0,0
2008,26,165,1,260174,1,5,1,2,4,2,6,2,1,2,1,2,1,2,2,1,2,2,2,2,1,2,2,2,2,2,2,2,1,2,2,0,0,0
2008,26,149,1,260175,1,5,1,2,2,2,4,2,1,1,1,2,1,2,2,2,2,1,2,2,2,1,1,1,1,2,2,1,2,1,2,0,0,0
2008,26,155,1,260176,1,5,1,2,4,2,4,2,1,2,2,2,1,2,2,1,2,2,1,2,1,2,2,2,2,2,2,2,1,2,2,0,0,0
2008,26,137,1,260177,1,5,1,2,1,2,3,2,1,2,2,2,1,2,2,2,1,2,2,2,2,2,2,2,2,2,2,2,2,2,2,0,0,0
2008,26,49,1,260178,1,5,2,2,1,2,3,2,1,2,2,1,1,2,2,2,1,2,2,2,3,2,2,2,2,2,2,2,2,2,2,0,0,0
2008,26,7,1,260179,1,5,1,2,1,2,3,3,4,1,1,2,2,2,1,2,2,2,2,2,3,2,2,2,2,2,1,1,2,2,2,0,0,0
2008,26,49,1,260180,1,5,2,2,1,1,4,1,2,2,2,2,2,2,1,2,2,2,2,2,1,2,2,2,2,2,2,2,2,2,2,0,0,0
2008,26,49,1,260181,1,5,2,2,4,2,6,2,1,1,2,2,1,2,2,2,2,2,2,2,3,2,2,2,2,1,2,2,1,2,2,0,0,0
2008,26,145,1,260183,1,5,1,2,4,2,6,2,1,2,2,2,1,2,2,1,2,2,2,2,1,2,2,2,2,2,2,2,1,2,2,0,0,0
2008,26,161,1,260185,1,5,1,2,1,1,5,1,4,1,2,2,2,2,2,2,2,2,2,2,3,2,2,1,1,1,2,1,2,2,2,0,0,0
2008,26,41,1,260186,1,5,1,2,4,2,5,2,1,1,1,2,1,2,2,2,2,2,1,2,1,2,2,2,2,2,2,2,1,2,2,0,0,0
2008,26,77,2,260187,1,5,1,2,1,1,5,1,4,1,1,2,2,2,2,2,2,2,2,2,2,2,2,2,2,2,1,1,2,2,2,0,0,0
2008,26,115,1,260188,1,5,1,2,1,2,3,2,3,1,1,2,2,2,2,2,2,2,2,2,3,1,1,1,1,2,2,1,1,2,2,0,0,0
2008,26,163,1,260189,1,5,1,2,4,2,6,2,1,2,2,2,1,2,2,1,2,2,1,2,1,2,2,2,2,2,2,2,1,2,2,0,0,0
2008,26,163,1,260190,1,5,2,2,1,1,3,1,4,1,1,2,2,2,1,2,2,2,2,2,3,2,2,2,2,1,2,2,2,2,2,0,0,0
2008,26,125,1,260191,1,5,2,2,1,1,4,1,4,1,1,2,2,2,2,2,2,2,2,2,2,2,2,2,2,1,2,2,2,2,2,0,0,0
2008,26,23,1,260192,1,5,1,2,4,2,5,2,1,1,1,2,1,2,2,2,2,2,2,2,2,2,2,2,2,2,2,2,1,2,2,0,0,0
2008,26,81,1,260193,1,5,1,2,4,2,3,2,1,1,1,2,1,2,2,2,2,2,1,2,2,2,2,2,2,1,2,2,1,2,2,0,0,0
2008,26,163,1,260194,1,5,2,2,1,1,3,1,1,1,1,2,1,2,2,2,1,2,2,2,3,2,2,2,2,2,2,2,2,2,2,0,0,0
2008,26,163,1,260195,1,5,2,2,4,2,6,2,1,2,1,1,1,2,2,2,1,2,2,2,3,2,2,2,2,2,2,2,2,2,2,0,0,0
2008,26,163,1,260196,1,5,2,2,1,1,3,1,1,2,2,2,1,2,2,2,1,2,2,2,3,2,2,2,2,2,2,2,2,2,2,0,0,0
2008,26,163,1,260197,1,5,2,2,4,2,3,2,1,1,1,2,1,2,2,1,2,2,2,2,2,2,2,2,2,2,2,2,1,2,2,0,0,0
2008,26,163,1,260198,1,5,2,2,1,2,3,3,1,2,1,2,1,2,2,2,1,2,2,2,3,1,1,1,1,2,2,1,2,2,2,0,0,0
2008,26,163,1,260199,1,5,2,2,4,2,3,2,1,1,2,2,1,2,2,2,2,2,2,2,3,2,2,2,2,1,2,2,1,2,2,0,0,0
2008,26,163,1,260200,1,5,2,2,1,1,4,1,4,2,2,1,2,2,2,1,2,2,2,2,1,2,2,2,2,2,2,2,2,2,2,0,0,0
2008,26,125,1,260201,1,5,1,1,4,2,1,2,1,1,1,2,1,2,2,2,2,2,2,2,2,2,2,2,2,1,2,2,1,2,2,0,0,0
2008,26,77,1,260202,1,5,1,1,1,2,1,2,2,1,1,2,2,1,2,2,2,2,2,2,3,2,2,2,2,1,2,2,2,2,2,0,0,0
2008,26,45,1,260203,1,5,1,2,1,2,6,2,3,1,1,2,2,2,2,1,2,2,2,2,2,2,2,2,2,2,2,2,1,2,2,0,0,0
2008,26,65,1,260204,1,5,2,2,1,2,3,2,1,2,2,2,2,2,2,2,1,2,2,2,3,1,1,1,1,2,2,1,2,2,2,0,0,0
2008,26,45,1,260205,1,5,1,2,4,2,4,2,1,2,1,2,1,2,2,2,2,2,1,2,1,2,2,1,1,2,2,1,1,2,2,0,0,0
2008,26,93,1,260206,1,5,1,2,4,2,6,2,1,1,2,2,1,2,2,2,2,2,2,2,1,2,2,2,2,2,2,2,1,1,2,0,0,0
2008,26,93,1,260207,1,5,1,2,1,2,4,2,1,1,1,2,1,2,1,2,2,2,2,2,3,2,2,2,2,2,2,2,2,2,2,0,0,0
2008,26,21,1,260208,1,5,1,2,1,2,3,2,1,2,2,2,1,2,2,2,1,2,2,2,2,2,2,2,2,2,1,1,2,2,2,0,0,0
2008,26,149,1,260209,1,5,1,2,1,2,3,2,4,1,1,2,2,2,2,2,2,2,2,2,2,2,2,2,2,2,1,1,1,2,2,0,0,0
2008,26,125,1,260210,1,5,2,2,3,2,2,2,1,2,2,2,1,2,2,2,2,2,2,2,2,2,2,2,2,1,2,2,1,2,2,0,0,0
2008,26,57,1,260211,1,5,2,2,1,1,3,1,4,1,1,2,2,2,1,2,2,2,2,2,2,2,2,2,2,2,2,2,2,2,2,0,0,0
2008,26,115,1,260212,1,5,1,2,4,2,4,2,1,2,1,2,1,2,2,2,2,2,1,2,1,2,2,2,2,2,1,1,1,2,2,0,0,0
2008,26,65,1,260213,1,5,2,2,2,2,4,2,1,1,1,2,1,2,1,1,2,2,2,2,1,2,2,2,2,2,2,2,1,2,2,0,0,0
2008,26,115,1,260214,1,5,1,2,4,2,6,2,1,1,2,2,1,2,2,2,2,2,1,2,1,2,2,2,2,2,2,2,1,2,2,0,0,0
2008,26,25,1,260215,1,5,1,1,4,2,1,2,1,2,2,2,1,2,2,2,2,2,1,2,2,2,2,2,2,2,1,1,1,1,1,0,0,0
2008,26,115,1,260216,1,5,2,2,1,2,2,2,3,2,2,2,3,2,2,2,2,2,2,2,3,1,1,1,1,2,2,1,1,2,2,0,0,0
2008,26,47,2,260217,1,5,1,2,1,1,3,1,4,1,1,2,2,2,2,2,2,2,2,2,2,2,2,2,2,1,2,2,2,2,2,0,0,0
2008,26,121,1,260218,1,5,1,2,1,2,4,2,3,1,1,2,2,2,2,2,2,2,2,2,3,2,2,2,2,2,2,2,1,2,2,0,0,0
2008,26,93,1,260219,1,5,1,2,1,2,5,2,1,1,1,2,1,2,2,2,2,2,1,2,1,2,2,2,2,2,2,2,1,1,2,0,0,0
2008,26,117,1,260220,1,5,1,2,4,2,5,2,1,2,2,2,1,2,2,2,2,2,2,2,1,2,2,2,2,2,2,2,1,2,1,0,0,0
2008,26,151,1,260221,1,5,1,2,1,2,3,2,3,2,1,2,2,2,2,2,2,2,1,2,1,2,2,2,2,2,2,2,1,2,2,0,0,0
2008,26,149,1,260222,1,5,2,2,4,2,4,2,1,1,1,2,1,2,2,1,2,2,2,2,2,2,2,2,2,2,2,2,1,2,2,0,0,0
2008,26,37,1,260223,1,5,1,2,4,2,3,3,1,2,2,2,1,2,2,1,2,2,1,2,1,2,2,2,2,2,2,2,2,2,2,0,0,0
2008,26,79,1,260224,1,5,1,2,4,2,5,2,1,1,1,2,1,2,2,1,2,2,2,2,2,1,1,1,1,2,2,1,1,2,2,0,0,0
2008,26,139,1,260225,1,5,2,2,1,2,3,2,1,2,2,2,1,2,2,2,1,2,2,2,2,1,1,1,1,2,2,1,2,2,2,0,0,0
2008,26,125,1,260226,1,5,2,2,1,1,3,1,1,2,2,2,2,2,2,2,2,1,2,2,2,2,2,2,2,2,1,1,2,2,2,0,0,0
2008,26,125,1,260227,1,5,2,2,1,2,3,2,1,1,2,2,1,2,2,2,1,2,2,2,3,2,2,2,2,2,2,2,2,2,2,0,0,0
2008,26,61,2,260228,1,5,1,2,4,1,4,1,1,2,1,2,1,2,2,2,2,2,2,2,1,2,2,2,2,2,2,2,2,2,2,0,0,0
2008,26,81,1,260229,1,5,2,2,3,2,3,2,1,1,1,2,1,2,2,2,2,2,1,2,2,2,2,2,2,2,2,2,1,2,2,0,0,0
2008,26,163,1,260230,1,5,2,1,1,2,1,2,3,1,1,2,3,2,2,2,2,2,1,2,3,2,2,2,2,1,2,2,1,2,1,0,0,0
2008,26,41,1,260231,1,5,1,2,1,1,3,1,4,1,2,2,2,2,1,2,2,2,2,2,3,2,2,2,2,1,2,2,2,2,2,0,0,0
2008,26,163,1,260232,1,5,2,1,3,2,1,2,1,1,2,2,1,2,1,1,2,2,2,2,3,2,2,2,2,2,2,2,1,2,2,0,0,0
2008,26,61,1,260233,1,5,1,2,4,2,3,2,1,1,1,2,1,2,2,2,2,2,2,2,3,2,2,2,2,1,2,2,1,2,2,0,0,0
2008,26,81,1,260234,1,5,2,2,1,2,3,2,3,2,2,2,2,2,2,2,2,2,2,2,1,1,1,1,1,2,2,1,1,2,2,0,0,0
2008,26,27,1,260235,1,5,1,2,4,2,4,2,1,1,1,2,1,2,1,2,2,2,2,2,3,2,2,2,2,2,2,2,1,2,2,0,0,0
2008,26,81,1,260236,1,5,2,2,4,2,4,2,1,1,1,2,1,2,2,2,2,2,2,2,2,2,2,2,2,1,2,2,1,2,2,0,0,0
2008,26,5,1,260237,1,5,1,2,1,2,4,2,4,1,1,2,2,2,2,1,2,2,2,2,3,2,2,2,2,2,1,1,1,2,2,0,0,0
2008,26,123,1,260238,1,5,1,2,1,2,5,2,4,1,2,2,2,2,1,1,2,2,2,2,3,1,1,1,1,1,2,1,2,2,2,0,0,0
2008,26,5,1,260239,1,5,1,2,2,2,3,2,1,3,3,2,1,2,1,1,2,2,2,2,3,2,2,2,2,2,2,2,1,2,2,0,0,0
2008,26,99,1,260240,1,5,2,2,1,2,3,2,1,2,1,2,1,2,2,2,1,2,2,2,2,2,2,2,2,2,2,2,2,2,2,0,0,0
2008,26,99,2,260241,1,5,1,2,4,2,6,2,1,2,1,2,1,2,2,2,2,2,2,2,1,2,2,1,1,2,2,1,1,2,2,0,0,0
2008,26,147,1,260242,1,5,2,2,1,2,4,2,2,1,1,2,2,1,2,2,2,2,2,2,2,2,2,2,2,1,2,2,2,2,2,0,0,0
2008,26,163,1,260243,1,5,2,1,3,2,1,2,1,2,2,2,1,2,1,1,2,2,2,2,2,2,2,2,2,2,1,1,1,2,2,0,0,0
2008,26,75,1,260244,1,5,1,2,4,2,5,2,1,2,1,2,1,2,2,2,2,2,1,2,1,2,2,2,2,2,2,2,1,2,2,0,0,0
2008,26,99,1,260245,1,5,1,2,4,2,3,2,1,2,2,2,1,2,2,1,2,2,1,2,1,2,2,2,2,2,2,2,1,2,2,0,0,0
2008,26,67,1,260246,1,5,2,2,1,1,4,1,4,1,1,2,2,2,2,2,2,2,2,2,3,2,2,2,2,1,2,2,2,2,2,0,0,0
2008,26,107,1,260247,1,5,1,2,1,1,5,1,4,1,1,2,2,2,1,2,2,2,2,2,2,2,2,2,2,2,2,2,2,2,2,0,0,0
2008,26,163,2,260248,1,5,1,2,1,2,3,2,5,2,2,2,3,2,1,2,2,2,2,2,1,2,2,2,2,2,2,2,2,2,2,0,0,0
2008,26,163,1,260249,1,5,2,2,1,2,4,2,4,2,2,2,2,2,2,2,2,2,2,2,1,1,1,1,1,2,2,1,2,2,2,0,0,0
2008,26,147,1,260250,1,5,1,2,1,1,4,1,4,2,1,2,2,2,2,2,2,2,2,2,3,2,2,2,2,2,2,2,2,2,2,0,0,0
2008,26,163,1,260251,1,5,1,1,1,2,1,2,5,1,1,2,2,2,2,2,2,2,2,2,3,2,2,2,2,2,2,2,2,2,2,0,0,0
2008,26,57,1,260252,1,5,1,2,4,2,3,3,1,1,1,2,1,2,2,1,2,2,1,2,2,2,2,2,2,2,2,2,2,2,2,0,0,0
2008,26,75,1,260253,1,5,2,2,2,2,3,2,1,1,2,2,1,2,2,2,2,2,2,2,3,2,2,2,2,1,2,2,1,2,2,0,0,0
2008,26,123,1,260254,1,5,1,2,1,2,4,2,1,2,1,2,1,2,2,2,2,1,2,2,2,2,2,2,2,2,2,2,2,2,2,0,0,0
2008,26,81,1,260255,1,5,2,2,1,2,5,2,4,1,2,2,2,2,2,1,2,2,2,2,3,1,1,1,1,2,1,1,1,2,2,0,0,0
2008,26,21,1,260256,1,5,1,2,2,2,6,2,1,2,2,2,1,2,2,2,2,2,1,2,1,2,2,2,2,2,2,2,1,2,2,0,0,0
2008,26,75,1,260258,1,5,1,2,1,2,6,3,4,2,2,2,2,2,1,1,2,2,2,2,1,2,2,1,1,2,2,1,2,2,2,0,0,0
2008,26,145,1,260259,1,5,2,1,4,2,1,2,1,1,2,2,1,2,2,2,2,2,1,2,2,2,2,2,2,2,2,2,1,2,2,0,0,0
2008,26,81,1,260260,1,5,1,2,4,2,3,2,1,2,2,2,1,2,2,2,2,2,1,2,2,2,2,2,2,2,2,2,1,2,2,0,0,0
2008,26,77,1,260261,1,5,2,2,1,2,4,2,3,2,2,2,2,2,2,2,2,2,2,2,1,2,2,2,2,2,2,2,2,2,2,0,0,0
2008,26,99,1,260262,1,5,2,2,1,1,3,1,1,2,1,2,1,2,2,2,2,1,2,2,2,2,2,2,2,2,2,2,2,2,2,0,0,0
2008,26,65,1,260263,1,5,2,2,1,1,3,1,4,1,2,2,2,2,2,2,2,2,2,2,2,2,2,2,2,1,2,2,2,1,2,0,0,0
2008,26,75,1,260264,1,5,1,2,1,1,6,1,4,1,1,2,2,2,1,2,2,2,2,2,3,2,2,2,2,2,2,2,2,2,2,0,0,0
2008,26,163,1,260265,1,5,2,2,1,1,3,1,1,2,1,2,1,2,2,2,1,2,2,2,3,2,2,2,2,2,2,2,2,2,2,0,0,0
2008,26,163,1,260266,1,5,2,2,1,2,4,2,2,1,1,1,2,2,2,2,2,2,2,2,3,2,2,2,2,2,2,2,2,2,2,0,0,0
2008,26,163,1,260268,1,5,2,2,4,2,5,2,1,2,1,2,1,2,2,1,2,2,2,2,1,2,2,2,2,2,2,2,1,2,2,0,0,0
2008,26,163,1,260269,1,5,2,2,1,1,3,1,4,1,2,2,2,2,2,2,2,2,2,2,2,2,2,2,2,2,2,2,2,2,2,0,0,0
2008,26,161,1,260270,1,5,2,2,1,2,5,2,1,1,1,2,2,2,1,2,2,2,2,2,3,2,2,2,2,2,2,2,1,2,2,0,0,0
2008,26,77,1,260271,1,5,2,1,1,2,1,2,1,1,2,2,1,2,1,2,2,2,2,2,2,2,2,2,2,2,2,2,2,2,2,0,0,0
2008,26,103,1,260272,1,5,1,2,4,2,6,2,1,2,2,2,1,2,2,2,2,2,2,2,1,2,2,2,2,2,2,2,1,2,2,0,0,0
2008,26,127,1,260273,1,5,1,2,1,1,4,1,4,1,1,2,2,2,2,2,2,2,2,2,2,2,2,2,2,1,2,2,2,2,2,0,0,0
2008,26,163,1,260274,1,5,2,2,4,2,6,2,1,2,1,2,1,2,2,2,2,2,1,2,1,1,1,1,1,2,2,1,1,2,2,0,0,0
2008,26,163,1,260276,1,5,2,1,1,2,1,2,1,2,1,2,1,2,1,1,2,2,2,2,1,2,2,2,2,2,2,2,2,2,2,0,0,0
2008,26,19,1,260277,1,5,1,2,1,2,3,2,4,1,1,2,2,1,2,2,2,2,2,2,3,2,2,2,2,1,2,2,2,2,2,0,0,0
2008,26,163,1,260278,1,5,2,2,1,1,4,1,1,2,1,2,1,2,2,2,1,2,2,2,3,2,2,2,2,2,2,2,2,2,2,0,0,0
2008,26,57,1,260279,1,5,1,2,1,2,3,2,2,1,1,2,2,1,2,2,2,2,2,2,3,2,2,2,2,2,2,2,2,2,2,0,0,0
2008,26,125,1,260280,1,5,2,1,2,2,1,2,6,2,2,2,1,2,2,1,2,2,2,2,2,2,2,2,2,2,2,2,1,2,2,0,0,0
2008,26,147,1,260281,1,5,1,2,1,2,5,2,1,2,1,2,1,2,2,2,2,2,1,2,1,2,2,2,2,2,2,2,2,2,2,0,0,0
2008,26,25,2,260282,1,5,1,1,2,2,1,2,1,2,1,2,1,1,2,2,1,2,2,2,3,2,2,2,2,2,2,2,2,2,2,0,0,0
2008,26,63,1,260283,1,5,1,2,4,2,6,2,1,1,2,2,1,2,2,1,2,2,1,2,1,2,2,2,2,2,2,2,1,2,2,0,0,0
2008,26,81,1,260284,1,5,2,2,1,1,4,1,4,1,1,2,2,1,2,2,2,2,2,2,2,2,2,2,2,1,2,2,2,2,2,0,0,0
2008,26,111,1,260285,1,5,1,2,4,2,6,2,1,2,2,2,1,2,2,2,2,2,1,2,1,1,1,1,1,2,2,1,1,2,2,0,0,0
2008,26,77,1,260286,1,5,1,2,4,2,4,2,1,2,1,2,1,2,2,2,2,2,1,2,1,2,2,2,2,2,2,2,1,2,2,0,0,0
2008,26,77,1,260287,1,5,2,2,1,2,3,2,3,1,1,2,2,1,2,2,2,2,2,2,3,2,2,2,2,2,2,2,1,2,2,0,0,0
2008,26,145,1,260288,1,5,1,2,1,1,4,1,4,1,1,2,2,1,2,2,2,2,2,2,2,1,1,1,1,2,2,1,2,2,2,0,0,0
2008,26,117,1,260289,1,5,1,2,1,2,3,3,4,2,1,2,2,2,1,2,2,2,2,2,2,1,1,1,1,2,2,1,2,2,2,0,0,0
2008,26,27,1,260290,1,5,1,2,4,2,4,2,1,2,2,2,1,2,2,2,2,2,2,2,1,2,2,2,2,2,2,2,1,2,2,0,0,0
2008,26,163,1,260291,1,5,2,2,4,2,3,2,1,1,1,2,1,2,2,2,2,2,2,2,2,2,2,2,2,1,2,2,1,2,2,0,0,0
2008,26,163,1,260292,1,5,2,2,1,1,4,1,4,1,1,2,2,2,2,2,2,2,2,2,3,2,2,2,2,2,1,1,2,2,2,0,0,0
2008,26,163,1,260293,1,5,2,2,1,1,3,1,4,2,2,1,2,2,2,1,2,2,2,2,3,2,2,2,2,2,2,2,2,1,2,0,0,0
2008,26,31,1,260294,1,5,1,1,1,2,1,2,1,1,1,2,1,2,2,2,2,2,1,2,2,2,2,2,2,1,2,2,1,2,1,0,0,0
2008,26,163,1,260295,1,5,2,2,4,2,3,2,1,2,2,2,1,2,2,2,2,2,1,1,1,2,2,2,2,2,2,2,1,1,2,0,0,0
2008,26,163,1,260296,1,5,2,2,1,2,3,2,1,2,1,1,1,2,2,2,1,2,2,2,3,2,2,2,2,2,2,2,2,2,2,0,0,0
2008,26,163,1,260297,1,5,2,2,1,1,6,1,1,2,2,1,1,2,2,2,1,2,2,2,3,2,2,2,2,2,2,2,2,1,2,0,0,0
2008,26,163,1,260298,1,5,2,2,4,2,3,2,1,2,2,2,1,2,2,1,2,2,2,2,1,1,2,1,2,2,2,2,1,1,2,0,0,0
2008,26,163,1,260299,1,5,2,2,1,1,4,1,4,2,1,2,2,2,2,1,2,2,1,2,3,2,2,2,2,2,1,1,2,2,2,0,0,0
2008,26,77,1,260300,1,5,2,2,1,1,5,1,3,1,2,2,2,2,2,2,2,2,2,2,3,2,2,2,2,1,1,1,2,2,2,0,0,0
2008,26,139,1,260301,1,5,1,2,1,1,5,1,4,1,1,2,2,2,2,2,2,2,2,2,3,2,2,2,2,1,2,2,2,2,2,0,0,0
2008,26,111,1,260302,1,5,2,2,1,1,3,1,4,1,1,2,2,2,2,2,2,2,1,2,3,2,2,2,2,2,1,1,2,2,2,0,0,0
2008,26,139,1,260304,1,5,2,2,1,1,4,1,4,2,2,2,2,2,2,2,2,2,2,2,1,1,1,1,1,2,2,1,2,2,2,0,0,0
2008,26,121,1,260305,1,5,1,2,1,2,5,2,1,2,2,2,2,2,1,2,2,2,2,2,2,2,2,2,2,2,2,2,2,2,2,0,0,0
2008,26,125,1,260306,1,5,2,1,1,2,1,3,1,2,1,2,1,2,1,1,2,2,2,2,3,2,2,2,2,2,2,2,2,2,2,0,0,0
2008,26,53,1,260307,1,5,1,2,1,2,3,2,4,1,1,2,2,2,1,2,2,2,2,2,3,1,1,1,1,1,2,1,2,2,2,0,1,1
2008,26,163,1,260308,1,5,2,2,4,2,6,2,1,2,1,2,1,2,1,2,2,2,2,2,2,2,2,2,2,2,2,2,1,2,2,0,0,0
2008,26,157,1,260309,1,5,1,2,1,2,4,2,4,1,2,2,3,2,1,2,2,2,2,2,3,1,1,1,1,2,2,1,2,1,2,0,0,0
2008,26,93,1,260310,1,5,2,2,1,2,3,2,3,1,1,2,2,2,2,2,2,2,2,2,3,2,2,2,2,1,2,2,2,2,2,0,0,0
2008,26,147,1,260311,1,5,2,2,1,2,4,2,1,2,2,2,1,2,2,2,1,2,2,2,3,2,2,2,2,2,2,2,2,2,2,0,0,0
2008,26,157,1,260312,1,5,1,2,1,1,5,1,4,1,2,2,2,2,2,2,2,2,2,2,3,2,2,2,2,2,1,1,2,2,2,0,0,0
2008,26,27,1,260313,1,5,1,2,1,1,4,1,4,1,1,2,2,1,2,2,2,2,2,2,2,2,2,2,2,1,2,2,2,2,2,0,0,0
2008,26,91,1,260314,1,5,1,2,4,2,3,2,1,2,1,2,1,2,1,1,2,2,2,2,3,2,2,2,2,2,2,2,1,2,2,0,0,0
2008,26,21,1,260315,1,5,1,2,4,2,4,2,1,2,1,2,1,2,2,2,2,2,2,2,3,2,2,2,2,2,2,2,1,2,2,0,0,0
2008,26,33,1,260316,1,5,1,2,4,2,6,2,1,1,2,2,1,2,2,2,2,2,2,2,1,1,1,1,1,2,2,1,1,1,2,0,0,0
2008,26,99,1,260317,1,5,2,2,1,2,4,2,3,1,1,2,3,2,2,2,2,2,2,2,3,2,2,2,2,1,2,2,1,2,2,0,0,0
2008,26,49,1,260318,1,5,2,2,1,2,4,3,4,1,2,2,2,2,1,1,2,2,2,2,2,2,2,2,2,1,1,1,2,2,2,0,0,0
2008,26,163,1,260319,1,5,2,1,1,2,1,2,1,2,1,1,1,2,2,2,1,2,2,2,3,2,2,2,2,2,2,2,2,2,2,0,0,0
2008,26,99,1,260320,1,5,2,2,1,2,3,2,1,2,2,2,1,2,2,2,1,2,2,2,3,1,1,1,1,2,2,1,2,2,2,0,0,0
2008,26,163,1,260321,1,5,2,2,4,2,6,2,1,2,2,2,1,2,2,2,2,2,2,2,1,1,1,1,1,2,2,1,1,2,2,0,0,0
2008,26,49,1,260322,1,5,2,2,4,2,3,2,1,2,1,2,1,2,1,1,2,2,2,2,1,2,2,2,2,2,1,1,1,2,2,0,0,0
2008,26,5,2,260323,1,5,1,2,1,2,5,2,1,2,2,2,1,2,2,2,2,2,1,2,3,2,2,2,2,2,2,2,2,2,2,0,0,0
2008,26,121,1,260324,1,5,2,2,1,1,5,1,4,2,1,2,2,2,1,2,2,2,2,2,3,2,2,2,2,1,2,2,2,2,2,0,0,0
2008,26,125,1,260325,1,5,2,2,1,2,3,2,1,2,2,2,1,2,2,2,1,2,2,2,2,2,2,2,2,2,2,2,2,2,2,0,0,0
2008,26,77,1,260326,1,5,2,2,1,1,4,1,4,2,1,2,2,2,2,2,2,2,2,2,3,1,1,1,1,1,2,1,2,2,2,0,0,0
2008,26,125,1,260327,1,5,2,2,4,2,4,2,1,2,1,2,1,2,2,2,2,2,2,2,1,2,2,2,2,1,2,2,1,2,2,0,0,0
2008,26,81,1,260328,1,5,1,2,4,2,6,2,1,2,2,2,1,2,2,2,2,2,2,2,1,2,2,2,2,2,2,2,1,2,2,0,0,0
2008,26,81,2,260329,1,5,2,2,1,1,4,1,4,1,1,2,2,2,2,2,2,2,2,2,3,2,2,2,2,1,1,1,2,2,2,0,0,0
2008,26,161,1,260330,1,5,1,2,1,2,4,2,3,1,1,2,2,2,2,2,2,2,2,2,3,2,2,2,2,2,2,2,1,2,2,0,0,0
2008,26,75,3,260331,1,5,1,2,4,2,5,2,1,2,2,2,1,2,2,2,2,2,2,2,1,1,1,1,1,2,2,1,1,1,2,0,0,0
2008,26,147,1,260332,1,5,1,2,4,2,6,2,1,2,2,2,1,2,2,1,2,2,1,2,3,2,2,2,2,2,1,1,1,1,2,0,0,0
2008,26,17,1,260333,1,5,2,2,1,2,5,2,1,2,2,2,1,2,2,2,2,1,2,2,3,2,2,2,2,2,2,2,2,2,2,0,0,0
2008,26,25,1,260334,1,5,1,2,1,1,5,1,4,2,1,1,2,2,2,2,2,2,2,2,1,2,2,2,2,1,2,2,2,2,2,0,0,0
2008,26,85,1,260335,1,5,1,2,4,2,6,2,1,2,2,2,1,2,2,2,2,2,1,2,3,2,2,2,2,2,2,2,1,2,2,0,0,0
2008,26,81,1,260336,1,5,2,2,1,2,4,2,1,2,2,2,1,2,2,2,1,2,2,2,2,2,2,2,2,2,2,2,2,2,2,0,0,0
2008,26,125,1,260337,1,5,2,2,1,2,5,3,1,1,1,2,1,2,2,2,1,2,2,2,2,2,2,2,2,2,2,2,2,2,2,0,0,0
2008,26,81,1,260338,1,5,2,2,1,1,6,1,1,2,1,2,1,2,2,2,1,2,2,2,1,2,2,2,2,2,2,2,2,2,2,0,0,0
2008,26,125,1,260339,1,5,1,1,4,2,1,2,1,1,2,2,1,2,2,2,2,2,1,2,3,2,2,2,2,2,2,2,2,2,2,0,0,0
2008,26,163,1,260340,1,5,2,2,1,1,3,1,1,1,2,1,1,2,2,2,1,2,2,2,3,2,2,2,2,2,1,1,2,2,2,0,0,0
2008,26,57,1,260341,1,5,1,2,1,2,5,2,1,2,1,2,3,2,1,2,2,2,2,2,1,1,1,1,1,2,2,1,2,2,2,0,0,0
2008,26,25,1,260342,1,5,1,2,1,1,4,1,4,2,1,2,2,2,1,2,2,2,2,2,3,2,2,2,2,2,2,2,2,2,2,0,0,0
2008,26,121,1,260343,1,5,2,2,4,2,4,2,1,2,2,2,1,2,1,1,2,2,2,2,1,2,2,2,2,2,2,2,1,2,2,0,0,0
2008,26,125,1,260344,1,5,1,1,4,2,1,2,1,2,1,2,1,2,2,2,2,2,1,2,1,2,2,2,2,2,2,2,1,1,2,0,0,0
2008,26,115,2,260345,1,5,1,2,4,2,6,2,1,1,2,2,1,2,2,1,2,2,2,2,3,2,2,2,2,2,2,2,1,2,2,0,0,0
2008,26,125,1,260346,1,5,2,2,2,2,6,2,2,1,1,2,1,1,2,2,1,2,2,2,1,1,1,1,1,2,2,1,2,2,2,0,0,0
2008,26,147,1,260347,1,5,1,1,4,2,1,2,1,2,1,2,1,2,2,2,2,2,2,2,2,2,2,2,2,2,2,2,1,2,2,0,0,0
2008,26,125,1,260348,1,5,2,2,4,2,5,2,1,2,2,2,1,2,2,2,2,2,2,2,3,1,1,1,1,2,2,1,1,2,2,0,0,0
2008,26,161,1,260349,1,5,2,2,1,2,3,3,4,1,1,2,2,2,2,2,2,2,1,2,3,2,2,2,2,1,2,2,2,2,2,0,0,0
2008,26,119,1,260350,1,5,1,2,1,1,5,1,4,2,1,2,2,1,2,2,2,2,1,2,2,2,2,2,2,1,2,2,2,2,2,0,0,0
2008,26,139,1,260351,1,5,2,2,1,2,2,2,2,1,2,2,2,2,2,2,2,2,1,2,3,2,2,2,2,1,2,2,2,2,2,0,0,0
2008,26,81,1,260352,1,5,2,1,4,2,1,2,1,2,1,2,1,2,2,2,2,2,1,2,1,2,2,2,2,2,2,2,1,2,2,0,0,0
2008,26,145,1,260353,1,5,1,2,4,2,5,2,1,2,1,2,1,2,2,1,2,2,2,2,1,2,2,2,2,2,2,2,1,2,2,0,0,0
2008,26,149,1,260354,1,5,2,2,1,1,3,1,4,2,2,2,2,1,2,2,2,2,2,2,1,2,2,2,2,1,2,2,2,2,2,0,0,0
2008,26,17,1,260355,1,5,1,2,1,1,5,1,4,1,1,2,2,1,2,2,2,2,1,2,1,2,2,2,2,2,2,2,2,2,2,0,0,0
2008,26,139,1,260356,1,5,2,2,1,1,3,1,4,2,1,2,2,2,2,2,2,2,2,2,3,2,2,2,2,1,2,2,2,2,2,0,0,0
2008,26,125,1,260357,1,5,2,1,1,2,1,2,5,2,2,2,2,2,2,2,2,2,1,2,3,2,2,2,2,2,1,1,2,2,2,0,0,0
2008,26,163,1,260358,1,5,2,2,1,2,3,2,1,2,1,2,1,2,1,2,2,2,2,2,3,2,2,2,2,2,2,2,2,2,2,0,0,0
2008,26,163,1,260359,1,5,2,2,4,2,6,2,1,2,2,2,1,2,2,1,2,2,1,2,2,1,1,1,1,2,2,1,1,2,2,0,0,0
2008,26,49,1,260360,1,5,2,2,1,2,5,3,4,2,2,2,2,2,1,1,2,2,2,2,3,1,1,1,1,2,1,1,2,2,2,0,0,0
2008,26,125,1,260361,1,5,2,1,3,2,1,2,1,1,1,2,1,2,2,2,1,2,2,2,2,2,2,2,2,1,2,2,1,2,2,0,0,0
2008,26,81,1,260362,1,5,2,2,4,2,2,2,1,1,2,2,1,2,2,2,2,2,2,2,3,2,2,2,2,1,2,2,1,2,2,0,0,0
2008,26,21,1,260363,1,5,1,2,1,1,5,1,4,2,1,2,2,2,2,2,2,2,2,2,3,2,2,2,2,1,2,2,2,2,2,0,0,0
2008,26,163,1,260364,1,5,2,2,1,1,3,1,4,1,2,2,3,2,2,1,2,2,2,2,3,2,2,2,2,1,2,2,2,2,2,0,0,0
2008,26,99,1,260365,1,5,2,2,1,2,3,2,4,2,2,2,2,2,2,2,2,2,2,2,1,2,2,2,2,2,2,2,1,2,2,0,0,0
2008,26,81,1,260366,1,5,1,2,4,2,4,2,1,2,1,2,1,2,2,1,2,2,1,2,2,2,2,1,1,2,2,1,1,2,2,0,0,0
2008,26,103,1,260367,1,5,1,2,4,2,4,2,1,2,2,2,1,2,1,2,2,2,2,2,1,2,2,2,2,1,2,2,1,2,2,0,0,0
2008,26,121,1,260368,1,5,2,2,1,2,2,2,4,1,1,2,2,2,1,2,2,2,2,2,3,2,2,2,2,2,2,2,2,2,2,0,0,0
2008,26,43,1,260370,1,5,1,2,4,2,5,2,1,2,2,2,1,2,2,2,2,2,1,2,1,2,2,2,2,2,1,1,1,2,2,0,0,0
2008,26,91,1,260371,1,5,1,2,2,2,5,2,1,1,2,2,1,2,2,1,2,2,1,2,2,2,2,2,2,1,2,2,1,2,2,0,0,0
2008,26,25,1,260372,1,5,2,1,3,2,1,2,1,1,1,2,1,2,2,2,2,2,1,2,2,2,2,2,2,1,2,2,1,1,2,0,0,0
2008,26,77,1,260373,1,5,1,2,1,2,5,3,1,1,1,2,1,2,2,2,2,2,2,2,2,2,2,2,2,1,2,2,2,2,2,0,0,0
2008,26,65,1,260374,1,5,1,2,1,2,6,2,3,1,1,2,2,2,2,2,2,2,1,2,2,2,2,2,2,2,2,2,2,2,2,0,0,0
2008,26,65,1,260375,1,5,1,2,4,1,5,1,1,2,2,2,1,2,2,1,2,2,2,2,1,1,1,1,1,2,2,1,2,2,2,0,0,0
2008,26,25,1,260376,1,5,2,2,1,1,6,1,4,1,1,2,2,2,2,2,2,2,2,2,3,1,1,1,1,1,2,1,2,2,2,0,0,0
2008,26,21,2,260377,1,5,1,2,1,1,5,1,4,2,1,2,2,2,1,2,2,2,2,2,2,2,2,2,2,2,2,2,2,2,2,0,0,0
2008,26,163,1,260378,1,5,2,2,1,2,3,2,3,1,2,2,2,2,2,2,2,2,2,2,3,2,2,2,2,1,2,2,1,2,2,0,0,0
2008,26,81,1,260379,1,5,2,2,1,2,3,2,1,1,2,2,1,2,2,2,2,1,2,2,3,2,2,2,2,2,2,2,2,2,2,0,0,0
2008,26,81,1,260380,1,5,2,2,4,2,2,3,1,2,2,2,1,2,2,1,2,2,2,2,1,2,2,2,2,2,2,2,1,2,2,0,0,0
2008,26,87,1,260381,1,5,1,2,4,2,6,2,1,1,2,2,1,2,2,1,2,2,1,2,1,2,2,2,2,2,2,2,1,2,2,0,0,0
2008,26,139,1,260382,1,5,1,2,1,2,3,3,4,1,1,2,2,1,1,2,2,2,2,2,2,2,2,2,2,2,2,2,2,2,2,0,0,0
2008,26,99,1,260383,1,5,2,2,1,2,3,2,1,1,1,2,1,1,2,2,1,2,2,2,2,2,2,2,2,2,2,2,2,2,2,0,0,0
2008,26,39,1,260384,1,5,1,2,4,2,6,2,1,2,1,2,1,2,2,2,2,2,1,2,1,2,2,2,2,2,2,2,1,2,2,0,0,0
2008,26,163,1,260385,1,5,2,2,1,2,4,3,3,1,1,2,2,2,2,2,2,2,2,2,3,2,2,2,2,1,2,2,2,2,2,0,0,0
2008,26,155,1,260386,1,5,1,2,4,2,5,2,1,1,2,2,1,2,1,2,2,2,2,2,3,2,2,2,2,2,2,2,1,2,2,0,0,0
2008,26,161,1,260387,1,5,1,2,4,2,6,2,1,1,1,2,1,2,2,2,2,2,1,2,2,1,1,1,1,2,2,1,1,2,2,0,0,0
2008,26,81,1,260388,1,5,2,2,1,1,3,1,1,1,1,2,1,2,2,2,2,1,2,2,3,2,2,2,2,2,2,2,2,2,2,0,0,0
2008,26,145,1,260389,1,5,2,2,1,2,3,2,2,1,1,2,3,2,2,2,2,2,1,2,2,2,2,2,2,1,2,2,2,2,2,0,0,0
2008,26,125,1,260390,1,5,2,2,4,2,5,2,1,1,2,2,1,2,2,2,2,2,1,2,1,1,1,1,1,2,2,1,1,2,2,0,0,0
2008,26,75,1,260391,1,5,1,2,1,2,5,2,3,1,1,2,3,2,2,2,2,2,1,2,3,2,2,2,2,1,2,2,1,1,2,0,0,0
2008,26,35,1,260392,1,5,1,2,1,2,4,2,3,1,1,2,2,2,2,2,2,2,2,2,3,2,2,2,2,1,2,2,1,2,2,0,0,0
2008,26,125,1,260393,1,5,1,2,4,2,5,2,1,1,1,2,2,2,2,2,2,2,2,2,3,1,1,1,1,2,2,1,1,2,2,0,0,0
2008,26,125,1,260394,1,5,2,2,4,2,6,2,1,2,1,2,1,2,1,2,2,2,2,2,3,1,1,1,1,2,2,1,1,1,2,0,0,0
2008,26,99,1,260395,1,5,2,2,1,2,3,2,2,1,1,2,2,2,2,2,2,2,2,2,3,2,2,2,2,1,2,2,2,2,2,0,0,0
2008,26,121,1,260396,1,5,1,2,1,2,4,2,3,1,1,2,2,2,2,2,2,2,2,2,3,1,1,1,1,2,2,1,1,2,1,0,0,0
2008,26,113,1,260397,1,5,1,2,1,1,4,1,3,1,2,2,2,2,1,2,2,2,2,2,3,2,2,2,2,1,2,2,2,2,2,0,0,0
2008,26,135,1,260398,1,5,1,2,1,1,5,1,4,1,2,2,2,2,2,2,2,2,2,2,3,2,2,2,2,1,1,1,2,2,2,0,0,0
2008,26,147,1,260399,1,5,1,2,4,2,5,2,1,1,1,2,1,2,2,1,2,2,1,2,3,2,2,2,2,2,2,2,1,2,2,0,0,0
2008,26,127,1,260400,1,5,1,2,1,2,6,2,2,2,1,2,2,2,2,2,2,2,2,2,2,2,2,2,2,2,1,1,2,2,2,0,0,0
2008,26,149,1,260401,1,5,1,2,1,2,5,2,1,1,1,2,1,2,1,2,2,2,2,2,3,2,2,2,2,2,2,2,2,2,2,0,0,0
2008,26,49,1,260402,1,5,2,2,1,2,5,2,2,2,1,2,2,2,2,2,2,2,1,2,1,2,2,1,1,2,1,1,2,2,2,0,0,0
2008,26,49,1,260403,1,5,2,1,4,2,1,2,1,2,2,2,1,2,2,1,2,2,1,2,1,1,1,1,1,2,2,1,1,2,2,0,0,0
2008,26,45,1,260404,1,5,1,2,4,2,6,2,1,2,2,2,1,2,2,1,2,2,2,2,3,1,1,1,1,2,2,1,1,2,2,0,0,0
2008,26,139,1,260405,1,5,1,1,1,2,1,2,2,1,1,2,2,1,2,2,2,2,2,2,2,2,2,2,2,2,2,2,2,2,2,0,0,0
2008,26,155,1,260406,1,5,1,1,3,2,1,2,1,1,1,2,1,2,2,1,2,2,1,2,1,2,2,2,2,2,2,2,1,2,2,0,0,0
2008,26,49,1,260407,1,5,2,2,1,2,3,2,1,2,1,2,1,2,2,2,2,1,2,2,1,2,2,2,2,2,2,2,2,2,2,0,0,0
2008,26,81,1,260408,1,5,2,2,1,2,3,2,2,2,1,2,2,1,2,2,2,2,2,2,1,2,2,2,2,2,1,1,2,2,2,0,0,0
2008,26,81,1,260409,1,5,2,2,1,1,3,1,4,2,1,2,2,2,1,2,2,2,2,2,2,1,1,1,1,2,2,1,2,2,2,0,0,0
2008,26,161,1,260410,1,5,2,2,1,2,3,3,4,1,1,2,2,2,2,2,2,2,2,2,3,2,2,2,2,1,2,2,2,2,2,0,0,0
2008,26,45,1,260411,1,5,2,2,1,2,4,2,3,2,2,2,2,2,2,2,2,2,2,2,2,2,2,2,2,2,2,2,1,2,1,0,0,0
2008,26,49,1,260412,1,5,1,1,1,2,1,2,1,2,1,2,1,2,2,1,2,2,1,2,3,2,2,2,2,2,2,2,2,2,2,0,0,0
2008,26,99,1,260413,1,5,2,2,1,2,3,2,1,1,1,2,1,2,2,2,2,2,2,2,2,2,2,2,2,2,2,2,2,2,2,0,0,0
2008,26,65,1,260414,1,5,2,2,1,2,4,2,1,1,1,2,1,1,2,2,1,2,2,2,3,2,2,2,2,2,2,2,2,2,2,0,0,0
2008,26,81,1,260415,1,5,2,2,1,2,2,2,1,1,2,2,1,2,2,1,2,2,1,2,2,2,2,2,2,2,2,2,2,2,2,0,0,0
2008,26,139,1,260416,1,5,2,2,1,2,5,2,1,1,2,2,1,2,2,2,2,2,2,2,3,2,2,2,2,2,2,2,2,2,2,0,0,0
2008,26,109,1,260417,1,5,1,2,4,2,6,2,1,2,2,2,1,2,2,2,2,2,1,2,3,2,2,2,2,2,2,2,1,2,2,0,0,0
2008,26,161,1,260418,1,5,2,2,1,2,3,3,4,1,1,2,2,2,2,2,2,2,2,2,3,2,2,2,2,1,2,2,2,2,2,0,0,0
2008,26,75,1,260419,1,5,2,2,1,2,4,2,3,2,1,2,2,2,1,2,2,2,2,2,1,2,2,2,2,1,2,2,1,2,2,0,0,0
2008,26,25,1,260420,1,5,2,2,1,1,3,1,2,2,2,2,2,2,1,2,2,2,2,2,1,2,2,2,2,2,2,2,2,2,2,0,0,0
2008,26,163,1,260421,1,5,2,1,1,2,1,2,2,1,1,2,2,1,2,2,2,2,2,2,3,2,2,2,2,2,2,2,2,2,2,0,0,0
2008,26,159,1,260422,1,5,1,2,1,1,6,1,4,2,1,2,2,2,1,2,2,2,2,2,1,2,2,2,2,2,1,1,2,2,2,0,0,0
2008,26,163,1,260423,1,5,2,1,1,2,1,2,5,1,2,2,3,2,1,2,2,2,2,2,1,2,2,2,2,2,2,2,2,2,2,0,0,0
2008,26,139,1,260424,1,5,1,2,1,1,4,1,4,2,1,2,2,2,1,2,2,2,2,2,3,2,2,2,2,2,2,2,2,2,2,0,0,0
2008,26,139,1,260425,1,5,1,2,1,2,5,2,1,1,2,2,1,2,2,2,2,1,2,2,2,1,1,1,1,2,2,1,2,2,2,0,0,0
2008,26,77,1,260426,1,5,2,2,1,2,3,2,1,2,2,1,1,2,2,2,2,1,2,2,1,2,2,2,2,2,2,2,2,2,2,0,0,0
2008,26,49,1,260427,1,5,2,1,1,2,1,2,2,2,2,2,2,1,2,1,2,2,2,2,3,2,2,2,2,2,2,2,2,2,2,0,0,0
2008,26,21,1,260428,1,5,1,2,4,2,6,2,1,2,2,2,1,2,2,1,2,2,1,2,3,2,2,2,2,2,1,1,1,2,2,0,0,0
2008,26,121,1,260429,1,5,2,2,4,2,5,2,1,2,2,2,1,2,2,1,2,2,1,2,1,2,2,2,2,2,1,1,1,2,2,0,0,0
2008,26,73,1,260430,1,5,1,2,1,2,6,2,1,2,1,2,1,2,2,2,2,2,2,2,1,2,2,2,2,2,2,2,2,1,2,0,0,0
2008,26,45,1,260431,1,5,2,2,1,2,4,2,3,2,2,2,2,2,2,2,2,2,1,2,1,2,2,2,2,2,2,2,1,2,2,0,0,0
2008,26,65,1,260432,1,5,2,1,1,2,1,3,1,2,1,2,1,2,2,2,1,2,2,2,2,2,2,2,2,2,2,2,2,2,2,0,0,0
2008,26,45,1,260433,1,5,1,1,4,2,1,2,1,2,1,2,1,2,2,2,2,2,1,2,2,2,2,2,2,1,2,2,1,2,2,0,0,0
2008,26,49,1,260434,1,5,2,1,4,2,1,2,1,1,1,2,1,2,2,2,2,2,2,2,1,2,2,2,2,2,2,2,1,2,2,0,0,0
2008,26,81,1,260435,1,5,2,2,4,2,2,2,1,2,1,2,1,2,1,2,2,2,2,2,1,2,2,2,2,2,2,2,1,1,2,0,0,0
2008,26,25,1,260436,1,5,1,1,4,2,1,2,1,1,2,2,1,2,2,2,2,2,1,2,2,2,2,2,2,2,2,2,1,2,2,0,0,0
2008,26,163,1,260437,1,5,2,1,1,2,1,2,2,1,1,2,2,2,1,2,2,2,2,2,3,2,2,2,2,2,2,2,2,2,2,0,0,0
2008,26,107,1,260438,1,5,1,2,1,2,3,2,3,1,1,2,2,2,2,2,2,2,2,2,3,1,1,1,1,2,1,1,1,2,2,0,0,0
2008,26,55,1,260439,1,5,2,2,1,2,3,2,1,2,1,2,1,2,2,2,1,2,2,2,2,2,2,2,2,2,2,2,2,2,2,0,0,0
2008,26,121,1,260441,1,5,2,2,4,2,2,2,1,1,1,2,1,2,2,2,2,2,1,2,3,2,2,2,2,2,2,2,1,2,2,0,0,0
2008,26,139,1,260442,1,5,1,2,1,1,5,1,4,1,2,2,2,2,2,2,2,2,2,2,3,1,1,1,1,2,1,1,2,2,2,0,0,0
2008,26,145,1,260443,1,5,1,2,1,2,4,3,3,2,1,2,2,2,2,2,2,2,2,2,2,2,2,2,2,2,2,2,2,2,2,0,0,0
2008,26,137,1,260444,1,5,1,1,3,2,1,2,1,1,2,2,1,2,2,2,2,2,2,2,3,2,2,2,2,2,2,2,1,2,2,0,0,0
2008,26,151,1,260445,1,5,1,2,1,2,5,2,1,2,2,2,1,2,2,2,2,2,2,2,3,2,2,2,2,2,2,2,2,2,2,0,0,0
2008,26,139,1,260446,1,5,1,2,1,2,5,3,3,1,1,2,2,2,1,2,2,2,2,2,3,2,2,2,2,1,2,2,2,2,2,0,0,0
2008,26,65,1,260447,1,5,1,2,1,2,5,2,5,1,2,2,2,2,2,2,2,2,2,2,1,2,2,2,2,1,2,2,1,2,2,0,0,0
2008,26,157,1,260448,1,5,1,2,1,2,4,3,4,1,2,2,2,2,1,2,2,2,2,2,3,2,2,2,2,1,2,2,2,2,2,0,0,0
2008,26,101,1,260449,1,5,1,2,4,2,5,2,1,1,1,2,1,2,2,1,2,2,2,2,3,2,2,2,2,2,1,1,1,1,2,0,0,0
2008,26,161,1,260450,1,5,2,2,1,2,3,3,4,1,1,2,2,2,1,2,2,2,2,2,2,2,2,2,2,1,1,1,2,2,2,0,0,0
2008,26,117,1,260451,1,5,1,2,4,2,4,2,1,2,1,2,1,2,2,2,2,2,1,2,1,2,2,2,2,2,1,1,1,1,2,0,0,0
2008,26,37,1,260452,1,5,1,2,4,2,5,2,1,1,2,2,1,2,2,2,2,2,2,2,3,2,2,2,2,2,2,2,1,2,2,0,0,0
2008,26,127,1,260453,1,5,1,2,2,2,3,2,1,1,2,2,1,2,2,1,2,2,1,2,2,2,2,2,2,2,2,2,1,2,2,0,0,0
2008,26,133,1,260454,1,5,1,2,1,2,6,2,1,2,1,1,1,2,2,2,2,2,2,2,2,2,2,2,2,2,2,2,2,2,2,0,0,0
2008,26,163,1,260455,1,5,2,2,1,2,3,2,1,2,2,2,1,2,2,2,2,1,2,2,1,2,2,2,2,2,1,1,2,2,2,0,0,0
2008,26,31,1,260456,1,5,1,1,4,2,1,2,1,1,2,2,1,2,1,1,2,2,2,2,1,2,2,2,2,2,2,2,1,2,2,0,0,0
2008,26,9,1,260457,1,5,1,2,1,1,3,1,4,2,1,2,2,1,2,2,2,2,2,2,1,2,2,2,2,2,2,2,2,2,2,0,0,0
2008,26,33,1,260458,1,5,1,2,1,1,4,1,4,1,1,2,2,1,2,2,2,2,1,2,3,2,2,2,2,2,2,2,2,2,2,0,0,0
2008,26,45,1,260459,1,5,1,2,4,2,6,2,1,2,2,2,1,2,2,2,2,2,2,2,1,2,2,2,2,2,2,2,1,2,2,0,0,0
2008,26,115,1,260460,1,5,1,2,1,1,4,1,4,1,1,2,2,2,2,2,2,2,1,2,3,2,2,2,2,2,2,2,2,2,2,0,0,0
2008,26,163,1,260461,1,5,2,2,1,2,2,2,1,2,1,2,1,2,2,2,1,2,2,2,2,2,2,2,2,2,2,2,2,2,2,0,0,0
2008,26,93,1,260462,1,5,2,2,4,2,5,2,1,1,2,2,1,2,2,1,2,2,2,2,1,1,1,1,1,2,2,1,1,2,2,0,0,0
2008,26,27,1,260463,1,5,2,2,4,2,3,2,1,2,1,2,1,2,1,2,2,2,2,2,1,2,2,2,2,2,2,2,1,2,2,0,0,0
2008,26,93,1,260464,1,5,1,2,1,2,5,2,4,1,1,2,2,2,2,2,2,2,2,2,3,2,2,2,2,2,2,2,2,2,2,0,0,0
2008,26,27,1,260465,1,5,1,2,4,2,4,2,1,1,1,2,1,2,2,1,2,2,1,2,2,2,2,2,2,2,2,2,1,2,2,0,0,0
2008,26,27,2,260466,1,5,1,2,1,1,4,1,4,1,1,2,3,1,2,2,2,2,2,2,2,2,2,2,2,2,2,2,2,2,2,0,0,0
2008,26,47,1,260467,1,5,1,2,1,2,5,2,1,1,1,2,1,2,2,2,2,1,2,2,2,2,2,2,2,2,2,2,2,2,2,0,0,0
2008,26,19,1,260468,1,5,1,2,4,2,5,2,1,1,1,2,1,2,2,2,2,2,1,2,2,2,2,2,2,1,2,2,1,2,2,0,0,0
2008,26,99,1,260469,1,5,2,2,1,1,3,1,4,1,1,2,2,2,2,2,2,2,2,2,2,2,2,2,2,2,2,2,2,2,2,0,0,0
2008,26,19,1,260470,1,5,1,2,1,2,3,2,5,2,2,2,2,2,2,2,2,2,1,2,3,2,2,2,2,2,1,1,2,2,2,0,0,0
2008,26,97,1,260471,1,5,1,2,1,2,3,2,4,1,1,2,3,1,2,2,2,2,2,2,3,2,2,1,1,1,2,1,2,2,2,0,0,0
2008,26,163,1,260472,1,5,2,2,1,2,5,2,1,2,1,2,1,2,1,2,2,2,2,2,1,2,2,2,2,2,2,2,2,2,2,0,0,0
2008,26,49,1,260473,1,5,2,2,1,2,3,2,1,2,2,1,1,2,2,2,1,2,2,2,3,2,2,2,2,2,2,2,2,2,2,0,0,0
2008,26,7,1,260474,1,5,1,2,4,2,6,2,1,2,2,2,1,2,1,2,2,2,2,2,1,2,2,2,2,2,2,2,1,2,2,0,0,0
2008,26,27,1,260475,1,5,1,2,4,2,4,2,1,1,1,2,1,2,2,2,2,2,2,2,3,2,2,2,2,2,2,2,1,2,2,0,0,0
2008,26,15,1,260476,1,5,1,2,4,2,5,2,1,2,2,2,1,2,2,2,2,2,1,2,1,1,1,1,1,2,2,1,1,2,2,0,0,0
2008,26,65,1,260477,1,5,2,2,1,2,2,2,4,1,1,2,2,1,2,2,2,2,1,2,2,2,2,2,2,2,2,2,2,2,2,0,0,0
2008,26,123,1,260478,1,5,1,2,1,1,5,1,4,2,2,2,2,2,2,2,2,2,2,2,1,2,2,2,2,2,2,2,2,2,2,0,0,0
2008,26,163,1,260479,1,5,2,2,4,2,6,2,1,2,2,2,1,2,2,1,2,2,2,2,3,2,2,2,2,2,2,2,1,2,2,0,0,0
2008,26,9,1,260480,1,5,1,2,4,2,6,2,1,1,1,2,1,2,2,1,2,2,1,2,1,2,2,2,2,2,2,2,1,2,2,0,0,0
2008,26,163,1,260481,1,5,2,2,1,2,3,2,4,1,1,2,3,2,2,2,2,2,2,2,3,2,2,2,2,1,2,2,2,2,2,0,0,0
2008,26,5,1,260482,1,5,2,2,1,2,5,2,4,2,1,2,2,2,2,2,2,2,2,2,1,1,1,1,1,1,2,1,2,2,2,0,0,0
2008,26,125,1,260483,1,5,2,1,1,2,1,2,2,1,1,2,3,1,2,2,2,2,1,2,1,1,1,1,1,1,1,1,2,2,2,0,0,0
2008,26,163,1,260484,1,5,2,2,1,1,4,1,3,1,1,2,2,2,2,2,2,2,2,2,3,2,2,2,2,1,2,2,2,2,2,0,0,0
2008,26,111,1,260485,1,5,2,2,1,1,4,1,1,1,1,2,1,2,2,2,2,2,2,2,3,2,2,2,2,2,2,2,2,2,2,0,0,0
2008,26,159,1,260486,1,5,1,2,1,2,5,2,4,1,1,2,2,2,2,1,2,2,2,2,3,2,2,2,2,1,2,2,2,2,2,0,0,0
2008,26,27,1,260487,1,5,1,2,1,1,4,1,4,2,1,2,2,2,1,2,2,2,2,2,2,2,2,2,2,1,2,2,2,2,2,0,0,0
2008,26,65,1,260488,1,5,2,2,1,1,6,1,1,1,1,2,1,2,2,2,2,2,2,2,3,1,1,1,1,2,2,1,2,2,2,0,0,0
2008,26,107,1,260489,1,5,1,2,4,2,5,2,1,1,1,2,1,2,2,2,2,2,1,2,1,2,2,2,2,2,2,2,1,2,2,0,0,0
2008,26,121,1,260490,1,5,2,2,1,2,3,2,4,2,2,2,2,2,2,2,2,2,2,2,3,2,2,2,2,1,2,2,1,2,2,0,0,0
2008,26,163,2,260491,1,5,2,2,1,1,3,1,4,2,2,2,2,2,2,2,2,2,1,2,1,1,1,1,1,2,2,1,2,2,2,0,0,0
2008,26,163,1,260492,1,5,2,2,4,2,3,3,1,1,1,2,1,2,2,2,1,2,2,2,3,2,2,2,2,2,2,2,1,2,2,0,0,0
2008,26,163,1,260493,1,5,2,2,1,1,3,1,1,2,2,1,1,2,2,2,1,2,2,2,3,2,2,2,2,2,2,2,2,2,2,0,0,0
2008,26,163,1,260494,1,5,2,2,4,2,6,2,2,2,1,2,1,2,2,2,2,2,2,2,1,2,2,1,1,2,2,1,2,2,2,0,0,0
2008,26,115,2,260495,1,5,1,2,4,2,6,3,1,2,1,2,1,2,2,1,2,2,1,2,1,1,1,1,1,2,2,1,1,2,2,0,0,0
2008,26,163,1,260496,1,5,2,2,4,2,4,2,1,2,1,2,1,2,1,1,2,2,2,2,2,2,2,2,2,2,1,1,1,2,2,0,0,0
2008,26,91,1,260497,1,5,1,2,1,1,3,1,1,1,1,2,1,2,1,2,2,2,2,2,2,2,2,2,2,2,2,2,2,2,2,0,0,0
2008,26,137,1,260498,1,5,1,2,4,2,6,2,1,2,2,2,1,2,2,1,2,2,1,2,1,2,2,2,2,2,2,2,1,2,2,0,0,0
2008,26,163,1,260499,1,5,2,2,1,1,3,1,1,2,1,1,1,1,2,2,2,1,2,2,3,2,2,2,2,2,2,2,2,2,2,0,0,0
2008,26,163,1,260500,1,5,2,2,1,2,3,2,1,2,2,1,1,2,2,2,1,2,2,2,3,2,2,2,2,2,2,2,2,2,2,0,0,0
2008,26,163,1,260501,1,5,2,2,1,1,5,1,4,2,2,2,2,2,2,2,2,2,2,2,1,2,2,2,2,2,2,2,2,1,2,0,0,0
2008,26,79,1,260502,1,5,1,2,1,2,3,2,4,2,2,2,2,2,2,2,2,2,2,2,3,2,2,2,2,2,2,2,1,2,2,0,0,0
2008,26,29,1,260503,1,5,1,2,4,2,6,2,1,2,1,2,1,2,2,2,2,2,2,2,2,2,2,2,2,2,2,2,1,2,2,0,0,0
2008,26,85,1,260504,1,5,1,2,4,2,3,2,1,1,1,2,1,2,2,2,2,2,2,2,2,2,2,2,2,2,2,2,1,2,2,0,0,0
2008,26,161,1,260505,1,5,1,2,4,2,5,2,1,2,2,2,1,2,2,1,2,2,1,2,3,2,2,2,2,2,2,2,1,2,2,0,0,0
2008,26,79,1,260506,1,5,1,2,4,2,4,2,1,1,1,2,1,2,2,2,2,2,2,2,1,2,2,2,2,2,2,2,1,2,2,0,0,0
2008,26,163,1,260507,1,5,2,2,1,2,2,2,1,2,1,2,1,2,2,2,2,2,1,2,2,2,2,2,2,2,1,1,1,1,2,0,0,0
2008,26,125,1,260508,1,5,2,1,1,2,1,2,5,1,1,2,2,2,2,2,2,2,2,2,3,2,2,2,2,2,2,2,2,2,2,0,0,0
2008,26,21,1,260509,1,5,1,2,1,2,4,2,4,1,1,2,2,2,2,2,2,2,2,2,3,2,2,2,2,1,2,2,2,2,2,0,0,0
2008,26,65,1,260510,1,5,2,2,1,1,6,1,4,1,1,2,2,2,2,2,2,2,2,2,3,1,1,1,1,2,2,1,2,2,2,0,0,0
2008,26,87,1,260511,1,5,1,2,1,1,5,1,4,1,1,2,2,2,2,2,2,2,1,2,2,2,2,2,2,1,2,2,2,2,2,0,0,0
2008,26,99,1,260513,1,5,2,1,4,2,1,3,1,2,1,2,1,2,2,2,2,2,2,2,1,2,2,2,2,2,2,2,1,2,2,0,0,0
2008,26,163,1,260514,1,5,2,2,1,2,5,2,1,2,2,1,1,2,2,2,1,2,2,2,3,2,2,2,2,2,2,2,2,2,2,0,0,0
2008,26,163,1,260515,1,5,2,2,1,1,3,1,1,2,2,2,1,2,2,2,2,1,2,2,3,1,1,1,1,2,2,1,2,2,2,0,0,0
2008,26,99,1,260516,1,5,2,2,4,2,6,2,1,2,1,2,1,2,1,1,2,2,2,2,2,1,1,1,1,2,2,1,1,2,2,0,0,0
2008,26,163,2,260517,1,5,2,2,1,1,3,1,4,1,2,2,2,1,2,2,2,2,2,2,2,1,1,1,1,2,2,1,2,2,2,0,0,0
2008,26,163,1,260518,1,5,2,2,1,2,3,2,5,1,1,2,3,2,2,2,2,2,2,2,1,2,2,2,2,2,2,2,1,2,2,0,0,0
2008,26,93,1,260519,1,5,1,2,1,2,5,2,1,2,2,2,1,2,2,2,2,2,1,2,3,2,2,2,2,2,2,2,1,2,2,0,0,0
2008,26,31,1,260520,1,5,1,2,4,2,5,2,1,2,1,2,1,2,2,1,2,2,1,2,1,2,2,2,2,2,2,2,2,2,2,0,0,0
2008,26,145,1,260521,1,5,2,2,1,1,5,1,4,1,1,2,2,2,2,2,2,2,2,2,3,2,2,2,2,2,2,2,2,2,2,0,0,0
2008,26,113,1,260522,1,5,1,2,4,2,6,2,1,2,2,2,1,2,2,2,2,2,2,2,1,2,2,2,2,2,2,2,1,2,2,0,0,0
2008,26,81,1,260523,1,5,2,2,4,2,4,2,1,1,1,2,1,2,1,2,2,2,2,2,1,2,2,2,2,2,2,2,1,2,2,0,0,0
2008,26,117,1,260524,1,5,1,2,4,2,6,2,1,2,2,2,1,2,2,2,2,2,1,2,1,2,2,2,2,2,1,1,1,2,2,0,0,0
2008,26,81,1,260525,1,5,1,2,1,2,4,2,2,1,1,2,2,2,1,2,2,2,2,2,3,2,2,1,1,2,2,1,2,2,2,0,0,0
2008,26,103,1,260526,1,5,1,2,4,2,5,2,1,2,2,2,1,2,2,1,2,2,2,2,1,2,2,2,2,2,1,1,1,2,2,0,0,0
2008,26,81,1,260528,1,5,2,2,4,2,2,3,1,2,2,2,1,2,1,1,2,2,2,2,1,2,2,2,2,2,2,2,1,2,2,0,0,0
2008,26,51,1,260529,1,5,1,2,1,1,5,1,4,1,1,2,2,2,1,2,2,2,2,2,1,1,1,1,1,2,2,1,2,2,2,0,0,0
2008,26,159,1,260530,1,5,1,1,4,2,1,2,1,2,2,2,1,2,2,2,2,2,2,2,2,2,2,2,2,2,2,2,1,2,2,0,0,0
2008,26,163,1,260532,1,5,1,1,4,2,1,2,1,2,2,2,1,2,1,1,2,2,2,2,1,2,2,2,2,2,2,2,1,2,2,0,0,0
2008,26,147,1,260533,1,5,2,2,1,2,3,3,4,1,1,2,2,1,2,2,2,2,2,2,3,2,2,2,2,1,2,2,2,2,2,0,0,0
2008,26,77,1,260534,1,5,2,2,4,2,2,2,1,2,2,2,1,2,2,1,2,2,1,2,3,2,2,2,2,2,1,1,2,2,2,0,0,0
2008,26,91,1,260535,1,5,1,2,1,2,3,2,4,2,1,2,2,1,2,2,2,2,2,2,1,2,2,2,2,1,2,2,1,2,2,0,0,0
2008,26,25,1,260536,1,5,1,2,4,2,6,2,1,2,1,2,1,2,2,1,2,2,2,2,1,2,2,2,2,2,2,2,1,2,2,0,0,0
2008,26,25,1,260537,1,5,2,2,4,2,4,2,1,1,1,2,1,2,1,1,2,2,2,2,2,2,2,2,2,2,1,1,1,2,2,0,0,0
2008,26,55,2,260538,1,5,1,2,1,2,3,2,5,1,1,2,3,2,2,2,2,2,2,2,3,2,2,2,2,2,2,2,1,2,2,0,0,0
2008,26,9,1,260539,1,5,1,2,4,2,4,2,1,2,2,2,1,2,1,2,2,2,2,2,1,2,2,2,2,2,2,2,1,2,2,0,0,0
2008,26,63,1,260540,1,5,1,2,1,1,4,1,4,1,1,2,2,2,2,2,2,2,2,2,2,1,1,1,1,2,2,1,2,2,2,0,0,0
2008,26,49,2,260542,1,5,1,1,1,2,1,2,1,2,2,2,1,2,2,1,2,2,1,2,1,2,2,2,2,2,2,2,2,2,2,0,0,0
2008,26,161,1,260543,1,5,1,2,4,2,5,2,1,2,2,2,1,2,2,2,2,2,1,2,1,2,2,2,2,2,1,1,1,2,2,0,0,0
2008,26,161,1,260544,1,5,2,1,4,2,1,2,1,2,2,2,1,2,2,2,2,2,2,2,1,2,2,2,2,2,2,2,1,1,2,0,0,0
2008,26,5,1,260546,1,5,1,2,4,2,6,2,1,1,1,2,1,2,2,2,2,2,2,2,1,2,2,2,2,2,2,2,1,2,2,0,0,0
2008,26,79,1,260547,1,5,1,2,4,2,5,2,1,2,2,2,1,2,2,1,2,2,1,2,1,2,2,2,2,2,2,2,1,2,2,0,0,0
2008,26,161,1,260548,1,5,1,2,4,2,5,2,1,2,2,2,1,2,2,1,2,2,1,2,1,2,2,2,2,2,2,2,1,2,2,0,0,0
2008,26,137,1,260549,1,5,1,2,1,2,5,2,3,1,1,2,2,2,1,2,2,2,2,2,2,2,2,2,2,2,2,2,1,2,2,0,0,0
2008,26,35,1,260550,1,5,1,2,1,2,6,2,3,1,2,2,2,2,2,2,2,2,2,2,2,2,2,2,2,2,1,1,1,2,2,0,0,0
2008,26,9,1,260551,1,5,1,2,1,2,5,2,3,1,2,2,2,2,1,2,2,2,2,2,3,2,2,2,2,2,2,2,1,2,2,0,0,0
2008,26,99,1,260552,1,5,1,2,1,2,4,2,3,2,2,2,2,2,1,2,2,2,2,2,1,2,2,2,2,2,2,2,1,2,2,0,0,0
2008,26,159,1,260553,1,5,2,2,1,2,5,3,1,1,2,2,1,2,2,2,2,2,2,2,2,2,2,2,2,2,2,2,1,2,2,0,0,0
2008,26,147,1,260554,1,5,1,2,1,2,5,2,3,2,2,2,2,2,2,2,2,2,2,2,2,1,1,1,1,2,2,1,1,2,2,0,0,0
2008,26,161,1,260555,1,5,1,2,1,1,4,1,4,2,1,2,2,2,1,2,2,2,2,1,2,2,2,2,2,2,1,1,2,2,2,0,0,0
2008,26,157,1,260556,1,5,1,2,4,2,5,2,1,2,1,2,1,2,2,2,2,2,1,2,1,2,2,2,2,2,1,1,1,2,2,0,0,0
2008,26,105,1,260557,1,5,1,2,4,2,6,2,1,2,2,2,1,2,2,2,2,2,1,2,1,2,2,2,2,2,2,2,1,2,2,0,0,0
2008,26,81,2,260558,1,5,1,2,1,1,5,1,4,2,2,2,2,2,2,2,2,2,2,2,1,2,2,2,2,2,2,2,2,2,2,0,0,0
2008,26,147,1,260559,1,5,1,2,4,2,5,2,1,2,2,2,1,2,1,2,2,2,2,2,1,2,2,2,2,2,1,1,1,2,2,0,0,0
2008,26,21,2,260560,1,5,2,2,4,2,5,2,1,2,2,2,1,2,2,1,2,2,2,2,1,1,1,1,1,2,2,1,1,2,2,0,0,0
2008,26,161,2,260561,1,5,1,1,1,2,1,2,3,2,1,2,3,1,2,2,2,2,2,2,3,2,2,2,2,2,2,2,1,2,2,0,0,0
2008,26,55,1,260562,1,5,1,2,1,2,3,2,2,1,1,2,3,2,2,2,2,2,2,2,3,2,2,2,2,2,2,2,2,2,2,0,0,0
2008,26,145,1,260563,1,5,2,2,4,2,3,2,1,1,1,2,1,2,2,2,2,2,1,2,3,1,1,1,1,2,2,1,1,2,2,0,0,0
2008,26,121,1,260564,1,5,1,2,1,2,4,3,4,2,2,2,2,2,1,2,2,2,2,2,1,2,2,2,2,2,2,2,2,2,2,0,0,0
2008,26,19,1,260565,1,5,1,2,4,2,4,2,1,1,2,2,1,2,2,2,2,2,2,2,3,2,2,2,2,1,2,2,1,2,2,0,0,0
2008,26,93,1,260566,1,5,2,2,4,2,5,2,1,2,2,2,1,2,2,2,2,2,2,2,1,2,2,2,2,2,2,2,1,2,2,0,0,0
2008,26,155,1,260567,1,5,1,2,1,1,4,1,4,1,1,2,2,2,1,2,2,2,2,2,3,1,1,1,1,2,2,1,2,2,2,0,0,0
2008,26,145,1,260568,1,5,2,2,1,2,3,2,3,1,1,2,2,2,2,2,2,2,2,2,2,2,2,2,2,2,2,2,1,2,2,0,0,0
2008,26,125,2,260569,1,5,2,2,1,1,3,1,4,2,2,2,2,2,2,2,2,2,2,2,1,2,2,2,2,2,2,2,2,2,2,0,0,0
2008,26,163,1,260570,1,5,2,2,1,1,5,1,4,1,1,2,2,2,2,1,2,2,2,2,3,2,2,2,2,2,2,2,2,1,2,0,0,0
2008,26,99,1,260571,1,5,2,2,1,1,3,1,4,1,1,2,2,2,1,1,2,2,2,2,2,1,1,1,1,2,2,1,2,2,2,0,0,0
2008,26,67,1,260572,1,5,1,2,1,2,5,2,1,2,1,1,1,2,2,2,1,2,2,2,1,2,2,2,2,2,2,2,2,1,2,0,0,0
2008,26,99,1,260573,1,5,1,2,4,2,4,2,1,2,2,2,1,2,1,1,2,2,2,2,1,2,2,2,2,2,2,2,1,2,2,0,0,0
2008,26,163,1,260574,1,5,2,2,4,2,6,2,1,2,2,2,1,2,2,2,2,2,2,2,1,1,1,1,1,2,2,1,1,2,2,0,0,0
2008,26,111,1,260575,1,5,1,2,4,2,3,2,1,2,2,2,1,2,2,2,2,2,2,2,3,2,2,2,2,2,2,2,1,2,2,0,0,0
2008,26,87,1,260576,1,5,1,2,4,2,3,2,1,2,1,2,1,2,2,2,2,2,2,2,2,2,2,2,2,2,2,2,1,2,2,0,0,0
2008,26,1,1,260577,1,5,1,2,4,2,5,2,1,2,2,2,1,2,2,2,2,2,1,2,1,2,2,2,2,2,2,2,1,1,2,0,0,0
2008,26,123,1,260578,1,5,1,2,1,1,4,1,2,1,2,2,3,2,1,1,2,2,2,2,3,1,1,1,1,2,2,1,2,2,2,0,0,0
2008,26,37,2,260579,1,5,1,2,1,1,4,1,4,1,1,2,2,2,2,2,2,2,2,2,3,2,2,2,2,2,2,2,2,2,2,0,0,0
2008,26,77,1,260580,1,5,1,2,4,2,4,2,1,1,1,2,1,2,2,2,2,2,1,2,2,2,2,1,1,2,2,1,1,2,2,0,0,0
2008,26,39,1,260581,1,5,1,2,2,2,5,2,1,1,1,2,1,1,2,2,2,2,2,2,2,2,2,2,2,2,2,2,1,2,2,0,0,0
2008,26,25,1,260582,1,5,1,2,4,2,5,2,1,2,2,2,1,2,2,1,2,2,2,2,2,2,2,2,2,1,2,2,1,2,2,0,0,0
2008,26,125,1,260583,1,5,2,2,1,2,3,2,1,2,1,1,1,2,2,2,2,1,2,2,3,2,2,2,2,2,2,2,2,2,2,0,0,0
2008,26,159,1,260584,1,5,1,2,4,2,6,2,1,2,2,2,1,2,2,1,2,2,2,2,3,2,2,2,2,1,2,2,1,2,2,0,0,0
2008,26,61,1,260585,1,5,1,2,4,2,5,2,1,2,2,2,1,2,2,2,2,2,1,2,1,1,1,1,1,2,2,1,1,1,2,0,0,0
2008,26,147,1,260586,1,5,1,1,4,2,1,2,1,1,2,2,1,2,2,1,2,2,2,2,3,2,2,2,2,1,2,2,1,2,2,0,0,0
2008,26,109,1,260587,1,5,2,2,4,2,6,2,1,2,1,2,1,2,2,2,2,2,2,2,1,1,1,1,1,2,2,1,1,2,2,0,0,0
2008,26,123,1,260588,1,5,1,2,4,2,4,2,1,2,2,2,1,2,2,2,2,2,2,1,2,2,2,2,2,1,2,2,1,2,2,0,0,0
2008,26,99,1,260589,1,5,1,2,2,2,4,2,1,1,2,2,1,2,1,2,2,2,2,2,1,2,2,2,2,2,2,2,1,2,2,0,0,0
2008,26,161,1,260590,1,5,1,2,1,2,6,2,1,2,1,2,1,2,2,2,2,2,1,2,3,2,2,2,2,2,2,2,2,1,2,0,0,0
2008,26,99,1,260591,1,5,1,2,1,1,3,1,3,1,1,2,2,1,2,2,2,2,2,2,2,2,2,2,2,1,2,2,2,2,2,0,0,0
2008,26,163,1,260592,1,5,2,2,1,1,3,1,1,1,2,2,1,2,2,2,1,2,2,2,3,2,2,2,2,1,2,2,2,2,2,0,0,0
2008,26,75,1,260594,1,5,1,2,1,1,6,1,4,1,1,2,2,1,2,2,2,2,2,2,3,2,2,2,2,1,2,2,2,2,2,0,0,0
2008,26,159,1,260595,1,5,1,2,1,2,5,2,3,2,1,2,2,2,2,2,2,2,2,2,1,2,2,2,2,2,1,1,2,2,2,0,0,0
2008,26,67,1,260596,1,5,1,2,1,1,5,1,4,1,2,2,2,2,2,2,2,2,1,2,2,2,2,2,2,1,2,2,2,2,2,0,0,0
2008,26,143,1,260597,1,5,1,1,1,2,1,2,1,2,2,2,1,2,2,2,2,2,1,2,2,2,2,2,2,2,2,2,2,2,2,0,0,0
2008,26,163,1,260598,1,5,2,2,1,2,4,2,1,2,1,2,1,2,2,2,1,2,2,2,3,2,2,2,2,2,2,2,2,2,2,0,0,0
2008,26,99,1,260599,1,5,1,2,1,2,4,2,5,2,2,2,2,2,2,2,2,2,2,2,2,1,1,1,1,2,1,1,1,2,2,0,0,0
2008,26,163,1,260600,1,5,2,2,4,2,5,2,1,1,1,2,1,2,1,1,2,2,2,2,2,2,2,2,2,2,2,2,1,2,2,0,0,0
2008,26,99,1,260602,1,5,1,2,1,1,6,1,4,1,1,2,2,2,2,2,2,2,2,2,2,1,1,1,1,2,2,1,2,2,2,0,0,0
2008,26,147,1,260603,1,5,1,2,1,2,4,2,2,1,1,2,2,2,1,2,2,2,2,2,3,2,2,2,2,2,2,2,2,2,2,0,0,0
2008,26,157,1,260604,1,5,1,2,4,2,6,2,1,2,2,2,1,2,2,2,2,2,2,2,1,2,2,1,1,2,2,1,1,2,2,0,0,0
2008,26,145,1,260605,1,5,2,1,1,2,1,2,1,1,1,2,1,1,2,2,1,2,2,2,2,2,2,2,2,2,2,2,2,2,2,0,0,0
2008,26,139,1,260606,1,5,1,2,1,1,4,1,1,1,1,2,2,2,2,2,2,1,2,2,2,2,2,2,2,2,2,2,2,2,2,0,0,0
2008,26,149,1,260607,1,5,1,2,1,2,5,2,1,1,2,2,1,2,2,2,1,2,2,2,2,2,2,2,2,2,2,2,2,2,2,0,0,0
2008,26,129,1,260609,1,5,1,1,1,2,1,2,2,1,1,2,2,2,2,2,2,2,2,2,3,2,2,2,2,2,2,2,1,1,2,0,0,0
2008,26,77,1,260610,1,5,1,2,1,1,5,1,4,2,2,2,2,2,1,2,2,2,2,2,3,2,2,2,2,1,2,2,2,2,2,0,0,0
2008,26,81,1,260611,1,5,1,2,1,2,3,2,4,1,2,2,2,2,2,2,2,2,2,2,2,2,2,2,2,2,2,2,1,2,2,0,0,0
2008,26,163,1,260612,1,5,2,2,4,2,5,2,1,2,1,2,1,2,2,2,2,2,2,2,3,2,2,2,2,2,2,2,1,2,2,0,0,0
2008,26,147,1,260613,1,5,1,2,4,2,6,2,1,2,2,2,1,2,1,2,2,2,2,2,1,2,2,2,2,2,1,1,1,2,2,0,0,0
2008,26,81,1,260614,1,5,2,2,1,2,5,2,1,2,2,1,2,2,2,2,2,1,2,2,3,2,2,2,2,2,2,2,2,2,2,0,0,0
2008,26,163,1,260615,1,5,1,2,4,2,6,2,1,2,2,2,1,2,2,2,2,2,1,2,3,2,2,2,2,2,1,1,1,2,2,0,0,0
2008,26,93,1,260616,1,5,2,1,2,2,1,2,1,1,1,2,1,2,1,1,2,2,2,2,2,2,2,2,2,2,2,2,1,2,2,0,0,0
2008,26,93,1,260617,1,5,1,2,4,2,6,2,1,2,1,2,1,2,2,1,2,2,1,2,1,2,2,2,2,2,1,1,1,2,2,0,0,0
2008,26,69,1,260618,1,5,1,2,4,2,5,2,1,2,2,2,1,2,1,1,2,2,2,2,1,2,2,2,2,2,2,2,1,2,2,0,0,0
2008,26,75,1,260619,1,5,1,2,1,2,3,2,1,1,2,2,1,2,2,2,1,2,2,2,2,2,2,2,2,2,2,2,2,2,2,0,0,0
2008,26,125,1,260620,1,5,2,2,1,1,3,1,4,1,1,2,2,2,2,2,2,2,2,2,2,2,2,2,2,2,2,2,2,2,2,0,0,0
2008,26,25,1,260621,1,5,1,2,4,2,4,2,1,2,2,2,1,2,2,2,2,2,1,2,1,2,2,2,2,2,2,2,1,2,2,0,0,0
2008,26,65,1,260622,1,5,2,2,1,2,2,2,3,2,1,2,3,2,2,2,2,2,2,2,3,1,1,1,1,2,2,1,2,2,2,0,0,0
2008,26,85,1,260623,1,5,1,2,1,1,4,1,3,1,1,2,2,1,2,2,2,2,2,2,2,2,2,2,2,2,2,2,2,2,2,0,0,0
2008,26,81,1,260624,1,5,2,1,4,2,1,3,1,2,2,2,1,2,1,1,2,2,2,2,2,2,2,2,2,2,2,2,1,2,2,0,0,0
2008,26,163,1,260625,1,5,2,2,1,2,4,2,1,2,2,1,1,2,2,2,1,2,2,2,1,2,2,2,2,2,1,1,2,2,2,0,0,0
2008,26,163,1,260626,1,5,2,2,1,2,3,2,5,1,2,2,2,2,1,1,2,2,2,2,3,2,2,1,1,1,2,1,2,2,2,0,0,0
2008,26,55,1,260627,1,5,1,2,1,1,5,1,3,1,2,2,2,2,2,1,2,2,2,2,1,2,2,2,2,2,1,1,2,2,2,0,0,0
2008,26,67,2,260628,1,5,1,2,1,1,6,1,4,2,1,2,2,2,2,2,2,2,1,2,2,2,2,2,2,2,1,1,2,2,2,0,0,0
2008,26,115,1,260629,1,5,2,2,1,2,2,2,2,1,1,2,2,1,2,2,2,2,2,2,3,2,2,2,2,1,2,2,2,2,2,0,0,0
2008,26,99,1,260630,1,5,2,2,1,2,3,2,1,2,2,2,1,2,2,2,1,2,2,2,2,2,2,2,2,2,2,2,2,2,2,0,0,0
2008,26,123,1,260631,1,5,1,2,4,2,5,2,1,1,1,2,1,2,2,2,2,2,2,2,3,2,2,2,2,1,2,2,1,2,2,0,0,0
2008,26,5,1,260632,1,5,1,2,1,2,5,2,5,2,2,2,2,2,1,2,2,2,2,1,1,2,2,2,2,2,2,2,2,1,2,0,0,0
2008,26,145,1,260633,1,5,1,2,4,2,4,2,1,2,2,2,1,2,2,2,2,2,1,2,1,2,2,2,2,2,2,2,1,2,2,0,0,0
2008,26,145,1,260634,1,5,1,2,1,1,6,1,4,1,1,2,2,2,2,2,2,2,2,2,3,2,2,1,1,2,1,1,2,2,2,0,0,0
2008,26,79,1,260635,1,5,1,2,1,1,5,1,4,1,1,2,2,2,2,2,2,2,2,2,3,2,2,2,2,2,2,2,2,2,2,0,0,0
2008,26,5,1,260636,1,5,1,2,4,2,5,2,1,2,1,2,1,2,1,2,2,2,2,2,1,2,2,2,2,2,2,2,1,2,2,0,0,0
2008,26,113,1,260637,1,5,1,2,1,2,5,2,1,2,1,2,1,2,1,1,2,2,2,2,2,2,2,2,2,2,2,2,2,2,2,0,0,0
2008,26,99,1,260638,1,5,2,2,2,2,6,2,6,2,2,2,1,2,2,1,2,2,2,2,3,2,2,2,2,2,1,1,1,2,2,0,0,0
2008,26,35,1,260639,1,5,1,2,1,2,5,2,1,2,1,2,1,2,2,2,2,1,2,2,1,2,2,2,2,2,2,2,2,1,2,0,0,0
2008,26,19,1,260640,1,5,1,2,1,2,5,2,3,2,1,2,2,1,2,2,2,2,2,2,2,1,1,1,1,2,2,1,1,2,2,0,0,0
2008,26,49,1,260641,1,5,1,2,1,2,4,2,1,2,1,2,1,2,2,2,1,2,2,2,3,2,2,2,2,1,2,2,2,2,2,0,0,0
2008,26,161,1,260642,1,5,2,2,1,2,3,2,1,2,2,2,1,2,2,2,2,1,2,2,3,2,2,2,2,2,2,2,2,2,2,0,0,0
2008,26,163,1,260643,1,5,1,2,1,2,4,2,1,2,1,1,1,2,2,2,2,1,2,2,3,2,2,2,2,2,2,2,2,2,2,0,0,0
2008,26,67,1,260644,1,5,1,2,1,2,5,2,1,1,2,2,1,2,2,2,2,1,2,2,2,2,2,2,2,1,2,2,2,1,2,0,0,0
2008,26,57,1,260645,1,5,1,2,1,2,4,2,3,1,1,2,2,2,2,2,2,2,2,2,3,2,2,2,2,1,2,2,1,1,2,0,0,0
2008,26,65,1,260646,1,5,1,2,4,2,6,2,1,1,1,2,1,2,2,2,2,2,2,2,2,2,2,2,2,2,2,2,1,2,2,0,0,0
2008,26,73,1,260647,1,5,1,2,4,2,6,2,1,2,1,2,1,2,2,2,2,2,2,2,1,2,2,2,2,2,2,2,1,2,2,1,0,1
2008,26,81,1,260648,1,5,1,2,4,2,4,2,1,2,1,2,1,2,2,1,2,2,1,2,1,2,2,2,2,2,2,2,1,2,2,0,0,0
2008,26,17,1,260649,1,5,1,2,1,2,3,2,5,1,1,2,2,1,2,2,2,2,2,2,3,2,2,2,2,2,1,1,1,2,2,0,0,0
2008,26,49,1,260650,1,5,2,2,1,2,6,3,4,1,1,2,2,2,1,1,2,2,2,2,1,2,2,2,2,2,1,1,2,2,2,0,0,0
2008,26,139,1,260651,1,5,1,2,1,2,6,2,1,2,2,2,1,2,2,2,2,2,2,2,1,2,2,2,2,2,1,1,2,2,2,0,0,0
2008,26,139,1,260652,1,5,1,2,4,2,3,2,1,1,2,2,1,2,2,2,2,2,2,2,3,2,2,2,2,2,2,2,1,2,2,0,0,0
2008,26,125,1,260653,1,5,2,1,1,2,1,2,1,2,1,2,1,2,2,2,1,2,2,2,2,2,2,1,1,2,2,1,2,2,2,0,0,0
2008,26,49,1,260654,1,5,2,2,1,2,3,2,1,2,1,2,2,2,2,2,1,2,2,2,2,2,2,2,2,2,2,2,2,2,2,0,0,0
2008,26,163,1,260655,1,5,2,2,2,2,5,2,1,2,2,2,1,2,1,1,2,2,2,2,1,2,2,2,2,2,2,2,1,2,2,0,0,0
2008,26,163,1,260656,1,5,2,2,1,2,6,2,1,2,2,1,1,2,2,2,1,2,2,2,3,2,2,2,2,2,2,2,2,2,2,0,0,0
2008,26,125,1,260657,1,5,2,2,1,2,3,2,1,2,2,2,1,2,2,2,1,2,2,2,2,1,1,1,1,2,2,1,2,2,2,0,0,0
2008,26,115,1,260658,1,5,1,2,1,2,3,3,4,2,1,2,2,1,1,1,2,2,2,2,1,2,2,2,2,2,2,2,2,2,2,0,0,0
2008,26,79,2,260659,1,5,1,2,1,2,3,2,3,1,1,2,3,1,2,2,2,2,2,2,3,2,2,2,2,1,2,2,1,2,2,0,0,0
2008,26,115,1,260660,1,5,1,2,4,2,5,2,1,1,2,2,1,2,1,2,2,2,2,2,1,2,2,2,2,2,2,2,1,2,2,0,0,0
2008,26,115,1,260661,1,5,1,2,1,2,6,2,1,2,1,2,1,2,2,2,1,2,2,2,3,2,2,2,2,2,2,2,2,2,2,0,0,0
2008,26,65,1,260662,1,5,1,2,1,1,6,1,4,1,1,2,2,2,1,2,2,2,2,2,2,2,2,2,2,1,2,2,2,2,2,0,0,0
2008,26,23,1,260663,1,5,1,2,1,2,5,2,2,2,2,2,2,2,2,2,2,2,2,2,1,2,2,2,2,2,2,2,2,2,2,0,0,0
2008,26,61,1,260664,1,5,1,2,1,2,3,2,1,2,2,1,1,2,2,2,1,2,2,2,3,2,2,2,2,1,2,2,2,2,2,0,0,0
2008,26,103,1,260665,1,5,2,2,1,1,6,1,1,2,2,2,1,2,2,2,2,1,2,2,2,2,2,2,2,2,1,1,2,2,2,0,0,0
2008,26,137,1,260666,1,5,2,2,4,2,6,2,1,1,1,2,1,2,2,2,2,1,2,2,3,2,2,2,2,2,2,2,2,2,2,0,0,0
2008,26,145,1,260667,1,5,1,2,4,2,5,2,1,1,1,2,1,2,2,2,2,2,1,2,2,2,2,2,2,2,2,2,1,2,2,0,0,0
2008,26,5,1,260669,1,5,1,2,1,2,5,2,1,2,2,2,1,2,1,2,2,2,2,2,3,2,2,2,2,2,2,2,2,2,2,0,0,0
2008,26,17,1,260670,1,5,1,2,1,2,4,2,4,1,2,2,2,2,2,2,2,2,2,2,3,2,2,2,2,2,2,2,1,2,1,0,0,0
2008,26,87,1,260671,1,5,1,2,1,2,4,2,3,1,2,2,2,2,1,2,2,2,2,2,3,2,2,2,2,2,2,2,1,2,2,0,0,0
2008,26,163,1,260673,1,5,1,2,1,1,6,1,1,1,2,2,1,2,2,2,2,1,2,2,2,2,2,2,2,2,2,2,2,2,2,0,0,0
2008,26,5,2,260674,1,5,1,2,1,2,4,2,3,1,2,2,2,2,1,2,2,2,2,2,2,2,2,2,2,2,2,2,1,2,2,0,0,0
2008,26,161,1,260675,1,5,1,2,1,2,3,2,1,2,2,1,3,2,1,2,2,2,2,2,3,2,2,2,2,2,2,2,1,2,2,0,0,0
2008,26,23,1,260676,1,5,1,2,1,2,3,2,1,2,2,2,1,2,2,2,1,2,2,2,2,2,2,2,2,2,2,2,2,2,2,0,0,0
2008,26,79,1,260677,1,5,1,2,4,2,5,2,1,2,2,2,1,2,2,2,2,2,1,2,2,2,2,1,1,2,2,1,1,2,2,0,0,0
2008,26,77,1,260678,1,5,1,2,1,1,5,1,4,1,1,2,2,2,2,2,2,2,2,2,2,2,2,2,2,2,2,2,2,2,2,0,0,0
2008,26,87,1,260679,1,5,1,2,1,2,4,2,3,1,1,2,2,2,2,2,2,2,2,2,2,1,1,1,1,2,2,1,1,2,2,0,0,0
2008,26,91,1,260680,1,5,1,2,1,2,6,2,1,1,2,2,1,2,2,2,2,2,2,2,2,2,2,2,2,2,2,2,2,2,2,0,0,0
2008,26,77,1,260681,1,5,2,2,1,2,5,2,1,2,1,2,1,2,1,2,2,2,2,2,2,2,2,2,2,2,2,2,2,2,2,0,0,0
2008,26,161,1,260682,1,5,1,2,1,1,4,1,4,1,1,2,2,2,2,2,2,2,2,2,3,2,2,2,2,1,2,2,2,1,2,0,0,0
2008,26,163,1,260683,1,5,2,2,1,1,3,1,4,2,1,1,3,2,2,2,2,2,2,1,3,1,2,1,2,2,2,2,2,2,2,0,0,0
2008,26,75,1,260684,1,5,1,1,1,2,1,2,2,1,1,2,3,1,2,2,2,2,2,2,3,2,2,2,2,1,2,2,2,1,2,0,0,0
2008,26,15,1,260685,1,5,1,2,1,2,4,2,5,2,2,2,2,2,1,2,2,2,2,2,1,2,2,2,2,2,1,1,2,2,2,0,0,0
2008,26,127,1,260687,1,5,1,2,1,2,5,2,1,2,2,2,1,2,1,2,2,2,2,2,1,2,2,2,2,2,2,2,2,2,2,0,0,0
2008,26,99,1,260688,1,5,2,2,1,2,3,2,1,2,2,2,1,2,2,2,1,2,2,2,2,1,1,1,1,2,2,1,2,2,2,0,0,0
2008,26,157,1,260689,1,5,1,2,4,2,5,2,1,2,1,2,1,2,2,2,2,2,1,2,1,2,2,2,2,2,2,2,1,1,2,0,0,0
2008,26,163,1,260690,1,5,2,2,1,2,3,2,1,1,1,2,1,2,2,2,2,2,2,2,3,2,2,2,2,2,2,2,2,2,2,0,0,0
2008,26,157,1,260691,1,5,1,2,1,2,4,2,5,1,1,2,3,2,2,2,2,2,2,2,3,2,2,1,1,2,1,1,1,1,2,0,0,0
2008,26,97,1,260692,1,5,1,1,2,2,1,2,1,1,2,2,1,2,2,2,1,2,1,2,2,2,2,2,2,2,1,1,1,2,2,0,0,0
2008,26,139,1,260693,1,5,2,2,1,1,5,1,4,1,1,2,2,2,2,2,2,2,2,2,2,1,1,1,1,2,2,1,2,1,2,0,0,0
2008,26,139,1,260694,1,5,1,2,4,2,6,2,1,1,1,2,1,2,2,1,2,2,2,2,1,2,2,2,2,2,2,2,1,2,2,0,0,0
2008,26,81,1,260695,1,5,2,2,4,2,6,2,1,1,2,2,1,2,1,1,2,2,2,2,3,2,2,2,2,1,2,2,1,2,2,0,0,0
2008,26,159,1,260696,1,5,1,2,1,1,5,1,4,1,1,2,2,2,2,2,2,2,2,2,3,2,2,2,2,1,2,2,2,2,2,0,0,0
2008,26,79,1,260697,1,5,1,2,1,2,5,2,1,2,1,2,1,2,2,2,2,1,2,2,2,2,2,2,2,2,2,2,1,2,2,0,0,0
2008,26,163,1,260698,1,5,2,1,1,2,1,2,2,1,1,2,3,1,2,1,2,2,2,2,3,2,2,2,2,2,2,2,2,2,2,0,0,0
2008,26,81,1,260699,1,5,1,2,1,2,3,2,1,2,2,2,2,2,2,2,2,2,1,2,2,1,1,1,1,2,2,1,2,2,2,0,0,0
2008,26,21,1,260700,1,5,1,2,1,1,5,1,4,1,1,2,2,1,2,2,2,2,1,2,3,2,2,2,2,1,2,2,2,2,2,0,0,0
2008,26,163,1,260701,1,5,2,2,4,2,3,2,1,1,1,2,1,2,2,2,2,2,1,2,2,1,1,1,1,2,2,1,1,2,2,0,0,0
2008,26,163,1,260702,1,5,2,2,1,1,3,1,4,1,2,2,3,2,1,1,2,2,2,2,3,2,2,2,2,2,2,2,2,2,2,0,0,0
2008,26,163,1,260703,1,5,2,2,4,2,3,2,1,2,1,2,1,2,2,1,2,2,2,2,1,2,2,2,2,2,2,2,1,2,2,0,0,0
2008,26,75,1,260704,1,5,2,2,1,2,2,3,1,2,2,1,1,2,1,2,2,2,2,2,3,2,2,2,2,2,2,2,2,2,2,0,0,0
2008,26,163,1,260705,1,5,2,2,1,2,3,2,1,2,1,2,1,2,2,2,1,2,2,2,2,2,2,2,2,2,1,1,2,2,2,0,0,0
2008,26,163,1,260706,1,5,2,2,1,2,6,2,1,2,1,1,1,2,2,2,1,2,2,2,3,2,2,2,2,2,2,2,2,2,2,0,0,0
2008,26,59,1,260707,1,5,1,2,1,2,5,2,1,1,1,2,1,2,2,2,1,2,2,2,2,2,2,2,2,2,2,2,2,2,2,0,0,0
2008,26,163,1,260708,1,5,2,2,1,2,4,3,3,2,1,2,2,2,1,2,2,2,2,2,3,2,2,2,2,2,2,2,2,2,2,0,0,0
2008,26,163,1,260709,1,5,2,2,1,2,3,2,1,2,2,2,1,2,2,2,1,2,2,2,3,2,2,2,2,2,2,2,2,2,2,0,0,0
2008,26,115,1,260710,1,5,1,2,1,2,6,3,1,1,1,2,1,1,2,2,2,2,2,2,2,2,2,2,2,2,2,2,2,2,2,0,0,0
2008,26,129,1,260711,1,5,1,2,4,2,6,2,1,2,2,2,1,2,2,2,2,2,1,2,1,2,2,2,2,2,2,2,1,2,2,0,0,0
2008,26,113,1,260712,1,5,1,2,1,2,4,2,3,1,1,2,2,2,2,2,2,2,2,2,3,2,2,2,2,2,2,2,2,2,2,0,0,0
2008,26,67,1,260713,1,5,1,1,1,2,1,2,4,1,2,2,2,2,2,2,2,2,2,2,2,2,2,2,2,1,2,2,1,2,2,0,0,0
2008,26,129,1,260714,1,5,1,2,1,2,6,2,1,2,2,1,1,2,2,2,1,2,2,2,1,2,2,2,2,2,2,2,2,2,2,0,0,0
2008,26,159,1,260715,1,5,1,1,1,2,1,2,2,1,1,2,2,1,2,1,2,2,2,2,3,2,2,2,2,2,2,2,2,2,2,0,0,0
2008,26,55,1,260716,1,5,1,2,1,1,6,1,4,1,1,2,2,2,2,2,2,2,2,2,3,2,2,2,2,1,2,2,2,2,2,0,0,0
2008,26,45,1,260717,1,5,1,2,1,2,4,2,1,2,1,2,1,2,2,2,2,2,2,2,3,2,2,2,2,2,2,2,2,2,2,0,0,0
2008,26,163,1,260718,1,5,2,2,4,2,6,2,1,2,2,2,1,2,2,2,2,2,2,2,1,2,2,2,2,2,2,2,1,2,2,0,0,0
2008,26,163,1,260719,1,5,2,2,1,1,3,1,4,2,2,2,2,2,2,2,2,2,1,2,1,2,2,1,1,2,2,1,2,2,2,0,0,0
2008,26,163,1,260720,1,5,2,2,4,2,3,2,1,2,2,2,1,2,2,2,2,2,2,2,1,2,2,2,2,2,2,2,1,2,2,0,0,0
2008,26,163,1,260721,1,5,2,2,1,1,3,1,4,2,1,2,2,1,1,1,2,2,2,2,1,2,2,2,2,1,2,2,2,2,2,0,0,0
2008,26,99,1,260722,1,5,1,2,1,2,4,2,3,1,1,2,2,1,2,2,2,2,2,2,2,2,2,2,2,2,2,2,1,2,2,0,0,0
2008,26,125,1,260723,1,5,2,1,1,2,1,2,5,1,2,2,2,2,1,2,2,2,2,2,3,2,2,2,2,2,2,2,2,2,2,0,0,0
2008,26,27,1,260724,1,5,1,2,4,2,6,2,1,2,2,2,1,2,2,2,2,2,2,2,1,2,2,2,2,2,1,1,1,1,1,0,0,0
2008,26,163,1,260725,1,5,2,2,1,2,4,2,1,1,1,2,1,2,2,2,1,2,2,2,3,2,2,2,2,2,2,2,2,2,2,0,0,0
2008,26,161,1,260726,1,5,2,2,1,1,6,1,2,1,2,2,2,2,2,2,2,2,2,2,3,2,2,2,2,2,2,2,2,2,2,0,0,0
2008,26,5,1,260727,1,5,1,2,4,2,5,2,1,1,1,2,1,2,2,1,2,2,1,2,1,2,2,2,2,2,2,2,1,2,2,0,0,0
2008,26,163,1,260728,1,5,2,2,1,1,6,1,4,2,2,2,2,2,2,1,2,2,2,2,1,1,1,1,1,2,2,1,2,2,2,0,0,0
2008,26,137,1,260729,1,5,1,2,4,2,6,2,1,2,1,2,1,2,2,1,2,2,1,2,1,2,2,2,2,2,2,2,1,2,2,0,0,0
2008,26,97,1,260730,1,5,1,2,4,2,3,2,1,2,2,2,1,2,2,2,2,2,1,2,1,2,2,2,2,2,2,2,1,1,2,0,0,0
2008,26,7,1,260731,1,5,1,2,4,2,5,2,1,2,2,2,1,2,2,2,2,2,1,2,2,2,2,1,1,2,2,1,1,1,2,0,0,0
2008,26,93,1,260732,1,5,1,2,1,2,5,2,3,2,1,2,2,2,2,2,2,2,2,2,1,1,1,1,1,2,2,1,1,2,2,0,0,0
2008,26,145,1,260733,1,5,1,2,1,2,4,2,1,2,1,2,1,2,2,2,1,2,2,2,2,2,2,1,1,2,2,1,2,2,2,0,0,0
2008,26,113,1,260734,1,5,1,2,1,2,4,2,5,1,1,2,2,1,2,2,2,2,1,2,3,1,1,1,1,2,2,1,1,2,2,0,0,0
2008,26,49,1,260735,1,5,1,2,1,1,3,1,4,1,1,2,2,2,2,2,2,2,2,2,3,2,2,2,2,2,2,2,2,2,2,0,0,0
2008,26,99,1,260736,1,5,1,2,1,1,3,1,4,1,1,2,2,2,2,2,2,2,2,2,2,2,2,2,2,1,2,2,2,2,2,0,0,0
2008,26,163,1,260737,1,5,2,2,3,2,3,2,1,2,2,2,1,2,2,1,2,2,2,2,3,2,2,2,2,2,2,2,1,2,2,0,0,0
2008,26,163,2,260738,1,5,2,2,1,1,4,1,4,2,2,2,2,2,2,2,2,2,2,2,3,1,1,1,1,2,2,1,2,2,2,0,0,0
2008,26,125,1,260739,1,5,2,2,4,2,3,2,1,2,1,2,1,2,2,2,2,2,2,2,1,2,2,2,2,2,1,1,1,2,2,0,0,0
2008,26,47,1,260740,1,5,2,2,1,2,3,3,4,1,1,2,2,1,2,2,2,2,2,2,2,2,2,2,2,1,2,2,2,2,2,0,0,0
2008,26,163,1,260741,1,5,2,2,4,2,4,2,1,2,2,2,1,2,2,1,2,2,2,2,1,2,2,2,2,2,2,2,1,2,2,0,0,0
2008,26,163,1,260742,1,5,2,2,1,1,6,1,4,1,2,1,2,2,2,2,2,2,1,2,3,2,2,2,2,2,2,2,2,2,2,0,0,0
2008,26,163,1,260743,1,5,2,2,1,2,3,2,1,1,1,2,1,2,2,2,2,2,2,2,2,2,2,2,2,2,2,2,2,2,2,0,0,0
2008,26,49,1,260744,1,5,1,2,1,2,3,2,3,2,1,2,2,2,2,2,2,2,2,2,2,2,2,2,2,2,2,2,1,2,2,0,0,0
2008,26,115,1,260745,1,5,1,2,1,1,6,1,4,2,2,2,2,2,2,2,2,2,2,2,3,2,2,2,2,2,1,1,2,2,2,0,0,0
2008,26,121,3,260746,1,5,1,2,1,2,4,2,3,1,2,2,2,2,2,2,2,2,2,2,2,1,1,1,1,2,2,1,1,2,2,0,0,0
2008,26,49,1,260747,1,5,1,2,1,1,4,1,2,1,2,2,2,2,2,1,2,2,2,2,2,1,1,1,1,2,2,1,2,2,2,0,0,0
2008,26,77,2,260748,1,5,2,2,4,2,5,2,1,1,2,2,1,2,2,1,2,2,1,2,3,2,2,2,2,2,2,2,1,2,2,0,0,0
2008,26,125,1,260749,1,5,2,2,1,2,3,2,1,2,2,2,1,2,2,2,1,2,2,2,2,2,2,2,2,2,1,1,2,2,2,0,0,0
2008,26,77,1,260750,1,5,2,2,4,2,2,2,1,1,1,2,1,2,2,2,2,2,1,2,2,2,2,2,2,2,2,2,1,2,2,0,0,0
2008,26,125,1,260751,1,5,2,2,1,2,3,3,4,1,1,2,2,2,2,2,2,2,2,2,1,2,2,2,2,1,2,2,2,2,2,0,0,0
2008,26,163,1,260752,1,5,2,2,1,2,6,2,1,1,1,2,1,2,2,2,1,2,2,2,2,2,2,2,2,2,2,2,2,2,2,0,0,0
2008,26,103,1,260753,1,5,1,2,2,2,5,2,3,1,1,2,2,2,1,2,2,2,2,2,3,2,2,2,2,2,2,2,1,2,2,0,0,0
2008,26,111,2,260754,1,5,1,2,2,2,5,2,3,1,2,2,2,2,2,2,2,2,2,2,3,2,2,1,1,2,2,1,1,2,2,0,0,0
2008,26,125,1,260755,1,5,2,2,1,1,4,1,1,1,1,2,1,2,2,2,1,2,2,2,2,2,2,2,2,2,1,1,2,2,2,0,0,0
2008,26,161,2,260756,1,5,1,2,4,2,6,2,1,2,2,2,1,2,1,1,2,2,2,2,3,1,1,1,1,2,2,1,1,2,2,0,0,0
2008,26,49,1,260757,1,5,2,2,1,2,4,2,4,1,2,2,2,2,2,1,2,2,2,2,1,2,2,2,2,2,2,2,1,2,2,0,0,0
2008,26,115,1,260758,1,5,1,2,3,2,3,2,1,1,1,2,1,2,2,2,2,2,1,2,3,2,2,2,2,1,2,2,1,2,2,0,0,0
2008,26,81,1,260759,1,5,2,2,1,2,3,2,1,2,1,2,1,2,2,2,1,2,2,2,2,2,2,2,2,2,1,1,2,2,2,0,0,0
2008,26,161,1,260760,1,5,1,2,1,2,4,2,3,1,2,2,2,2,2,2,2,2,1,2,3,2,2,2,2,2,1,1,1,2,2,0,0,0
2008,26,81,2,260761,1,5,2,1,4,2,1,2,1,2,2,2,1,2,2,1,2,2,1,2,2,2,2,2,2,2,1,1,1,2,2,0,0,0
2008,26,107,1,260762,1,5,1,2,4,2,6,2,1,1,2,2,1,2,2,1,2,2,2,2,1,1,1,1,1,2,2,1,1,2,2,0,0,0
2008,26,23,1,260763,1,5,2,2,1,1,3,1,4,1,1,2,2,2,2,2,2,2,2,2,3,2,2,2,2,1,2,2,2,2,2,0,0,0
2008,26,41,1,260764,1,5,1,2,4,2,4,2,1,2,2,2,1,2,2,2,2,2,2,2,3,2,2,1,1,2,2,1,2,2,2,0,0,0
2008,26,93,1,260765,1,5,1,1,1,2,1,2,5,1,2,2,2,2,2,2,2,2,1,2,3,1,1,1,1,1,2,1,1,2,2,0,0,0
2008,26,125,1,260766,1,5,2,2,1,1,3,1,4,2,1,2,2,1,2,2,2,2,2,2,2,2,2,2,2,2,2,2,2,2,2,0,0,0
2008,26,163,1,260767,1,5,2,2,4,2,6,2,1,2,2,2,1,2,2,1,2,2,2,2,1,2,2,2,2,2,2,2,1,2,2,0,0,0
2008,26,131,1,260768,1,5,1,2,4,2,5,2,1,1,1,2,1,2,2,1,2,2,2,2,1,2,2,2,2,2,2,2,1,2,2,0,0,0
2008,26,79,1,260769,1,5,1,2,1,2,3,2,3,1,1,2,2,2,2,2,2,2,2,2,3,2,2,2,2,1,2,2,1,2,2,0,0,0
2008,26,145,1,260770,1,5,1,2,4,2,5,2,1,1,2,2,1,2,2,2,2,2,2,2,1,2,2,2,2,2,2,2,1,2,2,0,0,0
2008,26,25,1,260771,1,5,1,2,4,1,5,1,1,2,2,2,1,2,2,1,2,2,2,2,2,2,2,2,2,2,2,2,2,2,2,0,0,0
2008,26,73,1,260772,1,5,1,2,4,2,6,2,1,2,1,2,1,2,2,1,2,2,1,2,1,2,2,2,2,2,1,1,1,2,2,0,0,0
2008,26,125,2,260773,1,5,1,2,4,2,5,2,1,2,1,2,1,2,2,1,2,2,1,2,2,1,1,1,1,2,2,1,1,2,2,0,0,0
2008,26,163,1,260774,1,5,2,2,1,2,3,2,5,2,2,2,3,2,2,2,2,2,2,2,3,2,2,2,2,2,2,2,1,2,2,0,0,0
2008,26,11,1,260775,1,5,1,2,1,2,3,2,3,1,1,2,3,1,2,2,2,2,2,2,3,1,1,1,1,2,2,1,1,2,2,0,0,0
2008,26,61,1,260776,1,5,2,2,4,2,4,2,1,2,2,2,1,2,2,2,2,2,2,2,1,2,2,2,2,2,2,2,1,2,2,0,0,0
2008,26,163,1,260777,1,5,2,2,1,2,2,2,2,1,2,2,2,2,2,2,2,2,2,2,2,2,2,2,2,2,2,2,2,2,2,0,0,0
2008,26,99,1,260778,1,5,2,2,1,1,4,1,4,1,1,2,2,1,2,2,2,2,2,2,2,2,2,2,2,2,1,1,2,2,2,0,0,0
2008,26,11,1,260779,1,5,1,2,4,2,5,2,1,2,1,2,1,2,2,2,2,2,1,2,2,2,2,2,2,2,2,2,1,2,2,0,0,0
2008,26,163,2,260780,1,5,2,2,1,1,3,1,4,1,1,1,3,2,2,1,2,2,2,2,3,2,2,2,2,2,2,2,2,2,2,0,0,0
2008,26,125,1,260781,1,5,1,1,2,2,1,2,1,2,1,2,1,2,2,2,2,2,2,2,3,2,2,2,2,1,2,2,1,2,2,0,0,0
2008,26,49,1,260782,1,5,1,2,4,2,5,2,1,2,2,2,1,2,2,2,2,2,2,2,1,2,2,2,2,2,1,1,1,2,2,0,0,0
2008,26,147,1,260783,1,5,1,2,4,2,5,2,1,1,2,2,1,2,2,1,2,2,2,2,3,2,2,2,2,2,2,2,1,2,2,0,0,0
2008,26,121,1,260784,1,5,2,2,1,1,3,1,1,2,1,2,1,2,2,2,1,2,2,2,2,2,2,2,2,2,2,2,2,2,2,0,0,0
2008,26,105,1,260785,1,5,1,2,1,1,5,1,4,1,1,2,2,1,2,2,2,2,1,2,2,2,2,2,2,2,2,2,2,2,2,0,0,0
2008,26,81,1,260786,1,5,2,2,4,2,3,2,1,1,1,2,1,2,2,2,2,2,2,2,1,2,2,2,2,2,1,1,1,2,2,0,0,0
2008,26,49,2,260787,1,5,2,2,4,2,5,2,1,2,1,2,1,2,2,1,2,2,1,2,1,2,2,2,2,2,2,2,1,2,2,0,0,0
2008,26,145,1,260788,1,5,2,2,4,2,4,2,1,2,1,2,1,2,2,1,2,2,2,2,1,2,2,2,2,2,2,2,1,2,2,0,0,0
2008,26,115,1,260789,1,5,1,2,1,2,3,2,4,1,2,2,3,2,2,2,2,2,2,2,3,2,2,2,2,2,2,2,2,2,2,0,0,0
2008,26,25,1,260790,1,5,1,2,1,1,6,1,4,1,1,2,2,2,2,2,2,2,2,2,2,2,2,2,2,1,2,2,2,2,2,0,0,0
2008,26,91,1,260791,1,5,2,2,4,2,4,2,1,2,1,2,1,2,2,1,2,2,2,2,1,1,1,1,1,2,2,1,1,2,2,0,0,0
2008,26,125,1,260792,1,5,2,2,1,2,4,3,4,1,2,2,2,2,2,2,2,2,2,2,3,2,2,2,2,1,2,2,2,2,2,0,0,0
2008,26,159,1,260793,1,5,1,2,1,2,4,2,3,1,1,2,3,2,2,1,2,2,2,2,3,2,2,2,2,1,2,2,1,2,2,0,0,0
2008,26,129,1,260794,1,5,1,2,1,2,3,2,4,1,1,2,2,1,2,1,2,2,2,2,3,2,2,2,2,2,2,2,1,2,2,0,0,0
2008,26,163,1,260796,1,5,2,1,1,2,1,2,2,2,2,2,2,1,2,2,2,2,2,2,1,2,2,2,2,2,2,2,2,2,2,0,0,0
2008,26,65,1,260797,1,5,2,2,1,1,3,1,4,1,2,2,2,2,2,2,2,2,2,2,3,2,2,2,2,1,1,1,2,2,2,0,0,0
2008,26,67,1,260798,1,5,1,2,1,2,5,2,4,1,2,2,2,2,2,1,2,2,2,2,2,2,2,2,2,2,2,2,1,2,2,0,0,0
2008,26,139,1,260799,1,5,1,2,1,2,3,2,1,2,2,2,2,2,2,1,2,2,1,2,2,2,2,1,1,2,1,1,2,2,2,0,0,0
2008,26,99,1,260800,1,5,2,2,1,1,3,1,4,1,1,2,2,2,2,2,2,2,2,2,3,2,2,2,2,1,2,2,2,2,2,0,0,0
2008,26,151,2,260801,1,5,1,2,1,1,4,1,4,2,1,2,2,2,2,2,2,2,1,2,3,2,2,2,2,2,2,2,2,2,2,0,0,0
2008,26,163,2,260802,1,5,2,2,1,1,3,1,1,1,1,2,1,2,1,1,1,2,2,1,3,2,2,2,2,2,2,2,2,2,2,0,0,0
2008,26,131,2,260803,1,5,1,2,1,2,3,2,2,1,1,2,2,2,2,2,2,2,2,2,1,2,2,2,2,1,2,2,1,2,2,0,0,0
2008,26,163,1,260804,1,5,2,2,4,2,3,2,1,2,1,2,1,2,2,2,2,2,2,2,2,2,2,2,2,1,2,2,1,2,2,0,0,0
2008,26,29,2,260805,1,5,1,2,4,2,5,2,1,2,2,2,1,2,2,1,2,2,2,2,1,2,2,2,2,2,2,2,1,2,2,0,0,0
2008,26,107,1,260806,1,5,1,2,1,2,4,2,3,2,2,2,2,2,2,1,2,2,2,2,3,1,1,1,1,2,2,1,1,2,2,0,0,0
2008,26,163,1,260807,1,5,2,2,1,2,5,2,5,2,1,2,2,2,2,2,2,2,1,2,3,2,2,2,2,2,2,2,2,2,2,0,0,0
2008,26,49,1,260808,1,5,1,2,1,1,4,1,4,1,1,2,2,2,2,2,2,2,2,2,3,2,2,2,2,1,2,2,2,2,2,0,0,0
2008,26,145,1,260809,1,5,1,2,1,2,5,2,1,1,1,2,1,2,2,2,1,2,2,2,2,2,2,2,2,2,2,2,2,2,2,0,0,0
2008,26,109,1,260810,1,5,1,2,4,2,5,2,1,2,1,2,1,2,2,2,2,2,2,2,3,1,1,1,1,2,2,1,1,1,2,0,0,0
2008,26,151,1,260811,1,5,1,2,1,2,3,2,4,1,1,2,2,2,2,1,2,2,2,2,3,2,2,2,2,1,1,1,1,2,2,0,0,0
2008,26,121,1,260812,1,5,1,2,1,2,5,2,4,1,1,2,2,2,2,1,2,2,2,2,2,2,2,2,2,1,2,2,1,2,2,0,0,0
2008,26,163,1,260813,1,5,2,2,4,2,4,2,1,1,1,2,1,2,2,2,2,2,1,2,2,2,2,2,2,2,2,2,1,2,2,0,0,0
2008,26,51,1,260814,1,5,1,2,2,2,4,2,1,1,1,2,1,2,2,2,1,2,2,2,2,2,2,2,2,1,2,2,1,1,2,0,0,0
2008,26,163,1,260815,1,5,2,2,1,2,2,2,5,2,2,2,2,2,2,1,2,2,2,2,3,2,2,2,2,1,2,2,2,2,2,0,0,0
2008,26,113,1,260816,1,5,1,2,4,2,5,2,1,1,2,2,1,2,2,1,2,2,1,2,3,2,2,2,2,1,2,2,1,2,2,0,0,0
2008,26,125,1,260817,1,5,1,2,1,2,4,2,3,2,1,2,3,2,2,2,2,2,1,2,1,1,1,1,1,2,1,1,2,2,2,0,0,0
2008,26,99,1,260818,1,5,2,2,1,1,5,1,1,2,2,2,1,2,2,2,1,2,2,2,2,2,2,2,2,2,2,2,2,2,2,0,0,0
2008,26,157,2,260819,1,5,1,2,4,2,6,2,1,2,1,2,1,2,2,2,2,2,1,2,1,2,2,2,2,2,2,2,1,2,2,0,0,0
2008,26,159,1,260820,1,5,1,2,1,2,4,2,5,1,1,2,2,2,2,1,2,2,2,2,3,2,2,2,2,1,2,2,1,2,2,0,0,0
2008,26,87,2,260821,1,5,1,2,4,2,5,2,1,2,1,2,1,2,2,1,2,2,2,2,1,1,1,1,1,2,2,1,1,2,2,0,0,0
2008,26,91,1,260822,1,5,2,2,1,2,4,2,1,2,1,1,1,2,2,2,1,2,2,2,3,2,2,2,2,2,2,2,2,2,2,0,0,0
2008,26,1,1,260823,1,5,1,2,4,2,5,2,1,2,2,2,1,2,2,1,2,2,2,2,1,2,2,2,2,2,1,1,1,2,2,0,0,0
2008,26,163,1,260824,1,5,2,2,1,1,3,1,4,2,2,2,2,2,2,2,2,2,2,2,3,2,2,1,1,2,2,1,2,2,2,0,0,0
2008,26,125,1,260825,1,5,2,2,1,2,3,2,1,1,1,2,1,2,2,2,1,2,2,2,3,2,2,2,2,2,2,2,2,2,2,0,0,0
2008,26,151,1,260826,1,5,1,2,1,1,6,1,4,1,2,2,2,2,2,2,2,2,2,2,3,2,2,2,2,1,2,2,2,2,2,0,0,0
2008,26,137,1,260827,1,5,1,2,1,2,5,2,1,2,1,2,1,2,2,2,1,2,2,2,2,2,2,1,1,2,2,1,2,2,2,0,0,0
2008,26,149,1,260828,1,5,1,2,4,2,4,2,1,1,1,2,1,2,2,2,2,2,2,2,3,2,2,2,2,2,2,2,1,2,2,0,0,0
2008,26,81,1,260829,1,5,1,2,4,2,3,2,1,2,1,2,1,2,2,1,2,2,1,2,3,2,2,2,2,1,2,2,1,2,2,0,0,0
2008,26,81,2,260830,1,5,1,2,1,2,3,2,4,1,1,2,3,2,2,1,2,2,2,2,3,2,2,2,2,2,1,1,1,2,2,0,0,0
2008,26,77,1,260831,1,5,1,2,1,1,6,1,4,1,1,2,2,2,2,2,2,2,2,2,3,1,1,1,1,1,2,1,2,2,2,0,0,0
2008,26,37,1,260832,1,5,1,2,1,2,3,2,2,2,1,2,2,1,2,2,2,2,2,2,1,2,2,2,2,2,2,2,2,2,2,0,0,0
2008,26,65,1,260833,1,5,2,2,1,1,3,1,4,1,2,2,3,2,2,2,2,2,2,2,3,2,2,2,2,2,1,1,2,1,2,0,0,0
2008,26,57,1,260834,1,5,1,2,1,1,5,1,4,1,1,2,2,2,2,2,2,2,1,2,3,2,2,2,2,2,2,2,2,2,2,0,0,0
2008,26,5,1,260835,1,5,2,2,1,2,5,2,4,1,2,2,2,2,2,2,2,2,2,2,2,1,1,1,1,2,2,1,1,2,2,0,0,0
2008,26,37,1,260836,1,5,1,2,1,2,4,2,2,2,1,2,2,1,2,2,2,2,2,2,1,2,2,2,2,2,1,1,2,1,2,0,0,0
2008,26,19,1,260837,1,5,1,2,1,1,5,1,4,1,1,2,2,2,2,2,2,2,2,2,3,2,2,1,1,2,2,1,2,2,2,0,0,0
2008,26,25,1,260839,1,5,1,1,3,2,1,2,1,2,2,2,1,2,2,1,2,2,1,2,2,2,2,2,2,2,2,2,1,2,2,0,0,0
2008,26,27,1,260840,1,5,1,2,1,2,5,2,5,2,1,2,2,2,2,2,2,2,2,2,2,1,1,1,1,2,2,1,2,2,2,0,0,0
2008,26,75,1,260841,1,5,1,2,1,1,5,1,4,1,2,2,2,2,2,2,2,2,1,2,2,2,2,2,2,1,1,1,2,2,2,0,0,0
2008,26,103,1,260842,1,5,1,2,1,1,3,1,4,1,1,2,2,2,2,2,2,2,2,2,3,2,2,2,2,2,1,1,2,2,2,0,0,0
2008,26,145,1,260843,1,5,2,2,1,2,4,2,3,1,1,2,2,2,2,2,2,2,2,2,3,2,2,2,2,1,2,2,2,2,2,0,0,0
2008,26,89,2,260844,1,5,1,2,4,2,5,2,1,2,2,2,1,2,2,1,2,2,2,2,2,2,2,2,2,2,1,1,1,2,2,0,0,0
2008,26,21,1,260845,1,5,1,1,4,2,1,2,1,1,1,2,1,2,2,2,2,2,2,2,1,2,2,2,2,2,2,2,1,2,2,0,0,0
2008,26,157,1,260846,1,5,1,2,4,2,5,2,1,2,2,2,1,2,2,2,2,2,1,2,1,2,2,2,2,2,1,1,1,2,2,0,0,0
2008,26,91,1,260847,1,5,1,2,1,2,6,2,1,1,2,2,1,2,2,1,2,2,1,2,3,2,2,2,2,1,2,2,1,2,2,0,0,0
2008,26,21,1,260848,1,5,1,1,1,2,1,2,1,1,1,2,2,2,2,1,2,2,1,2,3,2,2,2,2,2,1,1,1,2,2,0,0,0
2008,26,21,1,260849,1,5,1,1,1,2,1,2,3,1,1,2,2,2,2,2,2,2,2,2,1,2,2,2,2,2,2,2,2,2,2,0,0,0
2008,26,21,1,260850,1,5,1,1,1,2,1,2,2,1,2,2,2,1,2,2,2,2,2,2,2,2,2,2,2,2,2,2,2,2,2,0,0,0
2008,26,139,1,260851,1,5,1,2,4,2,6,2,1,1,1,2,1,2,2,1,2,2,1,2,2,1,1,1,1,2,2,1,1,2,2,0,0,0
2008,26,163,1,260852,1,5,2,2,1,2,4,2,1,1,2,2,1,2,2,2,1,2,2,2,2,2,2,2,2,2,1,1,2,2,2,0,0,0
2008,26,145,1,260853,1,5,1,2,1,2,4,2,1,2,2,2,1,2,2,2,1,2,2,2,2,2,2,2,2,2,2,2,2,2,2,0,0,0
2008,26,59,1,260854,1,5,1,2,4,2,5,2,1,2,1,2,1,2,2,1,2,2,2,2,2,2,2,2,2,1,2,2,1,2,2,0,0,0
2008,26,163,1,260855,1,5,2,2,1,1,3,1,1,2,1,2,1,2,2,2,1,2,2,2,3,2,2,2,2,2,2,2,2,2,2,0,0,0
2008,26,59,1,260856,1,5,1,2,1,2,5,3,4,1,1,2,2,2,1,2,2,2,2,2,1,2,2,2,2,2,2,2,2,2,2,0,0,0
2008,26,163,1,260857,1,5,2,2,1,1,4,1,3,2,1,2,2,2,1,2,2,2,2,2,3,2,2,2,2,2,2,2,2,2,2,0,0,0
2008,26,163,1,260858,1,5,2,2,1,2,6,2,1,2,1,1,1,2,2,2,1,2,2,2,3,2,2,2,2,2,2,2,2,2,2,0,0,0
2008,26,163,1,260859,1,5,2,2,1,1,6,1,4,2,2,2,2,2,2,2,2,2,1,2,1,2,2,2,2,1,2,2,2,2,2,0,0,0
2008,26,163,1,260860,1,5,2,2,1,1,4,1,4,2,1,2,2,2,1,1,2,2,2,2,3,2,2,2,2,2,2,2,2,2,2,0,0,0
2008,26,163,1,260861,1,5,2,2,1,1,3,1,4,2,2,2,2,2,2,2,2,2,1,2,1,2,2,2,2,2,2,2,2,2,2,0,0,0
2008,26,163,1,260862,1,5,2,1,4,2,1,3,1,2,1,2,1,2,1,1,2,2,2,2,3,2,2,2,2,2,2,2,1,2,2,0,0,0
2008,26,59,1,260863,1,5,1,2,4,2,5,2,1,1,2,2,1,2,1,1,2,2,2,2,3,2,2,2,2,2,2,2,1,2,2,0,0,0
2008,26,45,1,260864,1,5,2,2,1,2,4,2,1,1,1,2,1,2,2,2,1,2,2,2,2,2,2,2,2,2,2,2,2,2,2,0,0,0
2008,26,163,1,260865,1,5,2,2,3,2,3,2,1,2,2,2,1,2,2,2,2,2,2,2,3,2,2,2,2,2,2,2,1,2,2,0,0,0
2008,26,121,1,260866,1,5,2,1,1,2,1,2,1,2,2,2,1,2,2,2,2,2,2,2,3,2,2,2,2,2,2,2,2,2,2,0,0,0
2008,26,21,1,260867,1,5,1,2,1,1,5,1,4,1,2,2,2,2,2,2,2,2,2,2,3,2,2,2,2,2,2,2,2,2,2,0,0,0
2008,26,49,1,260868,1,5,1,2,4,2,5,2,1,1,1,2,1,2,2,1,2,2,2,2,2,2,2,2,2,2,2,2,1,2,2,0,0,0
2008,26,87,1,260869,1,5,1,2,4,2,5,2,1,1,1,2,1,2,2,1,2,2,1,2,1,2,2,2,2,1,2,2,1,2,2,0,0,0
2008,26,125,1,260870,1,5,2,2,1,2,4,2,1,1,1,2,1,2,2,2,1,2,2,2,2,2,2,2,2,2,2,2,2,2,2,0,0,0
2008,26,125,1,260871,1,5,2,2,1,2,3,2,1,2,1,1,3,2,2,2,1,2,2,2,1,2,2,1,1,2,2,1,2,2,2,0,0,0
2008,26,75,1,260872,1,5,1,2,4,1,5,1,1,2,1,2,1,2,2,2,2,2,2,1,1,2,2,2,2,2,2,2,2,2,2,0,0,0
2008,26,81,1,260873,1,5,2,2,1,2,4,2,3,2,1,2,2,2,2,2,2,2,2,2,3,2,2,2,2,2,2,2,1,2,2,0,0,0
2008,26,75,1,260874,1,5,1,1,1,2,1,2,4,2,1,2,3,2,2,1,2,2,2,2,3,1,1,1,1,2,2,1,1,2,2,0,0,0
2008,26,163,1,260875,1,5,2,2,1,2,3,2,1,2,2,2,1,2,2,2,1,2,2,2,2,2,2,2,2,2,2,2,2,2,2,0,0,0
2008,26,163,1,260876,1,5,2,2,1,2,3,2,1,2,1,1,1,2,2,2,1,2,2,2,3,2,2,2,2,2,2,2,2,2,2,0,0,0
2008,26,163,1,260877,1,5,2,2,1,1,3,1,4,2,2,1,2,2,1,2,2,2,2,2,1,2,2,2,2,2,2,2,2,2,2,0,0,0
2008,26,73,1,260878,1,5,1,2,4,2,5,2,1,2,1,2,1,2,2,1,2,2,2,2,1,2,2,2,2,2,2,2,1,2,2,1,0,1
2008,26,163,1,260879,1,5,2,2,1,1,4,1,4,1,1,2,2,2,2,2,2,2,2,2,3,2,2,2,2,1,2,2,2,2,2,0,0,0
2008,26,125,1,260880,1,5,1,2,4,2,4,2,1,1,2,2,1,2,1,2,2,2,2,2,3,2,2,2,2,1,2,2,1,2,2,0,0,0
2008,26,21,1,260881,1,5,1,2,1,1,4,1,4,1,1,2,2,2,2,2,2,2,2,2,2,1,1,1,1,1,2,1,2,2,2,0,0,0
2008,26,163,1,260882,1,5,2,2,1,2,3,2,1,1,1,2,1,2,2,2,1,2,2,2,2,2,2,2,2,2,1,1,2,2,2,0,0,0
2008,26,163,1,260883,1,5,2,2,1,2,3,2,1,2,2,1,1,2,2,2,1,2,2,2,3,2,2,2,2,2,2,2,2,1,2,0,0,0
2008,26,37,2,260884,1,5,1,2,1,2,4,2,4,2,2,2,2,2,2,1,2,2,2,2,1,2,2,2,2,2,1,1,1,2,2,0,0,0
2008,26,49,2,260885,1,5,1,2,4,2,6,2,1,2,1,2,1,2,2,1,2,2,2,2,1,2,2,2,2,2,2,2,1,2,2,0,0,0
2008,26,35,1,260886,1,5,1,2,1,2,6,2,4,1,1,2,2,2,2,2,2,2,2,2,3,2,2,2,2,1,2,2,2,2,2,0,0,0
2008,26,49,2,260887,1,5,1,2,4,2,4,2,1,2,2,2,1,2,2,2,2,2,1,2,1,2,2,2,2,2,2,2,1,1,2,0,0,0
2008,26,115,1,260888,1,5,1,2,4,2,4,2,1,1,2,2,1,2,2,2,2,2,1,2,2,2,2,2,2,2,1,1,1,2,2,0,0,0
2008,26,125,1,260889,1,5,2,2,1,2,4,2,3,1,1,2,3,2,2,2,2,2,2,2,3,2,2,2,2,1,2,2,1,2,2,0,0,0
2008,26,117,1,260890,1,5,1,2,1,2,4,2,4,1,1,2,2,2,2,1,2,2,2,2,3,2,2,2,2,2,2,2,1,2,2,0,0,0
2008,26,151,2,260891,1,5,1,2,4,2,6,2,1,2,1,2,1,2,2,1,2,2,1,2,3,2,2,2,2,2,2,2,1,2,2,0,0,0
2008,26,59,1,260892,1,5,1,2,1,2,5,2,1,1,1,2,1,2,2,2,1,2,2,2,2,2,2,2,2,1,2,2,2,2,2,0,0,0
2008,26,163,1,260893,1,5,2,2,1,2,5,2,1,2,1,2,2,2,2,2,1,2,2,2,3,2,2,2,2,2,2,2,2,2,2,0,0,0
2008,26,49,1,260894,1,5,2,2,1,2,4,3,4,1,1,2,2,2,2,2,2,2,2,2,3,1,1,1,1,2,2,1,2,2,2,0,0,0
2008,26,5,1,260895,1,5,1,2,1,2,3,2,5,1,1,2,3,1,2,2,2,2,1,2,2,2,2,1,1,2,2,1,1,2,2,0,0,0
2008,26,163,1,260896,1,5,2,1,1,2,1,2,1,2,2,2,1,2,2,2,1,2,2,2,3,2,2,2,2,2,2,2,2,2,2,0,0,0
2008,26,109,1,260897,1,5,1,2,1,2,4,3,1,2,1,2,1,2,2,2,2,2,2,2,1,2,2,2,2,2,2,2,2,2,2,0,0,0
2008,26,5,1,260898,1,5,1,2,1,1,5,1,4,1,1,2,2,1,2,2,2,2,1,2,2,2,2,2,2,2,2,2,2,2,2,0,0,0
2008,26,5,1,260899,1,5,1,2,1,1,4,1,4,1,2,2,2,2,2,2,2,2,2,2,3,2,2,2,2,1,2,2,2,2,2,0,0,0
2008,26,99,3,260900,1,5,1,2,1,2,4,2,4,1,1,2,3,2,2,2,2,2,2,2,3,1,1,1,1,1,1,1,1,2,2,0,0,0
2008,26,163,2,260901,1,5,2,2,4,2,5,2,1,2,1,2,1,2,2,1,2,2,1,1,2,2,2,2,2,2,2,2,1,2,2,0,0,0
2008,26,163,2,260902,1,5,2,2,1,2,3,2,5,2,1,2,2,2,2,2,2,2,2,2,3,1,1,1,1,2,1,1,1,2,2,0,0,0
2008,26,125,1,260903,1,5,2,2,1,2,5,2,3,2,2,2,2,2,2,2,2,2,2,2,1,2,2,2,2,2,2,2,2,2,2,0,0,0
2008,26,49,1,260904,1,5,1,2,1,2,3,2,4,1,1,2,2,2,2,2,2,2,2,2,3,2,2,2,2,1,2,2,1,2,2,0,0,0
2008,26,161,1,260905,1,5,1,2,4,2,4,2,1,1,2,2,1,2,2,1,2,2,2,2,2,2,2,2,2,1,2,2,1,2,2,0,0,0
2008,26,45,1,260906,1,5,1,2,1,2,4,2,2,1,1,2,2,2,2,2,2,2,2,2,3,2,2,2,2,1,2,2,2,2,2,0,0,0
2008,26,29,1,260907,1,5,1,2,1,2,4,2,1,1,2,2,1,2,2,2,2,2,1,2,2,2,2,2,2,2,2,2,1,2,2,0,0,0
2008,26,29,1,260908,1,5,1,2,1,2,5,2,3,2,1,2,2,2,2,2,2,2,2,2,2,2,2,2,2,1,1,1,1,2,2,0,0,0
2008,26,163,1,260909,1,5,2,2,1,2,3,2,1,2,1,2,1,2,2,2,1,2,2,2,2,2,2,2,2,2,2,2,2,2,2,0,0,0
2008,26,99,1,260910,1,5,2,1,4,2,1,2,1,1,2,2,1,2,2,2,2,2,2,2,3,2,2,2,2,2,2,2,1,2,2,0,0,0
2008,26,163,2,260911,1,5,2,2,4,2,6,2,1,2,2,2,1,2,2,2,2,2,1,2,1,2,2,2,2,2,2,2,1,1,2,0,0,0
2008,26,145,1,260912,1,5,1,2,1,1,4,1,4,1,1,2,2,2,2,2,2,2,2,2,2,2,2,2,2,1,2,2,2,2,2,0,0,0
2008,26,125,1,260913,1,5,1,1,1,2,1,2,3,2,1,2,3,2,2,2,2,2,2,2,1,2,2,2,2,2,2,2,2,2,2,0,0,0
2008,26,35,3,260914,1,5,1,2,1,2,4,2,4,1,1,2,2,2,2,2,2,2,2,2,2,2,2,2,2,2,1,1,1,2,2,0,0,0
2008,26,37,1,260915,1,5,1,2,4,2,5,2,1,1,1,2,1,2,2,2,2,2,1,2,1,2,2,2,2,2,2,2,2,2,2,0,0,0
2008,26,163,1,260916,1,5,2,2,4,1,4,1,1,2,1,2,1,2,2,2,2,2,2,2,1,2,2,2,2,2,2,2,2,2,2,0,0,0
2008,26,5,1,260917,1,5,2,2,4,2,6,2,1,2,2,2,1,2,2,2,2,2,1,2,1,1,1,1,1,2,2,1,1,2,2,0,0,0
2008,26,75,1,260918,1,5,1,2,1,1,5,1,4,1,1,2,2,2,2,2,2,2,2,2,3,2,2,2,2,2,2,2,2,2,2,0,0,0
2008,26,125,1,260919,1,5,2,2,1,2,4,2,4,1,1,2,2,2,2,2,2,2,2,2,3,2,2,2,2,1,1,1,1,2,2,0,0,0
2008,26,115,1,260920,1,5,1,2,1,1,4,1,4,1,1,2,3,2,2,2,2,2,2,2,3,2,2,1,1,1,2,1,2,2,2,0,0,0
2008,26,27,1,260921,1,5,1,2,1,2,4,2,1,2,1,1,1,2,2,2,1,2,2,2,3,2,2,2,2,2,2,2,2,2,2,0,0,0
2008,26,81,1,260922,1,5,1,2,1,2,5,2,3,2,2,2,2,2,2,2,2,2,2,2,1,2,2,2,2,2,2,2,1,2,2,0,0,0
2008,26,125,1,260923,1,5,2,2,1,1,6,1,4,2,1,2,2,2,2,2,2,2,2,2,1,1,1,1,1,2,2,1,2,2,2,0,0,0
2008,26,163,1,260924,1,5,2,1,4,2,1,2,2,2,2,1,1,2,2,2,2,2,2,2,1,2,2,2,2,2,1,1,2,2,2,0,0,0
2008,26,81,1,260925,1,5,2,2,4,2,4,2,1,1,1,2,1,2,2,1,2,2,1,2,1,2,2,2,2,2,2,2,1,2,2,0,0,0
2008,26,125,1,260926,1,5,2,2,1,1,3,1,1,2,2,1,1,2,2,2,1,2,2,2,3,2,2,2,2,2,2,2,2,2,2,0,0,0
2008,26,81,1,260927,1,5,1,2,1,2,5,2,1,1,1,1,1,2,2,2,1,2,2,2,3,2,2,2,2,2,2,2,2,2,2,0,0,0
2008,26,65,1,260928,1,5,2,2,1,2,3,3,4,1,1,2,2,2,2,2,2,2,2,2,2,2,2,2,2,2,2,2,2,2,2,0,0,0
2008,26,49,1,260929,1,5,1,2,4,2,6,2,1,1,1,2,1,2,2,1,2,2,2,2,3,2,2,2,2,1,2,2,1,2,2,0,0,0
2008,26,15,1,260930,1,5,1,2,1,2,6,2,1,2,2,2,1,2,1,2,2,2,2,2,3,2,2,2,2,2,2,2,2,2,2,0,0,0
2008,26,5,1,260931,1,5,1,2,1,1,6,1,4,1,1,2,2,2,2,2,2,2,1,2,2,2,2,2,2,1,1,1,2,2,2,0,0,0
2008,26,163,1,260932,1,5,2,2,1,2,3,2,1,2,2,2,1,2,2,2,1,2,2,2,2,2,2,2,2,2,2,2,2,2,2,0,0,0
2008,26,99,1,260933,1,5,1,2,4,2,3,2,1,1,1,2,2,2,2,2,2,2,1,2,2,2,2,1,1,2,2,1,1,2,2,0,0,0
2008,26,59,1,260934,1,5,1,2,1,2,6,2,3,2,2,2,2,2,2,2,2,2,2,2,2,1,1,1,1,2,2,1,2,2,2,0,0,0
2008,26,33,1,260935,1,5,1,2,1,2,6,2,1,2,2,2,1,2,2,2,1,2,2,2,1,2,2,2,2,2,2,2,2,2,2,1,0,1
2008,26,163,1,260936,1,5,2,2,1,2,4,2,4,2,1,2,2,2,2,2,2,2,2,2,3,2,2,2,2,1,2,2,2,2,2,0,0,0
2008,26,49,1,260937,1,5,2,2,1,1,3,1,4,2,1,2,2,2,1,2,2,2,2,2,3,2,2,2,2,2,2,2,2,2,2,0,0,0
2008,27,123,1,270001,1,5,2,2,1,2,4,3,3,2,1,2,2,2,2,2,2,2,2,2,1,2,2,2,2,2,1,1,2,2,2,0,0,0
2008,27,105,1,270002,1,5,1,1,3,2,1,2,1,1,1,2,1,2,2,2,2,2,1,2,2,2,2,2,2,2,2,2,1,2,2,0,0,0
2008,27,53,1,270003,1,5,1,2,1,2,3,2,3,1,2,2,2,2,2,2,2,2,2,2,1,2,2,2,2,1,2,2,1,2,2,0,0,0
2008,27,111,1,270004,1,5,1,2,1,2,5,2,1,1,1,2,1,2,2,1,2,2,1,2,1,2,2,2,2,2,2,2,2,2,2,0,0,0
2008,27,63,1,270005,1,5,1,2,3,2,3,2,1,2,1,2,1,2,2,2,2,2,1,2,1,2,2,2,2,2,2,2,1,2,2,0,0,0
2008,27,123,1,270007,1,5,2,2,1,1,4,1,4,1,1,2,2,1,2,2,2,2,2,2,3,2,2,2,2,1,2,2,2,2,2,0,0,0
2008,27,133,1,270008,1,5,1,1,4,2,1,2,1,1,1,2,1,2,2,1,2,2,1,2,2,2,2,2,2,2,2,2,1,2,2,0,0,0
2008,27,119,1,270009,1,5,1,2,1,2,4,2,4,2,2,2,2,2,2,1,2,2,2,2,3,2,2,2,2,2,2,2,1,2,2,0,0,0
2008,27,53,2,270010,1,5,2,2,1,2,6,3,2,1,1,2,2,1,2,2,2,2,2,2,3,2,2,2,2,2,1,1,2,1,2,0,0,0
2008,27,139,1,270011,1,5,1,2,4,1,5,1,1,2,2,2,1,2,2,2,2,2,2,2,1,2,2,2,2,2,1,1,2,2,2,0,0,0
2008,27,53,1,270012,1,5,2,2,4,2,2,2,1,1,1,2,1,2,2,1,2,2,1,2,2,2,2,2,2,2,2,2,1,2,2,0,0,0
2008,27,141,1,270013,1,5,1,2,1,2,3,2,3,1,2,2,2,1,2,2,2,2,2,2,2,2,2,2,2,2,1,1,1,2,2,0,0,0
2008,27,169,1,270014,1,5,2,2,1,1,6,1,1,1,1,2,2,2,2,1,1,2,2,2,3,1,1,1,1,1,2,1,2,2,2,0,0,0
2008,27,39,1,270016,1,5,1,2,1,1,5,1,4,1,1,2,2,2,2,2,2,2,1,2,3,2,2,2,2,2,2,2,2,2,2,0,0,0
2008,27,53,1,270017,1,5,2,2,4,2,2,2,1,2,2,2,1,2,2,1,2,2,1,2,1,2,2,2,2,2,2,2,1,2,2,0,0,0
2008,27,37,1,270018,1,5,2,2,1,1,4,1,4,1,1,2,2,2,2,2,2,2,2,2,3,2,2,2,2,2,1,1,2,2,2,0,0,0
2008,27,173,1,270019,1,5,1,2,1,1,6,1,4,1,1,2,2,2,2,2,2,2,2,2,2,1,1,1,1,2,2,1,2,2,2,0,0,0
2008,27,37,1,270020,1,5,2,2,1,1,4,1,4,2,1,2,2,1,2,2,2,2,2,2,1,2,2,2,2,2,2,2,2,2,2,0,0,0
2008,27,9,1,270021,1,5,1,2,4,2,3,2,1,2,1,2,1,2,2,2,2,2,1,2,1,2,2,2,2,2,2,2,1,2,2,0,0,0
2008,27,37,2,270022,1,5,2,1,1,2,1,3,3,2,2,2,3,1,2,2,2,2,2,2,1,1,1,1,1,2,2,1,2,2,2,0,0,0
2008,27,163,1,270023,1,5,2,1,1,2,1,2,2,1,1,2,2,1,2,2,2,2,2,2,3,2,2,2,2,2,2,2,2,1,2,0,0,0
2008,27,25,1,270024,1,5,1,1,4,2,1,3,1,1,1,2,1,2,2,1,2,2,1,2,3,2,2,2,2,2,2,2,1,2,2,0,0,0
2008,27,37,3,270025,1,5,2,2,1,2,3,3,3,1,1,2,2,2,2,2,2,2,2,2,2,1,1,1,1,2,2,1,1,1,2,0,0,0
2008,27,163,1,270026,1,5,1,2,1,1,4,1,4,1,1,2,2,2,2,2,2,2,2,2,3,2,2,2,2,1,2,2,2,2,2,0,0,0
2008,27,163,2,270027,1,5,2,2,1,2,4,2,5,1,1,2,3,2,2,2,2,2,2,2,3,2,2,2,2,1,2,2,1,2,2,0,0,0
2008,27,137,1,270028,1,5,1,2,4,2,5,2,1,2,2,2,1,2,1,1,2,2,2,2,1,2,2,2,2,2,2,2,1,2,2,0,0,0
2008,27,169,1,270029,1,5,1,2,1,2,3,2,4,1,1,2,2,2,2,1,2,2,2,2,2,1,1,1,1,2,2,1,1,2,2,0,0,0
2008,27,97,1,270030,1,5,1,2,1,2,5,2,3,1,1,2,2,2,2,1,2,2,1,2,2,1,1,1,1,2,2,1,1,2,2,0,0,0
2008,27,73,1,270031,1,5,1,2,4,2,5,2,1,2,2,2,1,2,2,2,2,2,1,2,1,2,2,2,2,1,2,2,1,2,2,0,0,0
2008,27,53,1,270032,1,5,2,2,1,1,3,1,4,2,2,2,2,2,2,1,2,2,2,2,1,1,1,1,1,2,1,1,2,2,2,0,0,0
2008,27,47,1,270033,1,5,1,1,3,2,1,3,1,2,2,2,1,2,2,1,2,2,1,2,3,2,2,2,2,2,2,2,1,2,2,0,0,0
2008,27,159,1,270034,1,5,1,2,1,2,3,2,4,1,1,2,2,1,2,1,2,2,2,2,3,2,2,2,2,2,2,2,1,2,2,0,0,0
2008,27,157,1,270035,1,5,1,2,4,2,5,2,1,1,1,2,1,2,2,2,2,2,2,2,2,2,2,2,2,2,2,2,1,2,2,0,0,0
2008,27,105,1,270036,1,5,2,2,1,1,3,1,4,2,1,2,2,1,2,2,2,2,2,2,2,2,2,2,2,1,2,2,2,2,2,0,0,0
2008,27,99,1,270037,1,5,1,1,1,2,1,2,2,1,2,2,3,1,2,1,2,2,2,2,3,2,2,2,2,2,1,1,2,2,2,0,0,0
2008,27,49,1,270038,1,5,1,2,1,2,6,2,3,2,2,2,2,2,2,2,2,2,2,2,3,2,2,2,2,2,1,1,2,2,2,0,0,0
2008,27,111,1,270039,1,5,1,1,4,2,1,2,1,2,2,2,1,2,2,1,2,2,1,2,1,2,2,2,2,2,1,1,1,2,2,0,0,0
2008,27,171,1,270040,1,5,1,2,1,2,5,2,3,1,2,2,2,2,2,2,2,2,2,2,2,2,2,2,2,1,2,2,2,2,2,0,0,0
2008,27,109,1,270041,1,5,1,1,1,2,1,3,2,1,1,2,2,1,2,1,2,2,2,2,3,2,2,2,2,1,2,2,2,2,2,0,0,0
2008,27,137,1,270042,1,5,1,2,1,2,6,3,1,1,1,2,1,1,2,2,2,2,2,2,2,2,2,2,2,2,2,2,2,1,2,0,0,0
2008,27,83,4,270043,1,5,1,2,1,1,3,1,4,1,1,2,3,2,2,2,2,2,1,2,3,2,2,2,2,2,1,1,2,2,2,0,0,0
2008,27,123,1,270044,1,5,2,2,1,2,4,2,1,1,1,1,1,2,2,2,1,2,2,2,2,2,2,2,2,2,2,2,2,1,2,0,0,0
2008,27,53,1,270045,1,5,2,1,4,2,1,3,1,2,2,2,1,2,2,2,2,2,1,2,1,2,2,2,2,2,1,1,1,1,2,0,0,0
2008,27,121,1,270046,1,5,1,2,1,1,4,1,4,1,2,2,2,1,2,2,2,2,2,2,3,1,1,1,1,2,2,1,2,2,2,0,0,0
2008,27,97,2,270047,1,5,1,2,1,1,3,1,4,1,2,2,2,2,2,1,2,2,1,2,2,2,2,2,2,2,2,2,2,2,2,0,0,0
2008,27,139,1,270048,1,5,2,2,1,2,3,3,4,1,1,2,2,2,2,2,2,2,2,2,3,2,2,2,2,2,2,2,1,1,2,0,0,0
2008,27,143,1,270049,1,5,1,2,1,2,4,2,4,1,1,2,2,2,2,1,2,2,2,2,3,2,2,2,2,2,1,1,1,2,2,0,0,0
2008,27,141,1,270050,1,5,1,2,1,2,5,2,4,2,1,2,2,2,2,2,2,2,2,2,2,2,2,2,2,2,2,2,1,2,2,0,0,0
2008,27,83,1,270051,1,5,2,2,2,2,4,2,1,2,1,1,1,2,2,2,1,2,2,2,1,2,2,2,2,2,2,2,1,1,2,0,0,0
2008,27,99,1,270052,1,5,1,1,3,2,1,2,1,1,1,2,1,2,2,2,2,2,1,2,2,2,2,2,2,2,2,2,1,2,2,0,0,0
2008,27,171,1,270053,1,5,1,2,1,2,5,2,4,1,1,2,2,2,2,2,2,2,2,2,3,2,2,2,2,2,1,1,1,2,2,0,0,0
2008,27,53,1,270054,1,5,2,2,1,1,5,1,4,2,2,2,2,2,2,1,2,2,2,2,1,2,2,2,2,2,2,2,2,2,2,0,0,0
2008,27,7,1,270055,1,5,1,2,4,1,5,1,1,2,1,2,1,2,2,2,2,2,1,2,1,2,2,2,2,2,2,2,2,2,2,0,0,0
2008,27,91,1,270056,1,5,2,2,4,2,5,2,1,1,1,2,1,1,2,2,2,2,1,2,3,2,2,2,2,2,2,2,1,2,2,0,0,0
2008,27,137,1,270057,1,5,2,1,3,1,1,1,1,2,1,2,1,2,2,1,2,2,1,2,1,2,2,2,2,2,2,2,1,2,2,0,0,0
2008,27,65,1,270058,1,5,1,2,1,2,3,2,3,1,1,2,2,2,2,1,2,2,2,2,2,2,2,2,2,1,2,2,1,2,2,0,0,0
2008,27,27,1,270059,1,5,1,2,1,1,4,1,4,1,1,2,2,2,2,2,2,2,1,2,2,2,2,2,2,1,2,2,2,2,2,0,0,0
2008,27,123,1,270060,1,5,2,2,4,2,4,2,1,2,1,2,1,2,2,2,2,2,2,2,1,2,2,2,2,2,2,2,1,2,2,0,0,0
2008,27,65,1,270061,1,5,1,2,4,2,3,2,1,1,2,2,1,2,2,2,2,2,1,2,2,1,1,1,1,2,2,1,1,2,2,0,0,0
2008,27,7,1,270062,1,5,1,2,1,1,5,1,4,1,1,2,2,1,2,2,2,2,2,2,2,1,1,1,1,2,2,1,2,2,2,0,0,0
2008,27,143,1,270063,1,5,1,2,4,2,5,2,1,1,1,2,1,2,2,2,2,2,1,2,1,2,2,2,2,2,2,2,1,2,2,0,0,0
2008,27,53,1,270064,1,5,2,2,1,1,4,1,4,2,2,2,2,2,2,1,2,2,2,2,1,2,2,2,2,2,2,2,2,2,2,0,0,0
2008,27,133,1,270065,1,5,1,2,1,2,4,2,3,1,1,2,2,2,2,2,2,2,2,2,3,2,2,2,2,2,2,2,1,2,2,0,0,0
2008,27,67,1,270066,1,5,2,2,1,2,3,2,5,1,1,2,3,1,2,2,2,2,1,2,3,2,2,2,2,1,2,2,1,2,2,0,0,0
2008,27,105,1,270067,1,5,1,2,4,2,5,2,1,1,1,2,1,2,2,2,2,2,1,2,2,2,2,1,1,2,2,1,1,1,2,0,0,0
2008,27,163,1,270068,1,5,2,1,3,2,1,2,1,2,1,2,3,2,2,2,2,2,1,2,3,1,1,1,1,2,1,1,1,2,2,0,0,0
2008,27,93,1,270069,1,5,2,2,1,1,4,1,4,1,1,2,2,2,2,2,2,2,2,2,2,2,2,2,2,1,1,1,2,2,2,0,0,0
2008,27,137,2,270070,1,5,1,2,1,2,5,2,3,1,1,2,2,2,2,2,2,2,2,2,1,2,2,1,1,1,2,1,1,2,2,0,0,0
2008,27,169,1,270071,1,5,1,2,4,2,5,2,1,1,1,2,1,2,2,2,2,2,1,2,2,2,2,2,2,2,2,2,1,2,2,0,0,0
2008,27,3,1,270072,1,5,2,2,1,1,4,1,1,1,1,2,1,2,1,2,2,2,2,2,2,2,2,2,2,2,2,2,2,2,2,0,0,0
2008,27,53,1,270073,1,5,2,2,1,1,4,1,4,1,2,2,2,2,2,1,2,2,2,1,2,1,2,1,2,2,2,2,2,2,2,0,0,0
2008,27,81,1,270074,1,5,1,2,4,2,4,2,1,1,1,2,1,2,2,2,2,2,1,2,2,2,2,2,2,2,2,2,1,2,2,0,0,0
2008,27,145,1,270075,1,5,1,2,1,2,4,2,3,1,1,2,2,2,2,2,2,2,2,2,2,2,2,2,2,1,2,2,1,2,2,0,0,0
2008,27,47,1,270076,1,5,1,1,1,1,1,1,4,1,1,2,2,1,2,2,2,2,1,2,1,2,2,2,2,1,2,2,2,2,2,0,0,0
2008,27,85,1,270077,1,5,1,2,1,1,4,1,2,1,2,2,2,2,2,1,2,2,2,2,3,2,2,2,2,2,2,2,2,2,2,0,0,0
2008,27,97,1,270078,1,5,1,2,4,1,6,1,1,2,1,2,1,2,2,1,2,2,1,2,2,1,1,1,1,2,2,1,2,2,2,0,0,0
2008,27,97,2,270079,1,5,1,2,2,2,3,2,1,2,1,2,1,2,2,1,2,2,1,2,1,2,2,2,2,2,2,2,1,2,2,0,0,0
2008,27,37,1,270080,1,5,2,1,1,1,1,1,1,1,1,2,1,2,2,2,2,1,2,2,3,2,2,2,2,2,2,2,2,2,2,0,0,0
2008,27,19,1,270081,1,5,2,2,1,1,3,1,1,1,1,2,1,2,2,2,1,2,2,2,2,2,2,2,2,1,2,2,2,2,2,0,0,0
2008,27,53,1,270082,1,5,2,1,1,1,1,1,2,2,2,2,2,2,2,1,2,2,1,2,3,1,1,1,1,2,2,1,2,2,2,0,0,0
2008,27,139,1,270083,1,5,1,2,1,1,4,1,3,1,1,2,2,2,2,2,2,2,2,2,3,2,2,2,2,1,2,2,2,2,2,0,0,0
2008,27,45,1,270084,1,5,1,2,4,2,5,2,1,2,1,2,1,2,2,1,2,2,2,2,1,2,2,2,2,2,1,1,1,2,2,0,0,0
2008,27,137,1,270085,1,5,1,2,1,2,6,2,1,2,1,2,1,2,1,1,2,2,2,2,3,1,1,1,1,2,2,1,2,2,2,0,0,0
2008,27,137,1,270086,1,5,1,2,1,1,3,1,4,1,1,2,2,1,2,2,2,2,2,2,1,2,2,2,2,1,2,2,2,2,2,0,0,0
2008,27,33,2,270087,1,5,1,2,1,1,4,1,4,1,1,2,2,1,2,2,2,2,1,2,2,2,2,2,2,1,2,2,2,1,2,0,0,0
2008,27,3,1,270088,1,5,1,1,1,2,1,2,1,2,1,2,1,1,2,2,2,2,1,2,1,2,2,2,2,2,2,2,1,2,2,0,0,0
2008,27,137,1,270089,1,5,1,2,1,2,6,2,3,1,2,2,2,2,2,2,2,2,1,2,1,2,2,2,2,2,2,2,2,2,2,0,0,0
2008,27,19,1,270090,1,5,1,2,4,2,4,2,1,1,1,2,1,2,2,1,2,2,1,2,2,2,2,2,2,1,2,2,1,2,2,0,0,0
2008,27,19,1,270091,1,5,1,2,4,2,5,2,1,2,2,2,1,2,2,1,2,2,1,2,1,2,2,2,2,2,2,2,1,2,2,0,0,0
2008,27,123,2,270092,1,5,1,2,1,2,4,2,3,1,2,2,2,2,2,2,2,2,2,2,2,1,1,1,1,2,2,1,1,2,2,0,0,0
2008,27,37,1,270093,1,5,2,2,1,1,3,1,4,2,2,2,3,2,2,2,2,2,2,2,1,1,1,1,1,2,2,1,2,1,2,0,0,0
2008,27,61,1,270094,1,5,1,2,4,2,4,2,1,1,2,2,1,2,2,2,2,2,2,2,3,2,2,2,2,2,2,2,1,1,1,0,1,1
2008,27,47,1,270095,1,5,1,2,1,2,5,2,1,2,1,2,1,2,2,2,2,2,2,2,2,2,2,2,2,2,2,2,2,2,2,0,0,0
2008,27,79,1,270096,1,5,1,2,1,1,6,1,4,2,2,2,2,1,2,1,2,2,1,2,1,2,2,2,2,2,2,2,2,2,2,0,0,0
2008,27,123,1,270097,1,5,2,1,4,2,1,3,1,2,1,2,1,2,2,2,2,2,2,2,2,2,2,2,2,2,2,2,1,2,2,0,0,0
2008,27,37,1,270098,1,5,2,2,1,2,6,2,1,1,1,2,1,2,1,2,2,2,2,2,3,2,2,2,2,2,2,2,2,2,2,0,0,0
2008,27,53,1,270099,1,5,2,1,1,1,1,1,2,1,1,2,3,2,2,2,2,2,2,2,3,2,2,2,2,2,1,1,2,2,2,0,0,0
2008,27,59,1,270100,1,5,1,2,1,2,4,2,3,1,1,2,2,2,2,1,2,2,2,2,2,2,2,2,2,1,2,2,1,1,2,0,0,0
2008,27,3,1,270101,1,5,2,2,3,2,3,2,1,2,2,2,1,2,2,2,2,2,1,2,1,2,2,2,2,2,1,1,1,2,2,0,0,0
2008,27,45,1,270102,1,5,1,2,4,2,4,2,1,2,2,2,1,2,2,1,2,2,1,2,1,2,2,2,2,2,2,2,1,1,2,0,0,0
2008,27,163,1,270103,1,5,1,2,4,2,5,2,1,2,2,2,1,2,1,1,2,2,2,2,2,2,2,2,2,2,2,2,1,2,2,0,0,0
2008,27,49,2,270104,1,5,1,2,4,2,3,2,1,2,1,2,1,2,2,1,2,2,1,2,1,2,2,1,1,2,2,1,1,2,2,0,0,0
2008,27,53,2,270105,1,5,2,1,4,2,1,3,1,2,1,2,1,2,2,1,2,2,1,2,1,2,2,1,1,2,2,1,1,2,2,0,0,0
2008,27,137,1,270106,1,5,1,2,4,2,4,2,1,1,1,2,1,2,2,2,2,2,1,2,2,2,2,2,2,1,2,2,1,2,2,0,0,0
2008,27,137,1,270107,1,5,1,2,1,1,4,1,4,1,1,2,2,2,2,2,2,2,2,2,2,1,1,1,1,2,2,1,2,2,2,0,0,0
2008,27,131,1,270108,1,5,2,2,1,1,4,1,1,1,1,2,1,2,2,2,1,2,2,2,3,2,2,2,2,2,2,2,2,2,2,0,0,0
2008,27,131,1,270109,1,5,1,2,1,2,4,2,3,1,1,2,2,2,2,2,2,2,2,2,2,2,2,2,2,1,2,2,1,2,2,0,0,0
2008,27,41,1,270110,1,5,1,2,4,2,5,2,1,2,2,2,1,2,2,2,2,2,1,2,1,2,2,2,2,2,2,2,1,2,2,0,0,0
2008,27,161,1,270112,1,5,1,2,1,2,3,2,3,1,2,2,2,2,2,2,2,2,2,2,3,2,2,2,2,1,1,1,1,2,2,0,0,0
2008,27,119,1,270113,1,5,1,2,4,2,4,3,1,2,1,2,1,2,2,1,2,2,1,2,1,2,2,2,2,2,1,1,1,1,2,0,0,0
2008,27,37,1,270114,1,5,2,2,1,2,4,2,3,1,2,2,2,2,2,1,2,2,2,2,3,2,2,2,2,2,1,1,1,2,2,0,0,0
2008,27,145,1,270115,1,5,1,1,1,2,1,3,3,2,1,2,2,1,2,2,2,2,2,2,2,2,2,2,2,2,2,2,1,2,2,0,0,0
2008,27,51,1,270116,1,5,1,2,2,1,5,1,1,1,1,2,1,2,1,1,2,2,2,2,2,2,2,2,2,2,2,2,2,2,2,0,0,0
2008,27,53,1,270118,1,5,1,2,1,2,3,2,5,1,1,2,3,1,2,2,2,2,2,2,3,2,2,2,2,2,1,1,1,2,2,0,0,0
2008,27,45,1,270119,1,5,1,2,4,2,3,2,1,1,1,2,1,2,2,1,2,2,2,1,2,2,2,2,2,2,2,2,1,2,2,0,0,0
2008,27,15,1,270120,1,5,1,2,4,2,6,2,1,2,1,2,1,2,2,2,2,2,1,2,2,2,2,2,2,2,2,2,1,1,2,0,0,0
2008,27,45,1,270121,1,5,1,2,1,2,5,3,1,2,1,2,1,2,2,2,2,2,2,2,2,1,1,1,1,2,2,1,2,2,2,0,0,0
2008,27,53,1,270122,1,5,2,2,4,2,6,2,1,2,2,2,1,2,1,1,2,2,2,2,1,2,2,2,2,2,2,2,1,2,2,0,0,0
2008,27,59,2,270123,1,5,1,2,1,1,4,1,4,1,1,2,2,1,2,2,2,2,2,2,3,2,2,1,1,1,2,1,2,1,2,0,0,0
2008,27,45,1,270124,1,5,1,2,4,2,4,2,1,2,2,2,1,2,1,1,2,2,2,2,1,2,2,2,2,2,2,2,1,2,2,0,0,0
2008,27,137,1,270125,1,5,1,2,4,2,5,2,1,2,2,2,1,2,2,2,2,2,1,2,1,2,2,2,2,2,2,2,1,2,2,0,0,0
2008,27,169,1,270126,1,5,1,2,1,1,4,1,4,2,2,2,2,2,1,2,2,2,2,2,1,2,2,2,2,2,2,2,2,2,2,0,0,0
2008,27,111,1,270127,1,5,1,2,1,1,5,1,4,1,2,2,2,2,1,2,2,2,2,2,1,2,2,2,2,1,2,2,2,2,2,0,0,0
2008,27,95,1,270128,1,5,1,2,1,2,5,2,1,2,1,2,1,2,1,2,2,2,2,2,2,2,2,2,2,2,2,2,2,2,2,0,0,0
2008,27,173,1,270129,1,5,1,2,4,1,5,1,1,1,1,2,1,2,2,2,2,2,2,2,1,2,2,2,2,2,2,2,2,1,2,0,0,0
2008,27,145,1,270130,1,5,1,2,1,2,6,2,1,2,2,2,1,2,1,2,2,2,2,2,2,2,2,2,2,2,1,1,2,2,2,0,0,0
2008,27,123,1,270131,1,5,2,2,4,2,4,2,1,2,1,2,1,2,2,2,2,2,1,2,1,2,2,2,2,2,2,2,1,2,2,0,0,0
2008,27,119,2,270132,1,5,1,2,1,1,4,1,4,2,1,2,2,2,2,1,2,2,1,2,2,2,2,1,1,2,2,1,2,2,2,0,0,0
2008,27,131,2,270133,1,5,1,2,1,2,4,2,3,1,1,2,2,1,2,2,2,2,2,2,2,2,2,2,2,2,2,2,1,1,2,0,0,0
2008,27,65,1,270134,1,5,1,2,1,2,5,2,1,1,1,2,1,2,1,2,2,2,2,2,2,2,2,2,2,1,2,2,2,2,2,0,0,0
2008,27,95,1,270135,1,5,1,2,1,2,4,2,1,1,2,2,1,2,2,2,2,1,2,2,2,2,2,2,2,2,2,2,2,2,2,0,0,0
2008,27,1,2,270136,1,5,1,2,1,2,4,2,3,1,2,2,2,2,2,2,2,2,1,2,1,2,2,2,2,2,2,2,1,2,2,0,0,0
2008,27,45,1,270137,1,5,1,2,1,1,5,1,3,2,1,2,2,2,1,2,2,2,2,2,2,2,2,2,2,2,1,1,2,2,2,0,0,0
2008,27,157,1,270138,1,5,1,2,6,2,5,2,1,1,1,2,1,2,2,2,2,2,1,2,2,2,2,2,2,1,2,2,1,2,2,0,0,0
2008,27,53,1,270139,1,5,2,2,1,2,6,2,1,1,1,2,2,2,1,2,2,2,2,2,2,1,1,1,1,2,2,1,2,2,2,0,0,0
2008,27,53,1,270140,1,5,2,2,4,2,2,2,1,1,1,2,1,2,2,2,2,2,1,2,2,2,2,2,2,2,2,2,1,2,2,0,0,0
2008,27,47,1,270141,1,5,1,2,1,2,5,2,4,2,1,2,2,2,1,2,2,2,2,2,1,2,2,2,2,2,2,2,2,2,2,0,0,0
2008,27,3,1,270142,1,5,1,2,4,2,4,2,1,2,2,2,1,2,1,2,2,2,2,2,2,2,2,2,2,2,2,2,1,2,2,0,0,0
2008,27,31,1,270143,1,5,1,2,1,1,3,1,1,2,2,2,1,2,2,1,1,2,2,2,1,2,2,2,2,2,2,2,2,2,2,0,0,0
2008,27,41,2,270144,1,5,1,2,1,2,5,2,3,1,1,2,2,2,2,2,2,2,2,2,2,2,2,2,2,1,2,2,2,2,2,0,0,0
2008,27,27,1,270145,1,5,1,2,1,2,3,2,1,2,2,2,1,2,2,2,1,2,2,2,2,2,2,2,2,2,2,2,2,2,2,0,0,0
2008,27,125,1,270146,1,5,1,2,4,2,6,2,1,1,1,2,1,2,2,2,2,2,1,2,1,2,2,2,2,2,2,2,1,2,2,0,0,0
2008,27,21,2,270147,1,5,1,2,1,2,6,3,1,1,1,2,1,2,2,2,2,2,1,2,2,2,2,2,2,2,2,2,2,1,2,0,1,1
2008,27,171,1,270148,1,5,1,2,4,2,5,2,1,2,2,2,1,2,2,1,2,2,1,2,1,2,2,1,1,2,2,1,1,2,2,0,0,0
2008,27,123,1,270149,1,5,2,1,1,2,1,2,2,1,2,1,2,2,2,2,2,2,1,2,3,2,2,2,2,2,2,2,2,2,2,0,0,0
2008,27,37,1,270150,1,5,1,2,1,1,4,1,4,1,1,2,2,2,2,2,2,2,2,2,3,2,2,2,2,1,2,2,2,1,2,0,0,0
2008,27,41,1,270151,1,5,1,2,1,2,5,2,1,2,1,2,1,2,1,1,2,2,2,2,1,2,2,2,2,2,2,2,2,2,2,0,0,0
2008,27,123,1,270152,1,5,2,2,1,2,6,2,1,2,1,2,1,2,1,1,2,2,2,2,1,2,2,2,2,2,2,2,1,2,2,0,0,0
2008,27,17,1,270153,1,5,2,2,4,2,5,2,1,2,1,2,1,2,2,1,2,2,2,2,3,2,2,2,2,2,2,2,1,2,2,0,0,0
2008,27,131,1,270154,1,5,1,2,1,2,6,2,1,2,2,2,1,2,2,2,2,2,2,2,1,2,2,2,2,2,2,2,2,2,2,0,0,0
2008,27,103,1,270155,1,5,1,2,1,1,3,1,3,2,2,2,2,2,2,2,2,2,2,2,3,2,2,2,2,2,2,2,2,2,2,0,0,0
2008,27,3,1,270156,1,5,2,2,1,2,2,3,4,1,1,2,2,2,2,2,2,2,2,2,2,1,1,1,1,1,2,1,2,2,2,0,0,0
2008,27,109,1,270157,1,5,1,2,1,1,3,1,4,1,2,2,2,2,2,2,2,2,2,2,3,1,1,1,1,2,2,1,2,1,2,0,0,0
2008,27,3,1,270158,1,5,2,2,1,1,3,1,1,2,2,2,1,2,2,2,1,2,2,2,2,2,2,2,2,2,2,2,2,2,2,0,0,0
2008,27,43,1,270159,1,5,1,2,1,2,5,2,3,1,1,2,2,1,2,2,2,2,2,2,2,2,2,2,2,2,2,2,1,1,2,0,0,0
2008,27,53,1,270160,1,5,2,2,1,1,4,1,7,1,1,2,2,1,1,2,2,2,2,2,2,2,2,2,2,2,1,1,2,1,2,0,0,0
2008,27,113,2,270161,1,5,1,2,1,1,5,1,4,2,1,2,2,1,2,2,2,2,2,2,1,2,2,2,2,2,2,2,2,2,2,0,0,0
2008,27,37,1,270162,1,5,2,2,1,1,5,1,4,1,1,2,2,2,1,2,2,2,2,2,2,2,2,2,2,2,1,1,2,2,2,0,0,0
2008,27,19,1,270163,1,5,1,2,4,2,5,2,1,1,2,2,1,2,2,2,2,2,1,2,2,1,1,1,1,2,2,1,1,2,2,0,0,0
2008,27,141,1,270164,1,5,1,2,2,2,5,3,1,2,1,2,1,2,2,2,2,2,1,2,1,2,2,1,1,2,2,1,1,1,2,0,0,0
2008,27,3,1,270165,1,5,2,2,1,2,6,2,1,2,2,2,1,2,2,2,1,2,2,2,1,2,2,2,2,2,2,2,2,2,2,0,0,0
2008,27,141,1,270166,1,5,1,2,4,2,6,2,1,2,2,2,1,2,1,1,2,2,2,2,1,2,2,2,2,2,2,2,1,2,2,0,0,0
2008,27,7,1,270167,1,5,1,2,1,2,3,3,4,1,1,2,2,2,2,2,2,2,1,2,3,2,2,2,2,1,2,2,2,2,2,0,0,0
2008,27,9,1,270168,1,5,2,2,1,1,5,1,4,1,1,2,2,1,2,2,2,2,1,2,3,2,2,2,2,1,2,2,2,2,2,0,0,0
2008,27,81,1,270169,1,5,1,2,1,2,6,2,3,2,2,2,2,2,2,2,2,2,2,2,3,2,2,2,2,1,2,2,1,2,2,0,0,0
2008,27,115,1,270170,1,5,1,2,1,1,4,1,4,1,1,2,2,1,2,2,2,2,2,2,2,2,2,2,2,2,2,2,2,2,2,0,0,0
2008,27,25,1,270171,1,5,1,2,1,1,5,1,4,1,1,2,2,2,2,2,2,2,2,2,3,2,2,2,2,1,2,2,2,2,2,0,0,0
2008,27,171,1,270172,1,5,1,1,4,2,1,3,1,2,2,2,1,2,2,2,2,2,1,2,2,2,2,2,2,1,2,2,1,1,2,0,0,0
2008,27,133,1,270173,1,5,1,2,1,2,5,3,4,2,2,2,2,2,1,2,2,2,2,2,3,2,2,2,2,2,2,2,2,2,2,0,0,0
2008,27,171,1,270174,1,5,1,2,1,1,4,1,4,1,2,2,2,2,1,1,2,2,2,2,3,2,2,2,2,1,2,2,2,2,2,0,0,0
2008,27,45,1,270175,1,5,1,2,4,2,4,2,1,2,2,2,1,2,1,2,2,2,2,2,1,2,2,2,2,2,2,2,1,2,2,0,0,0
2008,27,3,1,270176,1,5,2,2,1,2,2,2,2,2,1,2,1,2,2,1,2,2,1,2,2,2,2,1,1,2,2,1,2,2,2,0,0,0
2008,27,83,1,270177,1,5,1,2,4,2,5,2,1,2,2,2,1,2,2,2,2,2,1,2,1,2,2,2,2,2,2,2,1,2,2,0,0,0
2008,27,45,1,270178,1,5,1,2,4,1,5,1,1,2,1,2,1,2,2,1,2,2,1,2,2,1,1,1,1,2,2,1,2,2,2,0,0,0
2008,27,171,1,270179,1,5,1,2,1,1,4,1,4,2,1,2,2,2,2,2,2,2,2,2,2,1,1,1,1,2,2,1,2,2,2,0,0,0
2008,27,61,1,270180,1,5,2,2,1,1,3,1,1,2,2,1,2,2,2,1,1,2,2,2,1,1,1,1,1,2,1,1,2,2,2,0,0,0
2008,27,53,1,270181,1,5,2,1,1,2,1,3,2,1,1,2,3,1,2,1,2,2,2,2,3,2,2,2,2,1,2,2,2,2,2,0,0,0
2008,27,53,1,270182,1,5,2,2,1,2,3,2,2,2,1,1,2,2,1,2,2,2,2,2,1,2,2,2,2,2,2,2,2,2,2,0,0,0
2008,27,97,1,270183,1,5,1,2,1,2,3,2,3,2,2,2,2,2,2,2,2,2,1,2,1,2,2,2,2,2,1,1,2,2,2,0,0,0
2008,27,93,1,270184,1,5,1,2,1,2,3,2,3,1,1,2,2,1,2,2,2,2,2,2,2,2,2,2,2,2,1,1,2,2,2,0,0,0
2008,27,109,1,270185,1,5,1,1,1,2,1,2,1,1,2,2,1,1,2,2,2,2,1,2,1,2,2,2,2,2,2,2,1,2,2,0,0,0
2008,27,23,1,270186,1,5,1,2,1,2,6,3,1,2,2,2,1,2,2,2,2,2,2,2,2,2,2,2,2,1,2,2,2,2,2,0,0,0
2008,27,131,1,270187,1,5,1,2,4,2,4,2,1,2,1,2,1,2,1,2,2,2,2,2,1,2,2,2,2,2,2,2,1,2,2,0,0,0
2008,27,145,1,270188,1,5,1,2,1,1,5,1,2,1,1,2,2,2,2,2,2,2,2,2,3,2,2,2,2,1,2,2,2,2,2,0,0,0
2008,27,53,1,270189,1,5,2,2,1,1,4,1,4,2,1,2,2,2,2,2,2,2,2,2,1,2,2,1,1,2,2,1,2,2,2,0,0,0
2008,27,65,1,270190,1,5,1,2,1,1,3,1,4,2,1,2,2,2,1,2,2,2,2,2,2,2,2,2,2,2,2,2,2,1,2,0,0,0
2008,27,53,2,270191,1,5,2,2,4,2,6,2,1,1,1,2,1,2,2,1,2,2,2,2,2,2,2,2,2,2,2,2,1,2,2,0,0,0
2008,27,139,1,270192,1,5,1,2,1,1,5,1,4,1,1,2,2,2,1,2,2,2,2,2,2,2,2,2,2,2,2,2,2,2,2,0,0,0
2008,27,15,1,270193,1,5,2,2,3,2,3,2,1,2,2,2,1,2,1,2,2,2,2,2,1,2,2,2,2,2,1,1,1,2,2,0,0,0
2008,27,87,1,270194,1,5,1,2,4,1,4,1,1,1,1,2,1,2,2,2,2,2,1,2,1,2,2,2,2,2,2,2,1,2,2,0,1,1
2008,27,93,1,270195,1,5,1,2,1,2,3,2,3,1,1,2,2,1,2,2,2,2,2,2,2,2,2,2,2,2,2,2,1,2,2,0,0,0
2008,27,25,1,270196,1,5,1,2,1,1,3,1,4,1,1,2,2,2,2,2,2,2,2,2,3,1,2,1,2,2,2,2,2,2,2,0,0,0
2008,27,111,1,270197,1,5,1,2,1,2,5,2,1,2,1,2,1,2,1,2,2,2,2,2,2,2,2,2,2,2,2,2,2,2,2,0,0,0
2008,27,119,1,270198,1,5,2,2,1,1,5,1,4,1,2,2,2,2,1,2,2,2,2,2,2,2,2,2,2,2,2,2,2,1,2,0,0,0
2008,27,123,1,270199,1,5,2,1,2,2,1,2,5,1,1,2,3,2,1,2,2,2,2,2,3,2,2,2,2,2,2,2,1,1,2,0,0,0
2008,27,21,1,270200,1,5,1,2,1,2,5,2,1,1,1,2,1,2,1,2,2,2,2,2,3,2,2,2,2,2,2,2,2,2,2,0,0,0
2008,27,83,1,270201,1,5,1,2,1,1,3,1,4,1,2,2,2,2,2,1,2,2,1,2,3,1,1,1,1,2,1,1,2,2,2,0,0,0
2008,27,53,1,270202,1,5,2,2,4,2,2,2,1,2,1,2,1,2,2,2,2,2,1,2,1,2,2,1,1,2,2,1,1,2,2,0,0,0
2008,27,97,1,270203,1,5,1,2,1,2,5,2,1,1,1,2,1,2,1,2,2,2,2,2,2,2,2,2,2,1,2,2,2,2,2,0,0,0
2008,27,121,1,270204,1,5,1,2,4,2,4,2,1,1,1,2,1,2,2,2,2,2,1,2,2,2,2,2,2,2,2,2,1,2,2,0,0,0
2008,27,13,1,270205,1,5,1,2,4,2,6,2,1,1,1,2,1,2,1,2,2,2,2,2,2,2,2,2,2,2,2,2,1,2,2,0,0,0
2008,27,27,1,270206,1,5,1,2,4,1,5,1,1,2,1,2,1,2,2,2,2,2,2,2,1,2,2,2,2,2,2,2,2,2,2,0,0,0
2008,27,25,1,270207,1,5,1,2,1,2,5,2,5,1,1,2,2,1,2,2,2,2,2,2,2,2,2,2,2,1,2,2,1,2,2,0,0,0
2008,27,171,1,270208,1,5,1,2,4,2,6,2,1,2,1,2,1,2,2,2,2,2,1,2,1,2,2,2,2,2,2,2,2,2,2,0,0,0
2008,27,53,1,270209,1,5,2,1,1,2,1,2,6,1,1,2,3,1,2,2,2,2,2,2,3,2,2,2,2,2,2,2,2,2,2,0,0,0
2008,27,3,1,270210,1,5,2,2,4,2,6,2,2,2,2,1,1,2,2,1,2,2,2,2,1,2,2,2,2,2,2,2,2,2,2,0,0,0
2008,27,93,1,270211,1,5,1,2,1,1,4,1,4,1,2,2,3,2,2,2,2,2,2,2,1,2,2,2,2,1,1,1,2,2,2,0,0,0
2008,27,53,1,270212,1,5,2,2,1,2,2,3,4,2,2,2,2,2,2,2,2,2,2,2,3,2,2,1,1,2,2,1,1,2,2,0,0,0
2008,27,5,1,270213,1,5,1,2,4,2,5,2,2,2,2,1,1,2,2,1,2,2,2,2,1,2,2,2,2,2,2,2,1,2,2,0,0,0
2008,27,171,1,270214,1,5,1,2,4,2,5,2,1,2,1,2,1,2,1,2,2,2,2,2,1,2,2,2,2,2,2,2,1,2,2,0,0,0
2008,27,161,1,270215,1,5,1,2,1,1,3,1,4,1,1,2,2,2,2,1,2,2,2,2,3,2,2,2,2,2,2,2,2,2,2,0,0,0
2008,27,1,1,270216,1,5,1,2,1,2,4,3,3,1,1,2,2,2,2,2,2,2,2,2,3,2,2,2,2,1,2,2,2,2,2,0,0,0
2008,27,13,1,270217,1,5,1,2,4,2,5,2,1,2,2,2,1,2,1,2,2,2,2,2,1,2,2,2,2,2,2,2,1,2,2,0,0,0
2008,27,131,1,270218,1,5,1,2,4,2,5,2,1,2,1,2,1,2,2,2,2,2,2,2,2,2,2,2,2,2,2,2,1,2,2,0,0,0
2008,27,141,1,270219,1,5,2,2,1,1,4,1,2,1,1,2,2,2,1,2,2,2,2,2,3,2,2,2,2,2,2,2,2,1,2,0,0,0
2008,27,99,1,270220,1,5,1,2,4,2,5,2,1,1,2,2,1,2,1,1,2,2,2,2,3,2,2,2,2,2,2,2,1,2,2,0,0,0
2008,27,79,1,270221,1,5,1,2,1,1,6,1,4,1,2,2,2,2,1,2,2,2,2,2,2,2,2,2,2,1,2,2,2,2,2,0,0,0
2008,27,19,1,270222,1,5,1,2,4,2,4,2,1,1,2,2,1,2,1,2,2,2,2,2,1,2,2,2,2,2,2,2,1,2,2,0,0,0
2008,27,95,1,270223,1,5,1,2,4,2,3,2,1,1,1,2,1,2,2,1,2,2,1,2,2,2,2,2,2,2,2,2,1,2,2,0,0,0
2008,27,19,1,270224,1,5,1,2,1,1,4,1,4,1,1,2,2,2,2,2,2,2,2,2,3,2,2,2,2,1,2,2,2,1,2,0,0,0
2008,27,171,1,270225,1,5,1,2,1,1,5,1,1,2,2,2,1,2,1,1,2,2,2,2,1,2,2,2,2,2,2,2,2,2,2,0,0,0
2008,27,1,1,270226,1,5,1,2,1,1,5,1,4,1,2,2,2,2,1,2,2,2,2,2,2,2,2,2,2,2,2,2,2,1,2,0,0,0
2008,27,131,1,270227,1,5,1,1,3,2,1,2,1,2,2,2,1,2,2,1,2,2,1,2,2,2,2,2,2,2,1,1,1,2,2,0,0,0
2008,27,13,1,270228,1,5,1,2,4,2,3,3,1,2,2,2,1,2,1,2,2,2,2,2,1,2,2,2,2,2,2,2,1,2,2,0,0,0
2008,27,3,1,270229,1,5,2,2,1,2,4,2,1,2,1,2,1,2,1,2,2,2,2,2,2,2,2,2,2,2,2,2,2,2,2,0,0,0
2008,27,141,1,270230,1,5,2,2,1,1,3,1,1,2,2,2,1,2,2,2,2,1,2,2,2,2,2,2,2,2,2,2,2,2,2,0,0,0
2008,27,91,1,270231,1,5,1,2,1,1,5,1,4,2,2,2,2,2,2,2,2,2,2,2,1,2,2,2,2,2,2,2,2,2,2,0,0,0
2008,27,169,1,270232,1,5,2,2,1,1,3,1,4,1,1,2,2,2,2,2,2,2,2,2,3,2,2,1,1,1,2,1,2,2,2,0,0,0
2008,27,123,1,270233,1,5,2,2,1,2,5,2,1,1,1,2,1,2,1,2,2,2,2,2,2,2,2,2,2,1,2,2,2,2,2,0,0,0
2008,27,79,1,270234,1,5,1,2,1,2,6,3,3,1,1,2,2,2,1,1,2,2,2,2,2,1,1,1,1,2,2,1,2,2,2,0,0,0
2008,27,19,1,270235,1,5,1,3,4,2,7,2,1,2,1,2,1,2,2,1,2,2,2,2,2,1,1,1,1,2,2,1,1,2,2,0,0,0
2008,27,131,1,270236,1,5,1,2,1,2,5,2,1,1,2,2,1,2,2,2,1,1,2,2,3,2,2,2,2,1,2,2,2,2,2,0,0,0
2008,27,139,1,270237,1,5,2,2,4,2,4,2,1,1,2,2,1,2,2,1,2,2,1,1,1,2,2,2,2,2,2,2,1,2,2,0,0,0
2008,27,37,1,270238,1,5,2,2,1,2,6,2,2,2,2,2,2,2,1,1,2,2,2,2,1,2,2,2,2,2,2,2,2,2,2,0,0,0
2008,27,137,1,270240,1,5,2,1,4,2,1,3,1,1,1,2,1,2,2,1,2,2,2,2,3,2,2,2,2,1,2,2,1,2,2,0,0,0
2008,27,163,2,270241,1,5,2,2,4,2,6,2,1,2,2,2,1,2,2,2,2,2,2,2,2,2,2,2,2,2,2,2,1,2,2,0,0,0
2008,27,61,1,270242,1,5,1,2,4,2,5,2,1,2,1,2,1,2,2,2,2,2,1,2,1,1,1,1,1,2,2,1,1,2,2,0,0,0
2008,27,105,1,270243,1,5,1,1,3,2,1,2,1,1,1,2,1,2,1,2,2,2,2,2,2,2,2,2,2,2,2,2,1,2,2,0,0,0
2008,27,123,1,270244,1,5,2,1,4,2,1,2,1,2,1,2,1,2,2,2,2,2,2,2,2,2,2,2,2,1,2,2,1,2,2,0,0,0
2008,27,53,1,270245,1,5,2,2,1,2,4,2,1,2,1,1,1,2,2,2,2,1,2,2,3,2,2,2,2,2,2,2,2,2,2,0,0,0
2008,27,43,1,270246,1,5,1,2,1,1,3,1,4,1,1,2,2,2,2,2,2,2,2,2,3,2,2,2,2,1,2,2,2,2,2,0,0,0
2008,27,53,1,270247,1,5,2,2,1,2,6,2,1,2,1,2,1,2,2,2,2,2,2,2,2,2,2,2,2,2,2,2,2,2,2,0,0,0
2008,27,53,1,270248,1,5,2,1,4,2,1,3,1,1,1,2,1,2,2,2,2,2,1,2,2,2,2,2,2,2,2,2,1,2,2,0,0,0
2008,27,169,1,270249,1,5,1,2,1,1,3,1,4,2,2,2,2,2,2,2,2,2,1,2,1,2,2,2,2,2,1,1,2,1,2,0,0,0
2008,27,139,1,270250,1,5,2,2,1,1,4,1,1,2,1,1,1,2,2,2,2,1,2,2,1,2,2,2,2,2,2,2,2,2,2,0,0,0
2008,27,53,1,270251,1,5,2,2,4,2,4,2,1,2,2,2,1,2,2,1,2,2,2,1,1,2,2,2,2,2,2,2,1,2,2,0,0,0
2008,27,139,1,270252,1,5,2,2,1,2,4,2,3,2,1,2,3,2,2,2,2,2,1,2,1,2,2,2,2,2,1,1,1,2,2,0,0,0
2008,27,161,1,270253,1,5,1,2,4,2,3,2,1,1,1,2,1,1,2,2,2,2,1,2,3,2,2,2,2,1,2,2,1,1,2,0,0,0
2008,27,143,1,270254,1,5,1,2,4,2,4,2,1,1,1,2,1,2,2,2,2,2,2,2,2,2,2,2,2,1,2,2,1,2,1,0,0,0
2008,27,53,1,270255,1,5,2,2,1,1,3,1,4,1,1,2,2,2,1,2,2,2,2,2,2,2,2,2,2,2,1,1,2,1,2,0,0,0
2008,27,137,1,270256,1,5,1,2,4,2,6,2,1,2,1,2,1,2,2,1,2,2,1,2,1,2,2,2,2,2,2,2,1,2,2,0,0,0
2008,27,67,1,270257,1,5,1,2,1,2,3,2,1,1,1,2,1,2,1,2,2,2,2,2,2,2,2,2,2,2,2,2,2,2,2,0,0,0
2008,27,77,1,270258,1,5,1,2,1,2,5,2,1,2,2,2,1,2,2,2,1,2,2,2,3,2,2,2,2,2,2,2,2,2,2,0,0,0
2008,27,3,1,270259,1,5,2,2,1,1,4,1,4,1,1,2,2,2,2,2,2,2,2,2,3,2,2,2,2,1,2,2,2,1,2,0,0,0
2008,27,123,1,270260,1,5,2,2,4,2,6,2,2,2,1,2,1,2,2,2,2,2,2,2,1,2,2,2,2,2,1,1,1,2,2,0,0,0
2008,27,139,1,270261,1,5,1,2,4,2,6,3,1,2,2,1,1,2,2,2,1,2,2,2,1,2,2,2,2,2,2,2,2,2,2,0,1,1
2008,27,109,1,270262,1,5,1,1,1,2,1,2,2,1,2,2,2,1,2,2,2,2,2,2,3,1,1,1,1,2,2,1,2,2,2,0,0,0
2008,27,77,1,270263,1,5,1,2,1,2,5,2,1,2,2,2,1,2,1,2,2,2,2,2,1,2,2,2,2,2,2,2,2,2,2,0,0,0
2008,27,21,1,270264,1,5,1,2,4,2,5,2,1,1,2,2,1,2,2,2,2,2,2,2,3,2,2,2,2,2,2,2,1,2,2,0,0,0
2008,27,37,1,270265,1,5,1,2,1,2,4,2,1,2,1,2,1,2,2,2,1,2,2,2,2,2,2,2,2,2,2,2,2,2,2,0,0,0
2008,27,153,1,270266,1,5,1,2,4,2,5,2,1,1,1,2,1,2,2,2,2,2,1,2,2,1,1,1,1,2,2,1,1,1,2,0,0,0
2008,27,13,1,270267,1,5,2,2,1,1,6,1,1,1,1,2,1,2,2,2,2,1,2,2,2,2,2,2,2,1,2,2,2,2,2,0,0,0
2008,27,151,2,270269,1,5,1,2,1,1,3,1,4,1,1,2,2,2,2,2,2,2,1,2,2,2,2,2,2,1,2,2,2,2,2,0,0,0
2008,27,53,1,270271,1,5,2,2,1,1,4,1,4,1,2,2,3,2,2,1,2,2,2,2,1,2,2,2,2,2,2,2,2,2,2,0,0,0
2008,27,45,1,270272,1,5,1,2,1,2,5,2,4,1,2,2,2,2,1,2,2,2,2,2,3,2,2,2,2,1,2,2,1,2,2,0,0,0
2008,27,3,1,270273,1,5,2,2,1,1,5,1,1,1,1,2,1,2,2,1,2,1,2,2,2,2,2,2,2,2,2,2,2,1,2,0,0,0
2008,27,151,1,270274,1,5,1,2,4,2,5,2,1,2,1,2,1,2,2,1,2,2,1,2,1,2,2,2,2,2,2,2,1,2,2,0,0,0
2008,27,127,1,270275,1,5,1,2,1,2,4,2,2,2,2,2,2,2,2,2,2,2,2,2,3,2,2,2,2,1,2,2,2,1,2,0,0,0
2008,27,3,1,270276,1,5,2,2,1,1,3,1,2,2,2,2,3,2,2,1,2,2,2,2,1,1,1,1,1,2,1,1,2,2,2,0,0,0
2008,27,1,1,270277,1,5,1,2,4,2,5,2,1,2,2,2,1,2,2,1,2,2,2,2,1,2,2,2,2,2,2,2,1,2,2,0,0,0
2008,27,53,1,270278,1,5,2,2,4,2,4,2,1,2,1,2,1,2,2,1,2,2,2,2,1,2,2,2,2,2,1,1,1,2,2,0,0,0
2008,27,53,1,270279,1,5,2,2,1,2,4,2,1,2,1,2,1,2,2,2,1,2,2,2,3,2,2,2,2,2,2,2,2,2,2,0,0,0
2008,27,119,1,270280,1,5,1,2,1,1,3,1,4,2,1,2,2,1,2,2,2,2,2,2,3,1,2,1,2,2,2,2,2,1,2,0,0,0
2008,27,163,1,270281,1,5,1,2,4,2,4,2,1,2,2,2,1,2,1,1,2,2,2,2,1,2,2,2,2,2,2,2,1,2,2,0,0,0
2008,27,53,1,270282,1,5,2,1,1,1,1,1,4,1,1,2,2,2,1,2,2,2,2,2,3,1,1,1,1,2,2,1,2,2,2,0,0,0
2008,27,131,1,270283,1,5,1,2,1,2,4,2,1,1,1,2,1,2,2,2,2,2,1,2,2,2,2,2,2,2,2,2,1,2,2,0,0,0
2008,27,135,1,270284,1,5,1,2,1,1,5,1,4,2,2,2,2,2,2,1,2,2,1,2,1,2,2,2,2,2,2,2,2,2,2,0,0,0
2008,27,145,1,270285,1,5,2,2,1,1,3,1,4,1,1,2,2,1,2,2,2,2,2,2,2,2,2,2,2,1,2,2,2,2,2,0,0,0
2008,27,5,2,270286,1,5,1,2,1,2,3,2,3,1,1,2,2,1,2,2,2,2,2,2,2,2,2,2,2,1,2,2,1,2,2,0,0,0
2008,27,53,1,270287,1,5,1,2,4,2,3,2,1,2,1,2,1,2,2,2,2,2,2,2,1,2,2,2,2,2,2,2,1,2,2,0,0,0
2008,27,145,1,270288,1,5,1,1,1,2,1,2,1,2,2,2,3,1,1,2,2,2,2,2,1,2,2,2,2,2,1,1,2,2,2,0,0,0
2008,27,145,1,270290,1,5,1,2,4,2,5,2,1,2,2,2,1,2,2,2,2,2,1,2,1,2,2,2,2,2,2,2,1,2,2,0,0,0
2008,27,53,1,270291,1,5,2,2,3,1,6,1,1,1,2,2,1,2,2,1,2,2,2,2,2,2,2,2,2,2,2,2,2,2,2,0,0,0
2008,27,113,1,270292,1,5,1,2,4,2,3,2,1,2,2,2,1,2,2,2,2,2,1,2,2,1,1,1,1,2,2,1,1,1,2,0,0,0
2008,27,169,1,270293,1,5,1,1,1,2,1,2,3,1,1,2,2,2,2,2,2,2,2,2,3,2,2,2,2,2,2,2,1,2,2,0,0,0
2008,27,47,2,270294,1,5,1,1,1,2,1,2,3,2,2,2,2,2,2,2,2,2,2,2,3,2,2,2,2,2,2,2,1,1,2,0,0,0
2008,27,45,1,270295,1,5,1,2,1,2,3,3,4,1,1,2,2,2,2,2,2,2,1,2,3,2,2,2,2,2,2,2,2,1,2,0,0,0
2008,27,19,1,270296,1,5,1,2,2,2,4,2,1,1,1,2,1,2,1,1,2,2,2,2,1,2,2,2,2,2,2,2,1,1,2,0,0,0
2008,27,21,1,270297,1,5,1,2,2,2,4,2,1,2,2,2,1,2,1,1,2,2,2,2,1,2,2,2,2,2,2,2,1,2,2,0,0,0
2008,27,169,2,270298,1,5,1,1,3,2,1,2,1,1,1,2,1,1,2,2,2,2,1,2,3,2,2,2,2,2,2,2,1,2,2,0,0,0
2008,27,27,1,270299,1,5,1,2,4,2,5,2,1,2,1,2,1,1,2,2,2,2,1,2,2,2,2,2,2,2,2,2,1,2,2,0,0,0
2008,27,145,1,270300,1,5,1,2,4,2,5,2,1,2,1,2,1,2,2,2,2,2,1,2,1,2,2,2,2,2,1,1,1,1,2,0,0,0
2008,27,95,1,270301,1,5,1,2,4,2,6,2,1,2,1,2,1,2,2,1,2,2,2,2,1,2,2,2,2,2,1,1,1,2,2,0,0,0
2008,27,3,1,270302,1,5,2,2,3,2,2,3,1,1,1,2,1,2,2,2,2,2,1,2,1,2,2,2,2,2,2,2,1,1,2,0,0,0
2008,27,115,1,270303,1,5,1,2,1,1,4,1,4,1,2,2,2,2,2,2,2,2,1,2,2,2,2,2,2,2,2,2,2,2,2,0,0,0
2008,27,53,1,270304,1,5,2,2,1,2,3,2,1,2,2,2,1,2,2,2,1,2,2,2,2,2,2,2,2,2,2,2,2,2,2,0,0,0
2008,27,59,1,270305,1,5,1,2,4,2,6,2,1,1,2,2,1,2,2,2,2,2,1,2,1,2,2,2,2,2,2,2,1,2,2,0,0,0
2008,27,35,1,270306,1,5,1,2,1,1,3,1,4,1,1,2,2,2,2,2,2,2,2,2,3,2,2,2,2,1,1,1,2,2,2,0,0,0
2008,27,145,1,270307,1,5,1,2,4,2,3,2,1,1,1,2,1,2,2,2,2,2,2,2,2,2,2,2,2,1,2,2,1,2,2,0,0,0
2008,27,171,1,270308,1,5,1,2,1,1,3,1,1,1,1,2,1,1,2,2,2,1,2,2,2,2,2,2,2,2,2,2,2,2,2,0,0,0
2008,27,107,1,270309,1,5,1,2,4,2,5,2,1,2,2,2,1,2,2,1,2,2,1,2,1,2,2,2,2,2,2,2,1,2,2,0,0,0
2008,27,87,1,270310,1,5,1,2,1,2,3,2,3,1,1,2,2,1,2,2,2,2,1,2,2,2,2,2,2,2,2,2,1,2,2,0,1,1
2008,27,171,2,270311,1,5,1,2,1,1,5,1,1,1,2,2,2,2,1,1,2,2,2,2,1,2,2,2,2,2,1,1,2,1,2,0,0,0
2008,27,99,1,270312,1,5,2,2,1,2,4,2,1,1,2,2,1,2,2,2,1,2,2,2,2,2,2,2,2,2,2,2,2,1,2,0,0,0
2008,27,53,1,270313,1,5,2,2,1,2,5,3,2,2,2,2,2,2,1,1,2,2,2,2,1,2,2,2,2,2,2,2,2,2,2,0,0,0
2008,27,57,1,270314,1,5,1,2,1,1,5,1,4,1,2,2,2,2,2,2,2,2,2,2,1,2,2,2,2,1,2,2,2,2,2,0,0,0
2008,27,171,3,270315,1,5,1,2,4,1,5,1,1,2,1,2,1,2,2,1,2,2,2,2,2,2,2,2,2,2,1,1,2,2,2,0,0,0
2008,27,153,1,270316,1,5,1,2,1,2,3,2,3,1,1,2,2,2,2,2,2,2,1,2,2,2,2,2,2,2,2,2,1,2,2,0,0,0
2008,27,15,1,270317,1,5,1,2,1,2,5,2,1,1,1,2,1,2,2,2,2,2,2,2,2,2,2,2,2,1,2,2,2,2,2,0,0,0
2008,27,25,1,270318,1,5,1,2,1,1,3,1,1,1,1,2,1,2,2,2,2,1,2,2,2,2,2,2,2,2,2,2,2,2,2,0,0,0
2008,27,25,1,270319,1,5,1,2,1,1,4,1,4,1,2,2,2,2,1,2,2,2,2,2,1,1,1,1,1,2,2,1,2,2,2,0,0,0
2008,27,5,1,270320,1,5,1,2,4,2,5,2,1,2,1,2,1,2,2,1,2,2,1,2,1,2,2,2,2,2,2,2,1,1,2,0,0,0
2008,27,53,1,270321,1,5,2,1,1,2,1,2,2,1,2,2,2,2,1,1,2,2,2,2,3,2,2,2,2,1,2,2,2,2,2,0,0,0
2008,27,137,1,270322,1,5,2,2,1,2,5,2,3,1,1,2,2,2,2,2,2,2,2,2,3,1,1,1,1,2,2,1,1,1,2,0,0,0
2008,27,13,1,270323,1,5,2,2,1,1,4,1,1,1,2,2,1,2,2,2,2,2,2,2,3,2,2,2,2,2,2,2,2,2,2,0,0,0
2008,27,39,1,270324,1,5,1,2,1,1,6,1,4,1,1,2,2,2,2,2,2,2,1,2,3,2,2,2,2,2,2,2,2,2,2,0,0,0
2008,27,35,1,270325,1,5,1,2,1,1,3,1,5,1,1,2,2,1,2,2,2,2,2,2,2,2,2,2,2,2,2,2,2,2,2,0,0,0
2008,27,71,1,270326,1,5,1,2,1,2,5,2,1,1,1,2,1,2,1,2,2,2,2,2,3,2,2,2,2,1,2,2,2,2,2,0,0,0
2008,27,145,1,270328,1,5,1,2,4,2,5,2,1,2,1,2,1,2,2,1,2,2,1,2,2,1,1,1,1,2,2,1,1,2,2,0,0,0
2008,27,19,1,270329,1,5,1,2,1,2,4,2,4,1,1,2,2,2,2,2,2,2,2,2,2,2,2,2,2,2,2,2,2,1,2,0,0,0
2008,27,53,1,270330,1,5,2,2,1,2,2,3,1,2,2,2,1,2,1,1,2,2,2,2,1,2,2,2,2,2,2,2,1,2,2,0,0,0
2008,27,53,1,270331,1,5,2,2,4,2,4,2,1,2,1,2,1,2,2,2,2,2,1,2,2,2,2,2,2,2,2,2,1,2,2,0,0,0
2008,27,21,1,270332,1,5,1,2,1,2,3,2,1,2,1,2,1,1,2,2,1,2,2,2,2,2,2,2,2,2,2,2,2,2,2,0,1,1
2008,27,47,1,270333,1,5,1,1,3,2,1,3,1,2,2,2,1,2,2,1,2,2,1,2,3,2,2,2,2,2,2,2,1,2,2,0,0,0
2008,27,47,1,270334,1,5,1,1,1,2,1,3,4,1,1,2,2,1,2,1,2,2,2,2,2,2,2,2,2,2,2,2,2,2,2,0,0,0
2008,27,37,1,270335,1,5,2,1,4,2,1,3,1,1,1,2,1,2,2,1,2,2,1,2,2,2,2,2,2,2,2,2,1,2,2,0,0,0
2008,27,49,1,270336,1,5,1,2,1,2,4,2,4,1,1,2,2,2,2,2,2,2,2,2,3,2,2,2,2,2,2,2,2,2,2,0,0,0
2008,27,137,1,270337,1,5,1,2,1,1,6,1,3,2,2,2,2,2,2,2,2,2,2,2,1,2,2,1,1,2,2,1,2,2,2,0,0,0
2008,27,55,1,270338,1,5,1,2,1,2,4,2,1,1,1,2,2,2,2,2,2,2,2,2,3,2,2,2,2,1,2,2,2,2,2,0,0,0
2008,27,37,1,270339,1,5,1,2,4,2,4,2,1,2,2,2,1,2,2,2,2,2,1,2,1,2,2,2,2,2,2,2,1,1,2,0,0,0
2008,27,129,1,270340,1,5,1,2,1,1,3,1,1,1,2,2,1,1,2,1,2,2,1,2,2,2,2,2,2,2,2,2,2,2,2,0,0,0
2008,27,153,1,270341,1,5,1,2,4,2,5,2,1,2,2,2,1,2,2,2,2,2,2,2,1,2,2,2,2,2,2,2,1,2,2,0,0,0
2008,27,131,1,270342,1,5,1,2,4,2,5,2,1,1,2,2,1,2,2,2,2,2,1,2,2,2,2,2,2,2,1,1,1,2,2,0,0,0
2008,27,45,1,270343,1,5,1,2,4,2,3,2,1,1,2,2,2,2,2,2,2,2,2,2,3,2,2,2,2,1,2,2,1,1,2,0,0,0
2008,27,115,1,270344,1,5,1,1,1,2,1,2,2,2,2,2,2,2,1,1,2,2,2,2,1,2,2,2,2,2,1,1,2,2,2,0,0,0
2008,27,1,1,270345,1,5,1,2,1,2,5,2,1,2,1,2,1,2,2,1,2,2,1,2,1,2,2,2,2,2,2,2,2,2,2,0,0,0
2008,27,35,1,270346,1,5,1,2,1,1,3,1,2,1,1,2,3,2,2,2,2,2,1,2,3,2,2,2,2,1,2,2,2,1,2,0,0,0
2008,27,73,1,270347,1,5,1,2,4,2,6,2,1,2,2,2,1,2,2,2,2,2,1,2,1,2,2,2,2,2,2,2,1,2,2,0,0,0
2008,27,119,1,270348,1,5,2,2,1,1,3,1,1,1,1,2,1,1,2,2,1,2,2,2,2,2,2,2,2,2,2,2,2,2,2,0,0,0
2008,27,123,1,270349,1,5,2,2,1,1,5,1,1,1,2,2,1,2,2,2,2,1,2,2,2,2,2,2,2,2,2,2,2,2,2,0,0,0
2008,27,55,1,270350,1,5,1,2,4,1,5,1,1,2,2,2,1,2,2,1,2,2,1,2,1,2,2,2,2,2,2,2,2,2,2,0,0,0
2008,27,61,1,270351,1,5,1,2,4,2,6,2,1,2,2,2,1,2,2,2,2,2,1,2,1,2,2,2,2,1,2,2,1,2,2,0,0,0
2008,27,79,1,270352,1,5,1,2,1,2,5,2,3,1,1,2,1,2,2,2,2,2,2,2,2,1,1,1,1,2,2,1,1,2,2,0,0,0
2008,27,173,1,270353,1,5,1,2,2,2,3,2,2,2,1,2,1,2,2,2,2,2,2,2,1,2,2,2,2,2,2,2,1,2,2,0,0,0
2008,27,57,1,270354,1,5,1,2,1,1,3,1,1,2,1,2,1,2,2,2,1,2,2,2,2,2,2,2,2,2,2,2,2,2,2,0,0,0
2008,27,137,1,270355,1,5,1,2,1,1,6,1,5,1,1,2,2,2,2,1,2,2,1,2,1,2,2,2,2,2,2,2,2,2,2,0,0,0
2008,27,115,1,270356,1,5,1,1,4,2,1,2,1,1,1,2,1,2,2,2,2,2,1,2,2,2,2,2,2,2,2,2,1,2,2,0,0,0
2008,27,37,1,270357,1,5,2,2,1,1,5,1,1,2,1,2,1,2,2,2,2,1,2,2,2,1,1,1,1,2,2,1,2,1,2,0,0,0
2008,27,53,1,270358,1,5,2,1,3,2,1,3,1,2,2,2,1,2,2,1,2,2,2,2,1,2,2,1,1,2,2,1,1,2,2,0,0,0
2008,27,109,1,270359,1,5,2,2,1,2,4,2,1,2,1,2,2,2,1,1,2,2,2,2,2,2,2,2,2,2,2,2,2,2,2,0,0,0
2008,27,7,1,270360,1,5,1,2,4,2,5,2,1,1,1,2,1,2,2,2,2,2,1,2,2,2,2,2,2,2,2,2,1,1,2,0,0,0
2008,27,109,1,270361,1,5,1,2,4,2,5,3,1,2,1,2,1,2,2,1,2,2,1,2,1,2,2,2,2,2,2,2,1,2,2,0,0,0
2008,27,23,1,270362,1,5,1,2,4,2,6,2,1,1,1,2,1,2,2,2,2,2,1,2,3,1,1,1,1,2,2,1,1,2,2,0,0,0
2008,27,169,1,270363,1,5,1,2,4,2,4,3,1,2,2,2,1,2,2,2,2,2,1,2,1,2,2,2,2,2,1,1,1,2,2,0,0,0
2008,27,119,1,270364,1,5,1,2,4,2,5,2,1,1,1,2,1,2,2,2,2,2,2,2,2,2,2,2,2,1,2,2,1,2,2,0,0,0
2008,27,145,1,270365,1,5,1,2,4,2,4,2,1,2,2,2,1,2,2,2,2,2,2,2,2,2,2,2,2,2,2,2,1,2,2,0,0,0
2008,27,137,1,270366,1,5,2,2,1,2,4,2,1,1,1,2,1,2,2,2,1,2,2,2,2,2,2,2,2,2,2,2,2,2,2,0,0,0
2008,27,19,1,270368,1,5,2,2,1,1,4,1,1,1,1,2,1,2,2,2,1,2,2,2,3,2,2,2,2,2,2,2,2,2,2,0,0,0
2008,27,47,1,270369,1,5,1,1,4,2,1,2,1,1,1,2,1,2,2,1,2,2,2,2,3,2,2,2,2,2,2,2,1,2,2,0,0,0
2008,27,113,1,270370,1,5,1,2,4,2,5,2,1,1,2,2,1,2,2,2,2,2,1,2,1,2,2,2,2,2,1,1,1,2,2,0,0,0
2008,27,171,1,270371,1,5,1,2,1,1,5,1,4,1,1,2,2,1,2,2,2,2,2,2,3,2,2,2,2,1,2,2,2,2,2,0,0,0
2008,27,5,1,270372,1,5,1,2,1,1,3,1,4,1,1,2,2,2,2,2,2,2,2,2,3,2,2,2,2,1,2,2,2,1,2,0,0,0
2008,27,41,1,270373,1,5,1,2,1,2,5,2,3,1,1,2,2,1,2,2,2,2,2,2,2,2,2,2,2,1,2,2,1,2,2,0,0,0
2008,27,47,1,270374,1,5,1,2,1,2,6,2,1,1,1,2,1,2,2,2,1,2,2,2,3,2,2,2,2,2,2,2,2,2,2,0,0,0
2008,27,137,1,270375,1,5,2,2,1,2,3,2,3,1,1,2,2,1,2,2,2,2,2,2,2,2,2,2,2,2,2,2,1,2,2,0,0,0
2008,27,37,1,270376,1,5,2,2,1,1,5,1,4,1,1,2,2,2,2,2,2,2,2,2,2,1,1,1,1,2,2,1,2,2,2,0,0,0
2008,27,137,1,270377,1,5,2,2,1,2,5,2,1,2,2,2,1,2,2,1,2,2,1,2,2,2,2,2,2,2,2,2,1,2,2,0,0,0
2008,27,47,1,270378,1,5,1,1,1,2,1,2,4,1,1,2,3,1,2,1,2,2,2,2,3,2,2,2,2,2,2,2,1,1,2,0,0,0
2008,27,67,1,270379,1,5,2,2,1,1,3,1,2,2,1,2,2,1,2,2,2,2,2,2,1,2,2,2,2,2,2,2,2,1,2,0,0,0
2008,27,3,1,270380,1,5,2,2,4,2,5,2,1,1,1,2,1,2,1,1,2,2,2,2,2,2,2,2,2,2,2,2,1,2,2,0,0,0
2008,27,53,1,270381,1,5,2,2,4,1,4,1,1,2,1,2,1,2,2,2,2,2,2,2,3,2,2,2,2,2,2,2,1,2,2,0,0,0
2008,27,91,1,270382,1,5,2,2,1,1,3,1,4,1,1,2,2,2,2,2,2,2,2,2,3,2,2,2,2,2,2,2,2,2,2,0,0,0
2008,27,47,1,270383,1,5,1,2,1,1,5,1,4,1,1,2,2,2,2,2,2,2,2,2,3,2,2,2,2,1,2,2,2,2,2,0,0,0
2008,27,57,1,270384,1,5,1,2,4,2,5,2,1,2,2,2,1,2,2,2,2,2,1,2,1,2,2,2,2,2,2,2,1,2,2,0,0,0
2008,27,123,1,270385,1,5,2,2,1,1,4,1,1,2,2,2,1,2,2,2,1,2,2,2,2,2,2,2,2,1,2,2,2,2,2,0,0,0
2008,27,167,1,270386,1,5,1,2,4,2,4,2,1,2,2,2,1,1,2,2,2,2,1,2,2,2,2,2,2,2,2,2,1,2,2,0,0,0
2008,27,9,1,270387,1,5,2,2,1,1,4,1,4,1,1,2,2,2,2,2,2,2,2,2,3,1,1,1,1,2,2,1,2,2,2,0,0,0
2008,27,115,2,270388,1,5,1,1,1,2,1,2,4,1,1,2,2,2,2,1,2,2,2,2,2,2,2,2,2,2,1,1,1,2,2,0,0,0
2008,27,137,1,270389,1,5,2,2,4,1,5,1,1,1,1,2,1,2,2,2,2,2,2,2,2,2,2,2,2,2,2,2,2,2,2,0,0,0
2008,27,53,1,270390,1,5,2,2,1,1,3,1,2,2,2,2,3,2,2,2,2,2,2,2,1,2,2,2,2,2,1,1,2,2,2,0,0,0
2008,27,147,1,270391,1,5,1,1,4,2,1,3,1,2,1,2,1,2,2,1,2,2,1,2,1,2,2,2,2,2,1,1,1,2,2,0,0,0
2008,27,131,1,270392,1,5,1,2,4,2,5,2,1,2,2,2,1,2,2,1,2,2,1,2,1,2,2,2,2,2,2,2,1,2,2,0,0,0
2008,27,41,1,270393,1,5,1,2,1,1,4,1,4,1,1,2,2,1,2,2,2,2,1,2,2,1,1,1,1,2,2,1,2,1,2,0,0,0
2008,27,5,1,270394,1,5,1,2,1,2,5,2,3,1,1,2,2,2,2,1,2,2,2,2,2,2,2,2,2,2,1,1,1,2,2,0,0,0
2008,27,137,1,270395,1,5,2,2,1,2,3,2,4,1,1,2,2,2,2,2,2,2,2,2,3,2,2,2,2,2,2,2,1,2,2,0,0,0
2008,27,21,1,270396,1,5,1,2,4,2,5,2,1,2,1,2,1,2,2,2,2,2,1,2,1,2,2,2,2,2,2,2,1,1,2,0,0,0
2008,27,139,1,270397,1,5,1,2,4,2,3,2,1,2,2,2,1,2,2,2,2,2,2,2,1,2,2,2,2,2,1,1,1,2,2,0,0,0
2008,27,97,1,270398,1,5,1,2,1,2,4,2,3,1,1,2,2,2,2,2,2,2,1,2,2,2,2,2,2,1,2,2,1,2,2,0,0,0
2008,27,137,1,270399,1,5,1,2,1,2,4,2,4,1,1,2,2,2,2,2,2,2,2,2,3,2,2,2,2,2,1,1,1,2,2,0,0,0
2008,27,53,2,270400,1,5,1,1,2,2,1,2,6,2,2,2,1,2,2,1,2,2,2,2,1,2,2,2,2,2,2,2,1,2,2,0,0,0
2008,27,61,1,270401,1,5,1,2,1,2,3,2,3,1,1,2,2,1,2,2,2,2,2,2,2,2,2,2,2,2,2,2,1,2,2,0,1,1
2008,27,53,1,270402,1,5,2,2,3,2,2,3,1,1,2,2,1,2,2,1,2,2,2,2,3,2,2,2,2,2,2,2,1,2,2,0,0,0
2008,27,53,1,270403,1,5,1,1,4,2,1,2,1,2,1,2,1,2,2,1,2,2,1,2,1,2,2,2,2,2,1,1,1,2,2,0,0,0
2008,27,115,1,270404,1,5,1,1,3,2,1,2,1,1,2,2,2,2,2,2,2,2,1,2,3,2,2,2,2,2,2,2,1,2,2,0,0,0
2008,27,41,3,270405,1,5,1,1,2,2,1,2,6,1,1,2,1,2,2,1,2,2,2,2,2,1,2,1,2,2,2,2,1,2,2,0,0,0
2008,27,3,1,270406,1,5,1,1,4,2,1,2,1,2,2,2,1,2,2,2,2,2,1,2,1,2,2,2,2,2,2,2,1,1,2,0,0,0
2008,27,37,1,270407,1,5,1,2,1,1,4,1,1,1,2,2,1,2,1,2,2,2,2,2,2,2,2,2,2,2,2,2,2,2,2,0,0,0
2008,27,3,1,270408,1,5,2,2,1,2,5,2,3,1,1,2,2,2,2,2,2,2,2,2,3,2,2,2,2,1,2,2,1,2,2,0,0,0
2008,27,111,1,270409,1,5,1,2,4,2,5,2,1,2,2,2,1,2,2,1,2,2,1,2,2,2,2,2,2,2,2,2,1,2,2,0,0,0
2008,27,97,1,270410,1,5,1,2,4,2,4,2,1,1,1,2,1,2,1,1,2,2,2,2,1,2,2,2,2,2,2,2,1,2,2,0,0,0
2008,27,157,1,270411,1,5,2,2,1,1,6,1,1,1,1,2,1,2,2,2,2,2,2,2,3,2,2,2,2,1,2,2,2,2,2,0,0,0
2008,27,53,1,270412,1,5,2,2,1,1,4,1,1,1,2,2,1,2,2,2,1,2,2,2,3,2,2,2,2,2,2,2,2,1,2,0,0,0
2008,27,123,1,270413,1,5,1,2,4,1,3,1,1,2,2,2,1,2,2,2,2,2,2,2,1,2,2,2,2,2,2,2,1,2,2,0,0,0
2008,27,13,1,270414,1,5,1,2,1,2,3,2,4,2,1,2,2,1,2,1,2,2,2,2,3,2,2,2,2,2,2,2,1,2,2,0,0,0
2008,27,141,1,270415,1,5,1,2,4,2,5,2,1,1,1,2,1,2,2,2,2,2,2,2,2,2,2,2,2,1,2,2,1,2,2,0,0,0
2008,27,141,1,270416,1,5,1,2,1,2,5,2,4,1,2,2,2,2,2,1,2,2,2,2,2,2,2,2,2,2,2,2,1,2,2,0,0,0
2008,27,109,1,270417,1,5,2,2,1,2,5,2,6,1,1,2,2,2,2,2,2,2,2,2,3,2,2,2,2,1,2,2,2,2,2,0,0,0
2008,27,171,1,270418,1,5,1,2,1,2,3,2,4,1,1,2,2,1,2,1,2,2,2,2,3,2,2,2,2,1,2,2,1,2,2,0,0,0
2008,27,107,1,270419,1,5,1,2,4,2,4,2,1,2,1,2,1,2,2,2,2,2,1,2,2,2,2,2,2,2,2,2,1,2,2,0,0,0
2008,27,35,1,270420,1,5,1,2,4,1,6,1,1,1,1,2,1,2,2,2,2,2,1,2,3,2,2,2,2,2,2,2,2,2,2,0,0,0
2008,27,145,1,270421,1,5,2,2,1,2,3,2,1,2,2,2,1,2,2,2,1,2,2,2,2,2,2,2,2,2,2,2,2,2,2,0,0,0
2008,27,127,1,270422,1,5,1,2,4,2,6,2,1,1,1,2,1,2,2,2,2,2,1,2,2,1,1,1,1,2,2,1,1,1,2,0,0,0
2008,27,53,1,270423,1,5,2,2,1,1,6,1,1,1,1,2,1,1,2,2,2,1,2,2,3,2,2,2,2,2,2,2,2,2,2,0,0,0
2008,27,53,1,270424,1,5,2,2,1,2,4,2,1,2,2,2,1,2,2,1,2,2,2,2,1,2,2,2,2,2,2,2,1,2,2,0,0,0
2008,27,25,1,270425,1,5,1,2,1,2,3,3,2,1,1,2,3,2,2,2,2,2,2,2,3,2,2,2,2,1,1,1,2,1,2,0,0,0
2008,27,3,1,270427,1,5,1,2,1,2,5,3,2,1,1,2,2,1,2,2,2,2,2,2,3,2,2,2,2,1,2,2,2,1,2,0,0,0
2008,27,21,1,270428,1,5,1,2,1,2,5,2,4,2,2,2,2,2,2,1,2,2,2,2,1,2,2,2,2,2,2,2,2,2,2,0,0,0
2008,27,35,1,270429,1,5,1,2,1,2,6,2,1,2,2,2,1,2,2,2,2,2,2,2,3,2,2,2,2,2,2,2,2,2,2,0,0,0
2008,27,95,1,270430,1,5,1,2,1,2,6,2,1,2,1,2,1,2,2,2,2,2,1,2,1,2,2,2,2,2,2,2,2,2,2,0,0,0
2008,27,29,1,270431,1,5,1,2,4,2,6,2,1,3,1,2,1,2,2,2,2,2,1,2,3,2,2,2,2,2,2,2,1,2,2,1,1,1
2008,28,71,1,280001,1,6,1,2,1,2,5,2,3,1,1,2,2,2,2,2,2,2,2,2,3,2,2,2,2,2,2,2,2,1,2,0,0,0
2008,28,17,1,280002,1,6,1,2,4,2,5,2,1,2,1,2,1,2,2,1,2,2,1,2,1,2,2,2,2,2,2,2,2,2,2,0,0,0
2008,28,3,1,280003,1,6,1,2,1,1,5,1,2,2,1,2,2,1,2,2,2,2,2,2,3,2,2,2,2,2,2,2,2,1,2,0,0,0
2008,28,47,1,280004,1,6,2,2,1,2,6,2,2,1,1,2,3,2,2,2,2,2,2,2,3,2,2,2,2,1,1,1,2,1,2,0,0,0
2008,28,33,1,280005,1,6,1,2,4,2,5,2,1,1,1,2,1,2,2,2,2,2,2,2,3,2,2,2,2,2,2,2,1,1,2,0,0,0
2008,28,163,1,280006,1,6,1,2,4,2,4,2,1,1,1,2,1,2,2,1,2,2,2,2,2,1,1,1,1,2,2,1,1,2,2,0,0,0
2008,28,161,1,280007,1,6,1,2,1,2,5,2,3,2,2,2,2,2,2,2,2,2,2,2,1,2,2,2,2,2,1,1,2,2,2,0,0,0
2008,28,47,1,280008,1,6,1,2,4,2,5,2,1,2,2,2,1,2,1,1,2,2,2,2,3,2,2,2,2,2,2,2,1,2,2,0,0,0
2008,28,49,1,280009,1,6,2,2,1,2,6,2,3,2,2,2,2,2,2,2,2,2,2,2,3,2,2,2,2,2,1,1,2,2,2,0,0,0
2008,28,109,1,280010,1,6,2,1,1,2,1,2,1,2,2,1,1,2,2,2,1,2,2,2,3,2,2,2,2,2,2,2,2,2,2,0,0,0
2008,28,153,1,280011,1,6,1,2,4,2,5,2,1,1,1,2,1,2,2,1,2,2,1,2,3,2,2,2,2,2,2,2,2,2,2,0,0,0
2008,28,47,1,280012,1,6,1,2,1,2,5,2,1,2,1,2,1,2,2,2,1,2,2,2,2,2,2,2,2,2,2,2,2,2,2,0,0,0
2008,28,91,1,280013,1,6,1,2,4,2,5,2,1,2,1,2,1,2,2,1,2,2,2,2,3,2,2,2,2,2,1,1,1,2,2,0,0,0
2008,28,111,1,280014,1,6,1,2,4,2,5,2,1,1,1,2,1,2,2,1,2,2,2,2,3,2,2,2,2,2,2,2,1,2,2,0,0,0
2008,28,95,1,280015,1,6,1,2,4,2,5,2,1,1,1,2,1,2,2,1,2,2,2,2,3,2,2,2,2,2,2,2,1,2,2,0,0,0
2008,28,39,1,280016,1,6,1,2,4,2,5,2,1,1,1,2,1,2,2,1,2,2,2,2,2,2,2,2,2,2,2,2,1,2,2,0,0,0
2008,28,109,1,280017,1,6,1,2,1,2,5,2,4,1,1,2,2,2,2,2,2,2,2,2,3,2,2,2,2,2,2,2,2,2,2,0,0,0
2008,28,67,2,280018,1,6,1,1,4,2,1,2,1,1,1,2,1,2,2,1,2,2,2,2,3,2,2,2,2,2,2,2,1,2,2,0,0,0
2008,28,61,1,280019,1,6,1,2,1,2,5,3,4,1,1,2,2,2,2,2,2,2,2,2,3,2,2,2,2,2,2,2,2,1,2,0,0,0
2008,28,145,1,280020,1,6,1,2,1,2,5,2,3,1,1,2,2,2,2,2,2,2,2,2,3,2,2,2,2,2,2,2,2,2,2,0,0,0
2008,28,149,1,280021,1,6,2,2,1,1,6,1,4,1,1,2,2,1,2,2,2,2,2,2,3,2,2,2,2,2,2,2,2,2,2,0,0,0
2008,28,83,1,280022,1,6,1,2,4,2,5,2,1,1,1,2,1,2,2,1,2,2,2,2,3,2,2,2,2,1,2,2,1,2,2,0,0,0
2008,28,35,2,280023,1,6,1,2,1,2,5,2,3,1,1,2,3,1,2,2,2,2,2,2,3,2,2,2,2,2,2,2,2,2,2,0,0,0
2008,28,71,1,280024,1,6,1,2,4,2,5,2,1,1,2,2,1,2,2,1,2,2,2,2,3,2,2,2,2,1,2,2,1,2,2,0,0,0
2008,28,115,1,280025,1,6,1,2,1,2,4,2,1,1,2,2,1,2,2,2,2,1,2,2,3,2,2,2,2,2,2,2,2,2,2,0,0,0
2008,28,143,1,280026,1,6,1,2,4,2,5,2,1,1,2,2,1,2,2,1,2,2,2,2,3,2,2,2,2,2,2,2,1,2,2,0,0,0
2008,28,57,3,280027,1,6,1,2,1,2,4,2,3,2,1,2,2,2,2,2,2,2,2,2,1,2,2,2,2,1,2,2,2,1,2,0,0,0
2008,28,67,2,280028,1,6,1,2,1,2,5,3,1,1,1,2,1,2,2,2,2,2,2,2,3,1,1,1,1,2,2,1,2,1,2,0,0,0
2008,28,109,2,280029,1,6,1,2,4,2,5,2,1,1,1,2,1,2,2,1,2,2,2,2,3,2,2,2,2,2,2,2,1,2,2,0,0,0
2008,28,83,1,280030,1,6,2,2,4,2,4,2,1,1,1,2,1,2,2,1,2,2,2,2,3,2,2,2,2,2,2,2,1,2,2,0,0,0
2008,28,47,1,280031,1,6,2,2,4,2,2,2,1,2,1,2,1,2,2,1,2,2,2,2,3,2,2,2,2,2,2,2,1,2,2,0,0,0
2008,28,135,1,280032,1,6,1,2,1,2,5,3,4,1,1,2,2,2,2,2,2,2,2,2,3,1,1,1,1,2,2,1,2,2,2,0,0,0
2008,28,143,1,280033,1,6,1,2,4,2,5,2,1,2,2,2,1,2,2,1,2,2,2,2,3,2,2,2,2,2,2,2,1,2,2,0,0,0
2008,28,113,1,280034,1,6,1,2,4,2,5,2,1,2,2,2,1,2,2,2,2,2,2,2,1,2,2,2,2,2,2,2,1,1,2,0,0,0
2008,28,123,1,280035,1,6,1,2,1,2,3,3,2,1,1,2,3,2,2,2,2,2,2,2,3,2,2,2,2,2,2,2,2,1,2,0,0,0
2008,28,57,1,280036,1,6,1,2,4,2,5,2,1,1,1,2,1,2,2,2,2,2,2,2,3,2,2,2,2,2,2,2,1,2,2,0,0,0
2008,28,47,1,280037,1,6,2,2,1,2,6,2,3,2,1,2,2,2,2,2,2,2,2,2,3,2,2,2,2,1,2,2,2,1,2,0,0,0
2008,28,81,1,280038,1,6,1,2,1,2,5,2,1,1,1,2,1,2,2,2,1,2,2,2,3,2,2,2,2,2,2,2,2,2,2,0,0,0
2008,28,43,1,280039,1,6,1,2,1,2,5,2,3,1,1,2,2,2,2,2,2,2,2,2,3,2,2,2,2,1,2,2,2,2,2,0,0,0
2008,28,75,1,280040,1,6,1,2,4,2,5,2,1,2,2,2,1,2,2,1,2,2,2,2,3,2,2,2,2,1,2,2,1,2,2,0,0,0
2008,28,49,1,280041,1,6,2,1,4,2,1,2,1,2,2,2,1,2,2,1,2,2,2,2,1,2,2,2,2,2,2,2,1,1,2,0,0,0
2008,28,47,1,280042,1,6,1,2,1,2,5,2,1,2,2,2,1,2,2,2,1,2,2,2,1,2,2,2,2,2,2,2,2,2,2,0,0,0
2008,28,73,2,280043,1,6,1,1,4,2,1,2,1,1,2,2,1,2,2,2,2,2,1,2,3,1,1,1,1,2,2,1,2,1,2,0,0,0
2008,28,107,1,280044,1,6,1,2,4,2,5,2,1,2,2,2,1,2,2,1,2,2,2,2,3,1,1,1,1,2,2,1,1,2,2,0,0,0
2008,28,75,1,280045,1,6,1,2,4,2,5,2,1,1,1,2,1,2,2,2,2,2,2,2,3,1,1,1,1,2,2,1,1,1,2,0,0,0
2008,28,49,1,280046,1,6,1,2,4,2,4,2,1,2,2,2,1,2,2,1,2,2,2,2,1,2,2,2,2,2,1,1,1,2,2,0,0,0
2008,28,27,1,280047,1,6,1,2,1,1,3,1,4,1,1,2,2,2,2,2,2,2,2,2,3,2,2,2,2,2,2,2,2,2,2,0,0,0
2008,28,57,1,280048,1,6,2,2,1,2,4,2,1,2,1,2,1,2,2,2,1,2,2,2,3,2,2,2,2,2,2,2,2,2,2,0,0,0
2008,28,9,1,280049,1,6,1,2,4,2,5,2,1,1,2,2,1,2,2,2,2,2,1,2,3,2,2,2,2,2,2,2,2,1,2,0,0,0
2008,28,139,1,280050,1,6,1,2,1,2,5,2,3,2,2,2,2,2,2,2,2,2,2,2,3,2,2,2,2,2,2,2,2,2,2,0,0,0
2008,28,47,1,280051,1,6,1,2,1,2,5,2,3,2,2,2,2,2,2,2,2,2,2,2,1,2,2,2,2,2,2,2,2,2,2,0,0,0
2008,28,33,1,280052,1,6,1,2,4,2,5,2,1,1,2,2,1,2,2,2,2,2,1,2,3,2,2,2,2,2,2,2,2,1,2,0,0,0
2008,28,49,2,280053,1,6,1,2,4,2,5,2,1,2,2,2,1,2,2,2,2,2,2,2,3,2,2,2,2,2,2,2,1,2,2,0,0,0
2008,28,67,1,280054,1,6,1,2,1,2,5,2,3,1,2,2,2,2,2,2,2,2,2,2,3,2,2,2,2,2,1,1,2,1,2,0,0,0
2008,28,9,1,280055,1,6,1,2,1,2,4,2,2,2,1,2,2,2,2,2,2,2,2,2,3,2,2,2,2,2,2,2,2,1,2,0,0,0
2008,28,51,1,280056,1,6,1,2,4,2,4,2,1,1,1,2,1,2,2,2,2,2,2,2,3,2,2,2,2,1,2,2,1,1,2,0,0,0
2008,28,159,1,280057,1,6,1,2,4,2,5,2,1,1,1,2,1,2,2,2,2,2,1,2,3,2,2,2,2,2,2,2,2,1,2,0,0,0
2008,28,141,1,280058,1,6,1,2,1,2,4,2,1,2,1,2,1,2,2,2,1,2,2,2,3,2,2,2,2,2,2,2,2,2,2,0,0,0
2008,28,67,1,280059,1,6,1,2,1,1,3,1,4,2,1,2,2,2,2,2,2,2,2,2,3,1,1,1,1,2,2,1,2,2,2,0,0,0
2008,28,17,1,280060,1,6,1,2,4,2,5,2,1,2,1,2,1,2,2,2,2,2,1,2,1,2,2,2,2,2,2,2,2,1,2,0,0,0
2008,28,37,1,280061,1,6,1,2,4,2,5,2,1,1,1,2,1,2,2,1,2,2,2,2,3,2,2,2,2,2,1,1,1,1,2,0,0,0
2008,28,145,1,280062,1,6,1,2,4,2,5,2,1,1,1,2,1,2,2,2,2,2,2,2,3,2,2,2,2,2,2,2,1,1,2,0,0,0
2008,28,109,1,280063,1,6,1,2,4,2,5,2,1,2,1,2,1,2,2,1,2,2,2,2,1,1,1,1,1,2,2,1,1,2,2,0,0,0
2008,28,47,1,280064,1,6,2,2,1,2,6,2,1,2,1,2,1,2,1,2,2,2,2,2,3,2,2,2,2,2,1,1,2,2,2,0,0,0
2008,28,149,1,280065,1,6,2,2,4,2,6,2,1,1,1,2,1,2,2,2,2,2,2,2,3,2,2,2,2,2,2,2,1,2,2,0,0,0
2008,28,45,1,280066,1,6,2,2,1,1,6,1,4,1,1,2,2,1,2,2,2,2,2,2,3,2,2,2,2,1,2,2,2,2,2,0,0,0
2008,28,45,1,280067,1,6,1,1,4,2,1,2,1,2,2,2,1,2,2,2,2,2,2,2,1,2,2,2,2,2,2,2,1,1,2,0,0,0
2008,28,119,1,280068,1,6,1,2,1,1,5,1,4,2,2,2,3,2,2,1,2,2,2,2,1,2,2,2,2,2,1,1,2,2,2,0,0,0
2008,28,95,1,280069,1,6,2,2,1,2,6,2,1,1,2,2,1,2,2,2,1,2,2,2,3,2,2,2,2,1,2,2,2,2,2,0,0,0
2008,28,123,1,280070,1,6,1,2,4,2,5,2,1,1,2,2,1,2,2,1,2,2,2,2,3,2,2,2,2,2,2,2,1,1,2,0,0,0
2008,28,67,1,280071,1,6,1,2,1,2,5,2,3,2,2,2,2,2,1,2,2,2,2,2,3,1,1,1,1,2,2,1,2,1,2,0,0,0
2008,28,1,1,280072,1,6,1,2,4,2,5,2,1,1,1,2,1,2,2,2,2,2,2,2,3,2,2,2,2,1,2,2,1,1,2,0,0,0
2008,28,11,1,280073,1,6,1,2,1,2,3,2,4,1,1,2,2,1,2,2,2,2,2,2,3,2,2,2,2,1,2,2,2,2,2,0,0,0
2008,28,157,1,280074,1,6,1,2,4,2,5,2,1,1,1,2,1,2,2,2,2,2,2,2,3,1,1,1,1,2,2,1,1,1,2,0,0,0
2008,28,45,1,280075,1,6,1,2,1,2,5,2,3,2,2,2,2,1,2,2,2,2,2,2,3,2,2,2,2,2,2,2,2,2,2,0,0,0
2008,28,7,1,280076,1,6,1,2,4,2,5,2,1,1,1,2,1,2,2,2,2,2,2,2,3,2,2,2,2,2,2,2,1,1,2,0,0,0
2008,28,17,1,280077,1,6,1,2,4,2,5,2,1,2,1,2,1,1,2,1,2,2,2,2,2,2,2,2,2,2,2,2,1,2,2,0,0,0
2008,28,49,1,280078,1,6,2,2,1,2,6,2,1,2,1,2,1,2,2,2,1,2,2,2,3,2,2,2,2,2,2,2,2,2,2,0,0,0
2008,28,93,1,280079,1,6,1,2,4,2,5,2,1,1,1,2,1,2,2,2,2,2,2,2,3,2,2,2,2,2,2,2,1,1,2,0,0,0
2008,28,111,1,280080,1,6,1,2,4,2,5,2,1,1,1,2,1,2,2,2,2,2,2,2,2,2,2,2,2,2,2,2,1,1,2,0,0,0
2008,28,31,2,280081,1,6,1,2,1,1,3,1,4,2,1,2,2,2,2,2,2,2,2,2,3,2,2,2,2,1,2,2,2,2,2,0,0,0
2008,28,29,1,280082,1,6,1,1,1,2,1,2,2,2,2,2,2,2,2,2,2,2,2,2,1,2,2,2,2,2,2,2,2,1,2,0,0,0
2008,28,115,2,280083,1,6,1,2,1,2,5,2,3,2,2,2,2,2,2,2,2,2,2,2,1,2,2,2,2,2,1,1,2,2,2,0,0,0
2008,28,153,1,280084,1,6,1,2,1,2,3,2,1,2,2,2,1,2,2,1,2,2,1,2,1,2,2,2,2,2,2,2,2,2,2,0,0,0
2008,28,33,1,280085,1,6,2,2,4,2,6,2,1,2,2,2,1,2,2,1,2,2,2,2,3,2,2,2,2,2,2,2,1,2,2,0,0,0
2008,28,87,1,280086,1,6,1,2,4,2,5,2,1,2,1,2,1,2,2,2,2,2,1,2,2,2,2,2,2,2,2,2,2,1,2,0,0,0
2008,28,67,1,280087,1,6,1,2,1,2,5,2,3,1,1,2,2,2,2,2,2,2,2,2,3,2,2,2,2,2,2,2,2,2,2,0,0,0
2008,28,49,1,280088,1,6,2,2,1,2,2,2,1,2,1,2,1,2,2,2,1,2,2,2,3,2,2,2,2,2,2,2,2,2,2,0,0,0
2008,28,75,1,280089,1,6,2,2,1,2,6,3,2,1,1,2,2,2,2,2,2,2,2,2,3,2,2,2,2,2,2,2,2,2,2,0,0,0
2008,28,47,1,280090,1,6,2,2,1,1,6,1,4,1,1,2,3,2,2,2,2,2,2,2,3,2,2,2,2,1,1,1,2,2,2,0,0,0
2008,28,57,1,280091,1,6,1,2,1,2,5,2,3,1,2,2,2,2,2,2,2,2,2,2,3,1,1,1,1,2,2,1,2,2,2,0,0,0
2008,28,47,1,280092,1,6,2,2,1,2,6,2,1,2,2,2,1,2,2,2,1,2,2,2,3,2,2,2,2,2,2,2,2,2,2,0,0,0
2008,28,115,1,280093,1,6,1,2,1,2,4,2,3,1,1,2,2,2,2,2,2,2,2,2,3,2,2,1,1,2,2,1,2,2,2,0,0,0
2008,28,123,2,280094,1,6,1,2,1,2,5,2,3,1,1,2,2,2,2,2,2,2,2,2,3,1,1,1,1,2,2,1,2,2,2,0,0,0
2008,28,31,1,280095,1,6,1,2,4,2,5,2,1,1,1,2,1,2,2,1,2,2,2,2,1,2,2,2,2,2,2,2,1,1,2,0,0,0
2008,28,49,1,280096,1,6,1,2,4,2,5,2,1,2,2,2,1,2,2,1,2,2,2,2,1,2,2,2,2,2,1,1,1,2,2,0,0,0
2008,28,145,1,280097,1,6,1,2,1,2,5,2,1,2,1,2,1,1,2,2,1,2,2,2,3,2,2,2,2,2,1,1,2,2,2,0,0,0
2008,28,59,1,280098,1,6,1,2,4,2,4,2,1,2,1,2,1,2,2,2,2,2,2,2,1,2,2,2,2,2,2,2,1,2,2,0,0,0
2008,28,101,1,280099,1,6,1,2,4,2,3,2,1,1,1,2,1,2,2,2,2,2,2,2,3,2,2,2,2,2,2,2,1,1,2,0,0,0
2008,28,85,1,280100,1,6,1,2,1,1,5,1,4,1,1,2,2,2,2,2,2,2,2,2,3,2,2,2,2,2,2,2,2,2,2,0,0,0
2008,28,139,1,280101,1,6,1,2,1,1,5,1,4,1,1,2,2,2,2,2,2,2,2,2,3,2,2,2,2,2,2,2,2,2,2,0,0,0
2008,28,87,1,280102,1,6,1,2,1,2,5,2,1,2,2,2,1,2,2,2,1,2,2,2,3,2,2,2,2,2,2,2,2,2,2,0,0,0
2008,28,45,2,280103,1,6,2,2,1,2,6,2,3,2,2,2,3,2,2,2,2,2,2,2,3,2,2,2,2,2,1,1,2,2,2,0,0,0
2008,28,33,1,280104,1,6,1,2,1,2,5,2,3,1,2,2,2,2,2,2,2,2,2,2,3,2,2,2,2,1,2,2,2,2,2,0,0,0
2008,28,81,1,280105,1,6,1,2,4,2,6,2,1,1,1,2,1,2,2,2,2,2,2,2,3,2,2,2,2,2,2,2,1,1,2,0,0,0
2008,28,109,1,280106,1,6,1,2,4,2,5,2,1,1,1,2,1,2,2,2,2,2,2,2,2,1,1,1,1,2,2,1,2,1,2,0,0,0
2008,28,75,1,280107,1,6,1,2,4,2,4,2,1,1,1,2,1,1,2,2,2,2,2,2,3,2,2,2,2,2,2,2,1,1,2,0,0,0
2008,28,153,4,280108,1,6,1,2,4,2,5,2,1,1,1,2,1,2,2,1,2,2,2,2,1,2,2,2,2,2,2,2,1,2,2,0,0,0
2008,28,107,1,280109,1,6,1,2,1,2,5,2,3,1,1,2,2,1,2,2,2,2,2,2,3,2,2,2,2,2,2,2,2,2,2,0,0,0
2008,28,71,1,280110,1,6,1,2,4,2,4,2,1,1,1,2,1,2,2,2,2,2,2,2,1,2,2,2,2,2,2,2,1,1,2,0,0,0
2008,28,35,1,280111,1,6,1,2,4,2,5,2,1,2,1,2,1,2,2,2,2,2,2,2,3,2,2,2,2,2,2,2,1,1,2,0,0,0
2008,28,121,1,280112,1,6,1,2,4,2,5,2,1,1,2,2,1,2,2,2,2,2,2,2,3,2,2,2,2,1,2,2,1,1,2,0,0,0
2008,28,79,1,280113,1,6,1,2,4,2,5,2,1,1,2,2,1,2,2,1,2,2,2,2,3,2,2,2,2,2,2,2,1,2,2,0,0,0
2008,28,1,1,280114,1,6,1,2,1,2,5,2,3,2,2,2,2,2,1,2,2,2,2,2,3,2,2,2,2,2,2,2,2,1,2,0,0,0
2008,28,93,1,280115,1,6,1,2,4,2,5,2,1,1,2,2,1,2,2,1,2,2,2,2,1,2,2,2,2,2,2,2,1,2,2,0,0,0
2008,28,13,2,280116,1,6,1,2,4,2,5,2,1,2,2,2,1,2,2,2,2,2,2,2,3,2,2,2,2,2,2,2,1,1,2,0,0,0
2008,28,123,1,280117,1,6,1,1,4,2,1,2,1,2,2,2,1,2,2,2,2,2,1,2,3,2,2,2,2,2,1,1,2,1,2,0,0,0
2008,28,137,2,280118,1,6,1,2,4,2,5,2,1,2,1,2,1,2,2,1,2,2,2,2,2,2,2,2,2,2,2,2,1,2,2,0,0,0
2008,28,7,1,280119,1,6,1,2,4,2,5,2,1,2,2,2,1,2,2,1,2,2,1,2,3,2,2,2,2,2,2,2,1,2,1,0,0,0
2008,28,99,1,280120,1,6,1,2,4,2,4,2,1,2,1,2,1,2,2,2,2,2,1,2,3,2,2,2,2,2,2,2,2,1,2,0,0,0
2008,28,49,1,280121,1,6,2,2,1,2,6,2,3,1,1,2,2,2,1,1,2,2,2,2,3,2,2,2,2,2,2,2,2,2,2,0,0,0
2008,28,109,1,280122,1,6,1,1,4,2,1,2,1,1,1,2,1,2,2,2,2,2,2,2,3,2,2,2,2,2,2,2,1,1,2,0,0,0
2008,28,49,1,280123,1,6,2,2,1,1,6,1,1,1,1,2,1,2,2,2,1,2,2,2,3,2,2,2,2,2,2,2,2,2,2,0,0,0
2008,28,21,1,280124,1,6,1,2,4,2,5,2,1,1,1,2,1,2,2,1,2,2,2,2,3,2,2,2,2,2,2,2,1,2,2,0,0,0
2008,28,113,1,280125,1,6,1,2,4,2,5,2,1,2,1,2,1,2,2,2,2,2,2,2,3,2,2,2,2,2,2,2,2,1,2,0,0,0
2008,28,81,1,280126,1,6,1,2,1,2,5,2,2,1,1,2,3,1,2,2,2,2,2,2,3,2,2,2,2,1,2,2,2,1,2,0,0,0
2008,28,155,1,280127,1,6,1,2,4,2,5,2,1,2,2,2,1,2,2,1,2,2,2,2,3,2,2,2,2,2,2,2,1,2,2,0,0,0
2008,28,5,1,280128,1,6,1,2,4,2,5,2,1,2,1,2,1,2,2,1,2,2,2,2,1,2,2,2,2,2,2,2,1,2,2,0,0,0
2008,28,121,1,280129,1,6,2,2,4,2,6,2,1,2,1,2,1,2,2,1,2,2,1,2,3,2,2,2,2,2,2,2,2,2,2,0,0,0
2008,28,109,1,280130,1,6,1,2,1,1,5,1,4,2,1,2,2,2,2,2,2,2,2,2,3,1,1,1,1,1,2,1,2,2,2,0,0,0
2008,28,127,2,280131,1,6,1,2,4,2,5,2,1,2,1,2,1,2,2,1,2,2,2,2,3,2,2,2,2,2,2,2,1,2,2,0,0,0
2008,28,81,1,280132,1,6,1,2,4,1,6,1,1,1,1,2,1,2,2,1,2,2,2,2,3,2,2,2,2,1,2,2,2,2,2,0,0,0
2008,28,139,1,280133,1,6,1,2,4,2,5,2,1,1,1,2,1,2,2,2,2,2,2,2,2,2,2,2,2,2,2,2,1,1,2,0,0,0
2008,28,115,1,280134,1,6,1,2,4,2,5,2,1,1,1,2,1,2,2,2,2,2,1,2,3,2,2,2,2,2,2,2,2,2,2,0,0,0
2008,28,35,1,280135,1,6,2,2,1,2,6,3,4,2,1,2,2,2,2,2,2,2,2,2,3,2,2,2,2,1,2,2,2,1,2,0,0,0
2008,28,33,1,280136,1,6,2,2,4,2,6,2,1,2,1,2,1,2,1,2,2,2,2,2,3,1,1,1,1,2,2,1,1,1,2,0,0,0
2008,28,151,1,280137,1,6,1,2,4,2,4,2,1,2,2,2,1,2,2,1,2,2,1,2,2,2,2,2,2,2,2,2,2,1,2,0,0,0
2008,28,47,1,280138,1,6,1,2,1,2,5,2,3,2,1,2,2,2,2,2,2,2,2,2,3,2,2,2,2,2,1,1,2,2,2,0,0,0
2008,28,121,1,280139,1,6,2,2,1,2,3,2,3,1,2,2,3,2,2,2,2,2,2,2,1,1,1,1,1,2,2,1,2,2,2,0,0,0
2008,28,107,1,280140,1,6,1,2,4,2,5,2,1,2,2,2,1,2,2,1,2,2,2,2,1,2,2,2,2,2,2,2,1,2,2,0,0,0
2008,28,59,1,280141,1,6,2,2,4,2,3,2,1,1,2,2,1,2,2,1,2,2,2,2,3,2,2,2,2,2,2,2,1,2,2,0,0,0
2008,28,121,1,280142,1,6,2,2,1,1,4,1,4,1,1,2,2,2,2,2,2,2,2,2,3,2,2,2,2,2,2,2,2,2,2,0,0,0
2008,28,121,1,280143,1,6,2,2,4,2,3,2,1,1,1,2,1,2,2,1,2,2,2,2,3,2,2,2,2,2,1,1,1,2,2,0,0,0
2008,28,33,1,280144,1,6,1,2,1,1,5,1,4,1,1,2,2,1,2,2,2,2,2,2,3,2,2,2,2,1,2,2,2,2,2,0,0,0
2008,28,49,2,280145,1,6,2,2,1,2,6,2,3,1,1,2,2,2,2,2,2,2,2,2,3,2,2,2,2,2,2,2,2,2,2,0,0,0
2008,28,9,1,280146,1,6,1,2,4,2,5,2,1,1,1,2,1,2,2,1,2,2,2,2,3,2,2,2,2,2,2,2,1,2,2,0,0,0
2008,28,69,1,280147,1,6,1,2,1,1,5,1,4,1,1,2,2,2,2,2,2,2,2,2,3,1,1,1,1,1,2,1,2,2,2,0,0,0
2008,28,33,1,280148,1,6,1,2,1,1,5,1,4,1,1,2,3,2,2,2,2,2,2,2,3,2,2,2,2,2,2,2,2,2,2,0,0,0
2008,28,43,1,280149,1,6,1,2,4,2,5,2,1,1,2,2,1,2,2,2,2,2,2,2,3,2,2,2,2,1,2,2,1,1,2,0,0,0
2008,28,121,1,280150,1,6,1,1,4,2,1,2,1,1,2,2,1,2,2,2,2,2,2,2,3,2,2,2,2,2,2,2,1,2,1,0,0,0
2008,28,49,1,280151,1,6,2,2,4,2,2,2,1,2,2,2,1,2,2,1,2,2,2,2,3,2,2,2,2,2,2,2,1,2,2,0,0,0
2008,28,107,1,280152,1,6,1,2,1,2,5,2,4,2,2,2,2,2,2,2,2,2,2,2,1,2,2,2,2,2,2,2,2,2,2,0,0,0
2008,28,67,1,280153,1,6,1,2,1,2,5,3,1,1,1,2,1,2,2,2,2,2,2,2,3,2,2,2,2,2,2,2,2,2,2,0,0,0
2008,28,47,1,280154,1,6,1,2,4,2,5,2,1,2,1,2,1,2,2,2,2,2,2,2,3,2,2,2,2,2,1,1,1,1,2,0,0,0
2008,28,117,1,280155,1,6,1,2,4,2,5,2,1,1,1,2,1,2,2,1,2,2,1,2,3,2,2,2,2,2,1,1,2,2,2,0,0,0
2008,28,109,1,280156,1,6,1,2,4,2,5,2,1,2,1,2,1,2,2,2,2,2,2,2,3,2,2,2,2,2,2,2,1,1,2,0,0,0
2008,28,153,1,280157,1,6,1,2,4,2,5,2,1,1,1,2,1,2,2,2,2,2,1,2,3,2,2,2,2,2,2,2,2,1,2,0,0,0
2008,28,151,1,280158,1,6,1,2,1,1,3,1,4,2,1,2,2,2,2,2,2,2,2,2,1,2,2,2,2,1,2,2,2,2,2,0,0,0
2008,28,59,1,280159,1,6,1,2,1,1,5,1,4,2,2,2,2,2,2,2,2,2,2,2,3,2,2,2,2,1,1,1,2,2,2,0,0,0
2008,28,115,1,280160,1,6,1,2,4,2,5,2,1,1,2,2,1,2,2,2,2,2,2,2,3,2,2,2,2,2,2,2,1,1,2,0,0,0
2008,28,11,2,280161,1,6,1,2,4,2,3,2,1,2,2,2,1,2,2,2,2,2,1,2,1,1,1,1,1,2,2,1,2,1,2,0,0,0
2008,28,121,1,280162,1,6,2,2,1,2,3,2,4,1,2,2,2,2,2,2,2,2,2,2,3,2,2,2,2,1,2,2,2,2,2,0,0,0
2008,28,121,1,280163,1,6,1,2,4,2,5,2,1,2,2,2,1,2,2,2,2,2,2,2,3,2,2,2,2,2,2,2,1,1,2,0,0,0
2008,28,49,1,280164,1,6,2,1,1,2,1,2,1,2,2,2,1,2,2,2,1,2,2,2,3,2,2,2,2,2,2,2,2,2,2,0,0,0
2008,28,67,1,280165,1,6,1,2,1,1,3,1,4,1,2,2,2,2,2,2,2,2,2,2,3,2,2,2,2,1,1,1,2,2,2,0,0,0
2008,28,47,1,280166,1,6,2,2,1,2,6,3,4,2,2,2,2,2,1,2,2,2,2,2,3,1,1,1,1,2,2,1,2,2,2,0,0,0
2008,28,151,1,280167,1,6,1,2,4,2,5,2,1,2,1,2,1,2,2,1,2,2,2,2,2,2,2,1,1,2,2,1,1,2,2,0,0,0
2008,28,29,1,280168,1,6,1,2,4,2,5,2,1,2,2,2,1,2,2,2,2,2,2,2,3,2,2,2,2,2,2,2,1,1,2,0,0,0
2008,28,45,1,280169,1,6,1,2,4,2,5,2,1,1,2,2,1,2,2,2,2,2,2,2,3,2,2,2,2,2,2,2,1,1,2,0,0,0
2008,28,93,1,280170,1,6,1,2,4,2,4,2,1,1,2,2,1,2,2,1,2,2,2,2,1,2,2,2,2,2,2,2,1,2,2,0,0,0
2008,28,133,1,280171,1,6,1,2,4,2,5,2,1,2,1,2,1,2,2,1,2,2,2,2,1,2,2,2,2,2,2,2,1,2,2,0,0,0
2008,28,99,1,280172,1,6,1,2,4,2,5,2,1,1,1,2,1,2,2,2,2,2,1,2,3,2,2,2,2,2,1,1,2,1,2,0,0,0
2008,28,163,1,280173,1,6,1,2,4,2,5,2,3,2,2,2,2,2,2,2,2,2,2,2,1,2,2,2,2,2,2,2,2,2,2,0,0,0
2008,28,105,2,280174,1,6,1,2,4,2,5,2,1,2,1,2,1,2,2,2,2,2,2,2,3,2,2,2,2,2,2,2,1,1,2,0,0,0
2008,28,35,1,280175,1,6,2,2,1,1,4,1,4,1,1,2,2,2,2,2,2,2,2,2,3,2,2,2,2,2,2,2,2,2,2,0,0,0
2008,28,143,2,280176,1,6,1,2,1,2,5,2,5,1,1,2,2,2,2,2,2,2,2,2,3,2,2,2,2,1,2,2,2,2,2,0,0,0
2008,28,79,1,280177,1,6,1,2,4,2,3,2,1,2,1,2,1,2,2,2,2,2,1,2,3,2,2,2,2,2,2,2,2,1,2,0,0,0
2008,28,81,1,280178,1,6,1,2,4,2,5,2,1,2,1,2,1,2,2,1,2,2,2,2,3,2,2,2,2,2,2,2,1,2,2,0,0,0
2008,28,47,1,280179,1,6,1,1,1,2,1,2,2,1,1,2,2,2,2,2,2,2,2,2,3,2,2,2,2,2,2,2,2,1,2,0,0,0
2008,28,139,1,280180,1,6,1,2,1,2,4,2,1,1,1,2,1,2,2,2,1,2,2,2,3,2,2,2,2,2,2,2,2,2,2,0,0,0
2008,28,31,1,280181,1,6,1,2,1,2,3,2,2,1,1,2,2,1,2,2,2,2,2,2,3,2,2,2,2,1,2,2,2,1,2,0,0,0
2008,28,117,1,280182,1,6,1,2,4,2,5,2,1,1,1,2,1,2,2,1,2,2,2,2,3,1,1,1,1,2,2,1,1,2,2,0,0,0
2008,28,89,3,280183,1,6,1,2,4,2,4,2,1,1,2,2,1,2,2,1,2,2,2,2,2,1,1,1,1,2,2,1,1,2,2,0,0,0
2008,28,35,1,280184,1,6,2,2,1,2,6,2,3,2,2,2,2,2,2,2,2,2,2,2,1,2,2,1,1,2,2,1,2,2,2,0,0,0
2008,28,59,1,280185,1,6,1,2,4,2,5,2,1,2,1,2,1,2,2,1,2,2,2,2,3,2,2,2,2,2,1,1,1,2,2,0,0,0
2008,28,109,1,280186,1,6,1,2,4,2,5,2,1,1,1,2,1,2,2,1,2,2,2,2,3,2,2,2,2,2,2,2,1,2,2,0,0,0
2008,28,147,1,280187,1,6,1,2,1,2,5,2,3,2,1,2,3,2,2,2,2,2,2,2,1,2,2,2,2,2,1,1,2,2,2,0,0,0
2008,28,49,1,280188,1,6,2,2,1,2,6,2,1,1,1,2,1,2,2,2,1,2,2,2,3,1,1,1,1,2,2,1,2,2,2,0,0,0
2008,28,83,1,280189,1,6,1,2,1,2,3,2,4,1,1,2,2,2,2,2,2,2,2,2,3,2,2,2,2,2,2,2,2,2,2,0,0,0
2008,28,121,1,280190,1,6,2,2,1,1,6,1,4,2,1,2,2,1,2,2,2,2,2,2,3,2,2,2,2,2,1,1,2,2,2,0,0,0
2008,28,107,3,280191,1,6,1,2,4,2,5,2,1,1,1,2,1,2,2,1,2,2,2,2,3,2,2,2,2,2,2,2,1,2,2,0,0,0
2008,28,31,1,280192,1,6,1,2,1,1,5,1,4,1,1,2,2,2,2,2,2,2,2,2,3,2,2,2,2,1,2,2,2,2,2,0,0,0
2008,28,103,1,280193,1,6,1,2,1,2,3,2,1,2,1,2,1,2,2,2,1,2,2,2,3,2,2,2,2,2,2,2,2,2,2,0,0,0
2008,28,1,1,280194,1,6,1,2,4,2,3,2,1,2,1,2,1,2,2,1,2,2,1,2,3,2,2,2,2,2,2,2,2,2,2,0,0,0
2008,28,27,1,280195,1,6,2,2,4,2,6,2,1,1,1,2,1,2,2,1,2,2,2,2,3,2,2,2,2,2,2,2,1,2,2,0,0,0
2008,28,3,1,280196,1,6,2,2,4,1,6,1,1,2,2,2,1,2,2,1,2,2,2,2,1,2,2,2,2,2,2,2,2,2,2,0,0,0
2008,28,39,1,280197,1,6,1,2,4,2,5,2,1,2,2,2,1,2,2,1,2,2,2,2,3,2,2,2,2,2,2,2,1,2,2,0,0,0
2008,28,1,1,280198,1,6,1,2,4,2,5,2,1,1,1,2,1,2,2,1,2,2,2,2,3,2,2,2,2,2,2,2,1,2,2,0,0,0
2008,28,47,1,280199,1,6,1,2,4,2,5,2,1,1,1,2,1,2,2,1,2,2,1,2,3,2,2,2,2,2,2,2,2,2,2,0,0,0
2008,28,107,1,280200,1,6,2,2,1,2,2,2,1,2,2,2,1,2,2,2,1,2,2,2,3,2,2,2,2,2,2,2,2,2,2,0,0,0
2008,28,39,1,280201,1,6,1,2,1,2,5,2,3,1,2,2,2,2,2,2,2,2,2,2,3,2,2,2,2,2,2,2,2,2,2,0,0,0
2008,28,51,1,280202,1,6,1,2,4,2,5,2,1,2,2,2,1,2,2,1,2,2,2,2,1,2,2,2,2,2,2,2,1,2,2,0,0,0
2008,28,145,1,280203,1,6,1,2,4,2,5,2,1,2,2,2,1,2,2,1,2,2,2,2,3,2,2,2,2,2,2,2,1,2,2,0,0,0
2008,28,71,1,280204,1,6,1,2,4,2,5,2,1,1,1,2,1,2,2,2,2,2,2,2,3,2,2,2,2,2,2,2,1,1,2,0,0,0
2008,28,9,1,280205,1,6,1,2,4,2,5,2,1,2,2,2,1,2,2,1,2,2,2,2,3,2,2,2,2,2,2,2,1,2,2,0,0,0
2008,28,33,1,280206,1,6,2,2,1,1,6,1,4,2,2,2,2,2,1,2,2,2,2,2,3,2,2,2,2,2,1,1,2,2,2,0,0,0
2008,28,113,1,280207,1,6,1,1,4,2,1,2,1,2,2,2,1,2,2,1,2,2,2,2,3,1,1,1,1,2,2,1,1,2,2,0,0,0
2008,28,35,1,280208,1,6,2,2,4,2,6,2,1,2,1,2,1,2,2,1,2,2,2,2,3,2,2,2,2,2,2,2,1,2,2,0,0,0
2008,28,11,1,280209,1,6,1,2,4,2,5,2,1,2,1,2,1,2,2,1,2,2,2,2,3,2,2,2,2,2,1,1,1,2,2,0,0,0
2008,28,83,1,280210,1,6,1,2,4,2,5,2,1,2,1,2,1,2,2,1,2,2,2,2,3,2,2,2,2,1,2,2,1,2,2,0,0,0
2008,28,161,1,280211,1,6,1,1,4,2,1,2,1,1,1,2,1,2,2,2,2,2,2,2,3,2,2,2,2,2,2,2,1,2,2,0,0,0
2008,28,59,2,280212,1,6,1,2,1,1,3,1,4,1,1,2,2,1,2,2,2,2,2,2,3,2,2,2,2,1,2,2,2,2,2,0,0,0
2008,28,97,1,280213,1,6,2,2,1,1,3,1,1,1,1,2,1,2,2,1,2,2,2,2,3,2,2,2,2,1,2,2,2,2,2,0,0,0
2008,28,81,1,280214,1,6,1,2,4,2,5,2,1,1,2,2,1,2,2,1,2,2,2,2,3,2,2,2,2,2,2,2,1,2,2,0,0,0
2008,28,33,1,280215,1,6,2,2,1,1,6,1,4,2,2,2,2,2,2,2,2,2,2,2,3,2,2,2,2,2,1,1,2,2,2,0,0,0
2008,28,77,2,280216,1,6,1,2,1,2,5,2,3,1,1,2,2,2,2,1,2,2,2,2,3,2,2,2,2,2,2,2,2,2,2,0,0,0
2008,28,141,2,280217,1,6,1,2,1,2,3,2,3,2,1,2,2,2,2,1,2,2,2,2,3,2,2,2,2,2,2,2,2,2,2,0,0,0
2008,28,57,1,280218,1,6,1,2,4,2,5,2,1,2,1,2,1,2,2,1,2,2,2,2,2,1,1,1,1,2,2,1,1,2,2,0,0,0
2008,28,57,1,280219,1,6,1,2,4,2,5,2,1,2,1,2,1,2,2,1,2,2,2,2,3,2,2,2,2,2,1,1,1,2,2,0,0,0
2008,28,123,1,280220,1,6,1,1,4,2,1,2,1,2,1,2,1,2,2,1,2,2,2,2,2,2,2,2,2,2,2,2,2,2,2,0,0,0
2008,28,67,1,280221,1,6,2,2,4,2,2,2,1,1,1,2,1,2,2,1,2,2,2,2,2,2,2,2,2,1,2,2,1,2,2,0,0,0
2008,28,47,1,280222,1,6,2,1,3,2,1,2,1,2,1,2,1,2,2,2,2,2,2,2,1,2,2,2,2,2,2,2,2,2,2,0,0,0
2008,28,81,1,280223,1,6,2,2,4,2,6,2,1,2,2,2,1,2,2,1,2,2,2,2,1,1,1,1,1,2,2,1,1,2,2,0,0,0
2008,28,51,1,280224,1,6,1,2,4,2,5,2,1,2,2,2,1,2,2,1,2,2,2,2,1,2,2,2,2,2,1,1,1,2,2,0,0,0
2008,28,81,1,280225,1,6,1,2,1,2,5,2,3,1,2,2,2,2,2,1,2,2,2,2,3,2,2,2,2,2,1,1,2,2,2,0,0,0
2008,28,115,1,280226,1,6,1,2,1,1,4,1,4,1,1,2,2,2,2,2,2,2,2,2,2,2,2,2,2,2,2,2,2,2,2,0,0,0
2008,28,145,1,280227,1,6,1,2,1,2,5,2,3,1,1,2,2,2,2,2,2,2,2,2,3,2,2,2,2,2,2,2,2,2,2,0,0,0
2008,28,81,1,280228,1,6,1,2,4,2,5,2,1,1,1,2,1,2,2,1,2,2,2,2,3,1,1,1,1,2,2,1,1,2,2,0,0,0
2008,28,11,1,280229,1,6,1,2,4,2,5,2,1,2,2,2,1,2,2,2,2,2,1,2,1,2,2,2,2,2,2,2,2,1,2,0,0,0
2008,28,155,1,280230,1,6,1,2,4,2,5,2,1,1,1,2,1,2,2,1,2,2,2,2,3,2,2,2,2,1,2,2,1,2,2,0,0,0
2008,28,91,1,280231,1,6,1,2,1,1,3,1,4,2,1,2,2,2,2,2,2,2,2,2,3,2,2,2,2,2,2,2,2,2,2,0,0,0
2008,28,143,1,280232,1,6,1,2,1,2,5,2,3,2,2,2,2,2,2,1,2,2,2,2,1,2,2,2,2,2,2,2,2,2,2,0,0,0
2008,28,109,1,280233,1,6,1,2,4,2,5,2,1,2,2,2,1,2,2,1,2,2,2,2,1,2,2,2,2,2,2,2,1,2,2,0,0,0
2008,28,101,1,280234,1,6,1,2,1,1,4,1,4,1,1,2,2,2,2,2,2,2,2,2,3,2,2,2,2,2,1,1,2,2,2,1,0,1
2008,28,59,1,280235,1,6,1,1,2,2,1,2,1,2,1,2,1,2,2,2,2,2,2,2,1,1,1,1,1,2,2,1,1,2,2,0,0,0
2008,28,83,1,280236,1,6,1,2,4,2,5,2,1,1,2,2,1,2,2,1,2,2,2,2,3,2,2,2,2,2,2,2,1,2,2,0,0,0
2008,28,3,1,280237,1,6,1,2,4,2,5,2,1,3,3,2,1,2,2,1,2,2,1,2,1,2,2,2,2,2,2,2,2,2,2,0,0,0
2008,28,39,1,280238,1,6,1,2,4,2,5,2,1,2,1,2,1,2,2,1,2,2,2,2,1,2,2,2,2,2,2,2,1,2,2,0,0,0
2008,28,101,1,280239,1,6,1,1,4,2,1,2,1,1,1,2,1,1,2,2,2,2,2,2,3,2,2,2,2,2,2,2,1,1,2,0,0,0
2008,28,127,1,280240,1,6,1,2,4,2,5,2,1,2,2,2,1,2,2,2,2,2,2,2,1,2,2,1,1,2,2,1,1,1,2,0,0,0
2008,28,9,1,280241,1,6,1,2,4,2,5,2,1,1,1,2,1,2,2,2,2,2,1,2,1,2,2,2,2,2,2,2,2,2,2,0,0,0
2008,28,1,1,280242,1,6,1,2,4,2,5,2,1,2,2,2,1,2,1,1,2,2,2,2,3,2,2,2,2,2,2,2,1,2,2,0,0,0
2008,28,85,2,280243,1,6,1,1,1,2,1,2,3,1,2,2,2,2,2,1,2,2,2,2,3,2,2,2,2,1,2,2,2,2,2,0,0,0
2008,28,67,1,280244,1,6,2,2,1,1,6,1,4,1,1,2,2,2,1,2,2,2,2,2,3,2,2,2,2,2,2,2,2,2,2,0,0,0
2008,28,107,1,280245,1,6,1,2,4,2,5,2,1,2,1,2,1,2,2,2,2,2,1,2,3,2,2,2,2,2,2,2,2,1,2,0,0,0
2008,28,75,1,280246,1,6,1,2,4,2,5,2,1,2,1,2,1,2,2,1,2,2,2,2,3,2,2,2,2,2,2,2,1,2,2,0,0,0
2008,28,7,1,280247,1,6,1,2,4,2,5,2,1,1,1,2,1,2,2,1,2,2,2,2,3,2,2,2,2,2,2,2,1,2,2,0,0,0
2008,28,71,1,280248,1,6,1,2,1,2,5,2,3,1,1,2,3,1,1,2,2,2,2,2,3,2,2,2,2,2,2,2,2,2,2,0,0,0
2008,28,9,1,280249,1,6,1,2,1,2,5,2,3,1,2,2,2,2,2,2,2,2,2,2,3,2,2,2,2,2,2,2,2,2,2,0,0,0
2008,28,121,1,280250,1,6,1,2,4,2,5,2,1,2,2,2,1,2,2,2,2,2,2,2,3,2,2,2,2,2,1,1,1,1,2,0,0,0
2008,28,87,1,280251,1,6,1,2,4,2,5,2,1,2,2,2,1,2,2,1,2,2,2,2,1,2,2,1,1,2,2,1,1,2,2,0,0,0
2008,28,59,1,280252,1,6,2,2,4,2,6,2,1,2,2,2,1,2,2,2,2,2,2,2,3,2,2,2,2,2,1,1,1,2,2,0,0,0
2008,28,127,1,280253,1,6,1,2,1,2,3,2,4,2,2,2,2,2,2,1,2,2,2,2,3,2,2,2,2,2,2,2,2,2,2,0,0,0
2008,28,75,1,280254,1,6,2,2,4,2,6,2,1,2,2,2,1,2,2,1,2,2,2,2,3,2,2,2,2,2,2,2,1,2,2,0,0,0
2008,28,57,1,280255,1,6,1,2,4,2,5,2,1,2,1,2,1,2,1,1,2,2,2,2,3,2,2,2,2,2,2,2,1,2,2,0,0,0
2008,28,145,1,280256,1,6,1,2,4,2,5,2,1,2,1,2,1,2,2,1,2,2,1,2,3,1,1,1,1,2,2,1,1,2,2,0,0,0
2008,28,93,1,280257,1,6,2,2,1,1,6,1,2,1,1,2,2,2,2,2,2,2,2,2,3,2,2,2,2,1,2,2,2,1,2,0,0,0
2008,28,57,1,280258,1,6,1,2,4,2,3,2,1,2,2,2,1,2,2,1,2,2,1,2,3,2,2,2,2,2,2,2,2,2,2,0,0,0
2008,28,99,1,280259,1,6,1,2,4,2,5,2,1,2,1,2,1,2,2,1,2,2,1,2,3,2,2,2,2,2,2,2,2,2,2,0,0,0
2008,28,11,1,280260,1,6,1,2,4,2,5,2,1,1,1,2,1,2,2,2,2,2,2,2,3,2,2,2,2,2,2,2,1,1,2,0,0,0
2008,28,73,1,280261,1,6,1,2,1,2,5,2,3,1,1,2,2,2,2,2,2,2,2,2,3,2,2,2,2,2,2,2,2,2,2,0,0,0
2008,28,45,1,280262,1,6,1,2,1,1,5,1,4,1,1,2,2,2,2,2,2,2,2,2,3,2,2,2,2,1,2,2,2,2,2,0,0,0
2008,28,59,1,280263,1,6,1,1,1,2,1,2,1,2,1,2,1,1,2,2,1,2,2,2,3,2,2,2,2,2,2,2,2,2,2,0,0,0
2008,28,33,2,280264,1,6,1,1,4,2,1,2,1,2,1,2,1,2,2,2,2,2,1,2,3,2,2,2,2,2,2,2,2,1,2,0,0,0
2008,28,47,1,280265,1,6,1,2,1,2,5,2,3,1,1,2,2,2,2,2,2,2,2,2,3,1,1,1,1,2,2,1,2,1,2,0,0,0
2008,28,81,2,280266,1,6,2,2,1,2,6,2,3,2,2,2,2,2,2,2,2,2,2,2,1,1,1,1,1,2,2,1,2,2,2,0,0,0
2008,28,137,1,280267,1,6,1,2,1,2,5,2,1,2,2,2,1,2,2,2,1,2,2,2,1,2,2,2,2,2,2,2,2,2,2,0,0,0
2008,28,49,1,280268,1,6,2,2,1,1,6,1,3,1,2,2,2,2,2,2,2,2,2,2,3,2,2,2,2,2,2,2,2,2,2,0,0,0
2008,28,93,1,280269,1,6,1,2,4,2,5,2,1,1,2,2,1,2,2,2,2,2,2,2,1,2,2,2,2,2,2,2,1,1,2,0,0,0
2008,28,151,1,280270,1,6,1,2,4,2,5,2,1,2,2,2,1,2,2,1,2,2,2,2,3,2,2,2,2,2,1,1,1,2,2,0,0,0
2008,28,57,1,280271,1,6,1,2,1,2,5,2,3,1,1,2,2,2,2,2,2,2,2,2,3,2,2,2,2,2,2,2,2,2,2,0,0,0
2008,28,45,1,280272,1,6,1,1,4,2,1,2,1,1,1,2,1,2,2,1,2,2,1,2,3,2,2,2,2,2,2,2,2,2,2,0,0,0
2008,28,39,1,280273,1,6,1,2,4,2,5,2,1,2,1,2,1,2,2,1,2,2,1,2,1,1,1,1,1,2,2,1,2,2,2,0,0,0
2008,28,153,1,280274,1,6,1,2,1,2,6,2,5,2,2,2,2,2,2,2,2,2,2,2,3,2,2,2,2,1,2,2,2,2,2,0,0,0
2008,28,109,1,280275,1,6,1,2,1,2,6,2,3,2,1,2,2,2,1,2,2,2,2,2,3,1,1,1,1,2,2,1,2,2,2,0,0,0
2008,28,35,1,280276,1,6,2,2,1,2,6,2,3,1,1,2,2,2,2,2,2,2,2,2,3,2,2,2,2,2,2,2,2,2,2,0,0,0
2008,28,127,1,280277,1,6,2,2,1,1,6,1,4,1,1,2,2,2,2,2,2,2,2,2,3,1,1,1,1,2,2,1,2,2,2,0,0,0
2008,28,145,1,280278,1,6,1,2,4,2,3,2,1,1,2,2,1,2,2,1,2,2,2,2,3,2,2,2,2,2,2,2,1,2,2,0,0,0
2008,28,117,1,280279,1,6,1,2,4,2,5,2,1,1,1,2,1,2,2,1,2,2,1,2,2,2,2,2,2,2,2,2,1,2,2,0,0,0
2008,28,5,1,280280,1,6,1,2,4,2,4,2,1,2,1,2,1,2,2,1,2,2,2,2,1,2,2,2,2,2,2,2,1,2,2,0,0,0
2008,28,123,1,280281,1,6,1,1,4,2,1,2,1,1,1,2,1,2,2,1,2,2,2,2,2,2,2,2,2,2,2,2,1,2,2,0,0,0
2008,28,123,1,280282,1,6,1,2,1,2,5,2,3,2,1,2,2,1,2,2,2,2,2,2,3,2,2,2,2,2,1,1,2,2,2,0,0,0
2008,28,29,1,280283,1,6,2,2,1,2,4,2,3,1,1,2,2,1,2,2,2,2,2,2,3,2,2,2,2,2,2,2,2,2,2,0,0,0
2008,28,161,1,280284,1,6,2,1,4,2,1,2,1,1,2,2,1,2,2,1,2,2,1,2,3,2,2,2,2,2,2,2,2,2,1,0,0,0
2008,28,89,1,280285,1,6,2,2,4,2,6,2,1,2,2,2,1,2,2,1,2,2,2,2,2,2,2,2,2,2,1,1,1,2,2,0,0,0
2008,28,135,1,280286,1,6,1,2,4,2,4,2,1,2,2,2,1,2,2,1,2,2,1,2,1,2,2,2,2,2,2,2,2,2,2,0,0,0
2008,28,143,1,280287,1,6,1,2,4,2,5,2,1,1,1,2,1,2,2,2,2,2,1,2,3,2,2,2,2,2,2,2,2,1,2,0,0,0
2008,28,29,1,280288,1,6,1,2,1,2,5,2,2,1,1,2,2,1,2,2,2,2,2,2,3,2,2,2,2,2,2,2,2,2,2,0,0,0
2008,28,31,1,280289,1,6,2,2,1,1,6,1,4,1,1,2,2,1,2,2,2,2,2,2,3,2,2,2,2,2,2,2,2,2,2,0,0,0
2008,28,35,1,280290,1,6,1,2,1,1,5,1,4,1,1,2,2,2,2,2,2,2,2,2,3,2,2,2,2,2,1,1,2,2,2,0,0,0
2008,28,147,1,280291,1,6,1,2,4,2,3,2,1,1,2,2,1,2,2,1,2,2,2,2,2,2,2,2,2,2,1,1,1,2,2,0,0,0
2008,28,57,1,280292,1,6,1,2,1,1,6,1,4,1,1,2,2,2,1,2,2,2,2,2,3,2,2,2,2,1,1,1,2,2,2,0,0,0
2008,28,19,1,280293,1,6,1,2,1,2,5,2,3,1,1,2,2,2,2,2,2,2,2,2,3,2,2,2,2,2,2,2,2,1,2,0,0,0
2008,28,121,1,280294,1,6,2,2,1,2,6,2,3,2,1,2,2,1,2,2,2,2,2,2,3,2,2,2,2,1,2,2,2,1,2,0,0,0
2008,28,77,2,280295,1,6,1,2,4,2,3,2,1,2,2,2,1,2,2,1,2,2,1,2,2,2,2,2,2,2,2,2,2,2,2,0,0,0
2008,28,121,1,280296,1,6,2,2,1,2,6,2,3,1,1,2,2,2,2,2,2,2,2,2,2,2,2,2,2,2,2,2,2,1,2,0,0,0
2008,28,5,1,280297,1,6,1,2,4,1,5,1,1,1,2,2,1,2,2,1,2,2,1,2,3,2,2,2,2,2,1,1,2,2,2,0,0,0
2008,28,21,1,280298,1,6,1,2,4,2,5,2,1,2,2,2,1,2,2,1,2,2,2,2,1,2,2,2,2,2,1,1,1,2,2,0,0,0
2008,28,47,1,280299,1,6,1,2,4,2,5,2,1,2,2,2,1,2,2,1,2,2,1,2,1,2,2,2,2,2,2,2,2,2,2,0,0,0
2008,28,163,1,280300,1,6,1,2,4,2,5,2,1,1,1,2,1,2,2,1,2,2,1,2,2,2,2,2,2,2,2,2,2,2,2,0,0,0
2008,28,59,1,280301,1,6,2,2,1,2,6,2,1,1,1,2,1,2,2,2,1,2,2,2,3,2,2,2,2,2,2,2,2,2,2,0,0,0
2008,28,81,1,280302,1,6,2,2,1,2,6,2,4,2,2,2,2,2,1,2,2,2,2,2,1,2,2,1,1,2,2,1,2,1,2,0,0,0
2008,28,153,2,280303,1,6,1,2,4,2,5,2,1,2,2,2,1,2,2,2,2,2,2,2,1,1,1,1,1,2,2,1,1,1,2,0,0,0
2008,28,81,1,280304,1,6,1,2,1,2,5,3,4,1,2,2,2,2,1,2,2,2,2,2,3,2,2,2,2,2,2,2,2,2,2,0,0,0
2008,28,85,1,280305,1,6,1,2,4,2,5,2,1,1,2,2,1,2,2,1,2,2,2,2,3,2,2,2,2,2,2,2,1,2,2,0,0,0
2008,28,33,1,280306,1,6,1,2,4,2,3,2,1,2,2,2,1,2,2,1,2,2,1,2,2,2,2,2,2,2,2,2,1,2,2,0,0,0
2008,28,95,1,280307,1,6,1,2,1,1,5,1,2,2,1,2,2,2,1,2,2,2,2,2,3,2,2,2,2,2,2,2,2,2,2,0,0,0
2008,28,75,1,280308,1,6,2,2,1,2,6,2,2,1,1,2,2,2,1,2,2,2,2,2,2,2,2,2,2,1,2,2,2,2,2,0,0,0
2008,28,139,1,280309,1,6,1,2,4,2,6,2,1,1,1,2,1,2,2,1,2,2,2,2,2,2,2,2,2,2,2,2,1,2,2,0,0,0
2008,28,49,1,280310,1,6,2,2,4,1,6,1,1,1,2,2,1,2,2,2,2,2,2,2,2,2,2,2,2,2,2,2,2,1,2,0,0,0
2008,28,59,1,280311,1,6,2,1,4,2,1,2,1,1,1,2,1,2,2,2,2,2,1,2,2,2,2,2,2,2,2,2,2,1,2,0,0,0
2008,28,71,1,280312,1,6,2,2,1,2,6,2,1,2,2,2,1,2,2,2,2,1,2,2,3,2,2,2,2,2,2,2,2,2,2,0,0,0
2008,28,29,1,280313,1,6,1,2,1,2,5,3,1,1,1,2,1,2,2,2,2,2,2,2,3,2,2,2,2,1,2,2,2,2,2,0,0,0
2008,28,5,1,280314,1,6,1,2,4,2,5,2,1,1,1,2,1,2,2,1,2,2,2,2,3,2,2,2,2,1,2,2,1,2,2,0,0,0
2008,28,77,1,280315,1,6,1,2,4,2,5,2,1,2,2,2,1,2,2,1,2,2,2,2,1,2,2,2,2,2,1,1,1,2,2,0,0,0
2008,28,127,1,280316,1,6,2,2,1,2,6,2,1,2,1,2,1,2,2,2,1,2,2,2,3,2,2,2,2,2,2,2,2,2,2,0,0,0
2008,28,1,1,280317,1,6,1,2,4,2,5,2,1,2,1,2,1,2,2,1,2,2,2,2,1,2,2,2,2,2,2,2,1,2,2,0,0,0
2008,28,65,1,280318,1,6,1,2,4,2,5,2,1,2,2,2,1,2,2,1,2,2,1,2,1,2,2,2,2,2,2,2,2,2,2,0,0,0
2008,28,109,1,280319,1,6,1,2,4,2,5,2,1,1,1,2,1,2,2,1,2,2,1,2,3,2,2,2,2,2,2,2,2,2,2,0,0,0
2008,28,7,1,280320,1,6,1,2,1,2,4,2,3,1,1,2,2,1,2,2,2,2,2,2,3,2,2,2,2,2,2,2,2,2,2,0,0,0
2008,28,89,1,280321,1,6,2,2,4,2,6,2,1,1,2,2,1,2,2,1,2,2,1,2,3,2,2,2,2,2,1,1,1,2,2,0,0,0
2008,28,155,1,280322,1,6,1,2,1,2,3,2,3,2,1,2,2,2,1,2,2,2,2,2,1,1,2,1,2,2,2,2,2,1,2,0,0,0
2008,28,109,1,280323,1,6,1,2,1,2,5,2,3,2,1,2,2,2,1,2,2,2,2,2,1,2,2,2,2,2,2,2,2,2,2,0,0,0
2008,28,103,1,280324,1,6,1,2,1,2,5,3,1,1,1,2,1,1,2,2,2,2,2,2,3,2,2,2,2,2,2,2,2,2,2,0,0,0
2008,28,75,1,280325,1,6,1,2,4,2,5,2,1,1,2,2,1,2,2,1,2,2,2,2,3,2,2,2,2,2,2,2,1,2,2,0,0,0
2008,28,77,1,280326,1,6,1,2,4,2,4,2,1,2,1,2,1,2,1,2,2,2,2,2,2,2,2,2,2,2,2,2,1,2,2,0,0,0
2008,28,61,1,280327,1,6,1,2,1,2,5,2,3,1,2,2,2,2,2,2,2,2,2,2,3,2,2,2,2,1,2,2,2,1,2,0,0,0
2008,28,113,1,280328,1,6,1,2,4,2,5,2,1,2,2,2,1,2,1,1,2,2,2,2,1,2,2,2,2,2,2,2,2,2,2,0,0,0
2008,28,135,1,280329,1,6,1,2,4,2,3,2,1,1,1,2,1,2,2,1,2,2,1,2,3,1,1,1,1,2,2,1,1,2,2,0,0,0
2008,28,71,1,280330,1,6,1,2,4,2,5,2,1,1,1,2,1,2,2,1,2,2,1,2,3,1,1,1,1,2,2,1,2,2,2,0,0,0
2008,28,137,1,280331,1,6,1,1,4,2,1,2,1,1,2,2,1,2,2,1,2,2,1,2,3,2,2,2,2,2,2,2,2,2,2,0,0,0
2008,28,85,2,280332,1,6,1,1,4,2,1,2,1,2,2,2,1,2,2,1,2,2,2,2,1,1,1,1,1,2,2,1,1,2,2,0,0,0
2008,28,147,1,280333,1,6,1,2,1,2,5,2,3,1,1,2,2,2,1,2,2,2,2,2,3,2,2,2,2,1,2,2,2,2,2,0,0,0
2008,28,29,1,280334,1,6,1,2,4,2,5,2,1,1,1,2,1,2,2,1,2,2,1,2,3,2,2,2,2,2,2,2,2,2,2,0,0,0
2008,28,57,1,280335,1,6,1,2,4,2,5,2,1,1,1,2,1,2,2,1,2,2,1,2,3,2,2,2,2,2,2,2,2,2,2,0,0,0
2008,28,49,1,280336,1,6,2,2,4,2,2,2,1,2,2,2,1,2,2,1,2,2,1,2,2,2,2,2,2,2,2,2,1,2,2,0,0,0
2008,28,75,1,280337,1,6,1,2,1,2,5,2,1,2,2,2,1,2,2,2,2,2,2,2,1,2,2,2,2,2,2,2,2,2,2,0,0,0
2008,28,89,1,280338,1,6,2,2,1,1,3,1,2,1,1,2,2,1,2,2,2,2,2,2,3,2,2,2,2,2,2,2,2,1,2,0,0,0
2008,28,97,1,280339,1,6,1,1,4,2,1,2,1,2,2,2,1,2,2,2,2,2,1,2,1,2,2,2,2,2,2,2,1,2,2,0,0,0
2008,28,149,1,280340,1,6,1,2,1,1,3,1,4,1,1,2,2,2,2,2,2,2,2,2,2,2,2,2,2,2,1,1,2,2,2,0,0,0
2008,28,47,1,280341,1,6,2,1,1,2,1,2,1,2,2,2,1,2,2,2,1,2,2,2,2,2,2,2,2,2,2,2,2,2,2,0,0,0
2008,28,117,1,280342,1,6,1,2,1,1,5,1,3,1,2,2,2,2,2,2,2,2,2,2,3,2,2,2,2,1,2,2,2,2,2,0,0,0
2008,28,131,1,280343,1,6,2,2,1,2,6,2,1,2,1,2,1,2,2,2,1,2,2,2,3,2,2,2,2,2,2,2,2,2,2,0,0,0
2008,28,121,1,280344,1,6,1,2,1,2,3,2,2,1,1,2,2,1,2,2,2,2,2,2,3,2,2,2,2,2,2,2,2,2,2,0,0,0
2008,28,121,1,280345,1,6,1,2,4,2,3,2,1,2,1,2,1,2,2,1,2,2,2,2,1,2,2,2,2,2,2,2,1,2,2,0,0,0
2008,28,121,1,280346,1,6,2,2,1,1,3,1,4,1,1,2,2,2,2,2,2,2,2,2,3,2,2,2,2,1,2,2,2,2,2,0,0,0
2008,28,89,1,280347,1,6,1,2,4,2,5,2,1,1,1,2,1,2,2,1,2,2,2,2,3,2,2,2,2,2,1,1,1,2,2,0,0,0
2008,28,135,3,280348,1,6,1,2,1,2,5,3,1,2,1,2,1,2,2,2,2,2,2,2,2,2,2,2,2,2,2,2,2,2,2,0,0,0
2008,28,29,1,280349,1,6,1,2,1,2,5,2,1,1,1,2,1,2,2,2,2,2,1,2,2,1,1,1,1,2,2,1,2,2,2,0,0,0
2008,28,27,1,280350,1,6,1,2,4,2,5,2,1,1,1,2,1,2,2,1,2,2,1,2,3,2,2,2,2,2,2,2,2,2,2,0,0,0
2008,28,1,1,280351,1,6,1,2,4,2,5,2,1,1,2,2,1,2,2,2,2,2,2,2,3,2,2,2,2,2,2,2,1,1,2,0,0,0
2008,28,27,1,280352,1,6,1,2,4,2,5,2,1,2,2,2,1,2,2,1,2,2,1,2,3,2,2,2,2,2,2,2,1,2,2,0,0,0
2008,28,107,1,280353,1,6,1,2,4,2,5,2,1,2,1,2,1,2,2,1,2,2,2,2,1,2,2,2,2,2,2,2,1,2,2,0,0,0
2008,28,25,1,280354,1,6,1,2,4,2,5,2,1,1,1,2,1,1,2,2,2,2,1,2,2,2,2,2,2,2,2,2,2,2,2,0,0,0
2008,28,77,1,280355,1,6,1,2,4,2,5,2,1,2,1,2,1,2,2,1,2,2,1,2,3,1,2,1,2,2,2,2,2,2,2,0,0,0
2008,28,73,1,280356,1,6,1,2,1,2,5,3,1,1,1,2,1,2,2,2,2,2,2,2,3,2,2,2,2,1,2,2,2,2,2,0,0,0
2008,28,139,1,280357,1,6,1,2,4,2,5,2,1,2,2,2,1,2,2,2,2,2,2,2,3,2,2,2,2,2,2,2,1,1,2,0,0,0
2008,28,67,1,280358,1,6,1,2,4,2,5,2,1,1,1,2,1,2,2,2,2,2,2,2,3,1,1,1,1,2,2,1,1,1,2,0,0,0
2008,28,67,1,280359,1,6,1,2,1,2,5,2,3,1,1,2,2,2,2,2,2,2,2,2,2,1,2,1,2,2,1,1,2,2,2,0,0,0
2008,28,67,1,280360,1,6,2,2,4,2,6,2,1,1,1,2,1,2,2,1,2,2,2,2,3,2,2,2,2,2,2,2,1,2,2,0,0,0
2008,28,75,1,280361,1,6,1,2,4,2,3,2,1,2,1,2,1,2,2,1,2,2,1,2,1,2,2,2,2,2,2,2,1,2,2,0,0,0
2008,28,25,1,280362,1,6,1,2,1,2,3,2,2,1,1,2,2,2,2,2,2,2,2,2,1,2,2,2,2,2,2,2,2,1,2,0,0,0
2008,28,107,1,280363,1,6,1,2,1,2,5,2,5,1,1,2,2,1,2,2,2,2,2,2,2,2,2,2,2,1,2,2,2,1,2,0,0,0
2008,28,81,1,280364,1,6,1,2,1,2,3,2,4,1,1,2,2,1,2,2,2,2,2,2,1,2,2,1,1,2,2,1,2,2,2,0,0,0
2008,28,159,1,280365,1,6,1,2,1,2,5,2,1,2,2,2,1,2,2,2,1,2,2,2,1,2,2,2,2,2,2,2,2,2,2,0,0,0
2008,28,75,1,280366,1,6,1,2,1,2,5,2,3,1,1,2,2,2,2,2,2,2,2,2,3,2,2,2,2,2,2,2,2,2,1,0,0,0
2008,28,33,1,280367,1,6,1,2,1,2,5,2,1,2,1,2,1,2,2,2,1,2,2,2,2,2,2,2,2,2,2,2,2,2,2,0,0,0
2008,28,87,1,280368,1,6,1,2,4,2,5,2,1,2,1,2,1,2,2,1,2,2,2,2,1,2,2,2,2,2,2,2,1,2,2,0,0,0
2008,28,51,3,280369,1,6,1,2,4,2,5,2,1,1,1,2,1,2,2,1,2,2,2,2,3,2,2,2,2,2,2,2,1,2,2,0,0,0
2008,28,3,1,280370,1,6,1,2,1,1,5,1,4,1,2,2,2,2,2,2,2,2,2,2,3,2,2,2,2,1,2,2,2,2,2,0,0,0
2008,28,107,1,280371,1,6,1,2,4,2,5,2,1,2,2,2,1,2,2,1,2,2,1,2,1,2,2,2,2,2,2,2,2,2,2,0,0,0
2008,28,49,1,280372,1,6,1,1,4,2,1,2,1,1,1,2,1,2,2,1,2,2,1,2,2,2,2,2,2,1,2,2,1,2,2,0,0,0
2008,28,63,1,280373,1,6,1,2,4,2,3,2,1,2,1,2,1,2,2,1,2,2,1,2,1,1,1,1,1,2,2,1,2,2,2,0,0,0
2008,28,33,1,280374,1,6,2,1,1,2,1,2,2,1,1,2,2,1,2,2,2,2,2,2,3,2,2,2,2,2,2,2,2,2,2,0,0,0
2008,28,123,1,280375,1,6,1,2,1,2,5,2,3,1,1,2,2,1,2,1,2,2,2,2,3,2,2,2,2,2,2,2,2,2,2,0,0,0
2008,28,121,1,280376,1,6,2,1,4,2,1,2,1,2,1,2,1,2,2,1,2,2,2,2,1,2,2,2,2,2,2,2,1,1,2,0,0,0
2008,28,123,1,280377,1,6,1,2,4,2,5,2,1,1,2,2,1,2,2,1,2,2,2,2,1,2,2,2,2,2,2,2,1,2,2,0,0,0
2008,28,33,1,280378,1,6,1,2,1,2,5,2,1,2,2,2,1,2,2,2,1,2,2,2,2,2,2,1,1,2,2,1,2,2,2,0,0,0
2008,28,47,1,280379,1,6,1,2,4,2,5,2,1,1,2,2,1,2,2,1,2,2,1,2,2,2,2,2,2,2,1,1,2,2,2,0,0,0
2008,28,59,1,280380,1,6,1,2,1,2,3,2,3,2,2,2,3,2,2,2,2,2,2,2,3,2,2,2,2,2,2,2,2,2,2,0,0,0
2008,28,129,1,280381,1,6,1,2,4,2,5,2,1,1,1,2,1,2,2,2,2,2,1,2,3,2,2,2,2,2,2,2,1,1,2,0,0,0
2008,28,51,1,280382,1,6,1,1,1,2,1,2,3,2,1,2,2,1,2,2,2,2,2,2,3,2,2,2,2,2,2,2,2,1,2,0,0,0
2008,28,139,1,280383,1,6,1,2,4,2,5,2,1,1,2,2,1,2,2,1,2,2,2,2,3,2,2,2,2,2,2,2,1,2,2,0,0,0
2008,28,35,1,280384,1,6,1,2,1,2,3,3,4,1,1,2,2,2,2,2,2,2,2,2,3,2,2,2,2,1,2,2,2,2,2,0,0,0
2008,28,59,1,280385,1,6,1,2,4,2,5,2,1,2,1,2,1,2,2,2,2,2,1,2,1,2,2,2,2,2,2,2,2,1,2,0,0,0
2008,28,35,1,280386,1,6,1,2,1,1,3,1,4,2,2,2,2,2,2,2,2,2,2,2,2,2,2,2,2,1,2,2,2,1,2,0,0,0
2008,28,81,1,280387,1,6,1,2,4,2,5,2,1,2,2,2,1,2,2,1,2,2,1,2,1,2,2,2,2,2,2,2,1,2,2,0,0,0
2008,28,121,2,280388,1,6,1,2,4,2,5,2,1,2,1,2,1,2,2,1,2,2,1,2,1,2,2,2,2,2,1,1,2,2,2,0,0,0
2008,28,141,1,280389,1,6,1,2,1,1,3,1,4,1,1,2,2,2,2,2,2,2,2,2,3,1,1,1,1,1,2,1,2,2,2,0,0,0
2008,28,109,1,280390,1,6,1,2,1,1,5,1,4,2,1,2,2,1,2,2,2,2,2,2,3,2,2,2,2,1,2,2,2,2,2,0,0,0
2008,28,59,1,280391,1,6,1,2,4,2,5,2,1,2,2,2,1,2,2,2,2,2,2,2,1,2,2,2,2,2,2,2,1,1,2,0,0,0
2008,28,149,1,280392,1,6,1,2,4,2,3,2,1,1,2,2,1,2,2,2,2,2,1,2,2,2,2,2,2,2,2,2,1,1,2,0,0,0
2008,28,3,1,280393,1,6,2,2,4,2,6,2,1,1,2,2,1,2,2,2,2,2,2,2,3,2,2,2,2,2,2,2,1,2,2,0,0,0
2008,28,29,1,280394,1,6,2,1,4,2,1,2,1,1,1,2,1,2,2,2,2,2,2,2,3,2,2,2,2,2,2,2,1,1,2,0,0,0
2008,28,163,1,280395,1,6,1,2,4,2,3,2,1,1,1,2,1,2,2,2,2,2,2,2,1,2,2,2,2,2,2,2,1,1,2,0,0,0
2008,28,85,1,280396,1,6,2,2,1,1,3,1,4,1,1,2,2,2,2,2,2,2,2,2,3,2,2,2,2,1,2,2,2,2,2,0,0,0
2008,28,59,1,280397,1,6,1,1,1,2,1,2,2,2,2,2,2,2,1,2,2,2,2,2,1,2,2,2,2,2,2,2,2,2,2,0,0,0
2008,28,121,1,280398,1,6,1,2,4,2,5,2,1,1,1,2,1,2,2,1,2,2,2,2,3,2,2,2,2,2,2,2,1,2,2,0,0,0
2008,28,3,1,280399,1,6,1,2,4,2,5,2,1,1,1,2,1,2,2,2,2,2,2,2,2,2,2,2,2,2,2,2,1,1,2,0,0,0
2008,28,117,1,280400,1,6,1,2,4,2,5,2,1,1,2,2,1,2,2,1,2,2,2,2,3,2,2,2,2,2,2,2,1,2,2,0,0,0
2008,28,47,1,280401,1,6,1,2,4,2,5,2,1,2,2,2,1,2,2,1,2,2,1,2,1,2,2,1,1,2,2,1,2,2,2,0,0,0
2008,28,145,1,280402,1,6,1,2,4,2,4,2,1,2,2,2,1,2,2,1,2,2,1,2,1,2,2,2,2,2,2,2,2,2,2,0,0,0
2008,28,15,1,280403,1,6,1,2,4,2,5,2,1,1,2,2,1,2,2,1,2,2,2,2,1,2,2,2,2,2,2,2,1,2,2,0,0,0
2008,28,113,1,280404,1,6,2,2,1,2,6,2,1,2,2,2,1,2,2,2,1,2,2,2,2,2,2,2,2,2,2,2,2,2,2,0,0,0
2008,28,159,1,280405,1,6,1,2,4,2,4,2,1,1,1,2,1,2,1,1,2,2,2,2,2,2,2,2,2,2,1,1,1,2,2,0,0,0
2008,28,85,1,280406,1,6,1,1,4,2,1,2,1,2,1,2,1,2,2,1,2,2,2,2,1,2,2,2,2,2,2,2,1,2,2,0,0,0
2008,28,121,1,280407,1,6,1,2,4,2,5,2,1,1,1,2,1,2,2,1,2,2,1,2,2,2,2,2,2,2,2,2,1,2,2,0,0,0
2008,28,15,2,280408,1,6,1,2,1,2,5,2,3,1,1,2,2,2,2,1,2,2,2,2,3,1,1,1,1,2,2,1,2,2,2,0,0,0
2008,28,35,1,280409,1,6,1,2,1,1,3,1,4,1,2,2,2,2,2,2,2,2,2,2,3,2,2,2,2,2,1,1,2,2,2,0,0,0
2008,28,143,3,280410,1,6,1,2,4,2,3,2,1,1,2,2,1,2,2,1,2,2,1,2,2,2,2,2,2,2,2,2,2,2,2,0,0,0
2008,28,45,1,280411,1,6,1,1,4,2,1,2,1,1,1,2,1,2,2,2,2,2,2,2,2,2,2,2,2,2,2,2,1,1,2,0,0,0
2008,28,83,1,280412,1,6,1,2,4,2,5,2,1,1,1,2,1,2,2,1,2,2,2,2,3,2,2,2,2,2,2,2,1,2,2,0,0,0
2008,28,49,1,280413,1,6,2,2,4,2,6,2,1,1,1,2,1,2,2,1,2,2,2,2,3,2,2,2,2,2,2,2,1,2,2,0,0,0
2008,28,47,1,280414,1,6,2,2,1,2,3,3,4,1,1,2,2,2,1,2,2,2,2,2,3,2,2,2,2,2,2,2,2,2,2,0,0,0
2008,28,151,1,280415,1,6,2,2,1,1,6,1,2,1,1,2,2,2,2,2,2,2,2,2,3,2,2,2,2,2,2,2,2,1,2,0,0,0
2008,28,111,1,280416,1,6,1,2,4,2,3,2,1,1,1,2,1,2,2,1,2,2,2,2,3,2,2,2,2,2,2,2,1,2,2,0,0,0
2008,28,85,1,280417,1,6,1,2,4,1,5,1,1,2,2,2,1,2,2,2,2,2,2,2,1,2,2,2,2,2,2,2,2,2,2,0,0,0
2008,28,123,1,280418,1,6,1,2,4,2,5,2,1,2,2,2,1,2,2,1,2,2,2,2,3,1,1,1,1,2,2,1,1,2,2,0,0,0
2008,28,59,1,280419,1,6,1,1,1,2,1,2,2,1,2,2,3,2,2,2,2,2,2,2,3,2,2,2,2,2,2,2,2,1,2,0,0,0
2008,28,81,1,280420,1,6,1,2,1,2,3,2,3,1,2,2,2,2,2,2,2,2,2,2,3,1,1,1,1,2,1,1,2,1,2,0,0,0
2008,28,109,2,280421,1,6,1,2,4,2,5,2,1,1,2,2,1,2,2,1,2,2,1,2,3,1,1,1,1,2,2,1,1,2,2,0,0,0
2008,28,115,1,280422,1,6,2,2,4,2,6,2,1,1,2,2,1,2,2,1,2,2,2,2,3,2,2,2,2,2,2,2,1,2,2,0,0,0
2008,28,73,1,280423,1,6,1,2,4,2,5,2,1,2,2,2,1,2,2,2,2,2,1,2,3,2,2,2,2,2,2,2,1,2,2,0,0,0
2008,28,51,1,280424,1,6,1,1,4,2,1,2,1,1,1,2,1,2,2,1,2,2,2,2,3,2,2,2,2,2,2,2,1,2,2,0,0,0
2008,28,99,1,280425,1,6,1,2,4,2,5,2,1,1,1,2,1,2,2,1,2,2,1,2,3,1,1,1,1,2,2,1,1,2,2,0,0,0
2008,28,107,1,280426,1,6,1,2,4,2,5,2,1,1,2,2,1,2,1,1,2,2,2,2,1,2,2,2,2,2,2,2,1,2,2,0,0,0
2008,28,33,1,280427,1,6,1,1,1,2,1,2,3,1,1,2,2,1,2,1,2,2,2,2,3,2,2,2,2,2,2,2,2,2,2,0,0,0
2008,28,47,1,280428,1,6,2,2,4,2,6,2,1,1,1,2,1,2,1,1,2,2,2,2,3,2,2,1,1,2,2,1,1,2,2,0,0,0
2008,28,59,2,280429,1,6,1,2,1,2,6,2,3,1,1,2,2,2,2,1,2,2,2,2,3,2,2,2,2,2,2,2,2,2,2,0,0,0
2008,28,3,1,280430,1,6,1,2,4,2,5,2,1,1,1,2,1,2,2,1,2,2,2,2,3,2,2,2,2,2,2,2,1,2,2,0,0,0
2008,28,87,1,280431,1,6,1,2,1,1,3,1,4,1,2,2,2,2,2,2,2,2,2,2,3,2,2,2,2,2,2,2,2,2,2,0,0,0
2008,28,59,1,280432,1,6,2,2,1,1,6,1,4,1,2,2,2,2,2,2,2,2,2,2,3,2,2,2,2,2,1,1,2,2,2,0,0,0
2008,28,49,1,280433,1,6,2,2,4,2,6,2,1,1,2,2,1,2,2,1,2,2,2,2,3,2,2,2,2,2,2,2,1,2,2,0,0,0
2008,28,39,1,280434,1,6,1,2,1,1,5,1,4,1,2,2,2,2,2,2,2,2,2,2,3,2,2,2,2,2,2,2,2,2,2,0,0,0
2008,28,151,2,280435,1,6,1,2,1,1,3,1,4,1,2,2,2,2,2,2,2,2,2,2,3,2,2,2,2,1,2,2,2,2,2,0,0,0
2008,28,113,1,280436,1,6,1,2,4,2,6,2,1,2,2,2,1,2,2,1,2,2,2,2,3,2,2,2,2,2,1,1,1,2,2,0,0,0
2008,28,71,1,280437,1,6,1,2,1,2,5,2,2,1,1,2,2,2,2,2,2,2,2,2,3,2,2,2,2,1,2,2,2,2,2,0,0,0
2008,28,149,1,280438,1,6,1,2,4,2,5,2,1,2,2,2,1,2,2,1,2,2,2,2,2,2,2,2,2,2,2,2,1,2,2,0,0,0
2008,28,47,1,280439,1,6,1,1,1,2,1,2,1,2,2,2,1,1,2,2,1,2,2,2,2,2,2,2,2,2,2,2,2,2,2,0,0,0
2008,28,77,1,280440,1,6,1,2,1,1,4,1,4,1,2,2,2,2,2,2,2,2,2,2,3,1,2,1,2,2,1,1,2,2,2,0,0,0
2008,28,113,1,280441,1,6,1,2,1,2,5,2,3,2,2,2,3,2,2,2,2,2,2,2,3,2,2,2,2,2,2,2,2,2,2,0,0,0
2008,28,127,1,280442,1,6,1,2,1,1,5,1,4,2,2,2,2,2,2,2,2,2,2,2,1,2,2,2,2,1,2,2,2,2,2,0,0,0
2008,28,163,1,280443,1,6,1,2,4,2,5,2,1,2,2,2,1,2,2,2,2,2,1,2,3,2,2,2,2,2,2,2,2,1,2,0,0,0
2008,28,49,1,280444,1,6,2,2,1,2,6,3,4,1,1,2,2,2,2,2,2,2,2,2,3,2,2,2,2,1,2,2,2,2,2,0,0,0
2008,28,71,1,280445,1,6,1,2,4,2,5,2,1,1,1,2,1,2,2,1,2,2,2,2,2,2,2,2,2,2,2,2,1,2,2,0,0,0
2008,28,27,1,280446,1,6,1,2,1,2,5,2,3,1,1,2,2,2,2,2,2,2,2,2,3,2,2,2,2,2,2,2,2,2,2,0,0,0
2008,28,145,1,280447,1,6,1,2,1,1,5,1,4,1,1,2,2,2,2,2,2,2,2,2,3,2,2,2,2,2,1,1,2,2,2,0,0,0
2008,28,49,1,280448,1,6,2,2,4,2,6,2,1,1,1,2,1,2,2,1,2,2,2,2,3,2,2,2,2,2,2,2,1,2,2,0,0,0
2008,28,13,1,280449,1,6,1,2,4,2,5,2,1,1,1,2,1,2,2,1,2,2,2,2,3,2,2,2,2,2,2,2,1,2,2,0,0,0
2008,28,49,1,280450,1,6,2,2,4,2,6,2,1,2,1,2,1,2,2,1,2,2,2,2,1,2,2,2,2,2,2,2,1,2,2,0,0,0
2008,28,131,1,280451,1,6,1,2,1,2,4,2,3,1,1,2,2,1,2,2,2,2,2,2,3,2,2,2,2,2,2,2,2,1,2,0,0,0
2008,28,59,1,280452,1,6,2,2,4,2,6,2,1,2,2,2,1,2,2,1,2,2,2,2,3,1,1,1,1,2,2,1,1,2,2,0,0,0
2008,28,9,1,280453,1,6,1,2,1,2,5,3,1,2,2,2,1,2,2,2,2,2,2,2,1,2,2,2,2,2,2,2,2,2,2,0,0,0
2008,28,109,1,280454,1,6,1,2,1,2,5,2,3,1,2,2,2,2,2,2,2,2,2,2,3,1,1,1,1,2,2,1,2,2,2,0,0,0
2008,28,1,1,280455,1,6,2,2,4,2,6,2,1,2,2,2,1,2,2,1,2,2,2,2,1,2,2,2,2,2,2,2,1,2,2,0,0,0
2008,28,135,1,280456,1,6,1,2,4,2,3,2,1,2,2,2,1,2,2,1,2,2,1,2,1,2,2,2,2,2,1,1,1,2,2,0,0,0
2008,28,123,1,280457,1,6,2,2,1,1,6,1,4,1,2,2,2,2,1,2,2,2,2,2,3,2,2,2,2,2,1,1,2,2,2,0,0,0
2008,28,49,1,280458,1,6,2,1,1,2,1,2,2,1,2,2,2,2,1,1,2,2,2,2,3,2,2,2,2,2,2,2,2,2,2,0,0,0
2008,28,13,1,280459,1,6,1,2,1,2,6,2,2,1,1,2,2,2,2,1,2,2,2,2,2,2,2,2,2,1,2,2,2,2,2,0,0,0
2008,28,31,1,280460,1,6,1,2,4,2,5,2,1,2,1,2,1,2,2,1,2,2,1,2,1,2,2,2,2,2,2,2,1,2,2,0,0,0
2008,28,123,1,280461,1,6,1,2,4,2,5,2,1,2,1,2,1,2,2,1,2,2,2,2,2,2,2,2,2,2,2,2,1,2,2,0,0,0
2008,28,145,1,280462,1,6,1,2,4,2,5,2,1,1,1,2,1,2,2,1,2,2,2,2,3,2,2,2,2,1,2,2,1,2,2,0,0,0
2008,28,67,1,280463,1,6,2,2,4,2,6,2,1,2,1,2,1,2,2,1,2,2,1,2,2,2,2,2,2,2,1,1,2,2,2,0,0,0
2008,28,115,1,280464,1,6,1,2,1,2,5,2,2,2,2,2,2,2,1,2,2,2,2,2,1,2,2,2,2,2,2,2,2,1,2,0,0,0
2008,28,49,1,280465,1,6,2,2,4,2,6,2,1,1,1,2,1,2,2,2,2,2,1,2,3,2,2,2,2,2,2,2,1,1,2,0,0,0
2008,28,113,1,280466,1,6,1,2,4,2,5,2,1,2,2,2,1,2,2,1,2,2,2,2,2,2,2,2,2,2,1,1,1,2,2,0,0,0
2008,28,45,2,280467,1,6,1,2,1,2,4,2,3,1,2,2,2,2,2,2,2,2,2,2,3,1,1,1,1,2,2,1,2,2,2,0,0,0
2008,28,91,2,280468,1,6,2,2,1,2,6,3,4,1,2,2,2,2,2,1,2,2,2,2,3,2,2,2,2,2,2,2,2,1,2,0,0,0
2008,28,87,1,280469,1,6,1,2,4,2,5,2,1,1,2,2,1,2,2,1,2,2,1,2,2,2,2,2,2,2,1,1,2,2,2,0,0,0
2008,28,89,1,280470,1,6,2,2,4,2,6,2,1,1,2,2,1,2,2,1,2,2,1,2,1,2,2,2,2,2,1,1,2,2,2,0,0,0
2008,28,47,1,280471,1,6,2,2,1,2,6,2,1,2,2,2,1,2,2,2,1,2,2,2,2,2,2,2,2,2,1,1,2,2,2,0,0,0
2008,28,137,1,280472,1,6,1,1,4,2,1,2,1,1,1,2,1,2,2,1,2,2,2,2,1,2,2,2,2,2,1,1,1,2,2,0,0,0
2008,28,153,1,280473,1,6,1,2,4,2,5,2,1,1,1,2,1,2,2,1,2,2,1,2,2,2,2,2,2,2,2,2,2,2,2,0,0,0
2008,28,81,1,280474,1,6,1,2,1,2,5,2,2,1,1,2,2,2,2,2,2,2,2,2,3,2,2,2,2,2,2,2,2,1,2,0,0,0
2008,28,137,1,280475,1,6,2,2,1,2,6,2,1,2,1,2,1,2,2,2,1,2,2,2,3,2,2,1,1,2,2,1,2,2,2,0,0,0
2008,28,71,1,280476,1,6,2,2,4,2,6,2,1,1,2,2,1,2,2,1,2,2,1,2,1,2,2,2,2,2,1,1,1,2,2,0,0,0
2008,28,135,1,280477,1,6,1,2,4,2,5,2,1,1,2,2,1,2,2,1,2,2,1,2,2,2,2,2,2,2,2,2,1,2,2,0,0,0
2008,28,129,1,280478,1,6,1,2,4,2,4,2,1,1,1,2,1,2,2,1,2,2,1,2,2,2,2,2,2,2,2,2,2,2,2,0,0,0
2008,28,85,1,280479,1,6,1,2,1,2,5,2,2,1,1,2,2,2,2,2,2,2,2,2,3,1,1,1,1,2,2,1,2,2,2,0,0,0
2008,28,51,1,280481,1,6,1,1,1,2,1,2,2,1,2,2,2,2,2,2,2,2,2,2,3,2,2,2,2,2,2,2,2,1,2,0,0,0
2008,28,21,1,280482,1,6,1,2,4,2,5,2,1,1,1,2,1,2,2,1,2,2,1,2,1,2,2,2,2,1,2,2,2,2,2,0,0,0
2008,28,49,1,280483,1,6,1,2,1,2,4,2,2,1,1,2,2,1,2,2,2,2,2,2,2,2,2,2,2,2,2,2,2,2,2,0,0,0
2008,28,57,1,280484,1,6,1,2,4,2,5,2,1,2,1,2,1,2,2,1,2,2,2,2,1,2,2,2,2,2,2,2,1,2,2,0,0,0
2008,28,129,1,280485,1,6,1,2,1,2,5,2,2,1,1,2,2,1,2,2,2,2,2,2,3,2,2,2,2,2,2,2,2,1,2,0,0,0
2008,28,121,1,280486,1,6,2,2,1,1,6,1,4,1,2,2,2,2,2,2,2,2,2,2,2,2,2,2,2,1,1,1,2,2,2,0,0,0
2008,28,63,1,280487,1,6,1,2,4,2,5,2,1,2,1,2,1,1,2,2,2,2,2,2,2,2,2,2,2,2,2,2,1,1,2,0,0,0
2008,28,49,1,280488,1,6,1,2,4,2,5,2,1,2,2,2,1,2,2,1,2,2,2,2,2,2,2,2,2,2,2,2,1,2,2,0,0,0
2008,28,59,1,280489,1,6,1,2,1,2,5,2,2,2,2,2,3,2,1,1,2,2,2,2,1,2,2,2,2,2,1,1,2,2,2,0,0,0
2008,28,71,1,280490,1,6,1,2,4,2,4,2,1,1,1,2,1,2,2,1,2,2,1,2,2,1,1,1,1,2,2,1,1,2,2,0,0,0
2008,28,149,1,280491,1,6,1,2,1,2,3,2,1,2,1,1,1,2,2,2,1,2,2,2,3,2,2,2,2,2,2,2,2,2,2,0,0,0
2008,28,57,1,280492,1,6,1,2,1,2,5,2,3,1,1,2,2,1,2,2,2,2,2,2,3,2,2,2,2,1,2,2,2,2,2,0,0,0
2008,28,87,1,280493,1,6,1,2,4,2,5,2,1,2,2,2,1,2,2,1,2,2,1,2,1,2,2,2,2,2,2,2,2,2,2,0,0,0
2008,28,35,1,280494,1,6,1,2,1,1,5,1,4,1,1,2,2,2,2,2,2,2,2,2,3,2,2,2,2,2,1,1,2,2,2,0,0,0
2008,28,47,1,280495,1,6,2,2,1,1,6,1,4,1,1,2,2,2,2,2,2,2,2,2,3,2,2,2,2,2,2,2,2,2,2,0,0,0
2008,28,137,1,280496,1,6,2,2,4,2,6,2,1,1,1,2,1,2,2,1,2,2,2,2,3,2,2,2,2,2,2,2,1,2,2,0,0,0
2008,28,107,1,280497,1,6,2,2,1,2,6,2,2,1,1,2,3,1,2,2,2,2,2,2,3,2,2,2,2,1,2,2,2,2,2,0,0,0
2008,28,63,1,280498,1,6,1,2,4,2,5,2,1,2,2,2,1,2,2,1,2,2,2,2,1,2,2,2,2,2,1,1,1,2,2,0,0,0
2008,28,49,1,280499,1,6,2,2,1,2,6,2,3,2,2,2,2,2,2,2,2,2,2,2,1,1,1,1,1,2,2,1,2,2,2,0,0,0
2008,28,35,1,280500,1,6,2,2,1,2,6,3,4,2,2,2,2,2,1,2,2,2,2,2,1,2,2,2,2,2,2,2,2,2,2,0,0,0
2008,28,69,1,280501,1,6,1,2,4,2,5,2,1,2,2,2,1,2,2,2,2,2,1,2,1,2,2,2,2,2,2,2,2,1,2,0,0,0
2008,28,93,1,280502,1,6,1,2,4,2,5,2,1,2,1,2,1,2,2,1,2,2,1,2,1,2,2,2,2,2,2,2,2,2,2,0,0,0
2008,28,43,1,280503,1,6,1,2,1,2,5,2,3,1,1,2,2,1,2,2,2,2,2,2,3,2,2,2,2,2,2,2,2,1,2,0,0,0
2008,28,47,1,280504,1,6,2,2,4,2,6,2,1,2,2,2,1,2,2,2,2,2,1,2,1,2,2,2,2,2,2,2,2,2,2,0,0,0
2008,28,143,1,280505,1,6,1,2,4,2,5,2,1,2,1,2,1,2,2,2,2,2,1,2,1,2,2,2,2,2,2,2,1,1,2,0,0,0
2008,28,33,1,280506,1,6,1,2,1,2,5,2,1,2,1,2,1,2,2,2,2,2,1,2,1,2,2,2,2,2,2,2,2,1,2,0,0,0
2008,28,11,1,280507,1,6,1,2,4,1,5,1,1,1,1,2,1,2,2,1,2,2,2,2,3,2,2,1,1,2,2,1,2,2,2,0,0,0
2008,28,115,1,280508,1,6,1,2,1,2,6,2,2,1,1,2,3,1,2,2,2,2,2,2,3,2,2,2,2,2,2,2,2,1,2,0,0,0
2008,28,91,1,280509,1,6,1,2,1,1,3,1,4,1,1,2,2,1,2,2,2,2,2,2,3,2,2,2,2,1,2,2,2,2,2,0,0,0
2008,28,115,1,280510,1,6,1,2,4,2,5,2,1,1,1,2,1,2,2,2,2,2,2,2,3,2,2,2,2,1,2,2,1,2,2,0,0,0
2008,28,107,1,280511,1,6,2,2,1,1,6,1,4,1,1,2,2,2,2,2,2,2,2,2,3,2,2,2,2,1,2,2,2,2,2,0,0,0
2008,28,123,1,280512,1,6,1,1,4,2,1,2,1,1,2,2,1,2,2,1,2,2,2,2,3,2,2,2,2,2,2,2,1,2,2,0,0,0
2008,28,85,1,280513,1,6,1,2,1,2,5,2,1,1,1,2,1,2,2,2,1,2,2,2,3,2,2,2,2,1,2,2,2,2,2,0,0,0
2008,28,49,1,280514,1,6,2,2,1,2,6,2,5,1,1,2,3,2,2,2,2,2,2,2,3,2,2,2,2,2,1,1,2,2,2,0,0,0
2008,28,163,1,280515,1,6,1,2,1,2,5,2,5,1,1,2,2,1,2,2,2,2,2,2,3,2,2,2,2,2,2,2,2,2,2,0,0,0
2008,28,107,1,280516,1,6,1,1,4,2,1,2,1,1,1,2,1,2,2,1,2,2,1,2,2,2,2,2,2,2,2,2,2,2,2,0,0,0
2008,28,45,1,280517,1,6,1,2,4,2,3,2,1,2,2,2,1,2,2,2,2,2,1,2,1,2,2,2,2,2,2,2,2,2,1,0,0,0
2008,28,89,1,280518,1,6,2,2,4,2,6,2,1,2,2,2,1,2,2,1,2,2,1,2,3,1,1,1,1,2,2,1,2,2,2,0,0,0
2008,28,75,1,280519,1,6,1,2,1,2,5,2,4,1,1,2,2,2,2,1,2,2,2,2,3,1,1,1,1,2,2,1,2,2,2,0,0,0
2008,28,133,2,280520,1,6,1,2,1,1,5,1,4,2,1,2,2,2,2,1,2,2,2,2,1,2,2,2,2,2,2,2,2,2,2,0,0,0
2008,28,75,1,280521,1,6,1,2,1,2,5,2,3,1,1,2,2,2,2,2,2,2,2,2,3,1,1,1,1,1,2,1,2,1,2,0,0,0
2008,28,103,1,280522,1,6,1,2,4,2,5,2,1,1,1,2,1,1,2,2,2,2,1,2,2,2,2,2,2,2,2,2,2,1,2,0,0,0
2008,28,67,1,280523,1,6,1,2,1,2,3,2,1,2,1,2,1,2,2,2,1,2,2,2,3,1,1,1,1,2,2,1,2,2,2,0,0,0
2008,28,151,1,280524,1,6,1,2,1,2,3,2,1,2,1,2,1,2,2,2,2,1,2,2,3,1,1,1,1,2,2,1,2,2,2,0,0,0
2008,28,67,1,280525,1,6,2,2,4,1,6,1,1,1,1,2,1,2,1,1,2,2,2,2,3,2,2,2,2,2,2,2,2,2,2,0,0,0
2008,28,61,1,280526,1,6,1,1,4,2,1,2,1,1,1,2,1,1,2,2,2,2,2,2,2,2,2,2,2,2,2,2,1,2,2,0,0,0
2008,28,77,1,280527,1,6,1,2,1,1,3,1,4,1,1,2,2,1,2,2,2,2,2,2,3,2,2,2,2,2,2,2,2,2,2,0,0,0
2008,28,137,1,280528,1,6,1,1,1,2,1,2,4,2,1,2,2,1,2,2,2,2,2,2,1,2,2,2,2,2,2,2,2,2,2,0,0,0
2008,28,35,1,280529,1,6,1,2,1,2,5,2,3,1,2,2,2,2,2,1,2,2,2,2,3,2,2,2,2,2,2,2,2,2,2,0,0,0
2008,28,33,1,280530,1,6,1,2,1,2,5,2,1,2,2,2,1,2,2,2,2,2,2,2,2,2,2,2,2,2,2,2,2,1,2,0,0,0
2008,28,77,1,280531,1,6,1,2,4,2,5,2,1,1,1,2,1,2,2,1,2,2,2,2,3,2,2,2,2,2,2,2,1,2,2,0,0,0
2008,28,149,1,280532,1,6,2,1,4,2,1,2,1,2,1,2,1,2,2,1,2,2,1,2,1,2,2,2,2,2,2,2,2,2,2,0,0,0
2008,28,5,1,280533,1,6,1,2,4,2,5,2,1,1,1,2,1,2,2,2,2,2,1,2,3,2,2,2,2,2,2,2,1,1,2,0,0,0
2008,28,123,1,280534,1,6,1,2,4,2,5,2,1,1,1,2,1,2,2,1,2,2,1,2,2,2,2,2,2,2,2,2,1,2,2,0,0,0
2008,28,33,2,280535,1,6,1,2,4,2,5,2,1,1,2,2,1,2,2,2,2,2,2,2,3,2,2,2,2,2,2,2,1,1,2,0,0,0
2008,28,93,2,280536,1,6,2,2,1,2,6,3,1,2,2,2,1,2,2,2,2,2,2,2,1,2,2,2,2,2,2,2,2,2,2,0,0,0
2008,28,29,1,280537,1,6,1,1,4,2,1,2,1,1,2,2,1,2,2,1,2,2,2,2,3,2,2,2,2,2,2,2,1,2,2,0,0,0
2008,28,13,1,280538,1,6,1,2,4,2,5,2,1,2,2,2,1,2,2,1,2,2,1,2,1,2,2,2,2,2,2,2,2,2,2,0,0,0
2008,28,61,1,280539,1,6,1,2,1,2,5,2,3,1,2,2,2,2,2,2,2,2,2,2,3,1,1,1,1,2,2,1,2,2,2,0,0,0
2008,28,27,1,280540,1,6,1,2,1,1,3,1,4,1,1,2,2,1,2,2,2,2,2,2,3,2,2,2,2,1,2,2,2,2,2,0,0,0
2008,28,139,2,280541,1,6,1,2,1,2,5,2,3,1,1,2,2,2,2,2,2,2,2,2,3,2,2,2,2,1,2,2,2,2,2,0,0,0
2008,28,3,1,280542,1,6,1,2,1,1,6,1,4,1,1,2,2,2,2,2,2,2,2,2,3,2,2,2,2,1,2,2,2,2,2,0,0,0
2008,28,51,1,280543,1,6,1,1,4,2,1,2,1,1,1,2,1,2,2,1,2,2,2,2,3,2,2,2,2,2,2,2,1,2,2,0,0,0
2008,28,85,1,280544,1,6,1,2,4,2,5,2,1,2,1,2,1,2,2,1,2,2,2,2,3,2,2,2,2,1,2,2,1,2,2,0,0,0
2008,28,49,1,280545,1,6,1,2,1,1,4,1,4,1,1,2,2,2,2,2,2,2,2,2,3,2,2,2,2,2,2,2,2,2,2,0,0,0
2008,28,121,1,280546,1,6,2,1,4,2,1,2,1,2,1,2,1,2,2,2,2,2,2,2,1,2,2,2,2,2,2,2,1,2,2,0,0,0
2008,28,49,1,280547,1,6,1,2,4,2,6,2,1,2,1,2,1,2,2,1,2,2,2,2,1,2,2,2,2,2,2,2,1,2,2,0,0,0
2008,28,73,1,280548,1,6,1,2,1,2,5,2,3,2,2,2,2,2,2,2,2,2,2,2,3,2,2,2,2,2,2,2,2,1,2,0,0,0
2008,28,57,1,280549,1,6,1,2,2,2,3,2,1,2,2,2,1,2,2,1,2,2,2,2,1,2,2,2,2,2,2,2,1,2,1,0,0,0
2008,28,109,1,280550,1,6,1,2,1,1,5,1,4,2,2,2,2,2,1,2,2,2,2,2,1,1,1,1,1,2,2,1,2,2,2,0,0,0
2008,28,161,1,280551,1,6,1,2,4,2,5,2,1,2,2,2,1,2,2,1,2,2,2,2,1,2,2,1,1,2,2,1,1,2,2,0,0,0
2008,28,47,1,280552,1,6,1,2,4,1,5,1,1,2,2,2,1,2,2,1,2,2,2,2,1,2,2,2,2,2,1,1,2,2,2,0,0,0
2008,28,109,1,280553,1,6,1,2,4,2,5,2,1,2,2,2,1,2,2,1,2,2,1,2,1,2,2,2,2,2,2,2,2,2,2,0,0,0
2008,28,45,3,280554,1,6,1,2,4,2,5,2,1,1,1,2,1,2,2,1,2,2,2,2,1,2,2,1,1,2,2,1,1,2,2,0,0,0
2008,28,67,1,280555,1,6,2,2,1,2,6,2,3,1,1,2,2,2,2,2,2,2,2,2,3,2,2,2,2,1,2,2,2,1,2,0,0,0
2008,28,67,1,280556,1,6,1,2,4,2,5,2,1,1,1,2,1,2,2,1,2,2,1,2,3,2,2,2,2,2,2,2,1,2,2,0,0,0
2008,28,45,1,280557,1,6,1,1,4,2,1,2,1,1,1,2,1,2,2,1,2,2,1,2,3,2,2,2,2,2,2,2,1,2,2,0,0,0
2008,28,45,1,280558,1,6,1,2,4,2,5,2,1,2,1,2,1,2,2,1,2,2,1,2,1,2,2,2,2,2,2,2,2,2,2,0,0,0
2008,28,57,1,280559,1,6,1,2,4,2,5,2,1,1,1,2,1,2,2,1,2,2,2,2,3,1,1,1,1,2,2,1,1,2,2,0,0,0
2008,28,123,5,280560,1,6,1,2,1,2,3,2,3,2,2,2,2,2,2,2,2,2,2,2,1,1,1,1,1,2,1,1,2,2,2,0,0,0
2008,28,105,1,280561,1,6,2,2,1,2,6,3,3,1,1,2,3,2,2,2,2,2,2,2,1,2,2,2,2,2,1,1,2,1,2,0,0,0
2008,28,91,1,280562,1,6,1,2,4,2,6,2,1,2,1,2,1,2,2,1,2,2,2,2,1,2,2,2,2,2,1,1,1,2,2,0,0,0
2008,28,33,1,280563,1,6,1,2,4,2,5,2,1,2,2,2,1,2,2,1,2,2,2,2,1,1,1,1,1,2,2,1,1,2,2,0,0,0
2008,28,81,1,280564,1,6,1,2,4,2,6,2,1,2,2,2,1,2,2,1,2,2,2,2,1,2,2,2,2,2,1,1,1,2,2,0,0,0
2008,28,75,1,280565,1,6,2,2,4,2,6,2,1,1,2,2,1,2,2,1,2,2,2,2,3,2,2,2,2,2,2,2,1,2,2,0,0,0
2008,28,49,1,280566,1,6,2,2,4,2,6,2,1,2,2,2,1,2,2,2,2,2,2,2,2,1,1,1,1,2,2,1,1,1,2,0,0,0
2008,28,121,1,280567,1,6,1,2,4,2,5,2,1,1,2,2,1,2,2,1,2,2,1,2,1,2,2,2,2,2,2,2,2,2,2,0,0,0
2008,28,123,1,280568,1,6,1,2,4,2,5,2,1,1,2,2,1,2,2,2,2,2,1,2,2,2,2,2,2,2,2,2,2,2,2,0,0,0
2008,28,15,1,280569,1,6,1,2,4,2,5,2,1,2,1,2,1,2,2,2,2,2,2,2,3,2,2,2,2,1,2,2,2,1,2,0,0,0
2008,28,83,1,280570,1,6,1,2,4,2,5,2,1,1,1,2,1,2,2,2,2,2,1,2,3,2,2,2,2,1,2,2,2,1,2,0,0,0
2008,28,163,1,280571,1,6,1,1,4,2,1,2,1,1,1,2,1,2,2,1,2,2,2,2,3,2,2,2,2,2,2,2,1,2,2,0,0,0
2008,28,39,1,280572,1,6,1,2,4,2,5,2,1,1,1,2,1,2,2,1,2,2,2,2,2,2,2,2,2,2,2,2,1,2,2,0,0,0
2008,28,67,1,280573,1,6,1,1,4,2,1,2,1,1,1,2,1,2,2,2,2,2,1,2,3,2,2,2,2,2,2,2,2,1,2,0,0,0
2008,28,23,1,280574,1,6,1,2,1,1,3,1,4,1,1,2,2,2,2,2,2,2,2,2,3,1,1,1,1,1,2,1,2,2,2,0,0,0
2008,28,109,1,280575,1,6,1,2,4,2,5,2,1,2,1,2,1,2,2,1,2,2,1,2,1,2,2,2,2,2,2,2,2,2,2,0,0,0
2008,28,73,1,280576,1,6,1,2,4,2,5,2,1,1,1,2,1,2,2,1,2,2,2,2,3,2,2,2,2,2,2,2,1,2,2,0,0,0
2008,28,67,1,280577,1,6,1,2,2,2,5,2,1,1,1,2,1,2,2,2,2,2,2,2,3,2,2,2,2,1,2,2,2,2,2,0,0,0
2008,28,131,1,280578,1,6,1,2,4,2,5,2,1,2,2,2,1,2,2,1,2,2,2,2,1,2,2,2,2,2,2,2,1,2,2,0,0,0
2008,28,125,2,280579,1,6,1,2,4,2,3,2,1,1,2,2,1,2,2,1,2,2,1,2,3,2,2,2,2,1,2,2,2,1,2,0,0,0
2008,28,133,1,280580,1,6,1,2,1,2,6,2,1,2,1,2,1,2,2,2,1,2,2,2,1,2,2,2,2,2,2,2,2,1,2,0,0,0
2008,28,81,1,280581,1,6,1,2,4,2,5,2,1,2,1,2,1,2,2,1,2,2,2,2,3,2,2,2,2,2,2,2,1,2,2,0,0,0
2008,28,153,1,280582,1,6,1,2,1,2,5,2,1,2,2,2,1,2,2,2,1,2,2,2,3,2,2,2,2,2,2,2,2,2,2,0,0,0
2008,28,11,1,280583,1,6,1,2,4,2,5,2,1,1,2,2,1,2,2,1,2,2,2,2,2,2,2,2,2,2,2,2,1,2,2,0,0,0
2008,28,21,1,280584,1,6,1,2,1,2,6,2,2,1,1,2,2,1,2,2,2,2,2,2,3,2,2,2,2,2,2,2,2,1,2,0,0,0
2008,28,141,1,280585,1,6,1,2,1,2,5,2,3,2,1,2,2,1,2,2,2,2,2,2,3,2,2,2,2,2,2,2,2,2,2,0,0,0
2008,28,81,1,280586,1,6,1,2,1,2,5,2,1,2,1,2,1,2,2,2,2,2,2,2,1,2,2,2,2,2,2,2,2,2,2,0,0,0
2008,28,99,1,280587,1,6,2,2,1,1,6,1,2,1,1,2,2,2,2,2,2,2,2,2,3,2,2,2,2,2,2,2,2,2,2,0,0,0
2008,28,149,1,280588,1,6,1,2,4,2,5,2,1,2,2,2,1,2,2,1,2,2,1,2,1,1,1,1,1,2,2,1,2,2,2,0,0,0
2008,28,45,1,280589,1,6,1,2,1,2,5,3,4,1,2,2,2,2,1,2,2,2,2,2,3,2,2,2,2,2,2,2,2,2,2,0,0,0
2008,28,153,1,280590,1,6,1,2,1,2,3,2,2,2,2,2,2,2,2,2,2,2,1,2,1,2,2,1,1,2,2,1,2,1,2,0,0,0
2008,28,159,1,280591,1,6,1,2,1,2,5,2,1,1,2,2,1,2,2,2,1,2,2,2,3,2,2,2,2,2,2,2,2,2,2,0,0,0
2008,28,121,1,280592,1,6,2,2,1,2,6,2,4,2,2,2,2,2,2,2,2,2,2,2,1,1,1,1,1,2,2,1,2,1,2,0,0,0
2008,28,31,1,280593,1,6,1,2,4,2,5,2,1,1,2,2,1,2,2,2,2,2,2,2,3,2,2,2,2,2,2,2,1,1,2,0,0,0
2008,28,29,1,280594,1,6,1,2,4,2,4,2,1,1,1,2,1,2,2,1,2,2,2,2,3,2,2,1,1,2,2,1,1,2,2,0,0,0
2008,28,75,1,280595,1,6,2,2,1,1,6,1,2,1,1,2,2,1,2,2,2,2,2,2,3,1,1,1,1,2,2,1,2,2,2,0,0,0
2008,28,67,1,280596,1,6,1,2,4,2,3,2,1,1,1,2,1,2,2,2,2,2,1,2,3,2,2,2,2,2,2,2,1,1,2,0,0,0
2008,28,35,1,280597,1,6,2,2,1,1,6,1,2,2,1,2,3,2,2,2,2,2,2,2,3,2,2,1,1,2,2,1,2,1,2,0,0,0
2008,28,15,1,280598,1,6,1,2,4,2,5,2,1,2,2,2,1,2,2,2,2,2,2,2,3,2,2,2,2,1,2,2,1,1,2,0,0,0
2008,28,3,2,280599,1,6,1,2,1,2,5,2,3,2,2,2,2,2,2,2,2,2,2,2,1,2,2,2,2,2,1,1,2,2,2,0,0,0
2008,28,149,2,280600,1,6,1,1,1,2,1,2,3,2,1,2,2,2,2,2,2,2,2,2,1,2,2,2,2,2,2,2,2,2,2,0,0,0
2008,28,103,2,280601,1,6,1,2,4,2,5,2,1,1,2,2,1,2,2,1,2,2,1,2,3,2,2,2,2,2,2,2,2,2,2,0,0,0
2008,28,99,1,280602,1,6,1,2,4,2,5,2,1,1,2,2,1,2,2,2,2,2,2,2,2,2,2,2,2,1,2,2,1,2,2,0,0,0
2008,28,67,1,280603,1,6,1,2,4,2,5,2,1,1,2,2,1,2,2,1,2,2,2,2,2,2,2,2,2,2,1,1,1,2,2,0,0,0
2008,28,107,1,280604,1,6,1,2,4,2,5,2,1,1,2,2,1,2,2,1,2,2,2,2,1,2,2,2,2,2,2,2,1,2,2,0,0,0
2008,28,45,2,280605,1,6,1,2,1,1,3,1,4,1,1,2,2,1,2,2,2,2,2,2,3,2,2,2,2,1,2,2,2,2,2,0,0,0
2008,28,49,2,280606,1,6,1,2,4,2,5,2,1,2,1,2,1,2,2,2,2,2,1,2,2,2,2,2,2,2,1,1,2,1,2,0,0,0
2008,28,75,1,280607,1,6,1,2,4,2,5,2,1,1,1,2,1,2,1,2,2,2,2,2,3,2,2,2,2,2,2,2,1,2,2,0,0,0
2008,28,67,1,280608,1,6,1,2,1,2,5,2,3,2,1,2,2,2,2,2,2,2,2,2,3,2,2,2,2,2,2,2,2,1,2,0,0,0
2008,28,3,2,280609,1,6,1,2,4,2,5,2,1,1,1,2,1,2,2,1,2,2,2,2,3,1,1,1,1,2,2,1,1,2,2,0,0,0
2008,28,59,1,280610,1,6,2,2,1,1,6,1,4,1,1,2,2,2,1,2,2,2,2,2,3,2,2,2,2,2,2,2,2,2,2,0,0,0
2008,28,89,1,280611,1,6,1,2,1,2,5,2,3,1,1,2,2,2,2,2,2,2,2,2,3,2,2,2,2,2,2,2,2,2,2,0,0,0
2008,28,145,1,280612,1,6,2,2,1,1,6,1,4,1,1,2,2,1,2,2,2,2,2,2,3,2,2,2,2,1,2,2,2,2,2,0,0,0
2008,28,73,1,280613,1,6,1,2,4,2,5,2,1,1,1,2,1,2,2,1,2,2,2,2,3,1,1,1,1,2,2,1,1,2,2,0,0,0
2008,28,121,1,280614,1,6,1,2,4,2,5,2,1,1,1,2,1,2,2,1,2,2,2,2,3,1,1,1,1,2,2,1,1,2,2,0,0,0
2008,28,71,1,280615,1,6,1,2,4,2,5,2,1,1,1,2,1,2,2,1,2,2,1,2,2,2,2,2,2,2,1,1,2,2,2,0,0,0
2008,28,35,1,280616,1,6,2,1,4,2,1,2,1,2,2,2,1,2,2,1,2,2,2,2,3,2,2,2,2,2,2,2,1,2,2,0,0,0
2008,28,33,1,280617,1,6,1,1,4,2,1,2,1,1,2,2,1,2,2,2,2,2,1,2,3,2,2,2,2,2,2,2,2,1,2,0,0,0
2008,28,59,1,280618,1,6,1,1,1,2,1,2,3,2,2,2,3,2,2,2,2,2,2,2,3,2,2,2,2,2,1,1,2,2,2,0,0,0
2008,28,95,1,280619,1,6,2,2,4,2,6,2,1,1,2,2,1,2,2,1,2,2,2,2,3,2,2,2,2,2,2,2,1,2,2,0,0,0
2008,28,109,1,280620,1,6,1,2,4,2,5,2,1,2,2,2,1,2,2,1,2,2,2,2,2,2,2,2,2,2,2,2,1,2,2,0,0,0
2008,28,117,1,280621,1,6,1,2,1,1,3,1,4,1,1,2,2,1,2,2,2,2,2,2,3,2,2,2,2,2,2,2,2,2,2,0,0,0
2008,28,159,1,280622,1,6,1,2,4,2,6,2,1,1,1,2,1,2,2,1,2,2,2,2,3,2,2,2,2,2,2,2,1,2,2,0,0,0
2008,28,13,1,280623,1,6,1,2,4,2,5,2,1,2,1,2,1,2,2,2,2,2,1,2,3,2,2,2,2,2,2,2,2,1,2,0,0,0
2008,28,129,1,280624,1,6,1,2,1,2,5,2,3,1,1,2,2,2,2,2,2,2,2,2,1,2,2,2,2,1,2,2,2,1,2,0,0,0
2008,28,3,1,280625,1,6,2,2,1,1,6,1,4,1,1,2,2,2,2,2,2,2,2,2,3,2,2,2,2,2,2,2,2,2,2,0,0,0
2008,28,49,1,280626,1,6,2,2,1,2,6,2,1,1,1,2,1,2,2,2,1,2,2,2,2,2,2,2,2,1,2,2,2,2,2,0,0,0
2008,28,109,1,280627,1,6,1,1,1,2,1,2,2,1,1,2,2,2,2,2,2,2,2,2,3,2,2,2,2,2,2,2,2,2,2,0,0,0
2008,28,27,1,280628,1,6,1,2,1,2,3,2,1,2,2,2,1,2,2,2,1,2,2,2,3,2,2,2,2,1,2,2,2,2,2,0,0,0
2008,28,149,1,280629,1,6,1,2,4,2,3,2,1,1,2,2,1,2,2,1,2,2,2,2,3,2,2,2,2,2,2,2,1,2,2,0,0,0
2008,28,47,1,280630,1,6,2,2,1,2,6,2,3,1,2,2,2,2,2,2,2,2,2,2,3,2,2,2,2,1,2,2,2,2,2,0,0,0
2008,28,49,1,280631,1,6,2,2,4,2,6,2,1,2,1,2,1,2,2,1,2,2,2,2,3,2,2,2,2,2,2,2,1,2,2,0,0,0
2008,28,23,1,280632,1,6,2,2,1,2,6,2,4,2,2,2,2,2,2,2,2,2,2,2,3,2,2,2,2,2,2,2,2,1,2,0,0,0
2008,28,71,1,280633,1,6,1,2,4,2,5,2,1,2,2,2,1,2,2,1,2,2,2,2,2,2,2,2,2,2,1,1,1,2,2,0,0,0
2008,28,157,1,280634,1,6,1,2,4,2,5,2,1,2,2,2,1,2,2,1,2,2,2,2,3,2,2,2,2,2,2,2,1,2,2,0,0,0
2008,28,65,1,280635,1,6,1,2,4,2,5,2,1,2,1,2,1,2,2,1,2,2,1,2,3,2,2,2,2,2,2,2,2,1,2,0,0,0
2008,28,99,1,280636,1,6,1,2,1,2,5,2,1,2,1,2,1,2,2,2,1,2,2,2,2,2,2,2,2,2,2,2,2,2,2,0,0,0
2008,28,81,1,280637,1,6,1,2,1,2,5,2,1,2,1,2,1,2,2,2,1,2,2,2,3,2,2,2,2,2,2,2,2,2,2,0,0,0
2008,28,137,1,280638,1,6,1,2,1,2,5,2,1,1,1,2,1,2,2,2,2,1,2,2,3,2,2,2,2,2,1,1,2,2,2,0,0,0
2008,28,47,1,280639,1,6,1,2,1,2,3,2,1,1,1,2,1,2,2,2,1,2,2,2,2,2,2,2,2,2,2,2,2,2,2,0,0,0
2008,28,33,1,280640,1,6,1,2,4,2,5,2,1,2,2,2,1,2,2,1,2,2,2,2,3,2,2,2,2,2,2,2,1,2,2,0,0,0
2008,28,49,1,280641,1,6,1,2,4,2,5,2,1,2,2,2,1,2,2,1,2,2,2,2,3,2,2,2,2,2,2,2,1,2,2,0,0,0
2008,28,49,1,280642,1,6,2,1,1,2,1,2,1,2,2,2,1,1,2,2,1,2,2,2,2,2,2,2,2,2,2,2,2,2,2,0,0,0
2008,28,49,1,280643,1,6,1,2,4,2,5,2,1,2,2,2,1,2,2,2,2,2,2,2,3,2,2,2,2,2,2,2,1,1,2,0,0,0
2008,28,113,1,280644,1,6,1,1,1,2,1,2,3,2,2,2,2,2,2,2,2,2,2,2,3,2,2,2,2,1,2,2,2,2,2,0,0,0
2008,28,49,1,280645,1,6,2,2,4,2,6,2,1,2,2,2,1,2,2,1,2,2,2,2,3,2,2,2,2,2,2,2,1,2,2,0,0,0
2008,28,67,1,280646,1,6,1,2,4,2,5,2,1,1,2,2,1,2,2,1,2,2,2,2,3,2,2,2,2,1,2,2,1,2,2,0,0,0
2008,28,49,1,280647,1,6,2,2,1,2,6,2,3,2,2,2,2,2,2,2,2,2,2,2,3,1,1,1,1,2,2,1,2,2,2,0,0,0
2008,28,159,1,280648,1,6,1,2,1,2,3,2,2,1,1,2,2,1,2,2,2,2,2,2,2,2,2,2,2,2,2,2,2,2,2,0,0,0
2008,28,93,1,280649,1,6,1,2,4,2,6,2,1,1,1,2,1,2,2,1,2,2,2,2,3,2,2,2,2,2,2,2,1,2,2,0,0,0
2008,28,111,1,280650,1,6,1,2,1,2,5,2,3,1,1,2,2,2,2,2,2,2,2,2,2,1,1,1,1,2,1,1,2,2,2,0,0,0
2008,28,99,1,280651,1,6,2,2,1,1,6,1,4,1,1,2,2,2,2,2,2,2,2,2,3,2,2,1,1,2,2,1,2,2,2,0,0,0
2008,28,35,1,280652,1,6,1,2,4,2,5,2,1,1,1,2,1,2,2,2,2,2,2,2,3,2,2,2,2,2,2,2,1,1,2,0,0,0
2008,28,153,1,280653,1,6,2,2,4,2,6,2,1,2,1,2,1,2,2,1,2,2,2,2,3,2,2,2,2,2,2,2,1,2,2,0,0,0
2008,28,45,1,280654,1,6,1,2,4,2,5,2,1,2,2,2,1,2,2,1,2,2,2,2,3,1,1,1,1,2,2,1,1,2,2,0,0,0
2008,28,111,1,280655,1,6,2,2,1,1,3,1,4,1,1,2,2,2,2,2,2,2,2,2,3,2,2,2,2,2,2,2,2,2,2,0,0,0
2008,28,49,1,280656,1,6,1,2,4,2,5,2,1,1,1,2,1,2,2,2,2,2,2,2,3,2,2,2,2,2,2,2,1,1,2,0,0,0
2008,28,149,1,280657,1,6,1,2,4,2,5,2,1,2,1,2,1,2,2,1,2,2,2,2,1,2,2,2,2,2,2,2,1,2,2,0,0,0
2008,28,59,1,280658,1,6,1,2,4,2,5,2,1,1,1,2,1,2,2,1,2,2,2,2,2,2,2,2,2,2,2,2,1,2,2,0,0,0
2008,28,33,1,280659,1,6,1,2,1,1,5,1,4,2,1,2,2,2,2,2,2,2,2,2,1,2,2,1,1,2,1,1,2,2,2,0,0,0
2008,28,159,1,280660,1,6,1,2,1,1,5,1,4,1,1,2,2,2,2,2,2,2,2,2,3,2,2,2,2,2,2,2,2,2,2,0,0,0
2008,28,31,1,280661,1,6,1,2,4,2,5,2,1,1,1,2,1,2,2,1,2,2,2,2,2,2,2,2,2,2,2,2,1,2,2,0,0,0
2008,28,121,1,280662,1,6,2,2,1,2,5,2,3,1,1,2,2,2,2,2,2,2,2,2,3,2,2,2,2,2,2,2,2,2,2,0,0,0
2008,28,33,2,280663,1,6,1,1,4,2,1,2,1,2,1,2,1,2,2,1,2,2,1,2,3,2,2,2,2,2,2,2,2,2,2,0,0,0
2008,28,123,1,280664,1,6,1,2,4,2,5,2,1,1,1,2,1,2,2,2,2,2,2,2,3,2,2,2,2,2,2,2,1,2,2,0,0,0
2008,28,89,1,280665,1,6,2,2,4,2,6,2,1,2,2,2,1,2,2,1,2,2,2,2,2,2,2,2,2,2,2,2,1,2,2,0,0,0
2008,28,141,1,280666,1,6,1,2,4,2,5,2,1,1,1,2,1,2,2,1,2,2,2,2,3,2,2,2,2,1,2,2,1,2,2,0,0,0
2008,28,123,1,280667,1,6,1,2,1,2,5,2,1,2,2,2,1,1,2,2,1,2,2,2,3,2,2,2,2,2,2,2,2,2,2,0,0,0
2008,28,145,1,280668,1,6,1,2,1,2,5,2,3,2,2,2,2,1,2,2,2,2,2,2,3,2,2,2,2,2,2,2,2,1,2,0,0,0
2008,28,63,1,280669,1,6,1,2,4,2,5,2,1,2,2,2,1,2,2,1,2,2,2,2,3,2,2,2,2,2,2,2,1,2,2,0,0,0
2008,28,3,1,280670,1,6,1,2,4,2,3,2,1,2,1,2,1,2,2,1,2,2,1,2,3,2,2,2,2,2,2,2,2,2,2,0,0,0
2008,28,113,1,280671,1,6,1,2,1,1,5,1,4,1,1,2,2,1,2,1,2,2,2,2,3,2,2,2,2,2,2,2,2,2,2,0,0,0
2008,28,33,1,280672,1,6,1,2,4,2,5,2,1,2,1,2,1,2,2,1,2,2,2,2,3,2,2,2,2,2,2,2,1,2,2,0,0,0
2008,28,45,1,280673,1,6,1,2,4,2,5,2,1,2,1,2,1,2,2,1,2,2,2,2,3,2,2,2,2,2,2,2,1,2,2,0,0,0
2008,28,121,2,280674,1,6,2,1,1,2,1,2,2,1,1,2,3,1,2,1,2,2,2,2,1,2,2,2,2,2,2,2,2,2,2,0,0,0
2008,28,91,1,280675,1,6,1,2,4,2,5,2,1,2,1,2,1,2,2,1,2,2,1,2,1,2,2,2,2,2,2,2,2,2,2,0,0,0
2008,28,73,1,280676,1,6,1,2,1,2,5,2,4,1,1,2,2,2,2,1,2,2,2,2,3,2,2,2,2,2,2,2,2,2,2,0,0,0
2008,28,127,1,280677,1,6,1,2,1,2,5,2,3,1,1,2,3,2,2,2,2,2,2,2,3,2,2,2,2,2,1,1,2,2,2,0,0,0
2008,28,81,1,280678,1,6,1,3,4,2,7,2,1,2,1,2,1,2,2,2,2,2,2,2,2,2,2,2,2,2,2,2,1,1,2,0,0,0
2008,28,81,1,280679,1,6,1,3,4,2,7,2,1,1,1,2,1,2,2,2,2,2,1,2,2,2,2,2,2,2,2,2,1,1,2,0,0,0
2008,28,7,1,280680,1,6,1,3,4,2,7,2,1,1,1,2,1,2,2,2,2,2,2,2,3,2,2,1,1,2,2,1,1,2,1,0,0,0
2008,28,93,1,280681,1,6,1,2,1,1,5,1,4,1,1,2,2,2,2,2,2,2,2,2,3,2,2,2,2,2,2,2,2,2,2,0,0,0
2008,28,107,1,280682,1,6,1,2,4,1,5,1,1,1,2,2,1,2,2,2,2,2,1,2,2,2,2,2,2,1,2,2,2,1,2,0,0,0
2008,28,103,1,280683,1,6,1,2,4,2,3,2,1,2,2,2,1,2,2,2,2,2,1,2,2,2,2,2,2,2,2,2,2,1,2,0,0,0
2008,28,157,1,280684,1,6,1,2,4,2,6,2,1,1,2,2,1,2,2,2,2,2,2,2,1,2,2,2,2,2,2,2,1,1,2,0,0,0
2008,28,29,1,280685,1,6,1,2,4,2,5,2,1,1,1,2,1,2,2,1,2,2,1,2,2,2,2,2,2,2,2,2,2,2,2,0,0,0
2008,28,59,1,280686,1,6,2,2,1,2,6,2,1,2,1,2,1,2,2,2,1,2,2,2,3,2,2,2,2,2,2,2,2,2,2,0,0,0
2008,28,91,1,280687,1,6,1,2,4,2,5,2,1,2,1,2,1,2,2,2,2,2,1,2,3,2,2,2,2,2,2,2,1,1,2,0,0,0
2008,28,71,1,280688,1,6,1,2,1,2,5,2,4,1,1,2,2,2,2,1,2,2,2,2,2,2,2,2,2,2,1,1,2,2,2,0,0,0
2008,28,159,1,280689,1,6,1,2,4,2,5,2,1,1,1,2,1,2,2,1,2,2,2,2,2,2,2,2,2,2,2,2,1,2,2,0,0,0
2008,28,159,1,280690,1,6,1,2,1,2,5,2,3,1,1,2,2,2,1,2,2,2,2,2,3,2,2,2,2,2,2,2,2,1,2,0,0,0
2008,28,49,1,280691,1,6,1,2,4,2,5,2,1,2,1,2,1,2,2,2,2,2,2,2,1,2,2,2,2,2,1,1,1,1,2,0,0,0
2008,28,31,1,280692,1,6,1,2,1,1,3,1,4,2,1,2,2,2,2,2,2,2,2,2,1,1,1,1,1,2,2,1,2,2,2,0,0,0
2008,28,39,1,280693,1,6,1,2,1,1,5,1,4,2,2,2,2,2,2,2,2,2,2,2,1,2,2,2,2,2,1,1,2,2,2,0,0,0
2008,28,49,1,280694,1,6,2,2,4,2,3,2,1,1,2,2,1,2,2,1,2,2,2,2,2,2,2,2,2,2,1,1,1,2,2,0,0,0
2008,28,151,1,280695,1,6,1,2,1,2,6,2,1,1,1,1,1,2,2,2,1,2,2,2,3,2,2,2,2,2,2,2,2,2,2,0,0,0
2008,28,1,1,280696,1,6,1,2,4,2,5,2,1,1,1,2,1,2,2,1,2,2,2,2,3,1,1,1,1,2,2,1,1,2,2,0,0,0
2008,28,61,1,280697,1,6,1,2,1,2,6,2,1,1,2,2,1,2,2,2,1,2,2,2,2,2,2,2,2,2,2,2,2,2,2,0,0,0
2008,28,75,1,280698,1,6,1,2,1,2,5,2,1,1,2,1,1,2,2,2,1,2,2,2,3,2,2,2,2,2,2,2,2,2,2,0,0,0
2008,28,75,1,280699,1,6,2,2,1,2,6,2,1,1,2,2,1,2,2,2,1,2,2,2,2,2,2,2,2,2,1,1,2,2,2,0,0,0
2008,28,35,1,280700,1,6,1,2,4,2,3,2,1,1,1,2,1,2,2,1,2,2,2,2,2,2,2,2,2,2,2,2,1,2,2,0,0,0
2008,28,29,1,280701,1,6,1,2,4,2,5,2,1,1,1,2,1,2,2,2,2,2,2,2,3,2,2,2,2,1,2,2,1,1,2,0,0,0
2008,28,97,1,280702,1,6,1,2,4,2,5,2,1,1,1,2,1,2,2,1,2,2,2,2,2,2,2,2,2,2,2,2,1,2,2,0,0,0
2008,28,23,1,280703,1,6,1,2,1,2,3,2,3,1,1,2,2,2,2,2,2,2,2,2,3,2,2,2,2,2,2,2,2,2,2,0,0,0
2008,28,121,1,280704,1,6,1,2,1,1,5,1,4,2,1,2,2,1,2,2,2,2,2,2,2,1,1,1,1,2,2,1,2,2,2,0,0,0
2008,28,145,1,280705,1,6,1,2,1,2,5,3,4,1,1,2,2,1,2,2,2,2,2,2,3,2,2,2,2,2,2,2,2,1,2,0,0,0
2008,28,27,3,280706,1,6,2,2,1,1,6,1,4,1,1,2,2,2,2,2,2,2,2,2,3,2,2,2,2,1,2,2,2,2,2,0,0,0
2008,28,157,4,280707,1,6,1,2,1,2,5,2,3,1,1,2,2,2,2,2,2,2,2,2,2,2,2,2,2,2,2,2,2,2,2,0,0,0
2008,28,33,1,280708,1,6,1,2,1,2,3,2,2,2,2,2,2,1,2,2,2,2,2,2,1,2,2,2,2,2,2,2,2,2,2,0,0,0
2008,28,11,1,280709,1,6,1,2,1,2,6,2,1,2,2,2,1,2,2,2,1,2,2,2,3,2,2,2,2,2,2,2,2,2,2,0,0,0
2008,28,33,1,280710,1,6,2,2,1,2,6,2,3,1,1,2,2,2,2,2,2,2,2,2,1,2,2,1,1,1,2,1,2,2,2,0,0,0
2008,28,119,1,280711,1,6,1,2,4,2,5,2,1,1,1,2,1,2,2,2,2,2,1,2,2,2,2,2,2,2,2,2,2,2,2,0,0,0
2008,28,33,1,280712,1,6,1,1,4,2,1,2,1,1,1,2,1,2,1,2,2,2,2,2,2,2,2,2,2,2,2,2,2,1,2,0,0,0
2008,29,25,1,290001,1,7,1,2,4,2,6,2,1,2,1,2,1,2,2,1,2,2,1,2,1,2,2,2,2,2,2,2,1,2,2,0,0,0
2008,29,189,1,290002,1,7,2,2,1,2,3,2,1,2,1,2,1,2,2,2,1,2,2,2,3,2,2,2,2,1,2,2,2,2,2,0,0,0
2008,29,510,1,290003,1,7,2,2,4,2,5,2,1,2,1,2,1,2,2,2,2,2,1,2,1,2,2,2,2,2,2,2,1,1,2,0,0,0
2008,29,510,1,290004,1,7,2,1,6,3,1,4,1,2,1,2,1,2,2,1,2,2,1,2,1,2,2,2,2,2,1,1,2,1,2,0,0,0
2008,29,121,1,290005,1,7,1,2,4,2,5,2,1,1,1,2,1,2,2,1,2,2,1,2,1,2,2,2,2,2,2,2,1,1,2,0,0,0
2008,29,77,1,290006,1,7,2,2,1,2,4,2,1,1,1,2,1,2,1,1,2,2,2,2,1,2,2,1,1,2,2,1,2,2,2,0,0,0
2008,29,105,2,290007,1,7,2,2,4,2,4,2,1,2,2,2,1,2,2,2,2,2,2,2,2,2,2,2,2,2,2,2,1,1,2,0,0,0
2008,29,139,1,290008,1,7,1,2,1,2,6,2,1,2,2,2,1,2,2,2,1,2,2,2,2,1,1,1,1,2,2,1,2,2,2,0,0,0
2008,29,145,1,290009,1,7,2,2,4,2,4,2,1,1,2,2,1,2,2,2,2,2,2,2,2,1,1,1,1,2,2,1,1,1,2,0,0,0
2008,29,77,4,290010,1,7,1,2,4,2,6,2,1,1,2,2,1,2,2,1,2,2,2,2,2,1,1,1,1,2,2,1,1,2,2,0,0,0
2008,29,95,1,290011,1,7,2,2,1,1,6,1,4,2,2,2,2,2,2,1,2,2,2,2,3,2,2,2,2,2,2,2,2,2,2,0,0,0
2008,29,179,1,290012,1,7,1,2,4,2,5,2,1,2,2,2,1,2,2,2,2,2,1,2,2,2,2,2,2,2,2,2,1,1,2,0,0,0
2008,29,149,1,290013,1,7,1,2,4,2,4,2,1,1,1,2,1,2,2,1,2,2,1,2,3,2,2,2,2,2,2,2,1,2,2,0,0,0
2008,29,95,1,290014,1,7,2,1,1,2,1,2,2,2,1,2,2,2,2,2,2,2,2,2,3,2,2,2,2,1,2,2,2,2,2,0,0,0
2008,29,53,1,290015,1,7,1,2,4,2,5,2,1,3,1,2,1,2,2,2,2,2,1,2,1,2,2,2,2,2,1,1,1,2,2,0,0,0
2008,29,95,1,290016,1,7,2,1,1,2,1,2,2,2,1,2,2,2,2,1,2,2,1,2,1,2,2,2,2,2,2,2,2,2,2,0,0,0
2008,29,67,2,290017,1,7,1,2,4,2,6,2,1,2,1,2,1,2,2,1,2,2,2,1,3,2,2,2,2,2,2,2,1,2,2,0,0,0
2008,29,510,2,290018,1,7,2,2,4,2,6,2,1,2,1,2,1,2,2,1,2,2,2,2,2,2,2,2,2,2,1,1,1,2,2,0,0,0
2008,29,47,1,290019,1,7,1,2,1,2,5,2,4,1,1,2,2,2,2,2,2,2,1,2,3,2,2,1,1,1,2,1,1,2,2,0,0,0
2008,29,99,1,290020,1,7,2,2,4,2,5,2,1,3,3,2,1,2,2,1,2,2,1,2,1,2,2,2,2,2,2,2,1,1,2,0,0,0
2008,29,133,1,290021,1,7,1,2,4,2,5,2,1,2,2,2,1,2,2,2,2,2,1,2,2,2,2,2,2,2,2,2,1,2,2,0,0,0
2008,29,43,1,290022,1,7,1,2,1,2,5,2,2,1,1,2,2,1,2,1,2,2,2,2,3,2,2,2,2,2,2,2,2,2,2,0,0,0
2008,29,510,1,290023,1,7,2,1,1,2,1,3,1,2,2,2,2,2,2,2,1,2,2,2,3,2,2,2,2,1,2,2,2,2,2,0,0,0
2008,29,19,1,290024,1,7,2,2,4,2,2,2,1,2,2,2,1,2,2,1,2,2,1,2,2,2,2,2,2,2,1,1,1,2,2,0,0,0
2008,29,225,2,290025,1,7,1,2,1,1,3,1,4,1,1,2,2,2,2,2,2,2,2,2,3,2,2,2,2,1,2,2,2,2,2,0,0,0
2008,29,185,1,290026,1,7,1,2,4,2,5,2,1,2,1,2,1,2,2,2,2,2,1,2,1,2,2,2,2,2,2,2,1,2,2,0,0,0
2008,29,99,1,290027,1,7,1,2,4,2,3,2,1,2,1,2,1,2,2,2,2,2,2,2,2,2,2,2,2,1,2,2,1,1,2,0,0,0
2008,29,177,1,290028,1,7,1,2,1,2,3,2,4,1,1,2,2,1,2,1,2,2,2,2,3,2,2,2,2,2,2,2,1,2,2,0,0,0
2008,29,23,1,290029,1,7,1,2,3,2,3,2,1,1,1,2,1,2,2,2,2,2,1,2,2,2,2,2,2,2,2,2,1,2,2,0,0,0
2008,29,49,1,290030,1,7,1,2,1,2,4,2,3,2,1,2,2,1,2,1,2,2,2,2,2,2,2,2,2,2,2,2,1,2,2,0,0,0
2008,29,165,1,290031,1,7,1,1,1,2,1,3,3,2,1,2,2,2,2,2,2,2,2,2,2,1,1,1,1,2,2,1,2,2,2,0,0,0
2008,29,97,1,290032,1,7,1,2,4,2,6,2,1,2,2,2,1,2,2,1,2,2,1,2,3,2,2,2,2,2,2,2,1,2,2,0,0,0
2008,29,73,1,290033,1,7,1,2,4,2,5,2,1,2,2,2,1,2,2,2,2,2,1,2,1,2,2,2,2,2,2,2,1,2,2,0,0,0
2008,29,99,1,290034,1,7,1,2,1,2,3,2,3,2,2,2,2,2,2,2,2,2,1,2,1,2,2,2,2,2,2,2,2,2,2,0,0,0
2008,29,99,1,290035,1,7,1,2,1,2,5,2,4,1,2,2,2,2,2,1,2,2,2,2,2,2,2,2,2,2,2,2,1,2,2,0,0,0
2008,29,69,1,290036,1,7,1,2,4,2,4,2,1,3,2,2,1,2,2,1,2,2,1,2,1,2,2,2,2,2,2,2,1,2,2,0,0,0
2008,29,161,1,290037,1,7,1,2,4,2,3,2,4,1,1,2,2,1,2,2,2,2,2,2,2,2,2,1,1,2,2,1,1,1,2,0,0,0
2008,29,213,1,290038,1,7,1,2,4,2,4,2,1,1,1,2,1,2,2,1,2,2,1,2,3,2,2,2,2,2,2,2,1,2,2,0,0,0
2008,29,29,2,290039,1,7,1,2,4,2,3,2,1,2,1,2,1,2,2,1,2,2,1,2,3,2,2,2,2,2,2,2,1,2,2,0,0,0
2008,29,109,1,290040,1,7,1,1,1,2,1,2,2,2,1,2,2,1,2,2,2,2,1,2,3,2,2,2,2,2,2,2,2,1,2,0,0,0
2008,29,209,1,290041,1,7,1,2,4,2,6,2,1,2,1,2,1,2,2,1,2,2,1,2,1,2,2,1,1,2,2,1,1,2,2,0,0,0
2008,29,21,1,290042,1,7,1,2,1,1,5,1,2,1,1,2,2,2,2,2,2,2,1,2,3,2,2,2,2,1,2,2,2,1,2,0,0,0
2008,29,59,1,290043,1,7,1,2,1,1,4,1,3,1,1,2,2,2,2,2,2,2,1,2,2,2,2,2,2,2,2,2,2,1,2,0,0,0
2008,29,155,1,290044,1,7,1,2,4,2,5,2,1,1,1,2,1,2,2,2,2,2,1,2,3,2,2,2,2,1,2,2,1,2,2,0,0,0
2008,29,35,1,290045,1,7,1,2,1,2,3,2,3,2,2,1,3,1,2,2,2,2,2,2,3,2,2,2,2,1,2,2,2,1,2,0,0,0
2008,29,143,1,290046,1,7,1,2,1,2,5,2,1,2,2,2,1,2,2,2,2,2,2,2,2,2,2,2,2,2,2,2,1,1,2,0,0,0
2008,29,207,1,290047,1,7,1,2,4,2,4,2,1,2,2,2,1,2,2,1,2,2,1,2,3,2,2,2,2,2,2,2,1,2,2,0,0,0
2008,29,159,1,290048,1,7,1,2,4,2,5,2,1,1,2,2,1,2,2,1,2,2,1,2,2,2,2,2,2,2,1,1,1,2,2,0,0,0
2008,29,51,1,290049,1,7,1,2,1,2,6,3,1,1,1,2,1,2,2,2,2,2,2,2,2,2,2,2,2,2,2,2,2,2,2,0,0,0
2008,29,71,1,290050,1,7,2,1,1,2,1,2,3,2,2,2,2,2,2,2,2,2,1,2,1,2,2,2,2,2,1,1,2,2,2,0,0,0
2008,29,23,1,290051,1,7,1,2,4,2,6,2,1,2,2,2,1,2,2,2,2,2,1,2,1,2,2,2,2,2,2,2,1,2,2,0,0,0
2008,29,97,1,290052,1,7,1,2,4,2,5,2,1,2,2,2,1,2,2,1,2,2,2,2,3,2,2,2,2,2,2,2,1,2,2,0,0,0
2008,29,71,1,290053,1,7,1,2,4,2,3,2,1,1,1,2,1,2,2,1,2,2,1,2,1,2,2,2,2,2,2,2,1,2,2,0,0,0
2008,29,39,1,290054,1,7,1,2,1,2,4,2,1,1,1,2,1,1,2,2,2,2,1,2,2,2,2,2,2,2,2,2,1,2,2,0,0,0
2008,29,23,1,290055,1,7,1,2,4,2,3,2,1,1,1,2,1,2,2,2,2,2,1,2,3,2,2,2,2,2,2,2,1,1,2,0,0,0
2008,29,83,1,290056,1,7,1,2,3,2,3,2,1,1,1,2,1,2,2,1,2,2,1,2,3,2,2,2,2,1,2,2,1,2,2,0,0,0
2008,29,153,1,290057,1,7,1,2,4,2,5,2,1,2,1,2,1,2,2,1,2,2,1,2,2,2,2,2,2,2,2,2,1,2,2,0,0,0
2008,29,189,1,290058,1,7,2,2,1,2,4,2,1,2,2,2,1,2,2,2,2,2,2,2,2,2,2,2,2,2,2,2,2,2,2,0,0,0
2008,29,189,1,290059,1,7,2,2,1,2,4,2,1,1,1,2,2,2,2,2,2,2,1,2,3,2,2,2,2,2,2,2,2,2,2,0,0,0
2008,29,99,1,290060,1,7,2,2,1,1,3,1,4,1,1,2,2,2,2,2,2,2,2,2,3,1,1,1,1,1,2,1,2,1,2,0,0,0
2008,29,19,1,290061,1,7,2,2,4,2,6,2,1,2,2,2,1,2,1,1,2,2,2,2,1,2,2,2,2,2,1,1,1,2,2,0,0,0
2008,29,19,1,290062,1,7,2,2,4,2,6,2,1,1,1,2,1,2,1,1,2,2,2,2,2,2,2,2,2,2,1,1,1,2,2,0,0,0
2008,29,183,1,290063,1,7,2,2,4,2,6,2,1,2,1,2,1,2,2,2,2,2,2,2,1,2,2,2,2,2,2,2,1,2,2,0,0,0
2008,29,189,1,290064,1,7,2,2,3,1,2,1,1,2,1,2,1,2,2,2,2,2,2,2,1,2,2,2,2,2,2,2,2,1,2,0,0,0
2008,29,510,3,290065,1,7,2,2,1,1,5,1,4,1,1,2,3,2,2,1,2,2,2,1,3,1,1,1,1,2,2,1,2,2,2,0,0,0
2008,29,9,1,290066,1,7,1,2,4,2,6,2,1,2,1,2,1,2,2,1,2,2,2,2,1,2,2,2,2,2,2,2,1,2,2,0,0,0
2008,29,95,1,290067,1,7,2,2,1,1,4,1,4,1,1,2,2,2,2,2,2,2,2,2,3,2,2,2,2,2,2,2,2,2,2,0,0,0
2008,29,510,1,290068,1,7,2,2,1,2,3,2,4,1,1,2,2,1,2,1,2,2,2,2,2,2,2,2,2,2,2,2,1,2,2,0,0,0
2008,29,151,1,290069,1,7,1,2,1,2,3,2,3,1,1,2,2,1,2,2,2,2,1,2,3,2,2,2,2,1,2,2,1,1,2,0,0,0
2008,29,85,1,290070,1,7,1,2,4,2,5,2,1,2,2,2,1,2,2,1,2,2,1,2,3,2,2,2,2,2,2,2,1,2,2,0,0,0
2008,29,215,1,290071,1,7,1,2,4,1,5,1,1,2,2,2,1,2,2,2,2,2,1,2,1,2,2,2,2,2,1,1,2,2,2,0,0,0
2008,29,169,1,290072,1,7,1,2,1,2,4,2,1,2,2,2,1,2,2,2,1,2,2,2,2,2,2,2,2,2,2,2,2,2,2,0,0,0
2008,29,71,1,290073,1,7,2,2,1,2,2,2,3,2,2,2,3,2,2,1,2,2,2,2,1,2,2,1,1,2,2,1,1,2,2,0,0,0
2008,29,183,1,290074,1,7,2,2,1,1,2,1,4,2,2,1,2,2,2,2,2,2,2,2,1,2,2,2,2,2,2,2,2,2,2,0,0,0
2008,29,95,1,290075,1,7,2,2,4,2,4,2,1,2,2,2,1,2,2,1,2,2,1,2,1,2,2,2,2,2,2,2,1,2,2,0,0,0
2008,29,3,1,290076,1,7,1,1,4,2,1,2,1,1,2,2,1,2,2,1,2,2,1,2,3,2,2,2,2,2,2,2,1,2,2,0,0,0
2008,29,95,1,290077,1,7,2,1,3,2,1,2,1,2,2,2,1,2,2,1,2,2,1,2,1,2,2,2,2,2,2,2,1,2,2,0,0,0
2008,29,37,1,290078,1,7,1,2,4,2,5,2,1,1,1,2,1,2,2,1,2,2,1,2,1,2,2,2,2,2,2,2,1,2,2,0,0,0
2008,29,161,1,290079,1,7,1,2,4,1,3,1,1,2,1,2,1,2,2,2,2,2,2,2,2,2,2,2,2,1,2,2,1,2,2,0,0,0
2008,29,187,1,290080,1,7,1,2,1,2,3,2,1,2,1,2,1,2,2,2,1,2,2,2,2,2,2,2,2,2,2,2,2,2,2,0,0,0
2008,29,95,1,290081,1,7,2,2,1,1,5,1,3,2,1,2,3,2,2,1,2,2,2,2,3,2,2,2,2,2,2,2,2,2,2,0,0,0
2008,29,95,1,290082,1,7,2,2,4,2,2,3,1,1,1,2,1,2,2,1,2,2,1,2,3,2,2,2,2,2,1,1,1,2,2,0,0,0
2008,29,151,1,290083,1,7,1,2,1,2,3,2,3,2,1,2,2,2,2,1,2,2,2,2,2,2,2,1,1,2,2,1,1,2,2,0,0,0
2008,29,45,2,290084,1,7,1,2,1,2,4,2,3,2,2,2,2,2,2,2,2,2,2,2,2,2,2,2,2,2,2,2,1,1,2,0,0,0
2008,29,95,1,290085,1,7,2,2,1,1,3,1,4,1,2,2,2,2,2,2,2,2,2,2,3,2,2,2,2,1,2,2,2,2,2,0,0,0
2008,29,9,1,290086,1,7,1,2,4,2,6,2,1,1,2,2,1,2,2,1,2,2,2,2,1,2,2,2,2,2,2,2,1,2,2,0,0,0
2008,29,77,1,290087,1,7,2,2,4,2,2,2,1,2,2,2,1,2,2,1,2,2,2,2,1,2,2,2,2,2,2,2,1,2,2,0,0,0
2008,29,143,1,290088,1,7,1,1,4,2,1,3,1,1,1,2,1,2,2,1,2,2,1,2,3,2,2,2,2,2,2,2,1,2,2,0,0,0
2008,29,189,1,290089,1,7,2,1,4,2,1,3,1,1,1,2,1,2,2,1,2,2,2,2,2,2,2,2,2,2,2,2,1,2,2,0,0,0
2008,29,219,1,290090,1,7,1,1,4,2,1,2,1,2,1,2,1,2,2,1,2,2,1,2,2,2,2,1,1,2,2,1,1,2,2,0,0,0
2008,29,11,1,290092,1,7,1,2,4,2,4,2,1,2,1,2,1,2,2,1,2,2,1,2,3,2,2,2,2,2,2,2,1,1,2,0,0,0
2008,29,69,1,290093,1,7,1,2,4,2,3,2,1,1,1,2,1,2,2,2,2,2,1,2,3,2,2,2,2,2,2,2,1,2,2,0,0,0
2008,29,91,1,290094,1,7,1,2,4,2,4,2,1,2,1,2,1,2,2,2,2,2,2,2,2,2,2,2,2,2,2,2,1,2,2,0,0,0
2008,29,11,1,290095,1,7,1,2,4,2,5,2,1,1,1,2,1,2,2,2,2,2,2,2,2,2,2,2,2,1,2,2,1,1,2,0,0,0
2008,29,510,1,290096,1,7,2,2,1,2,4,2,1,2,2,1,1,2,2,2,1,2,2,2,3,2,2,2,2,2,2,2,2,1,2,0,0,0
2008,29,201,1,290097,1,7,1,2,4,2,6,2,1,2,2,2,1,2,2,2,2,2,2,2,3,2,2,2,2,2,2,2,1,1,2,0,0,0
2008,29,5,1,290099,1,7,1,2,4,2,5,2,1,1,2,2,1,2,2,1,2,2,1,2,2,2,2,2,2,2,2,2,1,2,2,0,0,0
2008,29,77,2,290100,1,7,1,2,4,2,5,2,1,1,2,2,1,2,2,1,2,2,1,2,1,2,2,1,1,2,2,1,1,2,2,0,0,0
2008,29,47,1,290101,1,7,1,2,1,1,6,1,4,1,1,2,2,2,2,2,2,2,2,2,3,2,2,2,2,1,2,2,2,2,2,0,0,0
2008,29,510,1,290102,1,7,2,2,1,1,2,1,1,2,1,1,1,2,2,2,1,2,2,2,3,2,2,2,2,2,2,2,2,2,2,0,0,0
2008,29,161,1,290103,1,7,1,2,1,2,3,2,3,1,1,2,2,1,2,2,2,2,2,2,2,2,2,2,2,2,2,2,1,1,2,0,0,0
2008,29,137,2,290104,1,7,1,2,4,2,4,2,1,1,1,2,1,2,2,1,2,2,1,2,3,1,1,1,1,2,2,1,1,2,2,0,0,0
2008,29,169,1,290105,1,7,1,1,4,2,1,2,1,1,1,2,1,2,2,1,2,2,1,2,3,2,2,2,2,2,1,1,1,2,2,0,0,0
2008,29,179,1,290106,1,7,1,2,4,2,5,2,1,2,1,2,1,2,2,1,2,2,2,2,3,2,2,2,2,2,2,2,1,2,2,0,0,0
2008,29,207,1,290107,1,7,1,2,1,2,6,3,1,2,1,2,1,2,2,2,2,2,1,2,2,2,2,2,2,2,2,2,2,2,2,0,0,0
2008,29,117,1,290108,1,7,1,2,1,2,3,3,4,2,1,2,2,1,2,2,2,2,2,2,2,2,2,2,2,2,2,2,2,2,2,0,0,0
2008,29,189,1,290109,1,7,2,2,1,1,2,1,2,1,2,2,2,1,2,2,2,2,2,2,2,1,1,1,1,2,2,1,2,2,2,0,0,0
2008,29,197,1,290110,1,7,1,2,1,2,3,3,4,1,1,2,2,1,2,2,2,2,2,2,3,2,2,2,2,2,2,2,2,2,2,0,0,0
2008,29,19,1,290111,1,7,2,1,1,2,1,2,2,1,1,2,2,2,2,1,2,2,1,2,2,2,2,2,2,2,2,2,2,1,2,0,0,0
2008,29,99,1,290112,1,7,2,2,1,2,4,2,1,2,2,1,1,2,2,2,1,2,2,2,3,2,2,2,2,2,2,2,2,2,2,0,0,0
2008,29,69,1,290113,1,7,2,2,4,2,6,2,1,1,2,2,1,2,2,2,2,2,2,2,2,2,2,2,2,1,2,2,1,2,2,0,0,0
2008,29,189,1,290114,1,7,2,2,4,2,6,2,1,2,2,2,1,2,2,1,2,2,2,2,1,1,1,1,1,2,2,1,1,2,2,0,0,0
2008,29,149,1,290115,1,7,1,2,4,2,4,2,1,2,2,2,1,2,2,2,2,2,1,2,1,2,2,2,2,2,1,1,1,2,2,0,0,0
2008,29,147,3,290116,1,7,1,2,4,2,3,2,1,1,2,2,1,2,2,2,2,2,2,2,2,2,2,2,2,2,2,2,1,2,2,0,0,0
2008,29,101,1,290117,1,7,1,2,4,2,6,2,1,2,2,2,1,2,2,1,2,2,2,2,1,2,2,2,2,2,2,2,1,1,2,0,0,0
2008,29,31,1,290118,1,7,1,2,4,2,5,2,1,1,1,2,1,2,2,2,2,2,1,2,2,2,2,2,2,2,2,2,1,2,2,0,0,0
2008,29,189,1,290119,1,7,2,1,4,2,1,3,1,2,1,2,1,2,2,1,2,2,1,2,2,2,2,2,2,2,2,2,1,2,2,0,0,0
2008,29,91,1,290121,1,7,2,2,1,1,2,1,4,2,1,2,2,2,2,2,2,2,2,2,3,2,2,2,2,1,2,2,2,2,2,0,0,0
2008,29,3,1,290122,1,7,1,2,1,2,4,2,3,1,1,2,3,1,2,1,2,2,2,2,3,2,2,2,2,2,1,1,1,1,2,0,0,0
2008,29,189,1,290123,1,7,2,2,4,2,4,2,1,1,1,2,1,2,2,1,2,2,1,2,2,1,1,1,1,2,2,1,1,2,2,0,0,0
2008,29,119,1,290124,1,7,1,2,4,2,5,2,1,1,2,2,1,2,1,2,2,2,2,2,2,2,2,2,2,2,2,2,1,1,2,0,0,0
2008,29,29,1,290125,1,7,1,2,4,2,3,2,1,2,2,2,1,2,2,1,2,2,1,2,1,2,2,2,2,2,1,1,1,1,2,0,0,0
2008,29,189,1,290126,1,7,2,2,1,1,5,1,4,2,2,2,2,2,2,2,2,2,2,2,1,2,2,2,2,2,2,2,2,1,2,0,0,0
2008,29,49,1,290127,1,7,1,2,1,2,6,2,3,1,2,2,2,2,2,1,2,2,2,2,1,2,2,2,2,2,2,2,2,2,2,0,0,0
2008,29,71,1,290128,1,7,1,2,1,2,3,2,4,2,2,2,3,2,2,2,2,2,2,2,2,1,1,1,1,2,1,1,2,1,2,0,0,0
2008,29,9,1,290129,1,7,1,2,1,2,3,2,2,1,1,2,2,1,2,2,2,2,2,2,3,2,2,2,2,2,2,2,2,1,2,0,0,0
2008,29,95,1,290130,1,7,2,1,4,2,1,3,1,1,1,2,1,2,2,1,2,2,2,2,2,1,1,1,1,2,2,1,1,1,2,0,0,0
2008,29,35,2,290131,1,7,1,2,1,2,3,2,4,1,1,2,2,1,2,2,2,2,1,2,3,2,2,2,2,2,2,2,2,2,2,0,0,0
2008,29,510,1,290132,1,7,2,2,4,2,4,2,1,2,1,2,1,2,2,2,2,2,2,2,1,2,2,2,2,2,2,2,1,2,2,0,0,0
2008,29,219,1,290133,1,7,1,2,1,2,4,2,3,1,1,2,2,2,2,1,2,2,2,2,3,2,2,2,2,1,2,2,1,2,2,0,0,0
2008,29,189,1,290134,1,7,2,2,4,2,5,2,1,3,2,2,1,2,2,1,2,2,2,2,1,2,2,2,2,2,2,2,1,2,2,0,0,0
2008,29,131,1,290135,1,7,1,2,4,2,4,2,1,2,2,2,1,2,2,1,2,2,2,2,1,2,2,2,2,2,2,2,1,2,2,0,0,0
2008,29,219,1,290136,1,7,1,2,4,2,6,2,1,2,2,2,1,2,2,1,2,2,1,2,1,2,2,2,2,2,2,2,1,2,2,0,0,0
2008,29,63,1,290137,1,7,1,2,4,2,3,2,1,1,2,2,1,2,2,2,2,2,1,2,2,2,2,2,2,2,2,2,1,2,2,0,0,0
2008,29,201,1,290138,1,7,1,2,1,1,5,1,4,1,1,2,2,1,2,2,2,2,2,2,3,2,2,2,2,2,2,2,2,1,2,0,0,0
2008,29,99,1,290139,1,7,1,1,4,2,1,2,1,2,1,2,1,2,1,2,2,2,2,2,1,2,2,2,2,2,2,2,1,2,2,0,0,0
2008,29,215,2,290140,1,7,1,2,4,2,5,2,1,1,1,2,1,2,2,2,2,2,2,2,2,2,2,2,2,1,2,2,1,1,2,0,0,0
2008,29,141,1,290141,1,7,1,2,4,2,5,2,1,1,1,2,1,2,1,2,2,2,2,2,2,2,2,2,2,2,2,2,1,2,1,0,0,0
2008,29,99,1,290142,1,7,1,2,2,2,3,2,4,2,1,2,2,2,2,2,1,2,1,2,3,2,2,2,2,2,2,2,1,1,2,0,0,0
2008,29,95,1,290143,1,7,2,2,4,1,5,1,1,2,1,2,2,2,2,1,2,2,2,1,1,2,2,2,2,2,2,2,2,2,2,0,0,0
2008,29,107,1,290144,1,7,1,2,1,1,5,1,4,1,1,2,2,2,2,2,2,2,1,2,3,1,1,1,1,2,2,1,2,2,2,0,0,0
2008,29,95,1,290145,1,7,2,2,3,2,4,2,1,2,1,2,1,2,2,1,2,2,1,2,1,2,2,2,2,2,1,1,1,2,2,0,0,0
2008,29,207,1,290146,1,7,1,2,1,1,3,1,4,1,1,2,2,1,2,1,2,2,1,2,2,2,2,2,2,2,2,2,2,1,2,0,0,0
2008,29,101,1,290147,1,7,1,2,4,2,5,2,1,1,1,2,1,2,1,1,2,2,2,2,3,2,2,2,2,2,2,2,1,2,2,0,0,0
2008,29,71,1,290148,1,7,2,2,4,2,5,2,1,3,2,2,1,2,2,2,2,2,1,2,2,2,2,1,1,2,2,1,1,2,2,0,0,0
2008,29,67,1,290149,1,7,1,2,4,2,6,2,1,1,2,2,1,2,2,1,2,2,2,2,2,2,2,2,2,2,2,2,1,2,2,0,0,0
2008,29,219,1,290150,1,7,1,1,1,2,1,2,3,1,1,2,3,1,2,2,2,2,2,2,2,2,2,2,2,2,2,2,2,2,2,0,0,0
2008,29,77,1,290151,1,7,1,2,1,2,3,2,3,2,1,2,2,1,2,2,2,2,2,2,2,2,2,2,2,2,1,1,1,2,2,0,0,0
2008,29,189,1,290152,1,7,2,2,1,2,2,2,4,2,1,2,2,1,2,2,2,2,2,2,1,2,2,2,2,2,2,2,1,2,2,0,0,0
2008,29,99,1,290153,1,7,2,2,4,2,2,3,1,2,1,2,2,1,2,1,2,2,2,2,3,2,2,2,2,2,2,2,1,2,2,0,0,0
2008,29,29,1,290154,1,7,1,2,4,2,4,2,1,2,1,2,1,2,2,1,2,2,1,2,1,2,2,2,2,2,2,2,1,2,2,0,0,0
2008,29,209,1,290155,1,7,1,2,4,2,5,2,1,2,1,2,1,2,2,1,2,2,1,2,1,2,2,2,2,2,1,1,1,2,2,0,0,0
2008,29,161,3,290156,1,7,1,2,1,2,3,2,2,1,1,2,2,1,2,1,2,2,2,2,3,2,2,2,2,2,2,2,2,1,2,0,0,0
2008,29,63,1,290157,1,7,1,1,1,2,1,2,2,2,2,2,2,1,2,2,2,2,2,2,2,2,2,2,2,2,2,2,2,1,2,0,0,0
2008,29,29,1,290158,1,7,1,2,1,2,3,2,5,1,2,2,3,2,2,2,2,2,1,2,2,2,2,2,2,1,1,1,1,2,2,0,0,0
2008,29,95,1,290159,1,7,1,2,4,2,5,2,1,2,2,2,1,2,2,2,2,2,1,2,1,2,2,2,2,2,2,2,1,2,2,0,0,0
2008,29,99,1,290160,1,7,2,2,4,1,2,1,1,1,1,2,2,2,2,2,2,2,2,2,3,2,2,2,2,1,2,2,2,2,2,0,0,0
2008,29,169,3,290161,1,7,1,2,1,2,4,2,3,1,1,2,2,2,2,2,2,2,1,2,1,1,1,1,1,1,2,1,1,2,2,0,0,0
2008,29,183,1,290162,1,7,2,2,1,1,2,1,4,1,1,2,3,2,2,2,2,2,2,2,2,1,1,1,1,2,2,1,2,2,2,0,0,0
2008,29,149,1,290163,1,7,1,2,4,2,4,2,1,1,1,2,1,2,2,1,2,2,1,2,1,2,2,2,2,2,2,2,1,2,2,0,0,0
2008,29,187,1,290164,1,7,1,2,1,2,3,2,3,2,1,2,2,2,2,2,2,2,2,2,1,2,2,2,2,2,2,2,2,2,2,0,0,0
2008,29,71,2,290165,1,7,1,2,1,2,4,2,4,1,1,2,2,1,2,1,2,2,2,2,2,2,2,2,2,2,2,2,1,2,2,0,0,0
2008,29,17,1,290166,1,7,1,2,1,2,5,2,1,1,1,2,1,2,2,1,2,2,1,2,1,2,2,2,2,2,1,1,1,2,2,0,0,0
2008,29,189,1,290167,1,7,1,2,1,1,3,1,1,1,1,2,1,2,2,2,1,2,2,2,2,2,2,2,2,2,1,1,2,2,1,0,0,0
2008,29,105,1,290168,1,7,1,2,4,2,5,2,1,2,2,2,1,2,2,1,2,2,1,2,3,1,1,1,1,2,2,1,1,2,2,0,0,0
2008,29,95,1,290169,1,7,2,2,4,2,5,2,1,1,2,2,1,2,2,1,2,2,1,2,2,2,2,2,2,2,2,2,1,2,2,0,0,0
2008,29,510,1,290170,1,7,2,1,1,2,1,2,1,1,1,2,1,2,2,1,2,2,1,2,2,2,2,2,2,2,1,1,1,2,2,0,0,0
2008,29,99,1,290171,1,7,2,2,4,2,2,2,1,2,2,2,1,2,2,1,2,2,1,2,3,2,2,2,2,2,2,2,1,2,2,0,0,0
2008,29,71,1,290172,1,7,1,2,4,2,6,2,1,1,1,2,1,2,2,2,2,2,2,2,3,2,2,2,2,1,2,2,1,2,2,0,0,0
2008,29,195,1,290173,1,7,1,2,4,2,4,2,1,1,2,2,1,2,2,2,2,2,1,2,2,2,2,2,2,2,2,2,1,1,2,0,0,0
2008,29,145,1,290174,1,7,1,2,1,1,4,1,4,2,1,2,2,2,2,2,2,2,2,2,3,1,1,1,1,1,2,1,2,2,2,0,0,0
2008,29,19,1,290175,1,7,1,2,1,2,3,2,1,2,2,2,1,2,1,2,2,2,2,2,2,2,2,2,2,2,2,2,2,2,2,0,0,0
2008,29,131,1,290176,1,7,1,2,4,2,5,2,1,2,2,2,1,2,2,2,2,2,1,2,1,2,2,2,2,2,2,2,1,2,2,0,0,0
2008,29,145,1,290177,1,7,1,2,1,1,4,1,3,1,1,2,2,2,2,2,2,2,2,2,3,2,2,2,2,2,2,2,2,2,2,0,0,0
2008,29,79,1,290178,1,7,1,2,1,2,3,2,3,2,2,2,2,2,2,2,2,2,2,2,1,2,2,2,2,1,2,2,1,2,2,0,0,0
2008,29,183,1,290179,1,7,1,2,4,2,5,2,1,2,2,2,1,2,2,1,2,2,1,2,1,2,2,1,1,2,2,1,1,2,2,0,0,0
2008,29,149,1,290180,1,7,1,2,4,2,5,2,1,2,2,2,1,2,2,1,2,2,1,2,1,1,1,1,1,2,2,1,1,1,2,0,0,0
2008,29,195,1,290181,1,7,1,1,4,2,1,2,1,1,2,2,1,2,2,2,2,2,1,2,2,2,2,2,2,1,2,2,1,1,2,0,0,0
2008,29,21,2,290182,1,7,2,2,1,1,4,1,3,2,2,2,2,2,2,1,2,2,1,2,1,1,1,1,1,2,1,1,2,1,2,0,0,0
2008,29,137,1,290183,1,7,1,2,1,2,6,3,1,2,2,2,1,2,2,2,2,2,2,2,3,2,2,2,2,2,2,2,1,2,2,0,0,0
2008,29,151,1,290184,1,7,1,2,1,2,5,2,2,2,1,2,2,2,2,1,2,2,1,2,3,1,1,1,1,2,2,1,2,2,2,0,0,0
2008,29,195,2,290185,1,7,1,1,4,2,1,2,4,2,1,2,2,2,2,1,2,2,2,2,3,1,1,1,1,2,1,1,1,1,2,0,0,0
2008,29,95,1,290186,1,7,2,2,3,2,2,2,1,1,1,2,1,2,2,2,2,2,1,2,2,2,2,2,2,2,2,2,1,1,2,0,0,0
2008,29,133,1,290187,1,7,1,2,1,1,4,1,4,1,1,2,2,2,2,2,2,2,2,2,3,2,2,2,2,1,2,2,2,2,2,0,0,0
2008,29,19,1,290188,1,7,1,2,4,2,3,3,1,1,1,2,1,2,2,1,2,2,1,2,2,2,2,2,2,2,1,1,1,2,2,0,0,0
2008,29,97,1,290189,1,7,1,2,1,1,5,1,4,1,1,2,2,2,2,2,2,2,1,2,3,2,2,2,2,1,2,2,2,2,2,0,0,0
2008,29,510,1,290190,1,7,2,2,1,2,3,2,3,2,2,2,2,2,2,2,2,2,2,2,1,2,2,2,2,2,2,2,1,2,2,0,0,0
2008,29,47,1,290191,1,7,2,2,4,2,2,2,1,1,2,2,1,2,2,2,2,2,2,2,2,2,2,1,1,2,2,1,1,1,2,0,0,0
2008,29,163,1,290192,1,7,2,2,4,2,6,2,1,1,2,2,1,2,2,2,2,2,1,2,2,2,2,1,1,2,2,1,1,2,2,0,0,0
2008,29,95,1,290193,1,7,2,2,1,2,2,3,1,1,1,2,2,2,2,1,1,2,2,2,3,2,2,2,2,1,2,2,2,2,2,0,0,0
2008,29,27,1,290194,1,7,1,2,4,2,5,2,1,1,1,2,1,2,2,2,2,2,2,2,2,2,2,2,2,2,2,2,1,2,2,0,0,0
2008,29,189,1,290195,1,7,2,2,4,1,3,1,1,2,2,2,1,2,2,2,2,2,2,2,3,2,2,2,2,1,2,2,2,2,2,0,0,0
2008,29,95,1,290196,1,7,2,2,1,2,4,2,4,1,1,2,2,2,1,1,2,2,2,2,1,2,2,1,1,2,2,1,1,1,2,0,0,0
2008,29,189,1,290197,1,7,2,1,1,2,1,3,4,1,2,2,2,2,2,1,2,2,2,2,3,2,2,2,2,2,2,2,1,2,2,0,0,0
2008,29,510,1,290198,1,7,2,2,1,1,4,1,4,2,2,2,2,2,2,1,2,2,2,2,1,2,2,2,2,2,2,2,2,2,2,0,0,0
2008,29,99,1,290199,1,7,2,2,4,2,5,2,1,2,2,2,1,2,2,1,2,2,1,2,1,2,2,2,2,2,2,2,1,2,2,0,0,0
2008,29,71,1,290200,1,7,2,2,1,2,5,2,1,2,1,2,1,2,2,2,1,2,2,2,2,1,1,1,1,2,2,1,2,2,2,0,0,0
2008,29,77,1,290201,1,7,2,2,1,1,2,1,4,1,1,2,2,2,2,2,2,2,2,2,3,2,2,2,2,1,2,2,2,1,2,0,0,0
2008,29,95,1,290202,1,7,2,2,1,1,5,1,4,1,1,2,2,2,1,2,2,2,2,2,2,2,2,2,2,2,2,2,2,2,2,0,0,0
2008,29,95,1,290203,1,7,2,1,4,2,1,2,1,2,1,2,1,2,2,2,2,2,2,2,1,2,2,2,2,2,2,2,1,2,2,0,0,0
2008,29,123,1,290204,1,7,1,2,1,2,5,2,1,1,1,2,1,2,1,1,2,2,2,2,2,2,2,2,2,2,2,2,1,2,2,0,0,0
2008,29,7,1,290205,1,7,1,2,1,2,5,2,1,1,1,2,1,2,1,2,2,2,2,2,3,2,2,2,2,2,2,2,2,2,2,0,0,0
2008,29,219,1,290206,1,7,1,2,4,2,5,2,1,2,1,2,1,2,2,1,2,2,1,2,1,2,2,2,2,2,2,2,1,2,2,0,0,0
2008,29,101,2,290207,1,7,1,2,1,2,3,3,4,1,1,2,2,2,2,2,2,2,2,2,3,2,2,2,2,1,2,2,2,1,2,0,0,0
2008,29,229,1,290208,1,7,1,2,4,2,4,2,1,2,1,2,1,2,2,2,2,2,1,2,2,2,2,2,2,2,2,2,1,2,2,0,0,0
2008,29,181,1,290209,1,7,1,2,1,2,4,2,2,1,1,2,2,2,2,2,2,2,2,2,3,2,2,2,2,2,1,1,2,1,2,0,0,0
2008,29,47,1,290210,1,7,1,2,1,1,5,1,4,1,1,2,2,2,2,2,2,2,2,2,2,1,1,1,1,2,2,1,2,1,2,0,0,0
2008,29,19,2,290211,1,7,1,1,4,2,1,2,1,1,1,2,1,1,2,2,2,2,1,2,2,2,2,2,2,2,2,2,1,2,2,0,0,0
2008,29,189,1,290212,1,7,2,1,4,2,1,3,1,2,2,2,1,2,2,1,2,2,2,2,1,2,2,2,2,2,2,2,1,2,2,0,0,0
2008,29,95,1,290213,1,7,2,2,1,2,2,2,1,2,1,2,1,2,2,1,1,2,2,2,1,2,2,2,2,2,2,2,2,2,2,0,0,0
2008,29,95,1,290214,1,7,2,2,4,2,4,2,1,2,2,2,1,2,2,1,2,2,1,2,1,2,2,2,2,2,1,1,1,2,2,0,0,0
2008,29,187,2,290215,1,7,1,2,1,1,4,1,4,1,2,2,2,2,1,2,2,2,2,2,2,2,2,2,2,1,2,2,2,1,2,0,0,0
2008,29,221,1,290216,1,7,1,2,1,2,4,2,3,2,2,2,2,1,1,2,2,2,2,2,1,2,2,2,2,2,2,2,1,2,2,0,0,0
2008,29,510,1,290217,1,7,2,2,4,2,3,2,1,2,2,2,1,2,2,1,2,2,2,2,1,1,1,1,1,2,2,1,1,2,2,0,0,0
2008,29,29,2,290218,1,7,1,2,2,1,3,1,4,1,1,2,2,1,2,1,2,2,2,2,3,2,2,2,2,2,1,1,2,1,2,0,0,0
2008,29,73,1,290219,1,7,1,2,1,2,3,2,4,1,1,2,2,2,2,2,2,2,1,2,3,1,1,1,1,2,2,1,1,1,2,0,0,0
2008,29,27,1,290220,1,7,1,2,1,2,5,2,3,1,1,2,2,2,2,2,2,2,2,2,2,2,2,2,2,1,2,2,1,2,2,0,0,0
2008,29,95,1,290221,1,7,2,2,4,2,4,2,1,1,1,2,1,2,2,1,2,2,1,2,2,2,2,2,2,2,2,2,1,2,2,0,0,0
2008,29,77,1,290222,1,7,1,2,1,1,5,1,4,2,1,2,2,2,2,2,2,2,1,2,3,2,2,2,2,2,2,2,2,2,2,0,0,0
2008,29,185,1,290223,1,7,1,2,4,2,3,2,1,1,1,2,1,2,2,2,2,2,1,2,2,2,2,2,2,2,2,2,1,2,1,0,0,0
2008,29,185,1,290224,1,7,1,2,1,1,3,1,4,1,1,2,2,1,2,2,2,2,2,2,3,2,2,2,2,1,2,2,2,2,2,0,0,0
2008,29,105,1,290225,1,7,1,2,1,2,5,3,3,2,1,2,2,2,1,2,2,2,2,2,2,2,2,2,2,2,2,2,1,1,2,0,0,0
2008,29,510,1,290226,1,7,2,2,1,1,4,1,1,1,1,2,1,2,2,1,1,2,2,2,2,2,2,2,2,2,2,2,2,2,2,0,0,0
2008,29,93,2,290227,1,7,1,2,1,2,4,2,3,1,1,2,2,2,2,1,2,2,2,2,2,2,2,2,2,2,2,2,1,2,2,0,0,0
2008,29,189,1,290228,1,7,1,2,4,2,6,2,1,1,1,2,1,2,2,2,2,2,2,2,2,2,2,2,2,1,2,2,1,2,2,0,0,0
2008,29,189,1,290229,1,7,1,2,1,2,6,2,1,2,2,2,1,2,2,1,2,2,1,2,3,1,1,1,1,2,2,1,1,2,2,0,0,0
2008,29,69,1,290230,1,7,1,2,1,2,3,2,3,2,1,2,2,2,2,2,2,2,2,2,3,2,2,2,2,1,2,2,1,2,2,0,0,0
2008,29,167,1,290231,1,7,1,2,1,2,3,2,3,1,1,2,3,2,2,2,2,2,1,2,3,2,2,2,2,2,2,2,2,1,2,0,0,0
2008,29,9,1,290232,1,7,1,2,4,2,5,2,1,2,1,2,1,2,2,2,2,2,1,2,2,2,2,2,2,2,2,2,1,2,2,0,0,0
2008,29,145,1,290233,1,7,1,2,1,2,5,2,1,2,2,2,1,2,2,2,1,2,2,2,2,2,2,2,2,2,1,1,2,2,2,0,0,0
2008,29,71,1,290234,1,7,1,2,4,2,6,2,1,2,2,2,1,2,2,1,2,2,1,2,2,1,1,1,1,2,2,1,1,1,2,0,0,0
2008,29,77,1,290235,1,7,2,2,1,1,4,1,4,1,2,2,2,2,1,2,2,2,2,2,2,2,2,2,2,2,2,2,2,1,2,0,0,0
2008,29,97,1,290236,1,7,1,2,1,1,5,1,4,1,2,2,2,2,2,2,2,2,2,2,3,2,2,2,2,1,2,2,2,1,2,0,0,0
2008,29,189,1,290237,1,7,2,1,4,2,1,3,1,2,2,2,1,2,2,1,2,2,2,2,1,2,2,2,2,2,2,2,1,2,2,0,0,0
2008,29,143,2,290238,1,7,1,2,1,2,5,2,3,2,2,2,2,2,2,1,2,2,2,2,1,2,2,2,2,2,2,2,1,2,2,0,0,0
2008,29,195,1,290239,1,7,1,1,1,2,1,2,5,2,2,2,2,2,2,2,2,2,1,2,3,2,2,1,1,2,2,1,2,1,2,0,0,0
2008,29,147,2,290240,1,7,1,2,4,2,3,2,1,2,2,2,1,2,2,1,2,2,2,2,1,2,2,1,1,2,2,1,1,2,2,0,0,0
2008,29,97,1,290241,1,7,1,2,4,2,6,2,1,2,2,2,1,2,2,1,2,2,2,2,1,1,1,1,1,2,2,1,1,2,2,0,0,0
2008,29,215,1,290242,1,7,1,2,1,2,3,2,4,1,2,2,3,1,2,2,2,2,2,2,2,1,1,1,1,2,2,1,1,2,2,0,0,0
2008,29,207,1,290243,1,7,1,2,4,2,5,2,1,2,2,2,1,2,2,1,2,2,1,2,1,2,2,2,2,2,2,2,1,2,2,0,0,0
2008,29,189,1,290244,1,7,2,2,4,1,3,1,1,1,1,2,1,2,2,2,2,2,2,2,2,2,2,2,2,1,2,2,2,2,2,0,0,0
2008,29,97,1,290245,1,7,2,2,1,1,3,1,4,1,1,2,2,2,1,1,2,2,2,2,3,2,2,2,2,2,2,2,2,2,2,0,0,0
2008,29,187,1,290246,1,7,1,2,4,2,5,2,1,1,1,2,1,2,2,2,2,2,2,2,3,2,2,2,2,1,2,2,1,2,2,0,0,0
2008,29,510,1,290247,1,7,2,2,1,1,5,1,1,1,1,2,2,2,2,2,2,1,2,2,2,2,2,2,2,2,2,2,2,2,2,0,0,0
2008,29,187,1,290248,1,7,1,2,1,2,3,2,2,1,1,2,2,1,2,1,2,2,2,2,2,2,2,2,2,2,2,2,2,1,2,0,0,0
2008,29,47,1,290249,1,7,1,2,4,2,5,2,1,2,1,2,1,2,2,2,2,2,2,2,1,2,2,2,2,2,2,2,1,2,2,0,0,0
2008,29,15,1,290250,1,7,1,2,1,2,3,3,2,1,1,2,2,2,1,2,2,2,2,2,3,2,2,2,2,2,2,2,2,1,2,0,0,0
2008,29,7,1,290251,1,7,1,2,4,2,3,2,1,1,1,2,1,2,2,1,2,2,1,2,2,2,2,2,2,1,2,2,1,2,2,0,0,0
2008,29,215,1,290252,1,7,1,2,1,2,6,2,1,1,1,2,1,2,2,2,2,2,2,2,2,2,2,2,2,2,2,2,2,2,2,0,0,0
2008,29,99,1,290253,1,7,2,1,1,2,1,3,4,2,1,2,3,1,2,1,2,2,2,2,3,2,2,2,2,2,1,1,1,2,2,0,0,0
2008,29,189,1,290254,1,7,2,2,1,1,2,1,1,2,2,2,1,2,2,2,1,2,2,2,2,2,2,2,2,2,2,2,2,2,2,0,0,0
2008,29,189,1,290255,1,7,2,2,4,2,6,2,1,2,2,2,1,2,2,1,2,2,2,2,2,1,1,1,1,2,2,1,1,1,2,0,0,0
2008,29,183,1,290256,1,7,1,2,4,2,5,2,1,1,2,2,1,1,2,2,2,2,2,2,2,2,2,2,2,2,1,1,1,1,2,0,0,0
2008,29,177,3,290257,1,7,1,2,4,2,6,2,1,1,2,2,1,2,2,1,2,2,1,2,2,2,2,2,2,2,2,2,1,2,2,0,0,0
2008,29,187,2,290258,1,7,1,2,4,2,6,2,1,1,2,2,1,2,2,1,2,2,2,2,2,1,1,1,1,2,2,1,1,2,2,0,0,0
2008,29,37,1,290259,1,7,1,2,1,2,4,2,3,2,2,2,2,2,1,2,2,2,2,2,1,2,2,2,2,2,2,2,1,2,2,0,0,0
2008,29,97,1,290260,1,7,2,2,1,2,4,2,2,2,2,2,2,1,2,2,2,2,2,2,2,1,1,1,1,2,2,1,2,2,2,0,0,0
2008,29,79,1,290261,1,7,2,2,4,2,6,2,1,2,2,2,1,2,2,2,2,2,1,2,1,2,2,2,2,2,2,2,1,2,2,0,0,0
2008,29,510,2,290262,1,7,2,2,1,2,3,3,4,2,2,1,2,2,2,1,2,2,1,2,1,2,2,2,2,2,2,2,2,2,2,0,0,0
2008,29,97,1,290263,1,7,1,2,1,2,6,3,1,1,2,2,1,2,2,2,2,2,2,2,3,2,2,2,2,2,2,2,2,2,2,0,0,0
2008,29,510,1,290264,1,7,2,2,1,1,2,1,1,2,2,1,1,2,2,2,1,2,2,2,3,2,2,2,2,2,2,2,2,2,2,0,0,0
2008,29,151,1,290265,1,7,1,2,1,2,3,2,2,1,1,2,2,2,2,2,2,2,2,2,3,2,2,2,2,1,1,1,2,1,2,0,0,0
2008,29,229,1,290266,1,7,1,2,1,2,3,2,2,1,1,2,2,2,1,2,2,2,2,2,2,2,2,2,2,1,2,2,2,1,2,0,0,0
2008,29,19,1,290267,1,7,2,1,1,2,1,2,2,1,1,2,3,1,2,1,2,2,2,2,3,2,2,2,2,2,2,2,2,2,2,0,0,0
2008,29,77,1,290268,1,7,2,2,1,2,2,2,1,2,1,2,1,2,1,2,2,2,2,2,1,2,2,2,2,2,2,2,2,1,2,0,0,0
2008,29,510,1,290269,1,7,2,2,4,2,5,2,1,2,1,2,1,2,2,1,2,2,1,2,1,1,1,1,1,2,2,1,1,2,2,0,0,0
2008,29,35,1,290270,1,7,1,2,4,2,3,2,1,1,1,2,1,1,2,2,2,2,1,2,3,2,2,2,2,2,2,2,1,1,2,0,0,0
2008,29,75,1,290271,1,7,1,2,1,1,3,1,4,1,1,2,2,2,2,2,2,2,2,2,3,1,1,1,1,2,2,1,2,2,2,0,0,0
2008,29,165,1,290272,1,7,1,2,1,2,5,2,3,1,1,2,2,2,2,2,2,2,2,2,1,1,1,1,1,2,2,1,1,2,2,0,0,0
2008,29,23,1,290273,1,7,2,2,1,2,2,2,3,1,1,2,2,2,2,2,2,2,2,2,3,1,1,1,1,2,2,1,1,2,2,0,0,0
2008,29,95,1,290274,1,7,2,2,1,2,6,2,1,1,1,2,1,2,2,2,2,1,2,2,2,2,2,2,2,2,1,1,2,2,2,0,0,0
2008,29,221,1,290275,1,7,1,2,4,2,5,2,1,2,1,2,1,2,2,1,2,2,1,2,1,2,2,2,2,2,2,2,1,2,2,0,0,0
2008,29,63,1,290276,1,7,1,2,1,2,3,2,4,1,1,2,3,2,2,1,2,2,1,2,2,2,2,2,2,2,2,2,1,2,2,0,0,0
2008,29,71,1,290277,1,7,1,2,1,2,5,2,4,1,1,2,2,2,2,1,2,2,2,2,3,2,2,2,2,2,2,2,1,2,2,0,0,0
2008,29,19,2,290278,1,7,1,2,1,2,4,2,3,1,1,2,2,2,2,2,2,2,2,2,2,2,2,2,2,1,2,2,1,1,2,0,0,0
2008,29,21,2,290279,1,7,1,2,1,2,6,2,1,2,2,2,1,2,2,1,2,2,1,2,2,2,2,2,2,2,1,1,1,2,2,0,0,0
2008,29,51,1,290280,1,7,1,2,1,1,3,1,4,1,2,2,2,2,2,2,2,2,2,2,3,1,1,1,1,2,2,1,2,2,2,0,0,0
2008,29,109,1,290281,1,7,1,1,3,2,1,2,1,2,2,2,1,2,2,1,2,2,2,2,3,2,2,2,2,2,2,2,1,1,2,0,0,0
2008,29,95,1,290282,1,7,2,2,1,1,3,1,1,2,2,1,1,2,2,1,1,2,2,2,3,2,2,1,1,2,2,1,2,2,2,0,0,0
2008,29,165,1,290283,1,7,2,1,1,2,1,3,3,1,2,2,2,2,2,2,2,2,2,2,3,2,2,2,2,2,2,2,2,1,2,0,0,0
2008,29,175,1,290284,1,7,2,2,1,2,4,2,3,2,2,2,2,2,2,2,2,2,2,2,1,2,2,1,1,2,2,1,1,2,2,0,0,0
2008,29,43,1,290285,1,7,1,2,1,1,3,1,2,1,1,2,3,1,2,2,2,2,2,2,3,2,2,2,2,2,2,2,2,1,2,0,0,0
2008,29,95,2,290286,1,7,2,2,1,2,6,2,3,2,1,1,2,2,2,1,2,2,1,2,1,2,2,2,2,2,2,2,1,1,2,0,0,0
2008,29,95,1,290287,1,7,2,1,4,2,1,3,1,1,1,2,1,1,2,2,2,2,1,2,2,2,2,2,2,2,2,2,1,2,2,0,0,0
2008,29,23,1,290288,1,7,1,2,1,1,3,1,4,2,1,2,2,1,2,2,2,2,2,2,2,1,1,1,1,2,2,1,2,1,2,0,0,0
2008,29,91,1,290289,1,7,1,2,1,2,3,2,3,1,1,2,2,1,2,2,2,2,2,2,2,2,2,2,2,2,2,2,1,2,2,0,0,0
2008,29,95,1,290290,1,7,2,2,1,1,4,1,4,2,1,2,2,2,1,2,2,2,2,2,3,2,2,2,2,2,2,2,2,1,2,0,0,0
2008,29,17,1,290291,1,7,1,2,4,2,6,2,1,2,1,2,1,2,2,1,2,2,1,2,1,2,2,2,2,2,1,1,1,2,2,0,0,0
2008,29,77,1,290292,1,7,2,2,1,1,3,1,2,1,1,2,2,1,1,2,2,2,2,2,2,2,2,2,2,2,2,2,2,1,2,0,0,0
2008,29,215,1,290293,1,7,1,2,4,2,6,2,1,1,1,2,1,2,1,1,2,2,2,2,2,2,2,2,2,1,2,2,1,2,2,0,0,0
2008,29,101,1,290294,1,7,1,2,1,1,3,1,4,2,2,2,3,1,2,2,2,2,1,2,3,2,2,2,2,2,2,2,2,2,2,0,0,0
2008,29,99,1,290295,1,7,1,2,4,2,5,2,1,1,1,2,1,2,2,1,2,2,2,2,3,1,1,1,1,2,2,1,1,2,2,0,0,0
2008,29,99,1,290296,1,7,2,2,4,2,2,2,1,2,2,2,1,2,2,1,2,2,1,2,1,1,1,1,1,2,2,1,1,2,2,0,0,0
2008,29,33,1,290297,1,7,1,2,4,1,3,1,1,1,2,2,1,2,2,2,2,2,1,2,1,2,2,1,1,2,2,1,2,2,2,0,0,0
2008,29,187,1,290298,1,7,2,2,3,2,2,2,1,1,2,2,1,2,1,2,2,2,2,2,3,2,2,2,2,2,2,2,1,1,2,0,0,0
2008,29,97,1,290299,1,7,2,2,1,1,6,1,4,1,2,2,2,2,1,2,2,2,2,2,3,2,2,2,2,2,2,2,2,2,2,0,0,0
2008,29,95,1,290300,1,7,2,1,3,2,1,2,1,2,2,2,1,1,2,2,2,2,1,2,2,2,2,2,2,2,2,2,1,2,2,0,0,0
2008,29,105,1,290301,1,7,2,2,1,1,2,1,3,2,1,2,2,2,1,2,2,2,2,2,3,2,2,2,2,2,2,2,2,2,2,0,0,0
2008,29,95,1,290302,1,7,2,2,4,2,3,2,1,1,1,2,1,2,2,2,2,2,2,2,3,2,2,2,2,1,2,2,1,2,2,0,0,0
2008,29,65,2,290303,1,7,1,2,4,2,4,2,1,1,1,2,1,2,2,1,2,2,1,2,2,1,1,1,1,2,2,1,1,2,2,0,0,0
2008,29,186,1,290304,1,7,1,1,1,2,1,2,4,1,1,2,2,1,2,2,2,2,1,2,2,2,2,2,2,2,2,2,1,2,2,0,0,0
2008,29,217,1,290305,1,7,1,2,4,2,5,2,1,2,1,2,1,2,1,1,2,2,2,2,1,2,2,2,2,2,2,2,1,2,2,0,0,0
2008,29,189,2,290306,1,7,2,1,4,2,1,2,1,2,1,2,1,2,2,1,2,2,1,2,2,1,1,1,1,2,2,1,1,2,2,0,0,0
2008,29,125,1,290307,1,7,1,2,4,2,5,2,1,2,1,2,1,2,2,1,2,2,1,2,1,1,1,1,1,2,2,1,1,2,2,0,0,0
2008,29,213,1,290308,1,7,1,2,4,1,3,1,1,2,1,2,1,2,2,1,2,2,2,2,2,2,2,1,1,2,2,1,2,1,2,0,0,0
2008,29,95,2,290309,1,7,2,2,1,2,2,3,4,1,1,2,2,2,2,2,2,2,1,2,3,2,2,2,2,1,2,2,2,2,2,0,0,0
2008,29,95,1,290310,1,7,2,1,1,2,1,2,4,1,1,2,2,2,2,1,2,2,1,2,2,2,2,2,2,2,1,1,1,2,2,0,0,0
2008,29,189,1,290311,1,7,2,2,4,2,2,3,1,2,1,2,1,2,2,1,2,2,2,2,2,2,2,2,2,1,2,2,1,2,2,0,0,0
2008,29,95,1,290313,1,7,2,2,4,2,5,2,1,2,1,2,1,2,2,2,2,2,2,2,1,2,2,2,2,2,2,2,1,2,2,0,0,0
2008,29,225,1,290314,1,7,1,2,4,2,5,2,1,2,2,2,1,2,2,1,2,2,1,2,2,1,1,1,1,2,2,1,1,2,2,0,0,0
2008,29,77,1,290315,1,7,2,2,4,2,6,2,1,2,2,2,1,2,1,1,2,2,2,2,1,2,2,2,2,2,2,2,1,1,2,0,0,0
2008,29,11,1,290316,1,7,1,2,1,2,3,2,1,2,2,2,1,2,2,2,2,2,1,2,2,2,2,2,2,2,2,2,1,1,2,0,0,0
2008,29,47,1,290317,1,7,1,1,3,2,1,2,1,1,2,2,1,2,2,2,2,2,1,2,2,2,2,2,2,2,2,2,1,1,2,0,0,0
2008,29,189,1,290318,1,7,2,3,4,2,7,2,4,1,2,2,2,2,2,2,1,2,2,2,3,2,2,2,2,2,2,2,2,2,2,0,0,0
2008,29,85,1,290319,1,7,1,2,4,2,5,2,1,2,2,2,1,2,2,2,2,2,1,2,1,2,2,2,2,1,2,2,1,2,2,0,0,0
2008,29,95,2,290320,1,7,2,2,1,1,3,1,4,2,2,2,2,2,2,1,2,2,1,2,1,2,2,2,2,2,2,2,2,2,2,0,0,0
2008,29,510,1,290321,1,7,2,1,1,2,1,2,5,2,2,2,3,2,2,1,2,2,2,2,1,2,2,2,2,2,2,2,2,2,2,0,0,0
2008,29,39,1,290322,1,7,1,2,1,2,5,2,3,1,2,2,2,2,2,2,2,2,2,2,2,2,2,2,2,1,2,2,1,2,2,0,0,0
2008,29,73,1,290323,1,7,1,2,4,2,6,2,1,1,1,2,1,2,2,1,2,2,1,2,2,1,2,1,2,2,2,2,1,2,2,0,0,0
2008,29,221,1,290324,1,7,1,2,1,2,3,2,4,1,1,2,2,2,2,2,2,2,2,2,3,2,2,2,2,2,2,2,2,2,2,0,0,0
2008,29,91,1,290325,1,7,2,2,4,2,6,2,1,2,1,2,1,2,2,1,2,2,2,2,1,1,2,1,2,2,2,2,1,2,2,0,0,0
2008,29,99,1,290326,1,7,1,2,1,2,3,2,3,1,2,2,2,2,2,2,2,2,2,2,3,2,2,2,2,2,2,2,1,1,2,0,0,0
2008,29,95,1,290327,1,7,2,2,1,2,6,2,1,2,2,2,1,2,1,1,2,2,2,2,2,2,2,2,2,2,2,2,2,1,2,0,0,0
2008,29,113,1,290328,1,7,1,2,4,2,5,2,1,2,2,2,1,2,2,1,2,2,1,2,3,2,2,2,2,2,1,1,1,2,2,0,0,0
2008,29,13,2,290329,1,7,1,2,3,2,3,2,1,2,2,2,1,2,2,2,2,2,1,2,1,2,2,2,2,2,2,2,1,2,2,0,0,0
2008,29,109,2,290330,1,7,1,2,4,2,5,2,1,1,2,2,1,2,2,2,2,2,1,2,2,2,2,2,2,1,2,2,1,2,2,0,0,0
2008,29,177,1,290331,1,7,1,2,1,2,3,2,2,1,1,2,2,2,1,2,2,2,2,2,2,2,2,2,2,1,2,2,2,1,1,0,0,0
2008,29,95,1,290332,1,7,2,1,1,2,1,2,2,1,1,2,2,1,2,1,2,2,2,2,3,2,2,2,2,2,2,2,2,2,2,0,0,0
2008,29,99,1,290333,1,7,1,2,4,2,5,2,1,2,1,2,1,2,2,1,2,2,2,2,2,1,1,1,1,2,2,1,1,2,2,0,0,0
2008,29,77,1,290334,1,7,1,2,1,2,6,2,1,2,1,2,1,2,2,1,2,2,1,2,2,1,1,1,1,2,2,1,1,2,2,0,0,0
2008,29,183,1,290335,1,7,2,2,1,2,2,2,3,2,1,2,2,1,2,2,2,2,2,2,1,2,2,2,2,2,1,1,1,2,2,0,0,0
2008,29,47,1,290336,1,7,1,2,4,2,5,2,1,1,1,2,1,2,2,1,2,2,1,2,2,2,2,2,2,2,2,2,1,2,2,0,0,0
2008,29,57,1,290337,1,7,1,2,1,1,6,1,4,2,1,2,2,2,2,2,2,2,2,2,1,2,2,2,2,2,1,1,2,1,2,0,0,0
2008,29,37,1,290338,1,7,1,2,4,2,4,2,1,1,1,2,1,2,2,2,2,2,1,2,3,2,2,2,2,2,2,2,1,2,2,0,0,0
2008,29,95,1,290339,1,7,1,2,4,2,6,2,1,2,1,2,1,2,2,1,2,2,2,2,2,1,1,1,1,2,2,1,1,1,2,0,0,0
2008,29,109,2,290340,1,7,2,2,4,2,6,2,1,2,1,2,1,2,2,1,2,2,2,1,2,1,1,1,1,2,2,1,1,2,2,0,0,0
2008,29,141,3,290341,1,7,1,2,1,2,5,2,1,2,2,2,1,2,2,1,2,2,1,2,2,1,1,1,1,2,2,1,1,2,2,0,0,0
2008,29,81,1,290342,1,7,1,2,4,2,5,2,1,2,2,2,1,2,1,1,2,2,2,2,1,2,2,2,2,2,2,2,1,2,2,0,0,0
2008,29,510,1,290343,1,7,2,3,1,1,7,1,4,2,1,2,2,2,2,1,2,2,2,2,2,2,2,2,2,2,2,2,2,2,2,0,0,0
2008,29,221,2,290344,1,7,1,2,1,2,4,3,3,1,2,2,3,2,2,2,2,2,2,2,3,2,2,2,2,1,2,2,2,1,2,0,0,0
2008,29,221,1,290345,1,7,1,2,4,2,3,2,1,1,2,2,1,2,2,2,2,2,1,2,2,1,1,1,1,2,2,1,1,1,2,0,0,0
2008,29,119,1,290346,1,7,1,2,1,2,6,2,1,2,2,2,1,2,2,2,1,2,2,2,1,2,2,2,2,2,2,2,2,1,2,0,0,0
2008,29,47,1,290347,1,7,2,1,4,2,1,3,1,1,1,2,1,2,1,2,2,2,2,2,2,2,2,2,2,2,2,2,1,2,2,0,0,0
2008,29,39,1,290348,1,7,1,2,1,2,5,3,4,1,1,2,2,2,2,2,2,2,1,2,3,2,2,2,2,2,2,2,1,2,2,0,0,0
2008,29,77,1,290349,1,7,2,2,1,2,5,3,2,1,1,2,2,2,1,1,2,2,2,2,2,2,2,2,2,2,1,1,2,1,2,0,0,0
2008,29,95,1,290350,1,7,2,1,1,2,1,3,1,1,1,2,1,1,2,2,1,2,2,2,3,2,2,2,2,2,2,2,2,2,2,0,0,0
2008,29,95,1,290351,1,7,2,2,1,2,6,2,1,2,1,2,1,2,2,1,1,2,2,2,3,2,2,2,2,2,2,2,2,2,2,0,0,0
2008,29,213,1,290352,1,7,2,2,1,1,6,1,4,1,1,2,2,2,2,2,2,2,2,2,3,2,2,2,2,1,2,2,2,1,2,0,0,0
2008,29,95,1,290353,1,7,1,2,1,2,5,2,3,2,2,2,2,2,1,1,2,2,2,2,2,1,1,1,1,2,2,1,1,2,2,0,0,0
2008,29,221,2,290354,1,7,1,2,1,2,3,2,3,2,2,2,2,2,2,2,2,2,1,2,1,1,1,1,1,2,2,1,1,2,2,0,0,0
2008,29,147,1,290355,1,7,1,2,4,2,5,2,1,1,2,2,1,2,2,1,2,2,1,2,3,2,2,2,2,2,2,2,1,2,2,0,0,0
2008,29,221,1,290356,1,7,1,2,4,2,5,2,3,1,2,2,2,2,2,2,2,2,2,2,3,2,2,2,2,2,1,1,1,1,2,0,0,0
2008,29,207,1,290357,1,7,1,2,4,2,5,2,1,2,2,2,1,2,1,2,2,2,2,2,1,2,2,2,2,2,2,2,1,1,2,0,0,0
2008,29,183,1,290358,1,7,1,2,1,1,3,1,4,1,1,2,2,2,2,2,2,2,1,2,3,2,2,2,2,1,2,2,2,1,2,0,0,0
2008,29,169,1,290359,1,7,1,2,4,2,6,2,1,2,1,2,1,2,2,1,2,2,2,2,1,2,2,2,2,2,2,2,1,1,2,0,0,0
2008,29,53,1,290360,1,7,1,1,1,2,1,2,1,2,1,2,1,1,2,2,1,2,2,2,2,2,2,2,2,2,2,2,2,2,2,0,0,0
2008,29,47,1,290361,1,7,2,2,1,2,2,2,4,1,1,2,3,2,2,2,2,2,2,2,3,2,2,2,2,2,2,2,1,2,2,0,0,0
2008,29,99,1,290362,1,7,2,2,1,1,2,1,4,1,1,2,2,2,2,2,2,2,1,2,3,1,1,1,1,2,2,1,2,2,2,0,0,0
2008,29,71,2,290363,1,7,2,2,1,2,4,2,3,2,1,2,2,2,1,2,2,2,2,2,1,2,2,2,2,2,2,2,1,2,2,0,0,0
2008,29,215,1,290364,1,7,1,2,1,2,4,2,3,1,1,2,2,2,2,2,2,2,2,2,2,2,2,2,2,2,2,2,1,2,2,0,0,0
2008,29,99,2,290365,1,7,1,2,1,2,4,2,4,2,1,2,3,2,2,2,2,2,1,2,2,2,2,2,2,1,2,2,1,2,2,0,0,0
2008,29,77,1,290366,1,7,2,2,4,2,6,2,1,2,1,2,1,2,2,1,2,2,2,2,1,2,2,2,2,2,1,1,1,1,2,0,0,0
2008,29,153,1,290367,1,7,1,2,4,2,6,2,1,1,1,2,1,2,2,1,2,2,1,2,2,2,2,2,2,2,1,1,1,2,2,0,0,0
2008,29,159,1,290368,1,7,2,2,1,2,5,3,1,1,1,2,1,2,2,2,2,2,2,2,2,2,2,2,2,2,2,2,2,2,2,0,0,0
2008,29,47,1,290369,1,7,2,1,4,2,1,2,1,1,1,2,1,2,2,2,2,2,1,2,2,2,2,2,2,2,2,2,2,2,2,0,0,0
2008,29,91,1,290370,1,7,1,2,4,2,6,2,1,2,1,2,1,2,2,1,2,2,2,2,1,1,1,1,1,2,2,1,1,2,2,0,0,0
2008,29,19,1,290371,1,7,1,2,1,1,4,1,4,2,1,2,2,1,2,2,2,2,2,2,2,2,2,2,2,2,1,1,2,2,2,0,0,0
2008,29,95,1,290372,1,7,2,2,1,2,4,2,1,2,1,2,2,2,1,1,2,2,2,2,1,2,2,2,2,2,2,2,2,2,2,0,0,0
2008,29,189,1,290373,1,7,2,2,4,2,6,2,1,1,1,2,1,2,2,1,2,2,2,2,1,2,2,2,2,2,2,2,1,2,2,0,0,0
2008,29,189,1,290374,1,7,2,2,1,2,6,2,1,2,1,2,1,2,1,1,2,2,2,2,1,2,2,2,2,2,2,2,2,2,2,0,0,0
2008,29,113,1,290375,1,7,1,2,1,2,3,2,5,1,1,2,2,2,2,1,2,2,1,2,3,2,2,2,2,2,2,2,1,1,2,0,0,0
2008,29,161,1,290376,1,7,1,1,4,2,1,2,1,2,1,2,1,1,2,2,2,2,1,2,2,2,2,2,2,2,2,2,1,2,1,0,0,0
2008,29,9,1,290377,1,7,1,2,4,2,5,2,1,2,2,2,1,2,2,1,2,2,1,2,1,2,2,2,2,2,2,2,1,2,2,0,0,0
2008,29,1,1,290378,1,7,1,2,4,2,3,2,1,2,2,2,1,2,2,2,2,2,1,2,2,2,2,2,2,2,1,1,1,2,2,0,0,0
2008,29,181,1,290379,1,7,1,2,1,2,4,2,4,1,2,2,2,2,2,2,2,2,2,2,3,2,2,2,2,1,1,1,2,2,2,0,0,0
2008,29,143,1,290380,1,7,1,1,1,2,1,2,1,2,2,2,1,2,2,2,1,2,2,2,3,2,2,2,2,2,2,2,2,2,2,0,0,0
2008,29,510,1,290381,1,7,2,1,1,2,1,3,1,2,2,1,1,2,2,2,1,2,2,2,3,2,2,2,2,2,2,2,2,2,2,0,0,0
2008,29,81,1,290382,1,7,1,1,3,2,1,2,1,1,2,2,1,2,2,2,2,2,1,2,1,2,2,2,2,2,2,2,1,2,2,0,0,0
2008,29,510,1,290383,1,7,2,2,1,1,6,1,4,1,2,2,2,2,1,1,2,2,2,2,3,2,2,2,2,2,2,2,2,1,2,0,0,0
2008,29,23,1,290384,1,7,1,2,2,2,3,2,1,2,2,2,1,2,2,2,2,2,1,2,3,1,1,1,1,2,2,1,1,2,2,0,0,0
2008,29,97,1,290385,1,7,1,2,1,1,4,1,4,1,1,2,2,1,2,2,2,2,2,2,2,2,2,2,2,2,2,2,2,1,2,0,0,0
2008,29,225,2,290386,1,7,1,2,1,2,3,2,3,1,1,2,2,2,2,2,2,2,2,2,1,2,2,2,2,2,2,2,2,1,2,0,0,0
2008,29,19,1,290388,1,7,2,1,4,2,1,2,1,2,1,2,1,2,2,1,2,2,1,2,2,2,2,2,2,2,2,2,1,2,2,0,0,0
2008,29,77,1,290389,1,7,2,2,1,2,2,2,3,2,1,2,2,2,2,2,2,2,2,2,1,2,2,2,2,2,2,2,1,2,2,0,0,0
2008,29,105,1,290390,1,7,2,2,1,1,4,1,4,2,1,2,2,2,2,2,2,2,2,2,3,2,2,2,2,1,2,2,2,2,2,0,0,0
2008,29,510,1,290391,1,7,2,1,4,2,1,2,1,1,1,2,1,2,2,2,2,2,1,2,2,2,2,2,2,2,2,2,1,2,2,0,0,0
2008,29,21,1,290392,1,7,1,2,1,2,3,2,2,2,2,1,2,2,2,1,2,2,2,2,3,2,2,2,2,2,2,2,2,1,2,0,0,0
2008,29,145,1,290393,1,7,1,2,1,2,4,2,3,2,2,2,2,2,2,1,2,2,2,2,1,2,2,2,2,2,1,1,2,2,2,0,0,0
2008,29,159,1,290394,1,7,1,2,4,2,5,2,1,2,2,2,1,2,2,2,2,2,2,2,1,2,2,2,2,2,2,2,1,1,2,0,0,0
2008,29,51,1,290395,1,7,2,2,1,1,4,1,4,1,1,2,2,2,2,2,2,2,2,2,3,1,1,1,1,1,2,1,2,2,2,0,0,0
2008,29,189,1,290396,1,7,2,2,1,2,2,2,2,2,1,2,2,1,2,2,2,2,2,2,1,2,2,2,2,2,1,1,2,1,2,0,0,0
2008,29,143,1,290397,1,7,1,1,4,2,1,2,1,1,1,2,1,1,2,2,2,2,1,2,2,2,2,2,2,2,2,2,1,2,2,0,0,0
2008,29,165,1,290398,1,7,2,2,1,2,4,2,3,2,1,2,2,2,2,1,2,2,2,2,3,2,2,2,2,2,2,2,1,2,2,0,0,0
2008,29,77,1,290399,1,7,2,2,4,2,5,2,1,2,1,2,1,2,1,1,2,2,2,2,2,2,2,2,2,2,2,2,1,2,2,0,0,0
2008,29,95,2,290400,1,7,2,2,4,2,2,3,1,2,1,2,1,2,2,1,2,2,2,2,1,2,2,2,2,2,2,2,1,2,2,0,0,0
2008,29,27,1,290401,1,7,1,2,4,2,5,2,1,2,1,2,1,2,2,1,2,2,1,2,2,2,2,2,2,2,1,1,1,2,2,0,0,0
2008,29,221,1,290402,1,7,1,2,4,2,3,2,1,1,1,2,1,2,2,2,2,2,2,2,3,2,2,2,2,2,2,2,1,1,1,0,0,0
2008,29,195,2,290403,1,7,2,2,4,2,6,2,1,1,1,2,1,2,2,1,2,2,2,2,2,1,1,1,1,2,2,1,1,2,2,0,0,0
2008,29,69,1,290404,1,7,1,2,1,2,3,2,3,1,1,2,2,2,2,2,2,2,2,2,3,2,2,2,2,1,2,2,1,2,2,0,0,0
2008,29,187,1,290405,1,7,1,2,1,1,3,1,4,1,1,2,2,2,1,1,2,2,2,2,3,2,2,2,2,1,2,2,2,2,2,0,0,0
2008,29,131,1,290406,1,7,1,2,1,2,5,2,1,2,1,2,1,2,2,1,2,2,1,2,1,2,2,2,2,2,2,2,1,2,2,0,0,0
2008,29,153,1,290407,1,7,1,2,4,2,5,2,1,2,2,2,1,2,2,1,2,2,1,2,1,2,2,2,2,2,2,2,1,2,2,0,0,0
2008,29,165,1,290408,1,7,1,2,4,2,6,2,1,1,2,2,1,2,2,1,2,2,1,2,1,2,2,2,2,2,2,2,1,2,2,0,0,0
2008,29,105,1,290409,1,7,1,2,1,2,6,2,4,1,2,2,2,2,2,2,2,2,2,2,2,2,2,2,2,1,2,2,2,1,2,0,0,0
2008,29,217,1,290410,1,7,2,2,1,1,6,1,1,2,2,2,1,2,2,2,2,2,2,2,1,2,2,2,2,2,2,2,2,2,2,0,0,0
2008,29,95,2,290411,1,7,2,2,4,2,5,2,1,3,2,2,1,2,1,1,2,2,2,2,3,2,2,2,2,2,2,2,1,2,2,0,0,0
2008,29,189,1,290412,1,7,2,2,1,2,2,2,1,2,1,2,1,2,2,2,1,2,2,2,3,2,2,2,2,2,1,1,2,2,2,0,0,0
2008,29,183,1,290413,1,7,1,2,1,2,5,2,1,3,2,2,1,2,1,2,2,2,2,2,1,2,2,2,2,2,2,2,2,2,2,0,0,0
2008,29,81,1,290414,1,7,1,2,4,2,5,2,1,2,2,2,1,2,2,1,2,2,1,2,1,1,1,1,1,2,2,1,1,2,2,0,0,0
2008,29,11,4,290415,1,7,1,2,1,2,5,2,3,2,2,2,2,2,2,2,2,2,1,2,2,2,2,2,2,2,2,2,1,1,2,0,0,0
2008,29,95,1,290416,1,7,2,2,1,2,2,3,1,1,1,2,2,2,1,1,2,2,2,2,3,2,2,2,2,2,2,2,2,2,2,0,0,0
2008,29,29,1,290417,1,7,1,2,1,2,5,2,4,1,1,2,2,2,1,2,2,2,2,2,3,2,2,2,2,2,2,2,1,2,2,0,0,0
2008,29,181,1,290418,1,7,1,2,4,2,5,2,1,2,1,2,1,2,2,1,2,2,1,2,1,2,2,2,2,2,2,2,1,2,2,0,0,0
2008,29,189,1,290419,1,7,2,2,3,2,2,2,1,2,1,2,1,2,2,1,2,2,1,2,1,2,2,2,2,2,1,1,1,2,2,0,0,0
2008,29,95,1,290420,1,7,2,1,3,2,1,2,1,1,1,2,2,2,2,2,2,2,2,2,3,2,2,2,2,2,2,2,1,2,2,0,0,0
2008,29,143,1,290421,1,7,1,1,4,2,1,2,1,1,1,2,1,2,2,2,2,2,1,2,3,2,2,2,2,2,2,2,1,2,2,0,0,0
2008,29,95,1,290422,1,7,2,1,3,2,1,2,1,2,2,2,1,2,2,2,2,2,2,2,1,2,2,2,2,2,2,2,1,2,2,0,0,0
2008,29,125,1,290423,1,7,1,2,1,2,3,2,4,1,2,2,2,2,2,2,2,2,1,2,1,2,2,2,2,2,2,2,1,1,2,0,0,0
2008,29,95,1,290424,1,7,2,2,4,2,3,2,2,2,2,2,1,2,2,2,2,2,2,2,3,2,2,2,2,1,2,2,1,2,2,0,0,0
2008,29,189,1,290425,1,7,2,2,1,2,2,3,3,1,1,2,2,2,2,2,2,2,2,2,3,2,2,2,2,1,2,2,2,2,2,0,0,0
2008,29,157,1,290426,1,7,1,2,4,2,4,2,1,1,2,2,1,2,2,2,2,2,2,2,3,2,2,2,2,2,2,2,2,2,2,0,0,0
2008,29,85,1,290427,1,7,1,2,4,2,5,2,1,1,2,2,1,2,2,1,2,2,1,2,3,2,2,2,2,1,2,2,1,1,2,0,0,0
2008,29,27,1,290428,1,7,2,2,4,2,2,3,1,1,2,2,1,2,1,2,2,2,2,2,2,2,2,2,2,1,2,2,1,2,2,0,0,0
2008,29,159,1,290429,1,7,1,2,1,2,6,2,4,1,2,2,2,2,2,2,2,2,2,2,3,2,2,2,2,2,2,2,2,2,2,0,0,0
2008,29,31,1,290430,1,7,1,2,1,2,5,2,1,2,2,2,1,2,2,2,1,2,2,2,2,2,2,2,2,2,2,2,2,2,2,0,0,0
2008,29,189,3,290431,1,7,2,2,1,2,2,2,2,1,1,2,3,1,2,1,2,2,1,2,3,2,2,2,2,2,1,1,2,1,2,0,0,0
2008,29,205,1,290432,1,7,1,2,1,2,3,2,4,1,1,2,2,1,2,1,2,2,2,2,3,2,2,2,2,2,2,2,1,1,2,0,0,0
2008,29,25,1,290433,1,7,1,2,1,1,3,1,4,2,1,2,2,1,2,2,2,2,2,2,1,2,2,2,2,2,2,2,2,2,2,0,0,0
2008,29,119,1,290434,1,7,1,2,4,2,5,2,1,2,1,2,1,2,2,1,2,2,2,1,1,2,2,2,2,2,2,2,1,2,2,0,0,0
2008,29,29,1,290435,1,7,1,2,4,2,6,2,1,2,2,2,1,2,2,1,2,2,2,2,1,2,2,2,2,2,2,2,1,2,2,0,0,0
2008,29,227,1,290436,1,7,1,2,4,2,5,2,1,1,2,2,1,2,2,2,2,2,2,2,2,2,2,2,2,2,2,2,1,2,2,0,0,0
2008,29,131,2,290437,1,7,1,2,1,2,5,3,4,2,2,2,2,1,2,2,2,2,2,2,2,2,2,2,2,2,2,2,1,2,2,0,0,0
2008,29,97,1,290438,1,7,1,2,4,2,6,2,1,2,2,2,1,2,2,2,2,2,1,2,3,2,2,2,2,2,1,1,1,1,2,0,0,0
2008,29,173,1,290439,1,7,1,2,4,2,5,2,1,1,2,2,1,2,2,1,2,2,1,2,3,2,2,2,2,2,2,2,1,2,2,0,0,0
2008,29,23,1,290441,1,7,2,2,4,2,4,2,1,2,2,2,1,2,2,1,2,2,2,2,1,2,2,2,2,2,1,1,1,2,2,0,0,0
2008,29,97,1,290442,1,7,2,2,4,2,6,2,1,2,1,2,1,2,2,1,2,2,1,2,1,2,2,2,2,2,1,1,1,2,2,0,0,0
2008,29,510,1,290443,1,7,2,2,4,2,4,2,1,2,1,2,1,2,2,1,2,2,2,2,3,2,2,2,2,2,2,2,1,1,2,0,0,0
2008,29,29,1,290444,1,7,1,2,4,2,3,2,1,1,1,2,1,2,2,1,2,2,1,2,2,1,1,1,1,2,2,1,1,2,2,0,0,0
2008,29,203,1,290445,1,7,1,2,1,2,3,2,4,1,1,1,2,1,2,2,2,2,2,2,3,2,2,2,2,1,2,2,2,2,2,0,0,0
2008,29,201,1,290446,1,7,1,2,4,2,5,2,1,3,1,2,1,2,2,1,2,2,1,2,3,1,1,1,1,2,2,1,1,2,2,0,0,0
2008,29,9,1,290447,1,7,2,2,1,1,2,1,1,2,1,1,1,2,2,2,1,2,2,2,1,2,2,1,1,2,2,1,2,1,2,0,0,0
2008,29,95,2,290448,1,7,2,2,4,2,5,2,1,2,1,2,1,2,2,1,2,2,2,2,1,2,2,1,1,2,2,1,1,2,2,0,0,0
2008,29,189,1,290449,1,7,2,2,4,2,5,2,1,2,1,2,1,2,2,2,2,2,2,2,2,2,2,2,2,1,2,2,1,2,2,0,0,0
2008,29,3,1,290450,1,7,1,2,4,2,5,2,1,2,1,2,1,2,1,2,2,2,2,2,1,2,2,2,2,2,1,1,1,1,2,0,0,0
2008,29,27,1,290451,1,7,1,2,4,2,5,2,1,2,1,2,1,2,1,2,2,2,2,2,1,2,2,2,2,2,2,2,1,2,2,0,0,0
2008,29,73,1,290452,1,7,1,2,1,2,4,2,4,1,1,2,3,1,2,2,2,2,2,2,3,2,2,2,2,1,2,2,1,2,2,0,0,0
2008,29,23,2,290453,1,7,1,2,3,2,3,3,1,1,1,2,1,2,2,2,2,2,2,2,3,2,2,2,2,1,2,2,1,2,2,0,0,0
2008,29,113,2,290454,1,7,1,2,1,2,4,2,4,2,1,2,2,2,2,2,2,2,1,2,3,2,2,2,2,2,2,2,1,2,2,0,0,0
2008,29,169,1,290455,1,7,2,1,1,1,1,1,1,2,1,2,2,2,1,1,2,2,2,2,2,2,2,2,2,2,2,2,2,2,2,0,0,0
2008,29,35,1,290456,1,7,1,2,1,2,5,2,1,2,1,2,1,2,2,2,2,2,1,2,3,2,2,2,2,2,2,2,1,2,2,0,0,0
2008,29,183,1,290457,1,7,2,2,4,2,5,2,1,1,1,2,1,2,2,1,2,2,2,2,2,1,1,1,1,2,2,1,1,2,2,0,0,0
2008,29,95,1,290458,1,7,2,2,1,1,2,1,1,1,1,2,1,2,2,2,1,2,2,2,3,2,2,2,2,2,2,2,2,2,2,0,0,0
2008,29,163,1,290459,1,7,1,2,4,2,3,2,1,2,2,2,1,2,2,1,2,2,1,2,1,2,2,2,2,2,2,2,1,2,2,0,0,0
2008,29,95,1,290460,1,7,2,2,4,2,5,2,1,2,2,2,1,2,2,1,2,2,2,2,1,1,1,1,1,2,2,1,1,1,2,0,0,0
2008,29,9,1,290461,1,7,1,2,1,2,6,2,1,1,2,2,2,2,1,2,2,2,2,2,3,2,2,2,2,2,2,2,2,1,2,0,0,0
2008,29,73,2,290462,1,7,1,2,1,2,3,2,4,2,2,2,2,2,2,1,2,2,1,2,1,2,2,2,2,2,2,2,1,2,2,0,0,0
2008,29,119,1,290463,1,7,1,2,1,1,3,1,4,2,2,2,2,2,2,1,2,2,2,2,1,2,2,2,2,2,2,2,2,1,2,0,0,0
2008,29,9,2,290464,1,7,1,2,4,2,5,2,1,1,2,2,1,2,2,1,2,2,1,2,1,2,2,2,2,2,2,2,1,2,2,0,0,0
2008,29,105,1,290465,1,7,1,2,4,2,5,2,1,2,2,2,1,2,2,1,2,2,2,2,1,2,2,2,2,2,1,1,1,1,2,0,0,0
2008,29,131,2,290466,1,7,1,2,1,1,4,1,4,1,1,2,2,1,2,1,2,2,2,2,2,2,2,2,2,1,2,2,2,2,2,0,0,0
2008,29,225,1,290468,1,7,1,2,1,2,5,2,3,1,1,2,2,2,1,2,2,2,2,2,1,2,2,2,2,2,2,2,1,1,2,0,0,0
2008,29,203,2,290469,1,7,1,2,4,2,3,2,1,2,1,2,1,2,2,2,2,2,2,2,3,2,2,2,2,2,2,2,1,2,2,0,0,0
2008,29,95,1,290470,1,7,2,1,1,2,1,2,1,2,1,2,1,2,2,2,1,2,2,2,3,2,2,2,2,2,2,2,2,2,2,0,0,0
2008,29,23,1,290471,1,7,1,2,1,2,3,3,2,2,1,2,2,1,2,2,2,2,2,2,2,2,2,2,2,2,2,2,2,2,1,0,0,0
2008,29,9,2,290472,1,7,1,2,1,2,5,3,4,2,1,2,2,2,1,1,2,2,1,2,3,1,1,1,1,2,1,1,2,2,2,0,0,0
2008,29,189,1,290473,1,7,2,1,1,2,1,3,4,1,1,2,2,2,2,1,2,2,2,2,3,2,2,2,2,2,2,2,2,2,2,0,0,0
2008,29,29,2,290474,1,7,1,2,1,1,3,1,4,1,1,2,2,1,2,2,2,2,2,2,3,2,2,2,2,2,1,1,2,1,2,0,0,0
2008,29,71,1,290475,1,7,2,1,3,2,1,2,1,2,1,2,1,2,2,1,2,2,2,2,3,2,2,2,2,2,2,2,1,2,2,0,0,0
2008,29,15,1,290476,1,7,1,2,4,2,3,2,1,2,1,2,1,2,1,1,2,2,2,2,2,2,2,2,2,2,2,2,1,2,2,0,0,0
2008,29,209,1,290477,1,7,1,2,4,2,4,2,1,2,2,2,1,2,2,2,2,2,2,2,2,2,2,2,2,2,2,2,1,2,2,0,0,0
2008,29,155,1,290478,1,7,1,2,4,2,5,2,1,1,1,2,1,2,1,2,2,2,2,2,3,2,2,2,2,2,2,2,1,2,2,0,0,0
2008,29,51,1,290479,1,7,1,2,1,2,3,2,2,2,2,2,2,2,2,1,2,2,1,2,1,2,2,2,2,2,2,2,2,2,2,0,0,0
2008,29,99,1,290480,1,7,2,2,4,2,2,2,1,2,2,2,1,2,2,1,2,2,1,2,1,2,2,2,2,2,2,2,1,2,2,0,0,0
2008,29,165,1,290481,1,7,1,2,4,2,6,2,1,1,2,2,1,2,1,1,2,2,2,2,2,2,2,2,2,2,2,2,1,2,2,0,0,0
2008,29,95,1,290482,1,7,2,2,1,1,2,1,4,1,2,2,2,2,1,2,2,2,2,2,2,1,1,1,1,1,2,1,2,2,2,0,0,0
2008,29,223,1,290483,1,7,1,2,4,2,3,2,1,1,2,2,1,2,1,2,2,2,2,2,3,2,2,2,2,2,2,2,1,2,2,0,0,0
2008,29,119,2,290484,1,7,1,2,1,2,5,2,1,2,2,2,1,2,2,1,2,2,1,2,1,2,2,2,2,2,2,2,1,2,2,0,0,0
2008,29,145,1,290485,1,7,1,2,4,2,5,2,1,1,1,2,1,2,2,1,2,2,1,2,2,2,2,2,2,2,2,2,1,2,2,0,0,0
2008,29,9,1,290486,1,7,1,2,4,2,5,2,1,2,1,2,1,2,2,1,2,2,1,2,2,1,1,1,1,2,2,1,1,1,2,0,0,0
2008,29,225,1,290487,1,7,1,2,1,1,3,1,4,1,1,2,2,2,2,2,2,2,2,2,1,2,2,2,2,1,1,1,2,1,2,0,0,0
2008,29,163,1,290488,1,7,1,2,4,2,4,2,1,3,1,2,1,2,2,2,2,2,1,2,2,2,2,2,2,2,1,1,1,2,2,0,0,0
2008,29,187,1,290489,1,7,1,2,4,2,6,2,1,2,1,2,1,2,2,1,2,2,2,2,3,2,2,2,2,2,2,2,1,2,2,0,0,0
2008,29,1,1,290490,1,7,1,2,1,2,5,2,2,1,2,2,1,2,2,2,2,2,2,2,3,2,2,2,2,2,2,2,2,1,2,0,0,0
2008,29,189,1,290491,1,7,2,1,1,2,1,2,1,2,2,2,3,2,1,2,2,2,2,2,1,2,2,2,2,2,1,1,2,2,2,0,0,0
2008,29,510,1,290492,1,7,2,2,4,2,3,2,1,2,1,2,1,2,1,2,2,2,2,2,1,2,2,2,2,2,2,2,1,2,2,0,0,0
2008,29,99,1,290493,1,7,1,2,4,2,4,2,1,1,1,2,1,1,2,2,2,2,1,2,2,2,2,2,2,2,2,2,1,1,2,0,0,0
2008,29,33,1,290494,1,7,1,2,1,2,5,2,1,1,1,2,1,2,2,2,2,2,1,2,3,1,1,1,1,2,2,1,2,2,2,0,0,0
2008,29,23,1,290495,1,7,1,2,1,2,6,2,2,2,2,2,2,2,2,2,2,2,1,2,1,2,2,2,2,2,2,2,2,2,2,0,0,0
2008,29,139,1,290496,1,7,1,2,1,1,4,1,4,1,2,2,3,2,2,2,2,2,1,2,3,2,2,2,2,1,2,2,2,2,2,0,0,0
2008,29,127,1,290497,1,7,1,2,2,2,3,2,1,1,2,2,1,2,2,1,2,2,1,2,1,2,2,2,2,2,2,2,1,2,2,0,0,0
2008,29,55,1,290498,1,7,1,1,4,2,1,2,1,1,2,2,1,2,2,2,2,2,1,2,2,2,2,2,2,2,2,2,1,1,2,0,0,0
2008,29,15,1,290499,1,7,1,2,4,2,5,2,1,1,2,2,1,2,1,2,2,2,2,2,2,2,2,2,2,2,2,2,1,2,2,0,0,0
2008,29,215,1,290500,1,7,1,2,4,2,4,2,1,1,2,2,1,2,1,1,2,2,2,2,2,2,2,2,2,2,2,2,1,1,2,0,0,0
2008,29,97,3,290501,1,7,2,2,4,2,6,2,1,2,2,2,1,2,2,2,2,2,1,2,3,1,1,1,1,2,2,1,1,2,2,0,0,0
2008,29,183,1,290503,1,7,2,2,1,1,4,1,4,1,1,2,2,2,1,2,2,2,2,2,2,2,2,2,2,2,2,2,2,2,2,0,0,0
2008,29,185,1,290504,1,7,2,2,1,2,6,2,3,1,1,2,2,2,2,2,2,2,2,2,3,2,2,2,2,1,2,2,1,1,2,0,0,0
2008,29,19,1,290505,1,7,1,2,1,1,3,1,4,1,1,2,2,1,2,2,2,2,1,2,2,2,2,2,2,2,2,2,2,2,2,0,0,0
2008,29,99,1,290506,1,7,1,2,4,2,6,2,1,1,1,2,1,2,2,1,2,2,2,2,3,1,2,1,2,2,2,2,1,2,2,0,0,0
2008,29,95,1,290507,1,7,2,1,1,2,1,2,1,2,1,2,2,2,2,2,1,2,2,2,1,1,1,1,1,2,1,1,2,2,2,0,0,0
2008,29,77,1,290508,1,7,1,2,4,2,6,2,1,2,1,2,1,2,2,1,2,2,1,2,1,2,2,2,2,2,2,2,1,2,2,0,0,0
2008,29,139,1,290509,1,7,1,1,4,2,1,2,1,1,1,2,1,2,2,1,2,2,1,2,2,1,1,1,1,2,2,1,1,2,2,0,0,0
2008,29,3,1,290510,1,7,1,2,1,2,6,3,1,1,1,2,1,2,2,2,2,2,2,2,2,2,2,2,2,2,2,2,2,1,2,0,0,0
2008,29,19,1,290511,1,7,1,1,1,2,1,2,3,2,2,2,2,1,2,2,2,2,2,2,1,2,2,2,2,2,2,2,2,2,2,0,0,0
2008,29,47,1,290512,1,7,2,2,3,2,2,2,1,2,2,2,1,2,2,2,2,2,1,2,1,2,2,2,2,1,2,2,1,1,2,0,0,0
2008,29,181,2,290513,1,7,1,2,4,2,5,2,1,1,2,2,1,2,2,1,2,2,1,2,3,2,2,2,2,2,2,2,1,2,2,0,0,0
2008,29,95,1,290514,1,7,2,2,1,2,6,2,3,1,2,2,2,2,2,1,2,2,1,1,3,1,1,1,1,2,2,1,1,2,2,0,0,0
2008,29,119,1,290515,1,7,1,2,4,2,6,2,1,1,2,2,1,2,2,1,2,2,1,2,1,2,2,2,2,2,2,2,1,2,2,0,0,0
2008,29,213,1,290516,1,7,2,2,1,2,4,3,4,2,2,2,2,2,1,2,2,2,2,2,1,2,2,2,2,2,2,2,1,2,2,0,0,0
2008,29,167,1,290517,1,7,1,2,1,2,5,3,4,1,1,2,2,1,2,2,2,2,1,2,3,2,2,2,2,2,2,2,1,2,2,0,0,0
2008,29,97,1,290518,1,7,1,2,1,2,3,2,3,1,1,2,2,2,2,2,2,2,2,2,3,2,2,2,2,1,2,2,2,2,2,0,0,0
2008,29,127,1,290519,1,7,1,2,4,2,5,2,1,2,1,2,1,2,2,1,2,2,1,2,1,2,2,2,2,2,2,2,1,1,2,0,0,0
2008,29,147,1,290520,1,7,1,2,4,2,5,2,1,1,1,2,1,2,2,2,2,2,1,2,3,2,2,2,2,1,2,2,1,2,2,0,0,0
2008,29,97,1,290521,1,7,2,2,1,1,4,1,4,2,1,2,2,2,1,2,2,2,2,2,3,1,1,1,1,2,1,1,2,2,2,0,0,0
2008,29,21,1,290522,1,7,2,2,1,1,5,1,3,1,1,2,2,2,2,2,2,2,2,2,2,2,2,2,2,1,2,2,2,2,2,0,0,0
2008,29,147,1,290523,1,7,1,2,1,2,5,2,2,1,1,2,2,1,2,1,2,2,1,2,2,2,2,2,2,2,2,2,1,2,2,0,0,0
2008,29,213,1,290524,1,7,2,2,4,2,6,2,1,1,1,2,1,2,2,1,2,2,2,2,2,1,1,1,1,2,2,1,1,1,2,0,0,0
2008,29,95,1,290525,1,7,2,2,1,1,4,1,1,2,2,1,1,2,2,2,1,2,2,2,3,2,2,2,2,2,1,1,2,1,2,0,0,0
2008,29,47,1,290526,1,7,2,1,1,2,1,2,3,2,2,2,2,2,2,2,2,2,2,2,1,2,2,2,2,2,1,1,2,2,2,0,0,0
2008,29,99,1,290527,1,7,1,2,4,2,5,2,1,1,2,2,1,2,2,2,2,2,1,2,1,2,2,2,2,1,2,2,1,1,2,0,0,0
2008,29,13,1,290528,1,7,1,2,4,2,5,2,1,1,2,2,1,2,2,2,2,2,1,2,2,2,2,2,2,2,2,2,1,1,2,0,0,0
2008,29,99,1,290529,1,7,2,2,1,2,5,2,4,2,2,2,3,2,1,2,2,2,2,2,3,1,1,1,1,2,2,1,1,1,2,0,0,0
2008,29,165,1,290530,1,7,2,1,1,2,1,3,1,2,2,2,1,2,2,2,1,2,2,2,3,2,2,2,2,2,1,1,2,2,2,0,0,0
2008,29,189,1,290531,1,7,2,1,1,2,1,2,6,1,2,2,2,2,2,2,2,2,2,2,2,2,2,2,2,2,2,2,2,2,2,0,0,0
2008,29,183,2,290532,1,7,2,2,4,2,4,2,1,2,2,2,1,2,2,1,2,2,1,2,1,2,2,2,2,2,1,1,1,1,2,0,0,0
2008,29,89,1,290533,1,7,1,2,1,2,6,2,1,1,2,2,1,2,2,1,2,2,1,2,2,2,2,2,2,2,2,2,1,2,2,0,0,0
2008,29,217,1,290534,1,7,1,2,4,2,5,2,1,1,1,2,1,2,2,2,2,2,1,2,2,2,2,2,2,1,2,2,1,1,2,0,0,0
2008,29,65,1,290535,1,7,1,2,1,2,4,2,1,2,1,2,1,2,2,2,2,2,1,2,3,2,2,2,2,2,2,2,1,2,2,0,0,0
2008,29,77,1,290536,1,7,2,2,1,1,5,1,3,1,1,2,2,2,1,1,2,2,2,2,2,2,2,2,2,2,2,2,2,2,2,0,0,0
2008,29,47,1,290537,1,7,2,2,4,2,6,2,1,1,1,2,1,2,1,1,2,2,2,2,1,2,2,2,2,2,2,2,1,2,2,0,0,0
2008,29,510,1,290538,1,7,2,2,1,2,6,2,1,2,1,1,1,2,2,1,2,2,1,2,3,2,2,2,2,2,2,2,2,2,2,0,0,0
2008,29,165,1,290539,1,7,2,2,4,2,4,3,1,1,1,2,1,2,2,2,1,2,2,2,3,2,2,2,2,2,2,2,2,1,2,0,0,0
2008,29,95,1,290540,1,7,2,2,1,2,2,2,6,1,1,2,2,2,1,2,2,2,2,2,2,2,2,2,2,2,2,2,2,2,2,0,0,0
2008,29,21,1,290541,1,7,1,2,4,2,5,2,1,2,1,2,1,2,2,2,2,2,2,2,1,2,2,2,2,2,2,2,1,2,2,0,0,0
2008,29,161,2,290542,1,7,1,2,4,2,6,2,1,2,1,2,1,2,2,1,2,2,2,2,2,1,1,1,1,2,2,1,1,2,2,0,0,0
2008,29,95,1,290543,1,7,2,2,1,2,4,2,4,1,1,2,2,1,1,1,2,2,2,2,3,2,2,2,2,2,2,2,1,2,2,0,0,0
2008,29,47,1,290544,1,7,2,2,4,2,6,2,1,2,1,2,1,2,2,1,2,2,1,2,1,2,2,2,2,2,1,1,1,2,2,0,0,0
2008,29,47,1,290545,1,7,1,2,1,1,5,1,1,1,1,2,2,2,1,2,2,2,2,2,3,2,2,2,2,2,2,2,2,2,2,0,0,0
2008,29,23,1,290546,1,7,1,2,1,2,6,2,1,2,1,2,1,2,1,2,2,2,2,2,3,2,2,2,2,2,2,2,2,2,2,0,0,0
2008,29,77,2,290547,1,7,2,2,1,1,2,1,6,2,2,2,2,2,1,1,2,2,2,2,1,2,2,2,2,2,2,2,2,2,2,0,0,0
2008,29,71,1,290548,1,7,1,2,1,2,6,2,1,2,2,2,1,2,2,1,2,2,1,2,2,2,2,2,2,2,2,2,1,2,2,0,0,0
2008,29,47,1,290549,1,7,2,2,1,2,2,2,1,2,2,1,1,2,2,2,1,2,2,2,3,2,2,2,2,2,2,2,2,1,2,0,0,0
2008,29,131,1,290550,1,7,1,2,4,2,6,2,1,1,2,1,1,2,2,2,2,2,2,2,1,2,2,2,2,2,2,2,1,1,2,0,0,0
2008,29,119,2,290551,1,7,1,2,4,2,5,2,1,2,2,2,1,2,2,1,2,2,2,2,1,2,2,2,2,2,2,2,1,2,2,0,0,0
2008,29,510,1,290552,1,7,2,2,4,1,4,1,1,2,1,2,1,2,2,2,2,2,2,2,3,2,2,2,2,1,2,2,2,2,2,0,0,0
2008,29,173,2,290553,1,7,1,2,1,2,5,2,3,2,1,2,2,2,2,2,2,2,2,2,3,1,1,1,1,2,2,1,1,1,2,0,0,0
2008,29,95,1,290554,1,7,2,2,1,1,4,1,4,2,1,2,2,2,1,1,2,2,2,2,1,2,2,2,2,2,2,2,2,2,2,0,0,0
2008,29,189,1,290555,1,7,2,2,4,2,4,2,1,2,1,2,1,2,2,1,2,2,1,2,1,2,2,2,2,2,2,2,1,2,2,0,0,0
2008,29,219,1,290556,1,7,1,2,1,2,4,3,4,1,1,2,2,2,2,2,2,2,2,2,3,1,1,1,1,2,2,1,2,2,2,0,0,0
2008,29,119,1,290557,1,7,1,2,4,2,5,2,1,1,1,2,1,2,2,2,2,2,2,2,1,2,2,2,2,2,2,2,1,1,2,0,0,0
2008,29,77,2,290558,1,7,2,2,3,2,2,2,1,2,2,2,3,2,2,1,2,2,2,2,3,2,2,2,2,2,1,1,1,2,2,0,0,0
2008,29,99,1,290559,1,7,1,2,4,2,5,2,1,2,2,2,1,2,2,1,2,2,1,2,1,2,2,1,1,2,2,1,1,2,2,0,0,0
2008,29,61,1,290560,1,7,1,2,1,1,5,1,4,1,2,2,2,1,2,1,2,2,2,2,2,2,2,2,2,1,1,1,2,2,2,0,0,0
2008,29,145,1,290561,1,7,1,2,4,2,6,2,1,2,2,2,1,2,2,2,2,2,1,2,1,2,2,2,2,2,2,2,1,2,2,0,0,0
2008,29,159,1,290562,1,7,2,2,2,2,5,2,1,2,2,2,1,2,2,1,2,2,1,2,1,1,1,1,1,2,2,1,1,2,2,0,0,0
2008,29,95,1,290563,1,7,2,2,1,1,2,1,3,2,2,2,2,2,1,1,2,2,2,2,2,2,2,2,2,2,2,2,2,2,2,0,0,0
2008,29,59,1,290564,1,7,1,2,1,2,3,2,2,2,2,2,2,1,1,1,2,2,1,2,2,2,2,2,2,2,2,2,2,1,2,0,0,0
2008,29,161,1,290565,1,7,2,1,1,2,1,2,4,1,1,2,2,1,2,2,2,2,2,2,2,2,2,2,2,1,2,2,1,2,2,0,0,0
2008,29,189,1,290566,1,7,2,2,1,1,2,1,1,1,1,2,1,2,2,2,1,2,2,2,2,1,1,1,1,2,2,1,2,1,2,0,0,0
2008,29,95,1,290567,1,7,2,2,1,1,4,1,2,2,1,2,3,2,2,1,2,2,2,1,1,2,2,2,2,2,2,2,2,2,2,0,0,0
2008,29,163,1,290568,1,7,1,2,4,2,4,2,1,2,1,2,1,2,1,1,2,2,2,2,1,2,2,2,2,2,2,2,1,1,2,0,0,0
2008,29,183,1,290569,1,7,2,2,4,2,4,2,1,2,1,2,1,2,2,2,2,2,1,2,2,2,2,2,2,2,2,2,1,2,1,0,0,0
2008,29,69,1,290570,1,7,1,2,1,2,5,2,3,1,1,2,2,1,2,2,2,2,2,2,3,1,1,1,1,2,2,1,1,2,2,0,0,0
2008,29,147,1,290571,1,7,1,2,4,2,3,2,1,1,1,2,1,2,2,1,2,2,1,2,2,2,2,2,2,2,2,2,1,2,2,0,0,0
2008,29,21,1,290572,1,7,1,2,2,2,3,2,3,2,1,2,2,2,2,2,2,2,1,2,2,1,1,1,1,2,2,1,1,2,2,0,0,0
2008,29,95,1,290573,1,7,2,2,4,2,4,2,4,2,1,1,1,2,2,1,2,2,2,2,3,2,2,2,2,2,2,2,1,2,2,0,0,0
2008,29,510,1,290574,1,7,2,1,3,2,1,2,1,2,1,2,1,2,1,1,2,2,2,2,3,2,2,2,2,2,2,2,1,2,2,0,0,0
2008,29,189,1,290575,1,7,2,1,4,2,1,3,1,1,1,2,1,2,2,1,2,2,1,2,2,2,2,2,2,2,2,2,1,2,2,0,0,0
2008,29,95,1,290576,1,7,2,2,1,2,3,2,1,2,1,2,1,2,2,2,1,2,2,2,1,2,2,2,2,2,2,2,2,1,2,0,0,0
2008,29,139,1,290577,1,7,1,2,4,2,5,2,1,2,1,2,1,2,2,1,2,2,1,2,1,2,2,2,2,2,2,2,1,2,2,0,0,0
2008,29,147,1,290578,1,7,1,2,1,1,3,1,4,1,1,2,3,2,2,2,2,2,2,2,3,1,1,1,1,1,2,1,2,1,2,0,0,0
2008,29,167,1,290579,1,7,1,2,1,2,5,2,3,1,1,2,2,2,1,2,2,2,2,2,3,2,2,2,2,2,2,2,1,2,2,0,0,0
2008,29,85,1,290580,1,7,1,2,1,2,6,2,3,2,2,2,2,2,2,1,2,2,2,2,1,2,2,2,2,2,1,1,1,2,2,0,0,0
2008,29,57,1,290581,1,7,1,2,4,2,6,2,1,3,2,2,1,2,2,2,2,2,1,2,1,2,2,2,2,2,2,2,1,1,2,0,0,0
2008,29,215,3,290582,1,7,1,2,1,2,3,2,1,2,2,2,2,1,2,1,2,2,1,2,2,2,2,2,2,2,2,2,2,1,2,0,0,0
2008,29,127,1,290583,1,7,1,2,4,2,5,2,1,1,2,2,1,2,2,2,2,2,2,2,2,2,2,2,2,1,2,2,1,2,2,0,0,0
2008,29,189,1,290584,1,7,2,1,4,2,1,2,1,2,2,2,1,2,2,1,2,2,1,2,1,2,2,2,2,2,2,2,1,2,2,0,0,0
2008,29,145,1,290585,1,7,2,2,1,1,3,1,4,1,1,2,2,2,1,2,2,2,2,2,3,2,2,2,2,1,2,2,2,2,2,0,0,0
2008,29,219,1,290586,1,7,1,2,4,2,4,2,1,1,1,2,1,2,1,1,2,2,2,2,2,2,2,2,2,2,2,2,1,2,2,0,0,0
2008,29,95,1,290587,1,7,2,2,4,2,4,2,1,2,1,2,1,2,1,1,2,2,2,2,1,2,2,2,2,2,2,2,1,2,2,0,0,0
2008,29,71,1,290588,1,7,1,2,4,2,5,2,1,2,1,2,1,2,2,2,2,2,1,2,1,1,1,1,1,2,2,1,1,1,1,0,0,0
2008,29,1,1,290589,1,7,1,2,1,2,3,2,4,1,1,2,2,1,2,2,2,2,2,2,2,2,2,2,2,1,2,2,1,2,2,0,0,0
2008,29,71,1,290590,1,7,2,1,4,2,1,2,1,1,1,2,1,2,1,1,2,2,2,2,2,2,2,2,2,2,1,1,2,1,2,0,0,0
2008,29,145,1,290591,1,7,1,2,1,2,4,2,5,1,1,2,2,1,2,2,2,2,2,2,2,2,2,2,2,2,2,2,1,1,2,0,0,0
2008,29,217,1,290592,1,7,1,2,1,2,5,2,3,1,1,2,2,1,2,1,2,2,2,2,3,2,2,2,2,2,1,1,1,2,1,0,0,0
2008,29,99,1,290593,1,7,2,1,4,2,1,3,1,2,1,2,1,2,2,2,2,2,2,2,1,2,2,2,2,1,2,2,1,1,2,0,0,0
2008,29,147,1,290594,1,7,1,2,1,2,4,2,3,1,1,2,2,2,2,2,2,2,2,2,3,2,2,2,2,1,2,2,1,2,2,0,0,0
2008,29,189,1,290595,1,7,2,2,1,1,4,1,1,2,2,2,1,2,2,2,1,2,2,2,3,2,2,2,2,2,2,2,2,2,2,0,0,0
2008,29,95,1,290596,1,7,2,2,1,2,3,2,1,2,2,2,1,2,2,2,1,2,2,2,3,2,2,2,2,2,2,2,2,2,2,0,0,0
2008,29,41,1,290597,1,7,1,2,4,2,5,2,1,2,2,2,1,2,2,2,2,2,1,2,1,2,2,2,2,2,2,2,1,2,2,0,0,0
2008,29,99,1,290598,1,7,2,2,4,2,2,2,1,2,2,2,1,2,2,1,2,2,1,2,1,2,2,2,2,2,1,1,1,2,2,0,0,0
2008,29,163,1,290599,1,7,1,2,4,2,3,2,1,2,2,2,1,2,2,1,2,2,1,2,1,2,2,2,2,2,2,2,1,2,2,0,0,0
2008,29,159,2,290600,1,7,1,2,1,2,3,2,3,2,2,2,2,2,2,2,2,2,2,2,2,2,2,2,2,2,2,2,2,2,2,0,0,0
2008,29,77,1,290601,1,7,2,2,1,2,2,2,4,2,2,2,2,2,2,1,2,2,2,2,1,1,1,1,1,2,1,1,1,2,2,0,0,0
2008,29,37,1,290602,1,7,2,2,1,2,4,2,3,2,1,2,2,2,2,2,2,2,2,2,1,2,2,2,2,1,2,2,1,2,2,0,0,0
2008,29,27,1,290603,1,7,1,2,1,2,5,2,4,1,1,2,2,2,1,2,2,2,2,2,3,2,2,2,2,2,2,2,1,2,2,0,0,0
2008,29,99,1,290604,1,7,1,2,4,2,4,2,1,1,1,2,1,2,2,2,2,2,1,2,1,2,2,2,2,2,2,2,1,1,2,0,0,0
2008,29,37,1,290605,1,7,1,2,4,2,3,2,1,2,1,2,1,2,2,2,2,2,1,2,1,2,2,2,2,2,2,2,1,2,2,0,0,0
2008,29,61,1,290606,1,7,1,1,4,2,1,3,1,3,1,2,1,2,2,2,2,2,1,2,2,2,2,2,2,2,2,2,1,1,2,0,0,0
2008,29,149,1,290607,1,7,1,2,1,2,3,2,2,1,1,2,2,1,2,1,1,2,1,2,3,2,2,2,2,2,2,2,2,1,1,0,0,0
2008,29,43,1,290608,1,7,1,2,4,2,6,2,1,2,1,2,1,2,2,1,2,2,1,2,3,2,2,2,2,2,2,2,1,2,2,0,0,0
2008,29,29,1,290609,1,7,1,2,4,2,3,2,1,2,1,2,1,2,2,1,2,2,1,2,1,2,2,2,2,2,1,1,1,1,2,0,0,0
2008,29,201,1,290610,1,7,1,1,4,2,1,2,1,1,1,2,1,2,2,2,2,2,1,2,2,2,2,2,2,1,2,2,1,1,2,0,0,0
2008,29,73,1,290611,1,7,1,2,4,2,4,2,1,1,1,2,1,2,2,1,2,2,1,2,3,2,2,2,2,2,1,1,1,2,2,0,0,0
2008,29,55,1,290612,1,7,1,2,1,2,4,2,1,2,2,2,1,2,2,2,2,2,1,2,2,1,1,1,1,2,2,1,1,2,2,0,0,0
2008,29,47,1,290613,1,7,2,1,2,2,1,2,1,1,2,2,1,2,2,2,2,2,1,2,2,2,2,2,2,2,2,2,1,2,2,0,0,0
2008,29,219,1,290614,1,7,1,2,1,2,6,2,3,2,2,2,2,2,1,2,2,2,2,2,1,2,2,2,2,2,2,2,1,2,2,0,0,0
2008,29,161,1,290615,1,7,1,2,4,2,6,2,1,1,2,2,1,2,2,1,2,2,1,2,3,2,2,1,1,2,2,1,1,2,2,0,0,0
2008,29,185,1,290616,1,7,1,2,1,1,3,1,4,2,2,2,2,1,2,2,2,2,2,2,1,1,1,1,1,2,2,1,2,1,2,0,0,0
2008,29,95,1,290617,1,7,2,1,1,2,1,2,1,2,2,2,1,2,2,2,1,2,2,2,3,2,2,2,2,2,2,2,2,2,2,0,0,0
2008,29,95,1,290618,1,7,2,2,1,1,2,1,4,1,1,2,2,2,2,1,2,2,2,2,3,2,2,2,2,1,2,2,2,2,2,0,0,0
2008,29,93,1,290619,1,7,1,2,4,2,5,2,1,1,1,2,1,2,2,2,2,2,1,2,3,2,2,2,2,2,1,1,1,2,2,0,0,0
2008,29,510,1,290620,1,7,2,2,1,2,4,2,1,2,2,1,1,2,2,2,1,2,2,2,1,2,2,2,2,2,2,2,2,1,2,0,0,0
2008,29,109,1,290621,1,7,1,1,4,2,1,2,1,2,1,2,1,2,2,2,2,2,1,2,1,2,2,2,2,2,2,2,1,1,2,0,0,0
2008,29,183,1,290622,1,7,2,1,1,2,1,2,5,1,1,2,2,2,2,1,2,2,2,2,3,2,2,2,2,2,2,2,2,1,2,0,0,0
2008,29,201,1,290623,1,7,2,2,4,2,6,2,1,2,1,2,1,2,2,1,2,2,2,2,1,2,2,2,2,2,2,2,1,2,2,0,0,0
2008,29,101,1,290624,1,7,1,2,4,2,6,2,1,1,1,2,1,2,2,1,2,2,1,2,2,2,2,2,2,2,2,2,1,2,2,0,0,0
2008,29,91,1,290625,1,7,1,2,1,1,5,1,5,1,2,2,2,2,1,2,2,2,2,2,3,2,2,1,1,2,2,1,2,2,2,0,0,0
2008,29,105,1,290626,1,7,1,2,4,2,5,2,1,1,2,2,1,2,1,2,2,2,2,2,2,2,2,2,2,2,2,2,1,1,2,0,0,0
2008,29,47,1,290627,1,7,2,2,4,2,4,2,1,1,2,2,1,2,2,1,2,2,2,2,1,2,2,2,2,2,2,2,1,2,2,0,0,0
2008,29,145,1,290628,1,7,1,2,4,2,6,2,1,1,2,2,1,2,1,1,2,2,2,2,3,2,2,2,2,2,2,2,1,2,2,0,0,0
2008,29,189,1,290629,1,7,2,2,1,1,3,1,4,2,2,2,2,1,1,2,2,2,2,2,3,2,2,2,2,2,1,1,2,1,2,0,0,0
2008,29,51,1,290630,1,7,2,2,1,1,4,1,3,2,2,2,2,2,2,2,2,2,2,2,3,2,2,2,2,1,2,2,2,2,2,0,0,0
2008,29,79,1,290631,1,7,1,2,1,2,3,2,3,1,1,2,2,2,2,2,2,2,1,2,2,2,2,2,2,2,1,1,1,2,2,0,0,0
2008,29,145,2,290632,1,7,2,1,1,2,1,2,3,1,1,2,2,2,2,2,2,2,2,2,2,2,2,2,2,1,2,2,2,2,2,0,0,0
2008,29,95,1,290633,1,7,2,2,4,2,2,3,1,2,1,2,1,2,2,2,2,2,1,2,2,2,2,2,2,2,2,2,1,2,2,0,0,0
2008,29,37,1,290634,1,7,1,2,4,2,4,2,1,2,1,2,1,2,2,2,2,2,1,2,1,2,2,2,2,2,1,1,1,2,2,0,0,0
2008,29,161,1,290635,1,7,1,2,1,2,3,2,3,1,1,2,2,2,2,1,2,2,2,2,3,1,1,1,1,2,2,1,1,2,2,0,0,0
2008,29,71,2,290636,1,7,2,2,1,1,3,1,4,1,1,2,2,2,2,2,2,2,2,2,3,2,2,2,2,1,2,2,2,2,2,0,0,0
2008,29,21,1,290637,1,7,1,1,4,2,1,2,1,3,1,2,1,2,2,1,2,2,2,2,3,1,1,1,1,2,2,1,1,2,2,0,0,0
2008,29,97,2,290638,1,7,1,1,1,2,1,2,2,1,1,2,3,1,2,1,2,2,2,2,3,2,2,2,2,2,2,2,2,2,2,0,0,0
2008,29,189,1,290639,1,7,2,1,3,2,1,3,1,2,1,2,1,2,2,1,2,2,2,2,1,2,2,2,2,2,1,1,1,2,2,0,0,0
2008,29,161,1,290640,1,7,1,2,4,1,5,1,1,1,1,2,1,2,2,1,2,2,1,2,2,2,2,2,2,2,2,2,2,2,2,0,0,0
2008,29,201,1,290641,1,7,2,2,1,2,6,3,1,2,1,2,1,2,1,2,2,2,2,2,1,2,2,2,2,1,2,2,1,2,2,0,0,0
2008,29,161,2,290642,1,7,2,2,4,2,4,2,1,2,1,2,1,2,2,1,2,2,1,2,1,2,2,2,2,2,1,1,1,2,2,0,0,0
2008,29,7,1,290643,1,7,1,2,4,2,3,2,1,2,2,2,1,2,2,1,2,2,1,2,1,2,2,2,2,2,2,2,1,2,2,0,0,0
2008,29,47,1,290644,1,7,2,2,4,2,2,2,1,2,2,2,2,2,1,1,2,2,2,2,1,2,2,2,2,2,2,2,1,2,2,0,0,0
2008,29,59,1,290645,1,7,1,2,1,2,3,2,4,1,1,2,2,1,2,2,2,2,2,2,2,2,2,2,2,1,2,2,1,1,2,0,0,0
2008,29,97,1,290646,1,7,1,2,1,2,3,2,2,1,1,2,3,1,2,2,2,2,1,2,2,2,2,2,2,1,1,1,2,2,2,0,0,0
2008,29,101,1,290647,1,7,1,2,1,2,5,2,2,1,1,2,2,1,2,1,2,2,2,2,2,2,2,2,2,2,2,2,2,1,2,0,0,0
2008,29,71,2,290648,1,7,2,2,4,2,2,2,1,1,1,2,1,2,2,1,2,2,2,2,2,2,2,1,1,2,2,1,1,1,2,0,0,0
2008,29,167,1,290649,1,7,1,2,1,1,3,1,4,1,1,2,2,1,2,2,2,2,2,2,3,2,2,2,2,1,2,2,2,2,2,0,0,0
2008,29,133,1,290650,1,7,1,2,1,1,5,1,4,1,1,2,2,1,2,2,2,2,2,2,3,2,2,2,2,1,2,2,2,2,2,0,0,0
2008,29,71,1,290651,1,7,1,2,1,2,3,2,3,1,1,2,2,1,2,2,2,2,2,2,3,2,2,2,2,2,2,2,1,1,2,0,0,0
2008,29,25,1,290652,1,7,1,2,4,2,6,2,1,2,1,2,1,2,2,1,2,2,1,2,1,2,2,1,1,2,2,1,1,2,2,0,0,0
2008,29,37,1,290653,1,7,1,2,1,1,3,1,4,1,1,2,2,2,2,2,2,2,2,2,3,1,1,1,1,2,2,1,2,1,2,0,0,0
2008,29,99,1,290654,1,7,2,2,4,2,4,2,1,1,1,2,1,2,2,2,2,2,2,2,1,2,2,2,2,2,2,2,1,2,2,0,0,0
2008,29,169,1,290655,1,7,1,2,4,2,4,2,1,1,1,2,1,2,1,1,2,2,2,2,3,2,2,2,2,2,2,2,1,2,2,0,0,0
2008,29,47,1,290656,1,7,2,2,1,2,2,2,1,2,2,2,1,2,2,1,1,2,2,2,2,2,2,2,2,2,1,1,2,2,2,0,0,0
2008,29,223,1,290657,1,7,1,2,1,2,5,2,1,2,2,1,1,2,2,1,1,2,2,2,3,2,2,2,2,2,2,2,2,2,2,0,0,0
2008,29,93,1,290658,1,7,1,2,4,2,4,2,1,2,2,2,1,2,2,1,2,2,2,2,3,1,1,1,1,2,2,1,1,2,2,0,0,0
2008,29,7,2,290659,1,7,1,2,1,1,3,1,4,1,2,2,2,2,2,2,2,2,2,2,2,1,1,1,1,1,2,1,2,2,2,0,0,0
2008,29,189,1,290660,1,7,2,1,1,2,1,2,1,1,2,2,1,2,2,2,1,2,2,2,2,2,2,2,2,2,2,2,2,2,2,0,0,0
2008,29,99,1,290661,1,7,2,2,1,2,2,2,1,2,2,2,1,2,2,2,1,2,2,2,2,2,2,2,2,2,2,2,2,2,2,0,0,0
2008,29,223,1,290662,1,7,1,2,4,2,5,2,1,2,2,2,1,2,2,2,2,2,2,2,3,2,2,2,2,2,2,2,1,2,2,0,0,0
2008,29,19,1,290663,1,7,2,2,4,2,2,2,1,2,2,2,1,2,2,2,2,2,1,2,1,2,2,2,2,2,1,1,1,2,2,0,0,0
2008,29,29,1,290664,1,7,1,2,1,2,5,2,2,1,2,2,2,2,2,2,1,2,2,2,3,2,2,2,2,1,2,2,2,2,2,0,0,0
2008,29,165,1,290665,1,7,1,2,1,1,5,1,2,1,2,2,2,2,1,2,2,2,2,2,3,2,2,2,2,2,2,2,2,2,2,0,0,0
2008,29,11,1,290666,1,7,1,2,4,2,4,2,1,1,2,2,1,2,1,1,2,2,2,2,2,2,2,2,2,2,2,2,1,2,2,0,0,0
2008,29,183,1,290667,1,7,1,2,4,2,4,2,1,2,2,2,1,2,2,1,2,2,2,2,1,2,2,2,2,2,2,2,1,2,2,0,0,0
2008,29,37,1,290668,1,7,1,2,1,2,3,2,3,2,2,2,2,2,2,1,2,2,2,2,1,1,1,1,1,2,2,1,1,2,2,0,0,0
2008,29,189,1,290669,1,7,2,1,4,2,1,3,1,2,2,2,1,2,2,1,2,2,1,2,2,2,2,2,2,2,2,2,1,2,2,0,0,0
2008,29,213,1,290670,1,7,1,2,4,2,6,2,1,1,2,2,1,2,2,1,2,2,1,2,3,2,2,2,2,2,2,2,1,2,2,0,0,0
2008,29,99,1,290671,1,7,2,1,3,2,1,3,1,2,2,2,2,2,2,2,2,2,2,2,3,2,2,2,2,1,2,2,1,2,2,0,0,0
2008,29,105,1,290672,1,7,1,1,4,2,1,2,1,1,1,2,1,2,2,2,2,2,1,2,2,2,2,2,2,1,2,2,1,1,2,0,0,0
2008,29,25,1,290673,1,7,1,2,4,2,6,2,1,1,1,2,1,2,2,2,2,2,1,2,3,2,2,2,2,1,2,2,1,1,2,0,0,0
2008,29,59,1,290674,1,7,1,2,4,2,5,2,1,2,1,2,1,2,2,1,2,2,1,2,1,2,2,2,2,2,2,2,1,1,2,0,0,0
2008,29,131,2,290675,1,7,1,2,1,2,3,3,4,2,1,2,2,2,2,2,2,2,2,2,2,2,2,1,1,1,2,1,2,2,2,0,0,0
2008,29,105,2,290676,1,7,1,2,1,1,3,1,3,1,1,2,3,2,2,2,2,2,2,2,3,2,2,2,2,2,1,1,2,1,2,0,0,0
2008,29,101,2,290677,1,7,1,2,1,2,5,2,3,1,1,2,2,2,2,2,2,2,2,2,2,2,2,2,2,2,1,1,1,1,2,0,0,0
2008,29,189,1,290678,1,7,2,1,1,2,1,3,2,2,1,2,3,1,1,1,2,2,2,2,1,2,2,2,2,2,2,2,2,2,2,0,0,0
2008,29,71,1,290679,1,7,2,2,1,2,6,2,3,1,1,2,2,2,1,1,2,2,2,2,2,1,1,1,1,2,2,1,2,2,2,0,0,0
2008,29,203,1,290680,1,7,1,2,1,2,4,2,3,1,1,2,2,1,1,1,2,2,2,2,3,2,2,2,2,1,2,2,1,1,2,0,0,0
2008,29,71,2,290681,1,7,1,2,1,2,3,2,3,2,1,2,2,2,2,2,2,2,2,2,1,2,2,2,2,2,2,2,1,2,2,0,0,0
2008,29,143,1,290682,1,7,1,1,1,2,1,2,2,2,1,2,2,1,2,2,2,2,1,2,3,2,2,2,2,2,2,2,2,1,2,0,0,0
2008,29,27,1,290683,1,7,1,2,4,2,6,2,1,1,1,2,1,2,2,1,2,2,2,2,1,2,2,2,2,2,2,2,1,2,2,0,0,0
2008,29,195,1,290684,1,7,2,2,1,1,2,1,4,1,1,2,2,2,2,2,2,2,2,2,3,2,2,2,2,1,2,2,2,2,2,0,0,0
2008,29,189,1,290685,1,7,2,1,1,2,1,2,6,2,2,2,2,1,1,1,2,2,2,1,3,2,2,2,2,2,2,2,2,2,2,0,0,0
2008,29,113,1,290686,1,7,1,2,4,2,5,2,1,2,2,2,1,2,2,1,2,2,1,2,1,1,1,1,1,2,2,1,1,1,2,0,0,0
2008,29,71,1,290687,1,7,1,1,2,2,1,2,2,1,2,2,2,1,2,2,1,2,2,2,3,2,2,2,2,2,2,2,2,1,2,0,0,0
2008,29,9,1,290688,1,7,2,2,4,2,3,2,1,2,2,2,1,2,2,1,2,2,2,1,2,2,2,2,2,2,1,1,1,2,2,0,0,0
2008,29,95,1,290689,1,7,2,2,3,2,3,2,1,2,2,2,1,2,2,1,2,2,2,2,1,2,2,2,2,2,2,2,1,2,2,0,0,0
2008,29,135,1,290690,1,7,1,2,4,2,5,2,1,2,2,2,1,2,2,2,2,2,2,2,1,2,2,1,1,2,2,1,1,1,2,0,0,0
2008,29,137,1,290691,1,7,1,2,4,2,5,2,1,1,2,2,1,2,2,2,2,2,1,2,2,2,2,2,2,2,2,2,1,1,2,0,0,0
2008,29,99,1,290692,1,7,2,2,4,2,4,2,1,2,2,2,1,2,2,1,2,2,2,2,1,2,2,2,2,2,2,2,1,2,2,0,0,0
2008,29,510,1,290693,1,7,2,2,1,2,5,2,1,2,1,1,1,2,2,1,1,2,2,2,3,2,2,2,2,2,2,2,2,1,2,0,0,0
2008,29,201,3,290694,1,7,1,1,3,2,1,2,1,1,1,2,1,2,2,2,2,2,1,2,2,2,2,2,2,2,2,2,1,1,1,0,0,0
2008,29,77,1,290695,1,7,2,2,1,1,2,1,4,1,1,2,2,2,2,1,2,2,1,2,3,2,2,2,2,2,2,2,2,2,2,0,0,0
2008,29,179,1,290696,1,7,1,2,1,2,5,2,1,1,1,2,1,2,2,1,2,2,1,2,1,2,2,2,2,2,2,2,1,2,2,0,0,0
2008,29,161,1,290697,1,7,1,2,4,2,5,2,1,2,1,2,1,2,2,1,2,2,1,2,1,2,2,2,2,1,2,2,1,1,2,0,0,0
2008,29,37,2,290698,1,7,1,2,1,2,3,2,4,1,1,2,2,1,2,2,2,2,2,2,2,2,2,2,2,2,1,1,1,2,2,0,0,0
2008,29,33,1,290699,1,7,1,2,4,2,5,2,1,2,1,2,1,2,2,2,2,2,1,2,1,2,2,2,2,1,2,2,1,2,2,0,0,0
2008,29,510,1,290700,1,7,2,1,3,2,1,3,1,2,1,2,1,2,2,1,2,2,2,2,3,2,2,2,2,2,2,2,1,2,1,0,0,0
2008,29,29,1,290701,1,7,1,2,4,2,3,2,1,2,1,2,1,2,2,1,2,2,2,2,2,2,2,2,2,2,2,2,1,2,2,0,0,0
2008,29,213,1,290702,1,7,1,2,4,2,5,2,1,3,3,2,1,2,2,2,2,2,1,2,2,2,2,2,2,2,2,2,1,2,2,0,0,0
2008,29,189,1,290703,1,7,2,1,4,2,1,2,1,1,1,2,1,2,2,1,2,2,2,2,2,2,2,2,2,2,2,2,1,2,2,0,0,0
2008,29,77,1,290704,1,7,2,2,1,2,2,2,3,1,1,2,3,2,2,2,2,2,2,2,3,1,1,1,1,2,2,1,1,1,2,0,0,0
2008,29,55,1,290705,1,7,2,2,4,2,6,2,1,2,2,2,1,2,2,2,2,2,1,2,3,2,2,2,2,1,2,2,1,2,2,0,0,0
2008,29,95,1,290706,1,7,2,2,4,2,5,2,1,2,2,2,1,2,2,1,2,2,2,2,2,2,2,2,2,2,2,2,1,1,2,0,0,0
2008,29,165,1,290707,1,7,1,2,4,2,6,2,1,2,1,1,1,2,2,1,1,2,2,2,3,2,2,2,2,2,2,2,1,2,2,0,0,0
2008,29,95,2,290708,1,7,1,2,1,1,3,1,4,2,2,2,2,2,2,1,2,2,1,2,1,1,1,1,1,2,2,1,2,2,2,0,0,0
2008,29,199,2,290709,1,7,1,2,1,1,4,1,4,1,2,2,3,2,2,2,2,2,1,2,3,1,1,1,1,1,2,1,2,1,2,0,0,0
2008,29,197,1,290710,1,7,1,2,1,1,3,1,3,1,2,2,2,2,2,2,2,2,2,2,3,2,2,2,2,1,1,1,2,1,2,0,0,0
2008,29,95,1,290711,1,7,2,2,4,2,5,2,1,2,2,2,1,2,2,1,2,2,1,2,1,2,2,2,2,2,2,2,1,1,2,0,0,0
2008,29,51,1,290712,1,7,1,2,1,1,3,1,4,1,2,2,2,2,2,2,2,2,2,2,2,2,2,2,2,1,2,2,2,1,2,0,0,0
2008,29,95,1,290713,1,7,2,2,4,2,3,3,1,1,2,2,1,2,2,2,2,2,2,2,3,2,2,2,2,1,2,2,2,2,2,0,0,0
2008,29,9,1,290714,1,7,1,2,1,2,6,3,4,1,2,2,2,2,2,1,2,2,2,2,1,1,1,1,1,2,2,1,1,2,2,0,0,0
2008,29,131,1,290715,1,7,1,2,1,1,5,1,4,2,2,2,2,2,2,2,2,2,2,2,1,1,1,1,1,2,2,1,2,2,2,0,0,0
2008,29,95,1,290716,1,7,2,2,1,2,2,3,1,2,2,2,1,2,1,2,2,2,2,2,2,2,2,2,2,2,2,2,2,2,2,0,0,0
2008,29,181,1,290717,1,7,1,2,2,2,4,2,1,2,1,2,1,2,2,2,1,2,2,2,2,2,2,2,2,2,2,2,1,1,2,0,0,0
2008,29,95,1,290718,1,7,2,2,1,2,3,2,3,2,1,2,2,2,2,1,2,2,2,2,3,2,2,2,2,2,2,2,1,1,2,0,0,0
2008,29,23,1,290719,1,7,2,2,1,2,5,2,1,2,1,2,1,2,2,2,1,2,2,2,2,2,2,2,2,2,2,2,2,2,2,0,0,0
2008,29,183,2,290720,1,7,1,2,1,2,4,2,3,2,1,2,3,2,2,2,2,2,2,2,1,2,2,2,2,1,2,2,1,2,2,0,0,0
2008,29,53,2,290721,1,7,2,1,1,2,1,3,2,2,1,2,2,1,2,1,2,2,1,2,2,2,2,2,2,2,2,2,2,2,2,0,0,0
2008,29,91,1,290722,1,7,1,2,1,2,3,2,1,1,1,2,1,2,2,1,2,2,1,2,2,2,2,2,2,2,2,2,2,2,2,0,0,0
2008,29,19,1,290723,1,7,1,2,4,2,4,2,1,1,1,2,1,2,2,1,2,2,2,2,2,2,2,2,2,2,2,2,1,1,2,0,0,0
2008,29,7,1,290724,1,7,2,2,4,1,4,1,1,2,1,2,1,2,2,2,2,2,1,2,1,2,2,2,2,2,1,1,2,2,1,0,0,0
2008,29,155,1,290725,1,7,2,2,1,1,2,1,1,1,1,2,1,2,2,2,1,2,2,2,3,2,2,2,2,1,2,2,2,1,2,0,0,0
2008,29,99,1,290726,1,7,1,2,4,2,5,2,1,2,2,2,1,2,2,2,2,2,1,2,1,2,2,2,2,2,2,2,1,2,2,0,0,0
2008,29,115,1,290727,1,7,1,2,4,2,6,2,1,2,2,2,1,2,2,1,2,2,1,2,1,2,2,2,2,2,2,2,1,2,2,0,0,0
2008,29,77,1,290728,1,7,2,2,1,2,2,2,1,2,2,2,3,2,2,2,1,2,2,2,2,2,2,2,2,2,1,1,2,2,2,0,0,0
2008,29,510,1,290729,1,7,2,2,4,1,6,1,1,2,2,2,1,2,2,1,2,2,2,2,3,1,1,1,1,2,2,1,2,2,2,0,0,0
2008,29,33,1,290730,1,7,1,2,4,2,5,2,1,2,2,2,1,2,2,1,2,2,1,2,2,2,2,1,1,2,2,1,1,2,2,0,0,0
2008,29,189,1,290731,1,7,2,1,4,2,1,3,1,1,2,2,1,2,2,1,2,2,2,1,1,2,2,2,2,2,2,2,1,2,2,0,0,0
2008,29,29,1,290732,1,7,1,2,4,2,5,2,1,1,2,2,1,2,2,1,2,2,1,2,1,2,2,1,1,2,2,1,1,2,2,0,0,0
2008,29,127,1,290733,1,7,2,2,3,2,2,2,1,2,2,2,1,2,2,2,2,2,1,2,2,2,2,2,2,2,2,2,1,1,2,0,0,0
2008,29,7,1,290734,1,7,1,2,1,2,3,2,2,1,1,2,3,1,2,2,2,2,2,2,3,2,2,2,2,2,1,1,2,1,2,0,0,0
2008,29,141,1,290735,1,7,1,2,4,2,6,2,1,1,1,2,1,2,2,1,2,2,1,2,1,2,2,2,2,2,2,2,1,2,2,0,0,0
2008,29,155,1,290736,1,7,1,2,1,2,5,2,1,1,1,2,1,2,2,2,1,2,2,2,2,2,2,2,2,2,2,2,2,2,2,0,0,0
2008,29,109,1,290737,1,7,1,2,1,2,4,2,3,2,1,2,2,2,2,2,2,2,2,2,2,1,1,1,1,2,2,1,1,1,2,0,0,0
2008,29,37,1,290738,1,7,2,2,4,2,4,2,1,1,1,2,1,2,2,1,2,2,1,2,2,1,1,1,1,2,2,1,1,2,2,0,0,0
2008,29,95,1,290739,1,7,2,2,1,1,4,1,1,2,1,1,1,2,2,1,1,2,2,2,3,2,2,2,2,2,1,1,2,2,2,0,0,0
2008,29,77,1,290740,1,7,1,1,3,2,1,2,1,2,1,2,1,2,2,2,2,2,1,2,2,2,2,2,2,2,2,2,1,2,1,0,0,0
2008,29,71,1,290741,1,7,1,2,1,1,4,1,3,1,1,2,3,2,2,2,2,2,2,2,3,1,1,1,1,2,2,1,2,2,2,0,0,0
2008,29,3,1,290742,1,7,1,2,2,2,3,2,1,2,1,2,1,1,2,2,2,2,2,2,3,2,2,2,2,1,2,2,1,2,2,0,0,0
2008,29,189,1,290743,1,7,2,1,4,2,1,3,1,2,1,2,1,2,2,2,2,2,2,2,2,2,2,2,2,2,2,2,1,2,2,0,0,0
2008,29,149,1,290744,1,7,1,2,4,2,4,2,1,2,2,2,1,2,2,2,2,2,1,2,1,2,2,2,2,2,2,2,1,2,2,0,0,0
2008,29,19,1,290745,1,7,2,2,4,2,6,2,1,2,2,2,1,2,2,1,2,2,1,2,1,2,2,2,2,2,2,2,1,2,2,0,0,0
2008,29,21,1,290746,1,7,2,2,1,1,2,1,4,1,2,2,2,2,2,1,2,2,1,2,2,2,2,2,2,2,2,2,2,2,2,0,0,0
2008,29,185,1,290747,1,7,1,2,4,2,3,2,1,1,2,2,1,2,2,1,2,2,1,2,3,2,2,2,2,2,2,2,1,2,2,0,0,0
2008,29,183,1,290748,1,7,2,1,1,2,1,3,1,2,2,2,1,2,2,2,1,2,2,2,2,2,2,2,2,2,2,2,2,2,2,0,0,0
2008,29,131,1,290749,1,7,1,2,4,2,3,2,1,2,1,2,1,2,2,1,2,2,2,2,2,1,1,1,1,2,2,1,1,2,2,0,0,0
2008,29,9,1,290750,1,7,1,2,4,2,5,2,1,2,1,2,1,2,2,1,2,2,2,2,3,2,2,2,2,2,2,2,1,2,2,0,0,0
2008,29,83,1,290751,1,7,1,2,1,2,6,2,1,1,1,2,1,2,2,2,2,2,1,2,3,2,2,2,2,2,2,2,1,2,2,0,0,0
2008,29,95,1,290752,1,7,2,2,1,2,2,2,2,2,1,2,2,2,2,1,2,2,1,2,1,2,2,2,2,2,1,1,2,2,2,0,0,0
2008,29,17,1,290753,1,7,1,2,4,2,3,2,1,2,1,2,1,2,2,1,2,2,1,2,2,1,1,1,1,2,2,1,1,2,2,0,0,0
2008,29,225,1,290754,1,7,1,2,1,1,3,1,4,1,1,2,2,2,2,2,2,2,2,2,3,2,2,2,2,1,2,2,2,2,2,0,0,0
2008,29,189,1,290755,1,7,2,2,4,2,5,2,1,2,1,2,1,2,1,1,2,2,2,2,1,2,2,2,2,2,2,2,1,2,2,0,0,0
2008,29,97,1,290756,1,7,1,1,4,2,1,3,1,1,1,2,2,1,2,1,2,2,1,2,3,2,2,2,2,2,2,2,1,1,2,0,0,0
2008,29,155,1,290757,1,7,1,2,1,1,4,1,4,1,1,2,2,2,2,2,2,2,1,2,3,2,2,2,2,2,2,2,2,1,2,0,0,0
2008,29,99,1,290758,1,7,2,1,3,2,1,2,1,1,1,2,1,2,2,1,2,2,1,2,2,2,2,2,2,2,2,2,1,2,2,0,0,0
2008,29,43,1,290759,1,7,1,2,4,2,3,2,1,1,1,2,1,2,2,2,2,2,2,2,3,2,2,2,2,2,2,2,1,2,2,0,0,0
2008,29,19,1,290760,1,7,1,2,1,1,3,1,4,1,1,2,3,2,2,2,2,2,1,2,1,2,2,2,2,1,2,2,2,2,2,0,0,0
2008,29,115,1,290761,1,7,1,2,1,1,5,1,4,1,1,2,2,2,2,2,2,2,2,2,3,2,2,2,2,2,2,2,2,2,2,0,0,0
2008,29,19,1,290762,1,7,1,2,4,2,6,2,1,2,2,2,1,2,2,2,2,2,1,2,1,2,2,2,2,2,2,2,1,2,2,0,0,0
2008,29,21,1,290763,1,7,1,2,4,2,5,2,1,1,2,1,1,2,2,1,2,2,1,2,1,2,2,2,2,2,2,2,1,2,2,0,0,0
2008,29,91,1,290764,1,7,1,2,4,2,5,2,1,1,2,2,1,2,2,2,2,2,2,2,2,2,2,2,2,1,2,2,1,1,2,0,0,0
2008,29,127,1,290765,1,7,1,2,4,2,5,2,1,1,1,2,1,2,2,2,2,2,2,2,2,2,2,2,2,2,2,2,1,2,2,0,0,0
2008,29,139,2,290766,1,7,1,2,1,2,6,2,3,1,1,2,2,1,2,2,2,2,2,2,3,2,2,2,2,2,2,2,1,2,2,0,0,0
2008,29,71,1,290767,1,7,1,2,4,2,4,2,1,1,1,2,1,2,2,1,2,2,2,2,2,2,2,2,2,1,2,2,1,2,2,0,0,0
2008,29,510,3,290768,1,7,2,2,1,2,2,2,3,2,1,2,2,2,2,1,2,2,1,2,1,2,2,2,2,2,2,2,1,2,2,0,0,0
2008,29,217,2,290769,1,7,1,2,1,2,3,2,3,2,1,2,2,2,2,2,2,2,1,2,2,1,1,1,1,1,2,1,2,2,2,0,0,0
2008,29,147,2,290770,1,7,1,2,1,2,3,2,3,2,1,2,2,2,2,1,2,2,1,2,2,2,2,2,2,2,1,1,1,2,2,0,0,0
2008,29,155,1,290771,1,7,1,1,3,2,1,2,1,2,1,2,1,2,2,2,2,2,1,2,1,2,2,2,2,2,1,1,1,2,2,0,0,0
2008,29,169,1,290772,1,7,1,2,1,2,4,2,1,2,1,2,1,2,1,2,2,2,2,2,3,2,2,2,2,2,2,2,1,1,2,0,0,0
2008,29,510,1,290773,1,7,2,1,3,2,1,2,1,2,1,2,1,2,2,1,2,2,2,2,2,2,2,2,2,2,2,2,1,2,2,0,0,0
2008,29,161,1,290774,1,7,1,2,2,2,4,2,1,1,1,2,1,2,2,2,2,2,1,2,3,2,2,2,2,2,2,2,1,1,2,0,0,0
2008,29,189,1,290775,1,7,2,1,4,2,1,2,1,2,1,2,1,2,2,1,2,2,1,2,1,2,2,2,2,2,2,2,1,2,2,0,0,0
2008,29,185,1,290776,1,7,1,2,4,2,5,2,1,1,2,2,1,2,2,2,2,2,2,2,3,2,2,2,2,2,2,2,1,2,2,0,0,0
2008,29,510,2,290777,1,7,2,1,1,1,1,1,3,2,2,2,2,2,2,1,2,2,2,1,3,1,1,1,1,2,1,1,2,2,2,0,0,0
2008,29,99,1,290778,1,7,1,1,4,2,1,2,1,1,2,2,1,2,2,2,2,2,1,2,2,2,2,2,2,2,2,2,1,1,2,0,0,0
2008,29,123,1,290779,1,7,1,2,4,2,3,2,1,1,2,2,1,2,2,1,2,2,1,2,2,2,2,2,2,2,2,2,1,2,2,0,0,0
2008,29,83,1,290780,1,7,2,2,1,1,2,1,4,2,2,2,2,1,2,2,2,2,2,2,3,2,2,2,2,2,2,2,2,2,2,0,0,0
2008,29,165,1,290781,1,7,2,2,4,1,6,1,1,2,2,2,1,2,2,1,2,2,1,2,1,2,2,2,2,2,2,2,2,2,2,0,0,0
2008,29,27,1,290782,1,7,2,2,1,2,2,2,4,1,1,2,2,1,2,1,2,2,2,2,3,2,2,2,2,2,2,2,1,2,2,0,0,0
2008,29,47,1,290783,1,7,2,1,1,2,1,3,2,1,1,2,3,2,2,2,2,2,2,2,3,2,2,2,2,2,1,1,2,2,2,0,0,0
2008,29,19,1,290784,1,7,1,1,1,2,1,2,1,2,1,2,1,2,2,2,2,2,1,2,2,2,2,2,2,1,2,2,1,2,2,0,0,0
2008,29,91,1,290785,1,7,1,2,4,2,6,2,1,1,1,2,1,2,1,1,2,2,2,2,3,2,2,2,2,2,2,2,1,2,2,0,0,0
2008,29,13,1,290786,1,7,1,2,3,2,3,2,1,2,1,2,1,2,2,2,2,2,1,2,2,2,2,2,2,2,2,2,1,1,2,0,0,0
2008,29,107,1,290787,1,7,1,2,1,1,3,1,4,1,1,2,2,2,2,2,2,2,2,2,3,2,2,2,2,2,1,1,2,2,2,0,0,0
2008,29,145,1,290788,1,7,2,2,4,2,6,2,1,1,1,2,1,2,2,1,2,2,1,2,3,2,2,2,2,2,2,2,1,2,2,0,0,0
2008,29,109,1,290789,1,7,1,2,4,2,6,2,1,3,1,2,1,2,2,2,2,2,1,2,1,2,2,2,2,2,2,2,1,2,2,0,0,0
2008,29,175,1,290790,1,7,1,2,4,2,3,2,1,1,1,2,1,2,2,2,2,2,1,2,2,2,2,2,2,1,2,2,1,1,2,0,0,0
2008,29,105,1,290791,1,7,1,2,4,2,3,2,1,2,1,2,1,2,2,1,2,2,2,1,3,2,2,2,2,2,2,2,1,2,2,0,0,0
2008,29,189,1,290792,1,7,2,2,1,1,2,1,4,1,1,2,2,1,2,2,2,2,2,2,2,2,2,2,2,2,2,2,2,1,2,0,0,0
2008,29,15,1,290793,1,7,1,2,1,2,3,2,4,1,1,2,3,1,2,2,2,2,2,2,2,2,2,2,2,2,1,1,1,1,2,0,0,0
2008,29,29,2,290794,1,7,1,2,1,2,5,2,1,1,1,2,1,2,2,2,1,2,2,2,2,2,2,2,2,2,2,2,2,2,2,0,0,0
2008,29,113,1,290795,1,7,1,2,4,2,5,2,1,2,2,2,1,2,2,1,2,2,2,2,2,1,1,1,1,2,2,1,1,1,2,0,0,0
2008,29,95,1,290797,1,7,2,2,4,2,6,2,1,1,2,2,1,2,2,2,2,2,2,2,2,2,2,2,2,1,2,2,1,2,2,0,0,0
2008,29,31,1,290798,1,7,2,2,4,2,5,2,1,2,2,2,1,2,2,2,2,2,1,2,1,1,1,1,1,2,2,1,1,2,2,0,0,0
2008,29,43,1,290799,1,7,1,2,1,2,3,2,4,1,1,2,2,2,2,2,2,2,2,2,3,2,2,2,2,2,1,1,1,1,2,0,0,0
2008,29,99,1,290800,1,7,2,2,1,1,2,1,4,1,1,2,3,2,2,2,2,2,2,2,2,2,2,2,2,2,2,2,2,1,2,0,0,0
2008,29,219,1,290801,1,7,1,2,1,2,4,2,1,1,1,2,3,2,2,2,2,2,1,2,3,2,2,2,2,1,2,2,1,2,2,0,0,0
2008,29,77,1,290802,1,7,2,2,1,2,2,2,4,1,1,2,2,1,2,1,2,2,2,2,2,2,2,1,1,2,2,1,1,2,2,0,0,0
2008,29,177,1,290803,1,7,2,2,1,2,2,2,4,1,1,2,2,2,2,1,2,2,2,2,3,2,2,2,2,2,2,2,1,2,2,0,0,0
2008,29,175,1,290804,1,7,1,2,1,1,3,1,4,1,1,2,2,2,2,2,2,2,2,2,3,2,2,2,2,1,2,2,2,2,2,0,0,0
2008,29,67,1,290805,1,7,1,2,1,2,5,2,3,1,1,2,2,2,2,2,2,2,2,2,3,2,2,2,2,1,2,2,1,1,2,0,0,0
2008,29,185,1,290806,1,7,1,2,4,2,4,2,1,1,1,2,1,2,2,1,2,2,1,2,3,2,2,2,2,1,2,2,1,2,2,0,0,0
2008,29,189,1,290807,1,7,2,1,1,2,1,2,4,1,1,2,2,2,2,1,2,2,1,2,3,2,2,2,2,1,2,2,2,2,2,0,0,0
2008,29,97,1,290808,1,7,2,2,1,1,4,1,1,2,1,2,1,2,2,2,2,1,2,2,2,2,2,2,2,2,2,2,2,2,2,0,0,0
2008,29,510,1,290809,1,7,2,2,1,1,4,1,3,2,1,2,2,2,2,1,2,2,2,2,1,2,2,1,1,2,2,1,2,2,2,0,0,0
2008,29,127,1,290810,1,7,2,2,1,1,4,1,1,1,1,2,1,1,2,2,1,2,2,2,2,2,2,2,2,2,2,2,2,2,2,0,0,0
2008,29,183,1,290811,1,7,2,2,1,1,2,1,4,2,2,2,3,2,2,2,2,2,2,2,3,2,2,2,2,2,2,2,2,1,2,0,0,0
2008,29,47,1,290812,1,7,1,2,1,2,6,2,1,2,2,2,1,2,2,1,2,2,1,2,3,1,1,1,1,2,2,1,1,2,2,0,0,0
2008,29,99,1,290813,1,7,1,2,4,2,5,2,1,2,2,2,1,2,2,2,2,2,2,2,1,2,2,2,2,2,2,2,1,2,2,0,0,0
2008,29,53,1,290814,1,7,1,2,4,2,6,2,1,2,2,2,1,2,2,1,2,2,1,2,2,1,1,1,1,2,2,1,1,1,2,0,0,0
2008,29,69,1,290815,1,7,2,2,1,1,2,1,4,1,2,2,2,2,2,2,2,2,2,2,3,2,2,2,2,1,2,2,2,2,2,0,0,0
2008,29,47,1,290816,1,7,1,2,4,2,5,2,1,2,2,2,1,2,1,1,2,2,2,2,1,2,2,2,2,2,2,2,1,2,2,0,0,0
2008,29,157,1,290817,1,7,1,2,4,2,4,2,1,2,2,2,1,2,2,2,2,2,1,2,3,2,2,2,2,2,2,2,1,1,2,0,0,0
2008,29,9,1,290818,1,7,1,2,4,2,5,2,1,2,2,2,1,2,2,2,2,2,2,2,1,2,2,2,2,2,1,1,1,1,2,0,0,0
2008,29,223,1,290819,1,7,1,2,4,2,3,2,1,2,2,2,1,2,2,2,2,2,2,2,3,1,1,1,1,2,2,1,1,2,2,0,0,0
2008,29,47,3,290820,1,7,1,2,4,2,3,2,1,3,3,2,1,2,2,2,2,2,1,2,1,1,1,1,1,2,2,1,1,2,1,0,0,0
2008,29,143,1,290821,1,7,2,2,1,2,2,2,4,1,1,2,2,1,2,1,2,2,2,2,3,2,2,2,2,2,2,2,1,2,2,0,0,0
2008,29,23,1,290822,1,7,1,2,1,2,3,2,3,1,1,2,2,2,2,1,2,2,2,2,2,2,2,2,2,2,2,2,1,2,2,0,0,0
2008,29,13,1,290823,1,7,1,2,1,2,3,2,4,1,1,2,2,1,2,1,2,2,1,2,2,2,2,2,2,1,2,2,1,2,2,0,0,0
2008,29,99,1,290824,1,7,2,1,3,2,1,2,1,2,1,2,1,2,2,1,2,2,1,2,2,2,2,2,2,2,2,2,1,2,2,0,0,0
2008,29,189,1,290825,1,7,2,2,1,2,4,2,1,1,1,2,1,2,2,2,1,2,2,2,2,2,2,2,2,2,2,2,2,1,2,0,0,0
2008,29,27,1,290826,1,7,2,2,4,2,2,2,1,2,1,2,1,2,2,1,2,2,1,2,2,2,2,2,2,1,2,2,1,2,2,0,0,0
2008,29,213,1,290827,1,7,1,2,4,2,6,2,1,2,1,2,1,2,2,1,2,2,1,2,3,2,2,2,2,2,2,2,1,2,2,0,0,0
2008,29,510,1,290828,1,7,2,2,1,1,3,1,4,1,1,2,2,2,2,2,2,2,2,2,2,2,2,2,2,2,2,2,2,1,2,0,0,0
2008,29,29,1,290829,1,7,1,2,1,2,3,2,3,2,2,2,2,2,2,2,2,2,2,2,1,2,2,2,2,2,2,2,1,2,2,0,0,0
2008,29,510,1,290830,1,7,2,2,4,2,4,2,1,2,2,2,1,2,2,1,2,2,1,2,1,1,1,1,1,2,2,1,1,1,2,0,0,0
2008,29,165,1,290831,1,7,2,1,3,2,1,2,1,2,2,2,1,2,2,1,2,2,2,2,1,2,2,2,2,2,1,1,1,2,2,0,0,0
2008,29,47,3,290832,1,7,2,2,1,2,2,2,2,2,2,2,2,2,2,2,2,2,2,2,2,1,1,1,1,2,2,1,2,2,2,0,0,0
2008,29,221,1,290833,1,7,1,2,4,2,5,2,1,1,1,2,1,2,2,2,2,2,2,2,3,2,2,2,2,2,2,2,1,1,2,0,0,0
2008,29,1,1,290834,1,7,1,2,1,1,3,1,4,2,1,2,2,2,2,2,2,2,2,2,3,2,2,2,2,1,2,2,2,2,2,0,0,0
2008,29,47,2,290835,1,7,1,1,1,2,1,2,4,1,1,2,2,2,2,1,2,2,2,2,2,2,2,1,1,2,2,1,1,2,2,0,0,0
2008,29,219,1,290836,1,7,1,1,1,2,1,2,6,1,1,2,2,1,2,1,1,2,2,2,3,2,2,2,2,2,2,2,2,2,2,0,0,0
2008,29,161,1,290837,1,7,1,2,4,2,3,2,1,1,1,2,1,2,2,1,2,2,2,2,3,2,2,2,2,2,2,2,1,2,2,0,0,0
2008,29,215,1,290838,1,7,1,2,1,2,3,2,3,1,1,2,3,1,2,1,2,2,1,2,2,2,2,2,2,2,1,1,1,2,2,0,0,0
2008,29,145,1,290839,1,7,2,2,1,1,3,1,4,1,1,2,2,2,2,2,2,2,2,2,3,2,2,2,2,1,2,2,2,2,2,0,0,0
2008,29,141,1,290840,1,7,1,2,1,2,4,2,3,1,1,2,2,2,2,1,2,2,1,2,3,2,2,2,2,2,2,2,1,2,2,0,0,0
2008,29,99,1,290841,1,7,2,2,1,2,2,2,3,2,1,2,2,2,2,1,2,2,2,2,3,2,2,2,2,2,2,2,2,1,2,0,0,0
2008,29,223,1,290842,1,7,1,2,4,2,5,2,1,2,1,2,1,2,2,2,2,2,1,2,2,2,2,2,2,1,2,2,1,2,2,0,0,0
2008,29,21,1,290843,1,7,2,2,1,2,5,2,1,2,1,1,1,2,2,2,1,2,2,2,3,2,2,2,2,2,2,2,2,2,2,0,0,0
2008,29,29,2,290844,1,7,1,2,4,2,5,2,1,2,1,2,1,2,2,1,2,2,1,2,1,2,2,2,2,2,2,2,1,2,2,0,0,0
2008,29,71,2,290845,1,7,1,1,1,2,1,2,3,1,1,2,2,2,2,1,2,2,2,2,1,2,2,1,1,1,2,1,2,2,2,0,0,0
2008,29,159,1,290846,1,7,2,2,1,1,4,1,4,1,1,2,2,2,2,2,2,2,2,2,3,2,2,2,2,2,1,1,2,2,2,0,0,0
2008,29,65,1,290847,1,7,1,2,1,2,4,2,3,1,1,2,2,2,2,2,2,2,2,2,2,1,1,1,1,2,2,1,1,2,2,0,0,0
2008,29,165,1,290848,1,7,2,1,4,2,1,2,1,1,1,2,1,2,2,1,2,2,1,2,1,2,2,2,2,2,2,2,1,1,2,0,0,0
2008,29,189,1,290849,1,7,2,2,4,1,4,1,1,1,1,2,1,2,2,1,2,2,2,2,3,2,2,2,2,2,2,2,2,2,2,0,0,0
2008,29,189,1,290850,1,7,2,2,4,2,6,3,1,1,2,2,1,2,2,2,1,2,2,2,3,2,2,2,2,1,2,2,1,2,2,0,0,0
2008,29,169,2,290851,1,7,1,2,1,2,5,2,3,1,2,2,2,2,2,2,2,2,2,2,2,1,1,1,1,2,2,1,1,2,2,0,0,0
2008,29,109,1,290852,1,7,1,2,4,2,6,2,1,2,2,2,1,2,2,2,2,2,2,2,1,1,1,1,1,2,2,1,1,2,2,0,0,0
2008,29,187,1,290853,1,7,2,2,1,2,3,2,3,1,1,2,2,2,2,2,2,2,2,2,3,2,2,2,2,1,2,2,2,2,2,0,0,0
2008,29,99,1,290854,1,7,2,2,1,1,5,1,2,2,2,2,3,2,2,2,2,2,2,2,1,2,2,1,1,2,2,1,2,2,2,0,0,0
2008,30,49,1,300001,1,10,1,2,4,2,6,2,1,3,1,2,1,2,2,1,2,2,2,2,1,2,2,2,2,2,2,2,1,2,2,0,0,0
2008,30,63,1,300002,1,10,1,2,1,2,4,2,1,2,1,1,1,2,2,2,1,2,2,2,3,2,2,2,2,2,2,2,2,2,2,0,0,0
2008,30,49,1,300003,1,10,1,2,4,2,4,2,1,1,1,2,1,2,2,1,2,2,2,2,2,2,2,2,2,1,2,2,1,2,2,0,0,0
2008,30,29,1,300004,1,10,1,2,1,2,3,2,4,1,1,2,2,2,2,1,2,2,2,2,3,2,2,2,2,2,2,2,1,2,2,0,0,0
2008,30,41,1,300005,1,10,1,2,4,2,3,2,1,2,2,2,1,2,2,1,2,2,1,2,2,2,2,1,1,2,2,1,1,1,2,0,0,0
2008,30,13,1,300006,1,10,1,2,4,2,3,2,1,2,2,2,1,2,2,2,2,2,1,2,1,2,2,2,2,2,2,2,1,1,2,0,0,0
2008,30,17,1,300007,1,10,2,2,4,2,6,2,1,1,1,2,1,2,2,2,2,2,2,2,3,2,2,2,2,2,2,2,1,2,2,0,0,0
2008,30,47,1,300008,1,10,1,2,1,1,3,1,4,1,2,2,2,1,2,1,2,2,2,2,2,2,2,2,2,2,2,2,2,1,2,1,1,1
2008,30,11,1,300009,1,10,1,2,1,3,6,4,3,2,2,2,2,1,2,2,2,2,2,2,3,2,2,2,2,2,2,2,2,1,2,0,0,0
2008,30,111,1,300010,1,10,2,2,1,1,3,1,4,2,2,2,2,2,2,1,2,2,2,2,1,2,2,2,2,2,2,2,2,2,2,0,0,0
2008,30,49,1,300011,1,10,2,2,1,2,3,2,1,2,1,2,1,2,2,2,1,2,2,2,2,2,2,2,2,2,2,2,2,2,2,0,0,0
2008,30,89,1,300012,1,10,1,2,1,2,4,2,3,2,1,2,2,2,2,2,2,2,2,2,1,2,2,2,2,2,2,2,2,2,2,0,0,0
2008,30,81,1,300013,1,10,1,2,1,2,5,2,4,1,1,2,2,2,2,1,2,2,2,2,3,2,2,1,1,2,2,1,1,2,2,0,0,0
2008,30,3,1,300014,1,10,1,1,2,2,1,2,2,1,1,2,1,2,2,1,2,2,2,2,3,2,2,2,2,2,2,2,1,1,2,0,0,0
2008,30,35,2,300015,1,10,1,2,1,2,6,3,1,2,1,2,1,2,2,2,2,2,2,2,1,2,2,2,2,2,2,2,2,1,2,1,1,1
2008,30,27,1,300016,1,10,1,2,4,2,3,2,1,1,1,2,1,2,2,2,2,2,1,2,3,2,2,2,2,2,2,2,1,2,2,0,0,0
2008,30,5,1,300017,1,10,1,2,1,2,4,3,2,1,1,2,2,1,2,1,2,2,2,2,3,2,2,2,2,1,2,2,2,1,2,1,1,1
2008,30,63,1,300018,1,10,1,1,4,2,1,2,1,2,2,2,1,2,2,2,2,2,1,2,1,2,2,2,2,2,2,2,1,1,2,0,0,0
2008,30,85,1,300019,1,10,1,2,4,2,3,2,1,1,2,2,1,2,2,1,2,2,1,2,2,2,2,2,2,2,1,1,1,1,2,1,1,1
2008,30,5,1,300020,1,10,1,2,1,2,3,2,2,1,2,2,2,2,2,1,2,2,1,2,1,2,2,2,2,1,1,1,2,1,2,0,0,0
2008,30,39,1,300021,1,10,1,1,1,2,1,2,1,2,2,2,1,2,2,1,2,2,1,2,2,2,2,2,2,1,2,2,1,2,2,0,0,0
2008,30,89,2,300022,1,10,1,2,1,2,4,2,3,1,1,2,2,2,2,2,2,2,2,2,2,2,2,2,2,2,2,2,1,1,2,0,1,1
2008,30,55,1,300023,1,10,1,2,4,2,3,2,1,2,1,2,1,2,2,2,2,2,1,2,1,2,2,2,2,2,2,2,1,1,1,0,0,0
2008,30,49,1,300024,1,10,1,2,1,1,5,1,4,1,2,2,3,2,2,2,2,2,1,2,2,2,2,2,2,1,1,1,2,2,2,0,0,0
2008,30,1,1,300025,1,10,1,1,3,2,1,2,1,2,1,2,1,2,2,2,2,2,1,2,2,2,2,2,2,2,2,2,1,2,2,0,0,0
2008,30,49,2,300026,1,10,1,2,1,1,5,1,4,1,1,2,2,2,2,2,2,2,2,2,2,2,2,2,2,2,1,1,2,2,2,0,0,0
2008,30,93,1,300027,1,10,1,1,1,2,1,2,1,2,1,2,1,2,2,2,2,2,1,2,1,2,2,2,2,2,2,2,1,2,2,0,0,0
2008,30,31,3,300028,1,10,2,2,4,1,3,1,1,2,2,2,3,2,2,2,2,2,2,2,3,2,2,2,2,1,2,2,2,2,2,0,0,0
2008,30,29,1,300029,1,10,1,2,4,2,4,3,1,2,2,2,1,2,2,2,2,2,1,2,1,2,2,2,2,2,2,2,1,2,2,0,0,0
2008,30,111,1,300030,1,10,2,2,1,1,5,1,4,1,1,2,2,2,1,1,2,2,2,2,3,2,2,2,2,2,2,2,2,1,2,0,0,0
2008,30,49,1,300031,1,10,1,1,4,2,1,2,1,2,1,2,1,2,2,2,2,2,1,2,1,2,2,2,2,2,2,2,1,2,1,0,0,0
2008,30,49,1,300032,1,10,1,2,1,1,4,1,1,2,2,2,1,2,2,2,1,2,2,2,2,2,2,2,2,2,2,2,2,2,2,0,0,0
2008,30,27,1,300033,1,10,2,2,1,1,3,1,1,1,1,2,1,2,2,2,1,2,2,2,3,2,2,2,2,2,2,2,2,1,2,0,0,0
2008,30,15,1,300034,1,10,1,2,4,2,6,2,1,2,2,2,1,2,2,1,2,2,1,2,1,2,2,2,2,2,1,1,1,1,2,0,1,1
2008,30,85,1,300035,1,10,1,2,4,2,3,2,1,1,2,2,1,2,2,1,2,2,1,2,3,2,2,2,2,2,1,1,1,2,2,1,1,1
2008,30,93,1,300036,1,10,1,1,4,2,1,2,1,2,2,2,1,2,2,1,2,2,1,2,3,2,2,2,2,2,2,2,1,1,2,0,0,0
2008,30,1,1,300037,1,10,1,1,4,2,1,2,1,2,2,2,1,2,2,1,2,2,1,2,3,2,2,2,2,2,2,2,1,2,2,0,0,0
2008,30,3,1,300038,1,10,1,1,3,2,1,2,1,1,1,2,1,2,2,2,2,2,1,2,2,2,2,2,2,2,2,2,1,2,2,0,0,0
2008,30,103,1,300039,1,10,1,1,1,2,1,2,3,2,1,2,2,1,2,2,2,2,2,2,1,2,2,2,2,2,1,1,1,1,2,0,0,0
2008,30,3,2,300040,1,10,1,2,1,2,3,2,3,2,1,2,2,2,2,2,2,2,2,2,3,1,1,1,1,2,2,1,1,2,2,1,1,1
2008,30,43,1,300041,1,10,1,1,4,2,1,2,1,2,2,2,1,2,2,1,2,2,1,2,1,2,2,2,2,2,2,2,1,2,2,0,0,0
2008,30,111,1,300042,1,10,1,2,1,1,6,1,4,2,1,2,2,2,2,2,2,2,2,2,2,2,2,2,2,2,2,2,2,1,2,0,0,0
2008,30,111,1,300043,1,10,2,2,1,1,3,1,4,1,1,2,2,2,2,2,2,2,2,2,1,1,1,1,1,2,2,1,2,2,2,0,0,0
2008,30,111,1,300044,1,10,2,2,4,2,6,2,4,2,2,2,1,2,2,1,2,2,2,2,1,2,2,2,2,2,2,2,1,1,2,0,0,0
2008,30,87,1,300045,1,10,1,2,4,2,4,2,1,2,1,2,1,2,2,2,2,2,1,2,1,2,2,2,2,2,1,1,1,1,2,0,0,0
2008,30,29,1,300046,1,10,1,2,1,2,5,2,1,2,1,2,1,2,2,2,2,2,2,2,2,2,2,2,2,2,2,2,2,2,2,0,0,0
2008,30,31,1,300047,1,10,2,2,2,2,6,2,1,1,1,2,1,2,1,1,2,2,2,2,2,2,2,2,2,2,1,1,1,2,2,0,0,0
2008,30,3,2,300048,1,10,1,2,1,2,3,2,3,2,2,2,2,1,2,2,2,2,2,2,1,2,2,2,2,2,1,1,1,2,2,1,1,1
2008,30,83,1,300049,1,10,1,2,1,2,4,2,1,2,2,2,1,2,2,2,2,2,1,2,1,1,1,1,1,2,2,1,1,1,2,0,0,0
2008,30,7,1,300050,1,10,1,2,1,2,5,2,1,2,2,2,1,2,2,1,2,2,2,2,1,1,1,1,1,2,2,1,2,2,2,0,0,0
2008,30,39,1,300051,1,10,1,1,4,2,1,2,1,1,1,2,1,2,2,2,2,2,1,2,1,2,2,2,2,2,2,2,1,1,2,0,0,0
2008,30,85,1,300052,1,10,1,2,4,2,3,2,1,2,1,2,1,2,2,1,2,2,1,2,1,2,2,2,2,2,2,2,1,2,2,1,0,1
2008,30,111,1,300053,1,10,1,2,1,2,6,2,2,2,2,1,2,2,1,2,2,2,2,2,3,2,2,2,2,2,2,2,2,1,2,0,0,0
2008,30,5,1,300054,1,10,1,2,1,1,6,1,1,1,2,2,1,2,2,2,2,1,2,2,2,2,2,2,2,2,2,2,2,2,2,0,0,0
2008,30,29,1,300055,1,10,1,2,4,2,3,2,1,2,2,2,1,2,1,1,2,2,2,2,1,2,2,2,2,2,2,2,1,1,2,0,0,0
2008,30,61,1,300056,1,10,1,2,2,2,4,2,4,2,2,2,2,2,2,2,2,2,2,2,3,1,1,1,1,2,1,1,2,2,2,0,0,0
2008,30,111,1,300057,1,10,2,2,1,2,5,2,1,2,2,2,1,2,2,2,1,2,2,2,2,1,1,1,1,2,2,1,2,2,2,0,0,0
2008,30,93,1,300058,1,10,1,2,4,2,6,2,1,1,2,2,1,2,1,1,2,2,2,2,1,2,2,2,2,2,2,2,1,1,2,0,0,0
2008,30,67,1,300059,1,10,1,1,1,2,1,2,3,2,1,2,2,1,2,2,2,2,2,2,1,2,2,2,2,2,2,2,2,1,2,0,0,0
2008,30,29,1,300060,1,10,1,2,4,2,3,2,1,1,1,2,1,2,1,2,2,2,2,2,3,2,2,2,2,2,2,2,1,1,2,0,0,0
2008,30,61,1,300061,1,10,1,1,1,2,1,2,5,1,2,2,3,1,2,2,2,2,1,2,3,2,2,2,2,2,2,2,1,2,2,0,0,0
2008,30,111,1,300062,1,10,1,2,4,1,6,1,1,2,2,1,1,2,1,1,2,2,2,1,2,2,2,2,2,2,2,2,2,2,2,0,0,0
2008,30,49,1,300063,1,10,1,2,3,2,3,2,1,2,1,2,1,2,1,1,2,2,2,2,2,2,2,2,2,2,2,2,1,1,2,0,0,0
2008,30,111,1,300064,1,10,1,1,3,2,1,2,1,1,1,2,1,2,2,2,2,2,1,2,1,2,2,2,2,2,2,2,1,1,2,0,0,0
2008,30,93,1,300065,1,10,1,1,1,2,1,2,2,2,1,2,2,1,2,2,2,2,2,2,2,2,2,2,2,2,2,2,2,1,1,0,0,0
2008,30,83,2,300066,1,10,1,2,1,2,5,2,3,1,2,2,2,2,2,2,2,2,1,2,1,1,1,1,1,2,2,1,2,1,2,0,0,0
2008,30,63,1,300067,1,10,1,2,4,2,6,3,1,2,1,2,1,2,2,1,2,2,1,2,1,2,2,2,2,2,2,2,1,1,2,0,0,0
2008,30,57,1,300068,1,10,1,2,4,2,5,2,1,2,2,2,1,2,1,1,2,2,2,2,1,2,2,2,2,2,2,2,1,2,2,0,0,0
2008,30,1,1,300069,1,10,1,1,3,2,1,2,1,2,1,2,1,2,2,1,2,2,1,2,1,2,2,2,2,2,2,2,1,1,2,0,0,0
2008,30,5,1,300070,1,10,1,2,4,2,3,2,1,1,1,2,1,1,2,2,2,2,1,2,2,2,2,2,2,2,2,2,1,1,2,0,0,0
2008,30,111,1,300071,1,10,1,2,4,2,5,2,1,2,1,2,1,2,2,1,2,2,1,2,1,1,1,1,1,2,2,1,1,1,2,0,1,1
2008,30,29,1,300072,1,10,1,2,4,2,3,2,1,1,2,2,1,2,2,2,2,2,1,2,2,2,2,2,2,2,1,1,1,1,1,0,0,0
2008,30,47,1,300073,1,10,1,2,2,2,4,2,1,1,2,2,1,2,1,1,2,2,2,2,1,2,2,2,2,2,2,2,1,1,2,0,0,0
2008,30,31,1,300074,1,10,1,1,1,2,1,2,3,2,2,2,2,2,2,2,2,2,2,2,2,2,2,2,2,1,1,1,2,1,2,0,0,0
2008,30,61,1,300075,1,10,1,2,4,2,6,2,1,1,2,2,1,2,2,1,2,2,1,2,1,2,2,2,2,2,2,2,1,1,2,0,0,0
2008,30,65,1,300076,1,10,1,2,4,2,6,2,1,1,1,2,1,2,2,1,2,2,1,2,2,2,2,2,2,2,1,1,1,1,2,0,0,0
2008,30,35,1,300077,1,10,1,2,4,1,6,1,1,2,1,2,1,2,2,1,2,2,1,2,1,2,2,2,2,2,2,2,2,1,2,1,1,1
2008,30,111,1,300078,1,10,2,2,4,2,5,2,1,2,1,2,1,2,2,1,2,2,1,1,2,1,1,1,1,2,2,1,1,1,2,0,0,0
2008,30,21,1,300079,1,10,1,1,1,2,1,2,1,2,2,2,1,2,2,1,2,2,1,2,1,2,2,2,2,2,2,2,1,1,2,0,0,0
2008,30,1,1,300080,1,10,1,1,2,2,1,2,1,1,2,2,1,2,2,2,2,2,1,2,3,2,2,2,2,2,2,2,1,2,1,0,0,0
2008,30,111,1,300081,1,10,2,2,1,1,4,1,4,1,2,2,2,2,2,2,2,2,2,2,3,2,2,2,2,2,2,2,2,1,2,0,0,0
2008,30,63,1,300082,1,10,2,2,2,2,3,3,1,3,1,2,1,1,2,2,2,1,2,2,2,2,2,2,2,2,2,2,2,2,2,0,0,0
2008,30,41,1,300083,1,10,1,2,1,1,3,1,3,2,1,2,2,2,1,2,2,2,2,2,3,1,1,1,1,2,2,1,2,1,2,0,0,0
2008,30,13,1,300084,1,10,1,2,1,2,6,2,2,1,2,1,2,2,1,2,2,2,2,2,3,2,2,2,2,2,2,2,2,1,2,0,0,0
2008,30,59,1,300085,1,10,1,2,4,2,4,2,1,1,1,2,1,2,2,1,2,2,1,2,2,2,2,2,2,2,2,2,1,2,2,0,0,0
2008,30,29,1,300086,1,10,1,2,1,1,3,1,4,1,1,2,2,2,2,2,2,2,2,2,2,2,2,2,2,1,2,2,2,1,2,0,0,0
2008,30,9,1,300087,1,10,1,2,1,2,4,3,2,1,1,2,2,2,1,2,2,2,2,2,3,2,2,2,2,1,2,2,2,1,2,0,0,0
2008,30,35,1,300088,1,10,1,2,1,2,4,2,3,1,1,2,2,2,1,1,2,2,2,2,2,2,2,2,2,2,2,2,1,1,2,1,1,1
2008,30,35,1,300089,1,10,1,2,1,2,4,2,3,2,2,2,2,2,1,2,2,2,2,2,2,2,2,2,2,2,2,2,2,2,2,1,1,1
2008,30,57,1,300090,1,10,1,2,2,2,5,2,1,2,2,2,1,2,1,2,2,2,2,2,1,2,2,2,2,2,2,2,1,2,2,0,0,0
2008,30,29,1,300091,1,10,1,2,1,2,3,2,1,2,2,2,1,2,2,2,2,2,1,2,1,2,2,2,2,2,2,2,2,2,2,0,0,0
2008,30,63,2,300092,1,10,1,2,1,2,3,2,3,1,1,2,2,2,1,2,2,2,2,2,2,2,2,2,2,2,2,2,1,1,2,0,0,0
2008,30,1,1,300093,1,10,1,2,4,2,5,2,1,2,1,2,1,2,1,2,2,2,2,2,1,2,2,2,2,2,2,2,1,2,2,0,0,0
2008,30,81,2,300094,1,10,1,2,4,2,6,2,1,1,2,2,1,2,2,2,2,2,1,2,1,2,2,2,2,2,2,2,1,1,2,0,0,0
2008,30,11,1,300095,1,10,1,2,4,2,5,2,1,2,1,2,1,2,2,1,2,2,1,2,2,2,2,2,2,2,2,2,1,1,2,0,0,0
2008,30,35,1,300096,1,10,1,2,4,2,4,2,1,2,1,2,1,2,2,1,2,2,1,2,3,2,2,2,2,2,2,2,2,1,2,1,1,1
2008,30,35,1,300097,1,10,1,2,4,2,4,2,1,1,1,2,1,2,2,1,2,2,2,2,1,2,2,2,2,2,1,1,1,1,2,1,1,1
2008,30,83,1,300098,1,10,1,2,4,2,5,2,1,1,2,2,1,2,2,2,2,2,1,2,1,2,2,2,2,2,2,2,1,2,1,0,0,0
2008,30,17,1,300099,1,10,1,2,4,2,5,2,1,2,2,2,1,2,2,2,2,2,1,2,3,2,2,2,2,2,2,2,1,1,2,0,0,0
2008,30,9,1,300100,1,10,1,2,2,2,4,2,1,1,1,2,1,2,1,1,2,2,2,2,1,2,2,2,2,2,2,2,1,1,2,0,0,0
2008,30,53,1,300101,1,10,1,2,1,2,5,2,1,2,1,2,1,2,2,2,2,2,1,2,1,2,2,2,2,2,2,2,1,1,2,0,0,0
2008,30,53,1,300102,1,10,1,2,1,2,3,2,1,1,1,2,1,2,1,2,2,2,2,2,2,2,2,2,2,1,2,2,2,2,2,0,0,0
2008,30,53,1,300103,1,10,1,2,1,2,3,2,4,1,2,2,2,1,2,2,2,2,2,2,3,2,2,2,2,2,2,2,2,2,2,0,0,0
2008,30,111,1,300104,1,10,1,1,4,2,1,2,1,1,2,2,1,2,2,2,2,2,1,2,2,2,2,2,2,2,2,2,1,1,1,0,0,0
2008,30,89,1,300105,1,10,1,2,4,2,6,2,1,1,1,2,1,2,2,2,2,2,1,2,2,1,1,1,1,2,2,1,1,1,2,1,1,1
2008,30,89,1,300106,1,10,1,2,4,2,4,2,1,2,1,2,1,2,2,2,2,2,1,2,3,2,2,2,2,1,2,2,2,2,2,1,1,1
2008,30,63,1,300107,1,10,1,2,1,2,4,3,4,1,1,2,2,2,1,2,2,2,2,2,2,1,1,1,1,2,2,1,2,1,2,0,0,0
2008,30,27,4,300108,1,10,1,2,4,2,4,2,1,1,2,2,1,2,2,2,2,2,1,2,2,1,1,1,1,2,2,1,1,1,2,0,0,0
2008,30,29,1,300109,1,10,1,2,1,2,3,2,1,2,2,2,1,2,2,2,1,2,2,2,2,2,2,2,2,2,2,2,2,2,2,0,0,0
2008,30,71,1,300110,1,10,1,2,4,2,3,3,1,1,1,2,1,2,2,2,2,2,1,2,1,2,2,2,2,2,2,2,1,1,2,0,0,0
2008,30,17,1,300111,1,10,1,1,4,2,1,3,1,1,1,2,1,2,2,2,2,2,1,2,2,2,2,1,1,2,2,1,2,1,2,0,0,0
2008,30,13,1,300112,1,10,2,2,1,1,3,1,4,1,1,2,2,2,1,1,2,2,2,2,3,2,2,2,2,1,1,1,2,2,2,0,0,0
2008,30,83,1,300113,1,10,1,2,1,1,4,1,4,1,1,2,2,1,2,2,2,2,1,2,1,2,2,2,2,2,2,2,2,2,2,0,0,0
2008,30,57,1,300114,1,10,1,2,1,1,4,1,4,1,1,2,2,1,2,2,2,2,2,2,2,2,2,2,2,1,2,2,2,2,2,0,0,0
2008,30,49,1,300115,1,10,1,2,1,2,5,2,1,2,1,2,1,2,1,2,2,2,2,2,2,2,2,2,2,2,2,2,2,2,2,0,0,0
2008,30,3,1,300116,1,10,1,1,1,2,1,2,1,1,1,2,1,2,1,2,2,2,2,2,2,2,2,2,2,2,2,2,2,2,2,0,0,0
2008,30,63,1,300117,1,10,1,2,1,2,3,3,4,1,1,2,2,2,1,2,2,2,2,2,2,2,2,2,2,1,2,2,2,1,2,0,0,0
2008,30,31,1,300118,1,10,1,2,4,2,6,2,1,2,1,2,1,2,2,2,2,2,2,2,3,2,2,2,2,1,2,2,1,1,2,0,0,0
2008,30,59,1,300119,1,10,1,2,4,2,5,2,1,1,2,2,1,2,2,1,2,2,1,2,2,2,2,1,1,2,2,1,1,1,2,0,0,0
2008,30,63,2,300120,1,10,1,1,1,2,1,2,3,2,1,2,2,2,2,2,2,2,1,2,1,2,2,2,2,2,2,2,2,2,2,0,0,0
2008,30,63,1,300121,1,10,1,2,4,2,5,2,1,2,1,2,1,2,2,1,2,2,2,2,1,2,2,2,2,2,2,2,1,2,2,0,0,0
2008,30,63,1,300122,1,10,1,2,4,2,3,2,1,1,1,2,1,2,2,2,2,2,1,2,2,2,2,2,2,2,2,2,1,1,2,0,1,1
2008,30,31,1,300123,1,10,1,2,1,2,3,3,4,1,1,2,2,2,1,1,2,2,2,2,3,2,2,2,2,1,2,2,2,2,2,0,0,0
2008,30,3,1,300124,1,10,1,2,4,2,5,2,1,2,2,2,1,2,2,2,2,2,1,2,2,2,2,2,2,2,2,2,1,1,2,0,1,1
2008,30,31,1,300125,1,10,1,1,1,2,1,2,1,1,2,2,1,1,2,2,2,1,2,2,2,2,2,2,2,2,2,2,2,2,2,0,0,0
2008,30,43,1,300126,1,10,1,1,1,2,1,2,1,1,1,2,1,1,2,2,1,2,2,2,2,2,2,2,2,2,2,2,2,2,2,0,0,0
2008,30,57,1,300127,1,10,1,2,1,2,4,2,1,2,1,2,1,2,1,2,2,2,2,2,2,2,2,2,2,2,2,2,2,2,2,0,0,0
2008,30,79,1,300128,1,10,1,2,4,2,6,2,1,2,2,2,1,2,2,2,2,2,1,2,1,2,2,2,2,2,1,1,1,1,2,0,0,0
2008,30,97,1,300129,1,10,1,2,4,2,6,2,1,2,1,2,1,2,2,2,2,2,1,2,2,2,2,2,2,2,1,1,1,1,2,0,0,0
2008,30,43,1,300130,1,10,1,2,4,2,6,2,1,1,1,2,1,2,2,2,2,2,1,2,2,2,2,2,2,1,2,2,1,1,2,0,0,0
2008,30,87,1,300131,1,10,1,2,4,2,4,2,1,1,2,2,1,2,2,2,2,2,1,2,2,2,2,2,2,2,1,1,1,1,2,0,0,0
2008,30,43,1,300132,1,10,1,1,4,2,1,2,1,2,2,2,1,2,2,2,2,2,1,2,1,2,2,1,1,2,2,1,1,1,2,0,0,0
2008,30,31,1,300133,1,10,1,1,4,2,1,2,1,2,1,2,1,2,2,2,2,2,2,2,1,2,2,2,2,2,2,2,1,1,2,0,0,0
2008,30,1,1,300134,1,10,1,1,3,2,1,2,1,2,1,2,1,2,2,2,2,2,1,2,3,2,2,2,2,2,2,2,1,1,2,0,0,0
2008,30,63,1,300135,1,10,1,2,4,2,3,2,1,2,2,2,1,2,2,2,2,2,1,2,1,2,2,2,2,2,2,2,1,2,2,0,0,0
2008,30,57,1,300136,1,10,1,2,1,2,4,3,2,1,2,2,2,2,1,2,2,2,2,2,2,2,2,2,2,2,2,2,2,1,2,0,0,0
2008,30,3,2,300137,1,10,1,2,4,2,4,2,1,2,2,2,1,2,2,1,2,2,1,2,2,2,2,2,2,2,2,2,1,2,2,0,0,0
2008,30,59,1,300138,1,10,1,2,1,2,4,2,3,1,2,2,2,2,2,2,2,2,2,2,2,2,2,2,2,2,2,2,1,1,2,0,0,0
2008,30,29,1,300139,1,10,1,2,4,2,4,2,1,1,1,2,1,2,1,2,2,2,2,2,1,2,2,2,2,2,2,2,1,1,2,0,0,0
2008,30,49,1,300140,1,10,1,2,1,1,4,1,4,1,1,2,2,2,2,2,2,2,2,2,3,1,1,1,1,2,2,1,2,1,2,0,0,0
2008,30,29,3,300141,1,10,1,2,1,2,3,2,3,2,1,2,2,2,2,2,2,2,2,1,1,2,2,2,2,2,2,2,1,2,2,0,0,0
2008,30,83,1,300142,1,10,1,2,4,2,4,2,1,2,2,2,1,2,2,1,2,2,1,2,3,2,2,2,2,2,2,2,2,2,2,0,0,0
2008,30,63,1,300144,1,10,1,3,2,2,7,2,1,1,2,2,1,2,2,1,2,2,1,2,3,2,2,2,2,2,1,1,2,1,2,0,0,0
2008,30,63,1,300145,1,10,1,2,1,1,3,1,4,2,2,2,2,2,1,2,2,2,2,2,1,2,2,2,2,2,2,2,2,1,2,0,0,0
2008,30,29,1,300146,1,10,1,2,4,1,6,1,1,2,2,2,1,2,2,1,2,2,1,2,2,1,1,1,1,2,2,1,2,1,2,0,0,0
2008,30,111,2,300147,1,10,1,2,1,2,3,2,1,2,1,2,1,2,2,2,2,2,1,2,2,2,2,2,2,2,1,1,1,2,2,0,0,0
2008,30,29,1,300148,1,10,1,2,2,2,3,2,1,1,2,2,1,2,1,1,2,2,2,2,3,2,2,2,2,1,2,2,1,1,2,0,0,0
2008,30,61,1,300149,1,10,1,1,4,2,1,2,1,1,1,2,1,2,2,2,2,2,2,2,1,2,2,2,2,2,2,2,1,1,2,0,0,0
2008,30,27,1,300150,1,10,1,2,4,2,3,2,1,2,1,2,1,1,2,2,2,2,1,2,3,2,2,2,2,2,2,2,1,1,2,0,0,0
2008,30,3,1,300151,1,10,1,2,1,2,5,2,1,2,2,2,1,2,2,2,1,2,2,2,2,1,1,1,1,2,2,1,2,2,2,0,1,1
2008,30,3,1,300152,1,10,1,2,4,2,5,2,1,2,2,2,1,2,2,2,2,2,1,2,1,2,2,2,2,2,2,2,1,2,2,1,1,1
2008,30,7,1,300153,1,10,1,3,4,2,7,2,1,2,1,2,1,2,2,2,2,2,1,2,2,2,2,2,2,2,2,2,1,1,2,0,0,0
2008,30,49,1,300154,1,10,1,2,1,2,4,2,4,1,1,2,2,2,2,2,2,2,2,2,3,1,1,1,1,2,1,1,1,1,2,0,0,0
2008,30,29,2,300156,1,10,1,2,4,2,5,2,1,2,2,2,1,2,2,2,2,2,1,2,1,2,2,2,2,2,2,2,1,1,2,0,0,0
2008,30,87,1,300157,1,10,1,2,4,2,4,2,1,1,1,2,1,1,2,2,2,2,2,2,2,2,2,2,2,1,2,2,1,1,2,0,0,0
2008,30,61,1,300158,1,10,1,1,1,2,1,2,2,2,1,2,2,2,2,2,2,2,1,2,1,2,2,2,2,2,2,2,2,1,2,0,0,0
2008,30,111,1,300159,1,10,1,2,1,2,6,2,1,2,2,1,1,2,2,2,2,2,2,2,2,2,2,2,2,2,2,2,2,2,2,0,0,0
2008,30,11,1,300160,1,10,1,2,1,2,4,2,1,1,1,2,1,1,2,2,1,2,2,2,3,2,2,2,2,1,2,2,2,2,2,0,0,0
2008,30,1,1,300161,1,10,1,1,3,2,1,2,1,2,1,2,1,2,2,2,2,2,1,2,2,2,2,2,2,2,1,1,1,1,2,0,0,0
2008,30,111,2,300162,1,10,1,1,1,2,1,2,3,2,2,2,2,2,2,2,2,2,1,2,1,2,2,2,2,2,2,2,1,1,1,0,0,0
2008,30,105,1,300163,1,10,1,2,4,2,3,3,1,3,2,2,1,2,2,2,2,2,1,2,1,2,2,2,2,2,2,2,1,1,2,0,0,0
2008,30,31,1,300164,1,10,1,1,4,2,1,2,1,1,1,2,1,2,2,2,2,2,1,2,2,2,2,2,2,2,2,2,1,1,1,0,0,0
2008,30,29,1,300165,1,10,1,2,1,2,3,2,1,2,1,2,1,2,2,2,1,2,2,2,2,2,2,2,2,2,2,2,2,2,2,0,0,0
2008,30,29,1,300166,1,10,1,2,4,2,5,2,1,2,2,2,1,2,2,2,2,2,1,2,1,2,2,2,2,2,2,2,1,2,2,0,0,0
2008,30,43,1,300167,1,10,1,1,4,2,1,2,1,2,2,2,1,2,2,1,2,2,1,2,1,2,2,2,2,1,2,2,1,2,2,0,0,0
2008,30,63,1,300168,1,10,1,2,4,2,3,2,1,1,1,2,1,2,1,1,2,2,2,2,1,2,2,2,2,2,2,2,1,1,2,0,0,0
2008,30,29,1,300169,1,10,1,2,1,2,4,2,3,1,1,2,3,1,2,2,2,2,2,2,3,2,2,2,2,1,1,1,1,1,2,0,0,0
2008,30,15,1,300170,1,10,1,2,1,2,3,2,4,1,1,2,2,2,2,2,2,2,1,2,2,2,2,2,2,1,2,2,1,1,2,0,0,0
2008,30,63,1,300171,1,10,1,2,4,2,6,2,1,2,1,2,1,2,2,2,2,2,2,2,1,2,2,2,2,2,2,2,1,1,2,0,0,0
2008,30,77,1,300172,1,10,1,1,4,2,1,2,1,2,1,2,1,2,2,2,2,2,1,2,2,2,2,2,2,2,2,2,1,1,2,0,0,0
2008,30,111,2,300173,1,10,1,2,4,2,6,2,1,2,1,2,1,2,2,1,2,2,1,2,1,2,2,2,2,2,1,1,1,1,2,0,0,0
2008,30,89,1,300174,1,10,1,2,4,1,6,1,1,2,2,2,1,2,2,1,2,2,1,2,1,2,2,2,2,2,2,2,2,2,2,0,0,0
2008,30,99,1,300175,1,10,1,2,2,2,4,2,1,2,2,2,1,2,2,1,2,2,1,2,1,2,2,2,2,2,2,2,1,2,2,0,0,0
2008,30,17,1,300176,1,10,1,2,1,1,6,1,7,1,1,2,2,2,1,2,2,2,2,2,3,1,1,1,1,2,1,1,2,2,2,0,0,0
2008,30,83,1,300177,1,10,1,2,1,1,6,1,4,1,1,2,2,2,1,2,2,2,2,2,2,2,2,2,2,2,1,1,2,2,2,0,0,0
2008,30,111,1,300178,1,10,1,2,4,2,5,2,1,2,1,2,1,2,2,2,2,2,1,2,1,2,2,2,2,2,2,2,1,2,2,0,0,0
2008,30,27,1,300179,1,10,1,2,4,2,3,2,1,2,2,2,1,2,2,1,2,2,1,2,1,2,2,2,2,2,1,1,1,1,2,0,0,0
2008,30,95,1,300180,1,10,1,2,4,2,6,2,1,2,2,2,1,2,2,1,2,2,1,2,3,1,1,1,1,2,2,1,1,1,2,0,0,0
2008,30,13,1,300181,1,10,2,2,4,1,6,1,1,2,1,1,1,2,2,1,2,2,1,2,1,1,1,1,1,2,2,1,2,2,2,0,0,0
2008,30,29,1,300182,1,10,1,2,4,2,6,2,1,2,2,2,1,2,2,2,2,2,1,2,1,2,2,2,2,2,2,2,1,1,2,0,0,0
2008,30,13,1,300183,1,10,1,2,1,1,3,1,3,2,2,2,2,2,2,2,2,2,2,2,1,2,2,2,2,2,2,2,2,1,2,0,0,0
2008,30,13,1,300184,1,10,1,2,4,2,6,2,1,2,1,2,1,2,2,2,2,2,1,2,1,2,2,2,2,2,2,2,1,2,2,0,0,0
2008,30,111,1,300185,1,10,1,2,1,1,6,1,4,1,1,2,2,2,2,2,2,2,2,2,2,2,2,2,2,2,2,2,2,1,2,0,0,0
2008,30,15,1,300186,1,10,1,2,1,2,5,2,3,1,1,2,2,1,2,1,2,2,1,2,3,2,2,2,2,2,2,2,2,2,2,0,0,0
2008,30,1,1,300187,1,10,1,2,4,2,4,2,1,1,1,2,1,2,2,2,2,2,1,2,1,2,2,2,2,2,2,2,1,2,2,0,0,0
2008,30,31,1,300188,1,10,1,2,1,2,3,2,1,2,1,2,1,2,2,2,1,2,2,2,1,2,2,2,2,2,2,2,2,2,2,0,0,0
2008,30,57,1,300189,1,10,1,2,4,2,4,2,1,2,1,2,1,2,2,1,2,2,1,2,1,2,2,2,2,2,2,2,1,1,2,0,0,0
2008,30,29,1,300190,1,10,1,2,4,2,4,2,1,2,1,2,1,2,2,1,2,2,1,2,1,2,2,2,2,2,1,1,1,2,2,0,0,0
2008,30,29,1,300191,1,10,1,2,1,1,5,1,4,1,1,2,2,2,2,2,2,2,2,2,2,2,2,2,2,1,2,2,2,2,2,0,0,0
2008,30,63,1,300192,1,10,1,2,4,2,6,3,1,2,1,2,1,2,2,2,2,2,2,2,1,2,2,2,2,2,2,2,1,1,2,0,0,0
2008,30,29,1,300193,1,10,1,2,1,2,3,2,2,2,1,2,2,2,1,2,2,2,2,2,1,2,2,2,2,2,2,2,2,2,2,0,0,0
2008,30,41,1,300194,1,10,1,2,4,2,3,3,1,2,2,2,1,2,2,2,2,2,2,2,3,2,2,2,2,2,2,2,1,2,2,0,0,0
2008,30,61,1,300195,1,10,1,1,3,2,1,2,1,1,2,2,1,2,2,1,2,2,1,2,2,2,2,2,2,2,1,1,1,2,2,0,0,0
2008,30,13,1,300196,1,10,1,2,1,2,6,2,1,1,1,2,1,2,1,2,2,2,2,2,2,2,2,2,2,2,2,2,1,2,2,0,0,0
2008,30,27,1,300197,1,10,1,2,3,2,3,2,1,2,1,2,1,2,2,2,2,2,1,2,1,1,1,1,1,2,2,1,1,2,2,0,0,0
2008,30,31,1,300198,1,10,1,2,4,2,6,2,1,2,2,2,1,2,2,1,2,2,1,2,1,1,1,1,1,2,2,1,1,2,2,0,0,0
2008,30,63,1,300199,1,10,1,2,1,2,3,2,2,1,1,2,2,1,2,2,2,2,2,2,3,2,2,2,2,2,2,2,2,1,2,0,0,0
2008,30,61,1,300200,1,10,1,1,1,2,1,2,6,1,1,2,2,1,2,1,2,2,1,2,2,2,2,2,2,2,2,2,1,2,2,0,0,0
2008,30,9,1,300201,1,10,1,2,1,2,3,2,3,1,2,2,2,2,2,1,2,2,2,2,2,2,2,2,2,1,2,2,1,2,2,0,0,0
2008,30,47,1,300202,1,10,1,2,1,2,3,2,3,2,1,2,2,2,2,2,2,2,2,2,1,2,2,2,2,2,2,2,1,1,2,0,1,1
2008,30,11,1,300203,1,10,1,2,1,2,3,2,3,2,1,2,2,1,2,2,2,2,2,2,1,2,2,2,2,2,2,2,1,2,2,0,0,0
2008,30,31,1,300204,1,10,1,2,1,1,4,1,4,2,1,2,2,2,2,2,2,2,2,2,3,2,2,2,2,1,2,2,2,2,2,0,0,0
2008,30,23,1,300205,1,10,1,2,1,2,4,2,3,2,1,2,2,2,2,2,2,2,2,2,1,2,2,2,2,1,1,1,1,2,2,0,0,0
2008,30,63,1,300206,1,10,1,2,1,2,5,2,3,1,1,2,2,2,2,1,2,2,2,2,3,2,2,2,2,2,2,2,1,2,2,0,0,0
2008,30,29,1,300207,1,10,1,2,1,2,4,2,3,2,1,2,2,2,2,1,2,2,2,2,2,1,1,1,1,2,2,1,1,2,2,0,0,0
2008,30,89,1,300208,1,10,1,3,4,2,7,2,1,1,1,2,1,2,2,2,2,2,1,2,1,2,2,1,1,2,2,1,1,1,2,0,0,0
2008,30,47,1,300209,1,10,1,2,1,2,3,3,4,1,1,2,3,1,2,1,2,2,2,2,3,2,2,2,2,1,2,2,2,2,2,0,1,1
2008,30,93,1,300210,1,10,2,2,1,2,4,2,4,1,1,2,2,2,2,1,2,2,2,2,3,1,1,1,1,2,2,1,1,1,2,0,0,0
2008,31,67,1,310001,1,7,1,2,4,2,5,2,1,2,1,2,1,2,2,2,2,2,1,2,2,1,1,1,1,2,2,1,1,2,2,0,0,0
2008,31,141,2,310002,1,7,1,2,1,1,5,1,3,1,1,2,2,2,2,2,2,2,2,2,1,2,2,2,2,2,2,2,2,2,2,0,0,0
2008,31,51,1,310003,1,7,1,2,1,1,5,1,4,1,1,2,2,1,2,2,2,2,2,2,2,2,2,2,2,2,2,2,2,2,2,0,0,0
2008,31,23,1,310004,1,7,1,2,1,1,3,1,4,1,1,2,2,1,2,2,2,2,2,2,2,2,2,2,2,2,2,2,2,2,2,0,0,0
2008,31,25,1,310005,1,7,1,2,2,2,5,2,1,3,1,2,1,2,2,2,2,2,1,2,1,2,2,2,2,2,2,2,1,2,2,0,0,0
2008,31,159,2,310006,1,7,1,1,1,2,1,2,3,1,1,2,3,1,2,2,2,2,2,2,2,1,1,1,1,2,2,1,1,2,2,0,0,0
2008,31,109,1,310007,1,7,2,2,2,2,6,3,1,2,1,2,1,2,2,2,1,2,2,2,2,2,2,2,2,2,2,2,2,2,2,0,0,0
2008,31,25,1,310008,1,7,1,2,1,2,4,2,4,1,2,2,2,2,2,2,2,2,2,2,2,1,1,1,1,2,2,1,1,2,2,0,0,0
2008,31,141,1,310009,1,7,1,2,1,1,4,1,4,2,2,2,2,1,2,2,2,2,2,2,1,1,1,1,1,2,2,1,2,2,2,0,0,0
2008,31,125,1,310010,1,7,1,2,4,2,5,2,1,2,2,2,1,2,2,2,2,2,1,2,1,2,2,2,2,2,2,2,1,2,2,0,0,0
2008,31,19,2,310011,1,7,1,1,1,2,1,2,1,2,2,2,2,1,2,2,2,2,2,2,1,2,2,2,2,2,2,2,2,2,2,0,0,0
2008,31,43,1,310012,1,7,1,2,1,2,3,2,4,1,1,2,2,1,2,2,2,2,2,2,2,2,2,2,2,1,2,2,1,2,2,0,0,0
2008,31,161,1,310013,1,7,1,2,4,2,5,2,1,1,1,2,1,2,2,2,2,2,1,2,1,2,2,2,2,2,2,2,1,2,2,0,0,0
2008,31,63,1,310014,1,7,1,2,4,2,5,2,1,2,1,2,1,2,2,2,2,2,1,2,1,2,2,1,1,2,2,1,1,2,2,0,0,0
2008,31,67,1,310015,1,7,1,2,4,2,4,2,1,3,1,2,1,2,2,2,2,2,2,2,3,2,2,2,2,2,1,1,1,2,2,0,0,0
2008,31,153,1,310016,1,7,1,2,1,1,3,1,4,1,1,2,3,2,2,2,2,2,2,2,1,2,2,2,2,2,2,2,2,2,2,0,0,0
2008,31,53,1,310017,1,7,2,2,2,2,4,2,4,1,1,2,2,2,2,1,2,2,2,2,2,2,2,2,2,2,1,1,1,2,2,0,0,0
2008,31,157,1,310018,1,7,1,2,4,2,5,2,1,3,1,2,1,2,2,1,2,2,1,2,1,2,2,2,2,2,2,2,1,2,2,0,0,0
2008,31,159,1,310019,1,7,1,1,1,2,1,2,4,1,1,2,2,1,2,1,2,2,2,2,2,2,2,2,2,2,2,2,1,2,2,0,0,0
2008,31,109,1,310020,1,7,1,1,1,2,1,2,4,1,1,2,2,2,2,2,2,2,2,2,3,2,2,2,2,1,1,1,1,2,2,0,0,0
2008,31,55,1,310021,1,7,2,2,1,2,6,3,1,1,1,2,1,2,2,2,1,2,2,2,2,2,2,2,2,2,2,2,2,2,2,0,0,0
2008,31,55,1,310022,1,7,2,2,4,2,6,2,1,1,1,2,1,2,2,2,2,2,2,2,2,1,1,1,1,2,2,1,1,2,2,0,0,0
2008,31,155,1,310023,1,7,1,2,1,2,6,2,5,1,1,2,2,2,2,2,2,2,1,2,2,2,2,2,2,2,1,1,2,2,2,0,0,0
2008,31,127,1,310024,1,7,1,2,1,2,3,2,4,1,1,2,2,1,2,2,2,2,2,2,2,2,2,2,2,2,2,2,1,2,2,0,0,0
2008,31,145,1,310025,1,7,1,2,1,2,6,3,1,1,1,2,1,1,2,2,2,2,2,2,2,2,2,2,2,1,2,2,2,1,2,0,0,0
2008,31,55,1,310026,1,7,2,2,1,1,4,1,4,1,1,2,2,2,2,2,2,2,2,2,2,1,1,1,1,2,2,1,2,2,2,0,0,0
2008,31,55,1,310027,1,7,1,2,4,2,3,2,1,2,1,2,1,2,2,2,2,2,1,2,1,2,2,2,2,2,2,2,1,2,2,0,0,0
2008,31,131,2,310028,1,7,1,2,4,1,5,1,1,1,1,2,1,2,2,1,2,2,1,2,2,1,1,1,1,2,2,1,2,2,2,0,0,0
2008,31,101,1,310029,1,7,1,2,4,2,4,2,1,2,2,2,1,2,2,2,2,2,1,2,2,2,2,2,2,2,1,1,1,2,2,0,0,0
2008,31,109,1,310030,1,7,2,2,2,2,3,3,4,2,2,2,2,2,2,2,2,2,2,2,3,1,1,1,1,1,2,1,2,2,2,0,0,0
2008,31,123,1,310031,1,7,1,2,1,1,3,1,4,1,1,2,2,1,2,2,2,2,2,2,3,2,2,2,2,2,2,2,2,1,2,0,0,0
2008,31,47,1,310032,1,7,1,2,4,2,5,2,1,2,1,2,1,2,2,1,2,2,1,2,2,1,1,1,1,2,2,1,1,2,2,0,0,0
2008,31,25,1,310033,1,7,1,2,1,2,3,2,4,1,1,2,2,2,2,2,2,2,2,2,2,2,2,2,2,2,2,2,1,2,2,0,0,0
2008,31,95,2,310034,1,7,1,2,4,2,4,2,1,2,1,2,1,2,2,1,2,2,2,2,1,2,2,2,2,2,2,2,1,2,2,0,0,0
2008,31,7,1,310035,1,7,1,2,4,2,3,2,1,1,1,2,1,2,1,1,2,2,2,2,1,2,2,2,2,2,2,2,1,2,2,0,0,0
2008,31,55,1,310036,1,7,2,1,4,2,1,3,1,1,2,2,1,2,1,2,2,2,2,2,1,2,2,2,2,2,2,2,1,2,2,0,0,0
2008,31,111,2,310037,1,7,1,2,4,2,4,2,1,3,1,2,1,2,2,1,2,2,1,2,1,2,2,2,2,2,2,2,1,2,2,0,0,0
2008,31,39,1,310038,1,7,1,2,1,2,3,2,3,1,1,2,2,1,2,2,2,2,1,2,2,2,2,2,2,1,2,2,1,2,2,0,0,0
2008,31,167,1,310039,1,7,1,2,1,2,5,2,3,3,3,2,2,2,2,2,2,2,2,2,1,2,2,2,2,2,2,2,1,2,2,0,0,0
2008,31,133,1,310040,1,7,1,2,4,2,4,2,1,2,1,2,1,2,2,1,2,2,1,2,1,2,2,2,2,2,2,2,1,2,2,0,0,0
2008,31,25,1,310041,1,7,1,2,1,1,4,1,4,1,1,2,2,1,2,2,2,2,2,2,2,2,2,2,2,2,1,1,2,1,2,0,0,0
2008,31,3,1,310042,1,7,1,2,1,2,3,2,3,1,1,2,3,1,2,2,2,2,2,2,3,2,2,2,2,2,2,2,1,2,2,0,0,0
2008,31,125,1,310043,1,7,1,2,4,2,6,2,1,1,1,2,1,2,2,1,2,2,1,2,2,1,1,1,1,2,2,1,1,2,2,0,0,0
2008,31,49,1,310044,1,7,1,1,2,2,1,2,4,2,2,2,1,2,2,2,2,2,2,2,2,2,2,2,2,2,2,2,2,2,2,0,0,0
2008,31,179,1,310045,1,7,1,2,2,2,4,2,4,1,1,2,2,1,2,1,2,2,2,2,3,2,2,2,2,2,1,1,1,2,2,0,0,0
2008,31,179,1,310046,1,7,1,2,4,1,5,1,1,1,1,2,1,2,2,1,2,2,1,2,3,2,2,2,2,2,2,2,2,2,2,0,0,0
2008,31,47,1,310047,1,7,1,1,3,2,1,2,1,2,2,2,1,2,2,1,2,2,1,2,1,2,2,2,2,2,2,2,1,2,2,0,0,0
2008,31,131,1,310048,1,7,1,2,1,2,3,2,2,1,1,2,2,1,2,1,2,2,2,2,3,2,2,2,2,1,2,2,2,2,2,0,0,0
2008,31,39,1,310049,1,7,1,2,1,1,5,1,4,2,1,2,2,2,2,2,2,2,1,2,2,2,2,2,2,2,2,2,2,2,2,0,0,0
2008,31,55,1,310050,1,7,2,2,1,2,2,2,4,1,2,2,2,2,2,2,2,2,2,2,1,2,2,2,2,2,2,2,1,2,2,0,0,0
2008,31,45,1,310051,1,7,1,2,4,2,3,2,1,2,1,2,1,2,2,1,2,2,1,2,1,2,2,2,2,2,2,2,1,2,2,0,0,0
2008,31,81,1,310052,1,7,1,2,4,2,5,2,1,1,1,2,1,2,2,2,2,2,1,2,2,1,1,1,1,2,2,1,1,2,2,0,0,0
2008,31,27,1,310053,1,7,1,2,4,2,5,2,1,2,2,2,1,2,2,2,2,2,1,2,1,2,2,2,2,2,2,2,1,2,2,0,0,0
2008,31,135,1,310054,1,7,1,2,1,2,4,3,4,1,1,2,2,2,2,2,2,2,2,2,2,2,2,2,2,1,2,2,1,2,2,0,0,0
2008,31,55,1,310055,1,7,2,2,1,1,6,1,1,2,1,2,1,2,1,2,2,2,2,2,1,2,2,2,2,2,2,2,2,2,2,0,0,0
2008,31,65,1,310056,1,7,1,2,1,1,4,1,4,1,1,2,2,1,2,2,2,2,1,2,2,2,2,2,2,2,1,1,2,2,2,0,0,0
2008,31,109,2,310057,1,7,1,2,1,2,4,2,4,1,2,2,2,1,2,2,2,2,2,2,1,2,2,2,2,2,1,1,1,2,2,0,0,0
2008,31,89,1,310058,1,7,1,2,4,2,4,2,1,2,2,2,1,2,2,2,2,2,1,2,1,2,2,2,2,2,2,2,1,2,2,0,0,0
2008,31,65,1,310059,1,7,1,2,4,2,4,2,1,1,1,2,1,2,2,2,2,2,2,2,3,2,2,2,2,1,2,2,1,2,2,0,0,0
2008,31,79,1,310060,1,7,1,2,1,2,3,2,2,2,1,2,2,2,2,2,2,2,2,2,1,2,2,2,2,1,2,2,2,2,2,0,0,0
2008,31,99,1,310061,1,7,1,2,2,2,4,2,1,1,1,2,1,2,2,2,2,2,2,2,2,2,2,2,2,1,2,2,1,2,2,0,0,0
2008,31,33,1,310062,1,7,1,1,4,2,1,2,1,1,1,2,1,2,2,2,2,2,1,2,2,2,2,2,2,2,2,2,1,2,2,0,0,0
2008,31,79,1,310063,1,7,1,2,4,2,6,2,1,2,1,2,1,2,2,2,2,2,1,2,2,1,1,1,1,2,2,1,1,2,2,0,0,0
2008,31,119,1,310064,1,7,1,2,2,2,6,2,1,1,1,2,1,2,2,2,2,2,1,2,2,2,2,2,2,2,2,2,1,2,2,0,0,0
2008,31,15,1,310065,1,7,1,2,4,2,3,2,1,2,1,2,1,2,2,2,2,2,1,2,1,1,1,1,1,2,2,1,1,2,2,0,0,0
2008,31,55,1,310066,1,7,1,2,1,1,5,1,4,2,2,2,2,2,1,2,2,2,2,2,2,2,2,2,2,2,1,1,2,2,2,0,0,0
2008,31,109,1,310067,1,7,1,1,1,2,1,2,6,1,1,2,2,1,2,2,2,2,2,2,2,2,2,2,2,2,2,2,2,2,2,0,0,0
2008,31,153,1,310068,1,7,1,2,1,1,3,1,4,1,1,2,2,2,2,2,2,2,2,2,1,2,2,2,2,2,2,2,2,2,2,0,0,0
2008,31,23,2,310069,1,7,1,2,1,1,3,1,4,1,1,2,2,1,2,2,2,2,2,2,3,2,2,2,2,1,2,2,2,2,2,0,0,0
2008,31,155,1,310070,1,7,1,2,4,2,5,2,1,2,2,2,1,2,2,2,2,2,1,2,3,2,2,2,2,1,2,2,1,2,2,0,0,0
2008,31,25,1,310071,1,7,1,2,2,2,3,2,1,1,1,2,1,2,1,2,2,2,2,2,2,2,2,2,2,2,2,2,1,2,2,0,0,0
2008,31,109,1,310072,1,7,2,2,1,1,3,1,4,1,2,2,2,2,2,2,2,2,2,2,3,2,2,2,2,1,2,2,2,2,2,0,0,0
2008,31,143,1,310073,1,7,1,2,1,2,3,3,1,2,1,2,1,2,1,2,2,2,2,2,2,2,2,2,2,1,2,2,2,2,2,0,0,0
2008,31,25,1,310074,1,7,1,2,1,2,3,2,6,2,2,2,2,2,2,2,2,2,2,2,3,2,2,2,2,2,2,2,1,2,2,0,0,0
2008,31,55,1,310075,1,7,2,2,4,1,3,1,1,1,2,2,1,2,2,2,2,2,2,2,3,2,2,2,2,2,2,2,2,2,2,0,0,0
2008,31,33,1,310076,1,7,1,2,4,1,4,1,1,2,2,2,1,2,2,2,2,2,1,2,1,2,2,2,2,2,2,2,2,1,2,0,0,0
2008,31,105,1,310077,1,7,1,2,4,1,5,1,1,2,2,2,1,2,2,2,2,2,1,2,1,2,2,1,1,2,2,1,2,2,2,0,0,0
2008,31,35,1,310078,1,7,1,2,4,2,5,2,1,1,1,2,1,2,2,2,2,2,1,2,2,2,2,2,2,2,2,2,1,2,2,0,0,0
2008,31,33,1,310079,1,7,1,2,4,2,5,2,1,3,2,2,1,2,2,2,2,2,1,2,1,2,2,2,2,2,2,2,1,2,2,0,0,0
2008,31,15,1,310080,1,7,1,2,2,1,3,1,1,2,2,2,1,2,1,2,2,2,2,2,1,2,2,2,2,2,2,2,2,2,2,0,0,0
2008,31,123,1,310081,1,7,1,2,1,2,3,3,2,2,1,2,2,2,2,2,2,2,2,2,2,2,2,2,2,2,1,1,2,1,2,0,0,0
2008,31,67,1,310082,1,7,1,2,4,2,5,2,1,3,1,2,1,2,2,2,2,2,1,2,1,2,2,2,2,2,2,2,1,2,2,0,0,0
2008,31,83,1,310083,1,7,1,2,2,2,3,2,2,2,2,2,1,2,2,2,2,2,2,2,2,2,2,2,2,2,2,2,1,2,2,0,0,0
2008,31,141,2,310084,1,7,1,2,1,2,4,2,4,1,2,2,2,2,2,1,2,2,2,2,2,2,2,2,2,2,1,1,1,2,2,0,0,0
2008,31,45,1,310085,1,7,1,2,4,2,5,2,1,2,1,2,1,2,2,2,2,2,1,2,2,2,2,2,2,2,2,2,1,2,1,0,0,0
2008,31,55,1,310086,1,7,2,2,2,1,3,1,1,1,1,2,1,2,1,2,2,2,2,2,3,2,2,2,2,2,2,2,2,2,2,0,0,0
2008,31,19,2,310087,1,7,1,2,1,2,5,2,1,3,3,2,2,2,2,2,2,2,2,2,2,2,2,1,1,2,2,1,2,2,2,0,0,0
2008,31,109,1,310088,1,7,2,2,4,1,4,1,1,1,2,2,1,2,2,2,2,2,2,2,3,2,2,2,2,1,2,2,2,2,2,0,0,0
2008,31,111,1,310089,1,7,1,2,1,2,4,2,1,2,2,2,1,2,2,2,1,2,2,2,2,1,1,1,1,2,2,1,2,2,2,0,0,0
2008,31,19,1,310090,1,7,2,2,1,2,6,2,1,3,3,2,1,2,2,2,2,2,1,2,2,2,2,2,2,2,2,2,2,2,2,0,0,0
2008,31,147,1,310091,1,7,1,2,1,2,3,2,4,1,1,2,2,1,2,2,2,2,2,2,1,2,2,2,2,2,2,2,1,2,2,0,0,0
2008,31,55,1,310092,1,7,2,2,1,2,6,2,1,2,2,1,1,2,2,2,1,2,2,2,1,2,2,2,2,2,2,2,2,1,2,0,0,0
2008,31,55,1,310093,1,7,2,2,2,2,3,2,1,2,2,2,1,2,2,1,2,2,1,2,1,1,1,1,1,2,2,1,1,2,2,0,0,0
2008,31,127,1,310094,1,7,1,2,1,1,3,1,4,2,1,2,2,1,2,2,2,2,2,2,1,1,1,1,1,2,2,1,2,2,2,0,0,0
2008,31,123,1,310095,1,7,1,2,4,2,6,2,1,2,2,2,1,2,2,2,2,2,1,2,1,2,2,2,2,2,2,2,1,2,2,0,0,0
2008,31,37,1,310096,1,7,1,2,4,1,4,1,1,2,2,2,1,2,2,2,2,2,2,2,2,2,2,2,2,2,2,2,2,2,2,0,0,0
2008,31,53,1,310097,1,7,1,2,4,2,5,2,1,2,2,2,1,2,1,2,2,2,2,2,1,2,2,2,2,2,2,2,1,2,2,0,0,0
2008,31,153,1,310098,1,7,2,2,1,1,3,1,4,1,2,2,3,2,2,2,2,2,2,2,2,1,1,1,1,2,2,1,2,2,2,0,0,0
2008,31,67,1,310099,1,7,2,2,4,2,3,2,2,1,1,2,1,2,2,2,2,2,2,2,2,2,2,2,2,1,2,2,2,2,2,0,0,0
2008,31,109,1,310100,1,7,2,2,2,1,4,1,1,2,2,2,1,2,1,1,2,2,2,2,2,2,2,2,2,2,2,2,2,2,2,0,0,0
2008,31,23,1,310101,1,7,1,2,1,1,4,1,3,1,1,2,2,1,2,2,2,2,2,2,2,2,2,2,2,2,1,1,2,2,2,0,0,0
2008,31,101,1,310102,1,7,1,2,4,1,6,1,1,2,1,2,1,2,2,2,2,2,2,2,1,2,2,2,2,2,2,2,2,2,2,0,0,0
2008,31,153,1,310103,1,7,1,2,4,2,4,2,1,2,2,2,1,2,2,2,2,2,1,2,1,1,1,1,1,2,2,1,1,2,2,0,0,0
2008,31,157,1,310104,1,7,1,2,1,1,6,1,4,1,1,2,2,2,2,2,2,2,1,2,2,1,1,1,1,1,2,1,2,2,2,0,0,0
2008,31,3,1,310105,1,7,1,2,1,2,4,2,1,2,1,2,1,2,1,2,2,2,2,2,3,2,2,2,2,2,1,1,2,2,2,0,0,0
2008,31,137,1,310106,1,7,1,2,1,1,3,1,4,2,2,2,2,2,2,2,2,2,2,2,2,1,1,1,1,2,2,1,2,2,2,0,0,0
2008,31,109,1,310107,1,7,1,2,1,1,3,1,4,1,2,2,2,2,2,2,2,2,2,2,2,2,2,2,2,2,2,2,2,2,2,0,0,0
2008,31,141,2,310108,1,7,1,2,1,1,3,1,4,2,1,2,2,1,2,2,2,2,1,2,2,2,2,2,2,2,2,2,2,2,2,0,0,0
2008,31,19,1,310109,1,7,1,2,1,1,3,1,4,1,1,2,2,2,1,2,2,2,1,2,2,2,2,2,2,1,2,2,2,2,2,0,0,0
2008,31,109,2,310110,1,7,1,2,1,2,4,2,3,2,1,2,2,2,2,2,2,2,1,2,2,1,1,1,1,2,2,1,1,2,2,0,0,0
2008,31,41,1,310111,1,7,1,2,4,2,5,2,1,2,2,2,1,2,1,2,2,2,2,2,2,2,2,2,2,2,2,2,1,2,2,0,0,0
2008,31,119,1,310112,1,7,2,2,4,1,6,1,1,1,2,2,1,2,2,2,2,2,2,2,2,2,2,2,2,1,2,2,2,2,2,0,0,0
2008,31,107,1,310113,1,7,1,2,1,2,4,2,1,2,1,2,1,2,1,2,2,2,2,2,3,2,2,2,2,2,2,2,2,2,2,1,1,1
2008,31,53,1,310114,1,7,1,2,4,2,3,2,1,2,2,2,1,2,2,2,2,2,1,2,1,2,2,2,2,2,2,2,1,2,2,0,0,0
2008,31,51,1,310115,1,7,1,2,1,2,4,2,4,1,2,2,2,2,1,2,2,2,2,2,3,2,2,2,2,1,2,2,2,2,2,0,0,0
2008,31,51,1,310116,1,7,1,2,4,2,3,2,1,2,1,2,1,2,1,2,2,2,2,2,2,2,2,2,2,2,2,2,2,2,2,0,0,0
2008,31,153,1,310117,1,7,1,2,1,1,4,1,4,1,1,2,2,1,2,2,2,2,2,2,1,1,1,1,1,2,2,1,2,2,2,0,0,0
2008,31,151,1,310118,1,7,1,2,1,1,6,1,4,1,1,2,2,2,2,2,2,2,1,2,2,1,2,1,2,2,2,2,2,2,2,0,0,0
2008,31,159,1,310119,1,7,1,2,1,1,6,1,4,2,2,2,2,2,2,2,2,2,2,2,2,1,1,1,1,2,2,1,2,2,2,0,0,0
2008,31,153,1,310120,1,7,1,2,1,1,4,1,4,1,2,2,2,2,2,2,2,2,2,2,2,2,2,2,2,1,2,2,2,2,2,0,0,0
2008,31,79,1,310121,1,7,1,2,2,2,6,2,1,2,1,2,1,2,2,1,2,2,1,2,1,2,2,1,1,2,2,1,1,2,2,0,0,0
2008,31,19,1,310122,1,7,1,2,4,2,6,2,1,2,1,2,1,2,2,2,2,2,1,2,2,1,1,1,1,2,2,1,1,2,2,0,0,0
2008,31,39,1,310123,1,7,1,2,4,2,6,2,1,3,1,2,1,2,2,2,2,2,1,2,1,1,1,1,1,2,2,1,1,2,2,0,0,0
2008,31,61,1,310124,1,7,1,2,4,2,5,2,1,2,2,2,1,2,2,2,2,2,1,2,3,2,2,2,2,2,2,2,1,2,2,0,0,0
2008,31,37,2,310125,1,7,1,2,1,1,5,1,4,3,1,2,2,2,2,2,2,2,2,2,2,2,2,1,1,2,2,1,2,2,2,0,0,0
2008,31,89,1,310126,1,7,1,2,4,2,6,2,1,2,1,2,1,2,2,2,2,2,1,2,1,2,2,2,2,2,2,2,1,2,2,0,0,0
2008,31,55,1,310127,1,7,2,2,1,2,4,2,4,2,2,2,2,2,1,1,2,2,2,2,2,2,2,2,2,2,2,2,1,2,2,0,0,0
2008,31,55,1,310128,1,7,2,2,1,1,3,1,4,1,1,2,3,2,1,2,2,2,2,2,3,2,2,1,1,1,2,1,2,2,2,0,0,0
2008,31,63,1,310129,1,7,1,2,1,1,3,1,4,1,1,2,2,2,2,2,2,2,2,2,3,2,2,2,2,2,1,1,2,2,2,0,0,0
2008,31,67,1,310130,1,7,1,2,1,1,4,1,4,1,1,2,2,1,2,2,2,2,2,2,2,2,2,2,2,1,1,1,2,2,2,0,0,0
2008,31,161,1,310131,1,7,1,2,4,2,3,2,1,2,2,2,1,2,2,2,2,2,1,2,1,2,2,2,2,2,2,2,1,2,2,0,0,0
2008,31,111,1,310132,1,7,1,1,1,2,1,2,4,2,2,2,2,1,2,2,2,2,1,2,2,2,2,2,2,2,2,2,2,2,2,0,0,0
2008,31,19,1,310133,1,7,1,2,4,2,6,2,1,3,1,2,1,2,2,2,2,2,1,2,1,2,2,2,2,2,2,2,1,2,2,0,0,0
2008,31,33,1,310134,1,7,1,1,1,2,1,2,1,1,2,2,1,2,1,2,2,2,2,2,2,2,2,2,2,1,2,2,2,2,2,0,0,0
2008,31,159,1,310135,1,7,1,2,1,1,4,1,4,1,1,2,2,2,2,2,2,2,2,2,3,1,1,1,1,2,2,1,2,2,2,0,0,0
2008,31,139,1,310136,1,7,1,2,1,1,6,1,4,1,1,2,2,2,2,2,2,2,2,2,2,1,1,1,1,2,2,1,2,2,2,0,0,0
2008,31,109,1,310137,1,7,1,2,1,1,5,1,4,1,1,2,2,1,2,2,2,2,1,2,2,2,2,2,2,2,2,2,2,2,2,0,0,0
2008,31,129,1,310138,1,7,1,2,1,1,4,1,4,1,1,2,2,2,2,2,2,2,2,2,2,2,2,2,2,1,2,2,2,2,2,0,0,0
2008,31,79,1,310139,1,7,1,2,1,1,3,1,2,1,1,2,2,1,2,2,2,2,2,2,2,2,2,2,2,2,2,2,2,2,2,0,0,0
2008,31,87,1,310140,1,7,1,2,4,2,3,2,1,1,1,2,1,1,2,2,2,2,1,2,2,2,2,2,2,1,2,2,1,2,2,0,0,0
2008,31,49,2,310141,1,7,1,1,1,2,1,2,1,1,1,2,1,2,2,2,2,2,1,2,2,2,2,2,2,1,2,2,1,2,2,0,0,0
2008,31,25,1,310142,1,7,1,2,1,1,4,1,4,1,1,2,2,1,2,2,2,2,2,2,3,2,2,2,2,1,2,2,2,2,2,0,0,0
2008,31,153,1,310143,1,7,1,2,1,1,4,1,4,1,2,2,2,2,2,2,2,2,2,2,1,2,2,1,1,2,2,1,2,2,2,0,0,0
2008,31,141,1,310144,1,7,1,2,4,2,6,2,1,1,1,2,1,2,2,2,2,2,1,2,2,2,2,2,2,2,1,1,1,2,2,0,0,0
2008,31,23,1,310145,1,7,1,2,4,2,4,2,1,1,1,2,1,2,2,2,2,2,1,2,1,2,2,2,2,2,2,2,1,2,2,0,0,0
2008,31,33,1,310146,1,7,1,2,4,2,3,2,1,2,2,2,1,2,2,2,2,2,2,2,1,2,2,2,2,2,1,1,1,2,2,0,0,0
2008,31,79,1,310147,1,7,2,2,1,1,4,1,3,2,2,2,2,2,2,2,2,2,2,2,1,2,2,2,2,2,2,2,2,2,2,0,0,0
2008,31,55,1,310148,1,7,1,2,1,2,4,2,4,1,1,2,2,1,2,2,2,2,2,2,2,2,2,2,2,2,2,2,1,2,2,0,0,0
2008,31,65,1,310149,1,7,1,2,1,2,4,2,1,3,2,2,1,2,2,2,2,2,1,2,2,2,2,2,2,2,2,2,1,2,2,0,0,0
2008,31,121,1,310150,1,7,1,2,1,1,5,1,4,1,2,2,2,2,2,2,2,2,2,2,2,1,1,1,1,2,2,1,2,2,2,0,0,0
2008,31,25,3,310151,1,7,1,2,1,2,6,2,4,2,2,2,2,2,2,2,2,2,2,2,1,1,2,1,2,2,2,2,1,2,2,0,0,0
2008,31,49,1,310152,1,7,1,1,1,2,1,2,2,1,2,1,3,1,2,2,2,2,1,2,3,2,2,2,2,2,2,2,2,2,2,0,0,0
2008,31,63,1,310153,1,7,1,2,1,2,6,2,1,3,3,2,1,2,2,2,2,2,1,2,3,2,2,2,2,2,1,1,1,2,2,0,0,0
2008,31,49,2,310154,1,7,1,1,4,2,1,2,1,1,1,2,1,2,2,1,2,2,1,2,2,2,2,2,2,2,2,2,1,2,2,0,0,0
2008,31,109,1,310155,1,7,1,2,4,1,5,1,1,2,2,2,1,2,2,2,2,2,1,2,1,1,1,1,1,2,2,1,2,1,2,0,0,0
2008,31,157,1,310156,1,7,1,2,1,2,3,2,4,1,1,2,2,2,2,2,2,2,2,2,2,1,1,1,1,1,2,1,1,2,2,0,0,0
2008,31,1,1,310157,1,7,2,2,1,1,4,1,4,2,1,2,2,2,2,2,2,2,2,2,1,1,1,1,1,2,1,1,2,2,2,0,0,0
2008,31,43,1,310158,1,7,1,2,4,2,6,2,1,1,2,2,1,2,2,2,2,2,1,2,1,2,2,2,2,2,2,2,1,2,2,0,0,0
2008,31,89,1,310159,1,7,1,2,4,2,3,2,1,2,1,2,1,2,2,2,2,2,1,2,3,2,2,2,2,1,2,2,1,2,2,0,0,0
2008,31,47,1,310160,1,7,1,2,1,1,6,1,4,1,1,2,2,2,2,2,2,2,1,2,2,1,1,1,1,1,2,1,2,1,2,0,0,0
2008,31,67,1,310161,1,7,1,2,1,1,5,1,4,1,1,2,2,2,2,2,2,2,1,2,2,2,2,2,2,1,1,1,2,2,2,0,0,0
2008,31,105,2,310162,1,7,1,1,4,2,1,2,1,1,1,2,1,2,2,2,2,2,1,2,2,2,2,2,2,1,2,2,1,2,2,0,0,0
2008,31,131,1,310163,1,7,2,2,1,1,3,1,4,1,1,2,2,1,2,2,2,2,1,2,3,2,2,2,2,1,2,2,2,2,2,0,0,0
2008,31,51,1,310164,1,7,1,2,1,2,4,2,4,1,2,2,2,2,2,1,2,2,2,2,3,2,2,2,2,2,2,2,1,2,2,0,0,0
2008,31,35,1,310165,1,7,1,2,4,1,4,1,1,2,1,2,1,2,2,1,2,2,2,2,1,1,1,1,1,2,2,1,2,2,2,0,0,0
2008,31,157,1,310166,1,7,1,2,1,2,3,2,2,1,1,2,3,1,2,2,2,2,2,2,3,2,2,2,2,2,2,2,2,2,2,0,0,0
2008,31,107,1,310167,1,7,1,2,4,1,5,1,1,2,2,2,1,2,2,2,2,2,1,2,1,2,2,2,2,2,2,2,2,2,2,0,0,0
2008,31,185,2,310168,1,7,1,1,4,2,1,2,1,2,2,2,1,2,2,1,2,2,1,2,2,2,2,2,2,2,2,2,1,2,2,0,0,0
2008,31,137,1,310169,1,7,1,2,1,2,6,2,1,1,1,2,1,2,2,1,2,2,1,2,2,1,1,1,1,2,2,1,1,2,2,0,0,0
2008,31,143,1,310170,1,7,1,2,4,1,6,1,1,1,2,2,1,2,2,2,2,2,1,2,2,1,1,1,1,2,2,1,2,1,2,0,0,0
2008,31,127,1,310171,1,7,1,2,4,2,4,2,1,2,2,2,1,2,2,2,2,2,1,2,1,2,2,2,2,2,2,2,1,2,2,0,0,0
2008,31,19,1,310172,1,7,1,2,1,2,4,2,3,1,1,2,2,2,2,2,2,2,2,2,2,2,2,2,2,1,1,1,1,2,2,0,0,0
2008,31,83,1,310173,1,7,1,2,4,2,5,2,1,1,1,2,1,2,2,1,2,2,1,2,1,2,2,2,2,2,2,2,1,2,2,0,0,0
2008,31,55,1,310174,1,7,1,2,4,2,4,2,1,1,1,2,1,2,2,2,2,2,1,2,1,2,2,2,2,2,2,2,1,2,2,0,0,0
2008,31,129,1,310175,1,7,1,2,4,2,5,2,1,3,1,2,1,2,2,2,2,2,1,2,1,2,2,2,2,2,2,2,1,2,2,0,0,0
2008,31,105,1,310176,1,7,1,2,1,2,3,2,3,2,1,2,2,1,2,2,2,2,1,2,3,2,2,2,2,1,2,2,1,2,2,0,0,0
2008,31,99,1,310177,1,7,1,2,1,1,3,1,4,1,1,2,2,1,2,2,2,2,2,2,2,2,2,2,2,2,2,2,2,2,2,0,0,0
2008,31,97,1,310178,1,7,1,2,4,2,4,2,1,3,3,2,1,2,2,2,2,2,1,2,1,2,2,1,1,2,2,1,1,2,2,0,0,0
2008,31,159,1,310179,1,7,1,1,4,2,1,2,1,1,1,2,1,1,2,2,2,2,1,2,2,2,2,2,2,2,2,2,1,2,2,0,0,0
2008,31,13,1,310180,1,7,2,2,1,2,6,2,1,1,1,2,1,2,2,2,1,2,2,2,2,2,2,2,2,2,2,2,2,2,2,0,0,0
2008,31,153,1,310181,1,7,1,1,1,2,1,2,4,1,1,2,2,2,2,2,2,2,1,2,3,2,2,2,2,2,1,1,1,2,2,0,0,0
2008,31,99,1,310182,1,7,1,2,1,2,4,2,4,1,2,2,2,2,2,2,2,2,2,2,2,2,2,2,2,2,2,2,1,2,2,0,0,0
2008,31,181,1,310183,1,7,1,2,4,2,4,2,1,2,2,2,1,2,2,2,2,2,1,2,1,2,2,2,2,2,2,2,1,2,2,0,0,0
2008,31,55,1,310184,1,7,1,2,1,2,5,2,4,1,1,2,2,2,2,2,2,2,2,2,2,2,2,2,2,2,2,2,1,2,2,0,0,0
2008,31,35,1,310185,1,7,1,2,1,2,5,2,3,1,1,2,2,2,2,2,2,2,2,2,2,2,2,2,2,1,2,2,1,2,2,0,0,0
2008,31,59,2,310186,1,7,1,2,1,1,3,1,4,3,3,2,2,2,2,2,2,2,1,2,2,2,2,2,2,1,2,2,2,2,2,0,0,0
2008,31,123,1,310187,1,7,1,2,1,2,3,2,4,1,1,2,2,2,2,2,2,2,2,2,2,2,2,2,2,1,2,2,1,2,1,0,0,0
2008,31,99,1,310188,1,7,1,2,1,1,3,1,4,2,1,2,2,1,2,2,2,2,2,2,2,2,2,2,2,2,1,1,2,2,2,0,0,0
2008,32,31,1,320001,1,8,2,2,2,2,4,2,2,2,1,2,1,2,1,2,2,2,2,2,1,2,2,2,2,2,2,2,2,2,2,0,0,0
2008,32,31,1,320002,1,8,2,2,3,2,3,2,1,1,1,2,1,2,2,2,2,2,2,2,2,2,2,2,2,2,2,2,1,2,2,0,0,0
2008,32,31,1,320003,1,8,1,1,4,1,1,1,1,2,1,2,1,2,2,2,2,2,1,2,1,2,2,2,2,2,1,1,1,2,2,0,0,0
2008,32,13,1,320004,1,8,1,1,3,2,1,2,1,1,2,2,1,2,2,1,2,2,1,2,2,2,2,2,2,2,2,2,1,2,2,0,0,0
2008,32,3,1,320005,1,8,2,2,2,2,4,2,1,1,1,2,1,2,2,2,2,2,2,2,2,2,2,2,2,2,2,2,1,2,2,0,0,0
2008,32,3,1,320006,1,8,2,2,1,2,4,2,1,1,1,2,1,2,2,2,1,2,2,2,3,2,2,2,2,2,2,2,2,2,2,0,0,0
2008,32,3,1,320007,1,8,2,2,2,2,2,2,1,2,1,2,1,2,2,2,2,2,1,2,2,2,2,2,2,2,2,2,1,2,2,0,0,0
2008,32,3,1,320008,1,8,2,2,2,1,5,1,1,1,2,2,1,2,2,1,2,2,1,1,1,2,2,2,2,2,2,2,2,2,2,0,0,0
2008,32,27,1,320009,1,8,1,1,3,2,1,2,1,1,1,2,1,2,2,1,2,2,1,2,2,2,2,2,2,2,1,1,1,2,2,0,0,0
2008,32,19,1,320010,1,8,1,2,1,2,3,2,1,2,1,2,1,2,2,2,1,2,2,2,2,2,2,2,2,2,2,2,2,2,2,0,0,0
2008,32,3,1,320011,1,8,2,2,1,2,4,2,1,2,2,2,1,2,2,2,1,2,2,2,3,2,2,2,2,2,2,2,2,2,2,0,0,0
2008,32,3,1,320012,1,8,2,2,3,2,2,2,1,2,2,2,1,2,2,1,2,2,1,2,1,2,2,2,2,2,1,1,1,2,2,0,0,0
2008,32,3,1,320013,1,8,2,2,4,2,6,2,1,2,1,2,1,2,2,1,2,2,2,2,1,2,2,2,2,2,1,1,1,2,2,0,0,0
2008,32,23,3,320014,1,8,1,2,1,2,3,2,4,1,1,2,2,2,2,2,2,2,2,2,3,1,1,1,1,2,2,1,1,2,2,0,0,0
2008,32,1,1,320015,1,8,1,2,4,2,3,2,1,1,2,2,1,2,2,1,2,2,1,2,3,2,2,2,2,1,2,2,1,2,2,0,0,0
2008,32,7,1,320016,1,8,1,1,1,2,1,2,4,1,1,2,2,2,2,2,2,2,2,2,3,2,2,2,2,1,2,2,2,2,2,0,0,0
2008,32,3,1,320017,1,8,2,2,1,1,3,1,1,1,1,2,1,2,2,2,1,2,2,2,3,2,2,2,2,2,2,2,2,2,2,0,0,0
2008,32,3,1,320018,1,8,2,2,1,1,4,1,4,1,2,2,3,2,2,1,2,2,2,2,3,2,2,1,1,1,2,1,2,2,2,0,0,0
2008,32,31,1,320019,1,8,2,2,1,2,2,2,1,2,1,2,2,2,2,2,2,2,2,2,2,2,2,2,2,2,2,2,2,2,2,0,0,0
2008,32,23,1,320020,1,8,1,2,1,2,5,2,4,1,1,2,2,2,2,2,2,2,1,2,3,2,2,2,2,1,2,2,1,2,2,0,0,0
2008,32,3,1,320021,1,8,2,2,1,1,4,1,4,1,1,1,2,2,2,2,2,2,2,2,3,2,2,2,2,2,2,2,2,2,2,0,0,0
2008,32,3,1,320022,1,8,2,2,4,2,3,2,1,2,1,2,2,2,1,1,2,2,2,2,2,2,2,1,1,2,1,1,1,2,2,0,0,0
2008,32,3,1,320023,1,8,2,2,1,1,4,1,4,1,1,2,3,2,2,1,2,2,2,2,3,2,2,2,2,1,2,2,2,2,2,0,0,0
2008,32,3,1,320024,1,8,2,2,1,1,4,1,1,1,1,2,1,2,1,1,2,2,2,2,2,2,2,2,2,2,2,2,2,2,2,0,0,0
2008,32,3,1,320025,1,8,2,2,1,2,3,2,1,2,1,2,1,2,2,2,1,2,2,2,3,2,2,2,2,2,1,1,2,2,2,0,0,0
2008,32,3,1,320027,1,8,1,2,4,2,5,2,1,1,1,2,1,2,2,2,2,2,1,2,2,2,2,2,2,2,2,2,2,2,2,0,0,0
2008,32,3,1,320028,1,8,2,2,1,2,4,2,1,1,1,2,1,2,2,2,1,2,2,2,1,2,2,2,2,2,2,2,2,2,2,0,0,0
2008,32,3,2,320029,1,8,2,2,3,2,2,2,1,2,1,2,1,2,2,2,2,2,1,2,1,1,1,1,1,2,2,1,1,2,2,0,0,0
2008,32,3,1,320030,1,8,2,2,1,2,6,2,1,2,1,1,1,2,2,2,2,2,2,2,3,2,2,2,2,2,2,2,2,2,2,0,0,0
2008,32,3,1,320031,1,8,2,2,1,2,4,2,1,2,2,2,1,2,2,2,1,2,2,2,3,2,2,1,1,2,2,1,2,2,2,0,0,0
2008,32,3,1,320032,1,8,2,2,1,2,4,2,3,2,2,2,2,1,2,2,2,2,2,2,1,2,2,2,2,2,2,2,2,2,2,0,0,0
2008,32,3,1,320033,1,8,2,2,1,1,3,1,1,1,1,2,2,2,2,2,1,2,2,2,3,2,2,2,2,2,2,2,2,2,2,0,0,0
2008,32,3,1,320034,1,8,2,1,1,2,1,3,4,2,1,2,2,2,1,2,2,2,2,2,3,2,2,1,1,2,2,1,2,2,2,0,0,0
2008,32,5,1,320035,1,8,1,2,1,2,3,2,4,1,1,2,2,2,2,2,2,2,2,2,2,2,2,2,2,2,2,2,2,2,2,0,0,0
2008,32,3,1,320036,1,8,2,2,4,2,6,2,1,2,2,2,1,2,2,1,2,2,2,2,1,2,2,2,2,2,2,2,1,2,2,0,0,0
2008,32,3,1,320037,1,8,2,2,1,2,3,3,1,2,2,1,1,2,2,2,1,2,2,2,3,2,2,2,2,2,2,2,2,2,2,0,0,0
2008,32,3,1,320038,1,8,2,2,1,2,3,2,1,2,2,2,1,2,2,2,2,2,1,2,1,2,2,2,2,2,2,2,1,2,2,0,0,0
2008,32,23,1,320039,1,8,2,2,4,2,3,2,1,1,1,2,1,2,2,2,2,2,1,2,2,2,2,2,2,2,2,2,1,2,2,0,0,0
2008,32,23,1,320040,1,8,2,2,1,2,2,2,5,2,1,2,2,1,2,2,2,2,1,2,3,2,2,2,2,2,2,2,1,2,2,0,0,0
2008,32,3,1,320041,1,8,2,2,1,2,4,2,1,2,1,2,1,2,2,1,2,2,1,2,1,2,2,2,2,2,1,1,2,2,2,0,0,0
2008,32,3,1,320042,1,8,1,1,1,2,1,2,1,2,1,2,1,2,2,2,2,2,1,2,2,2,2,2,2,2,1,1,2,2,2,0,0,0
2008,32,3,1,320043,1,8,2,2,4,2,3,2,1,2,2,2,1,2,2,1,2,2,1,2,1,2,2,2,2,2,2,2,1,2,2,0,0,0
2008,32,3,1,320044,1,8,2,2,1,2,3,2,4,2,1,2,2,2,1,1,2,2,2,2,3,2,2,2,2,2,2,2,2,2,2,0,0,0
2008,32,31,1,320045,1,8,1,2,1,1,4,1,4,2,1,2,2,2,2,2,2,2,2,1,2,2,2,2,2,2,2,2,2,2,2,0,0,0
2008,32,3,1,320046,1,8,2,2,1,1,4,1,4,1,2,2,2,2,1,2,2,2,2,2,3,1,1,1,1,2,2,1,2,2,2,0,0,0
2008,32,7,1,320047,1,8,1,2,4,2,3,2,1,2,1,2,1,2,2,2,2,2,1,2,3,2,2,2,2,1,2,2,1,2,2,0,0,0
2008,32,3,1,320048,1,8,2,2,4,2,6,2,1,1,1,2,1,2,2,2,2,2,2,2,3,2,2,2,2,1,2,2,1,2,2,0,0,0
2008,32,3,1,320049,1,8,2,2,4,2,4,2,1,2,2,2,1,2,1,2,2,2,2,2,1,2,2,2,2,2,2,2,1,2,2,0,0,0
2008,32,510,1,320050,1,8,2,2,1,1,4,1,1,2,2,2,1,2,1,1,2,2,2,1,2,2,2,2,2,2,2,2,2,2,2,0,0,0
2008,32,3,1,320051,1,8,2,2,4,2,5,2,1,2,1,2,1,2,2,2,2,2,2,2,2,2,2,2,2,2,1,1,1,2,2,0,0,0
2008,32,7,4,320052,1,8,1,2,1,2,3,2,4,1,2,2,2,2,2,1,2,2,2,2,2,2,2,2,2,2,2,2,1,2,2,0,0,0
2008,32,3,1,320053,1,8,2,2,1,1,4,1,1,2,2,2,1,2,2,2,1,2,2,2,3,2,2,2,2,1,2,2,2,2,2,0,0,0
2008,32,3,1,320054,1,8,2,2,1,2,3,2,1,2,2,1,1,2,2,2,1,2,2,2,3,2,2,2,2,2,2,2,2,2,2,0,0,0
2008,32,3,1,320055,1,8,2,2,1,1,3,1,4,1,1,2,2,2,2,2,2,2,2,2,2,2,2,2,2,1,2,2,2,2,2,0,0,0
2008,32,3,1,320056,1,8,2,2,1,2,4,2,4,1,1,2,3,2,1,1,2,2,2,2,3,2,2,2,2,2,1,1,2,2,2,0,0,0
2008,32,3,1,320057,1,8,2,2,1,2,4,3,4,1,1,2,2,2,1,2,2,2,2,2,2,2,2,2,2,2,2,2,2,1,2,0,0,0
2008,32,3,2,320058,1,8,2,1,1,2,1,2,1,2,1,1,2,1,2,2,1,2,2,2,3,2,2,2,2,2,2,2,1,2,2,0,0,0
2008,32,31,1,320059,1,8,2,2,1,1,2,1,4,1,1,2,2,2,1,2,2,2,2,2,2,2,2,2,2,1,2,2,2,2,2,0,0,0
2008,32,3,1,320060,1,8,2,2,1,1,4,1,4,1,1,2,2,2,1,1,2,2,2,2,3,2,2,1,1,2,2,1,2,2,2,0,0,0
2008,32,3,1,320061,1,8,2,2,2,2,4,2,2,2,1,2,1,2,2,1,2,2,2,2,1,2,2,2,2,2,2,2,2,2,2,0,0,0
2008,32,3,1,320062,1,8,1,2,2,2,3,2,1,1,2,2,1,2,2,2,2,2,1,2,2,2,2,2,2,2,2,2,2,2,2,0,0,0
2008,32,3,1,320063,1,8,1,2,4,2,3,2,1,2,2,2,1,2,1,2,2,2,2,2,1,2,2,2,2,2,2,2,1,2,2,0,0,0
2008,32,3,1,320064,1,8,2,2,1,1,4,1,1,2,1,2,1,2,2,2,1,2,2,2,3,1,1,1,1,2,2,1,2,2,2,0,0,0
2008,32,3,1,320065,1,8,2,2,1,1,4,1,1,2,1,2,1,2,2,2,2,1,2,2,3,2,2,2,2,2,2,2,2,2,2,0,0,0
2008,32,3,1,320066,1,8,2,2,1,1,6,1,4,1,1,2,2,2,2,2,2,2,2,2,2,2,2,2,2,2,2,2,2,2,2,0,0,0
2008,32,3,1,320067,1,8,2,2,4,2,3,2,1,1,2,2,1,2,1,2,2,2,2,2,1,2,2,2,2,2,2,2,1,2,2,0,0,0
2008,32,3,1,320068,1,8,1,2,4,2,3,2,1,2,1,2,1,2,2,2,2,2,2,2,2,2,2,2,2,2,2,2,1,2,2,0,0,0
2008,32,3,1,320069,1,8,2,2,1,2,4,2,1,1,1,1,1,2,2,2,1,2,2,2,1,2,2,2,2,2,2,2,2,2,2,0,0,0
2008,32,31,1,320070,1,8,2,2,4,2,4,2,1,1,1,2,1,2,2,2,2,2,1,2,2,2,2,2,2,2,2,2,1,2,2,0,0,0
2008,32,3,1,320071,1,8,2,2,1,1,6,1,4,1,1,2,2,2,2,2,2,2,2,2,3,2,2,2,2,2,2,2,2,1,2,0,0,0
2008,32,23,1,320072,1,8,1,2,2,2,3,2,1,2,1,2,1,2,1,2,2,2,2,2,1,2,2,2,2,2,2,2,1,2,2,0,0,0
2008,32,31,1,320073,1,8,2,2,4,1,4,1,1,1,1,2,1,2,1,1,2,2,2,2,2,2,2,2,2,2,2,2,2,2,2,0,0,0
2008,32,3,1,320074,1,8,2,2,1,1,4,1,1,2,1,2,1,2,2,2,2,2,2,2,3,2,2,2,2,2,2,2,2,2,2,0,0,0
2008,32,31,1,320075,1,8,1,2,4,2,4,2,1,2,1,2,1,2,1,2,2,2,2,2,1,2,2,2,2,2,2,2,1,2,2,0,0,0
2008,32,3,1,320076,1,8,2,2,4,2,6,2,1,2,2,2,1,2,2,1,2,2,2,2,1,2,2,2,2,2,2,2,1,2,2,0,0,0
2008,32,3,1,320077,1,8,2,1,1,2,1,2,2,2,2,2,2,2,2,2,2,2,2,2,3,2,2,2,2,2,2,2,2,1,2,0,0,0
2008,32,510,1,320078,1,8,1,2,1,2,6,2,1,2,2,2,1,2,2,2,2,2,1,2,1,2,2,2,2,2,1,1,2,2,2,0,0,0
2008,32,3,1,320079,1,8,2,2,3,2,2,2,1,1,2,2,1,2,2,2,2,2,1,2,2,2,2,1,1,2,2,1,1,2,2,0,0,0
2008,32,3,1,320080,1,8,1,2,4,2,5,2,1,1,2,2,1,2,2,2,2,2,1,2,1,2,2,2,2,2,1,1,1,2,2,0,0,0
2008,32,3,1,320081,1,8,2,2,1,2,4,3,4,1,1,2,2,2,1,1,2,2,2,2,3,2,2,2,2,2,2,2,2,2,2,0,0,0
2008,32,3,1,320082,1,8,2,2,4,2,4,2,1,2,1,2,1,2,2,1,1,2,2,2,3,2,2,2,2,2,2,2,1,2,2,0,0,0
2008,32,3,1,320083,1,8,1,2,4,2,5,2,1,2,1,2,1,2,1,2,2,2,2,2,2,2,2,2,2,2,2,2,1,2,2,0,0,0
2008,32,19,1,320084,1,8,1,2,4,2,5,2,1,1,2,2,1,2,2,1,2,2,1,2,2,2,2,2,2,2,2,2,1,2,2,0,0,0
2008,32,3,1,320085,1,8,2,2,4,2,5,2,1,2,2,2,1,2,2,1,2,2,1,2,1,2,2,2,2,2,2,2,1,2,2,0,0,0
2008,32,510,1,320086,1,8,1,2,1,2,4,3,4,1,2,2,2,2,2,2,2,2,2,2,3,2,2,2,2,1,2,2,2,2,2,0,0,0
2008,32,3,1,320087,1,8,2,2,1,1,4,1,3,1,2,2,3,2,2,2,2,2,2,2,3,2,2,2,2,2,1,1,2,2,2,0,0,0
2008,32,31,1,320088,1,8,2,2,4,2,4,2,1,1,2,2,1,2,2,2,2,2,2,2,1,2,2,2,2,2,2,2,1,2,2,0,0,0
2008,32,3,1,320089,1,8,2,2,4,2,6,2,1,1,2,2,1,2,1,1,2,2,2,2,1,2,2,2,2,2,2,2,1,2,2,0,0,0
2008,32,3,1,320090,1,8,1,1,2,2,1,2,1,2,2,2,1,2,2,2,2,2,1,2,3,2,2,2,2,2,2,2,1,2,2,0,0,0
2008,32,3,1,320091,1,8,2,2,1,2,3,2,1,1,1,2,1,2,1,2,1,2,2,2,3,2,2,2,2,2,2,2,2,1,2,0,0,0
2008,32,3,1,320092,1,8,2,1,4,2,1,3,1,2,1,2,1,2,2,1,2,2,2,2,1,2,2,2,2,2,2,2,1,2,2,0,0,0
2008,32,3,1,320093,1,8,2,2,1,1,5,1,4,2,2,2,2,2,1,2,2,2,2,2,1,2,2,2,2,2,2,2,2,2,2,0,0,0
2008,32,3,1,320094,1,8,2,2,1,2,3,2,4,2,2,2,2,2,2,2,2,2,2,2,1,2,2,2,2,2,1,1,1,2,2,0,0,0
2008,32,3,1,320095,1,8,2,2,2,2,3,2,1,2,2,2,1,2,1,2,2,2,2,2,2,1,1,1,1,2,2,1,1,2,2,0,0,0
2008,32,3,1,320096,1,8,1,2,4,2,5,2,1,1,2,2,1,2,1,2,2,2,2,2,2,2,2,2,2,2,2,2,1,2,2,0,0,0
2008,32,3,1,320097,1,8,2,2,1,2,4,2,1,2,2,2,1,2,2,2,1,2,2,2,3,2,2,2,2,2,2,2,2,2,2,0,0,0
2008,32,3,1,320099,1,8,2,2,1,1,4,1,4,1,1,2,2,2,1,2,2,2,2,2,1,1,1,1,1,2,2,1,2,2,2,0,0,0
2008,32,3,1,320100,1,8,2,1,4,2,1,2,1,1,2,2,1,2,2,2,2,2,1,2,1,1,1,1,1,2,2,1,1,2,2,0,0,0
2008,32,3,1,320101,1,8,2,2,2,2,2,2,1,1,2,2,1,2,2,2,2,2,1,2,1,2,2,2,2,2,1,1,1,2,2,0,0,0
2008,32,3,1,320102,1,8,2,2,1,2,5,3,4,1,1,2,2,2,1,2,2,2,2,2,1,2,2,2,2,2,2,2,2,2,2,0,0,0
2008,32,31,1,320103,1,8,2,2,1,1,4,1,4,2,2,2,2,2,1,2,2,2,2,2,1,2,2,2,2,2,2,2,2,2,2,0,0,0
2008,32,3,1,320104,1,8,1,1,1,2,1,2,1,1,1,2,1,1,2,2,1,2,2,2,3,2,2,2,2,2,2,2,2,2,2,0,0,0
2008,32,3,1,320105,1,8,2,2,1,2,6,3,4,2,2,2,2,2,2,2,2,2,2,2,3,2,2,2,2,1,2,2,2,2,2,0,0,0
2008,32,19,1,320106,1,8,1,1,1,2,1,2,4,1,1,2,2,2,2,2,2,2,2,2,2,2,2,2,2,2,1,1,2,2,2,0,0,0
2008,32,3,1,320107,1,8,2,2,1,1,4,1,4,1,1,2,2,2,1,2,2,2,2,2,2,2,2,2,2,2,1,1,2,2,2,0,0,0
2008,32,17,1,320108,1,8,1,2,4,2,5,2,1,1,1,2,1,2,2,1,2,2,1,2,2,2,2,2,2,1,2,2,1,2,2,0,0,0
2008,32,33,1,320109,1,8,1,2,1,2,3,2,1,2,2,2,1,2,1,2,2,2,2,2,2,2,2,2,2,2,2,2,2,2,2,0,0,0
2008,32,13,1,320110,1,8,1,2,2,2,5,2,1,2,2,2,1,2,2,2,2,2,1,2,2,2,2,2,2,2,1,1,1,2,2,0,0,0
2008,32,23,1,320111,1,8,1,2,1,2,3,2,4,1,1,2,2,2,1,2,2,2,2,2,3,2,2,2,2,2,2,2,2,2,2,0,0,0
2008,32,3,1,320112,1,8,2,2,1,2,5,3,4,2,2,2,2,2,2,1,2,2,2,2,3,2,2,1,1,2,1,1,2,2,2,0,0,0
2008,32,3,1,320113,1,8,2,2,4,2,4,2,1,2,2,2,1,2,2,1,2,2,1,2,1,2,2,2,2,2,2,2,1,2,2,0,0,0
2008,32,31,2,320114,1,8,2,2,4,2,5,2,1,2,2,2,1,2,2,1,2,2,1,2,1,2,2,2,2,2,1,1,1,1,2,0,0,0
2008,32,3,1,320115,1,8,2,2,4,2,6,2,1,1,2,2,1,2,2,2,2,2,2,2,2,2,2,2,2,2,2,2,1,2,2,0,0,0
2008,32,3,1,320116,1,8,2,2,1,1,5,1,4,2,2,2,2,2,2,2,2,2,2,2,2,2,2,1,1,2,2,1,2,1,2,0,0,0
2008,32,3,1,320117,1,8,2,2,1,2,4,2,4,2,1,2,2,2,2,2,1,2,2,2,1,1,1,1,1,2,2,1,2,2,2,0,0,0
2008,32,31,1,320118,1,8,2,1,1,2,1,3,4,2,1,2,2,2,1,1,2,2,2,2,3,2,2,2,2,2,2,2,2,2,2,0,0,0
2008,32,3,1,320119,1,8,2,2,1,1,3,1,4,2,2,2,2,2,2,1,2,2,2,2,1,2,2,2,2,2,1,1,2,2,2,0,0,0
2008,32,3,1,320120,1,8,1,2,3,2,5,2,1,1,1,2,2,2,2,2,2,2,1,2,1,2,2,2,2,2,2,2,1,2,2,0,0,0
2008,32,3,1,320121,1,8,2,2,1,1,3,1,4,1,1,2,2,2,1,1,2,2,2,2,1,2,2,2,2,1,2,2,2,2,2,0,0,0
2008,32,5,2,320122,1,8,1,2,1,2,3,2,4,1,1,2,2,2,2,2,2,2,2,2,2,2,2,2,2,1,2,2,1,2,2,0,0,0
2008,32,19,1,320123,1,8,1,2,4,2,3,2,1,1,2,2,1,2,2,2,2,2,1,2,2,2,2,2,2,1,2,2,1,2,2,0,0,0
2008,32,19,1,320124,1,8,1,2,4,2,3,2,1,1,1,2,1,2,2,1,2,2,1,2,2,2,2,2,2,2,2,2,1,2,2,0,0,0
2008,32,7,1,320125,1,8,1,1,3,2,1,2,1,2,1,2,1,2,2,1,2,2,1,2,2,1,1,1,1,2,2,1,1,2,1,0,0,0
2008,32,27,1,320126,1,8,1,1,2,2,1,2,1,1,1,2,1,2,2,2,2,2,1,2,2,2,2,2,2,1,2,2,1,2,2,0,0,0
2008,32,33,2,320127,1,8,1,2,1,2,3,2,3,2,1,2,2,1,2,2,2,2,1,2,3,2,2,1,1,2,2,1,1,2,1,0,0,0
2008,32,3,1,320128,1,8,1,2,1,2,4,2,3,2,2,2,2,2,2,2,2,2,2,2,1,2,2,2,2,2,2,2,1,2,2,0,0,0
2008,32,3,1,320129,1,8,1,1,3,2,1,2,1,2,2,2,1,2,2,2,2,2,2,2,1,2,2,2,2,2,2,2,1,2,2,0,0,0
2008,32,31,1,320130,1,8,2,2,1,2,2,2,1,1,2,2,1,2,2,2,2,2,2,2,3,2,2,2,2,2,2,2,2,2,2,0,0,0
2008,32,13,2,320131,1,8,1,2,1,2,3,2,1,2,1,2,2,2,2,2,2,2,1,2,1,1,1,1,1,2,2,1,1,2,2,0,0,0
2008,32,3,1,320132,1,8,2,2,1,1,4,1,4,2,2,2,2,2,2,2,2,2,2,2,3,1,1,1,1,2,2,1,2,2,2,0,0,0
2008,32,7,1,320133,1,8,1,2,2,2,3,2,1,2,1,2,1,2,2,2,2,2,1,2,2,2,2,2,2,2,2,2,1,2,2,0,0,0
2008,32,3,1,320134,1,8,2,2,3,2,4,2,1,1,1,2,2,1,2,2,1,2,2,2,3,1,1,1,1,2,2,1,1,2,2,0,0,0
2008,32,23,1,320135,1,8,2,2,1,2,3,2,1,2,1,2,1,2,2,1,2,2,1,2,3,2,2,2,2,2,2,2,1,2,2,0,0,0
2008,32,3,1,320136,1,8,1,1,1,2,1,2,2,2,1,2,2,1,2,2,2,2,2,2,3,2,2,2,2,1,2,2,2,1,2,0,0,0
2008,32,3,1,320137,1,8,2,2,1,2,3,2,3,2,1,2,2,2,2,2,2,2,1,2,1,2,2,2,2,2,2,2,2,1,2,0,0,0
2008,32,3,1,320138,1,8,2,2,1,2,4,2,1,1,1,2,1,2,2,2,2,1,2,2,2,2,2,2,2,2,2,2,2,2,2,0,0,0
2008,32,3,1,320139,1,8,2,2,1,1,4,1,1,2,2,2,2,2,2,2,1,2,2,2,3,2,2,1,1,2,2,1,2,2,2,0,0,0
2008,32,3,1,320140,1,8,2,2,1,1,3,1,1,1,1,2,1,1,2,2,1,2,2,2,2,2,2,2,2,2,2,2,2,2,2,0,0,0
2008,32,5,1,320141,1,8,1,2,1,1,3,1,4,1,1,2,2,2,2,2,2,2,2,2,2,2,2,2,2,2,2,2,2,2,2,0,0,0
2008,32,3,1,320142,1,8,2,1,1,2,1,2,1,2,1,2,1,2,2,2,1,2,2,2,3,2,2,2,2,2,2,2,2,2,2,0,0,0
2008,32,1,1,320143,1,8,1,2,4,2,3,2,1,1,1,2,1,2,2,2,2,2,1,2,2,2,2,2,2,2,2,2,1,2,2,0,0,0
2008,32,3,1,320144,1,8,2,2,1,1,4,1,1,2,2,1,1,2,2,2,1,2,2,2,3,2,2,2,2,2,2,2,2,2,2,0,0,0
2008,32,31,1,320145,1,8,2,2,1,2,3,2,1,1,1,2,2,1,1,1,2,2,2,2,2,2,2,2,2,2,2,2,2,2,2,0,0,0
2008,32,9,1,320146,1,8,1,2,4,2,3,2,1,2,2,2,1,2,2,2,2,2,1,2,2,2,2,2,2,2,2,2,1,2,1,0,0,0
2008,32,510,1,320147,1,8,1,2,1,2,4,2,5,1,1,2,2,2,1,1,2,2,2,2,2,2,2,2,2,2,2,2,1,2,2,0,0,0
2008,32,7,1,320148,1,8,1,1,3,2,1,2,1,1,1,2,1,2,2,2,2,2,1,2,2,2,2,2,2,1,2,2,1,2,2,0,0,0
2008,32,3,1,320149,1,8,2,2,1,2,6,2,1,2,1,2,1,2,2,2,1,2,2,2,3,2,2,2,2,2,2,2,2,2,2,0,0,0
2008,32,3,1,320150,1,8,2,2,1,1,6,1,4,1,1,2,2,2,1,2,2,2,2,2,3,2,2,2,2,2,2,2,2,2,2,0,0,0
2008,32,3,1,320151,1,8,2,2,4,2,4,2,1,2,2,2,1,2,2,2,2,2,2,2,1,2,2,2,2,2,1,1,1,2,2,0,0,0
2008,32,7,1,320152,1,8,1,1,4,2,1,2,1,1,2,2,1,2,2,2,2,2,1,2,2,2,2,2,2,1,2,2,1,2,1,0,0,0
2008,32,15,1,320153,1,8,1,1,2,2,1,2,1,1,1,2,1,2,2,2,2,2,1,2,2,2,2,2,2,1,2,2,1,2,2,0,0,0
2008,32,3,1,320154,1,8,2,2,4,2,4,2,1,2,2,2,1,2,2,2,1,2,2,2,1,2,2,2,2,2,2,2,1,2,2,0,0,0
2008,32,3,1,320155,1,8,2,1,3,2,1,2,1,1,1,2,1,2,2,1,2,2,1,2,2,1,1,1,1,2,2,1,1,2,2,0,0,0
2008,32,3,1,320156,1,8,1,2,1,2,5,2,3,1,1,2,2,1,2,2,2,2,1,2,1,2,2,2,2,2,2,2,2,2,2,0,0,0
2008,32,23,1,320157,1,8,1,2,1,2,3,2,3,1,2,2,2,2,2,2,2,2,1,2,3,2,2,2,2,1,2,2,2,2,2,0,0,0
2008,32,7,1,320158,1,8,1,2,4,2,4,2,1,1,1,2,1,2,1,2,2,2,2,2,2,2,2,2,2,1,2,2,1,2,2,0,0,0
2008,32,29,1,320159,1,8,3,3,4,2,7,2,1,1,2,2,1,2,1,1,2,2,2,2,1,2,2,2,2,2,2,2,1,2,2,0,0,0
2008,32,13,1,320160,1,8,1,1,2,2,1,2,1,2,2,2,2,1,2,2,2,2,1,2,1,1,1,1,1,2,2,1,1,2,2,0,0,0
2008,32,33,1,320161,1,8,1,2,4,2,3,2,1,1,2,2,1,2,2,2,2,2,1,2,2,2,2,2,2,2,2,2,1,2,2,0,0,0
2008,32,7,1,320162,1,8,1,2,4,2,4,2,1,1,1,2,1,2,2,1,2,2,1,2,1,2,2,2,2,2,2,2,1,2,2,1,0,1
2008,32,15,1,320163,1,8,1,2,4,2,3,2,1,2,1,2,1,2,2,1,2,2,1,2,3,1,1,1,1,2,2,1,2,2,2,0,0,0
2008,32,3,1,320164,1,8,2,2,1,2,6,2,1,1,1,2,1,2,2,2,2,1,2,2,3,2,2,2,2,2,2,2,2,2,2,0,0,0
2008,32,3,1,320165,1,8,2,2,4,2,3,2,1,2,2,2,1,2,2,2,1,2,1,2,2,2,2,2,2,2,2,2,1,2,2,0,0,0
2008,32,510,1,320166,1,8,1,2,1,1,3,1,5,1,1,2,3,1,2,2,2,2,2,2,3,2,2,2,2,2,2,2,2,2,2,0,0,0
2008,32,31,1,320167,1,8,2,1,1,2,1,2,3,1,1,2,2,2,2,2,2,2,2,2,2,2,2,2,2,2,1,1,2,2,2,0,0,0
2008,32,29,1,320168,1,8,1,2,4,2,5,2,1,1,1,2,1,2,1,1,2,2,2,2,2,2,2,2,2,2,1,1,1,2,2,0,0,0
2008,32,3,1,320169,1,8,2,2,1,2,4,3,4,2,1,2,2,2,2,2,2,2,2,2,1,2,2,2,2,1,1,1,2,2,2,0,0,0
2008,32,3,1,320170,1,8,2,2,4,2,6,2,1,2,2,2,1,2,1,1,2,2,2,2,1,2,2,2,2,2,2,2,1,2,2,0,0,0
2008,32,3,1,320171,1,8,2,2,4,2,4,2,1,1,1,2,1,2,2,1,2,2,1,2,2,2,2,2,2,1,2,2,1,2,2,0,0,0
2008,32,3,1,320172,1,8,2,2,2,2,6,2,1,2,2,2,1,2,1,1,2,2,2,2,1,2,2,2,2,2,2,2,1,2,2,0,0,0
2008,32,3,1,320174,1,8,1,2,3,2,3,2,1,2,2,2,1,2,2,1,2,2,1,2,3,1,1,1,1,2,2,1,2,2,2,0,0,0
2008,32,3,1,320175,1,8,2,2,2,2,4,2,1,1,1,2,1,2,1,2,2,2,2,2,3,2,2,2,2,2,2,2,1,2,2,0,0,0
2008,32,3,1,320176,1,8,2,2,1,1,4,1,1,2,2,2,1,2,2,2,1,2,2,2,3,2,2,2,2,2,2,2,2,2,2,0,0,0
2008,32,3,1,320177,1,8,2,2,1,2,6,2,1,2,2,2,1,2,2,2,1,2,2,2,3,2,2,2,2,2,2,2,2,2,2,0,0,0
2008,32,3,1,320178,1,8,2,2,1,2,4,2,1,2,2,2,1,2,2,2,1,2,2,2,3,2,2,2,2,2,2,2,2,2,2,0,0,0
2008,32,3,1,320179,1,8,2,2,1,1,6,1,4,1,1,2,2,2,1,2,2,2,2,2,3,2,2,2,2,2,2,2,2,2,2,0,0,0
2008,32,3,1,320180,1,8,2,2,1,1,4,1,2,2,2,2,2,2,1,2,2,2,2,2,1,2,2,2,2,2,2,2,2,1,2,0,0,0
2008,32,5,1,320181,1,8,1,2,2,2,6,2,2,2,1,2,1,2,2,1,2,2,2,1,1,2,2,2,2,2,1,1,1,2,2,0,0,0
2008,32,3,1,320182,1,8,2,2,1,1,3,1,4,2,2,2,3,2,2,2,2,2,1,2,3,1,1,1,1,2,2,1,2,2,2,0,0,0
2008,32,3,1,320183,1,8,2,2,4,2,4,2,1,2,2,2,1,2,1,2,2,2,2,2,2,2,2,2,2,2,2,2,1,2,2,0,0,0
2008,32,3,1,320184,1,8,2,2,2,2,4,2,1,1,1,2,1,2,2,1,2,2,2,2,2,2,2,2,2,2,1,1,1,2,2,0,0,0
2008,32,3,1,320185,1,8,2,2,1,2,4,2,1,2,1,2,1,2,2,2,1,2,2,2,3,2,2,2,2,2,2,2,2,2,2,0,0,0
2008,32,3,1,320186,1,8,2,2,1,2,4,2,1,1,1,2,1,2,2,2,2,1,2,2,3,2,2,2,2,1,2,2,2,2,2,0,0,0
2008,32,19,1,320187,1,8,1,1,3,2,1,2,1,1,1,2,1,2,2,2,2,2,1,2,2,2,2,2,2,2,2,2,1,2,2,0,0,0
2008,32,3,1,320188,1,8,1,1,3,2,1,2,1,1,1,2,1,2,2,2,2,2,2,2,3,2,2,2,2,1,2,2,2,2,2,0,0,0
2008,32,3,1,320189,1,8,1,3,4,2,7,2,1,1,2,2,1,2,2,1,2,2,1,2,1,2,2,2,2,2,2,2,1,2,2,0,0,0
2008,32,31,1,320190,1,8,2,2,2,2,3,2,1,2,2,2,1,2,1,2,2,2,2,2,1,2,2,2,2,2,2,2,1,2,2,0,0,0
2008,32,3,1,320191,1,8,2,2,2,2,4,2,1,1,1,2,1,2,2,2,2,1,2,2,2,2,2,2,2,2,2,2,2,1,2,0,0,0
2008,32,3,1,320192,1,8,1,2,3,2,4,2,1,1,1,2,1,2,2,2,2,2,1,2,2,2,2,2,2,2,2,2,1,2,2,0,0,0
2008,32,3,1,320193,1,8,2,2,1,2,6,2,1,1,1,2,1,2,2,2,1,2,2,2,3,2,2,2,2,2,2,2,2,2,2,0,0,0
2008,32,3,1,320194,1,8,2,2,1,2,3,2,4,1,1,2,3,2,2,2,2,2,1,2,3,2,2,2,2,2,2,2,1,2,2,0,0,0
2008,32,3,1,320195,1,8,2,2,1,2,3,2,2,1,1,2,2,2,2,2,2,2,2,2,1,2,2,2,2,2,2,2,2,2,2,0,0,0
2008,32,3,1,320196,1,8,2,2,1,1,2,1,4,1,2,2,2,2,2,2,2,2,1,2,3,2,2,2,2,2,1,1,2,2,2,0,0,0
2008,32,23,1,320197,1,8,1,2,1,2,3,2,4,2,2,2,1,2,2,2,2,2,2,2,2,2,2,2,2,2,1,1,1,2,2,0,0,0
2008,32,3,1,320198,1,8,2,2,1,1,4,1,4,1,1,2,2,2,2,2,2,2,2,2,3,2,2,2,2,1,2,2,2,2,2,0,0,0
2008,32,3,1,320199,1,8,2,2,1,1,3,1,2,2,1,2,2,2,2,2,2,2,2,2,1,2,2,2,2,2,2,2,2,2,2,0,0,0
2008,32,3,1,320200,1,8,2,2,1,1,4,1,4,2,1,2,2,2,1,2,2,2,2,2,3,1,1,1,1,2,1,1,2,2,2,0,0,0
2008,32,3,1,320201,1,8,2,2,1,1,4,1,4,2,1,1,2,2,2,1,2,2,1,2,1,1,1,1,1,2,2,1,2,2,2,0,0,0
2008,32,1,1,320202,1,8,1,2,1,2,3,2,4,2,2,2,2,2,1,2,2,2,2,2,3,1,1,1,1,2,2,1,2,2,2,0,0,0
2008,32,3,1,320203,1,8,2,2,1,1,3,1,2,1,1,2,3,2,2,2,2,2,2,2,3,2,2,2,2,2,2,2,2,2,2,0,0,0
2008,32,13,2,320204,1,8,1,1,2,2,1,2,1,1,1,2,1,2,2,2,2,2,1,2,3,2,2,2,2,2,2,2,1,2,2,0,0,0
2008,32,7,1,320205,1,8,1,2,1,2,3,2,4,1,2,2,2,1,1,2,2,2,2,2,3,2,2,2,2,2,2,2,1,2,2,0,0,0
2008,32,33,1,320206,1,8,1,2,2,2,5,2,1,1,1,2,1,2,2,2,2,2,1,2,2,2,2,2,2,2,2,2,1,2,2,0,0,0
2008,32,23,1,320207,1,8,1,2,4,2,3,2,1,2,2,2,1,2,2,1,2,2,1,2,1,2,2,2,2,2,2,2,1,2,2,0,0,0
2008,32,3,1,320208,1,8,1,2,4,2,5,2,1,3,1,2,1,2,2,1,2,2,1,2,1,2,2,2,2,2,1,1,1,2,2,0,0,0
2008,32,3,1,320209,1,8,2,2,1,1,4,1,4,2,1,2,2,2,2,2,2,2,2,2,1,2,2,2,2,2,2,2,2,2,2,0,0,0
2008,32,3,1,320210,1,8,2,1,2,2,1,3,1,1,1,2,1,2,1,1,2,2,2,2,1,2,2,2,2,2,2,2,1,1,2,0,0,0
2008,32,3,2,320211,1,8,2,1,1,2,1,2,3,2,1,2,2,2,2,2,2,2,2,2,1,2,2,2,2,1,2,2,2,2,2,0,0,0
2008,32,23,1,320212,1,8,1,3,2,2,7,2,1,2,2,2,1,2,1,1,2,2,2,2,1,2,2,2,2,2,1,1,1,2,2,0,0,0
2008,32,5,1,320213,1,8,1,2,4,2,3,2,1,2,1,2,1,2,2,1,2,2,1,2,1,2,2,2,2,2,2,2,1,2,2,0,0,0
2008,32,3,1,320214,1,8,1,1,3,2,1,2,1,1,2,2,1,2,2,1,2,2,1,2,2,2,2,2,2,2,2,2,1,2,2,0,0,0
2008,32,7,1,320215,1,8,1,2,2,2,4,2,1,2,1,2,1,2,1,1,2,2,2,2,1,2,2,2,2,2,2,2,1,2,2,0,0,0
2008,32,3,1,320216,1,8,2,2,1,2,4,2,1,1,2,2,1,2,2,2,1,2,2,2,3,2,2,2,2,2,2,2,2,2,2,0,0,0
2008,32,3,1,320217,1,8,2,2,1,2,4,3,1,1,2,2,1,2,2,2,1,2,2,2,3,1,1,1,1,2,2,1,2,2,2,0,0,0
2008,32,23,1,320218,1,8,1,2,4,2,5,2,1,2,2,2,1,2,2,1,2,2,1,2,1,2,2,2,2,2,2,2,1,2,2,0,0,0
2008,32,3,1,320219,1,8,2,2,2,2,4,2,1,2,2,2,1,2,2,2,2,2,2,2,1,2,2,2,2,2,2,2,1,2,2,0,0,0
2008,32,3,1,320220,1,8,2,2,1,1,6,1,4,1,2,2,3,2,2,2,2,2,2,2,3,2,2,2,2,2,2,2,2,2,2,0,0,0
2008,32,3,1,320221,1,8,2,2,1,1,5,1,4,2,1,2,2,2,2,2,2,2,2,2,1,2,2,2,2,2,2,2,2,2,2,0,0,0
2008,32,3,1,320222,1,8,2,2,1,1,4,1,1,1,2,2,2,2,1,2,2,2,2,2,1,2,2,2,2,2,2,2,2,2,2,0,0,0
2008,32,23,1,320223,1,8,1,2,4,2,6,2,1,2,1,2,1,2,2,2,2,2,1,2,1,2,2,2,2,2,2,2,1,2,2,0,0,0
2008,32,19,2,320224,1,8,1,2,1,2,3,2,3,2,1,2,2,2,2,2,2,2,2,2,2,1,1,1,1,1,2,1,1,2,2,0,0,0
2008,32,3,1,320225,1,8,2,2,1,1,4,1,2,1,1,2,2,1,2,1,2,2,2,2,2,2,2,2,2,2,2,2,2,2,2,0,0,0
2008,32,3,1,320226,1,8,2,2,1,2,5,2,4,1,1,2,2,2,2,1,2,2,2,2,1,1,1,1,1,2,2,1,1,1,2,0,0,0
2008,32,3,1,320227,1,8,2,2,1,2,4,2,4,2,1,2,2,2,2,1,2,2,2,2,1,1,1,1,1,2,2,1,1,2,2,0,0,0
2008,32,31,1,320228,1,8,2,2,1,1,4,1,4,2,2,2,2,2,1,2,2,2,2,2,1,1,1,1,1,2,1,1,2,2,2,0,0,0
2008,32,3,1,320229,1,8,2,2,4,2,6,2,1,2,2,2,1,2,2,2,2,2,2,2,1,2,2,2,2,2,2,2,1,2,2,0,0,0
2008,32,19,1,320230,1,8,1,2,1,2,3,2,5,1,1,2,2,1,2,2,2,2,2,2,2,2,2,2,2,2,2,2,1,2,2,0,0,0
2008,32,19,1,320231,1,8,1,2,1,2,3,2,3,2,2,2,2,2,2,2,2,2,2,2,1,2,2,2,2,2,2,2,1,2,2,0,0,0
2008,32,19,1,320232,1,8,1,2,1,2,3,2,3,1,1,2,2,2,2,2,2,2,2,2,3,2,2,2,2,1,2,2,1,2,2,0,0,0
2008,32,3,1,320233,1,8,2,2,1,2,3,3,4,2,1,2,2,2,2,2,2,2,2,2,3,2,2,2,2,2,1,1,2,2,2,0,0,0
2008,32,31,1,320234,1,8,2,1,1,2,1,2,4,1,1,2,2,2,1,2,2,2,2,2,3,2,2,2,2,2,2,2,2,2,2,0,0,0
2008,32,3,1,320235,1,8,2,2,1,1,4,1,4,1,1,2,2,2,2,2,2,2,2,2,3,2,2,2,2,2,2,2,2,2,2,0,0,0
2008,32,3,1,320236,1,8,1,2,4,2,3,2,1,1,1,2,1,2,2,2,2,2,1,2,1,2,2,2,2,2,2,2,1,2,2,0,0,0
2008,32,3,1,320237,1,8,2,2,4,2,3,2,1,1,2,2,1,2,2,1,2,2,1,2,2,2,2,2,2,1,2,2,1,2,2,0,0,0
2008,32,3,1,320238,1,8,2,2,1,2,6,2,1,1,2,2,1,2,2,2,2,1,2,2,3,2,2,1,1,2,2,1,2,2,2,0,0,0
2008,32,31,1,320239,1,8,2,1,1,2,1,2,2,2,2,2,3,2,2,1,1,2,2,2,2,2,2,2,2,2,2,2,2,1,2,0,0,0
2008,32,3,1,320240,1,8,2,2,1,2,6,2,1,1,1,2,1,2,2,1,1,2,2,2,2,1,1,1,1,2,2,1,2,2,2,0,0,0
2008,32,3,1,320241,1,8,2,2,1,2,3,3,1,2,1,2,1,2,2,2,2,2,1,2,1,2,2,2,2,2,2,2,1,2,2,0,0,0
2008,32,7,1,320242,1,8,1,2,4,2,4,2,1,1,1,2,1,2,2,2,2,2,1,2,2,2,2,2,2,1,2,2,1,2,2,0,0,0
2008,32,1,1,320243,1,8,1,2,1,1,3,1,1,2,1,2,1,2,2,2,2,1,2,2,2,2,2,2,2,1,2,2,2,2,2,0,0,0
2008,32,23,1,320244,1,8,1,2,1,2,6,2,1,2,2,2,1,2,2,2,1,2,2,2,2,1,1,1,1,2,2,1,1,2,2,0,0,0
2008,32,21,2,320245,1,8,1,2,1,2,3,2,1,1,1,2,1,2,2,2,2,2,1,2,2,2,2,2,2,2,2,2,1,2,2,0,0,0
2008,32,3,1,320246,1,8,2,2,4,2,2,2,1,2,1,2,1,2,2,1,2,2,2,2,2,2,2,1,1,2,2,1,1,2,2,0,0,0
2008,32,3,2,320247,1,8,1,2,4,2,5,2,1,2,2,2,1,2,2,1,2,2,1,2,1,2,2,2,2,2,2,2,1,2,2,0,0,0
2008,32,3,1,320248,1,8,2,2,2,2,4,2,2,2,2,2,1,2,1,1,2,2,2,2,1,2,2,2,2,2,2,2,2,2,2,0,0,0
2008,32,3,1,320249,1,8,1,1,1,2,1,3,1,2,1,2,1,1,2,2,1,2,2,2,2,2,2,2,2,2,2,2,2,2,2,0,0,0
2008,32,31,1,320250,1,8,1,2,1,2,3,2,2,1,1,2,2,2,2,2,2,2,2,2,2,2,2,2,2,2,2,2,2,1,2,0,0,0
2008,32,3,2,320251,1,8,2,2,1,2,2,2,3,2,2,2,2,2,2,2,2,2,2,2,1,2,2,2,2,2,2,2,2,2,2,0,0,0
2008,32,13,1,320252,1,8,1,1,3,2,1,2,1,2,2,2,1,2,2,2,2,2,1,2,1,2,2,2,2,2,2,2,1,2,2,0,0,0
2008,32,3,1,320253,1,8,1,1,4,2,1,2,1,2,1,2,1,2,2,2,2,2,1,2,2,2,2,2,2,2,1,1,1,2,2,0,0,0
2008,32,3,1,320254,1,8,2,2,1,2,2,3,4,2,1,2,2,2,2,1,2,2,1,2,1,1,1,1,1,2,2,1,1,2,2,0,0,0
2008,32,3,3,320255,1,8,1,2,1,2,3,3,4,1,2,2,2,2,2,2,2,2,2,2,3,2,2,2,2,1,2,2,2,2,2,0,0,0
2008,32,3,1,320256,1,8,2,2,1,2,2,2,2,2,1,1,3,2,1,1,2,2,2,2,1,1,1,1,1,2,1,1,2,2,2,0,0,0
2008,32,31,1,320257,1,8,2,2,1,2,6,2,1,2,2,2,1,2,2,1,1,2,2,2,1,1,1,1,1,2,2,1,2,2,2,0,0,0
2008,32,3,1,320258,1,8,2,2,1,2,3,2,1,2,1,2,1,2,2,2,1,2,2,2,2,2,2,2,2,2,1,1,2,2,2,0,0,0
2008,32,31,1,320259,1,8,1,2,1,2,5,2,1,1,1,2,1,2,2,2,1,2,2,2,2,2,2,2,2,2,2,2,2,2,2,0,0,0
2008,32,3,1,320260,1,8,2,2,4,1,6,1,1,2,2,2,1,2,2,1,2,2,2,2,1,2,2,2,2,2,2,2,2,2,2,0,0,0
2008,32,3,1,320261,1,8,2,2,1,2,4,2,1,1,1,2,1,2,2,2,1,2,2,2,3,2,2,2,2,2,2,2,2,2,2,0,0,0
2008,32,31,1,320262,1,8,2,2,1,2,3,2,1,2,2,2,1,2,2,2,1,2,2,2,2,2,2,2,2,2,2,2,2,2,2,0,0,0
2008,32,3,1,320263,1,8,2,2,1,2,4,2,1,1,1,2,1,2,2,2,1,2,2,2,3,2,2,2,2,1,2,2,2,2,2,0,0,0
2008,32,3,1,320264,1,8,2,2,4,2,4,2,1,2,2,2,1,2,2,1,2,2,2,2,1,2,2,2,2,2,2,2,1,2,2,0,0,0
2008,32,3,1,320265,1,8,2,2,1,2,4,2,1,2,2,2,1,2,2,2,1,2,2,2,3,2,2,2,2,1,2,2,2,2,2,0,0,0
2008,32,3,1,320266,1,8,2,2,1,2,4,2,1,2,1,1,1,2,2,2,1,2,2,2,3,2,2,2,2,2,2,2,2,2,2,0,0,0
2008,32,3,1,320267,1,8,2,2,4,2,4,2,1,2,1,2,1,2,2,1,2,2,2,2,1,2,2,2,2,2,1,1,1,2,2,0,0,0
2008,32,23,1,320268,1,8,1,2,4,2,3,2,1,2,1,2,1,2,2,1,2,2,1,2,1,2,2,2,2,2,2,2,1,2,2,0,0,0
2008,32,23,1,320269,1,8,1,2,1,1,5,1,4,1,2,1,2,2,2,1,2,2,1,2,1,2,2,2,2,2,2,2,2,2,2,0,0,0
2008,32,3,2,320270,1,8,2,2,1,2,3,2,3,2,2,2,3,2,2,2,2,2,1,2,1,2,2,2,2,2,2,2,1,2,2,0,0,0
2008,32,3,1,320271,1,8,2,2,1,1,4,1,4,1,1,2,3,2,1,1,2,2,2,2,3,2,2,2,2,2,2,2,2,2,2,0,0,0
2008,32,5,1,320272,1,8,1,2,2,2,3,2,1,2,2,2,2,2,2,2,2,2,2,2,1,2,2,2,2,2,2,2,1,2,2,0,0,0
2008,32,3,1,320273,1,8,2,2,1,1,4,1,4,1,2,2,2,2,2,2,2,2,2,2,3,2,2,2,2,2,2,2,2,2,2,0,0,0
2008,32,3,1,320274,1,8,2,2,1,1,6,1,4,2,2,2,2,2,2,2,2,2,1,2,1,1,1,1,1,2,2,1,2,2,2,0,0,0
2008,32,31,1,320275,1,8,2,1,1,2,1,2,3,2,2,2,2,2,2,2,2,2,2,2,2,1,1,1,1,1,2,1,2,2,2,0,0,0
2008,32,3,1,320276,1,8,1,1,1,2,1,2,1,2,2,1,2,1,2,2,1,2,2,2,3,2,2,2,2,2,2,2,2,2,2,0,0,0
2008,32,3,1,320277,1,8,1,2,1,2,5,2,3,1,2,2,2,2,1,2,2,2,2,2,3,2,2,2,2,2,2,2,1,2,2,1,0,1
2008,32,3,1,320278,1,8,2,2,1,2,2,2,5,2,1,2,2,2,1,1,2,2,2,2,1,2,2,2,2,2,2,2,2,2,2,0,0,0
2008,32,7,1,320279,1,8,1,2,1,1,4,1,1,1,1,2,1,2,2,2,1,2,2,2,2,2,2,2,2,2,2,2,2,2,2,0,0,0
2008,32,23,1,320280,1,8,2,2,2,2,2,2,1,1,1,2,1,2,2,2,2,2,1,2,2,2,2,2,2,2,2,2,1,2,2,0,0,0
2008,32,31,1,320281,1,8,2,2,1,2,3,2,1,2,1,2,1,2,2,2,1,2,2,2,2,2,2,2,2,2,2,2,2,2,2,0,0,0
2008,32,33,1,320282,1,8,1,2,2,2,3,2,1,1,1,2,1,2,2,2,2,2,1,2,2,2,2,2,2,2,2,2,1,1,2,0,0,0
2008,32,1,1,320283,1,8,1,2,4,2,5,2,1,2,1,2,1,2,2,1,2,2,2,2,1,2,2,2,2,2,2,2,1,2,2,0,0,0
2008,32,9,1,320284,1,8,1,2,2,2,3,2,1,2,1,2,1,2,2,2,2,2,1,2,2,2,2,2,2,2,2,2,1,2,1,0,0,0
2008,32,31,1,320285,1,8,2,2,1,2,4,2,1,2,1,2,1,2,2,2,1,2,2,2,3,1,1,1,1,2,2,1,2,2,2,0,0,0
2008,32,3,1,320286,1,8,1,1,3,2,1,2,1,2,1,2,1,2,2,1,2,2,1,2,2,2,2,2,2,2,1,1,1,2,2,0,0,0
2008,32,23,1,320287,1,8,1,3,1,2,7,2,1,1,1,2,1,2,2,2,1,2,2,2,2,2,2,2,2,2,1,1,2,2,2,0,0,0
2008,32,1,1,320288,1,8,1,2,4,2,3,2,1,1,1,2,1,2,2,1,2,2,1,2,1,2,2,2,2,2,2,2,1,2,2,0,0,0
2008,32,7,1,320289,1,8,1,2,4,2,5,2,1,2,1,2,1,2,2,2,2,2,1,2,1,2,2,2,2,2,2,2,1,2,2,0,0,0
2008,32,3,1,320290,1,8,2,2,1,1,4,1,4,1,2,2,3,2,2,1,2,2,2,2,3,2,2,2,2,2,2,2,2,2,2,0,0,0
2008,32,3,1,320291,1,8,2,2,1,2,5,2,1,1,1,2,1,2,2,2,1,2,2,2,3,2,2,2,2,2,2,2,2,2,2,0,0,0
2008,32,3,1,320292,1,8,2,2,2,2,6,2,1,2,2,2,1,2,2,1,2,2,1,2,2,1,1,1,1,2,2,1,1,2,2,0,0,0
2008,32,3,1,320293,1,8,2,2,1,2,2,2,2,2,1,1,3,2,1,2,2,2,2,2,1,2,2,2,2,2,2,2,2,2,2,0,0,0
2008,32,3,1,320294,1,8,2,2,1,2,6,2,1,1,1,2,1,2,2,2,2,2,2,2,3,2,2,2,2,2,2,2,2,2,2,0,0,0
2008,32,3,1,320295,1,8,2,2,1,1,5,1,4,2,2,2,2,2,2,1,2,2,2,2,1,2,2,2,2,2,2,2,2,2,2,0,0,0
2008,32,3,1,320296,1,8,2,2,1,2,4,2,4,2,2,1,2,2,2,2,2,2,2,2,1,2,2,2,2,2,2,2,1,2,2,0,0,0
2008,32,3,1,320297,1,8,2,2,2,2,4,2,1,2,2,2,2,2,2,2,2,2,2,2,1,2,2,2,2,2,2,2,1,2,2,0,0,0
2008,32,31,1,320298,1,8,2,1,1,2,1,2,4,1,1,2,2,1,2,2,2,2,2,2,2,2,2,2,2,1,2,2,2,1,2,0,0,0
2008,32,3,1,320299,1,8,2,2,1,2,4,2,5,1,1,2,2,1,1,2,2,2,2,2,1,2,2,2,2,2,2,2,2,2,2,0,0,0
2008,32,3,1,320300,1,8,2,2,1,2,6,2,1,2,2,1,1,2,2,2,1,2,2,2,3,2,2,2,2,2,2,2,2,2,2,0,0,0
2008,32,31,1,320301,1,8,2,2,1,2,3,2,1,2,1,1,2,2,2,2,1,2,2,2,2,1,1,1,1,2,2,1,2,2,2,0,0,0
2008,32,23,1,320302,1,8,1,3,4,2,7,3,5,2,1,2,1,2,2,1,2,2,1,1,1,2,2,2,2,2,1,1,1,2,2,0,0,0
2008,32,3,1,320303,1,8,2,2,1,2,2,2,5,1,1,2,2,2,2,2,2,2,1,2,3,1,1,1,1,2,2,1,2,2,2,0,0,0
2008,32,31,1,320304,1,8,2,1,3,2,1,2,1,2,2,2,2,1,2,1,2,2,1,2,2,2,2,2,2,2,2,2,1,2,2,0,0,0
2008,32,3,1,320305,1,8,2,2,1,1,4,1,1,1,1,1,1,2,2,1,1,2,2,2,1,2,2,2,2,2,2,2,2,2,2,0,0,0
2008,32,3,1,320306,1,8,2,2,1,1,4,1,4,2,1,2,2,2,2,2,2,2,2,2,1,2,2,2,2,2,1,1,2,2,2,0,0,0
2008,32,3,1,320307,1,8,2,2,1,1,4,1,4,1,1,2,3,2,2,2,2,2,2,2,3,2,2,2,2,1,2,2,2,2,2,0,0,0
2008,33,9,1,330001,1,1,1,1,3,2,1,2,1,2,1,2,1,2,2,1,2,2,1,2,1,2,2,2,2,2,2,2,1,2,2,0,0,0
2008,33,11,1,330002,1,1,1,2,1,1,6,1,4,1,1,2,2,2,2,2,2,2,2,2,2,2,2,2,2,1,2,2,2,2,2,0,0,0
2008,33,9,1,330003,1,1,1,2,1,1,4,1,3,1,1,2,2,2,2,1,2,2,2,2,3,2,2,2,2,2,2,2,2,2,2,0,0,0
2008,33,17,1,330004,1,1,1,2,1,1,4,1,1,2,1,2,1,2,2,2,1,2,2,2,2,2,2,2,2,2,1,1,2,2,2,0,0,0
2008,33,5,1,330005,1,1,1,2,1,1,5,1,3,1,1,2,2,1,2,2,2,2,2,2,3,2,2,2,2,2,2,2,2,2,2,0,0,0
2008,33,9,1,330006,1,1,1,1,1,2,1,2,2,1,1,2,2,1,2,1,2,2,2,2,2,2,2,2,2,2,2,2,2,2,2,0,0,0
2008,33,15,1,330007,1,1,1,2,1,2,6,2,3,2,1,2,2,2,2,1,2,2,2,2,3,1,1,1,1,2,2,1,2,2,2,0,0,0
2008,33,7,3,330008,1,1,1,2,2,2,5,2,1,2,2,2,1,2,2,1,2,2,1,2,2,1,1,1,1,2,2,1,1,2,2,0,0,0
2008,33,15,1,330009,1,1,2,2,1,2,6,2,3,1,1,2,2,2,2,1,2,2,2,2,3,2,2,2,2,2,2,2,1,2,2,0,0,0
2008,33,7,1,330010,1,1,1,2,4,2,6,2,1,1,1,2,1,2,2,2,2,2,2,2,3,2,2,2,2,1,2,2,1,2,2,0,0,0
2008,33,17,1,330011,1,1,2,2,1,2,6,2,1,2,2,2,1,2,2,2,1,2,2,2,2,1,1,1,1,2,2,1,2,2,2,0,0,0
2008,33,9,1,330012,1,1,1,2,1,2,5,2,3,1,1,2,2,2,2,1,2,2,2,2,3,2,2,2,2,1,2,2,2,2,2,0,0,0
2008,33,11,1,330013,1,1,2,2,1,2,6,2,3,1,1,2,3,2,2,2,2,2,2,2,3,1,1,1,1,2,2,1,2,2,2,0,0,0
2008,33,17,1,330014,1,1,1,2,1,1,4,1,4,1,1,2,2,2,2,2,2,2,2,2,3,2,2,2,2,2,2,2,2,2,2,0,0,0
2008,33,17,1,330015,1,1,1,2,4,2,6,2,1,2,1,2,1,2,1,2,2,2,2,2,1,2,2,2,2,2,2,2,1,2,2,0,0,0
2008,33,5,1,330016,1,1,1,2,1,2,5,2,3,1,1,2,2,2,2,2,2,2,2,2,3,2,2,2,2,1,2,2,2,1,2,0,0,0
2008,33,1,2,330017,1,1,1,2,1,2,5,2,3,1,1,2,2,1,2,2,2,2,2,2,2,1,1,1,1,2,2,1,2,2,2,0,0,0
2008,33,1,1,330018,1,1,1,2,1,2,4,2,3,1,1,2,2,2,2,2,2,2,2,2,3,2,2,2,2,1,1,1,2,2,2,0,0,0
2008,33,7,1,330019,1,1,1,2,1,2,5,2,3,1,1,2,3,2,2,2,2,2,2,2,3,2,2,2,2,1,2,2,2,2,2,0,0,0
2008,33,13,1,330020,1,1,2,2,4,2,6,3,1,1,2,2,1,2,2,2,2,1,2,2,2,2,2,2,2,2,1,1,2,2,2,0,0,0
2008,33,15,1,330021,1,1,1,2,1,2,4,2,3,1,1,2,2,1,2,2,2,2,2,2,3,2,2,2,2,2,2,2,2,2,2,0,0,0
2008,33,7,1,330022,1,1,1,2,1,2,5,2,3,1,1,2,2,1,2,2,2,2,2,2,1,2,2,2,2,1,2,2,2,2,2,0,0,0
2008,33,13,2,330023,1,1,1,2,1,2,5,2,3,2,2,2,2,2,2,2,2,2,2,2,3,2,2,2,2,2,2,2,2,2,2,0,0,0
2008,33,15,1,330024,1,1,1,2,1,2,5,2,3,2,2,2,2,2,1,2,2,2,2,2,3,2,2,2,2,2,1,1,2,2,2,0,0,0
2008,33,11,1,330025,1,1,2,2,1,1,6,1,1,1,1,2,1,2,2,2,1,2,2,2,3,1,1,1,1,2,2,1,2,2,2,0,0,0
2008,33,15,1,330026,1,1,1,2,4,1,5,1,1,1,1,2,1,2,2,1,2,2,2,2,2,2,2,2,2,2,2,2,2,2,2,0,0,0
2008,33,11,1,330027,1,1,2,2,4,2,6,3,1,2,1,2,1,2,2,1,1,2,2,2,1,2,2,2,2,2,2,2,2,2,2,0,0,0
2008,33,13,1,330029,1,1,1,1,3,2,1,2,1,2,1,2,1,2,2,1,2,2,1,2,1,2,2,1,1,2,2,1,1,2,2,0,0,0
2008,33,9,3,330030,1,1,1,2,4,2,6,2,1,1,2,2,1,2,2,1,2,2,1,2,1,1,1,1,1,2,2,1,1,2,2,0,0,0
2008,33,9,1,330031,1,1,1,2,1,2,4,2,3,1,1,2,2,2,1,2,2,2,2,2,3,2,2,2,2,2,2,2,2,2,2,0,0,0
2008,33,19,1,330032,1,1,1,2,1,2,4,2,3,1,1,2,3,2,2,2,2,2,2,2,3,2,2,2,2,2,2,2,2,2,2,0,0,0
2008,33,13,1,330033,1,1,1,2,1,2,6,2,3,1,1,2,2,2,1,2,2,2,2,2,2,2,2,2,2,2,2,2,2,2,2,0,0,0
2008,33,15,1,330034,1,1,1,2,1,2,6,2,3,1,1,2,2,2,1,2,2,2,2,2,3,1,1,1,1,2,2,1,2,2,2,0,0,0
2008,33,15,1,330035,1,1,1,2,4,2,6,2,1,2,2,2,1,2,2,1,2,2,1,2,1,2,2,2,2,2,2,2,1,2,2,0,0,0
2008,33,11,1,330036,1,1,1,2,4,2,6,2,1,1,1,2,1,2,2,2,2,2,2,2,2,2,2,2,2,2,1,1,1,1,2,0,0,0
2008,33,9,1,330037,1,1,1,2,1,2,6,2,1,2,2,2,1,2,1,1,2,2,2,2,2,2,2,1,1,2,2,1,2,2,2,0,0,0
2008,33,7,1,330038,1,1,1,2,2,2,4,2,1,2,2,2,1,2,2,1,2,2,1,2,1,2,2,2,2,2,2,2,1,2,2,0,0,0
2008,33,15,1,330039,1,1,2,2,4,2,6,2,1,2,1,2,1,2,1,1,2,2,2,2,2,2,2,2,2,2,2,2,1,2,2,0,0,0
2008,33,19,1,330040,1,1,1,2,1,2,4,2,1,2,1,2,1,2,1,2,2,2,2,2,1,2,2,2,2,2,2,2,2,2,2,0,0,0
2008,33,15,1,330041,1,1,1,2,4,2,5,2,1,2,2,2,1,2,1,1,2,2,2,2,2,2,2,2,2,2,1,1,1,2,2,0,0,0
2008,33,5,1,330042,1,1,1,2,4,2,6,2,1,2,2,2,1,2,2,1,2,2,2,2,1,2,2,2,2,2,2,2,1,2,2,0,0,0
2008,33,11,1,330043,1,1,1,2,2,1,5,1,1,3,1,2,1,2,1,2,2,2,2,2,2,2,2,2,2,2,2,2,2,2,2,0,0,0
2008,33,13,1,330044,1,1,1,2,1,2,5,3,4,2,1,2,2,2,1,2,2,2,2,2,1,2,2,2,2,2,2,2,2,2,2,0,0,0
2008,33,1,1,330045,1,1,1,2,1,2,6,2,1,2,1,2,1,2,1,2,2,2,2,2,1,2,2,2,2,2,2,2,2,2,2,0,0,0
2008,33,13,1,330046,1,1,1,2,1,2,5,2,3,2,2,2,2,2,2,2,2,2,2,2,1,2,2,2,2,1,2,2,2,2,2,0,0,0
2008,33,3,1,330047,1,1,1,2,1,2,6,2,3,1,1,2,2,1,1,2,2,2,2,2,2,2,2,2,2,1,2,2,2,1,2,0,0,0
2008,33,5,1,330048,1,1,1,2,4,2,4,2,1,1,1,2,1,2,2,2,2,2,1,2,1,2,2,2,2,2,2,2,1,2,2,0,0,0
2008,33,1,1,330049,1,1,1,2,1,2,5,2,3,2,2,2,3,2,1,2,2,2,2,2,1,2,2,2,2,1,2,2,2,2,2,0,0,0
2008,33,1,1,330050,1,1,1,2,4,2,6,2,1,2,2,2,1,2,2,2,2,2,1,2,1,2,2,2,2,2,2,2,1,2,2,0,0,0
2008,33,15,1,330051,1,1,1,2,1,1,5,1,4,1,2,2,2,2,1,2,2,2,2,2,3,1,1,1,1,2,2,1,2,2,2,0,0,0
2008,33,11,1,330052,1,1,2,2,1,1,6,1,1,1,2,2,1,2,2,2,2,1,2,2,2,2,2,2,2,2,2,2,2,2,2,0,0,0
2008,33,11,1,330053,1,1,2,2,1,1,6,1,1,2,1,2,1,2,1,2,2,2,2,2,2,2,2,2,2,2,2,2,2,2,2,0,0,0
2008,33,5,1,330054,1,1,1,2,1,2,5,2,3,1,1,2,2,2,2,2,2,2,2,2,3,2,2,2,2,1,2,2,2,2,2,0,0,0
2008,33,3,2,330056,1,1,1,2,1,2,5,2,3,1,1,2,3,2,2,2,2,2,2,2,3,2,2,2,2,2,2,2,2,2,2,0,0,0
2008,33,13,1,330058,1,1,1,1,3,2,1,3,1,2,2,2,1,2,1,2,2,2,2,2,1,2,2,2,2,2,2,2,1,2,2,0,0,0
2008,33,1,1,330059,1,1,1,2,1,2,6,2,4,2,1,1,2,2,1,2,2,2,2,2,1,2,2,2,2,2,1,1,2,2,2,0,0,0
2008,33,15,1,330060,1,1,1,2,4,2,6,2,1,1,2,2,1,2,1,1,2,2,2,2,1,2,2,2,2,2,2,2,1,2,2,0,0,0
2008,33,15,1,330061,1,1,1,2,4,2,6,2,1,1,1,2,1,2,2,2,2,2,1,2,3,2,2,2,2,1,2,2,1,1,2,0,0,0
2008,33,11,1,330062,1,1,1,2,1,2,6,2,2,2,1,2,3,2,2,1,2,2,2,2,3,2,2,2,2,2,2,2,2,2,2,0,0,0
2008,33,3,1,330063,1,1,1,2,4,2,6,2,1,1,1,2,1,2,2,2,2,2,2,2,1,2,2,2,2,2,2,2,1,2,2,0,0,0
2008,33,11,1,330064,1,1,1,2,1,2,4,2,1,2,1,2,1,2,2,2,2,2,1,2,3,2,2,2,2,2,2,2,2,2,2,0,0,0
2008,33,1,1,330065,1,1,1,2,1,2,4,2,3,1,1,2,3,1,2,2,2,2,2,2,3,2,2,2,2,1,2,2,1,2,2,0,0,0
2008,33,11,1,330066,1,1,1,2,1,2,6,3,1,1,1,2,1,2,2,2,2,2,2,2,3,2,2,2,2,2,2,2,2,2,2,0,0,0
2008,33,11,1,330067,1,1,1,2,1,2,6,2,1,1,1,2,2,2,1,2,2,2,2,2,1,2,2,2,2,2,2,2,2,2,2,0,0,0
2008,33,1,1,330068,1,1,2,1,1,2,1,2,1,1,1,2,1,2,2,2,2,2,1,2,2,2,2,2,2,2,2,2,2,2,2,0,0,0
2008,33,13,1,330069,1,1,1,2,1,1,4,1,4,2,2,2,2,2,1,2,2,2,2,2,1,2,2,2,2,1,2,2,2,2,2,0,0,0
2008,33,15,1,330070,1,1,1,2,1,2,4,2,1,1,2,2,1,2,1,2,2,2,2,2,2,2,2,2,2,2,2,2,2,1,2,0,0,0
2008,33,3,1,330071,1,1,1,2,4,2,6,2,1,2,1,2,1,2,1,2,2,2,2,2,1,2,2,2,2,2,2,2,1,2,2,0,0,0
2008,33,15,1,330072,1,1,1,2,1,2,6,2,4,1,1,2,2,1,2,1,2,2,1,2,3,2,2,2,2,2,2,2,2,2,2,0,0,0
2008,33,5,1,330073,1,1,1,2,1,2,4,2,3,1,2,2,2,2,2,2,2,2,2,2,2,1,1,1,1,2,2,1,2,2,2,0,0,0
2008,33,13,1,330074,1,1,1,2,4,2,6,2,1,2,2,2,1,2,2,2,2,2,2,2,1,1,1,1,1,2,2,1,1,2,2,0,0,0
2008,33,9,1,330075,1,1,1,2,1,2,5,2,1,1,2,2,1,2,1,2,2,2,2,2,1,2,2,2,2,2,2,2,1,2,2,0,0,0
2008,33,11,1,330076,1,1,1,2,4,2,6,2,1,1,2,2,1,2,2,1,2,2,2,2,2,2,2,2,2,2,2,2,1,2,2,0,0,0
2008,33,5,1,330077,1,1,1,2,4,2,5,2,2,2,2,2,1,2,2,1,2,2,2,1,1,2,2,2,2,2,2,2,1,2,2,0,0,0
2008,33,11,1,330078,1,1,1,2,4,2,6,2,1,2,2,2,1,2,2,2,2,2,1,2,1,1,1,1,1,2,2,1,1,2,2,0,0,0
2008,33,17,1,330079,1,1,1,2,1,2,5,2,1,2,2,2,1,2,2,2,1,2,2,2,2,2,2,2,2,2,2,2,2,2,2,0,0,0
2008,33,11,1,330080,1,1,2,2,4,2,3,2,1,2,1,2,1,2,2,2,2,2,2,2,2,2,2,2,2,2,2,2,2,2,2,0,0,0
2008,33,19,2,330081,1,1,1,2,4,2,5,2,1,2,2,2,1,2,2,2,2,2,2,2,1,2,2,2,2,2,1,1,1,2,2,0,0,0
2008,33,9,1,330082,1,1,1,1,1,2,1,3,1,1,1,2,1,2,1,2,2,2,2,2,2,2,2,2,2,2,2,2,2,2,2,0,0,0
2008,33,15,1,330083,1,1,1,2,4,2,6,2,1,2,2,2,1,2,2,2,2,2,2,2,1,2,2,2,2,2,1,1,1,2,2,0,0,0
2008,33,11,1,330084,1,1,1,2,1,2,4,2,4,1,1,2,2,2,2,2,2,2,2,2,2,2,2,2,2,2,1,1,1,2,2,0,0,0
2008,33,13,1,330085,1,1,1,2,1,2,5,2,2,2,2,1,2,2,1,2,2,2,2,2,1,2,2,2,2,2,1,1,2,2,2,0,0,0
2008,33,17,1,330086,1,1,1,2,1,2,5,2,3,1,1,2,2,1,2,2,2,2,2,2,2,2,2,2,2,2,2,2,2,2,2,0,0,0
2008,33,17,1,330087,1,1,1,2,4,2,6,2,1,1,1,2,1,2,2,1,2,2,1,2,3,1,1,1,1,2,2,1,1,2,2,0,0,0
2008,33,1,1,330088,1,1,1,2,1,2,6,2,1,1,1,2,1,2,2,2,2,2,2,2,3,2,2,2,2,2,1,1,2,2,2,0,0,0
2008,33,15,1,330089,1,1,1,2,1,2,5,2,4,2,1,2,3,2,2,2,2,2,1,2,3,2,2,2,2,2,2,2,1,2,1,0,0,0
2008,33,3,1,330090,1,1,1,2,4,2,4,2,1,1,1,2,1,2,2,1,2,2,1,2,2,2,2,2,2,2,2,2,1,1,2,0,0,0
2008,33,13,1,330091,1,1,1,2,1,1,5,1,4,2,1,2,2,2,1,2,2,2,2,2,2,1,1,1,1,2,2,1,2,2,2,0,0,0
2008,33,15,1,330092,1,1,1,2,1,1,6,1,3,2,1,2,2,1,2,2,2,2,2,2,2,2,2,2,2,2,1,1,2,2,2,0,0,0
2008,33,11,1,330093,1,1,1,2,1,2,6,2,4,1,2,2,2,2,1,2,2,2,2,2,2,2,2,2,2,2,2,2,2,1,2,0,0,0
2008,33,19,1,330094,1,1,1,2,4,2,6,2,1,1,2,2,1,2,2,2,2,2,2,2,1,2,2,2,2,2,2,2,1,2,2,0,0,0
2008,33,9,1,330095,1,1,1,2,1,2,5,2,3,1,2,2,2,2,2,2,2,2,2,2,2,1,1,1,1,2,2,1,2,1,2,0,0,0
2008,33,15,1,330096,1,1,1,2,1,2,6,2,1,1,2,2,1,2,2,2,1,2,2,2,2,2,2,2,2,2,1,1,2,2,2,0,0,0
2008,33,5,1,330097,1,1,1,2,4,2,6,2,1,1,1,2,1,2,2,2,2,2,2,2,2,2,2,2,2,1,2,2,1,2,2,0,0,0
2008,33,11,1,330098,1,1,1,2,4,2,6,2,1,2,1,2,1,2,2,1,2,2,1,2,1,2,2,2,2,2,2,2,1,2,2,0,0,0
2008,33,15,1,330099,1,1,1,1,4,2,1,2,1,2,2,2,1,2,2,2,2,2,2,2,2,2,2,2,2,2,1,1,1,2,1,0,0,0
2008,33,11,2,330100,1,1,1,2,4,2,5,2,1,1,1,2,1,2,2,2,2,2,2,2,2,2,2,2,2,1,2,2,1,2,2,0,0,0
2008,33,15,1,330101,1,1,1,2,4,2,6,2,1,2,1,2,1,2,2,2,2,2,2,2,3,2,2,2,2,1,2,2,1,2,2,0,0,0
2008,33,17,1,330102,1,1,1,2,4,2,4,2,1,2,2,2,1,2,2,2,2,2,1,2,1,1,1,1,1,2,2,1,1,2,2,0,0,0
2008,33,5,1,330103,1,1,1,2,4,2,6,2,1,2,1,2,1,2,2,2,2,2,2,2,3,2,2,1,1,2,2,1,2,2,2,0,0,0
2008,33,1,1,330104,1,1,1,2,4,1,6,1,1,2,2,2,1,2,2,2,2,2,2,2,1,2,2,2,2,2,2,2,2,2,1,0,0,0
2008,33,5,1,330105,1,1,1,2,4,2,5,2,1,1,1,2,1,2,2,2,2,2,2,2,2,2,2,2,2,2,2,2,1,2,2,0,0,0
2008,33,11,1,330106,1,1,1,2,1,1,6,1,4,2,2,2,2,2,1,2,2,2,2,2,1,2,2,2,2,2,1,1,2,2,2,0,0,0
2008,33,17,1,330107,1,1,1,2,1,2,6,2,2,1,1,2,2,2,2,2,2,2,2,2,2,2,2,2,2,1,2,2,2,1,2,0,0,0
2008,33,13,1,330108,1,1,1,1,4,2,1,2,1,1,1,2,1,2,2,2,2,2,1,2,2,2,2,2,2,1,2,2,1,2,2,0,0,0
2008,33,15,1,330109,1,1,1,1,1,2,1,2,4,1,1,2,2,2,2,2,2,2,2,2,3,2,2,2,2,2,2,2,1,2,2,0,0,0
2008,33,13,1,330110,1,1,1,2,1,2,5,2,1,1,1,2,1,2,1,2,2,2,2,2,2,2,2,2,2,2,2,2,2,2,2,0,0,0
2008,33,1,1,330111,1,1,1,1,1,2,1,2,1,1,1,2,1,2,2,2,2,2,1,2,2,2,2,2,2,2,2,2,2,2,2,0,0,0
2008,33,5,1,330112,1,1,1,2,1,2,5,2,4,1,2,2,2,2,2,1,2,2,2,2,2,2,2,1,1,2,2,1,1,2,2,0,0,0
2008,33,1,2,330113,1,1,1,2,4,2,6,2,3,2,2,2,2,2,2,1,2,2,2,2,1,2,2,2,2,2,1,1,1,2,2,0,0,0
2008,33,15,1,330114,1,1,1,2,1,1,6,1,4,1,1,2,2,2,2,2,2,2,2,2,3,2,2,2,2,1,2,2,2,2,2,0,0,0
2008,33,17,1,330115,1,1,1,2,1,2,4,2,2,2,2,2,2,2,2,1,2,2,2,2,1,2,2,2,2,2,2,2,2,2,2,0,0,0
2008,33,9,1,330116,1,1,1,2,4,2,6,2,1,2,1,2,1,2,2,2,2,2,2,2,1,2,2,2,2,2,2,2,1,2,2,0,0,0
2008,33,15,1,330117,1,1,1,2,2,2,6,2,1,1,1,2,2,2,2,1,2,2,1,2,3,2,2,2,2,2,2,2,1,2,2,0,0,0
2008,33,13,1,330118,1,1,1,2,1,2,4,2,3,2,1,2,2,2,2,2,2,2,2,2,2,2,2,2,2,2,2,2,1,2,2,0,0,0
2008,33,3,1,330119,1,1,1,2,1,2,5,2,3,2,2,2,2,2,2,2,2,2,2,2,3,2,2,2,2,2,2,2,1,2,2,0,0,0
2008,33,5,1,330120,1,1,1,2,4,2,6,2,1,1,2,2,1,2,2,2,2,2,1,2,2,2,2,2,2,2,2,2,1,2,2,0,0,0
2008,33,11,1,330121,1,1,1,2,1,2,5,2,3,2,1,2,2,1,2,2,2,2,2,2,1,2,2,2,2,2,2,2,2,2,2,0,0,0
2008,33,9,1,330122,1,1,1,2,4,2,6,2,1,2,2,2,1,2,2,1,2,2,2,2,1,2,2,2,2,2,2,2,1,2,2,0,0,0
2008,33,3,1,330123,1,1,1,2,4,2,5,2,1,2,1,2,1,2,2,1,2,2,1,2,1,2,2,2,2,2,1,1,1,2,2,0,0,0
2008,33,17,1,330124,1,1,1,2,1,2,6,2,3,1,1,2,3,1,2,2,2,2,2,2,3,2,2,2,2,1,2,2,1,2,2,0,0,0
2008,33,15,1,330125,1,1,1,2,4,2,5,2,1,2,1,2,1,2,2,1,2,2,1,2,2,2,2,2,2,2,2,2,1,2,2,0,0,0
2008,33,11,1,330126,1,1,1,2,1,2,5,2,4,1,2,2,2,2,2,1,2,2,2,2,3,2,2,2,2,1,2,2,1,2,2,0,0,0
2008,33,15,2,330127,1,1,1,2,4,2,6,2,1,2,2,2,1,2,2,2,2,2,2,2,1,2,2,2,2,2,1,1,1,2,2,0,0,0
2008,33,17,1,330128,1,1,1,2,1,2,6,3,1,1,1,2,1,2,2,2,1,2,2,2,2,2,2,2,2,2,2,2,2,1,2,0,0,0
2008,33,3,1,330129,1,1,1,2,1,2,5,2,4,1,1,2,2,2,2,2,2,2,2,2,3,1,1,1,1,2,2,1,2,2,2,0,0,0
2008,33,11,1,330130,1,1,1,2,2,2,5,3,1,1,2,2,1,2,2,1,2,2,1,2,2,1,1,1,1,2,2,1,1,2,2,0,0,0
2008,34,7,1,340001,1,2,2,2,4,2,2,2,1,1,1,2,1,2,2,2,2,2,2,2,1,2,2,2,2,2,1,1,1,2,2,0,0,0
2008,34,13,1,340002,1,2,2,1,1,2,1,2,1,1,1,2,1,2,2,2,1,2,2,2,3,2,2,2,2,1,2,2,2,2,2,0,0,0
2008,34,33,1,340003,1,2,2,2,4,1,6,1,1,1,1,2,1,2,2,1,2,2,2,2,1,2,2,2,2,2,2,2,2,2,2,0,0,0
2008,34,15,1,340004,1,2,2,2,1,2,5,2,1,2,1,2,1,2,2,2,1,2,2,2,2,2,2,2,2,2,2,2,2,2,2,0,0,0
2008,34,7,1,340005,1,2,2,2,1,1,3,1,3,2,2,2,2,1,2,2,2,2,2,2,1,2,2,2,2,2,2,2,2,2,2,0,0,0
2008,34,37,1,340006,1,2,2,2,4,2,4,2,1,2,2,2,1,2,2,2,2,2,2,2,1,2,2,2,2,2,1,1,1,1,2,0,0,0
2008,34,39,1,340007,1,2,2,2,1,2,3,2,1,1,1,2,1,2,2,2,1,2,2,2,2,2,2,2,2,2,2,2,2,2,2,0,0,0
2008,34,23,1,340008,1,2,2,2,4,2,5,2,1,2,2,2,1,2,2,2,2,2,1,2,1,2,2,2,2,2,2,2,1,2,2,0,0,0
2008,34,29,1,340009,1,2,2,2,1,2,4,2,1,1,1,2,1,2,2,2,1,2,2,2,2,2,2,2,2,1,2,2,2,2,2,0,0,0
2008,34,17,3,340010,1,2,2,2,1,2,4,2,3,1,2,2,2,2,2,1,2,2,1,2,3,1,1,1,1,2,2,1,1,2,2,0,0,0
2008,34,39,1,340011,1,2,2,2,1,1,3,1,1,2,2,1,1,2,2,2,1,2,2,2,3,2,2,2,2,2,2,2,2,2,2,0,0,0
2008,34,35,1,340012,1,2,2,2,4,2,6,2,1,1,1,2,1,2,2,1,2,2,2,2,2,2,2,2,2,1,2,2,1,1,2,0,0,0
2008,34,25,1,340013,1,2,2,2,4,1,3,1,1,2,1,2,1,2,2,2,2,2,1,2,1,2,2,2,2,2,2,2,2,1,2,0,0,0
2008,34,17,1,340014,1,2,2,2,1,1,6,1,1,2,1,2,1,2,2,2,2,1,2,2,3,2,2,2,2,2,2,2,2,2,2,0,0,0
2008,34,5,1,340015,1,2,1,2,1,2,3,3,4,1,1,2,2,2,2,2,2,2,2,2,3,2,2,2,2,1,2,2,2,2,2,0,0,0
2008,34,23,1,340016,1,2,2,2,1,2,5,2,3,1,1,2,2,2,2,2,2,2,2,2,2,2,2,2,2,1,2,2,1,1,2,0,0,0
2008,34,7,1,340017,1,2,2,2,4,2,3,2,1,2,1,2,1,2,2,1,2,2,2,2,1,1,1,1,1,2,2,1,1,2,2,0,0,0
2008,34,25,1,340018,1,2,2,2,4,2,4,2,1,2,2,2,1,2,2,2,2,2,2,2,1,2,2,1,1,2,2,1,1,2,2,0,0,0
2008,34,31,1,340021,1,2,2,2,1,1,3,1,1,2,2,1,1,2,2,2,1,2,2,2,3,2,2,2,2,2,2,2,2,2,2,0,0,0
2008,34,31,1,340022,1,2,2,2,1,2,3,2,1,2,1,2,1,2,2,2,1,2,2,2,1,2,2,2,2,2,1,1,2,2,2,0,0,0
2008,34,1,1,340023,1,2,2,2,1,2,4,3,2,2,1,2,2,2,2,1,2,2,2,2,1,2,2,2,2,2,2,2,2,2,2,0,0,0
2008,34,31,1,340024,1,2,2,2,4,1,4,1,1,1,1,2,1,2,2,2,2,2,2,2,2,2,2,2,2,1,2,2,2,1,2,0,0,0
2008,34,9,1,340025,1,2,2,2,4,2,5,2,1,2,1,2,1,2,2,1,2,2,2,2,1,2,2,1,1,2,2,1,1,2,2,0,0,0
2008,34,27,1,340026,1,2,2,2,1,2,3,2,1,2,1,2,1,2,2,2,2,1,2,2,2,2,2,2,2,2,2,2,2,2,2,0,0,0
2008,34,25,1,340027,1,2,2,2,2,2,2,3,1,1,1,2,2,1,2,2,2,2,1,2,2,2,2,2,2,2,2,2,1,1,2,0,0,0
2008,34,17,2,340028,1,2,2,2,1,1,4,1,2,1,2,2,3,2,2,1,2,2,2,2,3,2,2,2,2,1,2,2,2,2,2,0,0,0
2008,34,5,1,340029,1,2,2,2,4,2,3,2,1,2,2,2,2,2,2,2,2,2,2,2,3,2,2,2,2,2,1,1,1,1,2,0,0,0
2008,34,23,2,340031,1,2,2,2,1,1,5,1,4,2,2,2,2,2,2,1,2,2,2,2,2,1,1,1,1,2,2,1,2,2,2,0,0,0
2008,34,35,1,340032,1,2,2,2,1,1,3,1,4,1,2,2,2,2,2,2,2,2,2,2,1,2,2,2,2,1,2,2,2,2,2,0,0,0
2008,34,31,1,340033,1,2,2,2,4,2,4,2,1,2,2,2,1,2,2,2,2,2,2,2,2,1,1,1,1,2,2,1,1,2,2,0,0,0
2008,34,5,1,340034,1,2,2,2,4,2,4,2,1,2,1,2,1,2,2,2,2,2,1,2,2,2,2,2,2,2,2,2,1,1,2,0,0,0
2008,34,17,1,340035,1,2,2,2,4,1,4,1,1,1,1,2,1,2,2,2,2,2,2,2,2,2,2,2,2,2,2,2,2,2,2,0,0,0
2008,34,7,1,340037,1,2,2,2,1,1,6,1,4,1,1,2,2,2,1,2,2,2,2,2,3,1,1,1,1,2,2,1,2,1,2,0,0,0
2008,34,39,1,340038,1,2,2,2,1,1,3,1,1,2,1,2,1,2,2,2,1,2,2,2,3,2,2,2,2,2,2,2,2,2,2,0,0,0
2008,34,1,1,340039,1,2,2,2,4,2,3,2,1,2,1,2,1,2,2,2,2,2,1,2,1,2,2,2,2,2,1,1,1,2,2,0,0,0
2008,34,27,1,340040,1,2,2,1,3,2,1,2,1,1,1,2,1,2,2,2,2,2,2,2,2,2,2,2,2,2,1,1,1,1,2,0,0,0
2008,34,1,1,340041,1,2,2,2,1,2,2,2,1,2,1,2,1,2,2,2,1,2,2,2,2,2,2,2,2,2,2,2,2,2,2,0,0,0
2008,34,13,1,340042,1,2,2,2,1,2,2,2,1,2,2,2,1,2,2,2,1,2,2,2,3,2,2,2,2,2,2,2,2,2,2,0,0,0
2008,34,39,1,340043,1,2,2,2,1,1,6,1,4,1,1,2,2,2,2,2,2,2,2,2,3,2,2,2,2,2,2,2,2,1,2,0,0,0
2008,34,15,1,340044,1,2,2,2,1,1,3,1,1,2,1,2,1,2,2,2,1,2,2,2,3,2,2,2,2,2,2,2,2,2,2,0,0,0
2008,34,39,1,340045,1,2,2,2,4,2,6,2,1,2,2,2,1,2,2,2,2,2,2,2,1,2,2,2,2,2,2,2,1,1,2,0,0,0
2008,34,29,1,340046,1,2,2,2,6,1,3,1,1,2,2,2,1,2,2,2,1,2,2,2,3,2,2,2,2,2,2,2,2,2,2,0,0,0
2008,34,3,1,340047,1,2,2,1,1,2,1,2,5,2,2,2,2,1,2,2,2,2,1,2,3,2,2,2,2,2,2,2,2,2,2,0,0,0
2008,34,1,1,340048,1,2,1,2,1,2,6,2,1,2,2,2,1,2,2,1,2,2,1,2,1,2,2,2,2,2,2,2,2,2,2,0,0,0
2008,34,25,1,340049,1,2,1,2,4,2,5,2,1,2,1,2,1,2,2,2,2,2,2,2,1,2,2,2,2,2,2,2,1,2,2,0,0,0
2008,34,7,1,340050,1,2,2,2,1,1,3,1,4,1,1,2,2,2,2,2,2,2,2,2,3,2,2,2,2,1,2,2,2,1,2,0,0,0
2008,34,5,1,340051,1,2,1,2,1,2,3,2,3,1,2,2,2,1,2,2,2,2,2,2,3,2,2,2,2,1,2,2,1,1,2,0,0,0
2008,34,27,1,340052,1,2,2,1,6,2,1,2,1,2,1,1,1,2,2,2,1,2,2,2,3,2,2,2,2,2,2,2,2,2,2,0,0,0
2008,34,31,1,340053,1,2,2,2,1,1,3,1,1,2,2,2,1,2,2,2,1,2,2,2,3,2,2,2,2,2,2,2,2,2,2,0,0,0
2008,34,37,1,340054,1,2,1,2,4,2,5,2,1,2,2,2,1,2,2,2,2,2,2,2,1,2,2,2,2,2,2,2,1,1,2,0,0,0
2008,34,39,1,340055,1,2,2,2,1,1,3,1,4,2,1,2,2,2,2,2,2,2,2,2,3,2,2,2,2,1,2,2,2,1,2,0,0,0
2008,34,21,1,340056,1,2,2,2,1,2,6,2,4,1,1,2,2,2,2,1,2,2,2,1,3,2,2,1,1,2,2,1,2,2,2,0,0,0
2008,34,29,1,340057,1,2,2,2,1,2,3,2,3,1,1,2,2,1,2,2,2,2,2,2,2,2,2,2,2,2,2,2,1,1,2,0,0,0
2008,34,21,1,340058,1,2,2,2,1,1,4,1,4,2,2,2,2,2,2,2,2,2,2,2,3,1,1,1,1,1,2,1,2,1,2,0,0,0
2008,34,19,1,340060,1,2,1,2,4,2,5,2,1,2,2,2,1,2,2,1,2,2,2,2,1,2,2,2,2,2,2,2,1,2,2,0,0,0
2008,34,39,1,340061,1,2,2,2,1,1,3,1,1,1,1,2,1,2,2,2,1,2,2,2,3,2,2,2,2,2,2,2,2,2,2,0,0,0
2008,34,21,1,340062,1,2,2,2,4,1,5,1,1,1,2,2,1,2,2,2,2,2,2,2,2,2,2,2,2,2,1,1,2,1,2,0,0,0
2008,34,29,1,340063,1,2,2,2,1,1,3,1,4,1,1,2,3,2,2,2,2,2,1,2,3,2,2,2,2,1,2,2,2,2,2,0,0,0
2008,34,33,1,340064,1,2,1,1,1,2,1,2,3,1,1,2,2,2,2,2,2,2,2,2,1,2,2,2,2,1,2,2,2,2,2,0,0,0
2008,34,29,1,340065,1,2,2,2,1,2,4,3,4,1,1,2,2,1,2,2,2,2,2,2,2,2,2,2,2,1,2,2,2,1,2,0,0,0
2008,34,15,1,340066,1,2,2,2,4,2,5,2,1,2,1,2,1,2,2,2,2,2,1,2,2,2,2,2,2,2,1,1,1,1,2,0,0,0
2008,34,27,1,340067,1,2,2,2,1,1,3,1,4,1,2,2,2,2,2,2,2,2,2,2,3,2,2,2,2,1,2,2,2,2,2,0,0,0
2008,34,11,1,340068,1,2,2,2,4,2,4,2,1,2,1,2,1,2,2,1,2,2,2,2,2,2,2,2,2,2,2,2,1,1,2,0,0,0
2008,34,5,1,340069,1,2,2,2,1,2,3,2,1,2,1,2,2,2,2,2,1,2,2,2,3,2,2,2,2,2,2,2,2,2,2,0,0,0
2008,34,41,1,340070,1,2,1,1,3,2,1,2,1,1,1,2,1,2,2,2,2,2,2,2,2,2,2,2,2,2,2,2,1,1,2,0,0,0
2008,34,21,1,340071,1,2,2,2,1,1,3,1,4,1,2,2,3,2,2,2,2,2,1,2,3,1,1,1,1,1,2,1,2,1,2,0,0,0
2008,34,1,1,340072,1,2,2,2,4,1,4,1,1,1,1,2,1,2,2,2,2,2,2,2,3,2,2,2,2,1,2,2,2,1,2,0,0,0
2008,34,27,1,340073,1,2,2,2,4,2,5,2,1,1,2,2,1,2,2,1,2,2,2,2,2,2,2,2,2,2,1,1,1,2,2,0,0,0
2008,34,21,2,340074,1,2,2,1,4,2,1,3,1,1,1,2,1,2,2,2,2,2,2,2,3,2,2,2,2,2,2,2,1,1,2,0,0,0
2008,34,29,1,340075,1,2,2,2,1,2,3,2,1,2,1,2,1,2,2,2,1,2,2,2,2,2,2,1,1,2,2,1,2,2,2,0,0,0
2008,34,3,1,340076,1,2,2,2,4,1,3,1,1,2,1,2,1,2,2,2,2,2,2,2,1,2,2,2,2,2,2,2,2,2,2,0,0,0
2008,34,1,1,340077,1,2,2,2,3,2,3,2,1,2,1,2,1,2,2,2,2,2,2,2,2,2,2,2,2,2,2,2,1,1,2,0,0,0
2008,34,7,1,340078,1,2,2,2,2,2,2,2,1,2,1,2,2,2,2,2,2,2,1,2,3,2,2,2,2,2,2,2,1,1,2,0,0,0
2008,34,11,1,340079,1,2,1,2,4,2,5,2,1,2,1,2,1,2,2,2,2,2,2,2,2,2,2,2,2,2,2,2,1,1,2,0,0,0
2008,34,15,1,340080,1,2,2,2,1,2,3,2,1,1,1,2,1,2,2,2,2,1,2,2,3,2,2,2,2,2,1,1,2,2,2,0,0,0
2008,34,39,1,340081,1,2,2,2,1,2,6,3,4,1,2,2,2,2,1,2,2,2,2,2,3,2,2,2,2,2,1,1,2,1,2,0,0,0
2008,34,39,1,340082,1,2,2,2,1,2,6,2,1,2,1,2,1,2,2,2,1,2,2,2,3,2,2,2,2,2,2,2,2,1,2,0,0,0
2008,34,17,1,340085,1,2,2,2,1,1,6,1,1,1,1,2,1,2,2,2,1,2,2,2,3,2,2,2,2,1,2,2,2,2,2,0,0,0
2008,34,35,1,340086,1,2,2,2,4,1,6,1,1,2,1,2,1,2,2,2,2,2,2,2,1,2,2,2,2,2,2,2,2,2,2,0,0,0
2008,34,13,1,340087,1,2,2,2,1,1,6,1,1,1,1,2,2,2,2,2,1,2,2,2,3,2,2,2,2,2,2,2,2,2,2,0,0,0
2008,34,3,1,340088,1,2,2,2,4,2,6,2,1,2,2,2,1,2,2,2,1,2,2,2,1,2,2,2,2,1,2,2,2,2,2,0,0,0
2008,34,15,1,340089,1,2,2,2,4,2,4,2,1,2,2,2,1,2,2,2,2,2,2,2,1,2,2,2,2,2,2,2,1,1,2,0,0,0
2008,34,39,1,340091,1,2,2,2,1,1,3,1,1,2,2,2,1,2,2,2,1,2,2,2,2,1,1,1,1,2,2,1,2,2,2,0,0,0
2008,34,25,2,340092,1,2,2,2,1,2,6,2,1,2,1,2,1,2,2,2,1,2,2,2,2,2,2,2,2,1,2,2,2,2,2,0,0,0
2008,34,23,1,340093,1,2,2,2,1,1,6,1,4,2,2,2,2,2,2,1,2,2,2,2,3,1,1,1,1,2,2,1,2,2,2,0,0,0
2008,34,25,1,340095,1,2,2,2,1,2,3,3,4,1,1,2,2,2,2,2,2,2,2,2,3,2,2,2,2,1,2,2,2,1,2,0,0,0
2008,34,17,1,340096,1,2,2,2,1,2,3,3,1,1,1,2,1,1,2,2,2,1,2,2,3,2,2,2,2,2,2,2,2,2,2,0,0,0
2008,34,25,1,340097,1,2,2,2,4,2,4,2,1,2,2,2,1,2,2,1,2,2,2,2,2,1,1,1,1,2,2,1,1,1,2,0,0,0
2008,34,17,1,340098,1,2,2,2,4,2,6,2,1,1,1,2,1,2,2,2,2,2,1,2,3,2,2,2,2,1,2,2,1,2,2,0,0,0
2008,34,37,1,340099,1,2,2,2,1,1,4,1,3,2,2,2,2,1,2,2,2,2,2,2,1,2,2,2,2,2,2,2,2,2,2,0,0,0
2008,34,5,1,340100,1,2,2,2,1,1,4,1,1,1,1,2,1,2,2,2,1,2,2,2,3,2,2,2,2,2,2,2,2,2,2,0,0,0
2008,34,29,1,340101,1,2,2,2,1,1,3,1,1,1,1,2,1,2,2,2,2,2,2,2,3,2,2,2,2,2,2,2,2,2,2,0,0,0
2008,34,27,1,340102,1,2,2,2,4,2,3,2,1,2,1,2,1,2,2,2,2,2,1,2,1,2,2,2,2,2,2,2,1,2,2,0,0,0
2008,34,39,1,340103,1,2,2,2,4,1,3,1,1,1,1,2,1,2,2,2,2,2,2,2,1,2,2,2,2,2,2,2,1,1,2,0,0,0
2008,34,13,1,340104,1,2,2,2,1,2,2,2,1,2,2,2,1,2,2,2,1,2,2,2,3,2,2,2,2,2,1,1,2,2,2,0,0,0
2008,34,29,1,340105,1,2,2,2,1,2,3,2,2,2,2,2,3,2,2,1,2,2,1,2,1,2,2,2,2,1,2,2,2,2,2,0,0,0
2008,34,5,1,340106,1,2,1,2,4,2,3,2,1,2,2,2,1,2,2,2,2,2,1,2,1,2,2,2,2,2,1,1,1,2,1,0,0,0
2008,34,7,1,340107,1,2,2,2,1,1,3,1,1,2,2,2,1,2,2,2,1,2,2,2,2,2,2,2,2,2,2,2,2,2,2,0,0,0
2008,34,7,1,340108,1,2,2,2,4,1,5,1,1,2,2,2,1,2,2,2,2,2,2,2,1,2,2,2,2,2,2,2,2,1,2,0,0,0
2008,34,33,1,340110,1,2,2,2,4,2,6,2,1,2,1,2,1,2,2,2,2,2,2,2,2,2,2,2,2,2,1,1,1,1,2,0,0,0
2008,34,13,1,340111,1,2,2,2,1,1,3,1,4,2,2,2,2,2,2,2,2,2,2,1,1,2,2,2,2,2,2,2,2,2,2,0,0,0
2008,34,25,1,340112,1,2,2,2,3,2,2,2,1,1,1,2,1,2,2,2,2,2,2,2,2,2,2,2,2,2,2,2,1,2,1,0,0,0
2008,34,25,1,340113,1,2,2,2,4,2,4,2,1,2,2,2,1,2,2,2,2,2,2,2,1,2,2,2,2,2,2,2,1,1,2,0,0,0
2008,34,5,1,340114,1,2,2,2,1,1,6,1,4,1,1,2,2,2,2,2,2,2,2,2,2,2,2,2,2,2,2,2,2,1,2,0,0,0
2008,34,1,1,340115,1,2,2,2,1,2,3,2,3,1,1,2,3,2,2,2,2,2,2,2,3,1,1,1,1,1,2,1,1,1,2,0,0,0
2008,34,13,1,340116,1,2,2,2,1,1,4,1,1,2,1,2,1,2,2,2,1,2,2,2,3,2,2,2,2,1,2,2,2,2,2,0,0,0
2008,34,11,1,340117,1,2,1,2,1,2,3,2,3,2,1,2,2,2,2,2,2,2,1,2,3,2,2,2,2,2,2,2,1,2,2,0,0,0
2008,34,7,1,340118,1,2,2,2,1,2,3,2,1,2,1,2,1,2,2,2,1,2,2,2,3,2,2,2,2,2,2,2,2,2,2,0,0,0
2008,34,13,1,340119,1,2,2,2,1,1,6,1,1,2,2,2,1,2,2,2,1,2,2,2,3,2,2,2,2,2,2,2,2,2,2,0,0,0
2008,34,13,1,340120,1,2,2,2,1,1,6,1,4,2,2,1,2,2,2,2,2,2,2,2,3,2,2,2,2,1,2,2,2,2,2,0,0,0
2008,34,33,1,340121,1,2,1,2,1,2,6,2,1,1,1,2,1,2,1,2,2,2,2,2,2,2,2,2,2,2,2,2,2,1,2,0,0,0
2008,34,1,1,340122,1,2,2,2,4,2,6,2,1,2,2,2,1,2,2,1,2,2,1,2,1,2,2,2,2,2,1,1,1,2,2,0,0,0
2008,34,5,1,340123,1,2,1,2,4,2,6,2,1,2,2,2,2,2,2,1,2,2,2,2,2,1,1,1,1,2,2,1,1,1,2,0,0,0
2008,34,29,1,340124,1,2,2,2,4,2,6,2,1,2,2,2,1,2,2,2,2,2,2,2,2,1,1,1,1,2,2,1,1,2,2,0,0,0
2008,34,15,1,340125,1,2,2,2,4,1,6,1,1,2,2,2,1,2,2,1,2,2,2,2,1,1,1,1,1,2,2,1,2,2,2,0,0,0
2008,34,3,1,340126,1,2,2,2,1,2,3,2,5,2,2,2,2,2,2,2,2,2,1,2,1,2,2,2,2,2,1,1,1,2,2,0,0,0
2008,34,1,2,340128,1,2,2,2,1,2,2,2,3,2,1,2,2,2,2,2,2,2,1,2,1,2,2,2,2,1,1,1,2,1,2,0,0,0
2008,34,41,1,340129,1,2,1,1,3,2,1,2,1,2,1,2,1,2,2,2,2,2,1,2,2,2,2,2,2,2,2,2,1,1,2,0,0,0
2008,34,15,1,340130,1,2,1,2,1,1,4,1,4,1,2,2,2,2,2,2,2,2,2,2,3,2,2,2,2,1,2,2,2,1,2,0,0,0
2008,34,7,1,340131,1,2,2,2,1,1,3,1,4,2,2,2,2,2,2,2,2,2,1,2,3,1,1,1,1,2,2,1,2,2,2,0,0,0
2008,34,7,1,340132,1,2,2,1,1,2,1,2,2,2,2,2,3,2,2,2,1,2,2,2,3,2,2,2,2,2,1,1,2,2,2,0,0,0
2008,34,19,2,340133,1,2,2,2,1,2,3,2,3,1,2,2,2,2,2,2,2,2,2,2,3,2,2,2,2,1,2,2,1,1,2,0,0,0
2008,34,25,1,340135,1,2,1,2,1,1,4,1,4,1,1,2,2,2,2,2,2,2,2,2,2,1,1,1,1,2,1,1,2,1,2,0,0,0
2008,34,31,1,340136,1,2,2,2,4,1,6,1,1,1,1,1,1,2,2,2,1,2,2,2,3,2,2,2,2,2,2,2,2,1,2,0,0,0
2008,34,21,1,340138,1,2,2,2,4,2,4,2,1,1,1,2,1,2,2,2,2,2,2,2,3,2,2,2,2,1,2,2,1,1,2,0,0,0
2008,34,31,1,340139,1,2,2,1,1,2,1,2,5,1,1,2,3,2,2,2,2,2,1,2,3,1,1,1,1,1,2,1,2,1,2,0,0,0
2008,34,23,1,340140,1,2,2,2,1,2,3,2,1,2,1,2,1,2,2,2,1,2,2,2,2,2,2,2,2,2,2,2,2,2,2,0,0,0
2008,34,27,1,340141,1,2,2,2,4,1,4,1,1,2,1,2,1,2,1,2,2,2,2,2,1,2,2,2,2,2,2,2,2,1,2,0,0,0
2008,34,27,1,340142,1,2,2,2,1,2,4,2,1,2,2,2,1,1,2,2,1,2,2,2,2,2,2,2,2,2,2,2,2,2,2,0,0,0
2008,34,1,1,340143,1,2,1,2,1,2,4,2,2,2,2,2,3,2,1,2,2,2,2,2,1,2,2,2,2,2,1,1,2,2,2,0,0,0
2008,34,35,1,340144,1,2,1,2,4,2,5,2,1,1,1,2,1,2,1,2,2,2,2,2,2,2,2,2,2,2,2,2,1,2,2,0,0,0
2008,34,5,1,340145,1,2,1,2,4,2,4,2,1,2,2,2,1,2,2,2,2,2,1,2,1,2,2,2,2,2,2,2,1,1,2,0,0,0
2008,34,7,1,340146,1,2,2,2,1,1,3,1,3,1,1,2,2,2,2,2,2,2,2,2,3,2,2,2,2,1,2,2,2,2,2,0,0,0
2008,34,31,1,340147,1,2,2,2,1,2,3,2,1,2,2,2,1,2,2,2,1,2,2,2,3,2,2,2,2,2,2,2,2,2,2,0,0,0
2008,34,31,1,340148,1,2,1,2,4,2,6,2,1,2,2,2,1,2,2,2,2,2,2,2,1,2,2,2,2,2,2,2,1,1,2,0,0,0
2008,34,33,1,340149,1,2,2,2,4,2,6,2,1,2,2,2,1,2,1,2,2,2,2,2,1,2,2,2,2,2,1,1,1,1,2,0,0,0
2008,34,11,1,340150,1,2,2,2,1,1,5,1,4,1,1,2,2,1,2,2,2,2,2,2,3,2,2,2,2,2,2,2,2,2,2,0,0,0
2008,34,29,1,340152,1,2,2,2,1,1,4,1,4,1,1,2,2,2,2,2,2,2,2,2,3,1,1,1,1,2,2,1,2,2,2,0,0,0
2008,34,29,1,340153,1,2,1,2,1,2,3,2,3,1,1,2,3,1,2,2,2,2,1,2,3,2,2,2,2,2,2,2,1,1,2,0,0,0
2008,34,27,1,340154,1,2,2,1,4,2,1,2,1,2,1,2,2,2,2,1,2,2,1,2,1,2,2,2,2,2,2,2,1,2,2,0,0,0
2008,34,39,1,340155,1,2,2,2,1,1,3,1,1,2,1,1,1,2,2,2,1,2,2,2,1,2,2,2,2,2,1,1,2,2,2,0,0,0
2008,34,15,1,340156,1,2,2,2,1,2,5,2,1,2,1,2,2,2,2,2,1,2,2,2,3,1,1,1,1,2,2,1,2,2,2,0,0,0
2008,34,27,1,340157,1,2,1,2,4,2,6,2,1,1,1,2,1,2,2,2,2,2,1,2,2,1,1,1,1,2,2,1,1,1,2,0,0,0
2008,34,35,1,340158,1,2,2,2,1,2,6,3,4,1,2,2,3,2,2,2,2,2,2,2,3,2,2,2,2,2,2,2,2,1,2,0,0,0
2008,34,35,1,340159,1,2,2,1,4,2,1,2,1,2,2,2,1,2,2,2,2,2,1,2,1,2,2,2,2,2,2,2,1,1,2,0,0,0
2008,34,29,1,340160,1,2,2,2,1,1,3,1,4,1,1,2,2,2,1,2,2,2,2,2,1,2,2,2,2,2,2,2,2,2,2,0,0,0
2008,34,13,2,340161,1,2,2,2,1,2,2,2,6,2,2,2,2,2,2,1,2,2,1,2,3,1,1,1,1,2,2,1,2,2,2,0,0,0
2008,34,17,1,340163,1,2,2,2,1,1,6,1,1,2,1,2,1,2,2,2,1,2,2,2,3,2,2,2,2,2,2,2,2,1,2,0,0,0
2008,34,39,1,340164,1,2,2,2,4,2,4,2,1,1,1,2,1,2,2,2,2,2,2,2,2,2,2,2,2,2,2,2,1,2,2,0,0,0
2008,34,29,1,340165,1,2,2,2,4,2,2,2,1,2,1,2,1,2,2,2,2,2,2,2,2,2,2,2,2,2,2,2,1,1,2,0,0,0
2008,34,7,1,340166,1,2,2,2,1,1,3,1,1,2,1,2,1,2,2,2,1,2,2,2,3,2,2,2,2,2,2,2,2,1,2,0,0,0
2008,34,11,1,340167,1,2,2,2,4,2,4,2,1,2,1,2,1,2,1,2,2,2,2,2,1,2,2,2,2,2,2,2,1,2,2,0,0,0
2008,34,21,1,340168,1,2,2,1,1,2,1,2,1,2,2,1,2,2,2,2,1,2,2,2,3,2,2,2,2,2,1,1,2,2,2,0,0,0
2008,34,37,1,340169,1,2,1,2,1,2,5,2,4,1,2,2,2,2,1,2,2,2,2,2,3,2,2,2,2,2,2,2,1,1,2,0,0,0
2008,34,25,1,340170,1,2,1,2,1,2,6,2,3,2,1,2,2,2,1,2,2,2,2,2,1,2,2,2,2,2,1,1,1,2,2,0,0,0
2008,34,3,1,340171,1,2,2,2,4,2,6,2,1,2,2,2,1,2,1,2,2,2,2,2,2,1,1,1,1,2,2,1,1,2,2,0,0,0
2008,34,33,1,340172,1,2,2,2,1,2,2,3,4,1,1,2,2,1,2,1,2,2,2,2,3,2,2,2,2,1,2,2,1,2,2,0,0,0
2008,34,21,1,340173,1,2,2,2,1,2,3,2,1,2,2,2,1,2,2,1,2,2,2,2,1,2,2,2,2,2,2,2,1,1,2,0,0,0
2008,34,25,1,340174,1,2,2,2,1,1,3,1,1,2,2,2,1,2,2,2,1,2,2,2,2,2,2,2,2,2,2,2,2,2,2,0,0,0
2008,34,15,2,340175,1,2,2,2,4,2,5,2,1,1,1,2,1,2,2,2,2,2,2,2,3,2,2,2,2,2,2,2,1,1,2,0,0,0
2008,34,5,1,340177,1,2,2,2,4,2,6,2,1,2,2,2,1,2,1,2,2,2,2,2,1,2,2,2,2,2,2,2,1,1,2,0,0,0
2008,34,9,1,340178,1,2,2,2,4,1,5,1,1,2,2,2,1,2,2,2,2,2,2,2,2,2,2,2,2,2,2,2,2,1,2,0,0,0
2008,34,5,1,340179,1,2,2,1,4,2,1,2,1,1,1,2,1,2,1,2,2,2,2,2,2,2,2,2,2,1,2,2,1,1,2,0,0,0
2008,34,7,1,340180,1,2,2,2,1,2,6,2,1,2,1,2,1,2,2,2,1,2,2,2,3,1,1,1,1,2,2,1,2,1,2,0,0,0
2008,34,25,1,340182,1,2,2,2,1,1,5,1,1,1,1,2,1,2,2,2,2,1,2,2,3,1,1,1,1,2,2,1,2,2,2,0,0,0
2008,34,23,1,340183,1,2,2,1,1,2,1,2,2,2,1,2,3,2,1,2,2,2,2,2,3,1,1,1,1,1,2,1,2,2,2,0,0,0
2008,34,17,1,340184,1,2,2,2,1,2,2,2,2,1,2,1,2,2,1,1,1,2,2,2,2,2,2,2,2,2,2,2,2,2,2,0,0,0
2008,34,7,1,340185,1,2,2,2,4,2,6,2,1,2,1,2,1,2,2,2,2,2,1,2,2,2,2,2,2,2,2,2,1,1,2,0,0,0
2008,34,5,1,340186,1,2,2,2,4,1,3,1,1,1,1,2,1,2,2,2,2,2,2,2,2,2,2,2,2,2,1,1,2,1,2,0,0,0
2008,34,25,1,340187,1,2,2,2,1,2,4,2,3,1,1,2,2,2,2,2,2,2,2,2,2,2,2,2,2,2,2,2,1,1,2,0,0,0
2008,34,3,1,340188,1,2,2,2,1,1,3,1,1,2,2,2,1,2,2,2,1,2,2,2,2,2,2,2,2,2,1,1,2,2,2,0,0,0
2008,34,3,1,340189,1,2,2,2,1,1,3,1,1,1,2,2,1,2,2,2,1,2,2,2,3,2,2,2,2,1,2,2,2,1,2,0,0,0
2008,34,29,1,340190,1,2,1,2,1,2,5,2,3,1,2,2,2,2,1,2,2,2,2,2,2,2,2,2,2,2,2,2,2,1,2,0,0,0
2008,34,7,1,340191,1,2,2,2,1,2,3,3,4,1,1,2,2,2,2,2,2,2,2,2,3,2,2,2,2,1,2,2,2,2,2,0,0,0
2008,34,19,1,340192,1,2,1,2,4,2,5,2,1,2,2,2,1,2,1,2,2,2,2,2,1,2,2,2,2,2,2,2,2,1,2,0,0,0
2008,34,39,1,340193,1,2,2,2,1,1,6,1,4,1,2,2,2,2,2,1,2,2,2,2,1,2,2,2,2,2,2,2,2,2,2,0,0,0
2008,34,23,1,340194,1,2,2,2,1,2,4,2,3,2,2,2,2,2,2,2,2,2,1,2,3,2,2,2,2,2,2,2,1,1,2,0,0,0
2008,34,13,1,340195,1,2,2,2,1,1,6,1,4,1,2,1,2,2,2,2,2,2,2,2,3,2,2,1,1,2,2,1,2,2,2,0,0,0
2008,34,19,1,340196,1,2,2,2,1,2,5,2,3,1,1,2,2,1,2,2,2,2,2,2,2,2,2,2,2,1,2,2,1,1,2,0,0,0
2008,34,5,1,340197,1,2,2,2,4,1,4,1,1,1,1,2,1,2,2,2,2,2,2,2,3,2,2,2,2,1,2,2,2,1,2,0,0,0
2008,34,11,1,340198,1,2,2,2,1,1,4,1,4,2,1,2,3,2,1,1,2,2,2,2,1,2,2,2,2,1,1,1,2,2,2,0,0,0
2008,34,11,1,340199,1,2,2,2,1,1,4,1,1,1,1,2,2,2,1,1,2,2,2,2,3,2,2,2,2,1,2,2,2,2,2,0,0,0
2008,34,5,1,340200,1,2,1,2,1,2,5,2,1,1,1,2,1,2,2,2,1,2,2,2,3,2,2,2,2,2,1,1,2,2,2,0,0,0
2008,34,1,1,340201,1,2,2,2,4,2,6,2,1,2,1,2,1,2,2,2,2,2,1,2,1,2,2,2,2,2,2,2,1,1,2,0,0,0
2008,34,13,1,340202,1,2,2,2,1,1,6,1,4,2,1,2,2,2,1,1,2,2,2,2,3,2,2,2,2,2,1,1,2,2,2,0,0,0
2008,34,13,1,340203,1,2,2,2,1,1,5,1,4,1,1,2,2,2,2,1,2,2,2,1,3,1,1,1,1,2,2,1,2,2,2,0,0,0
2008,34,23,1,340204,1,2,2,2,1,2,5,3,1,1,2,2,2,2,1,2,2,2,2,2,1,2,2,2,2,2,2,2,2,2,2,0,0,0
2008,34,1,1,340205,1,2,2,2,1,2,3,2,1,2,1,2,1,2,2,2,1,2,2,2,2,2,2,2,2,1,2,2,2,2,2,0,0,0
2008,34,9,1,340206,1,2,2,2,4,1,4,1,1,2,1,2,1,2,2,2,2,2,1,2,1,2,2,2,2,2,2,2,2,2,2,0,0,0
2008,34,35,1,340207,1,2,2,2,1,2,6,3,1,2,1,2,1,2,2,2,1,2,2,2,3,2,2,2,2,2,2,2,2,1,2,0,0,0
2008,34,25,2,340208,1,2,2,2,4,2,4,2,1,2,1,2,1,2,2,1,2,2,1,2,1,2,2,2,2,2,2,2,1,2,2,0,0,0
2008,34,39,1,340209,1,2,2,2,1,2,4,3,1,2,2,2,1,2,2,2,1,2,2,2,3,2,2,2,2,1,2,2,2,2,2,0,0,0
2008,34,1,1,340210,1,2,2,2,1,1,4,1,4,1,1,2,2,2,2,2,2,2,2,2,2,2,2,2,2,2,2,2,2,2,2,0,0,0
2008,34,5,1,340211,1,2,2,2,1,2,4,2,1,1,2,2,1,2,2,1,2,2,2,2,2,2,2,2,2,2,2,2,2,2,2,0,0,0
2008,34,11,1,340212,1,2,1,2,4,2,5,2,1,1,1,2,1,2,2,2,2,2,1,2,3,1,1,1,1,2,2,1,1,1,2,0,0,0
2008,34,17,1,340213,1,2,1,1,4,2,1,2,1,1,2,2,1,2,1,2,2,2,2,2,2,2,2,2,2,2,2,2,1,1,2,0,0,0
2008,34,27,1,340214,1,2,2,2,1,1,5,1,4,1,2,2,2,2,1,2,2,2,2,2,2,2,2,2,2,1,2,2,2,2,2,0,0,0
2008,34,27,1,340215,1,2,2,2,1,2,5,2,1,1,1,2,1,1,2,2,2,2,1,2,2,2,2,2,2,2,2,2,2,2,2,0,0,0
2008,34,7,1,340216,1,2,2,2,1,1,3,1,4,1,1,2,3,2,2,2,2,2,2,2,3,2,2,2,2,1,2,2,2,2,2,0,0,0
2008,34,25,1,340217,1,2,2,2,1,1,4,1,1,1,1,2,1,2,2,2,2,1,2,2,2,2,2,2,2,2,2,2,2,2,2,0,0,0
2008,34,23,1,340218,1,2,1,2,1,1,6,1,4,1,1,2,2,2,2,2,2,2,2,2,1,2,2,2,2,2,2,2,2,2,2,0,0,0
2008,34,39,1,340219,1,2,2,2,1,1,3,1,1,1,1,2,1,2,2,2,1,2,2,2,3,2,2,2,2,2,2,2,2,2,2,0,0,0
2008,34,35,1,340220,1,2,2,2,1,1,3,1,1,2,1,2,2,2,2,2,1,2,2,2,3,2,2,2,2,2,1,1,2,2,2,0,0,0
2008,34,19,1,340221,1,2,1,1,1,2,1,2,1,2,2,2,1,2,2,2,1,2,2,2,3,2,2,2,2,2,2,2,2,2,2,0,0,0
2008,34,33,1,340222,1,2,2,2,4,2,6,2,1,2,2,2,1,2,2,2,2,2,2,2,1,1,1,1,1,2,2,1,1,2,2,0,0,0
2008,34,17,1,340223,1,2,2,1,4,2,1,3,1,2,2,2,1,2,2,2,2,2,2,2,1,2,2,2,2,2,1,1,1,1,2,0,0,0
2008,34,5,1,340224,1,2,2,2,4,2,5,2,1,2,1,2,1,2,2,1,2,2,1,2,1,2,2,2,2,2,2,2,1,2,2,0,0,0
2008,34,21,2,340225,1,2,2,1,4,2,1,2,1,1,1,2,1,2,2,2,2,2,2,2,2,1,1,1,1,2,2,1,1,2,2,0,0,0
2008,34,7,1,340226,1,2,2,2,1,2,3,2,1,1,1,2,1,2,2,2,1,2,2,2,3,2,2,2,2,2,2,2,2,2,2,0,0,0
2008,34,21,1,340227,1,2,2,2,4,2,4,2,1,2,1,2,1,2,2,2,2,2,2,2,2,2,2,2,2,2,2,2,1,1,2,0,0,0
2008,34,13,1,340228,1,2,2,1,4,2,1,2,1,2,2,2,1,2,2,1,2,2,1,2,1,2,2,2,2,2,1,1,1,2,2,0,0,0
2008,34,35,1,340229,1,2,2,2,1,1,3,1,4,1,1,2,2,2,2,2,2,2,2,2,3,2,2,2,2,1,2,2,2,2,2,0,0,0
2008,34,17,1,340230,1,2,2,2,1,1,3,1,1,2,2,2,1,2,2,2,2,1,2,2,3,2,2,2,2,2,2,2,2,2,2,0,0,0
2008,34,9,1,340231,1,2,2,2,1,2,3,2,3,2,1,2,2,2,1,2,2,2,2,2,1,1,1,1,1,2,2,1,1,2,2,0,0,0
2008,34,3,1,340232,1,2,2,2,1,1,3,1,1,1,1,2,1,2,2,2,1,2,2,2,3,2,2,2,2,2,2,2,2,2,2,0,0,0
2008,34,17,1,340233,1,2,2,2,1,1,5,1,1,1,1,2,1,2,2,2,2,1,2,2,3,2,2,2,2,2,2,2,2,2,2,0,0,0
2008,34,25,1,340234,1,2,2,2,1,2,2,2,2,1,1,2,3,1,2,1,2,2,2,2,3,2,2,2,2,2,2,2,2,1,2,0,0,0
2008,34,15,1,340235,1,2,2,2,1,2,3,2,1,2,1,2,1,2,2,2,2,2,2,2,2,2,2,1,1,2,2,1,2,2,2,0,0,0
2008,34,39,2,340236,1,2,2,2,4,2,2,2,1,2,1,2,1,2,2,2,2,2,1,2,2,1,1,1,1,2,2,1,1,1,2,0,0,0
2008,34,5,1,340237,1,2,2,2,1,2,3,2,4,2,2,2,2,2,1,2,2,2,2,2,3,2,2,2,2,1,2,2,2,1,2,0,0,0
2008,34,39,1,340238,1,2,2,1,4,2,1,2,1,1,2,2,1,2,2,2,2,2,2,2,2,2,2,2,2,2,2,2,1,1,2,0,0,0
2008,34,5,1,340239,1,2,2,2,1,2,4,2,1,1,1,2,1,2,2,2,2,1,2,2,3,1,1,1,1,2,2,1,2,2,2,0,0,0
2008,34,11,1,340240,1,2,2,2,4,2,5,2,1,1,2,2,1,2,2,2,2,2,2,2,2,2,2,2,2,2,2,2,1,1,2,0,0,0
2008,34,41,1,340241,1,2,1,1,2,2,1,2,2,2,2,2,1,2,2,2,2,2,2,2,1,2,2,2,2,2,2,2,1,2,2,0,0,0
2008,34,17,1,340242,1,2,2,2,1,1,4,1,1,2,2,1,1,2,2,2,1,2,2,2,3,2,2,2,2,2,2,2,2,2,2,0,0,0
2008,34,23,1,340243,1,2,2,1,4,2,1,2,1,2,2,2,1,2,2,2,2,2,1,2,2,2,2,2,2,2,2,2,1,2,2,0,0,0
2008,34,1,1,340244,1,2,1,2,1,1,5,1,4,1,1,2,2,2,2,2,2,2,1,2,2,2,2,1,1,2,2,1,2,1,2,0,0,0
2008,34,37,1,340245,1,2,2,2,1,1,4,1,3,1,1,2,2,1,2,2,2,2,2,2,3,2,2,2,2,1,2,2,2,1,2,0,0,0
2008,34,1,1,340247,1,2,2,2,3,2,2,3,1,2,2,2,1,2,2,2,2,2,2,2,2,2,2,2,2,2,2,2,1,2,2,0,0,0
2008,34,37,1,340248,1,2,1,2,4,1,5,1,1,1,2,2,1,2,2,1,2,2,2,2,3,2,2,2,2,1,2,2,2,1,2,0,0,0
2008,34,25,1,340249,1,2,2,2,1,2,3,3,2,2,1,2,2,1,2,2,2,2,2,2,2,2,2,2,2,2,2,2,2,1,2,0,0,0
2008,34,25,1,340250,1,2,2,2,1,2,3,3,4,1,2,2,3,2,1,2,2,2,2,2,3,1,1,1,1,1,2,1,2,1,2,0,0,0
2008,34,9,1,340251,1,2,1,2,1,2,4,2,3,1,2,2,3,2,1,2,2,2,2,2,1,1,1,1,1,2,2,1,1,2,2,0,0,0
2008,34,11,1,340252,1,2,2,2,4,2,4,2,1,2,2,2,1,2,1,1,2,2,2,2,1,2,2,2,2,2,2,2,1,1,2,0,0,0
2008,34,33,1,340253,1,2,1,2,4,1,3,1,1,2,2,2,1,2,1,2,2,2,2,2,1,2,2,2,2,2,2,2,1,2,2,0,0,0
2008,34,37,1,340254,1,2,1,2,4,2,6,2,1,2,1,2,1,2,2,2,2,2,2,2,1,2,2,2,2,2,2,2,1,2,2,0,0,0
2008,34,11,1,340255,1,2,2,2,6,2,4,2,1,2,1,1,1,2,2,2,1,2,2,2,2,2,2,2,2,2,2,2,2,1,2,0,0,0
2008,34,5,1,340257,1,2,2,2,1,2,5,3,4,1,1,2,2,2,1,2,2,2,2,2,3,2,2,2,2,2,2,2,2,2,2,0,0,0
2008,34,5,1,340258,1,2,2,1,1,2,1,2,3,1,1,2,2,2,2,2,2,2,2,2,3,2,2,1,1,1,2,1,2,1,2,0,0,0
2008,34,23,1,340259,1,2,2,1,1,2,1,2,2,2,1,2,3,1,1,2,2,2,2,2,1,2,2,2,2,2,2,2,2,1,2,0,0,0
2008,34,1,1,340260,1,2,1,2,4,2,4,2,1,2,1,2,1,2,1,2,2,2,2,2,1,2,2,2,2,2,2,2,1,2,2,0,0,0
2008,34,23,1,340261,1,2,2,2,1,2,2,2,2,2,1,2,2,2,2,2,2,2,1,2,3,1,1,1,1,2,2,1,2,1,2,0,0,0
2008,34,13,1,340262,1,2,2,2,1,1,3,1,3,1,1,2,3,2,1,2,2,2,2,2,3,2,2,2,2,2,1,1,2,2,2,0,0,0
2008,34,15,1,340263,1,2,2,2,3,2,2,2,1,1,2,2,1,2,2,1,2,2,1,2,3,2,2,2,2,2,2,2,1,2,2,0,0,0
2008,34,25,1,340264,1,2,2,2,4,2,6,2,1,2,2,2,1,2,2,1,2,2,2,2,1,2,2,1,1,2,2,1,1,2,2,0,0,0
2008,34,29,1,340266,1,2,2,2,1,2,6,3,1,1,1,2,1,2,2,2,1,2,2,2,3,1,1,1,1,2,2,1,2,2,2,0,0,0
2008,34,17,1,340267,1,2,2,2,4,2,4,2,1,2,2,2,1,2,2,2,2,2,2,2,3,2,2,2,2,2,1,1,1,2,2,0,0,0
2008,34,19,1,340269,1,2,1,2,4,2,5,2,1,1,1,2,1,2,1,2,2,2,2,2,2,1,1,1,1,2,2,1,1,1,2,0,0,0
2008,34,29,1,340270,1,2,2,2,3,2,3,2,1,2,2,2,1,2,2,2,2,2,2,2,1,2,2,2,2,2,2,2,1,1,2,0,0,0
2008,34,27,2,340271,1,2,2,2,1,2,6,2,1,2,2,1,1,2,2,2,2,1,2,2,2,2,2,1,1,2,2,1,1,2,2,0,0,0
2008,34,31,1,340272,1,2,2,1,1,2,1,3,1,2,2,1,1,2,2,2,1,2,2,2,3,2,2,2,2,2,2,2,2,2,2,0,0,0
2008,34,15,1,340273,1,2,2,2,4,1,3,1,1,1,1,2,1,1,2,2,2,2,2,2,3,2,2,2,2,2,2,2,2,2,2,0,0,0
2008,34,3,1,340274,1,2,2,2,1,2,6,2,1,2,2,2,1,2,2,2,1,2,2,2,3,2,2,2,2,2,2,2,2,2,2,0,0,0
2008,34,25,1,340275,1,2,2,2,4,2,3,2,1,2,2,1,1,2,2,2,2,2,2,2,3,2,2,2,2,2,2,2,1,2,2,0,0,0
2008,34,13,1,340276,1,2,2,2,1,2,2,2,5,1,1,2,2,2,2,2,2,2,2,2,3,2,2,2,2,1,2,2,2,1,2,0,0,0
2008,34,13,1,340278,1,2,2,1,3,2,1,2,1,2,2,2,1,2,1,2,2,2,2,2,2,2,2,1,1,2,2,1,1,1,2,0,0,0
2008,34,25,1,340279,1,2,2,2,4,2,2,2,1,2,2,2,1,2,2,2,2,2,1,2,2,2,2,2,2,2,2,2,1,2,2,0,0,0
2008,34,23,2,340280,1,2,2,2,4,2,5,2,1,2,1,2,1,2,2,2,2,2,1,2,1,2,2,2,2,2,1,1,1,2,2,0,0,0
2008,34,7,1,340281,1,2,2,2,4,2,2,3,1,1,2,2,1,2,1,1,2,2,2,2,1,2,2,2,2,2,2,2,1,1,2,0,0,0
2008,34,23,1,340282,1,2,2,2,4,2,6,2,1,2,2,2,1,2,1,2,2,2,2,2,2,2,2,2,2,2,2,2,1,1,2,0,0,0
2008,34,23,1,340283,1,2,2,2,1,2,6,2,1,2,2,2,1,2,2,2,1,2,2,2,2,2,2,2,2,2,1,1,2,2,2,0,0,0
2008,34,5,1,340284,1,2,2,2,1,1,4,1,1,1,1,2,1,2,2,2,2,1,2,2,3,2,2,2,2,1,2,2,2,2,2,0,0,0
2008,34,7,1,340285,1,2,2,1,4,2,1,2,1,2,1,2,1,2,1,1,2,2,2,2,1,2,2,2,2,2,2,2,1,2,2,0,0,0
2008,34,27,1,340286,1,2,2,2,1,2,4,2,1,2,1,2,1,2,2,2,1,2,2,2,2,2,2,2,2,2,2,2,2,2,2,0,0,0
2008,34,13,1,340287,1,2,2,2,1,2,6,3,4,2,2,2,2,2,1,2,2,2,2,2,3,2,2,2,2,2,2,2,2,1,2,0,0,0
2008,34,7,1,340288,1,2,2,2,1,2,4,2,1,2,2,2,1,2,1,1,2,2,2,2,3,2,2,1,1,2,2,1,2,2,2,0,0,0
2008,34,39,1,340289,1,2,2,2,1,1,3,1,1,2,2,1,1,2,2,2,1,2,2,2,3,2,2,2,2,2,2,2,2,1,2,0,0,0
2008,34,29,1,340290,1,2,2,2,4,2,2,2,1,2,2,2,1,2,2,2,2,2,2,2,2,2,2,2,2,2,1,1,1,1,2,0,0,0
2008,34,25,1,340292,1,2,2,2,1,2,3,2,1,2,2,2,1,2,2,2,1,2,2,2,1,2,2,2,2,2,2,2,2,1,2,0,0,0
2008,34,37,1,340293,1,2,1,2,4,2,3,2,1,1,2,2,1,2,1,2,2,2,2,2,2,2,2,2,2,1,2,2,1,1,2,0,0,0
2008,34,27,1,340294,1,2,2,1,1,2,1,2,1,1,2,2,1,2,1,2,2,2,2,2,2,2,2,2,2,2,2,2,2,1,2,0,0,0
2008,34,29,1,340295,1,2,2,2,1,2,4,2,5,1,2,2,2,2,1,1,2,2,2,2,2,2,2,1,1,2,2,1,2,1,2,0,0,0
2008,34,13,3,340296,1,2,2,2,1,2,2,2,3,2,1,2,3,2,2,2,2,2,2,2,1,1,1,1,1,2,2,1,2,2,2,0,0,0
2008,34,39,1,340297,1,2,2,2,1,1,4,1,1,1,1,2,1,2,2,2,1,2,2,2,2,2,2,2,2,2,1,1,2,2,2,0,0,0
2008,34,7,1,340298,1,2,2,2,1,1,4,1,4,2,2,2,2,2,1,1,2,2,2,2,1,1,1,1,1,2,2,1,2,1,2,0,0,0
2008,34,7,1,340299,1,2,2,2,1,1,3,1,1,2,2,2,1,2,2,2,1,2,2,2,3,2,2,2,2,2,2,2,2,2,2,0,0,0
2008,34,7,1,340300,1,2,2,2,4,1,6,1,1,1,1,2,1,2,2,2,2,2,2,2,2,2,2,2,2,1,2,2,2,1,2,0,0,0
2008,34,29,1,340302,1,2,2,2,4,2,5,2,1,1,1,2,1,2,2,2,2,2,1,2,1,2,2,2,2,2,2,2,1,2,2,0,0,0
2008,34,25,1,340303,1,2,1,2,1,2,4,2,3,1,1,2,2,2,2,2,2,2,2,2,2,2,2,2,2,2,2,2,1,1,2,0,0,0
2008,34,23,1,340304,1,2,2,2,1,1,3,1,1,2,1,2,1,2,2,2,1,2,2,2,2,2,2,2,2,2,2,2,2,2,2,0,0,0
2008,34,5,1,340305,1,2,2,2,1,1,3,1,1,1,1,2,1,2,2,2,1,2,2,2,3,2,2,2,2,2,2,2,2,1,2,0,0,0
2008,34,35,1,340306,1,2,2,1,2,2,1,2,2,1,1,2,1,2,2,2,2,2,2,2,3,2,2,2,2,2,2,2,1,1,2,0,0,0
2008,34,9,1,340307,1,2,1,2,4,2,5,2,3,2,2,2,2,2,1,1,2,2,2,2,3,2,2,2,2,2,2,2,2,2,2,0,0,0
2008,34,27,1,340308,1,2,2,1,1,2,1,2,2,1,1,2,2,2,2,2,2,2,2,2,1,2,2,2,2,2,2,2,2,1,2,0,0,0
2008,34,5,1,340309,1,2,2,2,4,2,6,2,1,2,1,2,1,2,1,2,1,2,2,2,2,1,1,1,1,2,2,1,2,1,2,0,0,0
2008,34,39,1,340310,1,2,2,1,4,2,1,2,1,1,1,2,2,1,2,2,2,2,1,2,1,2,2,2,2,2,2,2,1,2,2,0,0,0
2008,34,23,2,340311,1,2,2,1,1,2,1,2,5,2,2,2,3,1,2,2,2,2,1,2,2,2,2,2,2,2,2,2,2,1,2,0,0,0
2008,34,5,1,340312,1,2,2,2,1,2,3,2,1,2,2,2,1,2,2,2,1,2,2,2,2,1,1,1,1,2,2,1,2,2,2,0,0,0
2008,34,13,1,340313,1,2,2,1,4,2,1,3,1,2,2,2,1,2,1,2,2,2,2,2,2,2,2,2,2,2,2,2,1,1,2,0,0,0
2008,34,13,1,340314,1,2,2,2,1,1,3,1,1,1,2,2,1,2,2,2,1,2,2,2,3,2,2,2,2,2,2,2,2,2,2,0,0,0
2008,34,13,1,340315,1,2,2,2,1,1,3,1,1,2,2,2,2,2,2,2,1,2,2,2,1,1,1,1,1,2,2,1,2,2,2,0,0,0
2008,34,13,1,340316,1,2,2,2,4,2,6,2,1,1,1,2,1,2,2,2,1,2,2,2,2,2,2,2,2,1,2,2,1,2,2,0,0,0
2008,34,29,1,340317,1,2,2,2,1,1,3,1,1,1,1,2,1,2,2,2,2,2,2,2,2,2,2,2,2,1,2,2,2,1,2,0,0,0
2008,34,11,1,340319,1,2,1,2,1,1,3,1,4,1,2,2,2,2,2,2,2,2,2,2,3,1,1,1,1,2,1,1,2,1,2,0,0,0
2008,34,9,1,340320,1,2,1,2,1,2,4,2,4,1,1,2,2,2,1,2,2,2,2,2,2,1,1,1,1,2,2,1,1,1,2,0,0,0
2008,34,15,1,340321,1,2,2,2,1,1,3,1,4,1,1,2,2,2,2,2,2,2,2,2,1,2,2,2,2,2,1,1,2,2,2,0,0,0
2008,34,37,1,340322,1,2,1,2,1,2,4,2,3,2,1,2,2,2,1,2,2,2,2,2,1,2,2,2,2,2,1,1,1,2,2,0,0,0
2008,34,35,1,340323,1,2,2,2,1,2,3,2,1,1,1,2,1,2,2,2,1,2,2,2,2,2,2,2,2,2,2,2,2,2,2,0,0,0
2008,34,29,1,340324,1,2,2,2,4,2,6,2,1,1,1,2,1,2,2,2,2,2,2,2,2,2,2,2,2,1,2,2,1,1,2,0,0,0
2008,34,11,1,340325,1,2,2,2,4,2,4,2,1,2,2,2,1,2,2,2,2,2,1,2,1,2,2,2,2,2,2,2,1,2,2,0,0,0
2008,34,3,1,340326,1,2,2,2,4,1,4,1,1,2,2,2,1,2,2,2,2,2,2,2,1,2,2,2,2,2,2,2,2,2,2,0,0,0
2008,34,37,1,340327,1,2,2,2,1,2,4,3,4,1,1,2,2,2,1,2,2,2,2,2,3,2,2,2,2,2,1,1,2,2,2,0,0,0
2008,34,11,1,340328,1,2,2,2,1,1,5,1,4,1,1,2,2,2,1,2,2,2,2,2,3,2,2,2,2,2,1,1,2,2,2,0,0,0
2008,34,7,1,340330,1,2,2,2,1,1,3,1,1,2,2,2,1,2,2,2,1,2,2,2,3,2,2,2,2,2,2,2,2,2,2,0,0,0
2008,34,1,1,340331,1,2,2,2,1,2,3,2,2,1,2,2,3,2,2,1,2,2,2,2,3,2,2,2,2,2,1,1,2,2,2,0,0,0
2008,34,3,1,340332,1,2,2,2,1,2,2,2,1,1,2,2,1,2,2,2,1,2,2,2,3,2,2,2,2,2,2,2,2,2,2,0,0,0
2008,34,31,1,340336,1,2,2,2,4,2,4,2,1,2,1,2,1,2,2,2,2,2,2,2,1,1,1,1,1,2,2,1,1,1,2,0,0,0
2008,34,11,1,340337,1,2,2,2,4,2,5,2,1,1,1,2,1,2,1,2,2,2,2,2,3,2,2,2,2,2,2,2,1,1,2,0,0,0
2008,34,25,1,340338,1,2,1,2,1,2,5,2,3,1,1,2,2,1,2,2,2,2,1,2,3,2,2,2,2,1,1,1,1,1,2,0,0,0
2008,34,17,1,340339,1,2,2,2,4,1,3,1,1,2,2,2,1,2,2,2,2,2,2,2,2,1,1,1,1,2,2,1,2,2,2,0,0,0
2008,34,5,1,340340,1,2,2,2,1,2,3,2,3,1,1,2,2,2,2,2,2,2,1,2,3,1,1,1,1,2,2,1,2,1,2,0,0,0
2008,34,5,1,340341,1,2,2,2,2,2,3,2,1,2,2,2,1,2,2,1,2,2,2,2,1,1,1,1,1,2,2,1,1,1,2,0,0,0
2008,34,37,1,340342,1,2,1,2,4,1,5,1,1,2,2,2,1,2,2,2,2,2,1,2,1,2,2,2,2,2,1,1,2,2,2,0,0,0
2008,34,15,1,340343,1,2,1,2,1,1,5,1,4,1,1,2,2,2,2,2,2,2,1,2,3,2,2,2,2,1,2,2,2,2,2,0,0,0
2008,34,37,1,340344,1,2,1,2,4,2,5,2,1,2,1,2,1,2,1,2,2,2,2,2,1,2,2,2,2,1,2,2,1,1,2,0,0,0
2008,34,27,1,340345,1,2,2,1,1,2,1,2,2,2,1,1,3,2,2,2,2,2,1,2,3,2,2,2,2,2,2,2,2,1,2,0,0,0
2008,34,31,1,340347,1,2,2,2,4,2,2,2,1,2,1,2,1,2,2,2,2,2,1,2,1,2,2,2,2,2,2,2,1,1,2,0,0,0
2008,34,29,1,340348,1,2,2,2,4,1,6,1,1,2,2,2,1,2,1,2,2,2,2,2,1,2,2,2,2,2,1,1,2,1,2,0,0,0
2008,34,7,1,340349,1,2,2,2,4,1,5,1,1,2,2,2,1,2,1,2,2,2,2,2,3,2,2,2,2,2,2,2,2,1,2,0,0,0
2008,34,13,1,340350,1,2,2,1,1,2,1,2,2,1,2,2,2,2,2,2,2,2,2,2,3,2,2,2,2,2,2,2,2,1,2,0,0,0
2008,34,9,1,340351,1,2,1,2,1,2,3,2,4,2,2,2,2,2,2,2,2,2,2,2,3,1,1,1,1,2,2,1,2,2,2,0,0,0
2008,34,21,1,340352,1,2,2,2,1,1,4,1,1,2,1,2,1,2,2,2,2,1,2,2,3,2,2,2,2,2,2,2,2,2,2,0,0,0
2008,34,5,1,340353,1,2,2,2,1,1,4,1,4,2,2,2,2,2,1,2,2,2,2,2,3,2,2,2,2,2,1,1,2,1,2,0,0,0
2008,34,17,1,340354,1,2,2,2,1,2,3,3,2,2,1,1,2,2,2,2,2,2,1,2,3,2,2,2,2,2,2,2,2,1,2,0,0,0
2008,34,5,1,340355,1,2,2,2,1,1,4,1,4,2,2,2,2,2,1,2,2,2,2,2,3,1,1,1,1,2,2,1,2,1,2,0,0,0
2008,34,15,1,340356,1,2,2,2,1,1,4,1,4,2,1,2,2,1,1,2,2,2,2,2,1,2,2,2,2,2,2,2,2,1,2,0,0,0
2008,34,27,1,340357,1,2,2,2,1,1,6,1,4,1,1,2,2,2,2,2,2,2,2,2,3,2,2,2,2,1,2,2,2,2,2,0,0,0
2008,34,23,1,340358,1,2,2,1,1,2,1,2,2,1,1,2,2,2,2,2,2,2,2,2,3,1,1,1,1,2,2,1,2,2,2,0,0,0
2008,34,23,1,340359,1,2,2,2,4,2,3,2,1,1,1,2,1,2,2,1,2,2,2,2,2,2,2,2,2,2,2,2,1,2,2,0,0,0
2008,34,3,1,340360,1,2,2,2,1,2,3,2,1,2,1,2,1,2,2,2,2,2,1,2,1,2,2,2,2,2,2,2,2,2,2,0,0,0
2008,34,23,1,340361,1,2,2,2,1,2,3,2,4,2,1,2,2,2,1,2,2,2,2,2,2,2,2,2,2,1,2,2,2,1,2,0,0,0
2008,34,39,1,340362,1,2,2,2,4,2,3,2,1,2,2,2,1,2,2,2,2,2,2,2,3,1,1,1,1,2,2,1,1,1,2,0,0,0
2008,34,5,1,340363,1,2,2,2,1,2,5,2,1,1,1,2,1,2,2,2,1,2,2,2,3,2,2,2,2,2,2,2,2,2,2,0,0,0
2008,34,3,1,340364,1,2,2,1,2,2,1,2,2,2,2,2,1,2,2,2,2,2,2,2,1,2,2,2,2,2,1,1,1,1,2,0,0,0
2008,34,11,1,340366,1,2,2,2,1,2,4,3,4,1,1,2,2,2,1,2,2,2,2,2,2,2,2,2,2,2,2,2,2,1,2,0,0,0
2008,34,19,2,340367,1,2,2,2,1,1,5,1,4,1,2,2,2,2,1,2,2,2,2,2,2,2,2,2,2,2,1,1,2,1,2,0,0,0
2008,34,39,2,340368,1,2,2,2,4,1,5,1,1,2,1,2,1,2,2,2,2,2,2,2,3,2,2,2,2,1,2,2,2,2,2,0,1,1
2008,34,5,1,340369,1,2,2,2,1,1,3,1,1,2,2,2,1,1,2,2,2,1,2,2,2,2,2,2,2,2,2,2,2,2,2,0,0,0
2008,34,5,1,340370,1,2,2,2,4,1,6,1,2,2,2,2,1,2,1,1,2,2,2,2,2,2,2,2,2,2,2,2,2,2,2,0,0,0
2008,34,1,1,340371,1,2,2,2,1,1,4,1,2,1,1,2,2,2,2,2,2,2,2,2,3,1,1,1,1,1,2,1,2,1,2,0,0,0
2008,34,7,1,340372,1,2,2,2,1,1,3,1,1,2,2,2,1,2,2,2,1,2,2,2,2,1,1,1,1,2,2,1,2,2,2,0,0,0
2008,34,31,1,340373,1,2,2,2,1,2,3,2,1,2,1,2,1,2,2,2,1,2,2,2,3,2,2,2,2,2,2,2,2,1,2,0,0,0
2008,34,23,1,340374,1,2,2,2,1,1,3,1,4,2,1,2,2,2,2,2,2,2,2,2,1,2,2,2,2,2,1,1,2,2,2,0,0,0
2008,34,5,1,340375,1,2,2,2,4,1,3,1,1,2,2,2,2,2,2,2,2,2,2,2,2,2,2,1,1,2,2,1,2,1,2,0,0,0
2008,34,13,1,340376,1,2,3,3,1,1,7,1,1,1,2,2,2,2,2,2,2,1,2,2,3,2,2,2,2,2,2,2,2,2,2,0,0,0
2008,34,3,1,340377,1,2,2,2,1,1,4,1,3,1,2,2,2,2,1,2,2,2,2,2,3,2,2,2,2,2,2,2,2,2,2,0,0,0
2008,34,29,1,340378,1,2,2,2,1,1,4,1,1,2,1,2,1,2,2,2,2,2,2,2,3,2,2,2,2,2,2,2,2,2,2,0,0,0
2008,34,25,1,340379,1,2,2,2,4,2,4,2,1,2,1,2,1,2,2,1,2,2,2,2,2,2,2,2,2,2,1,1,1,1,2,0,0,0
2008,34,25,1,340380,1,2,2,2,1,2,2,3,2,1,1,2,2,2,1,2,2,2,2,2,2,2,2,2,2,2,2,2,2,1,2,0,0,0
2008,34,13,1,340381,1,2,2,2,4,2,2,2,1,2,2,2,1,2,1,2,2,2,2,2,1,2,2,2,2,2,2,2,1,1,2,0,0,0
2008,34,13,1,340382,1,2,2,2,1,1,6,1,1,2,1,1,1,2,2,2,1,2,2,2,3,2,2,2,2,2,2,2,2,2,2,0,0,0
2008,34,25,1,340383,1,2,2,2,1,1,4,1,4,1,2,2,2,2,1,2,2,2,2,2,1,2,2,2,2,2,2,2,2,1,2,0,0,0
2008,34,17,1,340384,1,2,2,2,4,2,3,2,1,2,2,2,1,2,2,2,2,2,2,2,1,2,2,2,2,2,1,1,1,1,2,0,0,0
2008,34,25,1,340385,1,2,2,2,4,1,5,1,1,1,2,2,1,2,1,2,2,2,2,2,2,2,2,2,2,2,2,2,2,2,2,0,0,0
2008,34,37,1,340386,1,2,1,2,4,2,5,2,1,1,1,2,1,2,2,2,2,2,2,2,1,2,2,2,2,2,2,2,1,2,2,0,0,0
2008,34,13,1,340387,1,2,2,2,1,2,6,2,1,2,2,1,1,2,2,2,1,2,2,2,3,2,2,2,2,2,2,2,2,2,2,0,0,0
2008,34,5,1,340388,1,2,1,2,1,1,6,1,1,2,2,2,1,2,2,2,2,1,2,2,3,2,2,2,2,2,2,2,2,1,2,0,0,0
2008,34,3,1,340389,1,2,2,1,2,2,1,2,2,1,1,2,1,2,2,2,2,2,2,2,2,2,2,2,2,2,1,1,1,1,2,0,0,0
2008,34,11,1,340390,1,2,2,2,1,1,4,1,4,1,2,2,2,2,2,2,2,2,2,2,3,2,2,2,2,2,1,1,2,2,2,0,0,0
2008,34,23,1,340391,1,2,2,2,1,1,3,1,1,2,1,2,1,2,2,2,1,2,2,2,1,2,2,2,2,2,1,1,2,1,2,0,0,0
2008,34,15,1,340392,1,2,2,2,1,1,6,1,1,1,1,2,1,2,2,2,2,2,2,2,3,2,2,2,2,2,2,2,2,1,2,0,0,0
2008,34,9,1,340393,1,2,2,2,1,2,4,3,4,2,2,2,2,2,1,2,2,2,2,2,1,2,2,2,2,2,2,2,2,1,2,0,0,0
2008,34,13,1,340394,1,2,2,2,1,1,4,1,4,1,2,2,2,2,2,2,2,2,2,2,3,2,2,2,2,2,2,2,2,1,2,0,0,0
2008,34,31,1,340396,1,2,2,2,4,2,5,2,1,2,1,2,1,2,2,2,2,2,2,2,1,1,1,1,1,2,2,1,1,2,2,0,0,0
2008,34,21,1,340397,1,2,2,2,1,1,4,1,1,2,2,2,1,2,2,2,1,2,2,2,3,2,2,2,2,2,2,2,2,2,2,0,0,0
2008,34,21,1,340398,1,2,2,2,1,1,3,1,1,2,2,2,1,2,2,2,1,2,2,2,3,2,2,2,2,2,2,2,2,2,2,0,0,0
2008,34,7,1,340399,1,2,2,2,1,1,3,1,2,1,2,2,3,2,2,2,2,2,2,2,1,2,2,2,2,2,1,1,2,1,2,0,0,0
2008,34,13,1,340400,1,2,2,2,1,1,3,1,4,2,1,2,2,2,2,2,2,2,2,2,3,2,2,2,2,2,2,2,2,2,2,0,0,0
2008,34,11,1,340401,1,2,2,2,1,1,5,1,4,1,1,2,2,2,1,2,2,2,2,2,2,2,2,2,2,2,1,1,2,2,2,0,0,0
2008,34,7,1,340402,1,2,2,2,1,1,3,1,1,2,1,2,1,2,2,2,1,2,2,2,3,2,2,2,2,2,2,2,2,2,2,0,0,0
2008,34,7,3,340403,1,2,2,1,4,2,1,2,1,1,1,2,3,1,2,2,2,2,2,2,1,2,2,2,2,1,2,2,1,1,2,0,0,0
2008,34,15,4,340404,1,2,2,2,2,2,2,2,2,2,1,2,1,2,2,2,2,2,2,2,2,1,1,1,1,2,2,1,1,2,2,0,0,0
2008,34,23,1,340405,1,2,2,2,1,1,3,1,1,2,2,2,1,2,2,2,2,1,2,2,2,2,2,2,2,2,1,1,2,2,2,0,0,0
2008,34,11,1,340406,1,2,1,2,4,2,3,2,1,1,1,2,1,2,2,1,2,2,1,2,2,2,2,2,2,2,2,2,1,2,2,0,0,0
2008,34,25,1,340407,1,2,2,2,4,2,2,2,1,2,2,2,1,2,2,2,2,2,1,2,2,2,2,2,2,2,2,2,1,2,2,0,0,0
2008,34,23,1,340408,1,2,2,1,2,2,1,2,1,2,2,2,1,2,2,2,2,2,2,2,3,2,2,2,2,1,2,2,1,2,1,0,0,0
2008,34,23,1,340409,1,2,2,2,4,2,3,2,1,2,2,2,1,2,2,2,2,2,2,2,2,2,2,2,2,1,2,2,1,1,2,0,0,0
2008,34,19,1,340411,1,2,2,2,1,2,4,2,1,2,2,2,2,2,2,2,1,2,2,2,3,2,2,1,1,2,2,1,2,2,2,0,0,0
2008,34,23,1,340412,1,2,2,2,4,1,4,1,1,2,2,2,1,2,2,2,2,2,2,2,3,2,2,2,2,1,2,2,2,1,2,0,0,0
2008,34,39,1,340415,1,2,2,2,1,1,6,1,4,2,2,2,2,2,2,2,2,2,2,2,1,2,2,2,2,1,2,2,2,2,2,0,0,0
2008,34,25,1,340416,1,2,2,2,4,2,3,2,1,2,1,2,1,2,2,1,2,2,1,2,2,1,1,1,1,2,2,1,1,1,2,0,0,0
2008,34,37,1,340417,1,2,1,2,1,1,3,1,3,2,1,2,2,2,2,2,2,2,2,2,3,2,2,1,1,2,2,1,2,2,2,0,0,0
2008,34,17,1,340418,1,2,2,1,1,2,1,2,2,2,1,2,2,2,2,2,2,2,1,2,3,2,2,2,2,2,2,2,2,1,2,0,0,0
2008,34,15,1,340420,1,2,2,1,2,2,1,2,2,2,2,2,1,2,2,2,2,2,2,2,3,2,2,2,2,2,2,2,1,2,2,0,0,0
2008,34,5,1,340421,1,2,2,1,4,2,1,2,1,2,2,2,1,1,2,2,2,2,1,2,1,2,2,2,2,2,2,2,1,2,1,0,0,0
2008,34,21,1,340422,1,2,2,2,4,2,2,3,1,2,1,2,1,2,2,2,2,2,2,1,1,2,2,2,2,2,2,2,1,2,2,0,0,0
2008,34,15,1,340423,1,2,2,2,3,2,2,2,1,1,1,2,1,2,2,2,2,2,1,2,1,2,2,2,2,2,1,1,1,1,2,0,0,0
2008,34,3,1,340424,1,2,2,2,1,2,3,2,1,2,2,2,1,2,2,2,1,2,2,2,3,2,2,2,2,2,2,2,2,2,2,0,0,0
2008,34,31,1,340425,1,2,2,2,1,1,6,1,4,2,2,1,2,2,2,2,2,2,2,2,3,2,2,2,2,2,2,2,2,2,2,0,0,0
2008,34,39,1,340426,1,2,2,2,1,1,4,1,1,2,1,2,1,2,2,2,2,1,2,2,3,2,2,2,2,2,2,2,2,1,2,0,0,0
2008,34,23,1,340427,1,2,2,1,2,2,1,2,1,1,1,2,1,2,2,1,2,2,1,2,1,2,2,2,2,2,2,2,1,2,2,0,0,0
2008,34,31,1,340428,1,2,2,2,1,1,3,1,2,1,1,1,3,2,1,2,2,2,2,2,3,2,2,2,2,2,2,2,2,2,2,0,0,0
2008,34,13,1,340430,1,2,2,2,1,2,4,2,3,1,1,2,2,2,2,2,2,2,2,2,3,1,1,1,1,2,2,1,2,2,2,0,0,0
2008,34,5,1,340431,1,2,2,1,2,2,1,2,1,2,1,2,1,2,2,2,1,2,2,2,3,2,2,2,2,2,1,1,2,2,2,0,0,0
2008,34,7,1,340432,1,2,2,1,1,2,1,2,1,1,2,2,1,2,2,2,1,2,2,2,3,2,2,2,2,2,2,2,2,2,2,0,0,0
2008,34,13,1,340433,1,2,2,2,4,2,2,3,1,1,2,2,1,2,2,2,2,2,2,2,1,2,2,2,2,2,2,2,1,2,2,0,0,0
2008,34,15,1,340434,1,2,1,2,4,1,6,1,1,2,1,2,1,2,1,2,2,2,2,2,1,2,2,2,2,2,2,2,2,1,2,0,0,0
2008,34,1,1,340435,1,2,2,2,4,1,4,1,1,2,1,2,1,2,2,2,2,2,1,2,1,1,1,1,1,2,2,1,2,1,2,0,0,0
2008,34,21,1,340436,1,2,2,1,1,2,1,2,2,1,2,2,2,1,1,2,2,2,2,2,3,2,2,2,2,2,2,2,2,1,2,0,0,0
2008,34,1,1,340437,1,2,2,2,1,2,3,2,2,1,1,2,3,1,2,2,2,2,1,2,3,2,2,2,2,1,1,1,2,1,2,0,0,0
2008,34,1,1,340438,1,2,2,2,1,1,6,1,4,1,1,2,2,1,2,2,2,2,2,2,2,2,2,2,2,1,1,1,2,1,2,0,0,0
2008,34,23,1,340439,1,2,2,2,1,1,3,1,1,2,2,2,1,2,2,2,1,2,2,2,2,2,2,2,2,2,2,2,2,2,2,0,0,0
2008,34,23,1,340441,1,2,2,2,1,1,6,1,1,1,1,2,1,2,2,2,1,2,2,2,2,2,2,2,2,2,2,2,2,2,2,0,0,0
2008,34,3,1,340442,1,2,2,2,1,1,3,1,3,1,2,2,3,2,2,2,2,2,2,2,3,2,2,2,2,1,1,1,2,2,2,0,0,0
2008,34,31,1,340444,1,2,2,2,4,2,2,3,1,2,1,2,1,2,2,2,2,2,1,2,1,2,2,2,2,2,1,1,1,1,2,0,0,0
2008,34,21,1,340445,1,2,2,2,1,1,3,1,4,1,1,2,2,2,1,2,2,2,2,2,2,2,2,2,2,2,2,2,2,1,2,0,0,0
2008,34,11,1,340446,1,2,2,2,1,2,4,2,2,1,1,2,2,2,2,2,2,2,2,2,3,2,2,2,2,2,2,2,2,1,2,0,0,0
2008,34,1,1,340447,1,2,1,2,4,2,4,2,1,1,1,2,1,2,2,2,2,2,1,2,1,2,2,2,2,2,2,2,1,2,2,0,0,0
2008,34,5,1,340448,1,2,2,2,1,1,3,1,1,2,1,2,1,2,2,2,1,2,2,2,1,2,2,2,2,2,2,2,2,2,2,0,0,0
2008,34,35,1,340450,1,2,3,3,4,2,7,2,1,2,2,2,1,2,2,2,2,2,2,2,1,2,2,2,2,2,1,1,1,1,2,0,0,0
2008,34,25,1,340451,1,2,2,2,1,2,3,2,4,1,1,2,2,2,2,2,2,2,2,2,2,2,2,1,1,2,1,1,1,2,2,0,0,0
2008,34,5,1,340452,1,2,2,2,4,1,5,1,1,2,1,2,1,2,2,2,2,2,1,2,1,2,2,2,2,2,1,1,2,1,2,0,0,0
2008,34,5,1,340453,1,2,1,2,4,2,5,2,1,1,1,2,1,2,2,2,2,2,2,2,2,2,2,2,2,2,2,2,1,1,2,0,0,0
2008,34,29,1,340454,1,2,2,2,1,1,3,1,1,1,2,2,1,2,2,2,1,2,2,2,3,2,2,2,2,2,2,2,2,2,2,0,0,0
2008,34,1,1,340455,1,2,2,2,1,1,4,1,4,1,1,2,2,2,2,2,2,2,2,2,2,2,2,2,2,2,2,2,2,1,2,0,0,0
2008,34,15,1,340456,1,2,2,2,4,1,4,1,1,2,1,2,1,2,2,2,2,2,2,2,1,2,2,2,2,2,2,2,2,1,2,0,0,0
2008,34,27,1,340457,1,2,2,1,1,2,1,2,1,1,1,2,1,2,1,2,2,2,2,2,3,2,2,2,2,2,2,2,2,2,2,0,0,0
2008,34,39,2,340458,1,2,2,1,2,2,1,2,5,2,1,2,1,2,2,2,1,2,2,2,3,2,2,2,2,2,2,2,2,1,1,0,0,0
2008,34,13,1,340459,1,2,2,2,1,2,6,2,3,1,2,2,2,2,2,2,2,2,2,2,1,2,2,2,2,1,2,2,1,2,2,0,0,0
2008,34,21,1,340460,1,2,2,2,4,2,6,2,1,1,1,2,1,2,2,2,2,2,2,2,3,2,2,2,2,2,2,2,1,1,2,0,0,0
2008,34,25,1,340461,1,2,2,2,2,1,4,1,4,1,1,2,2,1,2,2,2,2,2,2,2,2,2,2,2,1,2,2,2,1,2,0,0,0
2008,34,3,1,340462,1,2,2,2,1,1,3,1,4,1,1,2,3,2,2,1,2,2,2,2,3,2,2,2,2,2,1,1,2,2,2,0,0,0
2008,34,29,1,340463,1,2,2,2,1,1,6,1,4,1,1,2,2,2,2,2,2,2,2,2,3,2,2,2,2,1,2,2,2,1,2,0,0,0
2008,34,25,1,340464,1,2,2,2,4,2,3,2,1,1,1,2,1,2,2,1,2,2,1,2,2,1,1,1,1,2,2,1,1,2,2,0,0,0
2008,34,29,1,340465,1,2,2,2,1,1,4,1,1,1,1,2,1,1,2,2,1,2,2,2,2,2,2,2,2,2,2,2,2,2,2,0,0,0
2008,34,23,1,340466,1,2,2,1,1,2,1,2,1,2,2,2,2,2,1,2,2,2,2,2,1,2,2,2,2,2,2,2,2,2,2,0,0,0
2008,34,13,1,340467,1,2,2,2,1,2,5,2,1,2,2,2,1,2,2,2,1,2,2,2,3,1,1,1,1,2,2,1,2,2,2,0,0,0
2008,34,7,1,340468,1,2,2,2,4,2,5,2,1,2,1,2,1,2,2,2,2,2,1,2,1,2,2,2,2,2,1,1,1,1,2,0,0,0
2008,34,13,1,340470,1,2,2,2,1,1,6,1,1,1,1,1,1,2,2,2,1,2,2,2,3,2,2,2,2,2,2,2,2,2,2,0,0,0
2008,34,31,1,340471,1,2,2,2,1,2,3,2,1,2,2,2,1,2,2,2,1,2,2,2,3,1,1,1,1,2,2,1,2,2,2,0,0,0
2008,34,3,1,340472,1,2,2,2,1,2,3,2,3,1,1,2,2,1,2,2,2,2,2,2,3,2,2,2,2,1,2,2,1,1,2,0,0,0
2008,34,23,2,340473,1,2,2,2,1,1,3,1,3,2,1,2,2,2,2,2,2,2,2,2,2,2,2,1,1,2,2,1,2,1,2,0,0,0
2008,34,33,1,340474,1,2,1,2,4,2,5,2,1,1,1,2,1,2,2,2,2,2,1,2,1,2,2,2,2,2,2,2,1,1,2,0,0,0
2008,34,31,1,340475,1,2,2,1,4,2,1,2,1,2,1,2,1,2,2,2,2,2,1,2,2,2,2,2,2,2,1,1,1,1,2,0,0,0
2008,34,23,1,340477,1,2,2,2,4,1,4,1,1,1,1,2,1,2,2,2,2,2,2,2,3,2,2,2,2,2,2,2,2,1,2,0,0,0
2008,34,33,3,340478,1,2,1,2,1,2,5,2,3,1,1,2,2,2,2,2,2,2,1,2,3,2,2,2,2,2,1,1,1,2,2,0,0,0
2008,34,11,1,340479,1,2,2,2,1,2,4,2,1,2,2,2,1,2,2,2,1,2,2,2,1,2,2,2,2,1,2,2,2,2,2,0,0,0
2008,34,19,1,340480,1,2,2,2,1,2,4,2,1,2,1,2,1,2,2,2,1,2,2,2,2,2,2,2,2,2,2,2,2,2,2,0,0,0
2008,34,5,1,340481,1,2,1,2,4,2,6,2,1,2,1,2,1,2,2,2,2,2,2,2,2,2,2,2,2,2,2,2,1,2,2,0,0,0
2008,34,11,1,340482,1,2,2,2,1,1,5,1,1,2,2,2,1,2,2,2,2,1,2,2,2,2,2,2,2,1,2,2,2,2,2,0,0,0
2008,34,13,2,340483,1,2,2,2,1,2,6,2,2,2,1,1,2,2,2,2,2,2,2,2,3,2,2,2,2,2,1,1,2,2,2,0,0,0
2008,34,27,1,340484,1,2,2,2,1,1,4,1,4,2,2,2,2,2,1,2,2,2,2,2,2,2,2,2,2,2,1,1,2,1,2,0,0,0
2008,34,5,1,340485,1,2,2,2,1,2,3,2,1,2,2,2,1,2,2,2,1,2,2,2,2,2,2,2,2,2,2,2,2,2,2,0,0,0
2008,34,7,1,340486,1,2,2,2,4,1,4,1,1,2,2,2,1,2,2,1,2,2,1,2,1,2,2,2,2,2,2,2,2,2,2,0,0,0
2008,34,23,1,340487,1,2,2,2,1,2,5,2,4,1,1,2,3,2,2,2,2,2,1,2,3,2,2,2,2,1,2,2,2,1,2,0,0,0
2008,34,29,2,340488,1,2,2,2,1,1,4,1,4,2,2,2,3,2,2,2,2,2,2,2,2,2,2,1,1,2,2,1,2,2,2,0,0,0
2008,34,1,1,340489,1,2,1,2,4,2,6,2,1,1,2,2,1,2,2,2,2,2,2,2,2,2,2,2,2,1,2,2,1,1,2,0,0,0
2008,34,39,1,340490,1,2,2,2,4,2,5,2,1,1,2,2,1,2,2,1,2,2,2,2,2,1,1,1,1,2,2,1,1,2,2,0,0,0
2008,34,31,1,340491,1,2,2,1,1,2,1,2,2,1,1,2,3,1,2,2,2,2,2,2,3,2,2,2,2,1,2,2,2,1,2,0,0,0
2008,34,5,1,340492,1,2,2,1,1,2,1,2,1,2,1,1,1,2,2,2,1,2,2,2,3,2,2,2,2,2,2,2,2,2,2,0,0,0
2008,34,27,1,340493,1,2,2,2,1,2,3,2,1,2,1,2,1,2,2,2,1,2,2,2,2,1,1,1,1,2,2,1,2,2,2,0,0,0
2008,34,41,2,340496,1,2,2,2,4,2,3,2,1,2,1,2,1,2,1,2,2,2,2,2,1,2,2,2,2,2,2,2,1,1,2,0,0,0
2008,34,29,1,340497,1,2,2,2,1,2,5,3,4,1,1,2,2,2,2,2,2,2,2,2,3,2,2,2,2,1,2,2,2,2,2,0,0,0
2008,34,1,1,340499,1,2,2,2,1,2,3,2,1,2,2,2,1,2,2,2,1,2,2,2,2,2,2,2,2,2,2,2,2,2,2,0,0,0
2008,34,25,1,340500,1,2,2,2,1,1,6,1,4,1,1,2,2,2,1,1,2,2,2,2,2,2,2,2,2,2,2,2,2,1,2,0,0,0
2008,34,23,1,340501,1,2,2,2,1,2,4,2,2,2,1,1,2,2,2,2,2,2,2,2,1,1,1,1,1,2,2,1,2,2,2,0,0,0
2008,34,29,1,340502,1,2,2,2,4,2,5,2,1,2,1,2,1,2,2,2,2,2,2,2,2,1,1,1,1,2,2,1,1,1,2,0,0,0
2008,34,1,1,340503,1,2,1,2,4,2,5,2,1,2,2,2,2,2,2,2,2,2,2,2,1,2,2,2,2,2,2,2,1,1,2,0,0,0
2008,34,23,1,340504,1,2,1,1,1,2,1,2,2,2,2,2,1,2,2,2,1,2,2,2,3,2,2,2,2,2,1,1,2,2,2,0,0,0
2008,34,13,1,340505,1,2,2,2,1,1,3,1,4,1,2,2,2,2,2,2,2,2,2,2,3,2,2,2,2,1,2,2,2,2,2,0,0,0
2008,34,29,1,340506,1,2,2,2,1,1,3,1,1,2,2,2,1,2,2,2,1,2,2,2,2,2,2,2,2,2,2,2,2,2,2,0,0,0
2008,34,3,1,340507,1,2,2,2,1,2,6,2,3,1,1,2,2,1,2,2,2,2,2,2,3,2,2,2,2,2,2,2,1,1,2,0,0,0
2008,34,15,1,340508,1,2,2,2,1,2,4,2,3,2,2,2,2,2,2,2,2,2,2,2,3,2,2,2,2,2,2,2,1,2,2,0,0,0
2008,34,5,1,340509,1,2,2,2,1,1,6,1,4,1,1,2,2,2,2,2,2,2,2,2,3,2,2,2,2,2,2,2,2,1,2,0,0,0
2008,34,31,1,340510,1,2,2,2,1,2,6,2,1,2,2,1,1,2,2,2,1,2,2,2,3,2,2,2,2,2,1,1,2,2,2,0,0,0
2008,34,39,1,340511,1,2,2,2,1,1,3,1,1,2,2,2,1,2,2,2,1,2,2,2,3,2,2,2,2,2,2,2,2,2,2,0,0,0
2008,34,15,1,340514,1,2,1,2,1,2,4,2,3,1,1,2,2,1,2,2,2,2,2,2,1,2,2,2,2,2,2,2,1,1,2,0,0,0
2008,34,41,1,340515,1,2,1,2,1,2,3,2,1,1,1,2,1,2,2,2,1,2,2,2,3,2,2,2,2,2,1,1,2,2,2,0,0,0
2008,34,15,1,340516,1,2,2,2,1,1,4,1,1,1,1,2,1,1,2,2,2,2,2,2,2,2,2,2,2,2,2,2,2,2,2,0,0,0
2008,34,35,1,340517,1,2,2,1,4,2,1,2,1,1,2,2,1,2,2,2,2,2,1,2,2,2,2,2,2,2,2,2,1,1,2,0,0,0
2008,34,9,1,340518,1,2,1,2,1,2,5,2,3,2,2,2,2,2,2,2,2,2,2,2,1,2,2,2,2,2,2,2,2,1,2,0,0,0
2008,34,31,1,340519,1,2,2,2,4,2,3,2,1,1,1,2,1,2,2,2,2,2,1,2,3,2,2,2,2,2,2,2,1,1,2,0,0,0
2008,34,25,1,340520,1,2,2,2,4,2,2,2,1,2,2,2,1,2,2,2,2,2,1,2,1,2,2,2,2,2,2,2,1,1,2,0,0,0
2008,34,39,1,340521,1,2,2,1,1,2,1,2,2,2,1,2,3,1,2,2,2,2,2,2,3,2,2,2,2,2,2,2,2,2,2,0,0,0
2008,34,13,1,340522,1,2,2,2,1,2,6,3,1,1,1,2,1,2,2,2,1,2,2,2,3,2,2,2,2,2,2,2,2,2,2,0,0,0
2008,34,17,1,340523,1,2,2,2,4,2,4,2,1,2,1,2,1,1,2,2,2,2,1,2,2,2,2,2,2,2,2,2,1,1,2,0,0,0
2008,34,17,1,340524,1,2,2,2,1,1,6,1,1,2,1,1,1,2,2,2,1,2,2,2,3,2,2,2,2,2,2,2,2,2,2,0,0,0
2008,34,7,1,340525,1,2,2,2,4,1,5,1,2,1,1,2,1,2,2,2,2,2,2,2,3,2,2,2,2,2,2,2,2,1,2,0,0,0
2008,34,25,1,340526,1,2,2,2,1,2,3,2,1,2,1,2,1,2,2,2,1,2,2,2,2,2,2,2,2,1,2,2,2,2,2,0,0,0
2008,34,23,1,340527,1,2,2,2,1,1,3,1,2,2,1,2,3,1,2,2,2,2,2,2,3,2,2,2,2,2,2,2,2,2,2,0,0,0
2008,34,33,1,340528,1,2,2,2,1,1,3,1,4,1,1,2,2,2,2,2,2,2,2,2,3,2,2,2,2,1,2,2,2,2,2,0,0,0
2008,34,39,1,340529,1,2,2,2,4,2,5,2,1,2,1,2,1,2,2,2,2,2,2,2,1,2,2,2,2,2,2,2,1,2,2,0,0,0
2008,34,3,2,340530,1,2,2,2,4,2,3,2,1,2,1,2,1,2,2,2,2,2,1,2,2,1,1,1,1,2,2,1,1,1,2,0,0,0
2008,34,7,1,340531,1,2,2,2,1,2,4,2,1,2,2,1,1,2,2,2,1,2,2,2,3,2,2,2,2,2,1,1,2,2,2,0,0,0
2008,34,13,1,340532,1,2,2,2,4,1,4,1,1,1,1,2,1,2,2,2,2,2,2,2,2,2,2,2,2,2,2,2,2,1,2,0,0,0
2008,34,39,1,340533,1,2,2,2,4,2,4,2,1,2,1,2,1,2,2,2,2,2,2,2,2,2,2,2,2,2,2,2,1,1,2,0,0,0
2008,34,29,1,340534,1,2,2,2,1,1,3,1,4,1,1,2,2,2,2,2,2,2,2,2,3,1,1,1,1,1,2,1,2,1,2,0,0,0
2008,34,27,1,340535,1,2,2,1,4,2,1,3,1,2,1,2,1,2,2,2,2,2,2,2,1,2,2,2,2,2,2,2,1,2,2,0,0,0
2008,34,25,1,340536,1,2,2,2,4,2,2,3,1,1,1,2,1,2,1,2,2,2,2,2,2,2,2,2,2,2,2,2,1,1,2,0,0,0
2008,34,25,1,340537,1,2,2,2,4,1,6,1,1,2,1,2,1,2,2,2,2,2,1,2,2,1,1,1,1,2,2,1,2,1,2,0,0,0
2008,34,13,2,340538,1,2,2,2,1,1,4,1,4,2,1,1,2,2,2,2,2,2,2,1,3,1,1,1,1,2,2,1,2,2,2,0,0,0
2008,34,25,1,340539,1,2,2,2,4,2,6,2,1,2,2,2,1,2,2,2,2,2,1,2,1,1,1,1,1,2,2,1,1,1,2,0,0,0
2008,34,7,1,340540,1,2,2,2,1,2,2,3,4,1,2,2,3,2,2,2,2,2,2,2,3,2,2,2,2,2,1,1,2,1,2,0,0,0
2008,34,39,1,340541,1,2,2,2,4,1,3,1,1,2,2,2,1,2,2,2,2,2,1,2,2,2,2,2,2,2,2,2,2,1,2,0,0,0
2008,34,3,1,340542,1,2,2,2,1,2,3,2,1,1,2,2,1,2,2,2,2,1,2,2,3,2,2,2,2,1,2,2,2,2,2,0,0,0
2008,34,15,1,340544,1,2,3,3,1,2,7,2,3,1,1,2,2,2,2,2,2,2,2,2,3,2,2,2,2,2,1,1,1,1,2,0,0,0
2008,34,21,1,340545,1,2,2,1,1,2,1,2,4,1,1,2,3,1,2,2,2,2,2,2,3,2,2,2,2,2,1,1,1,2,2,0,0,0
2008,34,33,1,340546,1,2,2,1,1,2,1,2,2,2,1,2,2,1,2,2,2,2,2,2,2,2,2,2,2,1,2,2,2,1,2,0,0,0
2008,34,17,1,340548,1,2,2,2,1,2,3,3,2,2,1,2,2,1,2,2,2,2,2,2,1,2,2,2,2,2,2,2,2,1,2,0,0,0
2008,34,7,1,340549,1,2,2,2,1,2,4,3,1,1,1,2,1,2,2,2,1,2,2,2,3,2,2,2,2,2,2,2,2,2,2,0,0,0
2008,34,27,1,340550,1,2,1,2,4,2,6,2,1,1,1,2,1,2,2,2,2,2,1,2,2,2,2,1,1,2,2,1,1,1,2,0,0,0
2008,34,7,1,340551,1,2,2,2,3,2,4,2,1,1,1,2,1,2,2,2,1,2,2,2,3,2,2,2,2,2,2,2,2,2,2,0,0,0
2008,34,23,1,340552,1,2,2,2,4,2,6,2,1,1,2,2,1,2,1,2,2,2,2,2,2,2,2,2,2,2,2,2,1,1,2,0,0,0
2008,34,39,1,340553,1,2,2,2,1,1,3,1,1,2,2,2,1,2,2,2,1,2,2,2,3,2,2,2,2,2,2,2,2,2,2,0,0,0
2008,34,17,1,340554,1,2,2,2,1,1,4,1,1,1,2,2,1,2,2,2,1,2,2,2,3,2,2,2,2,2,2,2,2,2,2,0,0,0
2008,34,15,1,340556,1,2,2,2,1,2,3,3,4,1,2,2,2,2,2,2,2,2,2,2,3,2,2,2,2,1,2,2,2,2,2,0,0,0
2008,34,13,1,340557,1,2,2,1,1,2,1,3,2,2,2,2,2,2,2,2,2,2,2,2,3,2,2,2,2,1,2,2,2,1,2,0,0,0
2008,34,1,1,340558,1,2,2,2,1,1,4,1,1,2,2,1,1,2,2,2,1,2,2,2,3,2,2,2,2,2,2,2,2,2,2,0,0,0
2008,34,11,1,340559,1,2,2,2,4,2,4,2,1,2,1,2,1,2,2,2,2,2,2,2,1,2,2,2,2,2,2,2,1,2,2,0,0,0
2008,34,29,1,340560,1,2,2,2,4,2,3,2,1,2,1,2,1,2,2,2,2,2,1,2,1,2,2,2,2,2,2,2,1,1,2,0,0,0
2008,34,7,1,340561,1,2,2,2,1,1,4,1,4,1,2,2,2,2,2,2,2,2,2,2,1,2,2,2,2,2,2,2,2,2,2,0,0,0
2008,34,29,1,340564,1,2,2,2,3,2,2,2,1,1,1,2,1,2,2,2,2,2,2,2,2,2,2,2,2,1,2,2,1,1,2,0,0,0
2008,34,25,1,340565,1,2,2,2,1,2,3,2,1,2,2,2,1,2,2,2,1,2,2,2,2,2,2,2,2,2,2,2,2,2,2,0,0,0
2008,34,33,1,340566,1,2,2,2,1,1,4,1,3,1,2,2,3,2,2,2,2,2,2,2,1,2,2,2,2,2,1,1,2,2,2,0,0,0
2008,34,5,1,340567,1,2,2,2,1,1,3,1,1,1,1,2,1,2,2,2,1,2,2,2,2,2,2,2,2,2,1,1,2,1,2,0,0,0
2008,34,1,1,340568,1,2,2,2,1,1,4,1,1,2,1,2,1,2,2,2,1,2,2,2,2,1,1,1,1,2,2,1,2,2,2,0,0,0
2008,34,25,1,340569,1,2,2,2,4,2,3,2,1,1,1,2,2,1,2,2,2,2,2,2,2,2,2,2,2,1,2,2,1,1,2,0,0,0
2008,34,33,1,340570,1,2,1,2,1,1,3,1,4,1,1,2,2,2,2,2,2,2,2,2,3,2,2,2,2,1,2,2,2,2,2,0,0,0
2008,34,23,1,340572,1,2,2,2,4,2,2,2,1,2,2,2,1,2,2,2,2,2,1,2,2,2,2,2,2,1,2,2,1,2,2,0,0,0
2008,34,1,1,340573,1,2,2,2,4,2,2,2,1,1,2,2,1,2,2,2,2,2,2,2,2,2,2,2,2,2,1,1,1,1,2,0,0,0
2008,34,27,1,340574,1,2,2,2,1,2,4,3,1,2,2,1,1,2,2,2,1,2,2,2,2,2,2,2,2,2,2,2,2,1,2,0,0,0
2008,34,35,1,340575,1,2,2,2,1,1,4,1,1,2,1,2,1,2,2,2,1,2,2,2,3,2,2,2,2,2,2,2,2,2,2,0,0,0
2008,34,23,1,340576,1,2,2,2,1,1,3,1,1,2,1,2,1,2,2,2,1,2,2,2,2,2,2,2,2,2,1,1,2,2,2,0,0,0
2008,34,39,1,340578,1,2,2,2,4,2,6,3,1,1,1,2,1,2,2,2,1,2,2,2,3,2,2,2,2,1,2,2,2,1,2,0,0,0
2008,34,13,1,340579,1,2,2,2,1,1,4,1,1,2,1,2,1,2,2,2,1,2,2,2,3,2,2,2,2,2,1,1,2,1,2,0,0,0
2008,34,15,1,340580,1,2,2,2,1,2,3,2,1,1,1,2,1,2,2,2,2,2,2,2,3,2,2,2,2,2,2,2,2,2,2,0,0,0
2008,34,23,1,340581,1,2,2,2,4,1,4,1,1,1,1,2,1,2,2,2,2,2,2,2,2,2,2,2,2,1,2,2,2,1,2,0,0,0
2008,34,29,1,340582,1,2,2,2,1,1,6,1,1,2,1,2,1,2,2,2,1,2,2,2,2,2,2,2,2,2,2,2,2,2,2,0,0,0
2008,34,31,1,340583,1,2,2,2,1,2,3,2,1,2,2,1,1,2,2,2,1,2,2,2,3,2,2,2,2,2,2,2,2,2,2,0,0,0
2008,34,25,1,340585,1,2,2,2,3,2,2,2,1,2,2,2,1,2,2,2,2,2,1,2,1,2,2,2,2,2,1,1,1,2,2,0,0,0
2008,34,21,1,340586,1,2,1,2,4,2,5,2,1,2,2,2,1,2,2,2,2,2,1,2,2,2,2,2,2,2,2,2,1,1,2,0,0,0
2008,34,25,1,340587,1,2,2,2,4,2,4,2,1,2,2,2,1,2,2,2,2,2,2,2,1,2,2,2,2,2,1,1,1,1,2,0,0,0
2008,34,39,1,340588,1,2,2,2,4,2,3,3,1,2,1,2,1,2,2,2,2,2,2,2,1,2,2,2,2,2,1,1,1,1,2,0,0,0
2008,34,15,1,340591,1,2,2,2,1,2,3,2,2,2,2,2,2,1,2,2,2,2,2,2,1,2,2,2,2,2,2,2,2,2,2,0,0,0
2008,34,9,1,340592,1,2,2,2,1,2,2,2,4,1,1,2,3,2,2,2,2,2,2,2,3,2,2,2,2,2,2,2,1,1,2,0,0,0
2008,34,7,1,340593,1,2,2,1,1,2,1,2,5,2,1,2,2,2,2,1,2,2,1,2,3,2,2,1,1,2,2,1,2,1,2,0,0,0
2008,34,31,1,340594,1,2,2,2,1,2,3,2,1,2,1,2,1,2,2,2,1,2,2,2,2,2,2,2,2,2,2,2,2,2,2,0,0,0
2008,34,13,2,340595,1,2,2,2,1,2,2,2,1,2,1,2,1,2,2,2,2,2,2,2,2,2,2,2,2,2,2,2,2,2,2,0,0,0
2008,34,1,1,340596,1,2,2,2,1,2,4,3,1,1,1,2,1,2,2,2,1,2,2,2,2,2,2,2,2,2,2,2,2,2,2,0,0,0
2008,34,25,1,340598,1,2,2,2,1,1,2,1,1,1,1,2,1,2,2,2,1,2,2,2,2,2,2,2,2,2,2,2,2,2,2,0,0,0
2008,34,27,1,340600,1,2,2,2,1,2,3,2,1,1,1,2,1,2,2,2,1,2,2,2,2,2,2,2,2,1,2,2,2,2,2,0,0,0
2008,34,35,1,340601,1,2,2,2,1,1,3,1,1,1,1,2,1,2,2,2,1,2,2,2,3,2,2,2,2,2,1,1,2,2,2,0,0,0
2008,34,5,1,340602,1,2,2,2,4,2,4,2,1,2,2,2,1,2,2,2,2,2,2,2,1,2,2,2,2,2,2,2,1,1,2,0,0,0
2008,34,29,1,340603,1,2,2,2,1,2,4,2,1,2,1,2,1,2,2,2,1,2,2,2,2,2,2,2,2,2,2,2,2,2,2,0,0,0
2008,34,29,1,340604,1,2,1,2,4,2,3,2,1,1,1,2,1,2,2,2,2,2,2,2,3,2,2,2,2,2,2,2,1,1,2,0,0,0
2008,34,21,1,340605,1,2,2,1,1,2,1,2,1,2,2,2,1,2,2,2,1,2,2,2,3,2,2,2,2,2,2,2,2,2,2,0,0,0
2008,34,17,1,340606,1,2,2,2,1,2,3,2,1,2,1,2,1,2,2,2,1,2,2,2,3,1,1,1,1,2,2,1,2,2,2,0,0,0
2008,34,23,1,340607,1,2,2,2,4,1,6,1,1,1,1,2,1,2,2,2,2,2,2,2,2,2,2,2,2,2,2,2,2,1,2,0,0,0
2008,34,17,1,340608,1,2,2,2,4,2,5,2,2,1,1,2,1,2,2,2,2,2,2,2,3,2,2,2,2,1,2,2,2,1,2,0,0,0
2008,34,7,1,340609,1,2,2,2,1,2,3,2,4,1,1,2,2,2,2,2,2,2,2,2,3,2,2,2,2,1,2,2,1,1,2,0,0,0
2008,34,31,1,340610,1,2,2,2,4,2,3,2,1,2,2,2,1,2,2,1,2,2,2,2,2,2,2,2,2,2,2,2,1,1,2,0,0,0
2008,34,7,1,340611,1,2,2,2,6,2,6,2,1,1,2,1,1,2,2,2,1,2,2,2,3,2,2,2,2,2,2,2,2,2,2,0,0,0
2008,34,29,1,340612,1,2,2,2,4,2,6,2,1,1,1,2,1,2,2,2,2,2,2,2,3,2,2,2,2,1,2,2,1,1,2,0,0,0
2008,34,23,1,340613,1,2,2,2,1,1,6,1,4,1,1,2,2,2,2,1,2,2,2,2,1,2,2,2,2,2,2,2,2,2,2,0,0,0
2008,34,15,1,340614,1,2,2,2,4,2,6,2,1,2,2,2,1,2,2,2,2,2,1,2,1,2,2,2,2,2,2,2,1,1,2,0,0,0
2008,35,41,1,350001,1,6,1,2,4,2,6,2,1,2,1,2,1,2,2,1,2,2,1,2,1,2,2,2,2,2,2,2,1,1,2,0,0,0
2008,35,43,1,350002,1,6,2,2,1,1,6,1,1,1,2,2,1,2,2,2,2,1,2,2,3,2,2,2,2,2,2,2,2,1,2,0,0,0
2008,35,39,1,350003,1,6,1,2,2,2,5,2,1,2,2,2,1,2,2,1,2,2,2,2,1,2,2,2,2,2,1,1,1,1,2,0,0,0
2008,35,35,1,350004,1,6,1,2,2,2,3,2,1,1,1,2,1,2,2,2,2,2,1,2,2,2,2,2,2,2,2,2,1,1,2,0,0,0
2008,35,45,1,350005,1,6,1,2,1,2,3,2,4,2,1,2,2,1,2,2,2,2,2,2,3,2,2,2,2,2,2,2,1,1,2,0,0,0
2008,35,45,1,350006,1,6,1,2,4,2,3,2,1,2,1,2,1,2,2,1,2,2,1,2,2,2,2,2,2,2,2,2,2,2,2,1,0,1
2008,35,25,1,350007,1,6,1,2,2,2,5,2,1,1,1,2,1,1,2,1,2,2,1,2,2,2,2,2,2,2,1,1,1,1,1,0,0,0
2008,35,43,1,350008,1,6,1,1,1,2,1,2,3,2,2,2,2,2,2,2,2,2,2,2,1,2,2,2,2,2,2,2,2,1,2,1,0,1
2008,35,31,1,350009,1,6,1,1,3,2,1,2,1,1,1,2,1,2,2,1,2,2,1,2,2,1,1,1,1,2,2,1,1,1,2,1,0,1
2008,35,1,1,350010,1,6,1,2,1,2,3,2,1,1,2,2,1,2,1,1,2,2,2,2,2,2,2,2,2,2,2,2,2,1,2,0,0,0
2008,35,41,1,350011,1,6,1,2,1,1,5,1,4,2,1,2,2,2,2,2,2,2,2,2,3,1,1,1,1,2,2,1,2,2,2,0,0,0
2008,35,25,2,350012,1,6,2,2,4,2,6,2,1,2,1,2,1,2,2,1,2,2,1,2,2,2,2,2,2,2,1,1,1,1,2,0,0,0
2008,35,1,1,350013,1,6,2,2,1,1,6,1,1,1,1,2,1,2,2,2,1,2,2,2,2,2,2,2,2,1,2,2,2,2,2,0,0,0
2008,35,11,1,350014,1,6,1,2,2,2,5,2,1,1,2,2,1,2,2,1,2,2,1,2,2,1,2,1,2,2,2,2,1,1,2,0,0,0
2008,35,19,1,350015,1,6,1,1,1,2,1,2,2,1,1,2,2,1,2,2,2,2,2,2,2,2,2,2,2,2,2,2,2,1,2,0,0,0
2008,35,57,1,350016,1,6,1,1,2,2,1,2,1,2,1,2,1,2,2,1,2,2,1,2,2,2,2,2,2,2,1,1,2,1,2,0,0,0
2008,35,39,1,350017,1,6,1,2,2,2,5,2,1,2,2,2,1,2,2,1,2,2,1,2,1,1,1,1,1,2,2,1,2,1,2,0,0,0
2008,35,43,1,350018,1,6,2,2,1,1,3,1,4,1,1,2,2,2,2,2,2,2,2,2,2,2,2,2,2,2,2,2,2,2,2,0,0,0
2008,35,1,1,350019,1,6,2,2,1,2,5,2,1,2,2,2,1,2,2,2,1,2,2,2,3,2,2,2,2,2,2,2,2,2,2,0,0,0
2008,35,19,1,350020,1,6,1,1,1,2,1,2,1,1,1,2,1,2,2,2,2,2,1,2,2,2,2,2,2,2,2,2,1,1,2,0,0,0
2008,35,15,1,350021,1,6,1,2,1,2,4,2,2,1,1,2,3,1,2,1,2,2,2,2,3,2,2,2,2,1,2,2,2,1,2,0,0,0
2008,35,23,1,350022,1,6,1,1,1,2,1,2,1,1,2,2,1,2,2,2,2,2,1,2,2,2,2,2,2,2,2,2,2,2,2,0,0,0
2008,35,15,1,350023,1,6,1,2,4,2,6,2,1,1,2,2,1,2,2,2,2,2,1,2,1,2,2,2,2,2,2,2,2,2,2,0,0,0
2008,35,39,1,350024,1,6,1,2,1,2,3,2,1,1,2,2,1,2,2,2,2,2,1,2,2,2,2,2,2,2,2,2,2,1,2,1,0,1
2008,35,25,1,350025,1,6,1,2,1,2,3,2,1,1,1,2,1,1,2,2,2,2,1,2,2,2,2,2,2,2,2,2,2,2,2,0,0,0
2008,35,45,1,350026,1,6,1,3,4,2,7,2,1,1,1,2,1,2,2,2,2,2,1,2,2,2,2,2,2,2,2,2,2,1,2,0,0,0
2008,35,37,1,350027,1,6,1,1,3,2,1,2,1,1,1,2,1,1,2,2,2,2,1,2,2,2,2,2,2,2,2,2,2,1,2,0,0,0
2008,35,37,2,350028,1,6,1,1,3,2,1,2,1,1,2,2,1,2,2,2,2,2,1,2,2,2,2,2,2,1,2,2,1,1,1,0,0,0
2008,35,29,1,350029,1,6,1,2,2,2,5,2,1,1,1,2,1,2,2,1,2,2,1,2,2,2,2,2,2,2,2,2,1,1,2,0,0,0
2008,35,25,1,350030,1,6,1,2,1,1,3,1,4,1,2,2,2,1,1,2,2,2,2,2,2,2,2,2,2,2,2,2,2,2,2,0,0,0
2008,35,1,1,350031,1,6,2,2,1,1,3,1,1,2,1,2,1,2,2,2,2,1,2,2,2,2,2,2,2,2,2,2,2,2,2,0,0,0
2008,35,43,1,350032,1,6,2,2,1,1,3,1,4,2,2,2,2,2,1,2,2,2,2,2,3,2,2,2,2,2,1,1,2,2,2,0,0,0
2008,35,53,1,350033,1,6,1,1,2,2,1,2,1,1,2,2,1,2,2,2,2,2,1,2,2,2,2,2,2,2,2,2,1,2,2,0,0,0
2008,35,1,1,350034,1,6,2,2,1,1,4,1,4,1,1,2,2,2,2,2,2,2,2,2,3,2,2,2,2,1,2,2,2,1,2,0,0,0
2008,35,7,1,350035,1,6,2,2,1,2,6,2,1,2,1,2,1,2,2,2,1,2,2,2,3,2,2,2,2,2,1,1,2,2,2,0,0,0
2008,35,43,1,350036,1,6,1,1,1,2,1,2,1,1,2,2,2,2,2,2,1,2,1,2,2,2,2,2,2,2,2,2,2,2,2,1,0,1
2008,35,29,1,350037,1,6,1,1,1,2,1,2,1,1,2,2,1,2,2,2,2,2,1,2,2,2,2,2,2,2,2,2,2,2,2,0,0,0
2008,35,53,2,350038,1,6,1,1,1,2,1,2,3,1,1,2,3,1,1,2,2,2,1,2,2,2,2,2,2,1,2,2,1,2,2,0,0,0
2008,35,37,1,350039,1,6,1,1,1,2,1,2,1,1,1,2,1,2,2,2,2,2,1,2,2,2,2,2,2,2,1,1,2,2,2,0,0,0
2008,35,15,1,350040,1,6,1,2,1,2,3,2,3,1,1,2,2,2,2,2,2,2,2,2,2,2,2,2,2,1,2,2,2,2,2,0,0,0
2008,35,29,1,350041,1,6,1,1,1,2,1,2,2,1,2,2,3,1,2,2,2,2,2,2,3,2,2,2,2,1,2,2,2,1,2,0,0,0
2008,35,1,1,350042,1,6,2,2,1,1,5,1,3,2,1,2,2,2,1,2,2,2,2,2,1,1,1,1,1,2,2,1,2,2,2,0,0,0
2008,35,15,1,350043,1,6,2,2,1,2,3,2,1,2,2,2,1,2,2,2,1,2,2,2,2,2,2,2,2,2,2,2,2,2,2,0,0,0
2008,35,51,1,350044,1,6,1,1,4,2,1,2,1,1,2,2,1,2,2,2,2,2,1,2,2,2,2,1,1,2,2,1,1,2,2,0,0,0
2008,35,25,1,350045,1,6,2,2,1,1,3,1,1,2,1,2,1,2,2,2,2,2,1,2,1,2,2,2,2,2,1,1,2,2,2,0,0,0
2008,35,45,1,350046,1,6,1,2,2,2,3,2,1,2,2,2,1,2,1,2,2,2,2,2,3,2,2,2,2,2,2,2,1,2,2,0,0,0
2008,35,39,1,350047,1,6,1,2,1,2,3,2,5,2,1,2,2,2,2,2,2,2,1,2,3,1,1,1,1,2,1,1,2,2,2,1,0,1
2008,35,23,1,350048,1,6,1,1,2,2,1,2,1,2,1,2,1,1,2,2,2,2,2,2,2,2,2,2,2,2,2,2,1,2,2,0,0,0
2008,35,53,1,350049,1,6,1,2,4,2,3,2,1,2,1,2,1,2,2,2,2,2,1,2,2,2,2,2,2,1,2,2,2,1,2,0,0,0
2008,35,1,2,350050,1,6,2,2,1,1,5,1,4,2,1,2,2,2,2,2,2,2,2,2,1,2,2,2,2,2,1,1,2,1,2,0,0,0
2008,35,45,2,350051,1,6,1,2,1,2,5,2,1,1,1,2,1,2,2,1,2,2,1,2,3,2,2,2,2,2,2,2,1,2,2,1,1,1
2008,35,39,1,350052,1,6,1,2,2,2,4,2,1,1,1,2,1,2,2,2,2,2,1,2,2,2,2,2,2,2,2,2,1,1,2,0,0,0
2008,35,29,1,350053,1,6,1,2,1,2,5,2,4,1,1,2,2,2,2,2,2,2,2,2,3,2,2,2,2,2,2,2,2,1,2,0,0,0
2008,35,55,1,350054,1,6,1,2,4,2,5,2,1,2,2,2,1,2,1,2,2,2,2,2,2,2,2,2,2,2,1,1,1,1,2,0,0,0
2008,35,1,1,350055,1,6,2,2,1,1,5,1,1,2,2,2,1,2,2,2,1,2,2,2,3,2,2,2,2,2,2,2,2,2,2,0,0,0
2008,35,49,1,350056,1,6,2,2,1,2,4,2,4,1,2,2,2,2,1,2,2,2,2,2,3,2,2,2,2,2,2,2,2,1,2,0,0,0
2008,35,1,1,350057,1,6,2,2,1,1,4,1,4,2,2,1,2,2,1,2,2,2,2,2,3,2,2,2,2,2,2,2,2,2,2,0,0,0
2008,35,1,1,350058,1,6,2,2,1,1,6,1,1,1,2,2,1,2,2,2,1,2,2,2,3,1,1,1,1,2,2,1,2,2,2,0,0,0
2008,35,31,2,350059,1,6,1,2,1,1,5,1,4,2,1,2,2,2,2,2,2,2,2,2,3,2,2,2,2,1,1,1,2,1,2,1,1,1
2008,35,31,1,350060,1,6,1,2,1,2,5,2,1,2,2,2,1,2,2,2,1,2,2,2,3,1,1,1,1,2,2,1,2,2,2,1,1,1
2008,35,31,3,350061,1,6,1,2,4,2,4,2,1,1,2,2,1,2,2,1,2,2,1,2,3,2,2,2,2,2,1,1,1,2,2,1,1,1
2008,35,43,1,350062,1,6,1,1,2,2,1,2,1,1,1,2,3,2,2,1,2,2,2,2,3,2,2,2,2,2,2,2,1,1,2,0,0,0
2008,35,31,1,350063,1,6,1,3,4,2,7,2,1,2,2,2,1,2,2,1,2,2,1,2,2,1,1,1,1,2,2,1,1,1,2,1,1,1
2008,35,33,1,350064,1,6,1,1,1,2,1,2,4,1,1,2,2,1,2,1,2,2,1,2,3,2,2,2,2,1,2,2,1,2,2,0,0,0
2008,35,31,1,350065,1,6,1,2,4,2,4,2,1,1,2,2,1,2,2,1,2,2,1,2,1,2,2,2,2,2,2,2,1,2,2,0,0,0
2008,35,1,1,350066,1,6,2,2,1,1,5,1,2,1,2,2,2,2,1,1,2,2,2,2,1,2,2,2,2,2,1,1,2,1,2,0,0,0
2008,35,31,1,350067,1,6,2,2,4,2,6,2,1,2,2,2,1,2,2,1,2,2,2,2,3,2,2,2,2,2,2,2,1,1,2,0,0,0
2008,35,1,1,350068,1,6,1,2,1,1,5,1,4,1,2,2,2,2,1,2,2,2,2,2,2,2,2,2,2,2,1,1,2,2,2,0,0,0
2008,35,47,1,350069,1,6,1,2,1,2,6,2,1,2,1,2,1,2,2,2,1,2,2,2,2,2,2,2,2,2,2,2,2,2,2,0,0,0
2008,35,1,1,350070,1,6,2,2,1,1,6,1,4,2,2,2,2,2,2,2,2,2,2,2,3,1,1,1,1,1,2,1,2,1,2,0,0,0
2008,35,59,1,350071,1,6,1,3,4,2,7,2,1,1,1,2,1,2,2,1,2,2,1,2,1,2,2,2,2,2,1,1,2,1,2,0,0,0
2008,35,45,1,350072,1,6,2,2,1,1,6,1,4,1,1,2,2,2,2,2,2,2,2,2,3,1,1,1,1,2,2,1,2,1,2,0,0,0
2008,35,47,1,350073,1,6,2,2,4,2,5,2,1,2,1,2,1,2,2,1,2,2,2,2,1,2,2,2,2,2,1,1,1,1,2,0,0,0
2008,35,5,2,350074,1,6,2,2,4,2,4,2,1,2,1,2,1,2,2,1,2,2,1,2,2,2,2,2,2,1,2,2,1,1,2,0,0,0
2008,35,53,1,350075,1,6,1,1,3,2,1,2,1,1,1,2,1,2,2,2,2,2,1,2,2,2,2,2,2,2,2,2,1,2,1,0,0,0
2008,35,45,1,350076,1,6,1,2,2,2,4,2,1,1,1,2,1,2,2,2,2,2,1,2,2,2,2,2,2,2,2,2,1,1,2,0,0,0
2008,35,13,1,350077,1,6,1,2,1,2,3,2,4,1,1,2,2,2,2,2,2,2,2,2,2,1,1,1,1,2,2,1,2,2,2,0,0,0
2008,35,25,1,350078,1,6,1,2,1,2,4,2,2,1,2,2,2,1,2,2,2,2,2,2,3,2,2,2,2,2,2,2,2,1,2,0,0,0
2008,35,13,1,350079,1,6,1,2,4,2,5,2,1,1,1,2,1,2,2,1,2,2,2,2,1,2,2,2,2,2,2,2,1,1,2,0,0,0
2008,35,9,1,350080,1,6,1,2,1,2,5,2,4,1,1,2,2,1,2,2,2,2,2,2,3,2,2,2,2,2,2,2,1,2,2,0,0,0
2008,35,19,1,350081,1,6,1,1,3,2,1,2,1,1,1,2,1,2,2,2,2,2,1,2,2,2,2,2,2,2,2,2,1,2,2,0,0,0
2008,35,61,1,350082,1,6,1,2,1,2,5,2,1,2,2,2,1,2,2,2,1,2,2,2,3,2,2,2,2,2,2,2,2,2,2,0,0,0
2008,35,51,1,350083,1,6,1,1,4,2,1,2,1,1,1,2,1,2,2,2,2,2,1,2,2,2,2,2,2,2,2,2,2,2,2,0,0,0
2008,35,7,2,350084,1,6,1,2,1,2,3,3,3,2,1,2,2,2,2,2,2,2,2,2,2,2,2,2,2,2,1,1,1,1,2,0,0,0
2008,35,49,1,350085,1,6,2,2,1,1,3,1,4,1,2,1,2,2,2,2,2,2,1,2,3,2,2,2,2,1,2,2,2,2,2,0,0,0
2008,35,39,1,350086,1,6,1,2,4,1,3,1,1,2,2,2,1,2,2,2,2,2,1,2,2,2,2,2,2,2,2,2,2,2,2,0,0,0
2008,35,25,1,350087,1,6,2,2,1,1,3,1,4,1,2,2,2,2,1,2,2,2,2,2,1,2,2,2,2,2,2,2,2,2,2,0,0,0
2008,35,43,3,350088,1,6,1,2,4,2,3,2,4,1,1,2,2,2,2,2,2,2,2,2,2,2,2,2,2,2,2,2,2,2,2,1,0,1
2008,35,19,1,350089,1,6,1,1,1,2,1,2,1,2,1,2,1,2,2,2,2,2,1,2,2,2,2,2,2,2,2,2,1,2,2,0,0,0
2008,35,39,1,350090,1,6,1,2,4,2,3,2,1,1,1,2,1,2,2,2,2,2,1,2,1,1,1,1,1,2,2,1,2,2,2,1,0,1
2008,35,49,1,350091,1,6,1,2,4,2,3,2,1,2,1,2,1,2,2,2,2,2,1,2,1,2,2,2,2,1,2,2,2,2,2,0,0,0
2008,35,31,1,350092,1,6,1,2,1,2,3,2,1,1,1,2,1,2,2,2,2,2,1,2,3,2,2,2,2,2,2,2,2,2,2,0,0,0
2008,35,61,1,350093,1,6,1,2,4,1,3,1,1,1,1,2,1,2,2,2,2,2,1,2,1,2,2,2,2,2,2,2,1,2,2,0,0,0
2008,35,1,1,350094,1,6,2,2,1,2,2,2,1,1,1,2,1,2,2,2,2,2,1,2,2,2,2,2,2,2,2,2,1,2,2,0,0,0
2008,35,45,1,350095,1,6,1,2,1,2,3,2,1,1,1,2,1,2,2,2,2,2,1,2,2,2,2,2,2,1,2,2,2,2,2,0,0,0
2008,35,23,1,350096,1,6,1,1,4,2,1,2,1,2,1,2,1,2,2,1,2,2,1,2,2,2,2,1,1,2,2,1,2,2,2,0,0,0
2008,35,49,1,350097,1,6,1,2,4,2,3,2,1,1,1,2,1,2,2,2,2,2,2,2,1,2,2,2,2,2,2,2,1,2,2,0,0,0
2008,35,17,1,350098,1,6,1,2,4,1,3,1,1,2,2,2,1,2,1,2,2,2,2,2,1,2,2,2,2,2,2,2,1,2,2,0,0,0
2008,35,1,1,350099,1,6,1,1,1,2,1,2,1,2,2,2,1,1,2,2,1,2,2,2,2,2,2,2,2,2,2,2,2,2,2,0,0,0
2008,35,13,1,350100,1,6,1,2,4,1,3,1,1,1,2,2,1,2,2,2,2,2,2,2,1,2,2,2,2,2,2,2,1,2,2,0,0,0
2008,35,37,1,350101,1,6,1,2,1,2,3,2,1,2,2,2,1,1,2,2,2,2,2,2,2,2,2,2,2,2,2,2,2,2,2,0,0,0
2008,35,53,3,350102,1,6,2,2,1,2,3,2,1,2,2,2,1,2,2,2,2,2,1,2,1,2,2,2,2,2,1,1,2,2,2,0,0,0
2008,35,43,1,350103,1,6,1,1,1,2,1,2,2,2,2,2,2,2,2,2,2,2,2,2,1,2,2,2,2,2,2,2,1,2,2,0,0,0
2008,35,1,1,350104,1,6,2,1,1,1,1,1,2,1,1,2,2,1,2,2,2,2,2,2,2,1,1,1,1,2,2,1,2,2,2,1,0,1
2008,35,1,2,350105,1,6,1,2,4,2,6,2,1,1,2,2,1,2,2,1,2,2,2,2,2,1,1,1,1,2,2,1,1,1,2,0,0,0
2008,35,49,1,350106,1,6,2,2,4,2,5,2,1,1,1,2,1,2,2,1,2,2,2,2,2,2,2,2,2,1,2,2,1,1,2,0,0,0
2008,35,31,1,350107,1,6,1,3,4,2,7,2,1,1,1,2,1,2,2,1,2,2,1,2,3,2,2,2,2,2,2,2,1,2,2,0,0,0
2008,35,1,1,350108,1,6,2,2,1,1,5,1,1,2,2,2,1,2,2,2,1,2,2,2,2,2,2,2,2,2,2,2,2,2,2,0,0,0
2008,35,55,1,350109,1,6,1,2,4,2,6,2,1,2,1,2,1,2,2,1,2,2,1,2,1,1,1,1,1,2,2,1,2,2,2,0,0,0
2008,35,57,1,350110,1,6,1,2,3,2,3,2,1,1,2,2,1,1,2,2,2,2,1,2,2,2,2,2,2,2,2,2,1,1,2,0,0,0
2008,35,6,1,350111,1,6,1,1,1,2,1,2,1,1,2,1,1,2,2,2,1,2,2,2,3,2,2,2,2,2,2,2,2,2,2,1,0,1
2008,35,45,1,350112,1,6,1,2,4,2,5,2,1,1,1,2,1,2,2,1,2,2,1,2,2,1,1,1,1,2,2,1,1,1,2,1,1,1
2008,35,29,1,350113,1,6,1,1,1,2,1,2,3,1,1,2,2,1,2,1,2,2,2,1,1,1,1,1,1,2,2,1,2,1,2,0,0,0
2008,35,57,1,350114,1,6,2,2,4,2,6,2,1,1,2,2,1,2,2,1,2,2,1,2,1,1,1,1,1,2,2,1,1,1,2,0,0,0
2008,35,49,1,350115,1,6,1,2,2,2,6,2,1,1,1,2,1,2,2,1,2,2,1,2,3,1,1,1,1,2,2,1,1,1,2,0,0,0
2008,35,1,1,350116,1,6,1,1,2,2,1,2,1,2,1,2,1,2,2,2,2,2,1,2,2,2,2,2,2,2,2,2,1,1,2,0,0,0
2008,35,1,1,350117,1,6,2,2,1,2,2,2,4,1,1,2,3,2,2,2,2,2,2,2,3,2,2,2,2,2,2,2,2,1,2,0,0,0
2008,35,1,1,350118,1,6,2,2,2,2,4,2,1,1,1,2,1,1,2,2,1,2,2,2,3,2,2,2,2,2,2,2,2,2,2,0,0,0
2008,35,6,1,350119,1,6,1,2,1,1,3,1,1,2,2,2,1,2,1,2,2,2,2,2,1,2,2,2,2,2,1,1,2,2,2,0,0,0
2008,35,29,1,350120,1,6,2,2,1,1,3,1,1,2,2,2,1,2,2,2,2,2,1,2,3,2,2,1,1,2,2,1,2,2,2,0,0,0
2008,35,49,1,350121,1,6,2,2,4,1,3,1,1,1,2,2,1,2,2,2,2,2,1,2,3,2,2,2,2,2,2,2,2,2,2,0,0,0
2008,35,15,1,350122,1,6,2,2,4,2,3,2,1,1,2,2,1,2,1,2,2,2,2,2,1,2,2,2,2,2,2,2,1,2,2,0,0,0
2008,35,41,2,350123,1,6,1,2,1,2,3,2,4,2,2,2,2,2,2,2,2,2,2,2,1,2,2,2,2,2,1,1,2,2,2,0,0,0
2008,35,1,1,350124,1,6,2,2,1,1,3,1,1,2,2,2,1,2,2,2,2,1,2,2,2,2,2,1,1,2,2,1,2,2,2,0,0,0
2008,35,37,2,350125,1,6,1,1,1,2,1,2,4,1,1,2,2,2,2,2,2,2,2,2,2,2,2,2,2,2,2,2,2,2,2,0,0,0
2008,35,1,1,350126,1,6,2,2,1,1,3,1,4,1,1,2,2,2,1,2,2,2,2,2,2,2,2,2,2,2,2,2,2,2,2,0,0,0
2008,35,1,1,350127,1,6,2,1,2,2,1,2,2,1,1,2,2,1,2,2,2,2,2,2,2,2,2,2,2,2,2,2,2,2,2,0,0,0
2008,35,9,1,350128,1,6,2,2,1,2,3,2,4,1,1,2,3,1,2,2,2,2,1,2,2,2,2,2,2,2,2,2,2,2,2,0,0,0
2008,35,1,1,350129,1,6,1,1,1,2,1,2,1,1,1,2,1,2,2,2,2,2,1,2,2,1,1,1,1,2,2,1,1,1,2,0,0,0
2008,35,45,1,350130,1,6,1,3,1,2,7,2,1,1,2,2,1,2,2,2,2,2,2,2,3,1,1,1,1,2,2,1,2,1,2,1,0,1
2008,35,25,1,350131,1,6,1,2,1,2,5,2,3,2,1,2,2,2,2,1,2,2,2,2,1,2,2,2,2,2,2,2,1,1,2,0,0,0
2008,35,17,1,350132,1,6,1,2,4,2,5,2,1,1,2,2,1,2,1,1,2,2,2,2,1,2,2,2,2,2,2,2,1,1,2,0,0,0
2008,35,51,1,350133,1,6,1,2,1,1,4,1,3,1,2,2,2,2,1,2,1,2,2,2,3,2,2,2,2,2,2,2,2,2,2,0,0,0
2008,35,31,1,350134,1,6,1,2,1,2,5,2,4,1,1,2,2,2,2,1,2,2,2,2,3,1,1,1,1,2,2,1,2,2,2,1,1,1
2008,35,15,1,350135,1,6,1,3,4,2,7,2,1,2,2,2,1,2,2,1,2,2,1,2,1,2,2,2,2,2,1,1,1,2,2,0,0,0
2008,35,19,1,350136,1,6,1,1,2,2,1,2,1,1,1,2,1,2,2,2,2,2,1,2,2,2,2,2,2,2,2,2,1,1,1,0,0,0
2008,35,35,1,350137,1,6,1,2,4,2,5,2,1,1,2,2,1,2,2,1,2,2,1,2,2,2,2,2,2,2,2,2,1,1,2,0,0,0
2008,35,15,1,350138,1,6,1,2,1,2,3,2,1,2,2,2,1,2,2,2,2,2,1,2,2,2,2,2,2,2,2,2,2,2,2,0,0,0
2008,35,5,1,350139,1,6,1,2,1,2,5,2,3,2,2,2,2,2,2,2,2,2,1,2,1,1,1,1,1,2,2,1,1,1,2,0,0,0
2008,35,49,1,350140,1,6,1,1,4,2,1,2,1,2,2,2,1,2,2,2,2,2,1,2,2,2,2,2,2,2,2,2,1,1,2,0,0,0
2008,35,15,1,350141,1,6,1,3,4,2,7,2,1,1,1,2,1,2,2,2,2,2,1,2,1,2,2,2,2,2,2,2,1,1,2,0,0,0
2008,35,61,1,350142,1,6,1,2,1,2,5,2,3,1,1,2,2,2,2,2,2,2,2,2,3,2,2,2,2,1,1,1,1,1,1,0,0,0
2008,35,25,1,350143,1,6,2,2,1,1,4,1,1,2,1,1,1,2,2,2,1,2,2,2,2,2,2,2,2,2,2,2,2,1,2,0,0,0
2008,35,31,1,350144,1,6,2,2,1,1,5,1,1,2,1,1,1,2,2,2,1,2,2,2,3,2,2,2,2,2,2,2,2,2,2,0,0,0
2008,35,13,1,350145,1,6,2,2,1,1,5,1,3,2,2,2,2,2,1,2,2,2,2,2,1,2,2,2,2,2,2,2,2,2,2,0,0,0
2008,35,15,1,350146,1,6,1,3,1,2,7,2,1,2,2,2,1,1,2,1,2,2,1,2,2,2,2,2,2,2,2,2,2,1,2,0,0,0
2008,35,13,1,350147,1,6,1,2,2,2,4,2,1,1,1,2,1,2,2,2,2,2,1,2,2,2,2,1,1,2,2,1,2,2,1,0,0,0
2008,35,49,1,350148,1,6,1,2,4,2,5,2,1,1,2,2,1,2,1,1,2,2,2,2,2,2,2,2,2,2,2,2,1,1,2,0,0,0
2008,35,19,1,350149,1,6,1,1,2,2,1,2,1,1,1,2,1,2,2,2,2,2,1,2,2,2,2,2,2,2,1,1,1,2,1,0,0,0
2008,35,1,1,350150,1,6,2,2,1,2,5,3,4,1,1,2,2,1,2,2,2,2,2,2,3,2,2,2,2,1,2,2,2,1,2,0,0,0
2008,35,15,2,350151,1,6,1,2,2,2,6,2,1,2,1,2,1,1,2,1,2,2,1,2,2,2,2,2,2,2,2,2,1,1,2,0,0,0
2008,35,19,1,350152,1,6,1,2,2,2,3,2,1,1,1,2,1,2,2,1,2,2,1,2,2,2,2,2,2,2,1,1,1,1,2,0,0,0
2008,35,5,1,350153,1,6,1,3,2,2,7,2,1,1,1,2,1,2,2,1,2,2,1,2,2,1,1,1,1,2,2,1,1,2,2,0,0,0
2008,35,37,1,350154,1,6,1,1,2,2,1,2,2,1,1,2,2,2,2,2,2,2,2,2,3,2,2,2,2,1,2,2,2,1,2,0,0,0
2008,35,17,1,350155,1,6,1,2,2,2,5,2,1,1,1,2,1,2,2,2,2,2,1,2,2,2,2,2,2,2,2,2,1,2,2,0,0,0
2008,35,37,2,350156,1,6,1,1,1,2,1,2,3,2,1,2,2,2,2,2,2,2,2,2,2,2,2,2,2,2,2,2,2,1,2,0,0,0
2008,35,47,1,350157,1,6,2,2,1,1,5,1,4,1,1,1,2,2,1,2,2,2,2,2,2,1,1,1,1,2,2,1,2,1,2,0,0,0
2008,35,61,1,350158,1,6,1,1,1,2,1,2,1,2,1,2,1,2,2,2,1,2,2,2,1,2,2,2,2,2,2,2,2,1,2,0,0,0
2008,35,5,1,350159,1,6,1,2,2,2,3,2,1,1,1,2,1,2,2,1,2,2,1,2,1,2,2,2,2,2,2,2,1,2,2,0,0,0
2008,35,1,1,350160,1,6,2,2,1,2,4,2,4,1,2,2,2,2,1,1,2,2,2,2,2,2,2,2,2,2,1,1,2,1,2,0,0,0
2008,35,31,1,350161,1,6,1,1,1,2,1,2,2,2,1,2,2,1,2,1,2,2,2,2,2,2,2,2,2,2,2,2,2,1,2,1,0,1
2008,35,15,1,350162,1,6,1,2,2,2,5,2,1,1,1,2,1,2,1,1,2,2,2,2,2,2,2,1,1,2,2,1,1,1,2,0,0,0
2008,35,31,2,350163,1,6,1,1,4,2,1,2,1,1,1,2,1,2,2,2,2,2,1,2,2,2,2,2,2,2,2,2,1,1,2,1,0,1
2008,35,53,1,350164,1,6,2,2,1,1,6,1,1,2,1,2,1,2,2,2,1,2,2,2,2,1,1,1,1,2,2,1,2,2,2,0,0,0
2008,35,31,1,350165,1,6,1,2,4,2,5,2,1,2,2,2,1,2,2,2,2,2,1,2,3,2,2,2,2,2,2,2,1,2,2,0,0,0
2008,35,43,1,350166,1,6,2,2,2,2,5,2,1,2,2,2,1,2,1,1,2,2,2,2,1,2,2,2,2,2,2,2,1,2,2,0,0,0
2008,35,39,2,350167,1,6,1,2,1,2,3,3,4,2,2,2,2,2,1,1,2,2,2,2,1,1,1,1,1,2,2,1,2,2,2,0,0,0
2008,35,13,1,350168,1,6,1,3,4,2,7,2,1,2,1,2,1,2,2,1,2,2,1,2,1,2,2,2,2,2,2,2,1,1,2,0,0,0
2008,35,39,1,350169,1,6,1,2,1,2,3,2,1,2,1,2,1,2,1,2,2,2,2,2,1,2,2,2,2,2,2,2,2,2,2,0,0,0
2008,35,37,1,350170,1,6,1,1,1,2,1,2,2,1,1,2,2,1,2,2,2,2,2,2,2,2,2,2,2,2,2,2,1,1,2,0,0,0
2008,35,43,1,350171,1,6,1,2,1,2,3,2,4,2,2,2,2,2,2,2,2,2,1,2,2,2,2,2,2,2,2,2,2,2,2,0,0,0
2008,35,13,1,350172,1,6,1,1,4,2,1,2,1,2,2,2,1,2,2,2,2,2,2,2,1,2,2,2,2,2,2,2,2,2,2,0,0,0
2008,35,15,1,350173,1,6,1,2,1,2,3,2,1,1,2,2,1,2,2,2,2,2,1,2,2,2,2,2,2,2,2,2,2,2,2,0,0,0
2008,35,17,1,350174,1,6,2,2,4,1,3,1,1,1,1,2,1,2,2,2,2,2,2,2,2,2,2,2,2,2,2,2,2,2,2,0,0,0
2008,35,19,1,350175,1,6,1,1,1,2,1,2,1,2,1,2,1,2,2,2,2,2,1,2,2,2,2,2,2,2,1,1,2,2,2,0,0,0
2008,35,61,1,350176,1,6,1,1,1,2,1,2,3,2,2,2,2,1,2,2,2,2,2,2,1,2,2,2,2,2,2,2,1,2,2,0,0,0
2008,35,39,1,350177,1,6,1,2,4,1,3,1,1,1,2,2,1,2,2,2,2,2,2,2,2,2,2,2,2,1,2,2,2,2,2,0,0,0
2008,35,1,1,350178,1,6,2,2,1,1,3,1,4,1,1,2,2,2,1,2,2,2,2,2,2,2,2,2,2,2,1,1,2,2,2,0,0,0
2008,35,39,1,350179,1,6,1,2,1,2,3,2,1,1,1,2,1,2,2,2,1,2,2,2,2,2,2,2,2,1,2,2,2,2,2,0,0,0
2008,35,1,1,350180,1,6,2,2,2,1,5,1,1,2,2,2,1,2,2,1,2,2,2,2,1,1,1,1,1,2,2,1,2,1,2,0,0,0
2008,35,45,1,350181,1,6,1,2,1,2,3,2,4,2,1,2,2,1,2,2,2,2,2,2,1,2,2,2,2,2,2,2,2,1,2,1,1,1
2008,35,1,1,350182,1,6,1,1,1,2,1,2,1,2,2,2,1,2,2,2,1,2,2,2,2,2,2,2,2,2,2,2,2,2,2,0,0,0
2008,35,1,2,350183,1,6,2,2,1,1,5,1,4,1,1,2,3,2,2,2,2,2,2,2,2,2,2,2,2,1,1,1,2,1,2,0,0,0
2008,35,6,1,350184,1,6,1,1,1,2,1,2,2,2,1,2,3,1,2,1,2,2,2,2,1,2,2,2,2,1,2,2,2,1,2,1,0,1
2008,35,1,1,350185,1,6,2,2,1,1,3,1,4,2,2,2,2,2,1,2,2,2,2,2,2,1,1,1,1,2,2,1,2,2,2,0,0,0
2008,35,5,1,350186,1,6,1,2,1,2,3,2,1,2,1,2,1,2,2,2,2,2,1,2,1,2,2,2,2,2,1,1,2,2,2,0,0,0
2008,35,15,1,350187,1,6,1,2,4,2,3,2,1,2,2,2,1,2,2,2,2,2,1,2,1,2,2,2,2,2,2,2,2,2,2,0,0,0
2008,35,6,1,350188,1,6,1,1,1,2,1,2,1,2,2,2,1,2,2,2,2,2,1,2,1,2,2,2,2,2,2,2,2,2,2,1,0,1
2008,35,25,1,350189,1,6,1,2,1,2,5,2,4,2,2,2,2,2,2,2,2,2,2,2,2,2,2,2,2,2,2,2,2,1,2,0,0,0
2008,35,35,1,350190,1,6,1,2,2,2,3,2,1,2,2,2,1,2,2,2,2,2,1,2,2,2,2,2,2,2,2,2,1,1,2,0,0,0
2008,35,35,1,350191,1,6,1,2,4,2,3,2,1,1,2,2,1,2,1,2,2,2,2,2,2,2,2,1,1,2,2,1,1,2,2,1,0,1
2008,35,25,1,350192,1,6,2,2,1,1,3,1,4,1,1,2,2,2,2,2,2,2,2,2,2,2,2,2,2,1,2,2,2,2,2,0,0,0
2008,35,5,1,350193,1,6,1,2,4,2,3,2,1,2,2,2,1,2,2,2,2,2,1,2,2,2,2,2,2,2,2,2,2,2,2,0,0,0
2008,35,1,1,350194,1,6,2,2,1,1,4,1,4,1,1,2,2,2,2,2,2,2,2,2,3,2,2,2,2,2,2,2,2,1,2,0,0,0
2008,35,39,1,350195,1,6,1,2,2,2,3,2,1,2,2,2,1,2,2,2,2,2,1,2,2,1,1,1,1,2,2,1,1,1,2,0,0,0
2008,35,15,1,350196,1,6,1,2,1,2,5,2,1,2,2,2,1,1,2,1,2,2,1,2,2,2,2,2,2,2,2,2,2,1,2,0,0,0
2008,35,5,1,350197,1,6,1,2,4,2,3,2,1,1,1,2,1,1,2,2,2,2,2,2,2,2,2,2,2,2,2,2,2,2,2,0,0,0
2008,35,53,1,350198,1,6,1,2,4,2,3,2,1,2,1,2,1,2,2,2,2,2,1,2,2,2,2,2,2,2,2,2,2,2,2,0,0,0
2008,35,49,1,350199,1,6,1,1,4,2,1,2,1,1,1,2,1,2,2,2,2,2,1,2,2,2,2,2,2,1,2,2,2,2,2,0,0,0
2008,35,39,1,350200,1,6,1,2,4,2,3,2,1,1,1,2,1,2,2,2,2,2,1,2,2,2,2,2,2,2,2,2,2,2,2,1,0,1
2008,35,61,2,350201,1,6,1,2,4,2,3,2,1,2,1,2,1,2,2,2,2,2,1,2,1,2,2,2,2,2,2,2,2,2,2,0,0,0
2008,35,1,1,350202,1,6,2,2,1,1,3,1,1,2,1,2,1,2,2,2,2,1,2,2,2,2,2,2,2,2,2,2,2,2,2,0,0,0
2008,35,13,1,350203,1,6,1,1,1,2,1,2,1,2,1,2,1,2,2,2,2,2,1,2,2,2,2,2,2,2,2,2,2,2,2,0,0,0
2008,35,51,1,350204,1,6,1,1,4,2,1,2,1,1,2,2,1,2,2,2,2,2,1,2,2,2,2,2,2,2,2,2,2,2,2,0,0,0
2008,35,41,1,350205,1,6,1,2,4,2,3,2,1,1,1,2,1,2,2,2,2,2,2,2,2,2,2,2,2,1,2,2,1,2,2,0,0,0
2008,35,45,1,350206,1,6,1,2,2,2,3,2,2,1,1,2,2,2,2,2,2,2,2,2,3,2,2,2,2,2,2,2,2,2,2,1,0,1
2008,35,9,3,350207,1,6,1,2,1,1,3,1,3,1,1,2,2,2,2,2,2,2,2,2,2,2,2,2,2,1,1,1,2,2,2,0,0,0
2008,35,53,3,350208,1,6,1,1,4,2,1,2,1,1,1,2,1,2,2,2,2,2,1,2,2,2,2,2,2,2,2,2,2,2,2,0,0,0
2008,35,31,1,350209,1,6,1,2,1,2,3,2,1,2,2,2,1,2,2,2,1,2,2,2,2,2,2,2,2,2,2,2,2,2,2,0,0,0
2008,35,45,1,350210,1,6,1,2,1,2,3,2,1,2,2,2,1,2,2,2,1,2,2,2,2,2,2,2,2,2,2,2,2,2,2,1,0,1
2008,35,45,1,350211,1,6,1,2,4,2,3,2,1,2,1,2,1,2,2,2,2,2,1,2,3,2,2,2,2,2,2,2,2,2,2,1,0,1
2008,35,7,1,350212,1,6,1,1,4,2,1,2,1,1,2,2,2,2,2,2,2,2,1,2,2,1,2,1,2,2,2,2,2,2,2,0,0,0
2008,35,41,1,350213,1,6,2,2,4,1,3,1,1,1,2,2,1,2,2,2,2,2,2,2,1,2,2,2,2,2,2,2,1,2,2,0,0,0
2008,35,5,1,350214,1,6,2,2,3,2,3,2,1,1,1,2,1,2,1,2,2,2,2,2,2,1,1,1,1,2,2,1,1,2,2,0,0,0
2008,35,13,1,350215,1,6,1,1,4,2,1,2,1,2,1,2,1,2,2,2,2,2,1,2,2,2,2,2,2,2,2,2,2,2,2,0,0,0
2008,35,17,1,350216,1,6,1,1,4,2,1,2,1,2,2,2,1,1,2,2,2,2,1,2,2,2,2,2,2,2,2,2,2,2,2,0,0,0
2008,35,35,1,350217,1,6,1,2,1,2,5,2,1,1,2,2,1,2,2,2,2,1,2,2,3,2,2,2,2,2,2,2,2,2,2,0,0,0
2008,35,5,1,350218,1,6,2,2,1,1,3,1,4,2,2,2,2,2,2,1,2,2,2,2,3,2,2,2,2,2,1,1,2,2,2,0,0,0
2008,35,1,1,350219,1,6,2,2,1,2,3,2,1,2,2,2,1,2,2,2,1,2,2,2,3,2,2,2,2,2,2,2,2,2,2,0,0,0
2008,35,55,1,350220,1,6,1,2,1,2,3,2,3,1,2,2,2,2,1,1,2,2,2,2,2,2,2,2,2,2,2,2,2,2,2,0,0,0
2008,35,45,1,350221,1,6,1,2,1,2,3,2,4,1,2,2,2,2,2,1,2,2,2,2,3,2,2,2,2,2,2,2,2,2,2,1,0,1
2008,35,45,1,350222,1,6,1,2,4,2,5,2,1,1,1,2,1,2,2,1,2,2,1,2,2,1,1,1,1,2,2,1,2,2,2,1,0,1
2008,35,45,1,350223,1,6,1,2,4,2,3,2,1,2,1,2,1,2,2,2,2,2,1,2,3,2,2,2,2,2,2,2,2,2,2,1,0,1
2008,35,13,1,350224,1,6,2,2,1,2,3,2,1,1,1,2,1,2,2,2,2,1,2,2,2,2,2,2,2,2,1,1,2,2,2,0,0,0
2008,35,53,1,350225,1,6,1,2,1,2,3,2,1,2,1,2,1,1,2,2,2,2,1,2,2,2,2,2,2,2,2,2,2,1,2,0,0,0
2008,35,17,1,350226,1,6,2,2,1,1,3,1,4,1,1,2,2,2,1,2,2,2,2,2,2,2,2,2,2,2,2,2,2,2,2,0,0,0
2008,35,47,1,350227,1,6,2,2,2,2,3,2,7,2,1,2,1,2,2,2,2,2,2,2,3,2,2,2,2,2,2,2,2,2,2,0,0,0
2008,35,45,2,350228,1,6,1,2,1,2,3,2,3,2,2,2,2,2,2,2,2,2,2,2,1,2,2,2,2,2,2,2,2,1,2,1,0,1
2008,35,23,1,350229,1,6,1,1,1,2,1,2,1,1,1,2,1,2,2,2,2,2,1,2,2,2,2,2,2,1,2,2,2,2,2,0,0,0
2008,35,27,1,350230,1,6,1,2,4,2,3,2,1,1,1,2,1,2,1,2,2,2,2,2,1,2,2,2,2,2,2,2,2,2,2,0,0,0
2008,35,37,1,350231,1,6,1,1,1,2,1,2,1,1,1,2,1,2,2,2,2,2,1,2,2,2,2,2,2,2,2,2,2,2,2,0,0,0
2008,35,49,1,350232,1,6,1,2,1,2,3,2,1,2,1,2,1,2,2,1,2,2,1,2,1,2,2,2,2,2,1,1,1,2,2,1,0,1
2008,35,31,1,350233,1,6,1,2,1,2,3,2,3,1,1,2,2,2,2,2,2,2,1,2,3,1,1,1,1,2,2,1,2,1,2,0,0,0
2008,35,17,1,350234,1,6,1,1,4,2,1,2,4,1,2,2,2,2,2,2,2,2,2,2,2,2,2,2,2,2,2,2,1,2,2,0,0,0
2008,35,1,1,350235,1,6,2,1,1,2,1,2,1,2,2,2,1,2,2,2,1,2,2,2,2,2,2,2,2,2,2,2,2,2,2,0,0,0
2008,35,43,2,350236,1,6,1,2,1,2,3,2,4,1,1,2,2,2,2,2,2,2,2,2,2,2,2,2,2,2,2,2,1,2,2,0,0,0
2008,35,45,1,350237,1,6,1,2,1,2,3,2,3,2,1,2,2,2,2,2,2,2,2,2,3,2,2,2,2,2,2,2,2,2,2,1,0,1
2008,35,45,1,350238,1,6,1,2,1,2,3,2,4,2,2,1,2,2,1,2,2,2,2,2,1,2,2,2,2,2,2,2,2,2,2,0,0,0
2008,35,31,1,350239,1,6,1,3,1,1,7,1,1,2,1,2,1,2,2,2,2,2,1,2,3,2,2,2,2,2,1,1,2,2,2,1,1,1
2008,35,31,1,350240,1,6,1,2,1,2,3,2,1,1,1,2,1,2,2,2,2,2,1,2,3,2,2,2,2,2,2,2,2,2,2,1,1,1
2008,35,29,1,350241,1,6,1,1,1,2,1,2,1,2,1,2,1,2,2,2,2,2,1,2,1,2,2,2,2,2,1,1,2,2,2,0,0,0
2008,35,13,1,350242,1,6,2,1,1,2,1,2,1,1,1,2,1,2,2,2,2,2,1,2,2,2,2,2,2,2,2,2,2,2,2,0,0,0
2008,35,17,1,350243,1,6,1,1,4,2,1,2,1,1,2,2,1,2,2,2,2,2,1,2,2,2,2,2,2,2,2,2,2,2,2,0,0,0
2008,35,29,1,350244,1,6,1,1,4,2,1,2,1,1,1,2,1,2,2,2,2,2,1,2,2,2,2,2,2,2,2,2,2,2,2,0,0,0
2008,35,17,1,350245,1,6,1,1,1,2,1,2,4,2,2,2,2,1,2,2,2,2,2,2,2,2,2,2,2,2,2,2,2,2,2,0,0,0
2008,35,43,1,350246,1,6,2,2,1,1,3,1,1,1,2,2,1,2,2,2,2,2,1,2,2,2,2,2,2,1,2,2,1,2,2,0,0,0
2008,35,51,1,350247,1,6,1,1,1,2,1,2,1,2,2,2,3,2,2,2,2,2,1,2,2,2,2,2,2,2,2,2,2,2,2,0,0,0
2008,35,31,1,350248,1,6,1,1,1,2,1,2,1,2,1,2,1,2,2,2,2,2,1,2,2,2,2,2,2,2,2,2,1,2,2,1,0,1
2008,35,31,1,350249,1,6,1,1,1,2,1,2,1,2,2,2,1,1,2,2,1,2,2,2,2,2,2,2,2,2,2,2,2,2,2,0,0,0
2008,35,39,1,350250,1,6,1,2,1,2,3,2,1,1,1,2,1,2,2,2,2,2,1,2,2,2,2,2,2,2,1,1,2,2,2,1,0,1
2008,35,25,1,350251,1,6,1,2,1,2,6,2,4,1,1,2,2,2,2,1,2,2,2,2,2,2,2,2,2,2,1,1,2,2,2,0,0,0
2008,35,17,1,350252,1,6,1,2,4,2,3,2,1,2,2,2,1,2,2,2,2,2,1,2,1,2,2,2,2,2,2,2,2,2,2,0,0,0
2008,35,61,1,350253,1,6,2,2,1,2,3,2,3,2,2,2,2,2,1,2,2,2,2,2,2,2,2,2,2,1,2,2,2,2,2,0,0,0
2008,35,1,1,350254,1,6,2,2,1,1,3,1,4,1,1,2,2,2,2,2,2,2,2,2,2,1,1,1,1,2,2,1,2,2,2,0,0,0
2008,35,43,1,350255,1,6,1,1,1,2,1,2,4,2,1,2,2,1,2,2,2,2,2,2,2,2,2,2,2,2,1,1,1,2,2,1,0,1
2008,35,55,1,350256,1,6,1,2,4,1,3,1,1,1,1,2,1,2,2,2,2,2,1,2,1,2,2,2,2,2,2,2,2,2,2,0,0,0
2008,35,55,1,350257,1,6,1,2,4,2,3,2,1,2,2,2,1,2,2,2,2,2,1,2,1,1,1,1,1,2,2,1,2,2,2,0,0,0
2008,35,55,2,350258,1,6,1,2,4,2,3,2,1,1,1,2,1,2,1,2,2,2,2,2,1,2,2,2,2,2,2,2,2,2,2,1,0,1
2008,35,49,1,350259,1,6,2,2,4,2,3,2,1,1,1,2,1,2,1,2,2,2,2,2,2,2,2,1,1,2,2,1,1,2,2,0,0,0
2008,35,37,3,350260,1,6,1,2,4,2,3,2,1,2,2,2,1,2,2,2,2,2,2,2,1,2,2,2,2,2,1,1,1,2,2,0,0,0
2008,35,55,1,350261,1,6,2,2,1,1,3,1,1,1,2,1,1,2,2,2,1,2,2,2,3,2,2,2,2,2,2,2,2,2,2,0,0,0
2008,35,49,1,350262,1,6,2,2,1,1,3,1,1,2,1,1,1,2,2,2,1,2,2,2,3,2,2,2,2,2,2,2,2,2,2,0,0,0
2008,35,1,1,350263,1,6,2,1,1,2,1,2,1,2,2,2,1,2,2,2,1,2,2,2,2,2,2,2,2,2,2,2,2,2,2,0,0,0
2008,35,55,2,350264,1,6,1,2,1,2,3,2,2,1,2,2,3,2,2,2,2,2,2,2,2,2,2,1,1,1,2,1,2,2,2,0,0,0
2008,35,1,1,350265,1,6,2,1,1,2,1,2,1,1,1,2,1,2,1,2,2,2,2,2,2,2,2,2,2,2,2,2,2,1,2,0,0,0
2008,35,1,1,350266,1,6,2,2,1,1,3,1,1,1,1,2,1,2,2,2,1,2,2,2,2,2,2,2,2,2,2,2,2,2,2,0,0,0
2008,35,1,1,350267,1,6,2,2,1,2,3,2,4,1,2,2,2,2,2,2,2,2,2,2,2,2,2,2,2,2,1,1,2,2,2,0,0,0
2008,35,53,1,350268,1,6,1,2,4,2,3,2,1,1,1,2,1,2,2,2,2,2,1,2,2,1,1,1,1,2,2,1,2,2,2,0,0,0
2008,35,43,1,350269,1,6,1,2,1,2,3,2,1,2,2,2,1,2,2,2,2,2,1,2,3,2,2,2,2,2,2,2,2,2,2,0,0,0
2008,35,1,1,350270,1,6,2,2,1,2,3,2,1,2,1,2,1,2,2,2,1,2,2,2,2,2,2,2,2,1,2,2,2,2,2,0,0,0
2008,35,61,1,350271,1,6,1,2,1,1,3,1,1,2,1,2,1,2,1,2,2,2,2,2,2,2,2,2,2,2,2,2,2,2,2,0,0,0
2008,35,35,1,350272,1,6,1,2,4,2,3,2,1,1,2,1,1,2,2,2,1,2,2,2,3,2,2,2,2,2,2,2,2,2,2,0,0,0
2008,35,35,1,350273,1,6,1,2,1,2,3,2,4,1,2,2,2,2,2,2,2,2,2,2,2,2,2,2,2,1,2,2,2,2,2,1,0,1
2008,35,35,1,350274,1,6,1,2,1,2,3,2,1,1,1,2,1,2,2,2,2,2,1,2,3,2,2,2,2,2,2,2,2,1,2,1,0,1
2008,35,1,1,350275,1,6,2,2,1,1,3,1,1,2,2,2,1,2,2,2,2,2,1,2,1,2,2,2,2,2,1,1,2,2,2,0,0,0
2008,35,1,1,350276,1,6,2,1,1,2,1,2,1,1,2,2,1,2,2,2,2,2,1,2,1,2,2,2,2,2,1,1,2,2,2,0,0,0
2008,35,1,1,350277,1,6,2,2,1,2,3,2,1,2,1,2,1,2,2,2,2,2,1,2,2,1,1,1,1,2,2,1,2,2,2,0,0,0
2008,35,1,1,350278,1,6,1,1,4,2,1,2,2,1,1,2,2,2,2,2,2,2,2,2,2,2,2,2,2,2,2,2,2,2,2,0,0,0
2008,35,1,1,350279,1,6,2,2,1,2,3,2,1,1,2,2,1,2,1,2,2,2,2,2,2,2,2,2,2,2,2,2,2,2,2,0,0,0
2008,35,1,1,350280,1,6,1,2,1,1,3,1,1,2,1,2,1,2,2,2,2,2,1,2,3,2,2,2,2,2,2,2,2,2,2,0,0,0
2008,35,1,1,350281,1,6,2,2,1,1,3,1,3,2,1,2,2,2,1,2,2,2,2,2,2,2,2,2,2,2,1,1,2,2,2,0,0,0
2008,35,1,1,350282,1,6,2,2,4,2,3,2,1,2,1,2,1,2,2,2,2,2,2,2,1,1,1,1,1,2,2,1,1,2,2,0,0,0
2008,35,47,1,350283,1,6,1,1,1,2,1,2,1,2,2,2,1,2,2,2,2,2,2,2,2,2,2,2,2,2,2,2,2,2,2,0,0,0
2008,35,47,1,350284,1,6,1,2,1,2,3,3,1,1,1,2,1,2,2,2,2,2,2,2,1,2,2,2,2,2,2,2,2,2,2,0,0,0
2008,35,29,1,350285,1,6,1,1,4,2,1,2,1,1,1,2,1,2,2,2,2,2,1,2,2,2,2,2,2,2,2,2,2,2,2,0,0,0
2008,35,31,1,350286,1,6,2,2,4,2,3,2,1,1,2,2,1,2,2,2,2,2,1,2,1,2,2,2,2,2,2,2,2,2,2,0,0,0
2008,35,47,1,350287,1,6,1,1,4,2,1,2,1,1,1,2,1,2,2,2,2,2,1,2,2,2,2,2,2,2,2,2,2,2,2,0,0,0
2008,35,1,1,350288,1,6,2,2,1,2,3,2,1,1,2,2,1,2,2,2,1,2,2,2,2,2,2,2,2,2,2,2,2,1,2,0,0,0
2008,35,13,1,350289,1,6,1,2,1,1,3,1,4,2,1,2,2,2,1,2,2,2,2,2,3,1,1,1,1,2,2,1,2,2,2,0,0,0
2008,35,43,3,350290,1,6,1,1,1,2,1,2,3,1,1,2,2,2,2,2,2,2,2,2,2,2,2,2,2,1,2,2,2,2,2,0,0,0
2008,35,25,1,350291,1,6,1,2,1,2,3,2,3,1,1,2,3,1,2,2,2,2,2,2,2,1,1,1,1,1,1,1,2,2,2,0,0,0
2008,35,25,2,350292,1,6,1,2,1,1,3,1,4,1,2,2,2,1,1,2,2,2,2,2,2,2,2,2,2,2,2,2,2,2,2,0,0,0
2008,35,9,1,350293,1,6,2,2,1,2,3,2,4,1,1,2,2,2,2,2,2,2,2,2,2,1,1,1,1,2,2,1,2,2,2,0,0,0
2008,35,29,3,350294,1,6,2,1,1,2,1,2,2,1,1,2,3,1,1,2,2,2,2,2,2,2,2,2,2,2,1,1,2,2,2,0,0,0
2008,35,57,1,350295,1,6,1,1,1,2,1,2,4,1,2,2,2,1,2,2,2,2,1,2,2,1,1,1,1,2,2,1,2,2,2,0,0,0
2008,35,45,1,350296,1,6,1,2,1,2,3,2,1,1,1,2,1,2,2,2,2,2,1,2,2,2,2,2,2,2,2,2,2,1,2,1,0,1
2008,35,47,1,350297,1,6,1,2,1,2,3,2,1,2,1,2,1,2,2,2,2,2,1,2,1,2,2,2,2,2,1,1,1,2,2,0,0,0
2008,35,45,1,350298,1,6,1,2,1,1,3,1,1,2,1,2,1,2,2,2,2,2,1,2,2,1,1,1,1,2,2,1,2,2,2,0,0,0
2008,35,47,1,350299,1,6,2,2,1,1,3,1,4,1,1,2,3,2,2,2,2,2,2,2,2,2,2,2,2,1,2,2,2,2,2,0,0,0
2008,35,43,1,350300,1,6,1,1,1,2,1,2,1,1,1,2,1,2,1,2,2,2,2,2,2,2,2,2,2,2,2,2,2,2,2,1,0,1
2008,35,35,1,350301,1,6,1,2,1,2,3,2,1,2,2,2,1,2,2,2,2,2,1,2,1,2,2,2,2,2,2,2,2,2,2,1,0,1
2008,35,57,1,350302,1,6,1,2,1,1,3,1,4,1,1,2,2,2,1,2,2,2,2,2,2,2,2,2,2,2,2,2,2,2,2,0,0,0
2008,35,57,2,350303,1,6,1,2,4,1,3,1,1,2,2,2,1,2,2,2,2,2,1,2,2,2,2,2,2,2,2,2,2,2,2,0,0,0
2008,35,45,1,350304,1,6,1,2,1,1,3,1,1,1,1,2,1,2,2,2,2,1,2,2,2,2,2,2,2,2,2,2,2,2,2,0,0,0
2008,35,6,2,350305,1,6,1,1,1,2,1,2,1,1,2,2,1,2,2,2,2,2,1,2,2,2,2,2,2,2,1,1,2,2,2,1,0,1
2008,35,5,1,350306,1,6,2,2,1,2,3,2,1,2,1,2,1,2,2,2,1,2,2,2,2,2,2,2,2,1,2,2,2,2,2,0,0,0
2008,35,45,1,350307,1,6,1,2,4,2,3,2,1,1,1,2,1,2,2,2,2,2,2,2,2,2,2,2,2,1,2,2,1,2,2,0,0,0
2008,35,6,1,350308,1,6,1,3,2,2,7,2,1,1,2,2,1,2,2,1,2,2,1,2,3,2,2,2,2,2,1,1,2,1,2,0,1,1
2008,35,49,1,350309,1,6,2,2,1,2,6,2,1,2,1,2,1,2,2,2,1,2,2,2,3,2,2,2,2,2,2,2,2,1,2,0,0,0
2008,35,59,1,350311,1,6,1,3,2,2,7,2,1,2,2,2,1,2,1,2,2,2,2,2,2,2,2,2,2,2,2,2,1,1,2,0,0,0
2008,35,1,1,350312,1,6,2,2,2,2,5,2,1,2,2,2,1,2,1,2,2,2,2,2,1,2,2,2,2,2,2,2,1,1,2,0,0,0
2008,35,45,1,350313,1,6,2,2,1,1,6,1,4,1,1,2,2,2,2,2,2,2,2,2,3,2,2,2,2,2,2,2,2,1,2,0,0,0
2008,35,43,1,350314,1,6,1,2,1,2,4,2,1,2,2,2,1,2,2,2,1,2,2,2,1,2,2,2,2,2,1,1,2,1,2,0,1,1
2008,35,1,1,350315,1,6,2,2,1,2,3,2,4,2,2,2,2,2,2,2,2,2,1,2,1,1,1,1,1,2,2,1,2,2,2,0,0,0
2008,35,61,1,350316,1,6,1,3,1,2,7,2,1,2,1,2,1,2,2,2,2,2,1,2,1,2,2,2,2,2,2,2,2,1,2,1,1,1
2008,35,1,1,350317,1,6,2,1,4,2,1,2,1,2,1,2,1,2,2,2,2,2,1,2,1,2,2,2,2,2,2,2,1,1,2,1,0,1
2008,35,31,1,350318,1,6,1,1,1,2,1,2,1,2,2,2,1,2,2,2,2,2,1,2,2,1,1,1,1,2,2,1,2,2,2,1,0,1
2008,35,31,2,350319,1,6,1,2,4,2,4,2,1,2,2,2,1,2,2,2,2,2,1,2,1,2,2,2,2,2,2,2,1,1,2,0,1,1
2008,35,31,1,350321,1,6,1,2,4,2,4,2,1,2,2,2,1,2,2,2,2,2,1,2,3,2,2,2,2,2,2,2,2,1,2,1,1,1
2008,35,45,2,350322,1,6,1,2,1,2,3,2,3,2,1,2,2,2,2,1,2,2,2,2,3,2,2,2,2,2,2,2,1,1,2,1,1,1
2008,35,45,1,350323,1,6,1,3,4,2,7,2,1,1,1,2,1,2,2,2,2,2,1,2,2,2,2,2,2,1,2,2,2,1,1,1,1,1
2008,35,31,1,350324,1,6,1,2,1,2,3,2,1,2,2,2,1,2,2,2,1,2,2,2,3,2,2,2,2,2,2,2,2,2,2,1,0,1
2008,35,31,1,350325,1,6,1,3,1,2,7,2,1,1,1,2,1,2,2,2,1,2,2,2,3,2,2,2,2,2,2,2,2,2,2,0,0,0
2008,35,31,1,350326,1,6,1,1,1,2,1,2,1,2,2,2,1,2,2,2,1,2,2,2,3,2,2,2,2,2,2,2,2,2,2,0,0,0
2008,36,73,1,360004,1,2,1,2,4,2,5,2,1,2,1,2,1,2,2,2,2,2,2,2,1,2,2,2,2,2,2,2,1,2,2,0,0,0
2008,36,101,1,360005,1,2,1,2,4,2,6,2,4,2,2,2,1,2,2,1,2,2,1,2,1,2,2,2,2,2,2,2,1,2,2,0,0,0
2008,36,89,1,360006,1,2,2,2,4,2,3,2,1,2,1,2,1,2,2,1,2,2,2,2,1,2,2,2,2,2,2,2,1,2,2,0,0,0
2008,36,59,1,360007,1,2,2,2,1,2,6,2,1,2,1,1,1,2,2,2,1,2,2,2,3,2,2,2,2,2,2,2,2,2,2,0,0,0
2008,36,89,2,360008,1,2,1,2,1,2,3,2,4,1,2,2,2,2,2,1,2,2,2,2,3,2,2,2,2,2,1,1,1,2,2,0,0,0
2008,36,25,2,360009,1,2,1,2,1,2,3,2,3,1,1,2,2,2,2,2,2,2,2,2,3,2,2,2,2,1,2,2,1,2,2,0,0,0
2008,36,119,1,360010,1,2,2,2,1,1,6,1,1,2,2,1,1,2,2,2,1,2,2,2,3,2,2,2,2,2,2,2,2,2,2,0,0,0
2008,36,27,1,360011,1,2,2,2,4,2,2,2,1,2,1,2,1,2,2,1,2,2,1,2,1,2,2,2,2,2,2,2,1,2,2,0,0,0
2008,36,29,1,360012,1,2,1,1,4,2,1,2,6,2,1,2,1,2,2,1,2,2,2,2,2,2,2,2,2,2,1,1,2,2,2,0,0,0
2008,36,83,1,360013,1,2,1,2,1,1,3,1,4,1,1,2,2,2,2,2,2,2,1,2,3,2,2,2,2,1,2,2,2,2,2,0,0,0
2008,36,91,1,360014,1,2,1,1,4,2,1,2,1,1,1,2,1,2,2,2,2,2,2,2,3,2,2,2,2,1,2,2,1,2,1,0,0,0
2008,36,17,1,360016,1,2,1,2,4,2,6,2,1,2,2,2,1,2,2,1,2,2,1,2,1,1,1,1,1,2,2,1,1,2,2,0,0,0
2008,36,103,1,360017,1,2,1,2,1,2,3,2,1,2,1,2,1,2,2,2,1,2,2,2,3,1,1,1,1,2,2,1,2,2,2,0,0,0
2008,36,119,1,360018,1,2,2,2,4,2,4,2,1,1,1,1,1,2,2,2,1,2,2,2,3,2,2,2,2,2,2,2,2,1,2,0,0,0
2008,36,119,1,360019,1,2,2,2,1,1,6,1,1,1,1,2,2,2,2,2,1,2,2,2,3,1,1,1,1,2,2,1,2,2,2,0,0,0
2008,36,29,1,360020,1,2,2,2,1,1,2,1,1,2,2,2,1,2,2,2,1,2,2,2,3,2,2,2,2,2,2,2,2,2,2,0,0,0
2008,36,59,1,360021,1,2,2,2,1,1,6,1,4,2,2,2,2,2,2,2,2,2,2,2,3,2,2,2,2,2,2,2,2,2,2,0,0,0
2008,36,39,1,360022,1,2,1,2,4,2,3,2,1,1,1,2,1,2,2,1,2,2,2,2,2,2,2,2,2,2,2,2,1,2,2,0,0,0
2008,36,37,1,360023,1,2,2,2,4,2,6,2,1,1,1,2,1,2,2,1,2,2,2,2,3,2,2,2,2,2,2,2,1,2,2,0,0,0
2008,36,71,1,360024,1,2,1,2,1,1,3,1,1,2,1,2,1,2,2,2,1,2,2,2,3,2,2,2,2,2,2,2,2,2,2,0,0,0
2008,36,37,1,360025,1,2,1,2,4,1,3,1,1,2,2,2,1,2,2,2,2,2,2,2,3,2,2,2,2,1,2,2,2,2,2,0,0,0
2008,36,119,1,360026,1,2,1,2,1,2,3,2,3,1,1,2,2,2,2,2,2,2,2,2,1,2,2,2,2,2,1,1,1,2,2,0,0,0
2008,36,11,1,360027,1,2,1,2,1,2,3,2,3,1,2,2,2,2,2,2,2,2,2,2,3,1,1,1,1,2,2,1,1,2,2,0,0,0
2008,36,71,1,360028,1,2,1,2,1,2,6,2,3,1,1,2,2,2,2,2,2,2,1,2,3,2,2,2,2,1,2,2,1,2,2,0,0,0
2008,36,1,1,360029,1,2,2,1,1,2,1,2,1,2,2,2,1,2,2,2,2,2,2,2,3,2,2,2,2,2,2,2,2,2,2,0,0,0
2008,36,59,1,360030,1,2,2,2,4,2,6,2,1,2,2,2,1,2,2,1,2,2,2,2,2,1,1,1,1,2,2,1,1,2,2,0,0,0
2008,36,55,1,360031,1,2,2,2,1,1,3,1,4,1,1,2,2,2,2,2,2,2,2,2,3,2,2,2,2,1,2,2,2,1,2,0,0,0
2008,36,45,1,360032,1,2,2,2,4,2,6,2,1,1,1,2,1,2,2,2,2,2,2,2,2,2,2,2,2,2,2,2,1,2,2,0,0,0
2008,36,21,1,360033,1,2,1,2,4,2,5,2,1,1,1,2,1,2,2,1,2,2,2,2,2,2,2,2,2,2,2,2,1,2,2,0,0,0
2008,36,9,1,360034,1,2,1,1,4,2,1,2,1,2,1,2,1,2,2,1,2,2,2,2,2,2,2,2,2,2,2,2,1,2,2,1,0,1
2008,36,29,1,360035,1,2,2,2,4,2,6,2,1,1,1,2,1,2,2,1,2,2,2,2,2,2,2,2,2,2,1,1,1,2,2,0,0,0
2008,36,83,1,360036,1,2,1,2,4,2,3,2,1,1,1,2,1,2,2,2,2,2,2,2,1,2,2,2,2,2,2,2,1,2,2,0,0,0
2008,36,85,1,360037,1,2,2,2,4,2,4,2,1,2,1,2,1,2,2,1,2,2,2,2,2,2,2,1,1,2,2,1,1,2,2,0,0,0
2008,36,89,1,360038,1,2,1,2,1,2,3,2,4,2,2,2,2,2,2,1,2,2,2,2,3,1,1,1,1,2,1,1,1,2,2,0,0,0
2008,36,87,1,360039,1,2,1,2,1,2,4,2,4,2,1,2,2,2,2,2,2,2,1,2,3,2,2,2,2,2,1,1,1,2,2,0,0,0
2008,36,91,1,360040,1,2,1,1,1,2,1,2,1,2,2,2,1,2,2,2,1,2,2,2,3,2,2,2,2,2,2,2,2,2,2,0,0,0
2008,36,51,1,360041,1,2,2,2,1,2,6,2,3,1,1,2,2,2,2,2,2,2,2,2,3,2,2,2,2,2,2,2,1,2,2,0,0,0
2008,36,33,1,360042,1,2,1,2,4,2,6,2,1,1,2,2,1,2,2,2,2,2,2,2,2,2,2,2,2,1,2,2,1,2,2,0,0,0
2008,36,13,1,360043,1,2,1,2,1,2,3,2,3,1,1,2,2,2,2,2,2,2,2,2,3,2,2,2,2,1,2,2,1,2,2,0,0,0
2008,36,65,1,360044,1,2,2,2,4,2,6,2,1,1,1,2,1,2,2,1,2,2,1,2,3,2,2,2,2,2,2,2,1,2,2,0,0,0
2008,36,75,1,360045,1,2,1,1,1,2,1,2,4,2,1,2,2,1,2,2,2,2,2,2,3,1,1,1,1,2,2,1,2,2,2,0,0,0
2008,36,63,1,360046,1,2,2,2,4,2,5,2,1,1,1,2,1,2,2,1,1,2,2,2,3,2,2,2,2,2,2,2,1,2,2,0,0,0
2008,36,5,1,360047,1,2,2,1,4,2,1,2,1,2,2,2,1,2,2,2,2,2,2,2,3,2,2,1,1,2,2,1,1,2,2,0,0,0
2008,36,15,1,360048,1,2,2,2,4,1,6,1,1,2,1,2,1,2,2,2,2,2,1,2,2,2,2,1,1,2,2,1,2,2,2,0,0,0
2008,36,1,2,360049,1,2,1,2,4,2,3,2,1,2,1,2,1,2,2,1,2,2,1,2,2,2,2,2,2,2,2,2,1,2,2,0,0,0
2008,36,119,1,360050,1,2,1,1,3,2,1,2,1,1,1,2,1,2,2,2,2,2,2,2,2,2,2,2,2,2,2,2,1,2,2,0,0,0
2008,36,3,1,360051,1,2,2,2,4,2,6,2,1,1,1,2,1,2,2,1,2,2,1,2,2,2,2,2,2,1,2,2,1,2,2,0,0,0
2008,36,39,1,360052,1,2,1,2,4,1,3,1,1,1,1,2,1,2,2,2,2,2,2,2,2,2,2,2,2,2,2,2,2,2,2,0,0,0
2008,36,105,1,360053,1,2,2,2,4,2,4,2,1,1,2,2,1,2,2,1,2,2,2,2,2,2,2,2,2,2,2,2,1,2,2,0,0,0
2008,36,55,1,360054,1,2,1,1,4,2,1,2,1,1,2,1,3,2,2,2,2,2,2,2,3,1,1,1,1,1,1,1,1,2,2,0,0,0
2008,36,71,1,360055,1,2,2,2,1,2,5,2,1,2,2,1,1,2,2,2,1,2,2,2,2,1,1,1,1,2,2,1,2,2,2,0,0,0
2008,36,55,1,360056,1,2,2,2,4,2,6,2,1,1,2,2,1,2,2,1,2,2,2,2,2,2,2,2,2,2,2,2,1,2,2,0,0,0
2008,36,9,1,360057,1,2,2,2,4,2,6,2,1,1,1,2,1,2,2,1,2,2,1,2,3,2,2,2,2,2,2,2,1,2,2,0,0,0
2008,36,61,1,360058,1,2,2,2,1,1,3,1,1,2,1,2,1,2,2,2,1,2,2,2,3,2,2,2,2,2,2,2,2,1,2,0,0,0
2008,36,67,1,360059,1,2,1,2,4,2,3,2,1,2,2,2,1,2,2,1,2,2,2,2,1,2,2,2,2,2,1,1,1,2,2,0,0,0
2008,36,29,1,360060,1,2,2,2,4,1,6,1,1,2,1,2,1,2,2,2,1,2,2,2,3,2,2,2,2,2,1,1,2,2,2,0,0,0
2008,36,59,1,360061,1,2,2,2,1,2,6,2,1,2,1,2,1,2,2,2,1,2,2,2,3,2,2,2,2,2,2,2,2,2,2,0,0,0
2008,36,27,3,360062,1,2,2,2,1,1,5,1,4,1,1,2,2,1,2,1,2,2,2,2,2,2,2,2,2,2,2,2,2,2,2,0,0,0
2008,36,67,1,360063,1,2,1,2,1,2,3,2,3,1,1,2,2,2,2,2,2,2,2,2,3,2,2,1,1,2,2,1,1,2,2,0,0,0
2008,36,55,1,360064,1,2,2,2,4,2,6,2,1,2,2,2,1,2,2,1,2,2,1,2,2,2,2,2,2,2,2,2,1,2,2,0,0,0
2008,36,103,1,360065,1,2,2,2,4,2,6,2,1,2,1,2,1,2,2,1,2,2,2,2,2,2,2,1,1,2,2,1,1,2,2,0,0,0
2008,36,67,1,360066,1,2,2,2,1,1,6,1,1,1,1,2,1,2,2,2,1,2,2,2,3,2,2,2,2,2,1,1,2,2,2,0,0,0
2008,36,105,1,360067,1,2,2,2,4,2,6,2,1,2,2,2,1,2,2,1,2,2,2,2,1,2,2,2,2,2,2,2,1,2,2,0,0,0
2008,36,15,1,360068,1,2,2,2,4,2,6,2,1,2,1,2,1,2,2,2,2,2,1,2,2,2,2,2,2,2,1,1,1,2,2,0,0,0
2008,36,103,1,360069,1,2,2,2,4,2,3,2,1,2,2,2,1,2,2,2,2,2,2,2,3,2,2,2,2,2,1,1,1,2,2,0,0,0
2008,36,73,1,360070,1,2,2,2,4,1,6,1,1,1,2,2,1,2,2,1,2,2,2,2,2,2,2,2,2,2,2,2,2,2,2,0,0,0
2008,36,27,1,360071,1,2,2,2,1,1,5,1,1,2,2,2,1,2,2,2,1,2,2,2,3,2,2,2,2,2,2,2,2,2,2,0,0,0
2008,36,101,1,360072,1,2,1,1,2,2,1,2,1,1,1,2,1,1,2,2,1,2,2,2,3,2,2,2,2,2,2,2,2,2,2,0,0,0
2008,36,35,2,360073,1,2,1,2,1,2,3,2,4,1,1,2,2,2,2,1,2,2,2,2,3,2,2,2,2,1,2,2,1,2,2,0,0,0
2008,36,37,2,360074,1,2,1,2,1,1,3,1,4,1,1,2,2,1,2,2,2,2,2,2,3,2,2,2,2,2,2,2,2,2,2,0,0,0
2008,36,103,1,360075,1,2,2,2,1,1,6,1,4,1,1,2,2,2,2,2,2,2,2,2,3,2,2,2,2,1,2,2,2,2,2,0,0,0
2008,36,71,1,360076,1,2,2,2,1,1,3,1,4,2,1,2,2,2,2,1,2,2,2,2,1,2,2,2,2,2,2,2,2,2,2,0,0,0
2008,36,103,1,360077,1,2,1,2,1,1,3,1,4,2,2,2,2,2,2,1,2,2,2,2,3,2,2,2,2,2,1,1,2,2,2,0,0,0
2008,36,103,1,360078,1,2,1,2,1,1,3,1,2,1,1,2,2,2,2,2,2,2,1,2,3,2,2,2,2,2,2,2,2,2,2,0,0,0
2008,36,103,1,360079,1,2,1,2,1,2,6,2,3,2,2,2,2,2,2,1,2,2,2,2,1,2,2,2,2,2,2,2,1,2,2,0,0,0
2008,36,103,1,360080,1,2,1,2,1,1,3,1,2,1,1,2,2,2,2,2,2,2,2,2,3,2,2,2,2,1,2,2,2,2,1,0,0,0
2008,36,77,1,360081,1,2,1,2,4,2,6,2,1,1,1,2,1,2,2,2,2,2,2,2,3,2,2,2,2,1,2,2,1,2,2,0,0,0
2008,36,83,1,360082,1,2,1,2,4,2,4,2,1,1,1,2,1,2,2,2,2,2,2,2,1,2,2,2,2,2,2,2,1,2,2,0,0,0
2008,36,27,1,360083,1,2,1,2,4,2,3,2,1,2,1,2,1,2,2,2,2,2,2,2,3,2,2,2,2,2,2,2,1,2,2,0,0,0
2008,36,29,1,360084,1,2,2,2,1,1,6,1,1,2,2,2,1,2,2,2,1,2,2,2,3,2,2,2,2,1,2,2,2,2,2,0,0,0
2008,36,59,1,360085,1,2,2,2,2,2,6,2,2,2,2,2,1,2,2,2,2,2,2,2,2,2,2,2,2,1,2,2,2,2,2,0,0,0
2008,36,59,1,360086,1,2,2,2,1,1,4,1,4,2,1,2,2,2,2,2,2,2,2,2,3,2,2,2,2,2,2,2,2,2,2,0,0,0
2008,36,51,1,360087,1,2,1,2,1,1,3,1,2,2,2,2,2,1,2,2,2,2,2,2,1,2,2,2,2,2,2,2,2,2,2,0,0,0
2008,36,77,1,360088,1,2,1,2,1,1,3,1,2,1,2,2,2,2,2,2,2,2,2,2,3,2,2,2,2,2,2,2,2,2,1,0,0,0
2008,36,21,1,360089,1,2,1,2,1,2,3,2,3,1,1,2,2,2,2,1,2,2,2,2,3,2,2,2,2,1,2,2,1,2,2,0,0,0
2008,36,21,1,360090,1,2,1,2,1,1,3,1,4,1,1,2,2,1,2,1,2,2,2,2,3,2,2,2,2,2,2,2,2,2,2,0,0,0
2008,36,1,1,360091,1,2,2,2,1,1,6,1,4,1,1,2,3,1,2,2,2,2,2,2,3,2,2,2,2,2,2,2,2,2,2,0,0,0
2008,36,21,1,360092,1,2,1,2,1,2,4,2,2,1,1,2,3,1,2,2,2,2,2,2,1,2,2,2,2,2,2,2,2,1,2,0,0,0
2008,36,113,1,360093,1,2,1,1,1,2,1,2,3,2,1,2,2,1,2,2,2,2,2,2,3,2,2,2,2,2,2,2,2,2,2,0,0,0
2008,36,73,1,360094,1,2,1,2,1,2,5,2,3,1,2,2,2,2,2,1,2,2,2,2,3,2,2,2,2,2,2,2,1,2,2,0,0,0
2008,36,113,1,360095,1,2,2,2,4,2,6,2,1,1,1,2,1,2,2,1,2,2,2,2,2,2,2,2,2,2,2,2,1,2,2,0,0,0
2008,36,59,1,360096,1,2,1,2,1,2,3,2,1,2,1,2,1,2,2,2,1,2,2,2,3,2,2,2,2,2,2,2,2,2,2,0,0,0
2008,36,75,1,360097,1,2,2,2,1,1,6,1,4,1,1,2,2,2,2,2,2,2,2,2,3,2,2,2,2,2,1,1,2,2,2,0,0,0
2008,36,81,1,360098,1,2,2,1,1,2,1,3,2,1,1,2,2,2,2,2,1,2,2,2,3,2,2,2,2,2,2,2,2,2,2,0,0,0
2008,36,119,1,360099,1,2,2,2,1,2,6,2,3,2,2,2,2,2,2,2,2,2,2,2,1,2,2,2,2,2,2,2,1,2,2,0,0,0
2008,36,65,1,360100,1,2,2,2,1,2,6,2,1,2,1,2,1,2,2,2,1,2,2,2,3,2,2,2,2,2,2,2,2,2,2,0,0,0
2008,36,119,1,360102,1,2,1,2,1,1,3,1,3,1,1,2,2,1,2,2,2,2,2,2,3,2,2,2,2,2,2,2,2,2,2,0,0,0
2008,36,47,2,360103,1,2,2,2,1,1,3,1,4,2,1,2,2,2,2,1,2,2,2,2,1,2,2,2,2,2,2,2,2,2,2,0,0,0
2008,36,9,1,360104,1,2,2,2,4,2,6,3,1,1,1,2,1,2,2,1,1,2,2,2,3,2,2,2,2,2,2,2,1,2,2,0,0,0
2008,36,59,1,360105,1,2,2,2,1,1,6,1,4,1,1,2,2,1,1,1,2,2,2,2,3,2,2,1,1,2,2,1,2,2,2,0,0,0
2008,36,31,1,360107,1,2,2,2,4,2,6,2,1,2,1,2,1,2,2,1,2,2,1,2,1,2,2,2,2,2,2,2,1,2,2,0,0,0
2008,36,81,1,360108,1,2,2,2,1,2,6,2,1,1,2,2,1,2,2,2,2,2,1,2,3,2,2,2,2,2,2,2,2,2,2,0,0,0
2008,36,71,1,360109,1,2,2,2,4,2,6,2,1,2,2,2,1,2,2,1,2,2,2,2,1,2,2,1,1,2,2,1,1,2,2,0,0,0
2008,36,73,1,360110,1,2,2,2,1,1,6,1,6,1,1,2,2,2,1,2,2,2,2,2,3,2,2,2,2,2,1,1,2,2,2,0,0,0
2008,36,109,1,360111,1,2,1,2,1,2,3,2,3,2,1,2,2,1,2,2,2,2,2,2,1,2,2,2,2,2,2,2,1,2,2,0,0,0
2008,36,33,1,360112,1,2,2,2,1,2,6,2,4,1,1,2,2,1,2,2,2,2,2,2,3,2,2,2,2,2,1,1,2,2,2,0,0,0
2008,36,111,1,360113,1,2,1,2,1,2,3,2,1,2,2,2,1,2,2,2,1,2,2,2,3,2,2,2,2,2,2,2,2,2,2,0,0,0
2008,36,71,1,360114,1,2,1,2,1,2,3,2,3,1,1,2,2,2,2,2,2,2,2,2,3,1,1,1,1,2,2,1,1,2,2,0,0,0
2008,36,103,1,360115,1,2,2,2,1,2,6,2,1,2,2,1,1,2,2,2,1,2,2,2,3,2,2,2,2,2,2,2,2,2,2,0,0,0
2008,36,47,1,360116,1,2,2,2,1,1,6,1,1,1,1,2,1,1,2,2,1,2,2,2,3,2,2,2,2,2,2,2,2,2,2,0,0,0
2008,36,5,1,360117,1,2,2,2,4,2,3,2,1,2,2,2,2,2,2,1,2,2,1,2,1,2,2,2,2,2,2,2,1,2,2,0,0,0
2008,36,83,1,360118,1,2,1,2,1,1,3,1,2,1,1,2,2,2,2,2,2,2,2,2,3,2,2,2,2,2,2,2,2,2,2,0,0,0
2008,36,63,1,360119,1,2,1,2,1,2,4,2,4,1,1,2,2,2,2,1,2,2,2,2,3,1,1,1,1,2,2,1,1,2,2,0,0,0
2008,36,27,1,360120,1,2,1,2,1,1,3,1,4,2,2,2,2,2,2,1,2,2,2,2,3,1,1,1,1,1,2,1,2,2,2,0,0,0
2008,36,121,1,360121,1,2,1,2,1,2,3,2,3,2,1,2,2,1,2,2,2,2,2,2,3,2,2,2,2,2,2,2,1,1,2,0,0,0
2008,36,59,1,360122,1,2,2,2,2,2,2,2,1,2,1,2,1,2,2,1,2,2,1,2,3,2,2,2,2,2,2,2,1,2,2,0,0,0
2008,36,29,1,360123,1,2,2,2,4,2,4,2,1,2,1,2,1,2,2,2,2,2,1,2,1,2,2,2,2,2,2,2,1,2,2,0,0,0
2008,36,89,1,360124,1,2,1,2,1,2,5,3,4,1,2,1,2,2,2,2,2,2,2,2,3,2,2,2,2,2,2,2,2,2,2,0,0,0
2008,36,91,1,360125,1,2,2,2,1,2,3,2,3,1,1,2,2,2,2,2,2,2,1,2,3,2,2,2,2,2,2,2,1,2,2,0,0,0
2008,36,105,1,360126,1,2,2,2,1,2,6,2,1,1,2,2,1,1,2,2,1,2,2,2,3,2,2,2,2,2,2,2,2,2,2,0,0,0
2008,36,89,1,360127,1,2,1,2,1,2,3,3,4,1,2,2,2,2,2,2,2,2,2,2,3,2,2,2,2,1,2,2,2,2,2,0,0,0
2008,36,63,1,360128,1,2,2,2,1,1,3,1,3,1,1,2,2,2,2,2,2,2,2,2,3,2,2,2,2,1,2,2,2,1,2,0,0,0
2008,36,81,2,360129,1,2,2,2,1,1,3,1,4,2,2,2,2,2,2,1,2,2,2,2,1,2,2,2,2,2,1,1,2,2,2,0,0,0
2008,36,81,1,360130,1,2,2,2,1,1,2,1,4,2,2,2,3,2,2,2,2,2,2,2,3,2,2,1,1,2,2,1,2,2,2,0,0,0
2008,36,59,1,360131,1,2,2,2,4,2,6,2,1,2,1,2,1,2,2,2,2,2,2,2,1,2,2,2,2,2,2,2,1,2,2,0,0,0
2008,36,21,1,360132,1,2,1,2,4,2,3,2,1,1,1,2,1,2,1,1,2,2,2,2,1,2,2,2,2,2,2,2,1,2,2,0,0,0
2008,36,5,1,360133,1,2,2,2,1,1,3,1,1,1,1,2,1,2,2,2,1,2,2,2,3,2,2,2,2,2,2,2,2,2,2,0,0,0
2008,36,119,1,360134,1,2,1,2,1,2,3,2,1,3,2,1,1,2,2,2,1,2,2,2,3,2,2,2,2,2,2,2,2,2,2,0,0,0
2008,36,59,1,360135,1,2,1,2,1,1,3,1,1,1,1,2,1,2,2,2,1,2,2,2,3,2,2,2,2,2,2,2,2,2,2,0,0,0
2008,36,59,1,360136,1,2,2,2,1,1,6,1,4,1,1,2,2,2,2,2,2,2,2,2,3,1,1,1,1,1,2,1,2,2,2,0,0,0
2008,36,5,1,360137,1,2,2,2,1,1,6,1,1,1,1,2,1,2,2,2,1,2,2,2,3,2,2,2,2,2,2,2,2,2,2,0,0,0
2008,36,29,1,360138,1,2,2,2,1,2,6,2,4,2,2,2,2,2,2,2,2,2,2,2,3,2,2,2,2,2,2,2,2,2,2,0,0,0
2008,36,55,2,360139,1,2,2,2,1,2,6,2,4,2,2,2,2,2,2,1,2,2,2,2,3,1,1,1,1,2,2,1,2,2,2,0,0,0
2008,36,13,1,360141,1,2,2,2,1,1,6,1,4,1,1,2,2,2,2,2,2,2,2,2,3,2,2,2,2,1,2,2,2,2,2,0,0,0
2008,36,69,1,360142,1,2,1,2,4,2,6,2,1,1,1,2,1,2,2,2,2,2,1,2,2,2,2,2,2,2,2,2,1,2,2,0,0,0
2008,36,103,1,360143,1,2,1,2,4,2,3,2,1,2,2,2,1,2,2,2,2,2,1,2,3,2,2,2,2,2,1,1,1,2,2,0,0,0
2008,36,65,1,360144,1,2,1,2,4,2,6,2,1,2,2,2,1,2,2,1,2,2,2,2,3,2,2,2,2,2,2,2,1,2,2,0,0,0
2008,36,7,1,360146,1,2,1,2,1,2,3,2,4,1,1,2,3,2,2,2,2,2,2,2,3,2,2,2,2,2,2,2,1,2,2,0,0,0
2008,36,59,1,360147,1,2,1,2,4,2,3,2,1,2,2,2,1,2,2,2,2,2,2,2,1,2,2,1,1,2,2,1,1,2,2,0,0,0
2008,36,39,1,360148,1,2,1,2,4,2,3,2,1,1,1,2,1,2,2,2,2,2,2,2,2,2,2,2,2,2,2,2,1,2,2,0,0,0
2008,36,119,1,360149,1,2,2,2,1,2,3,2,3,1,1,2,2,2,2,2,2,2,2,2,3,2,2,2,2,1,2,2,1,2,2,0,0,0
2008,36,79,1,360150,1,2,2,2,4,2,6,2,1,1,2,2,1,2,2,2,2,2,2,2,1,2,2,2,2,2,2,2,1,2,2,0,0,0
2008,36,103,1,360151,1,2,1,2,2,2,3,2,1,2,1,2,1,2,1,2,2,2,2,2,2,2,2,2,2,2,1,1,1,2,2,0,0,0
2008,36,59,1,360152,1,2,2,2,4,2,6,2,1,1,1,2,1,2,2,2,2,2,2,2,2,2,2,2,2,2,2,2,1,2,2,0,0,0
2008,36,103,1,360153,1,2,2,2,4,2,3,2,1,1,1,2,1,2,2,2,2,2,1,2,2,2,2,2,2,2,2,2,1,2,2,0,0,0
2008,36,59,1,360154,1,2,2,2,4,2,6,2,1,1,1,2,1,2,2,2,2,2,2,2,2,2,2,2,2,2,2,2,1,2,2,0,0,0
2008,36,59,1,360155,1,2,2,2,1,2,6,2,1,1,1,2,1,2,2,2,1,2,2,2,3,2,2,2,2,2,2,2,2,2,2,0,0,0
2008,36,59,1,360156,1,2,1,2,1,1,3,1,1,1,1,2,1,2,2,2,1,2,2,2,3,2,2,2,2,1,2,2,2,2,2,0,0,0
2008,36,59,1,360157,1,2,2,2,1,1,4,1,1,1,2,2,1,2,2,2,1,2,2,2,3,2,2,2,2,2,2,2,2,2,2,0,0,0
2008,36,47,1,360158,1,2,2,2,1,2,6,2,1,2,1,2,1,2,2,2,1,2,2,2,3,2,2,2,2,2,2,2,2,2,2,0,0,0
2008,36,59,1,360159,1,2,2,2,1,1,4,1,4,1,1,2,3,2,2,2,2,2,2,2,3,1,1,1,1,1,2,1,2,2,2,0,0,0
2008,36,1,1,360160,1,2,2,2,4,2,6,2,1,2,2,2,1,2,2,1,2,2,1,2,1,2,2,2,2,2,1,1,1,2,2,0,0,0
2008,36,89,1,360161,1,2,1,2,1,2,3,2,3,1,1,2,2,1,2,2,2,2,1,2,3,2,2,2,2,2,2,2,1,2,2,0,0,0
2008,36,57,1,360162,1,2,1,2,1,2,4,3,4,2,1,2,2,2,1,1,2,2,2,2,3,2,2,2,2,2,2,2,2,2,2,0,0,0
2008,36,117,1,360163,1,2,1,2,4,2,6,2,1,2,2,2,1,2,2,1,2,2,1,2,2,2,2,2,2,2,2,2,1,2,2,0,0,0
2008,36,119,1,360164,1,2,2,2,4,2,2,2,1,1,2,2,1,2,2,1,2,2,1,2,2,2,2,2,2,2,2,2,1,2,2,0,0,0
2008,36,89,1,360165,1,2,1,2,3,2,3,2,1,2,1,2,1,2,2,2,2,2,1,2,2,2,2,2,2,2,2,2,1,2,2,0,0,0
2008,36,29,1,360166,1,2,2,1,4,2,1,2,5,2,1,2,1,2,2,1,1,2,1,2,3,2,2,2,2,2,2,2,1,2,2,0,0,0
2008,36,5,1,360167,1,2,2,1,2,2,1,2,1,1,2,2,1,2,2,1,2,2,1,2,1,2,2,2,2,2,2,2,1,2,2,0,0,0
2008,36,81,1,360168,1,2,1,2,1,1,3,1,1,1,1,1,1,2,2,2,1,2,2,2,3,2,2,2,2,2,1,1,2,2,2,0,0,0
2008,36,45,1,360169,1,2,1,2,1,2,3,2,4,1,2,2,2,2,2,2,2,2,2,2,3,2,2,2,2,1,2,2,1,2,2,0,0,0
2008,36,5,1,360170,1,2,1,2,4,2,3,3,1,2,2,2,1,2,2,1,2,2,1,2,1,2,2,1,1,2,2,1,1,2,2,0,0,0
2008,36,59,1,360171,1,2,1,2,4,1,3,1,1,2,1,2,1,2,2,1,2,2,2,2,1,2,2,2,2,2,2,2,2,2,2,0,0,0
2008,36,45,1,360172,1,2,2,2,4,2,6,2,1,2,2,2,1,2,2,1,2,2,1,2,1,2,2,2,2,2,2,2,1,2,2,0,0,0
2008,36,67,1,360173,1,2,2,2,4,1,6,1,1,1,2,2,1,2,2,2,2,2,1,2,2,2,2,2,2,2,2,2,2,2,2,0,0,0
2008,36,5,1,360174,1,2,2,2,4,1,2,1,1,2,2,2,1,2,2,1,2,2,2,2,2,2,2,2,2,2,2,2,2,2,2,0,0,0
2008,36,29,1,360175,1,2,1,2,4,2,3,2,1,2,2,2,1,2,1,2,2,2,2,2,1,2,2,2,2,2,1,1,1,2,2,0,0,0
2008,36,29,1,360176,1,2,2,2,1,1,6,1,2,1,2,2,2,2,2,2,2,2,2,2,3,2,2,2,2,2,1,1,2,2,2,0,0,0
2008,36,47,1,360177,1,2,1,2,1,1,3,1,2,2,1,2,2,2,2,1,2,2,1,2,3,2,2,2,2,2,2,2,2,2,2,0,0,0
2008,36,61,2,360178,1,2,2,2,4,2,5,2,1,2,1,2,1,1,2,2,1,2,2,2,3,2,2,2,2,2,2,2,2,2,2,0,0,0
2008,36,73,1,360179,1,2,2,2,4,1,6,1,1,2,2,2,1,2,2,1,2,2,2,2,1,1,1,1,1,2,2,1,2,2,2,0,0,0
2008,36,3,1,360180,1,2,2,2,4,2,6,2,1,2,1,2,1,2,2,1,2,2,1,2,3,1,1,1,1,2,2,1,1,2,2,0,0,0
2008,36,17,1,360181,1,2,1,2,4,2,3,2,1,1,1,2,1,2,2,2,2,2,2,2,2,2,2,2,2,2,2,2,1,2,2,0,0,0
2008,36,29,1,360182,1,2,2,2,4,2,6,2,1,1,1,2,1,2,2,2,1,2,2,2,3,2,2,2,2,2,2,2,2,2,2,0,0,0
2008,36,29,1,360183,1,2,2,2,4,2,6,2,1,1,1,2,1,2,2,2,2,2,1,2,2,2,2,2,2,2,2,2,1,2,2,0,0,0
2008,36,69,1,360184,1,2,2,2,4,2,6,2,1,1,2,2,1,2,2,1,2,2,2,2,1,2,2,2,2,2,2,2,1,2,2,0,0,0
2008,36,69,1,360185,1,2,2,2,4,2,5,3,2,1,2,2,2,2,2,1,2,2,2,2,3,2,2,2,2,2,1,1,1,2,2,0,0,0
2008,36,103,1,360186,1,2,1,2,1,2,5,2,4,2,1,2,2,2,2,2,2,2,1,2,3,2,2,2,2,2,2,2,1,2,2,0,0,0
2008,36,61,1,360187,1,2,2,2,1,2,3,2,1,2,2,2,1,2,2,1,1,2,2,2,3,2,2,2,2,2,2,2,2,2,2,0,0,0
2008,36,11,1,360188,1,2,2,2,4,2,6,2,1,2,1,2,1,2,2,1,2,2,2,2,1,2,2,2,2,2,1,1,1,2,2,0,0,0
2008,36,103,2,360189,1,2,2,2,4,2,6,2,1,2,2,2,1,2,2,2,2,2,2,2,1,2,2,2,2,2,1,1,1,2,2,0,0,0
2008,36,103,1,360190,1,2,1,1,1,2,1,3,1,2,2,2,1,2,2,2,1,2,2,2,3,2,2,2,2,2,2,2,2,2,2,0,0,0
2008,36,103,1,360191,1,2,2,2,4,2,6,2,1,1,1,2,1,2,1,2,2,2,2,2,2,2,2,2,2,2,1,1,1,2,2,0,0,0
2008,36,47,1,360192,1,2,2,2,1,1,3,1,1,2,1,2,1,2,2,2,1,2,2,2,3,2,2,2,2,2,1,1,2,2,2,0,0,0
2008,36,13,1,360193,1,2,1,2,1,2,3,2,3,1,2,2,2,1,2,2,2,2,2,2,3,2,2,2,2,1,2,2,1,2,2,0,0,0
2008,36,103,1,360194,1,2,2,2,1,1,6,1,4,1,1,2,2,2,2,2,2,2,2,2,3,2,2,2,2,1,2,2,2,2,2,0,0,0
2008,36,103,1,360195,1,2,2,2,1,1,3,1,4,2,1,2,2,2,2,2,2,2,2,2,3,2,2,2,2,2,1,1,2,2,2,0,0,0
2008,36,103,1,360196,1,2,2,2,1,1,4,1,1,2,2,2,1,2,2,2,1,2,2,2,3,2,2,2,2,1,2,2,2,2,2,0,0,0
2008,36,59,1,360197,1,2,2,2,4,2,2,2,1,2,1,2,1,2,2,2,2,2,2,2,2,2,2,2,2,2,2,2,1,2,2,0,0,0
2008,36,67,1,360198,1,2,1,1,4,2,1,2,1,2,1,2,1,1,2,2,2,2,1,2,2,2,2,2,2,2,2,2,1,2,2,0,0,0
2008,36,87,1,360199,1,2,2,2,1,1,5,1,4,1,2,2,2,2,1,1,2,2,2,2,1,2,2,1,1,1,2,1,2,2,2,0,0,0
2008,36,111,1,360200,1,2,2,2,1,1,6,1,4,1,2,2,2,1,2,2,2,2,2,2,3,2,2,2,2,1,2,2,2,2,2,0,0,0
2008,36,103,1,360201,1,2,2,2,4,1,6,1,1,2,2,2,1,2,2,1,2,2,2,2,1,2,2,2,2,2,1,1,2,2,2,0,0,0
2008,36,103,1,360202,1,2,2,2,4,2,6,2,1,2,2,2,1,2,2,1,2,2,2,2,1,2,2,2,2,2,2,2,1,2,2,0,0,0
2008,36,85,1,360203,1,2,2,2,4,2,3,2,1,2,2,2,1,2,2,1,2,2,2,2,1,2,2,2,2,2,2,2,1,2,2,0,0,0
2008,36,61,1,360204,1,2,2,2,1,1,3,1,1,1,1,2,1,2,2,2,1,2,2,2,3,2,2,2,2,2,2,2,2,2,2,0,0,0
2008,36,119,1,360205,1,2,1,2,1,2,3,2,1,2,1,2,1,2,1,2,2,2,2,2,1,2,2,2,2,2,2,2,2,2,2,0,0,0
2008,36,81,1,360206,1,2,2,2,1,2,3,2,1,1,1,2,1,1,2,2,2,1,2,2,3,2,2,2,2,2,2,2,2,2,2,0,0,0
2008,36,71,1,360207,1,2,2,2,4,2,6,2,1,2,2,2,1,2,2,2,2,2,1,2,1,2,2,2,2,2,2,2,1,2,2,0,0,0
2008,36,59,2,360208,1,2,2,2,4,2,6,2,1,1,1,2,1,2,2,1,2,2,2,2,3,1,1,1,1,2,2,1,1,2,2,0,0,0
2008,36,61,1,360209,1,2,1,2,1,1,6,1,4,1,2,2,2,2,1,2,2,2,2,2,3,2,2,2,2,2,2,2,2,1,2,0,0,0
2008,36,47,1,360210,1,2,2,2,1,2,3,2,1,2,1,2,1,2,2,2,1,2,2,2,3,2,2,2,2,2,2,2,2,2,2,0,0,0
2008,36,61,1,360211,1,2,2,2,1,2,3,2,2,2,2,2,2,2,1,2,2,2,2,2,3,2,2,2,2,2,2,2,2,2,2,0,0,0
2008,36,71,1,360212,1,2,1,2,1,2,3,2,4,1,1,2,2,2,2,2,2,2,2,2,3,2,2,2,2,1,2,2,2,2,2,0,0,0
2008,36,59,1,360213,1,2,2,2,1,1,4,1,4,2,1,2,2,2,1,1,2,2,2,2,3,1,1,1,1,2,2,1,2,2,2,0,0,0
2008,36,59,1,360214,1,2,2,2,1,2,6,2,3,1,1,2,2,2,2,2,2,2,2,2,3,2,2,2,2,2,2,2,2,2,2,0,0,0
2008,36,117,1,360215,1,2,1,2,4,2,3,2,1,2,1,2,1,2,2,2,2,2,1,2,3,2,2,2,2,2,2,2,1,2,2,0,0,0
2008,36,51,1,360216,1,2,2,2,4,2,6,2,1,2,1,2,1,2,2,1,2,2,1,2,1,2,2,2,2,1,2,2,1,2,2,0,0,0
2008,36,91,1,360217,1,2,1,2,4,2,6,2,1,2,2,2,1,2,2,1,2,2,1,2,1,2,2,2,2,2,2,2,1,2,2,0,0,0
2008,36,111,1,360218,1,2,1,1,4,2,1,2,1,2,2,2,1,2,2,2,2,2,1,2,3,2,2,2,2,2,2,2,1,2,1,0,0,0
2008,36,87,1,360219,1,2,2,2,1,2,4,2,2,1,1,2,3,1,2,1,2,2,2,2,3,2,2,2,2,1,2,2,2,2,2,0,0,0
2008,36,81,1,360220,1,2,2,2,1,2,4,2,1,2,2,2,1,2,2,2,1,2,2,2,3,2,2,2,2,2,2,2,2,2,2,0,0,0
2008,36,11,1,360221,1,2,1,2,4,2,3,2,1,2,1,2,1,2,2,1,2,2,1,2,1,2,2,2,2,2,2,2,1,2,2,0,0,0
2008,36,81,1,360222,1,2,2,2,3,1,2,1,1,2,2,2,1,2,2,1,2,2,2,2,1,2,2,2,2,2,2,2,2,2,2,0,0,0
2008,36,67,1,360223,1,2,2,2,4,2,6,2,1,2,1,2,1,2,1,2,2,2,2,2,1,2,2,2,2,2,2,2,1,2,2,0,0,0
2008,36,81,1,360224,1,2,2,2,1,1,6,1,1,1,1,2,1,2,2,2,1,2,2,2,3,2,2,2,2,2,2,2,2,2,2,0,0,0
2008,36,47,1,360225,1,2,2,2,1,1,3,1,4,1,2,2,2,2,1,2,2,2,2,2,3,2,2,2,2,1,1,1,2,2,2,0,0,0
2008,36,81,1,360226,1,2,2,2,1,2,3,2,1,2,2,1,1,2,2,2,1,2,2,2,3,2,2,2,2,2,2,2,2,2,2,0,0,0
2008,36,57,1,360227,1,2,2,2,1,1,6,1,4,1,1,2,2,2,1,1,2,2,2,2,3,1,1,1,1,2,2,1,2,2,2,0,0,0
2008,36,43,1,360228,1,2,2,2,4,2,6,2,1,2,1,2,1,2,2,1,2,2,2,2,1,2,2,2,2,2,2,2,1,2,2,0,0,0
2008,36,43,1,360229,1,2,1,2,1,1,5,1,4,1,1,2,2,1,2,2,2,2,1,2,1,2,2,2,2,1,2,2,2,2,2,0,0,0
2008,36,79,1,360230,1,2,1,2,4,2,3,2,1,1,2,2,1,2,2,1,2,2,1,2,2,2,2,2,2,2,2,2,1,2,2,0,0,0
2008,36,111,1,360231,1,2,1,2,1,2,3,2,3,1,1,2,2,1,2,1,2,2,2,2,3,1,1,1,1,2,2,1,1,2,2,0,0,0
2008,36,103,1,360232,1,2,2,2,1,2,2,2,3,2,2,2,2,2,2,2,2,2,2,2,1,2,2,2,2,2,1,1,1,2,2,0,0,0
2008,36,79,1,360233,1,2,1,2,3,2,3,2,1,2,1,2,3,2,1,1,2,2,2,2,3,2,2,2,2,2,1,1,1,1,2,0,0,0
2008,36,103,1,360234,1,2,2,2,4,1,6,1,1,2,2,2,1,2,2,1,2,2,2,1,1,2,2,2,2,2,2,2,2,2,2,0,0,0
2008,36,5,1,360235,1,2,1,1,4,2,1,2,1,2,1,2,1,2,1,1,2,2,2,2,2,2,2,2,2,2,2,2,1,2,2,0,0,0
2008,36,13,1,360236,1,2,2,2,4,2,6,2,1,2,2,2,1,2,2,1,2,2,1,2,1,2,2,2,2,2,2,2,1,2,2,0,0,0
2008,36,47,1,360237,1,2,2,2,1,2,3,2,1,2,2,2,1,2,2,2,1,2,2,2,3,2,2,2,2,2,1,1,2,2,2,0,0,0
2008,36,47,1,360238,1,2,2,2,4,2,3,2,1,1,1,2,1,2,2,2,2,2,2,2,2,2,2,2,2,2,2,2,1,2,2,0,0,0
2008,36,55,1,360239,1,2,1,1,1,2,1,2,1,2,2,1,2,1,2,2,1,2,2,2,3,2,2,2,2,2,2,2,2,2,2,0,0,0
2008,36,47,1,360240,1,2,2,2,1,1,3,1,4,2,2,1,2,2,2,2,2,2,2,2,1,2,2,2,2,2,2,2,2,2,2,0,0,0
2008,36,81,1,360241,1,2,2,2,1,1,4,1,1,2,1,2,1,2,2,2,2,1,2,2,3,2,2,2,2,2,1,1,2,2,2,0,0,0
2008,36,5,1,360242,1,2,2,2,1,2,3,2,1,2,1,2,1,2,2,2,1,2,2,2,3,2,2,2,2,1,2,2,2,2,2,0,0,0
2008,36,63,1,360243,1,2,2,2,1,1,6,1,4,1,1,2,2,1,1,2,2,2,2,2,2,2,2,2,2,2,1,1,2,2,2,0,0,0
2008,36,37,1,360244,1,2,1,2,4,2,3,2,1,2,2,2,1,2,2,2,2,2,2,2,1,2,2,2,2,2,1,1,1,2,2,0,0,0
2008,36,59,1,360245,1,2,2,2,1,1,6,1,1,2,1,2,1,2,2,2,1,2,2,2,3,2,2,2,2,2,2,2,2,2,2,0,0,0
2008,36,119,1,360246,1,2,1,1,4,2,1,2,1,2,1,2,1,2,2,2,2,2,2,2,3,2,2,2,2,1,2,2,1,2,2,0,0,0
2008,36,113,1,360247,1,2,1,2,4,2,6,2,1,2,2,2,1,2,2,1,2,2,2,2,3,2,2,2,2,2,2,2,1,2,2,0,0,0
2008,36,3,1,360248,1,2,1,2,4,2,3,2,1,2,1,2,1,2,1,2,2,2,2,2,3,2,2,2,2,1,2,2,1,2,2,0,0,0
2008,36,75,1,360249,1,2,2,2,1,1,5,1,4,1,1,2,2,2,1,1,2,2,2,2,3,2,2,1,1,2,1,1,2,2,2,0,0,0
2008,36,71,1,360250,1,2,1,1,4,2,1,2,1,2,1,2,1,2,2,1,2,2,2,2,3,2,2,1,1,2,2,1,1,2,2,0,0,0
2008,36,109,1,360251,1,2,1,2,4,2,3,2,1,2,2,2,1,2,2,2,2,2,2,2,1,2,2,1,1,2,2,1,1,2,1,0,0,0
2008,36,59,1,360252,1,2,1,2,1,2,3,2,1,2,1,2,1,2,2,2,1,2,2,2,3,2,2,2,2,1,2,2,2,2,2,0,0,0
2008,36,69,1,360253,1,2,2,2,4,2,6,2,1,2,2,2,1,2,2,1,2,2,2,2,1,2,2,2,2,2,1,1,1,2,2,0,0,0
2008,36,69,1,360254,1,2,1,2,4,2,6,3,1,2,2,1,1,2,2,2,1,2,2,2,3,2,2,2,2,2,2,2,2,1,2,0,0,0
2008,36,51,1,360255,1,2,1,2,1,2,3,2,3,1,1,2,2,1,2,2,2,2,2,2,3,2,2,2,2,2,2,2,2,2,2,0,0,0
2008,36,55,1,360256,1,2,2,2,4,2,4,2,1,1,1,2,1,2,2,2,2,2,2,2,1,2,2,2,2,2,2,2,1,2,2,0,0,0
2008,36,103,1,360257,1,2,1,2,4,2,3,2,1,1,1,2,1,2,2,1,2,2,1,2,1,2,2,2,2,2,2,2,1,2,2,0,0,0
2008,36,103,1,360258,1,2,2,2,4,2,6,2,1,2,2,2,1,2,2,2,2,2,1,2,1,2,2,2,2,2,2,2,1,2,2,0,0,0
2008,36,103,1,360259,1,2,2,2,1,1,6,1,4,1,1,2,2,2,2,2,1,2,2,2,3,1,1,1,1,2,2,1,2,2,2,0,0,0
2008,36,47,2,360260,1,2,2,2,4,2,6,2,6,2,2,2,1,2,2,1,2,2,2,2,1,2,2,2,2,2,2,2,2,2,2,0,0,0
2008,36,103,1,360261,1,2,2,2,4,1,6,1,1,2,1,2,1,2,2,1,2,2,1,2,3,2,2,2,2,2,1,1,2,2,2,0,0,0
2008,36,103,1,360262,1,2,2,2,1,1,5,1,4,1,1,2,2,1,2,1,2,2,2,2,3,2,2,2,2,1,2,2,2,2,2,0,0,0
2008,36,103,1,360264,1,2,1,2,1,2,3,2,1,2,1,2,1,2,2,2,2,1,2,2,3,2,2,2,2,2,2,2,2,2,2,0,0,0
2008,36,103,1,360265,1,2,2,2,1,2,3,2,1,2,2,2,1,2,2,2,2,1,2,2,3,2,2,2,2,2,2,2,2,2,2,0,0,0
2008,36,47,1,360266,1,2,2,2,1,2,3,2,1,1,1,2,1,2,2,2,1,2,2,2,3,1,1,1,1,2,2,1,2,2,2,0,0,0
2008,36,103,1,360267,1,2,2,2,1,2,4,2,4,2,2,2,2,2,2,1,2,2,2,2,3,2,2,2,2,2,2,2,1,2,2,0,0,0
2008,36,59,1,360268,1,2,2,2,1,1,6,1,4,2,2,2,2,2,1,2,2,2,2,2,3,2,2,2,2,2,2,2,2,2,2,0,0,0
2008,36,47,1,360269,1,2,2,2,1,1,3,1,4,2,2,2,2,2,2,2,2,2,2,2,3,2,2,1,1,2,2,1,2,2,2,0,0,0
2008,36,67,1,360270,1,2,2,2,1,1,6,1,4,1,2,2,2,2,2,1,2,2,2,2,3,2,2,2,2,2,2,2,2,2,2,0,0,0
2008,36,103,1,360271,1,2,2,2,1,2,6,2,3,1,1,2,2,2,1,2,2,2,2,2,3,2,2,2,2,2,2,2,1,2,2,0,0,0
2008,36,29,1,360272,1,2,1,1,1,2,1,2,1,1,2,2,1,2,1,2,2,2,2,2,2,2,2,2,2,2,2,2,2,2,2,0,0,0
2008,36,55,1,360273,1,2,1,1,1,2,1,2,3,2,1,2,2,1,2,2,2,2,2,2,3,2,2,2,2,1,2,2,2,2,2,0,0,0
2008,36,17,2,360274,1,2,1,2,1,2,3,2,3,1,2,2,2,2,2,2,2,2,2,2,3,1,1,1,1,2,2,1,1,2,2,0,0,0
2008,36,105,1,360275,1,2,2,2,1,2,6,2,3,1,1,2,2,2,2,2,2,2,2,2,3,2,2,2,2,1,2,2,1,2,2,0,0,0
2008,36,53,1,360276,1,2,1,2,4,2,3,2,1,1,2,2,1,2,1,1,2,2,2,2,2,2,2,2,2,2,1,1,1,2,2,0,0,0
2008,36,47,2,360277,1,2,2,2,4,1,3,1,1,2,2,2,1,2,2,2,2,2,2,2,3,1,1,1,1,2,2,1,2,2,2,0,0,0
2008,36,59,1,360278,1,2,2,2,1,1,6,1,4,2,1,2,2,2,1,2,2,2,2,2,1,2,2,2,2,2,2,2,2,2,2,0,0,0
2008,36,85,1,360279,1,2,2,2,1,2,4,2,1,2,1,2,1,2,2,2,1,2,2,2,3,2,2,2,2,2,2,2,2,2,2,0,0,0
2008,36,61,1,360280,1,2,2,2,1,1,3,1,1,2,1,2,1,1,2,2,1,2,2,2,3,2,2,2,2,2,2,2,2,2,2,0,0,0
2008,36,27,1,360281,1,2,2,2,1,2,6,2,3,2,2,2,2,2,1,2,2,2,2,2,2,2,2,2,2,1,2,2,1,2,2,0,0,0
2008,36,53,1,360282,1,2,1,2,1,2,3,2,3,1,1,2,2,2,2,2,2,2,2,2,3,2,2,2,2,2,1,1,1,2,2,0,0,0
2008,36,67,1,360283,1,2,2,2,4,1,3,1,1,2,2,2,1,2,2,2,2,2,2,2,1,2,2,2,2,1,2,2,2,2,2,0,0,0
2008,36,53,1,360284,1,2,2,2,1,1,3,1,2,1,1,2,2,2,2,2,2,2,2,2,3,1,1,1,1,2,1,1,2,1,2,0,0,0
2008,36,59,1,360285,1,2,2,2,4,2,6,2,1,1,1,2,1,2,2,1,2,2,2,2,2,2,2,2,2,2,2,2,1,2,2,0,0,0
2008,36,5,2,360286,1,2,1,2,4,1,3,1,1,1,1,2,1,2,2,2,2,2,2,2,2,2,2,2,2,2,2,2,2,2,2,0,0,0
2008,36,5,1,360287,1,2,2,2,1,2,3,2,1,1,2,2,1,2,2,2,1,2,2,2,3,2,2,2,2,2,2,2,2,2,2,0,0,0
2008,36,29,2,360288,1,2,2,2,4,2,6,2,1,2,1,2,1,2,2,1,2,2,2,2,2,2,2,2,2,2,1,1,1,2,2,0,0,0
2008,36,115,1,360289,1,2,1,2,4,2,6,2,1,2,2,2,1,2,2,1,2,2,2,2,1,1,1,1,1,2,2,1,1,2,2,0,0,0
2008,36,45,1,360290,1,2,1,2,1,2,3,2,4,1,2,2,3,2,2,2,2,2,2,2,3,2,2,2,2,2,2,2,1,2,2,0,0,0
2008,36,117,1,360291,1,2,2,2,1,2,6,2,1,2,2,2,1,2,2,1,2,2,1,2,1,2,2,2,2,2,2,2,2,2,2,0,0,0
2008,36,27,1,360292,1,2,2,2,1,1,6,1,2,1,1,2,3,2,2,2,2,2,2,2,3,2,2,2,2,1,2,2,2,2,2,0,0,0
2008,36,117,1,360293,1,2,2,2,1,2,6,2,1,2,2,1,1,2,2,2,2,1,2,2,3,2,2,2,2,2,2,2,2,2,2,0,0,0
2008,36,91,1,360294,1,2,1,2,1,2,3,2,1,2,1,2,1,2,2,2,1,2,2,2,3,2,2,2,2,2,2,2,2,2,2,0,0,0
2008,36,67,1,360295,1,2,2,2,1,2,4,2,1,2,2,2,1,2,2,2,1,2,2,2,3,2,2,2,2,2,2,2,2,1,2,0,0,0
2008,36,67,1,360296,1,2,1,1,4,2,1,3,1,2,2,2,1,2,2,1,2,2,1,2,3,2,2,2,2,2,1,1,1,2,2,0,0,0
2008,36,43,1,360297,1,2,1,2,4,2,3,2,1,2,1,2,1,2,1,1,2,2,2,2,1,2,2,2,2,2,2,2,1,2,2,0,0,0
2008,36,79,1,360298,1,2,1,1,4,2,1,2,1,1,2,2,1,2,1,1,2,2,2,2,2,2,2,2,2,2,1,1,1,2,2,0,0,0
2008,36,119,1,360299,1,2,2,2,4,1,6,1,1,1,1,2,1,2,2,1,2,2,1,2,2,2,2,2,2,2,2,2,2,2,2,0,0,0
2008,36,71,1,360300,1,2,1,2,1,2,4,2,5,1,1,2,3,2,2,2,2,2,2,2,3,2,2,2,2,1,2,2,1,2,1,0,0,0
2008,36,111,1,360301,1,2,1,2,1,2,3,2,1,2,2,2,1,2,2,1,1,2,2,2,3,2,2,2,2,2,2,2,2,2,2,0,0,0
2008,36,43,1,360302,1,2,2,2,4,2,6,2,1,2,1,2,1,2,2,1,2,2,1,2,3,2,2,2,2,2,1,1,1,2,2,0,0,0
2008,36,23,1,360303,1,2,1,2,1,1,3,1,4,1,1,2,2,2,1,2,2,2,2,2,3,2,2,2,2,1,2,2,2,2,2,0,0,0
2008,36,43,1,360304,1,2,1,2,1,1,6,1,4,2,1,2,2,2,2,2,2,2,2,2,3,1,1,1,1,2,2,1,2,2,2,0,0,0
2008,36,61,1,360305,1,2,2,2,1,2,3,2,1,2,1,2,1,2,2,2,1,2,2,2,3,2,2,2,2,2,2,2,2,2,2,0,0,0
2008,36,11,1,360306,1,2,1,2,4,2,6,2,1,2,2,2,2,2,2,1,2,2,2,2,3,2,2,2,2,2,1,1,1,2,2,0,0,0
2008,36,29,1,360307,1,2,1,2,1,1,3,1,1,2,1,1,1,2,2,2,2,2,2,2,3,1,1,1,1,2,2,1,2,2,2,1,0,1
2008,36,45,2,360308,1,2,2,2,4,2,6,2,1,2,2,2,1,2,2,1,2,2,2,2,1,1,1,1,1,2,2,1,1,2,2,0,0,0
2008,36,87,1,360309,1,2,1,2,1,2,4,2,3,1,1,2,2,2,2,2,2,2,2,2,3,2,2,2,2,2,1,1,1,2,2,0,0,0
2008,36,103,1,360310,1,2,1,2,4,1,3,1,1,2,1,2,1,2,2,2,2,2,2,2,1,2,2,2,2,2,1,1,2,2,2,0,0,0
2008,36,103,1,360311,1,2,2,2,4,2,6,2,1,2,2,2,1,2,1,1,2,2,2,2,2,1,1,1,1,2,2,1,1,2,2,0,0,0
2008,36,103,1,360312,1,2,2,1,1,2,1,2,1,2,2,2,1,2,2,2,1,2,2,2,3,2,2,2,2,2,2,2,2,2,2,0,0,0
2008,36,103,1,360313,1,2,2,2,4,2,6,2,1,1,2,2,1,2,2,2,2,2,2,2,2,2,2,2,2,2,2,2,1,2,2,0,0,0
2008,36,103,1,360314,1,2,2,2,4,1,6,1,1,2,2,2,1,2,1,1,2,2,2,2,1,2,2,2,2,2,2,2,2,2,2,0,0,0
2008,36,61,1,360315,1,2,2,2,1,1,3,1,1,1,1,2,1,2,2,2,1,2,2,2,3,2,2,2,2,2,2,2,2,2,2,0,0,0
2008,36,103,1,360316,1,2,1,1,1,2,1,2,4,1,1,2,3,2,1,1,2,2,2,2,3,2,2,2,2,2,2,2,2,2,2,0,0,0
2008,36,103,1,360317,1,2,2,2,1,2,6,2,3,1,2,2,2,2,2,2,2,2,2,2,3,2,2,2,2,2,2,2,1,2,2,0,0,0
2008,36,123,1,360319,1,2,1,2,1,2,3,2,3,1,1,2,2,1,2,2,2,2,1,2,3,2,2,1,1,2,2,1,1,2,1,0,0,0
2008,36,1,1,360320,1,2,2,2,4,2,3,2,1,1,1,2,1,2,1,1,2,2,2,2,2,2,2,2,2,2,2,2,1,2,2,0,0,0
2008,36,81,1,360321,1,2,1,1,4,2,1,2,1,2,2,2,1,2,2,1,2,2,1,2,1,2,2,2,2,2,2,2,1,2,2,0,0,0
2008,36,13,1,360322,1,2,2,2,4,2,6,2,1,2,1,2,1,2,2,1,2,2,2,2,3,2,2,2,2,2,2,2,1,2,2,0,0,0
2008,36,13,2,360323,1,2,1,2,4,2,3,2,1,2,2,2,1,2,2,1,2,2,1,2,3,2,2,2,2,2,2,2,1,2,2,0,0,0
2008,36,5,1,360324,1,2,2,3,1,1,7,1,4,1,2,2,2,2,2,2,2,2,2,2,1,2,2,2,2,2,2,2,2,2,2,0,0,0
2008,36,81,1,360325,1,2,2,2,4,2,6,2,1,1,1,2,1,1,2,1,2,2,1,2,2,2,2,2,2,2,2,2,1,2,2,0,0,0
2008,36,81,1,360326,1,2,2,2,1,1,6,1,1,1,1,2,1,2,2,2,1,2,2,2,3,2,2,2,2,2,2,2,2,2,2,0,0,0
2008,36,53,1,360327,1,2,2,2,4,2,6,2,1,2,2,2,1,2,2,1,2,2,2,2,3,1,1,1,1,2,2,1,1,2,2,0,0,0
2008,36,5,1,360329,1,2,2,2,1,1,3,1,4,1,1,2,2,2,2,2,2,2,2,2,3,2,2,2,2,1,2,2,2,2,2,0,0,0
2008,36,61,1,360330,1,2,2,2,1,1,4,1,1,1,1,2,1,2,2,2,1,2,2,2,3,2,2,2,2,1,2,2,2,2,2,0,0,0
2008,36,59,1,360331,1,2,1,2,1,2,3,2,1,2,2,2,1,2,2,2,1,2,2,2,3,2,2,2,2,2,1,1,2,2,2,0,0,0
2008,36,47,1,360332,1,2,2,2,1,1,6,1,4,1,1,2,2,2,1,2,2,2,2,2,3,2,2,2,2,1,1,1,2,2,2,0,0,0
2008,36,11,2,360333,1,2,1,2,1,2,3,2,3,1,1,2,2,2,2,2,2,2,2,2,2,2,2,2,2,1,2,2,1,2,2,0,0,0
2008,36,37,1,360334,1,2,1,2,4,2,6,2,1,1,1,2,1,2,2,1,2,2,2,2,1,2,2,2,2,2,2,2,1,2,2,0,0,0
2008,36,63,1,360335,1,2,2,2,4,2,6,2,1,1,1,2,1,2,2,2,2,2,2,2,2,2,2,2,2,1,2,2,1,2,2,0,0,0
2008,36,67,1,360336,1,2,2,2,1,2,6,2,1,2,2,1,1,2,2,2,1,2,2,2,3,2,2,2,2,2,1,1,2,2,2,0,0,0
2008,36,67,1,360337,1,2,2,2,1,2,6,2,4,2,1,2,2,2,1,2,2,2,2,2,3,1,1,1,1,2,1,1,2,2,2,0,0,0
2008,36,57,1,360338,1,2,1,2,1,2,3,3,4,1,1,2,2,2,2,2,2,2,2,2,3,2,2,2,2,2,1,1,2,2,2,0,0,0
2008,36,49,1,360339,1,2,1,2,1,2,6,2,3,1,1,2,2,2,2,1,2,2,2,2,3,1,1,1,1,2,2,1,1,1,2,0,0,0
2008,36,33,1,360340,1,2,2,2,4,2,6,2,1,2,1,2,1,2,1,1,2,2,2,2,1,2,2,2,2,2,2,2,1,2,2,0,0,0
2008,36,93,1,360341,1,2,1,1,1,2,1,2,1,2,1,2,1,2,2,2,1,2,2,2,3,2,2,2,2,2,2,2,2,2,2,0,0,0
2008,36,111,1,360342,1,2,1,2,1,1,3,1,4,1,1,2,2,1,1,2,2,2,2,2,3,2,2,2,2,2,1,1,2,2,2,0,0,0
2008,36,27,1,360343,1,2,1,2,4,1,3,1,1,1,1,2,1,2,2,1,2,2,2,2,3,1,1,1,1,2,2,1,2,2,2,0,0,0
2008,36,29,1,360344,1,2,2,2,1,1,6,1,1,1,1,2,1,2,2,2,1,2,2,2,3,2,2,2,2,2,2,2,2,2,2,0,0,0
2008,36,81,1,360345,1,2,2,2,1,1,3,1,4,1,1,2,2,2,1,2,2,2,2,2,3,2,2,2,2,2,1,1,2,2,2,0,0,0
2008,36,25,1,360346,1,2,1,2,4,2,6,2,1,1,2,2,1,2,2,2,2,2,2,2,2,2,2,2,2,1,2,2,1,2,2,0,0,0
2008,36,103,1,360347,1,2,2,2,1,1,3,1,4,2,1,2,2,2,2,2,2,2,1,2,3,2,2,1,1,2,2,1,2,2,2,0,0,0
2008,36,47,1,360348,1,2,2,2,4,2,4,3,1,1,1,2,1,1,2,2,1,2,2,2,3,2,2,2,2,2,2,2,2,2,2,0,0,0
2008,36,5,1,360349,1,2,2,2,1,2,2,2,2,2,2,2,2,2,2,1,2,2,2,2,3,2,2,2,2,2,1,1,2,2,2,0,0,0
2008,36,119,1,360350,1,2,2,2,1,1,4,1,1,2,2,1,1,2,2,2,1,2,2,2,3,2,2,2,2,2,2,2,2,2,2,0,0,0
2008,36,65,1,360351,1,2,2,2,4,2,6,2,1,2,2,2,1,2,2,1,2,2,1,2,3,2,2,1,1,2,2,1,1,2,2,0,0,0
2008,36,121,1,360352,1,2,1,2,4,2,3,2,1,1,1,2,1,2,1,2,2,2,2,2,3,2,2,2,2,2,2,2,1,2,2,0,0,0
2008,36,109,1,360353,1,2,1,2,1,1,3,1,1,1,1,2,1,2,2,2,1,2,2,2,3,2,2,2,2,2,1,1,2,2,2,0,0,0
2008,36,29,1,360354,1,2,2,2,4,1,6,1,1,2,2,2,1,2,2,1,2,2,2,2,1,2,2,2,2,2,2,2,2,2,2,0,0,0
2008,36,59,1,360355,1,2,2,2,4,1,6,1,1,1,1,2,1,2,1,1,2,2,2,2,2,2,2,2,2,2,2,2,2,2,2,0,0,0
2008,36,81,1,360356,1,2,2,2,1,1,6,1,4,2,1,2,2,2,2,2,2,2,2,2,3,2,2,2,2,1,2,2,2,2,2,0,0,0
2008,36,93,1,360357,1,2,2,2,4,2,6,2,1,2,2,2,1,2,1,2,2,2,2,2,2,2,2,1,1,2,2,1,1,2,2,0,0,0
2008,36,67,1,360358,1,2,2,1,1,2,1,2,2,2,1,2,3,1,2,2,2,2,2,2,1,2,2,2,2,1,1,1,2,2,2,0,0,0
2008,36,67,1,360359,1,2,2,2,1,2,6,2,1,1,2,2,1,2,2,2,2,1,2,2,3,2,2,1,1,2,2,1,2,2,2,0,0,0
2008,36,81,1,360360,1,2,1,2,2,2,3,2,2,1,2,2,1,2,2,2,2,2,2,2,1,2,2,2,2,2,2,2,2,2,2,0,0,0
2008,36,11,1,360361,1,2,1,2,1,2,5,2,4,1,2,2,2,2,1,2,2,2,2,2,3,2,2,2,2,1,2,2,2,2,2,0,0,0
2008,36,91,2,360362,1,2,1,2,1,2,4,2,4,2,1,2,2,2,2,1,2,2,2,2,1,1,1,1,1,2,2,1,1,2,2,0,0,0
2008,36,115,2,360363,1,2,1,2,4,2,3,2,1,2,2,2,1,2,2,1,2,2,1,2,1,1,1,1,1,2,2,1,1,2,2,0,0,0
2008,36,1,1,360364,1,2,2,2,1,1,3,1,4,1,1,2,2,2,2,1,2,2,2,2,3,2,2,2,2,2,2,2,2,2,2,0,0,0
2008,36,49,1,360365,1,2,1,2,4,2,3,2,1,2,2,2,1,2,2,2,2,2,1,2,3,2,2,2,2,2,2,2,1,2,2,0,0,0
2008,36,43,1,360366,1,2,1,2,4,2,3,2,1,2,2,2,1,2,2,1,2,2,1,2,3,2,2,2,2,2,2,2,1,2,2,0,0,0
2008,36,53,1,360367,1,2,1,2,1,2,5,2,1,2,1,2,1,2,1,2,2,2,2,2,2,2,2,2,2,2,2,2,2,2,2,0,0,0
2008,36,25,2,360368,1,2,1,2,4,2,3,2,1,2,1,2,1,2,2,2,2,2,1,2,2,2,2,2,2,1,2,2,1,2,2,0,0,0
2008,36,75,1,360369,1,2,1,2,1,1,3,1,4,1,1,2,2,2,2,2,2,2,2,2,3,2,2,2,2,1,2,2,2,2,2,0,0,0
2008,36,67,1,360370,1,2,2,2,4,2,6,2,1,1,2,2,1,2,2,2,2,2,2,2,2,2,2,2,2,1,2,2,1,2,2,0,0,0
2008,36,59,1,360371,1,2,1,1,1,2,1,2,1,1,1,2,1,1,2,2,1,2,2,2,3,2,2,2,2,2,2,2,2,2,2,0,0,0
2008,36,59,1,360372,1,2,1,1,1,2,1,2,1,2,2,2,2,1,1,2,2,2,2,2,3,2,2,2,2,2,2,2,2,2,2,0,0,0
2008,36,71,2,360373,1,2,2,1,1,2,1,3,4,2,1,2,2,1,2,1,2,2,2,2,3,2,2,2,2,2,2,2,2,2,2,0,0,0
2008,36,47,1,360374,1,2,2,2,1,2,3,2,1,2,1,2,1,2,2,2,1,2,2,2,3,2,2,2,2,1,2,2,2,2,2,0,0,0
2008,36,47,1,360375,1,2,1,2,1,1,3,1,1,1,1,2,1,2,2,2,1,2,2,2,3,2,2,2,2,2,2,2,2,2,2,0,0,0
2008,36,103,1,360376,1,2,2,2,1,2,6,2,1,1,1,2,1,2,2,2,1,2,2,2,3,2,2,2,2,2,2,2,2,2,2,0,0,0
2008,36,61,1,360377,1,2,2,2,1,1,3,1,1,1,1,2,1,1,2,2,1,2,2,2,3,2,2,2,2,2,2,2,2,2,2,0,0,0
2008,36,29,1,360378,1,2,2,2,4,2,6,2,1,2,2,2,1,2,2,1,2,2,2,2,3,2,2,2,2,2,1,1,1,2,2,0,0,0
2008,36,103,1,360379,1,2,1,2,1,1,3,1,1,2,2,2,1,2,2,2,2,1,2,2,3,2,2,2,2,2,2,2,2,2,2,0,0,0
2008,36,103,1,360380,1,2,2,2,2,2,6,2,1,1,1,2,1,2,2,2,1,2,2,2,3,2,2,2,2,2,2,2,2,2,2,0,0,0
2008,36,85,1,360381,1,2,1,2,4,2,3,2,1,2,1,2,1,2,1,1,2,2,2,2,2,2,2,2,2,2,2,2,1,2,2,0,0,0
2008,36,119,1,360382,1,2,2,2,4,2,6,2,1,1,1,2,1,2,2,2,2,2,2,2,3,2,2,2,2,1,2,2,1,2,2,0,0,0
2008,36,67,1,360383,1,2,1,1,4,2,1,2,1,2,2,2,1,2,1,1,2,2,2,2,1,2,2,2,2,2,2,2,1,2,2,1,0,1
2008,36,63,1,360384,1,2,1,2,1,2,3,2,4,1,1,2,3,2,1,2,2,2,2,2,3,2,2,2,2,2,1,1,1,1,2,0,0,0
2008,36,103,1,360385,1,2,1,2,4,2,3,2,1,2,2,2,1,2,2,2,2,2,2,2,3,2,2,2,2,2,2,2,1,2,2,0,0,0
2008,36,59,1,360386,1,2,2,2,1,2,6,2,4,1,2,2,3,2,2,2,2,2,2,2,3,2,2,2,2,2,1,1,1,2,1,0,0,0
2008,36,103,1,360387,1,2,2,2,1,1,6,1,1,2,2,1,1,2,2,2,1,2,2,2,3,2,2,2,2,2,2,2,2,2,2,0,0,0
2008,36,103,1,360388,1,2,2,2,1,2,3,2,3,2,1,2,2,2,2,2,2,2,2,2,3,1,1,1,1,2,2,1,1,2,2,0,0,0
2008,36,9,1,360389,1,2,1,2,1,2,3,2,3,2,2,2,2,2,2,2,2,2,2,2,3,2,2,2,2,1,2,2,1,2,2,1,0,1
2008,36,103,1,360390,1,2,2,2,1,1,4,1,4,1,1,2,3,2,2,2,2,2,2,2,3,1,1,1,1,2,2,1,2,2,2,0,0,0
2008,36,47,1,360391,1,2,2,2,1,1,5,1,1,1,1,2,1,2,2,2,2,1,2,2,3,2,2,2,2,1,2,2,2,2,2,0,0,0
2008,36,5,1,360392,1,2,2,2,1,1,6,1,4,1,1,2,2,2,2,1,2,2,2,2,3,2,2,2,2,1,2,2,2,2,2,0,0,0
2008,36,69,1,360393,1,2,1,2,4,2,3,2,1,2,2,2,1,2,1,1,2,2,2,2,1,2,2,2,2,2,2,2,1,2,2,0,0,0
2008,36,103,1,360394,1,2,2,2,4,2,3,2,1,1,1,2,1,2,2,2,2,2,2,2,2,2,2,2,2,1,2,2,1,2,2,0,0,0
2008,36,51,1,360395,1,2,2,2,4,2,6,2,1,1,2,2,1,2,2,1,2,2,2,2,3,2,2,2,2,2,2,2,1,2,2,0,0,0
2008,36,65,1,360396,1,2,2,2,4,2,6,2,1,1,2,2,1,2,2,2,2,2,2,2,3,2,2,2,2,2,2,2,1,2,2,0,0,0
2008,36,75,1,360397,1,2,2,2,1,1,6,1,1,1,1,2,1,2,2,1,2,2,1,2,1,2,2,2,2,1,2,2,2,2,2,0,0,0
2008,36,67,1,360398,1,2,1,2,1,2,3,2,4,1,1,2,2,2,1,2,2,2,2,2,3,2,2,2,2,2,2,2,2,2,2,0,0,0
2008,36,65,1,360399,1,2,2,2,1,2,6,2,3,2,1,2,2,2,2,2,2,2,2,2,3,2,2,2,2,1,2,2,1,2,2,0,0,0
2008,36,55,2,360400,1,2,1,2,1,1,3,1,4,1,1,2,2,1,2,2,2,2,1,2,3,2,2,2,2,1,2,2,2,2,2,0,0,0
2008,36,17,1,360401,1,2,2,2,1,2,6,2,1,2,2,2,1,2,1,1,2,2,2,2,2,2,2,2,2,2,2,2,2,2,2,0,0,0
2008,36,65,1,360402,1,2,2,2,1,1,6,1,3,1,2,2,2,2,2,2,2,2,2,2,3,1,1,1,1,1,2,1,2,2,2,0,0,0
2008,36,15,1,360403,1,2,1,2,1,1,3,1,4,1,2,2,2,2,2,2,2,2,2,2,3,2,2,2,2,1,1,1,2,2,2,0,0,0
2008,36,29,1,360404,1,2,2,2,4,2,6,2,1,2,2,2,1,2,2,1,2,2,1,2,1,2,2,2,2,2,2,2,1,2,2,0,0,0
2008,36,45,1,360405,1,2,2,2,4,2,6,2,1,2,2,2,1,2,2,1,2,2,1,2,1,2,2,2,2,2,2,2,1,2,2,0,0,0
2008,36,71,3,360406,1,2,1,1,4,2,1,2,1,2,2,2,1,2,2,2,2,2,2,2,2,2,2,2,2,2,2,2,1,2,2,0,0,0
2008,36,1,2,360407,1,2,2,2,1,1,6,1,4,1,1,2,2,2,2,2,2,2,2,2,3,2,2,2,2,1,2,2,2,2,2,0,0,0
2008,36,57,1,360408,1,2,2,2,1,2,6,2,3,1,1,2,2,2,2,2,2,2,2,2,3,2,2,1,1,2,2,1,1,2,2,0,0,0
2008,36,81,1,360409,1,2,1,1,4,2,1,2,1,1,1,2,1,2,2,2,2,2,2,2,2,2,2,2,2,2,2,2,1,2,2,0,0,0
2008,36,103,1,360410,1,2,1,2,4,1,3,1,1,2,2,2,1,2,2,2,2,2,2,2,2,2,2,2,2,1,2,2,2,2,2,0,0,0
2008,36,61,1,360411,1,2,2,2,1,2,5,2,1,2,1,2,1,2,2,2,2,1,2,2,3,2,2,2,2,2,2,2,2,2,2,0,0,0
2008,36,113,1,360412,1,2,2,2,4,2,6,2,1,1,1,2,1,2,1,2,2,2,2,2,1,2,2,2,2,1,2,2,1,2,2,0,0,0
2008,36,59,1,360413,1,2,2,2,1,1,6,1,1,1,1,2,1,2,2,2,2,2,2,2,3,2,2,2,2,1,2,2,2,2,2,0,0,0
2008,36,47,1,360414,1,2,2,2,1,1,3,1,1,2,2,2,1,2,2,2,1,2,2,2,3,2,2,2,2,2,2,2,2,2,2,0,0,0
2008,36,67,1,360415,1,2,1,2,1,2,3,2,4,1,1,2,2,2,1,2,2,2,2,2,3,2,2,2,2,2,2,2,2,2,2,0,0,0
2008,36,7,1,360416,1,2,1,1,1,2,1,2,1,2,2,2,2,2,2,2,1,2,2,2,3,2,2,2,2,2,2,2,2,2,2,0,0,0
2008,36,19,1,360417,1,2,2,2,4,2,6,2,1,2,1,2,1,2,2,1,2,2,2,2,1,2,2,2,2,2,2,2,1,2,2,0,0,0
2008,36,21,1,360418,1,2,1,2,4,2,3,2,1,1,1,2,1,2,2,2,2,2,2,2,2,2,2,2,2,1,2,2,1,2,2,0,0,0
2008,36,67,1,360419,1,2,2,2,1,1,6,1,1,1,2,2,1,2,1,2,2,1,2,2,3,2,2,2,2,2,2,2,2,2,2,0,0,0
2008,36,71,1,360420,1,2,2,2,1,1,6,1,4,1,1,2,2,2,2,2,2,2,2,2,3,2,2,2,2,2,2,2,2,2,2,0,0,0
2008,36,109,1,360421,1,2,1,2,1,2,3,2,3,2,1,2,2,2,2,2,2,2,2,2,1,2,2,2,2,2,1,1,1,2,2,0,0,0
2008,36,27,1,360422,1,2,1,2,1,1,3,1,4,1,2,2,2,2,2,1,2,2,2,2,3,1,1,1,1,1,2,1,2,2,2,0,0,0
2008,36,83,1,360423,1,2,2,2,1,2,6,2,1,1,1,2,1,2,2,2,2,2,1,2,3,2,2,2,2,1,2,2,2,2,2,0,0,0
2008,36,91,1,360424,1,2,1,1,4,2,1,2,1,2,2,2,1,2,2,2,2,2,2,2,3,2,2,2,2,2,2,2,1,2,2,0,0,0
2008,36,119,1,360425,1,2,2,2,4,1,6,1,1,2,1,2,1,2,2,2,2,2,1,2,2,2,2,2,2,1,2,2,2,2,2,0,0,0
2008,36,115,1,360426,1,2,1,2,4,2,3,2,1,1,2,2,1,2,1,1,2,2,2,2,3,2,2,2,2,2,1,1,1,2,2,0,0,0
2008,36,59,1,360427,1,2,1,2,4,2,3,3,1,2,2,2,1,2,2,1,2,2,2,2,1,2,2,2,2,2,2,2,1,2,2,0,0,0
2008,36,77,1,360428,1,2,1,2,1,1,3,1,4,1,1,2,2,2,1,2,2,2,2,2,3,1,1,1,1,2,1,1,2,2,2,0,0,0
2008,36,29,1,360430,1,2,1,2,4,2,3,2,1,2,1,2,1,2,1,2,2,2,2,2,1,2,2,2,2,2,2,2,1,2,2,0,0,0
2008,36,119,1,360431,1,2,1,2,1,1,3,1,1,1,1,2,1,2,2,2,1,2,2,2,3,2,2,2,2,2,2,2,2,2,2,0,0,0
2008,36,111,1,360432,1,2,1,2,4,2,3,2,1,2,1,2,1,2,2,1,2,2,1,2,1,2,2,2,2,2,2,2,1,2,2,0,0,0
2008,36,27,1,360433,1,2,1,2,1,1,3,1,1,2,1,2,1,2,2,2,2,1,2,2,3,2,2,2,2,2,2,2,2,2,2,0,0,0
2008,36,49,1,360434,1,2,2,2,1,2,6,2,4,1,1,2,2,2,1,2,2,2,2,2,3,2,2,2,2,2,2,2,2,2,2,0,0,0
2008,36,39,1,360435,1,2,2,2,4,2,5,2,1,2,2,2,1,2,2,1,2,2,2,2,1,2,2,2,2,2,1,1,1,2,2,0,0,0
2008,36,51,1,360436,1,2,1,2,4,2,4,2,1,1,2,2,1,2,2,2,2,2,2,2,2,2,2,2,2,2,2,2,1,2,2,0,0,0
2008,36,79,1,360437,1,2,1,2,1,2,3,2,3,2,2,2,2,2,2,1,2,2,2,2,1,2,2,2,2,1,1,1,1,2,2,0,0,0
2008,36,71,1,360438,1,2,1,1,1,2,1,2,2,2,2,2,2,1,2,1,2,2,1,2,3,2,2,2,2,1,2,2,2,2,2,0,0,0
2008,36,23,1,360439,1,2,1,2,1,1,5,1,4,1,2,2,2,2,1,2,2,2,2,2,3,1,1,1,1,2,2,1,2,2,2,0,0,0
2008,36,59,1,360440,1,2,2,2,1,2,3,2,2,2,1,2,2,2,2,1,2,2,2,2,3,2,2,1,1,2,1,1,2,2,2,0,0,0
2008,36,119,1,360441,1,2,2,2,4,1,6,1,1,2,2,2,1,2,1,1,2,2,2,2,2,2,2,2,2,2,2,2,2,2,2,0,0,0
2008,36,91,1,360442,1,2,2,2,4,2,6,2,1,1,2,2,1,2,2,1,2,2,1,2,3,2,2,2,2,2,2,2,1,2,2,0,0,0
2008,36,71,1,360443,1,2,1,2,4,2,3,2,1,1,1,2,1,2,1,2,2,2,2,2,2,2,2,2,2,2,2,2,1,2,2,0,0,0
2008,36,85,1,360445,1,2,2,2,4,2,3,2,1,2,2,2,1,2,2,1,2,2,2,2,3,1,1,1,1,2,2,1,1,2,2,0,0,0
2008,36,47,1,360446,1,2,2,2,1,2,2,2,1,2,1,2,1,2,2,2,1,2,2,2,3,2,2,2,2,2,1,1,2,2,2,0,0,0
2008,36,47,1,360447,1,2,2,2,1,1,4,1,1,1,2,2,1,2,2,1,1,2,2,2,3,2,2,2,2,2,2,2,2,2,2,0,0,0
2008,36,61,1,360449,1,2,2,2,1,1,3,1,1,2,2,2,1,2,2,2,1,2,2,2,3,2,2,2,2,2,2,2,2,2,2,0,0,0
2008,36,103,1,360450,1,2,2,2,1,2,6,2,4,1,1,2,2,1,2,2,2,2,2,2,3,2,2,2,2,2,2,2,1,2,2,0,0,0
2008,36,61,1,360451,1,2,2,2,1,2,2,2,1,2,1,2,1,2,2,2,1,2,2,2,3,2,2,2,2,2,2,2,2,2,2,0,0,0
2008,36,47,1,360452,1,2,2,2,1,2,2,2,4,2,1,2,2,2,2,2,2,2,2,2,3,2,2,2,2,2,1,1,1,2,2,0,0,0
2008,36,61,1,360453,1,2,2,2,1,2,3,2,1,2,2,1,1,2,2,2,1,2,2,2,3,2,2,2,2,2,2,2,2,2,2,0,0,0
2008,36,103,1,360454,1,2,1,2,4,2,3,2,1,2,1,2,1,2,2,1,2,2,2,2,3,1,1,1,1,2,2,1,1,2,2,0,0,0
2008,36,103,1,360455,1,2,2,2,1,1,6,1,1,1,1,2,1,2,2,2,1,2,2,2,3,1,1,1,1,2,2,1,2,2,2,0,0,0
2008,36,103,1,360456,1,2,1,2,1,1,3,1,1,2,2,2,1,2,2,2,1,2,2,2,3,2,2,1,1,2,2,1,2,2,2,0,0,0
2008,36,103,1,360457,1,2,2,2,1,1,3,1,4,1,1,2,2,1,1,1,2,2,2,2,3,2,2,2,2,2,1,1,2,2,2,0,0,0
2008,36,55,1,360458,1,2,2,2,4,2,6,2,1,2,2,2,1,2,2,1,2,2,2,2,2,2,2,2,2,2,1,1,1,2,2,0,0,0
2008,36,103,1,360459,1,2,1,2,1,1,3,1,4,2,2,2,2,2,2,1,2,2,1,2,3,2,2,2,2,2,2,2,2,2,2,0,0,0
2008,36,103,2,360461,1,2,2,2,1,2,5,2,4,1,2,2,2,1,2,1,2,2,2,2,3,2,2,1,1,2,2,1,1,2,2,0,0,0
2008,36,71,1,360462,1,2,1,1,1,2,1,3,3,2,2,2,2,2,2,2,2,2,2,2,1,2,2,2,2,2,1,1,2,2,2,0,0,0
2008,36,81,1,360463,1,2,2,2,1,1,6,1,4,2,1,1,2,2,2,1,2,2,2,2,3,2,2,2,2,2,2,2,2,2,2,0,0,0
2008,36,21,1,360464,1,2,1,2,4,2,3,2,1,1,2,2,1,2,2,2,2,2,2,2,2,2,2,2,2,1,2,2,1,2,2,0,0,0
2008,36,111,1,360465,1,2,1,1,4,2,1,2,1,2,2,2,1,2,1,1,2,2,2,2,1,2,2,2,2,2,1,1,1,2,2,0,0,0
2008,36,5,1,360466,1,2,2,2,1,1,3,1,4,1,2,2,3,2,2,1,1,2,2,2,3,2,2,2,2,1,2,2,2,2,2,0,0,0
2008,36,109,1,360467,1,2,2,2,1,1,6,1,4,1,2,2,2,2,2,2,2,2,2,2,3,2,2,2,2,1,2,2,2,2,2,0,0,0
2008,36,69,1,360468,1,2,1,2,4,1,5,1,1,1,2,2,1,2,2,1,2,2,1,2,1,1,1,1,1,2,2,1,2,2,2,0,0,0
2008,36,111,1,360469,1,2,2,2,1,1,6,1,3,1,1,2,2,2,2,2,2,2,2,2,3,2,2,2,2,1,1,1,2,2,2,0,0,0
2008,36,1,1,360470,1,2,2,2,1,1,4,1,4,1,1,2,2,2,1,1,2,2,2,2,3,2,2,2,2,2,1,1,2,2,2,0,0,0
2008,36,15,1,360471,1,2,2,2,1,2,6,2,1,2,1,2,1,2,2,1,2,2,1,2,2,2,2,2,2,2,2,2,2,2,2,0,0,0
2008,36,47,1,360472,1,2,2,2,1,1,3,1,1,2,1,2,1,2,2,2,2,1,2,2,3,2,2,2,2,2,2,2,2,2,2,0,0,0
2008,36,91,1,360473,1,2,1,2,1,1,3,1,4,1,1,2,2,2,2,2,2,2,2,2,3,2,2,2,2,1,2,2,2,2,2,0,0,0
2008,36,81,1,360474,1,2,2,1,1,2,1,2,1,1,1,2,1,2,2,2,1,2,2,2,3,2,2,2,2,2,2,2,2,2,2,0,0,0
2008,36,89,1,360475,1,2,2,2,4,2,6,2,1,2,2,2,1,2,1,2,2,2,2,2,2,2,2,2,2,2,2,2,1,2,2,0,0,0
2008,36,29,1,360476,1,2,2,2,1,1,6,1,1,1,1,2,1,2,2,2,1,2,2,2,3,2,2,2,2,2,2,2,2,2,2,0,0,0
2008,36,83,1,360477,1,2,1,2,4,2,3,2,1,2,2,2,1,2,2,1,2,2,1,2,1,2,2,2,2,2,1,1,1,2,2,0,0,0
2008,36,51,1,360478,1,2,1,2,4,2,3,2,1,2,2,2,1,2,2,2,2,2,1,2,1,2,2,2,2,2,2,2,1,2,2,0,0,0
2008,36,27,2,360479,1,2,1,2,1,2,3,2,5,1,1,2,3,2,1,2,2,2,2,2,3,1,1,1,1,2,2,1,1,2,2,0,0,0
2008,36,105,1,360480,1,2,1,2,1,2,3,2,1,2,1,1,1,2,2,2,1,2,2,2,3,2,2,2,2,2,2,2,2,2,2,0,0,0
2008,36,47,1,360481,1,2,2,2,1,2,3,2,1,1,1,2,1,2,2,2,1,2,2,2,3,2,2,2,2,2,2,2,2,2,2,0,0,0
2008,36,61,1,360482,1,2,2,2,1,1,3,1,1,2,1,2,1,1,2,2,1,2,2,2,3,2,2,2,2,2,2,2,2,2,2,0,0,0
2008,36,5,1,360483,1,2,2,2,1,2,3,2,1,2,1,2,1,2,2,2,1,2,2,2,3,2,2,2,2,2,2,2,2,2,2,0,0,0
2008,36,119,1,360484,1,2,2,2,4,2,6,2,1,2,2,2,1,2,1,1,2,2,2,2,1,2,2,2,2,2,2,2,1,2,2,0,0,0
2008,36,119,1,360485,1,2,1,2,1,1,3,1,3,1,1,2,2,1,2,2,2,2,2,2,3,2,2,2,2,2,2,2,2,2,2,0,0,0
2008,36,59,1,360486,1,2,2,2,1,1,6,1,2,1,1,2,2,2,2,2,2,2,2,2,3,2,2,2,2,2,2,2,2,2,2,0,0,0
2008,36,89,1,360487,1,2,1,2,1,1,3,1,2,1,2,2,3,2,2,2,2,2,2,2,3,2,2,2,2,2,2,2,2,2,2,0,0,0
2008,36,59,1,360488,1,2,2,2,1,1,3,1,4,1,1,2,2,2,2,2,2,2,2,2,3,2,2,2,2,2,2,2,2,2,2,0,0,0
2008,36,59,1,360489,1,2,1,2,1,1,3,1,1,1,1,2,1,2,2,2,1,2,2,2,3,2,2,2,2,2,2,2,2,2,2,0,0,0
2008,36,81,1,360490,1,2,2,2,1,1,3,1,1,1,1,2,1,2,2,2,1,2,2,2,3,2,2,2,2,2,2,2,2,2,2,0,0,0
2008,36,67,1,360491,1,2,1,2,1,2,3,2,3,2,1,2,3,2,2,2,2,2,2,2,3,2,2,2,2,2,2,2,1,2,1,0,0,0
2008,36,81,1,360492,1,2,2,2,1,1,6,1,4,1,2,2,2,1,2,2,2,2,2,2,3,2,2,2,2,2,2,2,2,2,2,0,0,0
2008,36,63,1,360493,1,2,2,2,4,2,6,2,1,2,2,2,1,2,2,2,2,2,2,2,3,2,2,2,2,2,2,2,1,2,2,0,0,0
2008,36,59,1,360494,1,2,2,2,1,1,6,1,4,1,2,2,2,2,1,1,2,2,2,2,3,2,2,2,2,2,2,2,2,2,2,0,0,0
2008,36,59,1,360495,1,2,2,2,1,1,4,1,2,1,1,2,3,2,2,1,2,2,2,2,3,2,2,2,2,1,2,2,2,2,2,0,0,0
2008,36,71,1,360496,1,2,2,2,4,1,6,1,1,2,2,2,1,2,1,1,2,2,2,2,1,2,2,2,2,2,2,2,2,2,2,0,0,0
2008,36,59,1,360498,1,2,2,2,1,1,6,1,4,2,1,2,2,2,1,2,2,2,2,2,3,1,1,1,1,2,2,1,2,2,2,0,0,0
2008,36,5,1,360499,1,2,2,1,1,2,1,2,2,2,1,2,1,1,2,2,2,2,2,2,3,2,2,2,2,2,2,2,2,2,2,0,0,0
2008,36,29,1,360500,1,2,2,2,4,2,6,2,1,2,2,2,1,2,2,1,2,2,1,2,1,2,2,2,2,2,2,2,1,2,2,0,0,0
2008,36,115,1,360501,1,2,2,2,4,2,6,2,1,2,2,2,1,2,2,2,2,2,1,2,1,2,2,2,2,2,2,2,1,2,2,0,0,0
2008,36,59,1,360502,1,2,1,2,4,2,3,2,1,2,1,2,1,2,2,1,2,2,2,2,2,2,2,2,2,2,2,2,1,2,2,0,0,0
2008,36,71,1,360503,1,2,1,2,4,2,3,2,1,2,1,2,1,2,2,2,2,2,2,2,1,2,2,2,2,2,2,2,1,2,1,0,0,0
2008,36,63,1,360504,1,2,2,2,1,1,4,1,4,2,1,2,2,2,1,2,2,2,2,2,3,2,2,2,2,2,2,2,2,2,2,0,0,0
2008,36,9,1,360505,1,2,1,1,4,2,1,2,1,1,2,2,1,1,2,2,2,2,2,2,3,2,2,2,2,2,2,2,1,2,2,0,0,0
2008,36,111,1,360506,1,2,2,2,4,2,6,2,1,2,2,2,1,2,1,1,2,2,2,2,1,2,2,2,2,2,2,2,1,2,2,0,0,0
2008,36,89,1,360507,1,2,2,2,4,2,6,2,1,2,2,2,1,2,2,1,2,2,2,2,1,2,2,2,2,2,1,1,1,2,2,0,0,0
2008,36,73,1,360508,1,2,2,2,4,2,6,2,1,2,2,2,1,2,2,1,2,2,2,2,1,2,2,2,2,2,1,1,1,2,2,0,0,0
2008,36,45,1,360509,1,2,1,1,4,2,1,2,1,2,2,2,1,2,2,2,2,2,1,2,2,2,2,2,2,2,2,2,1,2,2,0,0,0
2008,36,101,1,360510,1,2,1,2,1,1,3,1,4,2,2,2,2,2,2,2,2,2,2,2,3,2,2,2,2,2,2,2,2,2,2,0,0,0
2008,36,59,2,360511,1,2,2,2,1,1,6,1,4,1,2,2,3,2,2,2,2,2,2,2,3,2,2,2,2,1,2,2,2,2,2,0,0,0
2008,36,103,1,360512,1,2,1,2,1,2,3,2,2,1,1,2,2,2,1,1,2,2,2,2,3,1,1,1,1,2,2,1,2,2,2,0,0,0
2008,36,111,1,360513,1,2,1,2,1,2,3,2,2,2,2,1,2,2,1,2,2,2,2,2,3,2,2,1,1,2,2,1,2,2,2,0,0,0
2008,36,3,1,360514,1,2,1,2,1,2,3,2,3,1,2,2,2,2,2,2,2,2,2,2,3,1,1,1,1,2,2,1,1,2,2,0,0,0
2008,36,71,1,360515,1,2,2,2,4,2,6,2,1,1,2,2,1,2,2,1,2,2,1,2,1,2,2,2,2,2,2,2,1,2,2,0,0,0
2008,36,3,1,360516,1,2,2,2,1,2,6,2,4,2,1,2,2,2,2,2,2,2,2,2,3,1,1,1,1,2,2,1,2,2,2,0,0,0
2008,36,47,1,360517,1,2,2,2,1,2,2,2,1,1,1,2,1,2,2,2,1,2,2,2,3,2,2,2,2,2,2,2,2,2,2,0,0,0
2008,36,7,1,360518,1,2,2,2,1,2,3,3,1,2,2,2,2,2,2,2,1,2,2,2,1,2,2,2,2,2,2,2,2,1,2,0,0,0
2008,36,119,1,360519,1,2,2,2,4,2,2,2,1,1,2,2,1,2,2,2,2,2,2,2,2,2,2,2,2,2,2,2,1,2,1,0,0,0
2008,36,119,1,360520,1,2,2,2,4,2,6,2,1,1,1,2,1,2,2,2,2,2,2,2,3,2,2,2,2,2,2,2,1,2,2,0,0,0
2008,36,23,1,360521,1,2,1,1,4,2,1,2,1,1,2,2,1,2,2,2,2,2,1,2,3,2,2,2,2,2,1,1,1,2,2,0,0,0
2008,36,23,1,360522,1,2,1,2,1,2,3,2,3,2,2,2,2,2,2,2,2,2,2,2,3,2,2,2,2,2,1,1,1,2,1,0,0,0
2008,36,45,1,360523,1,2,2,2,1,2,6,2,1,2,2,1,1,2,2,2,1,2,2,2,3,2,2,2,2,2,2,2,2,2,2,0,0,0
2008,36,111,1,360525,1,2,1,2,1,1,3,1,3,1,1,2,2,2,2,2,2,2,2,2,3,2,2,2,2,1,2,2,2,2,2,0,0,0
2008,36,81,1,360526,1,2,2,2,1,2,3,2,1,2,1,2,1,2,2,2,1,2,2,2,3,2,2,2,2,1,2,2,2,2,2,0,0,0
2008,36,5,1,360527,1,2,2,2,1,1,3,1,1,1,1,2,1,2,2,2,1,2,2,2,3,2,2,2,2,2,2,2,2,2,2,0,0,0
2008,36,61,1,360528,1,2,2,2,1,1,3,1,1,1,1,2,2,2,2,2,2,1,2,2,3,2,2,2,2,2,2,2,2,2,2,0,0,0
2008,36,119,1,360529,1,2,1,2,4,2,3,2,1,1,1,2,1,2,2,2,2,2,1,2,3,2,2,2,2,2,2,2,1,2,1,0,0,0
2008,36,29,1,360530,1,2,1,2,4,2,3,2,1,2,2,2,1,2,1,1,2,2,2,2,1,2,2,2,2,2,2,2,1,2,2,0,0,0
2008,36,81,1,360531,1,2,1,2,1,2,3,2,1,2,2,1,1,2,2,2,1,2,2,2,3,2,2,2,2,2,2,2,2,2,2,0,0,0
2008,36,5,1,360532,1,2,2,2,1,1,3,1,1,1,1,2,2,2,2,2,1,2,2,2,3,2,2,2,2,2,2,2,2,2,2,0,0,0
2008,36,103,1,360533,1,2,2,2,1,1,6,1,4,1,1,2,2,2,1,2,2,2,2,2,3,2,2,2,2,2,1,1,2,1,2,0,0,0
2008,36,11,1,360534,1,2,1,2,4,2,3,2,1,2,1,2,1,2,2,1,2,2,1,2,1,2,2,2,2,2,2,2,1,2,2,0,0,0
2008,36,5,1,360535,1,2,2,2,1,1,3,1,1,2,1,1,1,2,2,2,1,2,2,2,3,2,2,2,2,2,2,2,2,2,2,0,0,0
2008,36,103,1,360536,1,2,2,2,1,2,6,2,1,1,1,2,1,2,2,2,1,2,2,2,3,2,2,2,2,2,2,2,2,2,2,0,0,0
2008,36,67,1,360537,1,2,2,2,1,2,6,2,1,2,2,2,1,2,2,2,1,2,2,2,3,2,2,2,2,2,2,2,2,2,2,0,0,0
2008,36,81,1,360538,1,2,2,2,1,2,3,2,1,2,1,2,1,2,2,2,1,2,2,2,3,1,1,1,1,2,2,1,2,2,2,0,0,0
2008,36,61,1,360539,1,2,2,2,1,1,3,1,2,1,1,2,3,1,2,2,1,2,2,2,3,2,2,2,2,2,2,2,2,2,2,0,0,0
2008,36,103,1,360540,1,2,2,2,1,1,6,1,4,1,1,2,2,2,1,1,2,2,2,2,3,2,2,2,2,1,2,2,2,2,2,0,0,0
2008,36,103,1,360541,1,2,2,2,1,1,6,1,4,2,1,2,2,2,1,1,2,2,2,2,1,2,2,2,2,1,2,2,2,2,2,0,0,0
2008,36,67,1,360542,1,2,1,2,1,2,3,2,4,1,2,2,2,2,2,1,2,2,1,2,3,2,2,2,2,1,2,2,1,2,2,0,0,0
2008,36,11,1,360543,1,2,2,2,4,2,6,2,1,2,1,2,1,2,1,1,2,2,2,2,1,2,2,2,2,2,2,2,1,2,2,0,0,0
2008,36,55,1,360544,1,2,2,2,1,1,4,1,2,1,1,2,3,2,2,2,2,2,2,2,3,2,2,1,1,2,2,1,2,1,2,0,0,0
2008,36,21,1,360545,1,2,1,1,4,2,1,2,1,1,1,2,1,2,2,2,2,2,2,2,2,2,2,2,2,2,2,2,1,2,2,0,0,0
2008,36,117,1,360546,1,2,1,2,1,2,3,2,3,2,2,2,2,2,1,2,2,2,2,2,1,2,2,2,2,1,2,2,1,2,2,0,0,0
2008,36,103,2,360547,1,2,2,2,1,2,5,2,3,1,1,2,2,2,2,2,2,2,2,2,3,2,2,2,2,1,2,2,1,2,2,0,0,0
2008,36,41,1,360548,1,2,1,2,4,2,3,2,1,2,2,2,1,2,2,1,2,2,2,2,3,2,2,2,2,2,2,2,1,2,2,0,0,0
2008,36,81,1,360549,1,2,2,1,1,2,1,2,2,1,2,2,2,2,1,1,2,2,2,2,1,2,2,2,2,2,2,2,2,2,2,0,0,0
2008,36,9,1,360550,1,2,2,2,4,2,6,2,1,2,2,2,1,2,2,1,2,2,1,2,1,2,2,2,2,2,2,2,1,2,2,0,0,0
2008,36,93,1,360551,1,2,1,1,4,2,1,3,1,1,1,2,1,2,2,2,2,2,1,2,1,2,2,2,2,2,2,2,1,2,2,0,0,0
2008,36,105,1,360552,1,2,2,2,4,2,6,2,1,2,2,2,1,2,2,1,2,2,2,2,2,1,1,1,1,2,2,1,1,2,2,0,0,0
2008,36,83,1,360553,1,2,1,2,4,2,3,2,1,2,1,2,1,2,1,1,2,2,2,2,3,2,2,2,2,2,1,1,1,2,2,0,0,0
2008,36,79,1,360554,1,2,1,2,4,2,3,2,1,2,2,2,1,2,2,2,2,2,2,2,2,2,2,2,2,2,2,2,1,2,1,0,0,0
2008,36,47,1,360555,1,2,1,1,4,1,1,1,1,1,1,2,1,2,2,2,2,2,2,2,3,2,2,2,2,2,2,2,1,2,2,0,0,0
2008,36,103,1,360556,1,2,2,2,4,2,6,2,1,1,2,2,1,2,2,2,2,2,2,2,2,2,2,2,2,1,2,2,1,2,2,0,0,0
2008,36,103,1,360557,1,2,2,2,1,2,6,2,1,2,2,2,1,2,2,2,2,1,2,2,3,2,2,2,2,2,2,2,2,2,2,0,0,0
2008,36,5,1,360558,1,2,2,2,1,1,6,1,4,1,1,2,2,2,1,1,2,2,2,2,3,2,2,2,2,2,1,1,2,2,2,0,0,0
2008,36,103,1,360559,1,2,2,2,1,2,6,2,1,1,2,2,1,2,2,2,2,1,2,2,3,2,2,2,2,1,2,2,2,2,2,0,0,0
2008,36,61,1,360560,1,2,2,2,1,2,5,2,1,1,2,2,1,2,2,2,1,2,2,2,3,2,2,2,2,2,2,2,2,2,2,0,0,0
2008,36,103,1,360561,1,2,2,2,1,2,6,2,2,1,1,2,2,2,2,2,2,2,2,2,3,2,2,2,2,1,2,2,2,2,2,0,0,0
2008,36,119,1,360562,1,2,1,2,1,2,3,2,2,1,1,2,3,2,2,2,2,2,2,2,3,2,2,2,2,2,2,2,2,2,2,0,0,0
2008,36,29,1,360563,1,2,1,1,4,2,1,2,1,2,2,2,1,2,1,2,2,2,2,2,1,2,2,2,2,2,2,2,1,2,2,0,0,0
2008,36,101,1,360564,1,2,2,2,4,2,6,2,1,1,1,2,1,2,2,1,2,2,1,2,3,2,2,2,2,2,2,2,1,2,2,0,0,0
2008,36,35,1,360565,1,2,1,2,1,1,3,1,1,1,1,2,1,1,2,2,2,1,2,2,3,2,2,2,2,2,2,2,2,2,2,0,0,0
2008,36,29,1,360566,1,2,2,2,4,2,5,2,1,2,1,2,1,2,2,1,2,2,2,2,1,1,1,1,1,2,2,1,1,2,2,0,0,0
2008,36,49,1,360567,1,2,2,2,1,2,6,2,3,2,2,2,2,2,2,2,2,2,2,2,1,2,2,2,2,1,2,2,1,2,2,0,0,0
2008,36,59,1,360568,1,2,1,2,1,2,3,2,5,2,1,2,2,2,1,1,2,2,2,2,3,2,2,2,2,2,2,2,2,2,2,0,0,0
2008,36,17,1,360569,1,2,1,2,4,2,6,2,1,2,2,2,1,2,2,1,2,2,2,2,1,2,2,2,2,2,2,2,1,2,2,0,0,0
2008,36,81,1,360570,1,2,2,2,1,1,3,1,1,2,1,2,1,2,1,2,2,2,2,2,2,2,2,2,2,2,2,2,2,2,2,0,0,0
2008,36,7,1,360571,1,2,1,2,1,2,5,2,1,1,2,2,1,2,2,2,1,2,2,2,3,2,2,2,2,2,2,2,2,2,2,0,0,0
2008,36,103,2,360572,1,2,2,2,4,2,6,2,1,2,2,2,1,2,2,2,2,2,2,2,1,2,2,2,2,2,2,2,1,2,2,0,0,0
2008,36,29,1,360573,1,2,1,2,1,2,3,2,1,1,1,2,1,2,1,2,2,2,2,2,2,2,2,2,2,2,2,2,2,2,2,0,0,0
2008,36,113,1,360574,1,2,1,2,4,2,3,2,1,2,2,2,1,2,2,1,2,2,1,2,1,1,1,1,1,2,2,1,1,2,2,0,0,0
2008,36,61,1,360575,1,2,2,2,1,1,3,1,1,2,1,2,1,2,2,2,1,2,2,2,3,2,2,2,2,1,2,2,2,2,2,0,0,0
2008,36,103,1,360576,1,2,2,2,4,1,6,1,1,2,1,2,1,2,1,2,2,2,2,2,1,2,2,2,2,2,2,2,2,2,2,0,0,0
2008,36,103,1,360577,1,2,1,2,1,1,3,1,4,1,1,2,2,2,2,2,2,2,2,2,3,2,2,2,2,1,2,2,2,2,2,0,0,0
2008,36,103,1,360578,1,2,2,2,1,1,4,1,4,1,2,2,2,1,2,2,2,2,2,2,3,2,2,2,2,2,2,2,2,2,2,0,0,0
2008,36,83,1,360579,1,2,1,2,4,1,4,1,1,1,1,2,1,2,2,1,2,2,2,2,1,2,2,2,2,2,2,2,2,2,2,0,0,0
2008,36,103,1,360580,1,2,2,2,1,1,6,1,4,1,1,2,3,2,2,1,2,2,2,2,3,2,2,2,2,1,2,2,2,2,2,0,0,0
2008,36,71,1,360581,1,2,2,2,1,2,4,2,3,1,2,2,2,2,2,2,2,2,2,2,3,2,2,2,2,1,2,2,1,2,2,0,0,0
2008,36,83,1,360582,1,2,2,2,1,2,6,2,4,1,1,2,2,2,2,1,2,2,2,2,1,2,2,1,1,2,2,1,1,2,2,0,0,0
2008,36,87,1,360583,1,2,2,2,1,2,6,2,3,2,1,2,2,2,2,2,2,2,2,2,3,2,2,2,2,2,2,2,1,2,2,0,0,0
2008,36,85,1,360584,1,2,2,2,1,2,3,2,1,2,2,2,1,2,2,1,1,2,2,2,3,2,2,2,2,2,2,2,2,2,2,0,0,0
2008,36,111,1,360585,1,2,1,2,1,1,3,1,2,1,2,2,3,2,1,2,2,2,2,2,3,2,2,1,1,2,2,1,2,2,2,0,0,0
2008,36,43,1,360586,1,2,1,2,4,2,6,2,1,2,1,2,1,2,1,2,2,2,2,2,1,2,2,2,2,2,2,2,1,2,2,0,0,0
2008,36,59,1,360587,1,2,2,2,1,2,3,2,1,1,1,2,1,1,2,2,2,2,2,2,3,2,2,2,2,2,2,2,2,2,2,0,0,0
2008,36,119,1,360588,1,2,2,2,4,2,2,2,1,2,2,2,1,2,2,1,2,2,2,2,1,2,2,2,2,2,2,2,1,2,2,0,0,0
2008,36,47,1,360589,1,2,2,2,1,1,3,1,1,1,1,2,1,1,2,1,1,2,2,2,3,2,2,2,2,2,2,2,2,2,2,0,0,0
2008,36,43,2,360590,1,2,1,2,4,2,4,2,1,2,2,2,1,2,2,1,2,2,2,2,3,2,2,2,2,2,2,2,1,1,2,0,0,0
2008,36,59,1,360591,1,2,2,2,1,2,6,2,1,1,1,2,1,2,2,2,1,2,2,2,3,2,2,2,2,2,2,2,2,2,2,0,0,0
2008,36,11,1,360592,1,2,1,2,1,2,3,2,3,1,2,2,2,2,2,1,2,2,2,2,3,2,2,2,2,2,2,2,1,2,2,0,0,0
2008,36,119,1,360593,1,2,2,2,1,2,2,2,5,1,2,2,2,2,1,1,2,2,2,2,3,2,2,2,2,2,1,1,2,2,2,0,0,0
2008,36,43,1,360594,1,2,2,2,4,2,6,2,1,2,2,2,1,2,2,2,2,2,2,2,3,2,2,2,2,2,2,2,1,2,2,0,0,0
2008,36,93,1,360595,1,2,2,2,4,2,6,2,1,2,2,2,1,2,1,1,2,2,2,2,1,2,2,2,2,2,2,2,1,2,2,0,0,0
2008,36,59,1,360596,1,2,2,2,1,2,6,2,1,2,1,2,1,2,2,2,1,2,2,2,3,2,2,2,2,2,1,1,2,2,2,0,0,0
2008,36,55,1,360597,1,2,2,2,1,1,5,1,4,1,1,2,2,2,2,1,2,2,2,2,1,2,2,2,2,2,2,2,2,2,2,0,0,0
2008,36,67,2,360598,1,2,1,1,4,2,1,2,1,1,2,2,1,2,2,2,2,2,1,2,3,1,1,1,1,2,2,1,1,2,2,0,0,0
2008,36,65,1,360599,1,2,1,2,1,1,5,1,4,2,1,2,2,2,1,2,2,2,2,2,3,2,2,2,2,2,2,2,2,2,2,0,0,0
2008,36,55,1,360600,1,2,2,2,1,2,6,2,1,2,2,2,1,2,2,2,1,2,2,2,3,2,2,2,2,1,2,2,2,2,2,0,0,0
2008,36,17,1,360601,1,2,1,2,4,2,3,2,1,2,2,2,1,2,2,1,2,2,1,2,1,2,2,1,1,2,2,1,1,2,2,0,0,0
2008,36,5,1,360602,1,2,2,2,1,2,6,2,1,2,1,2,1,2,2,2,1,2,2,2,3,2,2,2,2,2,2,2,2,2,2,0,0,0
2008,36,87,1,360603,1,2,1,1,4,2,1,2,1,1,2,2,1,2,2,2,2,2,1,2,2,1,1,1,1,2,2,1,1,2,2,0,0,0
2008,36,47,1,360604,1,2,2,2,4,1,3,1,1,2,2,2,1,2,2,1,2,2,2,2,3,2,2,2,2,2,2,2,2,2,2,0,0,0
2008,36,33,1,360605,1,2,2,2,4,2,6,2,1,2,1,2,1,2,2,2,2,2,2,2,3,2,2,2,2,2,1,1,1,2,2,0,0,0
2008,36,25,1,360606,1,2,1,2,1,2,3,2,1,1,1,2,2,2,1,1,2,2,2,2,3,2,2,2,2,2,1,1,2,2,2,0,0,0
2008,36,119,2,360607,1,2,1,1,1,2,1,2,2,2,2,2,2,1,2,1,2,2,2,2,3,2,2,2,2,2,2,2,2,2,2,0,0,0
2008,36,5,1,360608,1,2,2,2,1,2,6,2,1,2,1,2,1,2,2,2,2,1,2,2,3,1,1,1,1,2,2,1,2,2,2,0,0,0
2008,36,117,1,360609,1,2,1,2,1,2,3,2,3,1,1,2,3,2,2,2,2,2,2,2,1,2,2,2,2,1,2,2,1,2,2,0,0,0
2008,36,29,1,360610,1,2,2,2,1,2,6,2,4,1,1,2,2,2,2,2,2,2,2,2,3,2,2,1,1,1,2,1,2,2,2,0,0,0
2008,36,17,1,360611,1,2,2,2,4,2,6,2,1,2,1,2,1,2,1,1,2,2,2,2,1,2,2,2,2,2,1,1,1,2,2,0,0,0
2008,36,43,1,360612,1,2,1,2,1,2,4,2,1,1,1,2,1,2,1,2,2,2,2,2,2,2,2,2,2,2,2,2,2,2,2,0,0,0
2008,36,29,1,360613,1,2,2,2,1,1,3,1,1,1,1,2,1,2,2,2,1,2,2,2,3,2,2,2,2,2,2,2,2,2,2,0,0,0
2008,36,121,1,360614,1,2,2,2,4,1,6,1,1,2,2,2,1,2,1,2,2,2,2,2,1,2,2,2,2,2,2,2,2,2,2,0,0,0
2008,36,45,1,360615,1,2,1,2,1,2,3,2,3,1,1,2,3,2,2,2,2,2,2,2,3,2,2,1,1,2,2,1,1,2,2,0,0,0
2008,36,29,1,360616,1,2,2,2,4,1,5,1,1,2,2,2,1,2,2,1,2,2,1,2,1,2,2,2,2,2,2,2,2,2,2,0,0,0
2008,36,29,1,360617,1,2,1,2,4,2,6,2,1,1,2,2,1,2,1,2,2,2,2,2,2,2,2,2,2,2,1,1,1,2,2,0,0,0
2008,36,45,1,360618,1,2,1,2,4,2,3,2,1,2,2,2,1,2,2,1,2,2,1,2,1,2,2,2,2,2,2,2,1,2,2,0,0,0
2008,36,13,1,360619,1,2,1,2,1,2,3,2,1,2,1,2,1,1,2,2,1,2,2,2,3,2,2,2,2,2,2,2,2,2,2,0,0,0
2008,36,33,1,360620,1,2,1,2,4,2,3,2,1,2,2,2,1,2,2,1,2,2,1,2,1,2,2,2,2,2,2,2,1,2,2,0,0,0
2008,36,105,1,360621,1,2,1,2,4,2,3,2,1,1,1,2,1,2,2,1,2,2,2,2,3,2,2,2,2,1,2,2,1,2,2,0,0,0
2008,36,43,2,360622,1,2,1,2,4,2,6,2,1,2,2,2,1,2,2,1,2,2,1,2,2,1,1,1,1,2,2,1,1,2,2,0,0,0
2008,36,103,1,360623,1,2,2,2,1,2,3,2,1,2,1,2,1,2,2,2,1,2,2,2,3,2,2,2,2,2,1,1,2,2,2,0,0,0
2008,36,63,1,360624,1,2,2,2,4,2,3,2,1,1,1,2,1,2,2,2,1,2,2,2,3,2,2,2,2,2,2,2,1,1,2,0,0,0
2008,36,103,1,360625,1,2,2,2,4,2,6,2,1,1,1,2,1,2,2,2,2,2,2,2,2,2,2,2,2,1,2,2,1,2,2,0,0,0
2008,36,103,1,360626,1,2,2,2,4,2,6,2,1,2,2,2,1,2,1,1,2,2,2,2,1,2,2,2,2,2,2,2,1,2,2,0,0,0
2008,36,47,1,360627,1,2,2,2,1,2,6,2,1,1,1,2,1,2,2,2,1,2,2,2,3,2,2,2,2,1,2,2,2,2,2,0,0,0
2008,36,47,1,360628,1,2,2,2,1,2,3,2,1,1,1,2,1,2,2,2,1,2,2,2,3,2,2,2,2,2,2,2,2,1,2,0,0,0
2008,36,59,1,360629,1,2,2,2,1,2,4,2,4,1,1,2,2,2,1,1,2,2,2,2,3,1,1,1,1,2,2,1,2,2,2,0,0,0
2008,36,83,1,360630,1,2,2,2,3,1,3,1,1,1,1,2,2,2,2,1,2,2,2,2,3,2,2,2,2,1,2,2,2,2,2,0,0,0
2008,36,117,1,360631,1,2,1,2,4,2,6,2,1,2,1,2,1,2,2,1,2,2,1,2,3,1,1,1,1,2,2,1,1,2,2,0,0,0
2008,36,105,1,360632,1,2,1,2,4,2,3,2,1,1,1,2,1,2,2,1,2,2,1,2,2,2,2,2,2,2,2,2,1,2,2,0,0,0
2008,36,103,1,360633,1,2,1,2,2,2,6,2,1,1,1,2,1,2,2,2,1,2,2,2,3,2,2,1,1,2,2,1,1,2,2,0,0,0
2008,36,47,1,360634,1,2,2,2,1,1,5,1,1,1,1,2,1,2,2,2,1,2,2,2,3,2,2,2,2,2,2,2,2,2,2,0,0,0
2008,36,91,1,360635,1,2,1,2,1,2,5,2,4,1,1,2,2,2,2,2,2,2,2,2,3,1,1,1,1,2,2,1,1,2,2,0,0,0
2008,36,119,1,360636,1,2,1,1,1,2,1,2,4,2,1,2,3,1,2,1,2,2,1,2,3,2,2,1,1,2,2,1,2,2,2,0,0,0
2008,36,101,1,360637,1,2,1,2,4,2,6,2,1,2,2,2,1,2,2,2,2,2,1,2,1,2,2,2,2,2,1,1,1,2,2,0,0,0
2008,36,15,1,360638,1,2,2,2,1,1,4,1,4,1,1,2,2,2,2,2,2,2,2,2,3,2,2,2,2,2,2,2,2,2,2,0,0,0
2008,36,29,1,360639,1,2,2,2,1,1,4,1,4,2,2,2,2,2,2,2,2,2,2,2,3,2,2,2,2,2,2,2,2,2,2,0,0,0
2008,36,101,1,360640,1,2,1,2,2,2,6,2,1,2,2,2,1,2,2,1,1,2,2,2,3,1,1,1,1,2,2,1,1,2,2,0,0,0
2008,36,59,1,360641,1,2,1,2,1,1,6,1,1,1,1,2,1,2,2,2,2,1,2,2,3,2,2,2,2,2,2,2,2,2,2,0,0,0
2008,36,61,1,360642,1,2,2,2,4,2,3,2,1,1,2,2,1,2,1,1,2,2,2,2,2,2,2,2,2,2,2,2,1,2,2,0,0,0
2008,36,103,1,360643,1,2,1,2,4,1,3,1,1,2,2,2,1,2,2,1,2,2,2,2,1,2,2,2,2,2,2,2,2,2,2,0,0,0
2008,36,15,1,360644,1,2,2,2,4,1,6,1,1,1,2,2,1,2,2,2,2,2,1,2,2,2,2,2,2,2,1,1,2,2,2,0,0,0
2008,36,51,1,360645,1,2,1,2,1,2,5,2,4,1,2,2,2,2,1,2,2,2,2,2,3,2,2,2,2,1,2,2,2,2,2,0,0,0
2008,36,81,1,360646,1,2,2,2,1,1,5,1,1,1,1,2,1,2,2,2,1,2,2,2,3,2,2,2,2,2,2,2,2,2,2,0,0,0
2008,36,103,1,360647,1,2,1,2,1,2,3,2,2,2,1,2,3,2,2,1,2,2,2,2,3,2,2,2,2,2,2,2,2,2,2,0,0,0
2008,36,119,1,360648,1,2,1,2,4,2,3,2,1,2,1,2,1,2,2,2,2,2,2,2,1,2,2,2,2,2,1,1,1,2,2,0,0,0
2008,36,103,1,360649,1,2,2,2,1,2,6,2,1,2,2,2,1,2,2,2,1,2,2,2,3,2,2,2,2,2,1,1,2,2,2,0,0,0
2008,36,91,1,360650,1,2,1,2,4,2,3,2,1,2,2,2,1,2,2,1,2,2,1,2,3,2,2,2,2,2,2,2,1,2,2,0,0,0
2008,36,61,1,360651,1,2,2,2,1,1,4,1,1,1,1,2,1,2,2,2,1,2,2,2,3,2,2,2,2,2,2,2,2,1,2,0,0,0
2008,36,29,2,360652,1,2,1,2,4,2,6,2,1,1,1,2,1,2,2,1,2,2,2,2,2,1,1,1,1,2,2,1,1,2,2,0,0,0
2008,36,61,2,360653,1,2,2,2,4,1,3,1,1,2,2,2,1,2,1,2,2,2,2,2,1,2,2,2,2,2,2,2,2,2,2,0,0,0
2008,36,63,1,360654,1,2,2,2,2,2,4,2,1,2,1,1,1,2,2,2,2,1,2,2,3,2,2,2,2,2,2,2,1,2,2,0,0,0
2008,36,29,1,360655,1,2,1,2,4,2,6,3,1,2,1,2,1,2,2,1,2,2,2,2,1,2,2,2,2,2,2,2,1,2,2,0,0,0
2008,36,119,1,360656,1,2,1,2,1,2,3,2,1,1,1,2,1,2,1,2,2,2,2,2,2,2,2,2,2,2,1,1,2,2,2,0,0,0
2008,36,47,1,360657,1,2,2,2,1,1,3,1,1,1,1,2,1,1,2,2,1,2,2,2,3,2,2,2,2,2,2,2,2,2,2,0,0,0
2008,36,47,1,360658,1,2,2,2,1,1,6,1,4,2,1,2,3,2,1,2,2,2,2,2,3,1,1,1,1,2,2,1,2,2,2,0,0,0
2008,36,103,1,360659,1,2,1,2,1,1,3,1,1,2,2,2,1,2,2,2,1,2,2,2,3,1,1,1,1,2,2,1,2,2,2,0,0,0
2008,36,55,1,360660,1,2,1,2,1,1,6,1,1,1,1,2,1,2,2,2,1,2,2,2,3,2,2,2,2,2,2,2,2,2,2,0,0,0
2008,36,47,1,360661,1,2,1,2,1,1,3,1,1,2,2,2,1,2,2,2,1,2,2,2,3,2,2,2,2,2,2,2,2,2,2,0,0,0
2008,36,81,1,360662,1,2,2,2,1,1,3,1,4,1,1,2,2,2,1,1,2,2,2,2,3,2,2,2,2,1,2,2,2,2,2,0,0,0
2008,36,65,1,360663,1,2,1,2,1,1,3,1,4,2,2,2,2,2,2,2,2,2,2,2,1,2,2,2,2,2,1,1,2,2,2,0,0,0
2008,36,29,1,360664,1,2,2,2,1,2,5,3,4,1,1,2,2,2,2,2,2,2,1,2,3,1,1,1,1,2,2,1,2,2,2,0,0,0
2008,36,85,1,360665,1,2,1,2,4,2,3,2,1,1,1,2,1,2,2,2,2,2,2,2,1,2,2,2,2,2,2,2,1,2,2,0,0,0
2008,36,47,1,360666,1,2,1,2,1,2,3,2,1,2,1,2,1,2,2,2,1,2,2,2,3,2,2,2,2,2,2,2,2,2,2,0,0,0
2008,36,87,1,360667,1,2,2,2,1,2,3,3,4,1,1,2,2,2,2,2,2,2,2,2,3,2,2,1,1,2,2,1,2,1,2,0,0,0
2008,36,29,1,360668,1,2,1,2,1,1,6,1,4,2,1,2,2,2,1,2,2,2,2,2,3,2,2,1,1,2,2,1,2,2,2,0,0,0
2008,36,101,1,360670,1,2,1,1,1,2,1,2,4,2,2,2,3,1,2,2,2,2,2,2,3,2,2,2,2,2,2,2,1,2,2,0,0,0
2008,36,39,1,360671,1,2,1,2,4,1,6,1,1,1,1,2,1,2,1,1,2,2,2,2,1,2,2,2,2,2,1,1,2,2,2,0,0,0
2008,36,1,1,360672,1,2,1,2,1,2,6,2,3,2,2,2,2,2,2,2,2,2,2,2,1,2,2,2,2,1,2,2,1,2,2,0,0,0
2008,36,91,1,360673,1,2,2,2,1,2,3,2,4,2,1,2,2,2,1,2,2,2,2,2,3,2,2,2,2,1,2,2,2,2,2,0,0,0
2008,36,91,2,360674,1,2,1,2,4,2,3,2,4,1,1,2,2,1,2,2,2,2,2,2,3,2,2,2,2,1,2,2,2,2,2,0,0,0
2008,36,113,1,360675,1,2,1,2,1,2,5,2,6,1,2,2,2,2,1,1,2,2,2,2,3,2,2,2,2,1,1,1,1,2,2,0,0,0
2008,36,109,1,360676,1,2,1,2,4,2,6,2,1,2,2,2,1,2,2,1,2,2,1,2,1,2,2,2,2,2,2,2,1,2,2,0,0,0
2008,36,119,1,360677,1,2,1,2,4,2,3,2,1,1,1,2,1,2,2,2,2,2,2,2,2,2,2,2,2,1,2,2,1,2,2,0,0,0
2008,36,5,1,360678,1,2,2,2,1,2,4,2,1,2,1,2,1,2,2,2,1,2,2,2,3,2,2,2,2,1,2,2,2,2,2,0,0,0
2008,36,85,1,360679,1,2,2,2,1,1,3,1,1,2,2,2,1,2,2,2,1,2,2,2,3,2,2,2,2,2,2,2,2,2,2,0,0,0
2008,36,103,1,360680,1,2,1,2,4,2,6,2,1,1,1,2,1,2,2,2,2,2,2,2,2,2,2,2,2,1,2,2,1,2,2,0,0,0
2008,36,105,1,360681,1,2,1,2,4,2,5,2,1,2,2,2,1,2,2,1,1,2,2,2,1,2,2,2,2,2,2,2,1,2,2,0,0,0
2008,36,113,1,360682,1,2,1,2,4,2,6,2,1,2,2,2,1,2,1,1,2,2,2,2,1,2,2,2,2,2,2,2,1,2,2,0,0,0
2008,36,105,1,360683,1,2,1,2,4,1,6,1,1,2,2,2,1,2,2,2,2,2,2,2,1,2,2,2,2,2,2,2,2,2,2,0,0,0
2008,36,111,1,360684,1,2,1,2,1,1,3,1,4,1,1,2,2,2,1,2,2,2,2,2,3,2,2,2,2,2,2,2,2,2,2,0,0,0
2008,36,61,1,360685,1,2,2,2,1,2,6,2,1,1,1,2,1,2,2,2,1,2,2,2,3,2,2,2,2,2,2,2,2,2,2,0,0,0
2008,36,27,1,360686,1,2,2,2,1,1,4,1,3,1,2,2,2,2,2,2,2,2,2,2,3,1,1,1,1,1,2,1,2,2,2,0,0,0
2008,36,119,1,360687,1,2,1,2,4,1,6,1,1,2,2,2,1,2,1,1,2,2,2,2,2,1,1,1,1,2,2,1,2,2,2,0,0,0
2008,36,61,1,360688,1,2,2,2,1,1,4,1,4,2,2,2,3,2,2,2,2,2,2,2,3,2,2,2,2,2,1,1,2,2,2,0,0,0
2008,36,7,1,360689,1,2,1,2,4,2,3,2,1,2,2,2,2,2,1,2,2,2,2,2,3,2,2,2,2,2,2,2,1,2,2,0,0,0
2008,36,61,1,360691,1,2,2,2,1,2,2,2,5,1,2,2,2,2,1,1,2,2,2,2,1,2,2,2,2,1,2,2,2,2,2,0,0,0
2008,36,5,1,360692,1,2,2,2,1,1,5,1,1,1,2,2,1,2,2,2,1,2,2,2,3,2,2,2,2,2,2,2,2,2,2,0,0,0
2008,36,29,1,360693,1,2,1,2,1,1,6,1,4,1,2,2,2,2,2,2,2,2,2,2,3,2,2,2,2,1,2,2,2,2,2,0,0,0
2008,36,41,1,360694,1,2,1,2,4,1,4,1,1,2,1,2,1,2,2,2,2,2,2,2,1,2,2,2,2,1,2,2,2,2,2,0,0,0
2008,36,105,1,360695,1,2,1,2,4,2,6,2,4,2,1,2,1,2,2,1,2,2,2,2,1,2,2,2,2,2,2,2,1,2,2,0,0,0
2008,36,111,1,360696,1,2,1,2,4,2,6,2,1,2,2,2,1,2,2,1,2,2,2,2,1,2,2,2,2,2,2,2,1,2,2,0,0,0
2008,36,111,1,360697,1,2,1,2,4,2,6,2,1,2,2,2,1,2,2,2,2,2,2,2,1,2,2,2,2,2,2,2,1,2,2,0,0,0
2008,36,117,1,360698,1,2,1,2,1,1,6,1,4,1,2,2,2,2,1,2,2,2,2,2,1,2,2,2,2,2,2,2,2,2,2,0,0,0
2008,36,47,1,360699,1,2,2,2,1,1,3,1,1,2,1,1,1,2,2,2,1,2,2,2,3,2,2,2,2,2,2,2,2,2,2,0,0,0
2008,36,87,1,360700,1,2,2,2,2,2,6,2,1,2,1,2,1,2,2,1,2,2,2,2,3,2,2,2,2,2,1,1,1,2,2,0,0,0
2008,36,5,1,360701,1,2,2,2,1,2,6,2,1,1,2,1,1,2,2,2,1,2,2,2,3,2,2,2,2,2,2,2,2,2,2,0,0,0
2008,36,21,1,360702,1,2,1,2,4,2,6,2,1,1,1,2,1,2,1,2,2,2,2,2,2,2,2,2,2,2,2,2,1,2,2,0,0,0
2008,36,75,1,360703,1,2,1,2,4,2,6,2,1,2,2,2,1,2,2,1,2,2,1,1,1,2,2,2,2,2,2,2,1,2,2,0,0,0
2008,36,29,2,360704,1,2,1,2,1,1,5,1,4,1,2,2,2,2,2,2,2,2,2,2,3,2,2,2,2,1,2,2,2,2,2,0,0,0
2008,36,71,1,360705,1,2,1,2,4,2,6,2,1,2,1,2,1,2,1,2,2,2,2,2,3,2,2,2,2,2,2,2,1,2,2,0,0,0
2008,36,13,1,360706,1,2,1,2,4,2,6,2,1,1,1,2,1,2,2,1,2,2,1,2,3,2,2,2,2,2,2,2,1,2,2,0,0,0
2008,36,65,1,360707,1,2,1,2,4,2,3,2,1,1,2,2,1,2,1,1,2,2,2,2,3,2,2,2,2,2,2,2,1,2,2,0,0,0
2008,36,71,1,360708,1,2,1,2,4,2,3,2,1,1,2,2,1,2,2,2,2,2,1,2,3,2,2,2,2,2,2,2,1,2,1,0,0,0
2008,36,5,1,360709,1,2,2,1,1,1,1,1,1,1,2,2,1,2,2,2,1,2,2,2,3,2,2,2,2,2,2,2,2,2,2,0,0,0
2008,36,59,1,360710,1,2,1,2,1,1,3,1,4,2,2,2,2,2,1,2,2,2,2,2,3,2,2,2,2,2,2,2,2,2,2,0,0,0
2008,36,59,1,360711,1,2,2,2,4,2,4,2,1,1,1,2,1,2,2,1,2,2,2,2,2,1,1,1,1,2,2,1,1,2,2,0,0,0
2008,36,1,1,360712,1,2,1,1,1,2,1,2,5,1,1,2,2,1,2,2,2,2,2,2,3,2,2,2,2,2,2,2,2,2,2,0,0,0
2008,36,33,1,360713,1,2,1,2,4,2,6,2,1,2,1,2,1,2,2,2,2,2,2,2,1,2,2,2,2,2,1,1,1,2,2,0,0,0
2008,36,37,1,360714,1,2,1,2,1,2,6,2,3,1,1,2,2,2,1,1,2,2,2,2,3,2,2,2,2,2,2,2,1,2,2,1,0,1
2008,36,59,1,360715,1,2,1,2,4,2,3,2,1,2,1,2,1,2,2,1,2,2,1,2,1,2,2,2,2,2,2,2,1,2,2,0,0,0
2008,36,75,1,360716,1,2,2,2,1,1,3,1,4,1,2,2,2,2,2,2,2,2,2,2,3,2,2,2,2,1,2,2,2,2,2,0,0,0
2008,36,59,1,360717,1,2,1,2,4,2,3,2,1,2,2,2,1,2,2,1,2,2,2,2,1,2,2,2,2,2,2,2,1,2,2,0,0,0
2008,36,67,1,360718,1,2,1,2,1,2,3,2,3,1,2,2,2,2,2,2,2,2,2,2,3,2,2,2,2,1,1,1,1,2,2,0,0,0
2008,36,31,2,360719,1,2,1,2,1,2,6,2,2,1,2,2,2,2,1,2,2,2,2,2,3,2,2,2,2,2,2,2,2,2,2,0,0,0
2008,36,33,1,360720,1,2,1,2,1,2,6,2,1,2,1,2,1,2,2,2,1,2,2,2,3,2,2,2,2,2,2,2,2,2,2,0,0,0
2008,36,77,1,360721,1,2,1,2,1,2,3,2,4,2,1,2,2,1,2,2,2,2,2,2,3,2,2,2,2,1,2,2,2,2,2,0,0,0
2008,36,59,1,360722,1,2,2,2,1,1,4,1,4,2,1,2,2,2,2,1,2,2,2,2,3,2,2,2,2,2,2,2,2,2,2,0,0,0
2008,36,81,2,360723,1,2,2,2,4,2,3,2,1,2,2,2,1,2,2,1,2,2,2,2,3,2,2,2,2,2,2,2,1,2,2,0,0,0
2008,36,5,1,360724,1,2,2,2,1,1,3,1,1,1,1,2,1,2,2,2,2,1,2,2,3,2,2,2,2,2,2,2,2,2,2,0,0,0
2008,36,5,1,360725,1,2,2,2,1,2,3,2,1,2,1,1,1,2,2,2,1,2,2,2,3,2,2,2,2,2,2,2,2,2,2,0,0,0
2008,36,5,1,360726,1,2,2,1,1,2,1,2,1,2,2,2,1,2,2,2,1,2,2,2,3,2,2,2,2,2,2,2,2,2,2,0,0,0
2008,36,117,1,360727,1,2,1,2,4,1,6,1,1,1,2,2,1,2,1,1,2,2,2,2,2,2,2,2,2,2,2,2,2,2,2,0,0,0
2008,36,123,1,360728,1,2,1,2,1,2,6,2,1,1,1,2,1,2,2,2,2,2,2,2,3,2,2,2,2,1,2,2,2,2,2,0,0,0
2008,36,47,1,360729,1,2,2,2,1,1,6,1,1,1,1,2,1,1,2,2,1,2,2,2,3,2,2,2,2,2,2,2,2,2,2,0,0,0
2008,36,59,1,360730,1,2,2,2,1,1,4,1,4,1,1,2,3,2,2,2,2,2,2,2,3,2,2,2,2,1,2,2,2,2,2,0,0,0
2008,36,55,1,360731,1,2,1,2,1,1,6,1,1,2,2,2,1,2,1,2,2,2,2,2,2,2,2,1,1,2,2,1,2,2,2,0,0,0
2008,36,55,1,360732,1,2,1,2,1,1,3,1,1,1,1,2,1,2,2,2,1,2,2,2,3,2,2,2,2,1,2,2,2,2,2,0,0,0
2008,36,63,1,360733,1,2,1,2,4,2,6,2,1,2,2,2,1,2,2,1,2,2,2,2,3,2,2,2,2,2,1,1,1,2,2,0,0,0
2008,36,47,1,360734,1,2,2,2,1,2,6,2,1,2,2,1,1,2,2,2,1,2,2,2,3,1,1,1,1,2,2,1,2,2,2,0,0,0
2008,36,59,1,360735,1,2,2,2,1,2,3,2,1,2,2,2,1,2,2,2,1,2,2,2,3,2,2,2,2,1,2,2,2,2,2,0,0,0
2008,36,5,1,360736,1,2,1,1,1,2,1,2,1,2,2,2,1,2,2,2,1,2,2,2,3,2,2,2,2,2,2,2,2,2,2,0,0,0
2008,36,47,1,360737,1,2,2,2,1,1,4,1,1,2,1,2,1,2,2,2,2,1,2,2,3,2,2,2,2,2,2,2,2,2,2,0,0,0
2008,36,47,1,360738,1,2,2,2,1,1,5,1,1,1,1,2,1,2,2,2,1,2,2,2,3,2,2,2,2,2,2,2,2,2,2,0,0,0
2008,36,5,1,360739,1,2,2,2,1,1,5,1,1,2,1,2,1,2,1,1,1,2,2,2,3,2,2,2,2,2,2,2,2,2,2,0,0,0
2008,36,47,1,360740,1,2,1,2,1,2,3,2,5,2,2,2,3,2,2,2,2,2,2,2,3,1,1,1,1,2,2,1,2,2,2,0,0,0
2008,36,109,1,360741,1,2,1,2,1,2,3,2,1,2,2,2,1,2,2,2,1,2,2,2,3,2,2,2,2,2,2,2,2,2,2,0,0,0
2008,36,77,1,360742,1,2,2,2,1,1,3,1,4,1,1,2,2,2,1,1,2,2,2,2,3,2,2,2,2,2,1,1,2,2,2,0,0,0
2008,36,33,1,360743,1,2,1,2,1,1,3,1,3,1,1,2,2,2,2,2,2,2,2,2,3,1,1,1,1,2,2,1,2,2,2,0,0,0
2008,36,29,1,360744,1,2,1,2,1,1,6,1,4,1,1,2,2,2,2,2,2,2,2,2,3,2,2,2,2,1,1,1,2,2,2,0,0,0
2008,36,119,1,360745,1,2,1,2,1,2,6,2,3,1,1,2,2,2,2,2,2,2,2,2,3,2,2,2,2,1,2,2,1,2,2,0,0,0
2008,36,11,1,360746,1,2,1,2,4,2,6,2,1,2,2,2,1,2,2,1,2,2,2,2,1,2,2,2,2,2,2,2,1,2,2,0,0,0
2008,36,121,1,360747,1,2,1,2,1,2,3,2,2,2,1,2,2,2,2,2,2,2,2,2,3,2,2,2,2,1,2,2,1,2,2,0,0,0
2008,36,73,1,360748,1,2,1,2,1,2,6,2,3,1,2,2,2,2,2,2,2,2,2,2,3,2,2,2,2,1,2,2,1,2,2,0,0,0
2008,36,59,1,360749,1,2,2,2,1,1,4,1,4,1,1,2,2,2,2,2,2,2,2,2,3,2,2,2,2,1,2,2,2,1,2,0,0,0
2008,36,59,1,360750,1,2,1,2,1,1,6,1,4,1,1,2,2,2,2,2,2,2,2,2,3,2,2,1,1,1,2,1,2,2,2,0,0,0
2008,36,71,1,360751,1,2,1,2,1,1,6,1,4,1,2,2,2,2,1,2,2,2,2,2,3,2,2,2,2,1,2,2,2,2,2,0,0,0
2008,36,103,1,360752,1,2,1,2,1,1,6,1,3,1,1,2,2,2,2,2,2,2,2,2,1,2,2,2,2,2,2,2,2,2,2,0,0,0
2008,36,103,1,360754,1,2,2,2,4,2,5,2,1,2,2,2,1,2,2,2,2,2,2,2,1,2,2,1,1,2,2,1,1,2,2,0,0,0
2008,36,79,1,360755,1,2,1,2,4,2,3,2,1,2,1,2,1,2,2,1,2,2,2,2,1,2,2,2,2,2,2,2,1,2,2,0,0,0
2008,36,103,1,360756,1,2,1,2,4,2,3,2,1,2,1,2,1,2,2,1,2,2,2,2,3,2,2,2,2,2,1,1,1,2,2,0,0,0
2008,36,103,1,360757,1,2,1,2,4,1,6,1,1,2,2,2,1,2,2,2,2,2,2,2,3,1,1,1,1,2,2,1,2,2,2,0,0,0
2008,36,103,1,360758,1,2,2,2,1,2,6,2,4,2,1,2,2,2,2,1,2,2,2,2,3,2,2,1,1,2,2,1,1,2,2,0,0,0
2008,36,29,1,360760,1,2,1,2,1,1,3,1,1,1,1,2,1,2,2,2,1,2,2,2,3,2,2,2,2,2,2,2,2,2,2,0,0,0
2008,36,103,1,360761,1,2,1,2,4,2,6,2,1,2,2,2,1,2,1,2,2,2,2,2,3,2,2,2,2,2,2,2,1,2,2,0,0,0
2008,36,103,1,360762,1,2,2,2,1,1,6,1,4,2,1,2,2,2,1,1,2,2,2,2,3,2,2,2,2,1,2,2,2,2,2,0,0,0
2008,36,103,1,360763,1,2,1,2,1,2,3,2,1,2,1,2,1,2,2,2,1,2,2,2,3,2,2,2,2,1,2,2,2,2,2,0,0,0
2008,36,103,1,360764,1,2,2,2,1,1,3,1,1,2,2,1,1,2,2,2,1,2,2,2,3,2,2,2,2,2,2,2,2,2,2,0,0,0
2008,36,103,1,360765,1,2,1,2,4,1,6,1,1,2,1,2,1,2,2,2,2,2,2,2,1,1,1,1,1,2,2,1,2,2,2,0,0,0
2008,36,103,1,360766,1,2,1,2,1,1,6,1,1,2,2,2,1,2,2,2,2,1,2,2,3,2,2,1,1,2,2,1,2,2,2,0,0,0
2008,36,79,1,360767,1,2,1,2,1,2,4,2,4,1,2,2,2,2,1,1,2,2,2,2,3,2,2,2,2,2,1,1,1,2,2,0,0,0
2008,36,61,1,360768,1,2,2,2,1,2,4,2,1,1,1,2,1,2,2,2,1,2,2,2,3,2,2,2,2,2,2,2,2,2,2,0,0,0
2008,36,103,1,360769,1,2,1,2,1,1,3,1,2,1,1,2,2,1,2,2,2,2,2,2,3,2,2,2,2,1,2,2,2,2,2,0,0,0
2008,36,71,1,360770,1,2,1,2,4,2,6,2,1,1,1,2,1,2,1,2,2,2,2,2,2,2,2,2,2,2,2,2,1,2,2,0,0,0
2008,36,103,1,360771,1,2,2,2,1,1,3,1,4,2,2,2,2,2,2,1,2,2,2,2,3,1,1,1,1,2,2,1,2,2,2,0,0,0
2008,36,103,1,360772,1,2,2,2,1,1,6,1,2,2,1,2,2,2,2,1,2,2,2,2,3,1,1,1,1,2,2,1,2,2,2,0,0,0
2008,36,115,1,360773,1,2,1,2,4,2,6,2,1,1,1,2,1,2,2,2,2,2,2,2,3,2,2,2,2,1,2,2,1,2,2,0,0,0
2008,36,111,1,360774,1,2,1,1,4,2,1,2,1,1,2,2,1,2,2,2,2,2,1,2,3,2,2,2,2,1,2,2,1,2,1,0,0,0
2008,36,91,1,360775,1,2,1,2,1,2,6,2,1,2,1,2,1,2,2,2,1,2,2,2,2,2,2,2,2,2,2,2,2,2,2,0,0,0
2008,36,47,1,360776,1,2,2,2,1,1,3,1,1,1,1,2,1,2,2,2,1,2,2,2,3,2,2,2,2,2,2,2,2,2,2,0,0,0
2008,36,61,1,360777,1,2,2,2,1,1,4,1,1,1,1,2,1,2,2,2,1,2,2,2,3,2,2,2,2,2,2,2,2,2,2,0,0,0
2008,36,103,1,360778,1,2,1,2,1,1,6,1,4,1,1,2,2,2,1,2,2,2,2,2,3,2,2,2,2,1,1,1,2,2,2,0,0,0
2008,36,45,1,360779,1,2,1,2,4,2,6,2,1,1,1,2,1,2,1,1,2,2,2,2,1,2,2,2,2,2,2,2,1,2,2,0,0,0
2008,36,29,1,360780,1,2,1,2,4,2,6,2,1,1,2,2,1,2,2,2,2,2,1,2,1,2,2,2,2,2,2,2,1,2,2,0,0,0
2008,36,103,1,360781,1,2,2,2,1,2,3,2,3,2,2,2,2,2,2,2,2,2,2,2,3,2,2,2,2,2,2,2,1,2,1,0,0,0
2008,36,29,1,360782,1,2,2,2,1,2,4,2,4,1,1,2,2,2,2,2,2,2,2,2,3,2,2,2,2,1,2,2,2,2,2,0,0,0
2008,36,79,1,360783,1,2,1,2,1,2,3,2,3,2,1,1,3,2,2,2,2,2,2,2,3,2,2,2,2,1,1,1,2,2,2,0,0,0
2008,36,105,1,360784,1,2,1,2,4,2,6,2,1,1,1,2,1,2,2,1,2,2,2,2,2,2,2,2,2,1,2,2,1,2,2,0,0,0
2008,36,81,1,360785,1,2,2,2,1,1,6,1,1,1,1,2,1,2,1,1,2,2,2,2,2,2,2,2,2,2,2,2,2,2,2,0,0,0
2008,36,61,1,360786,1,2,2,2,2,2,3,2,7,1,2,2,1,2,1,1,2,2,2,2,1,2,2,2,2,2,2,2,1,2,2,0,0,0
2008,36,61,1,360787,1,2,2,2,1,1,5,1,1,2,2,2,1,2,2,2,2,1,2,2,3,2,2,2,2,2,2,2,2,2,2,0,0,0
2008,36,61,1,360788,1,2,2,2,1,2,5,2,2,1,1,2,3,2,1,1,2,2,2,2,3,2,2,2,2,2,2,2,2,2,2,0,0,0
2008,36,91,1,360789,1,2,1,2,4,2,6,2,1,2,2,2,1,2,2,1,2,2,2,2,1,2,2,2,2,2,2,2,1,2,2,0,0,0
2008,36,81,1,360790,1,2,2,2,1,1,3,1,1,2,2,2,1,2,2,2,1,2,2,2,3,2,2,2,2,2,2,2,2,2,2,0,0,0
2008,36,27,1,360791,1,2,1,2,4,2,6,2,1,2,2,2,1,2,2,1,2,2,2,2,2,1,1,1,1,2,2,1,1,2,2,0,0,0
2008,36,55,2,360792,1,2,1,2,1,2,3,2,3,1,1,2,2,2,2,2,2,2,2,2,1,2,2,2,2,2,2,2,1,2,2,0,0,0
2008,36,29,2,360793,1,2,1,1,1,2,1,2,3,2,2,2,3,2,2,2,2,2,2,2,1,2,2,2,2,2,2,2,2,2,2,0,0,0
2008,36,59,1,360794,1,2,2,2,4,1,3,1,2,2,2,2,1,2,1,1,2,2,2,2,1,2,2,2,2,2,2,2,2,2,2,0,0,0
2008,36,59,1,360795,1,2,2,2,1,1,3,1,1,1,2,2,1,2,2,2,2,1,2,2,3,2,2,2,2,2,2,2,2,2,2,0,0,0
2008,36,47,1,360796,1,2,2,2,1,1,3,1,1,2,2,2,2,2,2,2,1,2,2,2,3,2,2,2,2,2,2,2,2,2,2,0,0,0
2008,36,47,1,360797,1,2,2,2,1,1,3,1,1,1,1,2,1,2,2,2,1,2,2,2,3,2,2,2,2,2,2,2,2,2,2,0,0,0
2008,36,119,1,360798,1,2,1,2,4,2,3,2,1,1,2,2,1,2,1,2,2,2,2,2,1,2,2,2,2,2,2,2,1,2,2,0,0,0
2008,36,47,1,360799,1,2,2,2,1,1,6,1,4,2,2,1,2,2,2,1,2,2,2,2,3,2,2,2,2,1,2,2,2,2,2,0,0,0
2008,36,91,1,360800,1,2,1,2,4,2,3,2,1,1,1,2,1,2,2,2,2,2,2,2,3,2,2,2,2,1,2,2,1,2,2,0,0,0
2008,36,81,1,360801,1,2,2,2,1,1,6,1,4,2,2,2,2,2,1,2,2,2,2,2,3,2,2,2,2,2,2,2,2,2,2,0,0,0
2008,36,119,1,360802,1,2,1,2,1,2,6,2,1,2,2,2,1,2,2,2,1,2,2,2,3,2,2,2,2,2,2,2,2,2,2,0,0,0
2008,36,61,1,360803,1,2,1,2,4,1,3,1,1,2,1,2,1,2,2,1,2,2,2,2,2,2,2,2,2,2,2,2,2,2,2,0,0,0
2008,36,81,1,360804,1,2,2,1,1,2,1,2,1,2,1,2,1,1,2,2,1,2,2,2,3,2,2,2,2,2,2,2,2,2,2,0,0,0
2008,36,61,1,360805,1,2,2,2,1,1,3,1,1,2,1,2,1,2,2,2,2,1,2,2,3,2,2,2,2,2,1,1,2,2,2,0,0,0
2008,36,113,1,360806,1,2,1,2,4,2,6,2,1,1,1,2,1,2,1,2,2,2,2,2,2,2,2,2,2,2,1,1,1,2,2,0,0,0
2008,36,63,1,360807,1,2,1,2,1,1,6,1,1,2,2,2,1,2,1,2,2,2,2,2,3,2,2,2,2,2,2,2,2,2,2,0,0,0
2008,36,119,1,360808,1,2,1,2,6,1,3,1,7,2,2,2,1,2,2,2,2,2,2,2,3,2,2,2,2,2,2,2,2,2,2,0,0,0
2008,36,61,1,360809,1,2,1,2,1,2,3,2,1,2,1,1,1,2,2,2,1,2,2,2,3,1,1,1,1,2,2,1,2,2,2,0,0,0
2008,36,47,1,360810,1,2,2,2,4,1,3,1,1,2,2,2,1,2,2,1,1,2,2,2,3,2,2,1,1,2,2,1,2,2,2,0,0,0
2008,36,47,1,360811,1,2,2,2,1,1,3,1,1,1,1,2,1,2,2,2,2,1,2,2,3,2,2,2,2,2,2,2,2,2,2,0,0,0
2008,36,75,1,360812,1,2,1,2,4,2,6,2,1,2,1,2,1,2,2,1,2,2,2,2,3,2,2,2,2,2,2,2,1,2,2,0,0,0
2008,36,93,1,360813,1,2,1,2,1,2,6,2,1,1,2,2,1,2,2,2,1,2,2,2,3,2,2,2,2,2,2,2,2,1,2,0,0,0
2008,36,81,1,360814,1,2,2,2,1,1,6,1,4,1,1,2,2,2,1,2,2,2,2,2,3,1,1,1,1,2,2,1,2,1,2,0,0,0
2008,36,81,1,360815,1,2,2,2,1,2,3,2,1,1,1,2,1,1,2,2,1,2,2,2,3,2,2,2,2,2,2,2,2,2,2,0,0,0
2008,36,59,1,360816,1,2,1,2,1,1,6,1,1,1,2,2,1,2,2,2,1,2,2,2,3,2,2,2,2,1,2,2,2,2,2,0,0,0
2008,36,29,1,360817,1,2,1,2,1,1,3,1,4,1,1,2,3,1,2,1,2,2,2,2,3,2,2,2,2,1,2,2,2,2,2,0,0,0
2008,36,85,1,360818,1,2,2,2,1,1,3,1,1,2,1,2,2,2,1,1,2,2,2,2,1,2,2,2,2,2,2,2,2,2,2,0,0,0
2008,36,61,1,360819,1,2,2,2,1,1,4,1,1,2,1,2,1,2,2,2,1,2,2,2,3,2,2,2,2,2,2,2,2,2,2,0,0,0
2008,36,47,1,360820,1,2,2,2,1,1,3,1,4,1,1,2,2,2,1,1,2,2,2,2,3,2,2,2,2,2,2,2,2,2,2,0,0,0
2008,36,93,1,360821,1,2,1,2,4,2,6,2,1,2,1,2,1,2,1,2,2,2,2,2,3,2,2,2,2,1,2,2,1,2,2,0,0,0
2008,36,119,1,360822,1,2,1,2,1,1,6,1,1,1,1,2,1,2,2,2,1,2,2,2,3,2,2,2,2,2,2,2,2,2,2,0,0,0
2008,36,119,1,360823,1,2,2,2,1,2,3,3,4,1,1,2,2,2,2,2,2,2,2,2,3,2,2,2,2,1,2,2,2,1,2,0,0,0
2008,36,119,1,360824,1,2,2,2,1,2,4,2,1,1,2,2,1,2,2,2,1,2,2,2,3,2,2,2,2,2,1,1,2,2,2,0,0,0
2008,36,85,1,360825,1,2,2,2,4,2,3,2,1,2,1,2,1,2,1,2,2,2,2,2,1,2,2,2,2,2,2,2,1,2,2,0,0,0
2008,36,105,1,360826,1,2,1,2,4,2,3,2,1,1,1,2,1,2,1,1,2,2,2,2,3,2,2,2,2,2,2,2,1,2,2,0,0,0
2008,36,29,1,360827,1,2,1,2,4,1,6,1,1,2,2,2,1,2,2,1,2,2,2,2,1,2,2,2,2,2,1,1,2,2,2,0,0,0
2008,36,61,1,360828,1,2,1,2,4,2,3,2,1,2,1,2,1,2,2,1,2,2,1,2,2,2,2,2,2,2,1,1,1,2,2,0,0,0
2008,36,55,1,360829,1,2,1,2,4,2,6,2,1,1,2,2,1,2,2,2,2,2,2,2,2,2,2,2,2,2,1,1,1,2,2,0,0,0
2008,36,111,1,360830,1,2,1,2,4,2,6,2,1,1,2,2,1,2,1,2,2,2,2,2,2,2,2,2,2,2,2,2,1,2,2,0,0,0
2008,36,71,1,360831,1,2,2,2,1,1,3,1,2,1,1,2,3,2,2,2,2,2,1,2,2,2,2,2,2,1,2,2,2,1,2,0,0,0
2008,36,59,1,360832,1,2,1,2,4,2,6,2,1,1,2,2,1,2,2,1,2,2,2,2,1,2,2,2,2,2,2,2,1,2,2,0,0,0
2008,36,47,1,360833,1,2,2,1,1,2,1,2,3,2,1,2,3,1,2,2,2,2,2,2,3,2,2,2,2,1,2,2,1,1,2,0,0,0
2008,36,59,1,360834,1,2,1,2,4,2,3,2,1,2,2,2,1,2,2,1,2,2,2,2,2,2,2,2,2,2,2,2,1,2,2,0,0,0
2008,36,83,1,360835,1,2,1,2,1,2,3,2,3,1,1,2,2,1,2,2,2,2,2,2,3,2,2,2,2,2,2,2,1,2,2,0,0,0
2008,36,81,1,360836,1,2,2,2,1,1,3,1,1,1,1,2,1,2,2,2,1,2,2,2,3,2,2,2,2,2,2,2,2,2,2,0,0,0
2008,36,71,1,360837,1,2,1,2,1,1,3,1,3,1,1,2,3,1,2,2,2,2,1,2,3,2,2,2,2,1,2,2,2,2,2,0,0,0
2008,36,59,1,360838,1,2,2,2,4,2,4,2,1,2,1,2,2,2,2,1,2,2,1,2,3,1,1,1,1,2,2,1,1,2,2,0,0,0
2008,36,103,1,360839,1,2,1,2,4,2,3,2,1,1,1,2,1,2,2,2,2,2,2,2,2,2,2,2,2,1,2,2,1,2,2,0,0,0
2008,36,65,1,360840,1,2,1,2,1,2,3,2,3,2,2,2,2,1,2,2,2,2,2,2,3,2,2,2,2,2,1,1,1,2,2,0,0,0
2008,36,57,1,360841,1,2,1,2,4,2,6,2,1,1,1,2,1,2,2,1,2,2,1,2,3,1,1,1,1,2,2,1,1,2,2,0,0,0
2008,36,61,1,360842,1,2,1,2,1,2,3,2,1,2,2,2,1,2,2,2,1,2,2,2,3,2,2,2,2,2,2,2,2,2,2,0,0,0
2008,36,103,1,360843,1,2,2,2,1,1,4,1,4,1,2,2,2,2,2,2,2,2,2,2,3,2,2,2,2,1,2,2,2,2,2,0,0,0
2008,36,103,1,360844,1,2,1,2,1,2,3,2,1,2,2,2,1,2,2,2,1,2,2,2,3,2,2,2,2,2,2,2,2,2,2,0,0,0
2008,36,103,1,360845,1,2,2,2,1,1,4,1,4,2,1,2,2,2,2,2,2,2,2,2,3,1,1,1,1,2,2,1,2,2,2,0,0,0
2008,36,119,1,360846,1,2,1,1,1,2,1,2,1,2,2,1,1,2,2,2,2,2,2,2,3,2,2,2,2,2,2,2,2,2,2,0,0,0
2008,36,59,1,360847,1,2,2,2,4,2,2,2,1,1,2,2,1,2,1,1,2,2,2,2,2,2,2,2,2,2,2,2,1,2,2,0,0,0
2008,36,115,1,360848,1,2,1,2,4,1,3,1,1,1,1,2,1,2,2,2,2,2,1,2,2,2,2,2,2,2,2,2,2,2,2,0,0,0
2008,36,111,1,360849,1,2,1,2,4,2,3,2,1,1,2,2,1,2,1,1,2,2,2,2,3,2,2,2,2,2,2,2,1,2,2,0,0,0
2008,36,29,1,360850,1,2,2,2,1,2,5,2,1,1,2,2,1,2,2,2,1,2,2,2,3,2,2,2,2,2,1,1,2,1,2,0,0,0
2008,36,119,1,360851,1,2,1,2,1,1,6,1,1,1,2,1,1,2,2,2,1,2,2,2,3,2,2,2,2,2,2,2,2,2,2,0,0,0
2008,36,59,1,360852,1,2,2,2,1,1,4,1,4,1,2,2,2,2,1,2,2,2,2,2,3,2,2,2,2,2,2,2,2,2,2,0,0,0
2008,36,109,1,360853,1,2,1,2,4,2,6,2,1,1,2,2,1,2,2,2,2,2,1,2,3,2,2,2,2,2,1,1,1,2,2,0,0,0
2008,36,61,1,360854,1,2,2,2,1,1,3,1,4,1,1,2,2,2,2,2,2,2,2,2,3,1,1,1,1,2,2,1,2,2,2,0,0,0
2008,36,81,1,360855,1,2,2,2,1,1,6,1,3,1,1,2,2,2,1,2,2,2,2,2,3,2,2,2,2,1,2,2,2,2,2,0,0,0
2008,36,103,1,360856,1,2,1,2,1,3,3,4,4,1,1,2,2,2,2,2,2,2,2,2,3,2,2,2,2,2,2,2,2,2,2,0,0,0
2008,36,63,1,360857,1,2,1,2,1,1,6,1,1,2,2,1,1,2,2,1,1,2,2,2,3,2,2,2,2,2,2,2,2,2,2,0,0,0
2008,36,65,1,360858,1,2,1,2,1,1,6,1,1,1,1,2,1,2,2,2,2,1,2,2,3,2,2,2,2,2,2,2,2,2,2,0,0,0
2008,36,19,1,360859,1,2,1,2,4,2,6,2,1,2,2,2,1,2,2,1,2,2,2,2,3,2,2,2,2,2,2,2,1,2,2,0,0,0
2008,36,49,1,360860,1,2,1,2,1,2,6,2,1,2,1,1,1,2,2,2,2,2,2,2,3,2,2,2,2,2,2,2,2,2,2,0,0,0
2008,36,27,1,360861,1,2,1,2,1,2,6,2,1,1,2,2,1,2,2,2,1,2,2,2,3,1,1,1,1,2,2,1,2,2,2,0,0,0
2008,36,49,1,360862,1,2,1,2,4,2,6,2,1,1,2,2,1,2,2,1,2,2,2,2,2,2,2,2,2,2,2,2,1,2,2,0,0,0
2008,36,65,1,360863,1,2,1,1,1,2,1,2,1,1,1,2,2,1,2,2,2,2,2,2,3,2,2,2,2,2,2,2,2,2,2,0,0,0
2008,36,29,1,360864,1,2,2,1,1,2,1,2,2,1,1,2,3,1,1,1,2,2,2,2,3,2,2,2,2,2,2,2,2,2,2,0,0,0
2008,36,65,1,360865,1,2,1,2,4,2,6,2,1,2,2,1,1,2,2,2,2,2,1,2,1,2,2,2,2,2,2,2,1,2,2,0,0,0
2008,36,3,1,360866,1,2,1,2,4,2,3,2,1,2,1,2,1,2,2,1,2,2,1,2,2,2,2,2,2,2,2,2,1,2,2,0,0,0
2008,36,45,1,360867,1,2,1,1,1,2,1,2,1,2,2,2,1,2,2,2,1,2,2,2,3,2,2,2,2,2,1,1,2,2,2,0,0,0
2008,36,11,1,360868,1,2,1,2,1,2,3,2,4,1,2,2,2,2,2,1,2,2,2,2,3,2,2,1,1,1,2,1,1,2,2,0,0,0
2008,36,81,1,360869,1,2,2,2,1,2,3,2,5,1,1,1,2,2,2,2,2,2,2,2,3,2,2,2,2,1,2,2,2,2,2,0,0,0
2008,36,91,1,360870,1,2,1,1,1,2,1,2,5,1,2,2,2,2,2,2,2,2,2,2,3,2,2,2,2,2,2,2,2,2,2,0,0,0
2008,36,111,1,360871,1,2,1,2,1,2,3,2,2,1,1,2,2,2,2,2,2,2,2,2,3,2,2,2,2,1,2,2,2,2,2,0,0,0
2008,36,81,1,360872,1,2,2,2,1,1,3,1,1,1,1,2,1,2,2,1,1,2,2,2,3,2,2,2,2,2,1,1,2,2,2,0,0,0
2008,36,121,1,360873,1,2,1,2,4,2,6,2,1,1,1,2,1,2,2,2,2,2,2,2,3,2,2,2,2,1,2,2,1,2,1,0,0,0
2008,36,77,1,360874,1,2,1,2,4,2,3,2,1,1,1,2,1,2,2,2,2,2,2,2,2,2,2,2,2,1,2,2,1,2,2,0,0,0
2008,36,103,1,360875,1,2,1,2,4,2,6,2,1,1,2,2,1,2,1,2,2,2,2,2,2,2,2,2,2,2,2,2,1,2,2,0,0,0
2008,36,47,1,360876,1,2,2,2,4,1,6,1,1,1,1,2,1,2,1,1,2,2,2,2,3,2,2,2,2,2,2,2,2,2,2,0,0,0
2008,36,47,1,360877,1,2,2,2,1,2,3,2,1,2,1,2,1,2,2,2,1,2,2,2,3,2,2,2,2,2,1,1,2,2,2,0,0,0
2008,36,5,1,360879,1,2,2,2,1,1,4,1,1,1,1,2,2,2,2,2,1,2,2,2,3,2,2,2,2,1,2,2,2,2,2,0,0,0
2008,36,53,1,360880,1,2,1,1,4,2,1,2,1,1,1,2,1,2,2,2,2,2,2,2,3,2,2,2,2,2,2,2,1,2,1,0,0,0
2008,36,81,1,360881,1,2,2,2,1,1,3,1,3,1,1,2,2,1,2,2,2,2,2,2,3,2,2,2,2,1,2,2,2,1,2,0,0,0
2008,36,65,1,360882,1,2,1,2,1,2,3,2,1,2,1,2,2,2,1,2,1,2,2,2,3,2,2,2,2,2,2,2,2,2,2,0,0,0
2008,36,81,1,360883,1,2,2,2,3,2,2,2,1,2,2,2,1,2,1,1,2,2,2,2,1,2,2,2,2,2,2,2,1,2,2,0,0,0
2008,36,85,1,360884,1,2,2,2,1,2,4,2,1,2,1,1,1,2,2,2,1,2,2,2,3,2,2,2,2,2,2,2,2,2,2,0,0,0
2008,36,27,1,360885,1,2,1,2,1,2,3,2,3,2,2,2,2,2,1,2,2,2,2,2,1,1,1,1,1,2,2,1,1,2,2,0,0,0
2008,36,47,1,360886,1,2,1,1,1,2,1,2,1,2,2,1,2,2,2,2,1,2,2,2,3,2,2,2,2,2,2,2,2,2,2,0,0,0
2008,36,61,1,360887,1,2,2,2,1,1,4,1,1,1,1,2,1,2,2,2,1,2,2,2,3,2,2,2,2,2,1,1,2,2,2,0,0,0
2008,36,115,2,360888,1,2,1,2,1,2,3,2,3,1,1,2,2,2,2,2,2,2,2,2,3,2,2,2,2,2,2,2,1,2,2,0,0,0
2008,36,101,1,360889,1,2,1,2,1,2,3,2,4,2,2,2,2,2,2,2,2,2,2,2,1,2,2,2,2,2,2,2,1,2,2,0,0,0
2008,36,51,1,360890,1,2,1,2,1,2,3,2,1,1,1,2,1,1,2,2,1,2,2,2,3,2,2,2,2,2,2,2,2,2,2,0,0,0
2008,36,91,1,360891,1,2,1,2,1,1,3,1,4,1,1,2,2,2,2,2,2,2,2,2,3,2,2,2,2,2,2,2,2,2,2,0,0,0
2008,36,15,1,360892,1,2,1,1,1,2,1,2,1,2,2,2,2,2,2,2,1,2,2,2,3,2,2,2,2,2,2,2,2,2,2,0,0,0
2008,36,21,1,360893,1,2,1,2,1,1,6,1,3,1,2,2,2,2,2,2,2,2,2,2,3,2,2,2,2,2,2,2,2,2,2,0,0,0
2008,36,13,2,360894,1,2,1,2,1,2,3,2,4,1,1,2,2,2,2,1,2,2,2,2,3,2,2,2,2,2,2,2,1,2,2,0,0,0
2008,36,103,1,360895,1,2,1,2,1,1,3,1,1,1,2,2,1,2,2,2,1,2,2,2,3,2,2,2,2,2,2,2,2,2,2,0,0,0
2008,36,5,1,360896,1,2,2,2,4,2,3,2,1,2,1,2,1,2,1,1,2,2,2,2,1,2,2,2,2,2,1,1,1,2,2,0,0,0
2008,36,71,1,360897,1,2,2,2,1,1,3,1,4,1,1,2,2,2,2,2,2,2,2,2,3,2,2,2,2,1,2,2,2,2,2,0,0,0
2008,36,29,1,360898,1,2,1,2,1,2,6,3,4,2,1,2,2,2,1,2,2,2,2,2,1,2,2,2,2,2,2,2,2,2,2,0,0,0
2008,36,55,1,360899,1,2,1,2,4,2,6,2,1,2,1,2,1,2,2,2,2,2,2,2,3,1,1,1,1,2,2,1,1,2,2,0,0,0
2008,36,47,1,360900,1,2,2,2,4,2,4,2,1,1,2,2,1,2,2,1,2,2,2,2,2,2,2,2,2,2,2,2,1,2,2,0,0,0
2008,36,47,1,360901,1,2,2,2,1,1,3,1,1,1,2,2,1,2,2,2,2,1,2,2,3,2,2,2,2,2,2,2,2,2,2,0,0,0
2008,36,47,1,360902,1,2,2,2,1,1,5,1,1,1,1,2,1,2,2,2,1,2,2,2,3,2,2,2,2,2,2,2,2,2,2,0,0,0
2008,36,47,1,360903,1,2,2,2,1,1,4,1,1,1,2,2,1,1,2,2,2,1,2,2,3,2,2,2,2,2,2,2,2,2,2,0,0,0
2008,36,65,1,360905,1,2,2,2,4,2,4,2,1,1,2,2,1,2,1,1,2,2,2,2,1,2,2,2,2,2,2,2,1,2,2,0,0,0
2008,36,103,1,360906,1,2,2,2,1,1,5,1,4,1,1,2,2,2,2,2,2,2,2,2,3,2,2,2,2,1,2,2,2,2,2,0,0,0
2008,36,81,1,360907,1,2,2,2,1,1,3,1,1,1,1,2,1,1,2,2,1,2,2,2,3,2,2,2,2,2,2,2,2,2,2,0,0,0
2008,36,81,1,360908,1,2,2,2,1,1,3,1,1,1,1,2,1,2,2,2,1,2,2,2,3,2,2,2,2,2,2,2,2,1,2,0,0,0
2008,36,29,1,360909,1,2,1,2,1,2,6,2,1,2,2,2,1,2,2,2,1,2,2,2,3,2,2,2,2,2,2,2,2,2,2,0,0,0
2008,36,81,1,360910,1,2,2,2,1,1,6,1,1,2,1,1,1,2,2,2,1,2,2,2,3,2,2,2,2,2,2,2,2,2,2,0,0,0
2008,36,59,1,360911,1,2,2,2,1,1,4,1,2,1,1,2,3,2,2,2,2,2,2,2,3,2,2,2,2,1,2,2,2,1,2,0,0,0
2008,36,103,1,360912,1,2,2,2,1,2,6,2,4,1,1,2,2,2,2,2,2,2,2,2,3,2,2,2,2,2,1,1,1,2,2,0,0,0
2008,36,59,1,360913,1,2,1,2,1,2,3,3,4,1,1,2,2,2,2,2,2,2,2,2,3,2,2,1,1,1,2,1,2,2,2,0,0,0
2008,36,119,1,360914,1,2,2,2,1,2,2,2,1,1,1,1,1,2,2,2,1,2,2,2,3,2,2,2,2,2,2,2,2,2,2,0,0,0
2008,36,93,1,360915,1,2,1,1,4,2,1,2,1,2,1,2,1,2,2,2,2,2,1,2,2,2,2,2,2,2,2,2,1,2,2,0,0,0
2008,36,109,1,360916,1,2,1,2,1,2,3,2,4,1,1,2,2,2,2,2,2,2,2,2,3,2,2,2,2,1,2,2,2,2,2,0,0,0
2008,36,111,1,360917,1,2,1,2,1,2,3,2,3,2,1,2,2,2,2,2,2,2,2,2,3,2,2,2,2,2,2,2,1,2,2,0,0,0
2008,36,111,1,360918,1,2,1,2,4,1,6,1,1,1,1,2,1,2,2,2,2,2,2,2,2,2,2,2,2,1,2,2,2,2,2,0,0,0
2008,36,69,2,360919,1,2,1,2,4,2,6,2,1,1,1,2,1,2,2,1,2,2,2,2,2,2,2,2,2,2,2,2,1,2,2,0,0,0
2008,36,103,1,360920,1,2,1,2,4,1,3,1,1,2,1,2,1,2,2,1,2,2,1,2,2,2,2,1,1,2,2,1,2,2,2,0,0,0
2008,36,71,1,360921,1,2,1,2,1,2,3,2,1,2,2,2,1,2,2,2,1,2,2,2,3,2,2,2,2,2,2,2,2,2,2,0,0,0
2008,36,103,2,360922,1,2,1,2,1,2,6,2,1,2,1,2,1,2,2,2,2,1,2,2,3,2,2,2,2,2,2,2,2,2,2,0,0,0
2008,36,103,1,360923,1,2,1,2,1,1,6,1,5,1,1,2,3,1,2,1,2,2,2,2,3,2,2,2,2,2,2,2,2,2,2,0,0,0
2008,36,55,1,360924,1,2,2,2,1,2,4,2,2,2,2,2,3,2,2,2,2,2,2,2,3,1,1,1,1,1,2,1,2,1,2,0,0,0
2008,36,103,2,360925,1,2,1,2,4,1,6,1,1,1,1,2,1,2,2,2,2,2,2,2,1,2,2,2,2,2,1,1,2,2,2,0,0,0
2008,36,81,1,360926,1,2,2,2,1,2,3,2,1,2,2,2,1,2,2,2,1,2,2,2,3,2,2,2,2,2,2,2,2,2,2,0,0,0
2008,36,103,2,360927,1,2,1,2,4,2,6,2,1,1,1,2,1,2,2,1,2,2,2,2,1,2,2,2,2,2,2,2,1,2,2,0,0,0
2008,36,103,1,360928,1,2,1,2,1,2,3,2,1,1,1,2,1,2,2,1,2,2,1,2,2,2,2,2,2,2,2,2,2,2,2,0,0,0
2008,36,75,1,360929,1,2,1,2,4,2,6,2,1,2,1,2,1,2,2,2,2,2,2,2,1,1,1,1,1,2,2,1,1,2,2,0,0,0
2008,36,5,1,360931,1,2,2,2,1,1,3,1,1,2,2,2,1,2,2,2,1,2,2,2,3,2,2,2,2,2,2,2,2,2,2,0,0,0
2008,36,85,1,360932,1,2,2,2,1,1,5,1,4,2,1,2,2,2,2,1,2,2,2,2,1,2,2,2,2,2,2,2,2,2,2,0,0,0
2008,36,87,1,360933,1,2,2,2,1,2,6,2,4,1,1,2,2,2,1,1,2,2,2,2,3,2,2,2,2,2,2,2,2,2,2,0,0,0
2008,36,47,1,360934,1,2,1,2,4,2,3,2,1,2,2,2,2,2,1,2,2,2,2,2,3,2,2,2,2,2,1,1,1,2,2,0,0,0
2008,36,87,1,360935,1,2,2,1,1,2,1,2,2,2,1,1,2,2,1,2,2,2,2,2,3,2,2,2,2,2,1,1,2,1,2,0,0,0
2008,36,1,1,360936,1,2,1,2,4,2,6,2,1,1,1,2,1,2,2,1,2,2,2,2,3,1,1,1,1,2,2,1,1,2,2,0,0,0
2008,36,27,1,360937,1,2,2,2,1,2,6,2,1,1,2,2,1,2,2,2,1,2,2,2,2,2,2,2,2,2,2,2,2,2,2,0,0,0
2008,36,67,1,360938,1,2,1,2,1,1,3,1,4,1,1,2,2,2,2,2,2,2,2,2,3,2,2,2,2,2,2,2,2,2,2,0,0,0
2008,36,119,1,360939,1,2,2,2,1,1,3,1,4,1,2,2,2,2,2,2,2,2,2,2,3,2,2,2,2,1,2,2,2,2,2,0,0,0
2008,36,1,1,360940,1,2,1,1,1,2,1,2,4,2,1,2,2,1,2,2,2,2,2,2,1,2,2,2,2,2,2,2,2,2,2,0,0,0
2008,36,55,1,360941,1,2,1,2,4,2,6,2,1,2,2,2,1,2,2,1,2,2,1,2,1,2,2,2,2,2,2,2,1,2,2,0,0,0
2008,36,101,1,360942,1,2,1,2,4,2,6,2,1,1,1,2,1,2,2,1,2,2,2,2,3,2,2,2,2,1,2,2,1,2,2,0,0,0
2008,36,11,1,360943,1,2,1,2,1,2,3,2,4,2,1,2,2,2,1,2,2,2,2,2,3,2,2,2,2,2,2,2,2,2,2,0,0,0
2008,36,39,1,360945,1,2,1,2,1,1,3,1,4,1,1,2,2,2,2,2,2,2,2,2,3,1,1,1,1,1,2,1,2,2,2,0,0,0
2008,36,17,1,360946,1,2,1,2,1,2,6,2,1,1,1,2,1,2,2,2,1,2,2,2,3,2,2,2,2,2,2,2,2,2,2,0,0,0
2008,36,61,1,360947,1,2,2,2,1,2,3,2,1,1,2,2,1,2,2,2,1,2,2,2,3,2,2,2,2,2,2,2,2,2,2,0,0,0
2008,36,115,1,360948,1,2,1,2,4,2,6,2,1,2,2,2,1,2,2,1,2,2,1,2,1,2,2,2,2,2,1,1,1,2,2,0,0,0
2008,36,81,1,360949,1,2,2,2,1,1,3,1,1,1,1,2,1,2,2,2,2,1,2,2,3,1,1,1,1,2,2,1,2,2,2,0,0,0
2008,36,119,1,360950,1,2,1,2,4,2,3,2,1,2,2,2,1,2,2,2,2,2,1,2,3,2,2,2,2,2,2,2,1,2,2,0,0,0
2008,36,67,1,360951,1,2,2,2,1,1,4,1,4,1,2,2,2,2,1,1,2,2,2,2,3,2,2,1,1,2,1,1,2,2,2,0,0,0
2008,36,87,1,360952,1,2,1,2,1,1,3,1,1,2,1,1,1,2,2,2,1,2,2,2,3,2,2,2,2,2,2,2,2,2,2,0,0,0
2008,36,103,1,360953,1,2,1,2,4,2,3,2,1,1,1,2,1,2,2,2,2,2,2,2,2,2,2,2,2,2,2,2,1,2,2,0,0,0
2008,36,47,1,360954,1,2,2,2,4,2,3,2,1,2,2,2,1,2,1,2,2,2,2,2,2,2,2,2,2,2,2,2,1,2,2,0,0,0
2008,36,13,1,360955,1,2,2,2,4,2,4,2,1,1,2,2,3,2,2,1,2,2,1,2,1,2,2,1,1,2,2,1,1,2,2,0,0,0
2008,36,61,1,360956,1,2,2,2,1,1,3,1,1,2,2,2,1,2,2,2,1,2,2,2,3,2,2,2,2,2,2,2,2,2,2,0,0,0
2008,36,81,1,360957,1,2,2,2,1,1,3,1,1,1,2,1,1,1,2,2,1,2,2,2,3,2,2,2,2,2,2,2,2,2,2,0,0,0
2008,36,81,1,360958,1,2,2,2,1,1,5,1,4,2,2,1,2,2,1,2,2,2,2,2,3,2,2,2,2,2,2,2,2,2,2,0,0,0
2008,36,59,1,360959,1,2,2,2,1,1,3,1,2,2,1,2,2,1,2,2,2,2,2,2,3,2,2,2,2,2,2,2,2,1,2,0,0,0
2008,36,105,1,360960,1,2,1,2,4,2,3,2,1,1,2,2,1,2,2,1,2,2,1,2,1,2,2,2,2,2,2,2,1,2,2,0,0,0
2008,36,111,1,360961,1,2,1,2,4,2,3,2,1,1,1,2,1,2,2,1,2,2,2,2,1,1,1,1,1,2,2,1,1,2,2,0,0,0
2008,36,91,1,360962,1,2,1,2,1,1,3,1,1,2,1,2,1,1,2,2,1,2,2,2,3,2,2,2,2,2,2,2,2,2,2,0,0,0
2008,36,103,1,360963,1,2,1,2,1,2,6,2,1,2,2,2,1,2,2,2,1,2,2,2,3,2,2,2,2,2,2,2,2,2,2,0,0,0
2008,36,71,1,360964,1,2,1,2,1,1,3,1,4,1,1,2,2,2,2,2,2,2,2,2,2,2,2,2,2,1,2,2,2,2,2,0,0,0
2008,36,45,1,360965,1,2,1,2,1,1,6,1,4,1,2,2,2,1,2,2,2,2,2,2,1,2,2,2,2,2,2,2,2,2,2,0,0,0
2008,36,75,1,360966,1,2,1,2,1,2,3,2,2,1,1,2,3,1,2,2,2,2,2,2,3,1,1,1,1,2,2,1,2,2,2,0,0,0
2008,36,55,1,360967,1,2,1,2,1,2,3,2,4,1,2,2,2,2,2,1,2,2,2,2,3,2,2,2,2,1,2,2,2,2,2,0,0,0
2008,36,103,1,360968,1,2,1,2,4,2,6,2,1,2,1,2,1,2,2,2,2,2,2,2,1,2,2,2,2,2,1,1,1,2,2,0,0,0
2008,36,103,1,360969,1,2,1,2,1,2,3,3,1,2,2,2,1,2,2,1,1,2,2,2,3,2,2,2,2,2,2,2,2,2,2,0,0,0
2008,36,103,1,360970,1,2,1,2,1,2,6,2,1,1,1,2,1,2,2,2,1,2,2,2,3,2,2,2,2,1,2,2,2,2,2,0,0,0
2008,36,61,1,360971,1,2,2,2,1,1,3,1,1,2,1,2,1,2,2,2,1,2,2,2,3,2,2,2,2,2,2,2,2,2,2,0,0,0
2008,36,103,1,360972,1,2,2,2,4,2,4,2,1,2,1,2,1,2,2,1,2,2,2,2,1,2,2,1,1,2,2,1,1,2,2,0,0,0
2008,36,11,1,360973,1,2,1,2,4,1,3,1,1,1,1,2,1,2,1,1,2,2,2,2,3,2,2,2,2,2,2,2,2,2,2,0,0,0
2008,36,103,1,360974,1,2,1,2,4,2,3,2,1,1,1,2,1,2,2,2,2,2,2,2,2,2,2,2,2,2,2,2,1,2,2,0,0,0
2008,36,103,1,360975,1,2,1,2,1,2,3,2,1,1,1,2,1,2,2,2,2,1,2,2,3,2,2,2,2,2,1,1,2,2,2,0,0,0
2008,36,103,1,360977,1,2,1,2,1,2,6,2,1,2,1,2,1,2,2,2,1,2,2,2,3,2,2,2,2,2,2,2,2,2,2,0,0,0
2008,36,47,1,360978,1,2,2,2,1,1,4,1,1,1,2,1,1,2,2,2,1,2,2,2,3,2,2,2,2,2,2,2,2,2,2,0,0,0
2008,36,103,1,360979,1,2,1,2,4,1,6,1,1,2,2,2,1,2,2,1,2,2,2,2,1,2,2,2,2,2,1,1,2,2,2,0,0,0
2008,36,59,1,360980,1,2,1,2,1,2,6,2,1,1,2,2,1,2,2,2,1,2,2,2,3,2,2,1,1,2,2,1,2,2,2,0,0,0
2008,36,65,1,360981,1,2,1,2,1,2,3,2,1,1,1,2,1,2,2,2,1,2,2,2,3,2,2,2,2,2,2,2,2,2,2,0,0,0
2008,36,103,2,360982,1,2,2,2,1,1,3,1,4,1,1,2,2,1,2,2,2,2,2,2,3,2,2,2,2,1,2,2,2,2,2,0,0,0
2008,36,103,1,360983,1,2,2,2,1,2,3,2,1,2,1,2,1,2,2,2,1,2,2,2,3,1,1,1,1,2,2,1,2,2,2,0,0,0
2008,36,55,1,360984,1,2,1,2,1,2,6,2,1,2,1,2,1,2,2,2,1,2,2,2,3,2,2,1,1,2,2,1,2,2,2,0,0,0
2008,36,59,1,360985,1,2,1,2,1,2,6,2,1,2,1,2,1,2,2,2,1,2,2,2,3,2,2,2,2,2,2,2,2,2,2,0,0,0
2008,36,59,1,360986,1,2,1,2,1,2,6,2,1,1,1,2,1,2,2,2,1,2,2,2,3,2,2,2,2,2,2,2,2,2,2,0,0,0
2008,36,67,1,360987,1,2,1,2,1,2,6,2,1,2,2,2,1,2,2,2,1,2,2,2,3,2,2,2,2,2,2,2,2,2,2,0,0,0
2008,36,103,1,360988,1,2,1,2,1,1,3,1,4,1,1,2,2,2,2,2,2,2,2,2,3,2,2,2,2,1,2,2,2,2,2,0,0,0
2008,36,59,1,360989,1,2,1,2,1,1,6,1,4,2,1,2,2,2,2,2,2,2,2,2,3,2,2,2,2,2,2,2,2,2,2,0,0,0
2008,36,103,1,360990,1,2,2,2,1,1,6,1,4,1,2,2,2,1,2,2,2,2,2,2,3,2,2,2,2,1,2,2,2,2,2,0,0,0
2008,36,29,1,360991,1,2,2,2,1,2,4,2,4,2,1,2,3,2,1,2,2,2,2,2,1,2,2,2,2,1,2,2,2,2,2,0,0,0
2008,36,33,1,360992,1,2,1,2,4,2,3,2,1,1,2,2,1,2,2,1,2,2,1,2,2,2,2,2,2,2,2,2,1,2,2,0,0,0
2008,36,27,1,360993,1,2,1,2,1,1,3,1,1,1,2,2,1,2,2,1,1,2,2,2,3,1,1,1,1,2,2,1,2,2,2,0,0,0
2008,36,91,1,360994,1,2,1,2,4,2,6,2,1,2,2,2,1,2,2,1,2,2,1,2,1,1,1,1,1,2,2,1,1,2,2,0,0,0
2008,36,101,1,360995,1,2,1,2,4,2,3,2,1,2,1,2,1,2,2,1,2,2,1,2,1,2,2,2,2,2,2,2,1,2,2,0,0,0
2008,36,63,1,360996,1,2,2,2,1,2,4,2,4,1,1,2,2,2,2,2,2,2,2,2,3,2,2,2,2,2,2,2,1,2,2,0,0,0
2008,36,29,1,360997,1,2,1,2,1,2,6,2,1,1,1,2,1,2,2,2,1,2,2,2,3,2,2,2,2,1,2,2,2,2,2,0,0,0
2008,36,59,1,360998,1,2,1,2,4,2,3,2,1,2,1,2,1,2,2,2,2,2,1,2,2,2,2,2,2,1,2,2,1,2,2,0,0,0
2008,36,71,1,360999,1,2,1,2,1,2,6,2,3,2,2,2,2,2,2,1,2,2,1,2,2,1,1,1,1,2,1,1,1,2,2,0,0,0
2008,36,43,2,361000,1,2,1,2,1,2,3,2,4,1,2,2,2,2,2,1,2,2,2,2,3,2,2,2,2,2,2,2,1,2,2,0,0,0
2008,36,89,1,361001,1,2,1,2,1,2,6,3,2,1,1,2,2,2,2,2,2,2,1,2,3,2,2,2,2,1,2,2,2,2,2,0,0,0
2008,36,1,1,361002,1,2,1,2,1,1,6,1,4,1,2,2,2,2,2,2,2,2,2,2,3,2,2,2,2,2,2,2,2,2,2,0,0,0
2008,36,47,1,361003,1,2,1,1,4,2,1,2,1,1,2,2,1,2,1,1,2,2,2,2,2,2,2,2,2,2,2,2,1,2,2,0,0,0
2008,36,81,1,361004,1,2,2,2,1,1,3,1,1,2,1,2,1,1,2,2,2,1,2,2,3,2,2,2,2,2,2,2,2,2,2,0,0,0
2008,36,61,1,361005,1,2,1,2,1,2,3,2,1,1,2,2,1,2,2,1,1,2,2,2,3,2,2,2,2,2,2,2,2,2,2,0,0,0
2008,36,29,1,361006,1,2,2,2,1,1,6,1,4,2,2,2,3,2,2,1,2,2,2,2,3,2,2,2,2,2,2,2,2,2,2,0,0,0
2008,36,61,1,361007,1,2,2,2,1,2,2,2,1,2,2,2,2,2,2,2,1,2,2,2,3,2,2,2,2,2,2,2,2,2,2,0,0,0
2008,36,81,1,361008,1,2,1,2,1,1,3,1,1,1,2,2,1,2,2,2,2,2,2,2,2,2,2,2,2,2,2,2,2,2,2,0,0,0
2008,36,81,1,361009,1,2,1,2,1,2,3,2,1,2,1,1,1,2,2,2,1,2,2,2,3,2,2,2,2,2,2,2,2,2,2,0,0,0
2008,36,59,1,361010,1,2,1,2,1,1,6,1,1,1,1,2,1,2,2,2,1,2,2,2,3,2,2,2,2,2,1,1,2,2,2,0,0,0
2008,36,85,1,361011,1,2,1,2,4,1,6,1,1,2,2,2,1,2,2,1,2,2,2,2,2,2,2,2,2,2,2,2,2,2,2,0,0,0
2008,36,71,1,361012,1,2,1,2,1,2,6,2,1,1,1,2,1,2,2,2,1,2,2,2,3,2,2,2,2,2,2,2,2,2,2,0,0,0
2008,36,81,1,361013,1,2,2,2,1,2,2,2,2,2,1,2,3,2,2,1,2,2,2,2,3,2,2,2,2,2,2,2,2,2,2,0,0,0
2008,36,69,1,361014,1,2,1,2,4,2,6,2,1,2,2,2,1,2,2,1,2,2,1,2,1,2,2,2,2,2,1,1,1,2,2,0,0,0
2008,36,61,1,361015,1,2,1,2,4,2,3,2,1,2,2,2,1,2,1,1,2,2,2,2,1,2,2,2,2,2,2,2,1,2,2,0,0,0
2008,36,81,1,361016,1,2,2,2,1,2,3,2,1,2,2,2,1,2,2,2,1,2,2,2,3,2,2,2,2,1,2,2,2,2,2,0,0,0
2008,36,29,1,361017,1,2,1,2,1,2,6,2,1,2,2,1,1,2,2,2,1,2,2,2,3,2,2,2,2,2,2,2,2,2,2,0,0,0
2008,36,71,1,361018,1,2,1,2,1,2,4,2,4,1,1,2,2,2,2,1,2,2,2,2,3,2,2,2,2,1,2,2,1,2,2,0,0,0
2008,36,81,1,361019,1,2,2,2,1,1,6,1,4,2,1,2,2,2,2,2,2,2,1,2,3,2,2,2,2,2,2,2,2,2,2,0,0,0
2008,36,111,1,361020,1,2,2,2,1,2,2,2,2,2,2,2,2,2,2,2,2,2,2,2,2,2,2,1,1,2,2,1,2,2,2,0,0,0
2008,36,47,1,361021,1,2,2,2,1,2,3,2,1,1,2,2,1,2,1,1,1,2,2,2,2,2,2,2,2,2,2,2,2,2,2,0,0,0
2008,36,81,1,361022,1,2,2,2,1,2,6,2,1,2,2,2,1,2,2,2,2,2,2,2,3,2,2,2,2,2,2,2,2,2,2,0,0,0
2008,36,103,1,361023,1,2,2,2,1,1,6,1,1,1,1,2,1,1,2,2,1,2,2,2,3,2,2,2,2,2,2,2,2,1,2,0,0,0
2008,36,81,2,361024,1,2,2,2,1,1,6,1,4,2,1,2,2,2,2,2,2,2,2,2,3,1,1,1,1,2,2,1,2,2,2,0,0,0
2008,36,119,1,361025,1,2,1,1,4,2,1,3,1,2,1,2,1,2,2,1,2,2,1,2,3,2,2,2,2,2,1,1,1,2,2,0,0,0
2008,36,57,1,361026,1,2,1,2,4,2,6,2,1,1,1,2,1,2,2,1,2,2,2,2,2,2,2,2,2,2,2,2,1,2,2,0,0,0
2008,36,29,3,361027,1,2,1,2,1,1,6,1,4,1,1,2,2,2,2,1,2,2,2,2,3,2,2,2,2,1,2,2,2,2,2,0,0,0
2008,36,119,1,361028,1,2,1,1,1,2,1,3,1,2,2,2,1,2,2,1,2,2,1,2,3,2,2,2,2,2,1,1,2,2,2,0,0,0
2008,36,29,1,361029,1,2,1,2,1,2,6,2,1,1,1,2,1,2,2,1,1,2,2,2,3,2,2,2,2,2,2,2,2,2,2,0,0,0
2008,36,115,1,361030,1,2,1,2,4,2,6,2,1,1,2,2,1,2,2,2,2,2,1,2,2,1,1,1,1,2,2,1,1,2,2,0,0,0
2008,36,67,1,361031,1,2,1,2,1,2,6,2,1,2,1,2,1,2,2,2,1,2,2,2,3,2,2,2,2,2,2,2,2,2,2,0,0,0
2008,36,117,1,361032,1,2,1,2,1,1,6,1,1,1,1,2,1,1,2,2,1,2,2,2,3,2,2,2,2,2,2,2,2,2,2,0,0,0
2008,36,71,1,361033,1,2,1,2,4,2,5,2,1,1,1,2,1,2,2,2,2,2,1,2,2,2,2,2,2,2,2,2,1,2,2,0,0,0
2008,36,55,1,361034,1,2,1,2,4,2,3,2,1,1,2,2,1,2,2,2,1,2,2,2,3,2,2,2,2,2,1,1,1,2,2,0,0,0
2008,36,71,1,361035,1,2,2,2,1,2,6,2,1,2,1,2,1,2,2,2,1,2,2,2,3,2,2,2,2,2,2,2,2,2,2,0,0,0
2008,36,87,1,361036,1,2,1,2,1,2,3,2,2,1,1,2,2,1,2,1,2,2,2,2,1,2,2,2,2,2,2,2,2,2,1,0,0,0
2008,36,75,1,361037,1,2,1,2,1,2,3,2,4,1,1,2,2,2,2,1,2,2,2,2,3,2,2,2,2,1,2,2,1,2,2,0,0,0
2008,36,63,1,361038,1,2,2,2,1,2,4,2,3,2,2,2,2,2,2,2,2,2,2,2,1,2,2,2,2,2,1,1,1,2,2,0,0,0
2008,36,75,1,361039,1,2,1,2,1,1,6,1,4,1,2,2,2,2,2,2,2,2,2,2,3,2,2,2,2,1,2,2,2,2,2,0,0,0
2008,36,87,1,361040,1,2,1,2,4,1,6,1,1,2,1,2,1,2,2,2,2,2,2,2,2,2,2,2,2,2,1,1,2,2,2,0,0,0
2008,36,59,1,361041,1,2,1,2,1,2,6,2,1,2,1,2,1,2,2,2,1,2,2,2,3,2,2,2,2,1,2,2,2,2,2,0,0,0
2008,36,29,1,361042,1,2,1,2,1,1,3,1,4,1,1,2,2,2,2,2,2,2,2,2,3,2,2,2,2,1,2,2,2,2,2,0,0,0
2008,36,85,1,361043,1,2,1,1,1,2,1,2,1,2,1,2,1,1,2,2,1,2,2,2,3,2,2,2,2,2,2,2,2,2,2,0,0,0
2008,36,29,1,361044,1,2,2,2,1,1,3,1,1,2,1,1,1,2,2,1,1,2,2,2,3,2,2,2,2,2,1,1,2,2,2,0,0,0
2008,36,25,1,361045,1,2,1,2,4,2,3,2,1,2,2,2,1,2,2,1,2,2,1,2,1,2,2,2,2,2,1,1,1,2,2,0,0,0
2008,36,53,1,361046,1,2,1,2,1,2,6,3,1,2,1,2,1,2,2,2,2,2,2,2,2,2,2,2,2,1,2,2,2,2,2,0,0,0
2008,36,71,1,361047,1,2,1,1,4,2,1,2,1,1,1,2,1,2,2,1,2,2,2,2,2,2,2,2,2,2,2,2,1,2,2,0,0,0
2008,36,87,1,361048,1,2,1,2,1,2,3,2,1,1,1,2,1,2,2,2,1,2,2,2,3,2,2,2,2,2,2,2,2,2,2,0,0,0
2008,36,87,1,361049,1,2,1,2,1,2,3,2,4,1,1,2,2,2,2,1,2,2,1,2,1,2,2,2,2,2,2,2,2,2,2,0,0,0
2008,36,53,1,361050,1,2,1,3,1,2,7,2,4,1,1,2,2,2,2,2,2,2,2,2,3,2,2,1,1,1,2,1,2,2,2,0,0,0
2008,36,11,1,361051,1,2,1,1,1,2,1,2,2,1,1,2,2,1,2,2,2,2,2,2,3,2,2,2,2,2,2,2,2,2,2,0,0,0
2008,36,67,1,361052,1,2,1,2,1,2,3,2,3,1,1,2,2,2,2,2,2,2,2,2,3,2,2,1,1,1,2,1,1,2,1,0,0,0
2008,36,17,1,361053,1,2,1,2,1,1,3,1,4,1,2,2,2,2,2,2,2,2,2,2,3,2,2,2,2,2,1,1,2,2,2,0,0,0
2008,36,39,1,361054,1,2,1,1,1,2,1,2,4,1,2,2,2,1,2,2,2,2,2,2,3,2,2,2,2,2,1,1,2,2,2,0,0,0
2008,36,123,1,361055,1,2,1,2,1,2,4,2,3,1,1,2,2,2,2,1,2,2,2,2,3,2,2,2,2,2,2,2,1,2,2,0,0,0
2008,36,33,1,361056,1,2,1,2,1,2,6,2,4,1,1,2,2,2,2,1,2,2,2,2,3,2,2,2,2,1,2,2,1,2,2,0,0,0
2008,36,103,1,361057,1,2,1,2,4,1,6,1,1,1,1,2,1,2,1,2,2,2,2,2,3,2,2,2,2,2,2,2,2,2,2,0,0,0
2008,36,61,1,361058,1,2,2,2,1,2,3,2,1,1,1,2,1,1,2,2,1,2,2,2,3,2,2,2,2,2,2,2,2,2,2,0,0,0
2008,36,113,1,361059,1,2,1,2,4,2,6,2,1,1,2,2,2,2,2,2,2,2,1,2,3,2,2,2,2,2,2,2,1,2,1,0,0,0
2008,36,103,1,361060,1,2,1,2,4,2,6,2,1,1,2,2,1,2,2,2,2,2,2,2,2,1,1,1,1,2,2,1,1,2,2,0,0,0
2008,36,103,1,361062,1,2,2,2,2,2,3,2,1,1,2,1,1,2,2,2,2,2,2,2,3,2,2,2,2,2,1,1,2,2,2,0,0,0
2008,36,5,1,361063,1,2,2,1,1,1,1,1,1,1,2,1,1,2,2,2,1,2,2,2,3,2,2,2,2,2,2,2,2,2,2,0,0,0
2008,36,47,1,361064,1,2,2,2,1,1,4,1,1,1,1,2,1,2,2,2,2,1,2,2,3,2,2,2,2,2,2,2,2,2,2,0,0,0
2008,36,103,1,361066,1,2,2,2,1,2,3,2,1,2,1,2,1,2,2,2,1,2,2,2,3,2,2,2,2,2,2,2,2,2,2,0,0,0
2008,36,103,1,361067,1,2,1,1,1,2,1,2,2,1,1,2,3,2,2,2,2,2,2,2,3,2,2,2,2,2,2,2,2,2,2,0,0,0
2008,36,29,1,361068,1,2,2,2,1,2,5,2,4,1,2,2,2,2,2,2,2,2,2,2,3,2,2,2,2,1,2,2,2,2,2,0,0,0
2008,36,103,1,361069,1,2,1,2,1,1,3,1,4,2,1,2,3,2,1,1,2,2,2,2,3,1,1,1,1,2,1,1,2,2,2,0,0,0
2008,36,71,1,361070,1,2,1,2,1,2,3,2,4,1,1,2,2,1,2,1,2,2,2,2,3,2,2,2,2,2,2,2,1,2,2,0,0,0
2008,36,119,2,361071,1,2,1,2,4,2,3,2,1,2,1,2,1,2,2,1,2,2,2,2,1,2,2,2,2,2,2,2,1,2,2,0,0,0
2008,36,103,1,361073,1,2,2,2,1,2,4,2,1,2,1,2,1,2,2,2,1,2,2,2,3,2,2,2,2,2,2,2,2,2,2,0,0,0
2008,36,59,1,361074,1,2,1,2,1,1,3,1,1,1,2,2,1,2,2,2,2,1,2,2,3,2,2,2,2,2,1,1,2,2,2,0,0,0
2008,36,103,1,361075,1,2,1,2,1,1,6,1,4,2,2,2,2,2,2,2,2,2,2,2,3,2,2,2,2,1,2,2,2,2,2,0,0,0
2008,36,103,1,361076,1,2,1,2,1,1,6,1,4,1,2,2,2,2,1,1,2,2,2,2,3,2,2,2,2,1,1,1,2,2,2,0,0,0
2008,36,103,1,361077,1,2,1,2,1,1,6,1,5,1,1,2,2,2,2,1,2,2,2,2,3,1,1,1,1,2,2,1,2,2,2,0,0,0
2008,36,63,1,361078,1,2,1,2,1,1,6,1,2,2,2,2,2,2,2,2,2,2,2,2,3,2,2,2,2,2,2,2,2,2,2,0,0,0
2008,36,35,1,361079,1,2,1,2,1,2,3,2,4,1,2,2,2,2,2,2,2,2,2,2,1,2,2,2,2,2,2,2,1,2,2,0,0,0
2008,36,81,1,361080,1,2,1,2,4,2,3,2,1,2,1,2,1,2,2,1,2,2,1,2,3,1,1,1,1,2,2,1,1,2,2,0,0,0
2008,36,55,1,361081,1,2,1,2,4,2,6,2,1,1,1,2,1,2,2,2,2,2,1,2,2,2,2,2,2,2,2,2,1,2,2,0,0,0
2008,36,47,1,361082,1,2,2,2,1,1,2,1,1,2,2,2,1,2,2,1,1,2,2,2,3,2,2,2,2,2,1,1,2,2,2,0,0,0
2008,36,61,2,361083,1,2,2,2,1,1,6,1,1,2,2,2,2,2,2,2,1,2,2,2,3,2,2,2,2,2,2,2,2,1,2,0,0,0
2008,36,103,1,361084,1,2,1,2,1,1,6,1,4,2,1,2,2,2,1,2,2,2,2,2,3,2,2,2,2,1,2,2,2,2,2,0,0,0
2008,36,61,1,361085,1,2,2,2,1,2,2,2,4,1,1,2,2,1,1,1,2,2,2,2,3,2,2,2,2,2,2,2,2,2,2,0,0,0
2008,36,107,2,361086,1,2,1,2,4,2,3,2,1,2,1,2,1,2,2,1,2,2,2,2,3,2,2,2,2,2,1,1,1,2,2,0,0,0
2008,36,103,1,361087,1,2,2,2,1,1,5,1,4,2,1,2,2,2,1,1,2,2,2,2,3,2,2,2,2,2,1,1,2,2,2,0,0,0
2008,36,59,1,361088,1,2,1,2,1,1,3,1,5,1,1,2,2,2,2,1,2,2,2,2,3,1,1,1,1,2,2,1,2,2,2,0,0,0
2008,36,59,1,361089,1,2,2,2,1,1,4,1,4,1,1,2,2,2,2,2,2,2,2,2,3,2,2,2,2,2,2,2,2,2,2,0,0,0
2008,36,59,1,361090,1,2,1,2,1,1,6,1,4,1,1,2,2,2,2,2,2,2,2,2,3,2,2,2,2,1,2,2,2,2,2,0,0,0
2008,36,71,2,361092,1,2,1,2,1,2,5,2,4,1,2,2,2,2,1,1,2,2,2,2,2,2,2,2,2,2,1,1,2,2,2,0,0,0
2008,36,83,1,361093,1,2,1,2,1,2,6,2,2,1,2,2,3,2,2,2,2,2,2,2,3,2,2,2,2,2,1,1,2,2,2,0,0,0
2008,36,43,1,361094,1,2,1,2,1,2,3,2,3,1,1,2,2,1,2,2,2,2,2,2,3,2,2,2,2,2,2,2,1,2,2,0,0,0
2008,36,63,1,361095,1,2,1,2,1,2,5,3,4,1,1,2,2,1,2,2,2,2,2,2,3,2,2,2,2,1,2,2,2,2,2,0,0,0
2008,36,103,1,361096,1,2,1,2,4,2,6,2,1,2,2,2,1,2,2,1,2,2,2,2,1,2,2,2,2,2,1,1,1,2,2,0,0,0
2008,36,81,1,361097,1,2,2,2,1,1,4,1,1,1,1,2,1,2,2,2,2,2,2,2,3,2,2,2,2,2,2,2,2,2,2,0,0,0
2008,36,59,1,361098,1,2,2,2,1,2,6,2,3,2,2,2,2,2,2,2,2,2,2,2,3,2,2,2,2,2,1,1,1,2,2,0,0,0
2008,36,67,1,361099,1,2,1,2,1,2,6,2,1,2,2,2,1,2,2,2,2,1,2,2,3,2,2,2,2,2,2,2,2,2,2,0,0,0
2008,36,59,1,361100,1,2,1,2,4,2,3,2,1,2,2,2,1,2,2,1,2,2,2,2,1,2,2,2,2,2,2,2,1,2,2,0,0,0
2008,36,81,1,361101,1,2,2,2,1,1,6,1,1,2,2,2,1,2,2,2,1,2,2,2,3,2,2,2,2,2,2,2,2,2,2,0,0,0
2008,36,81,1,361102,1,2,1,2,1,1,6,1,1,2,1,2,1,2,2,2,2,1,2,2,3,2,2,2,2,2,2,2,2,2,2,0,0,0
2008,36,85,1,361103,1,2,1,2,4,2,3,2,1,1,1,2,1,2,2,1,2,2,2,2,3,2,2,2,2,2,2,2,1,2,2,0,0,0
2008,36,59,2,361104,1,2,1,2,4,2,6,2,1,1,1,2,1,2,2,2,2,2,2,2,3,2,2,2,2,1,2,2,1,2,2,0,0,0
2008,36,47,1,361105,1,2,2,2,4,1,3,1,1,1,1,2,1,2,1,2,2,2,2,2,2,2,2,2,2,2,2,2,2,2,2,0,0,0
2008,36,103,1,361106,1,2,1,1,4,2,1,2,1,1,2,2,1,2,2,2,2,2,2,2,2,2,2,2,2,1,2,2,1,2,2,0,0,0
2008,36,29,1,361107,1,2,2,2,1,1,3,1,1,1,1,2,1,2,2,2,1,2,2,2,3,2,2,2,2,2,2,2,2,2,2,0,0,0
2008,36,105,1,361108,1,2,1,2,4,2,3,2,1,2,2,2,1,2,2,2,2,2,1,2,1,2,2,2,2,2,1,1,1,2,2,0,0,0
2008,36,47,1,361109,1,2,2,2,1,1,3,1,1,1,1,2,1,2,2,1,1,2,2,2,3,2,2,2,2,2,2,2,2,2,2,0,0,0
2008,36,47,1,361110,1,2,2,2,1,1,3,1,1,1,1,2,1,1,2,2,1,2,2,2,3,2,2,2,2,2,2,2,2,2,2,0,0,0
2008,36,81,1,361111,1,2,2,2,1,1,2,1,2,2,2,2,2,2,2,2,2,2,2,2,3,2,2,2,2,2,2,2,2,2,2,0,0,0
2008,36,65,1,361112,1,2,1,2,4,2,3,2,1,1,1,2,1,2,2,1,2,2,2,2,2,2,2,2,2,1,2,2,1,2,2,0,0,0
2008,36,5,1,361113,1,2,2,2,1,2,4,2,1,1,1,2,2,1,2,2,1,2,2,2,3,2,2,2,2,2,2,2,2,2,2,0,0,0
2008,36,51,1,361114,1,2,1,2,1,2,6,2,1,1,1,2,1,2,2,2,1,2,2,2,3,2,2,2,2,2,2,2,2,2,2,0,0,0
2008,36,63,1,361115,1,2,2,2,1,2,3,2,4,1,2,2,2,2,2,1,2,2,2,2,3,2,2,2,2,2,2,2,1,2,2,0,0,0
2008,36,47,1,361116,1,2,2,2,1,1,3,1,3,1,1,2,2,2,2,2,1,2,2,2,3,2,2,2,2,2,2,2,2,2,2,0,0,0
2008,36,59,1,361117,1,2,1,2,1,2,6,2,1,1,1,2,1,1,2,2,1,2,2,2,3,2,2,2,2,2,2,2,2,2,2,0,0,0
2008,36,47,1,361118,1,2,2,2,4,2,2,2,1,1,2,2,1,2,2,1,2,2,2,2,1,2,2,2,2,2,1,1,1,2,2,0,0,0
2008,36,59,1,361119,1,2,1,2,1,2,6,2,1,2,1,2,1,2,2,2,1,2,2,2,3,2,2,2,2,2,2,2,2,2,2,0,0,0
2008,36,81,1,361120,1,2,2,2,1,2,5,2,1,1,1,1,1,2,2,2,1,2,2,2,3,2,2,2,2,2,2,2,2,2,2,0,0,0
2008,36,5,1,361121,1,2,2,2,1,1,4,1,1,2,2,1,2,2,2,2,1,2,2,2,3,2,2,2,2,2,2,2,2,2,2,0,0,0
2008,36,81,1,361122,1,2,1,2,4,1,6,1,1,2,1,2,1,2,2,1,2,2,2,2,1,2,2,2,2,2,2,2,2,2,2,0,0,0
2008,36,81,1,361123,1,2,2,2,4,1,2,1,1,2,2,2,1,2,2,1,2,2,1,2,1,2,2,1,1,2,2,1,2,2,2,0,0,0
2008,36,121,1,361124,1,2,1,2,4,2,6,2,1,1,2,2,1,2,2,2,2,2,2,2,3,2,2,2,2,1,2,2,1,2,2,0,0,0
2008,36,25,1,361125,1,2,1,2,1,2,3,2,1,2,2,1,2,2,2,2,1,2,2,2,3,2,2,2,2,2,1,1,2,2,2,0,0,0
2008,36,117,1,361126,1,2,1,2,1,2,3,2,4,2,1,2,2,2,2,1,2,2,2,2,3,2,2,2,2,2,2,2,1,2,2,0,0,0
2008,36,55,1,361127,1,2,1,1,4,2,1,2,1,1,1,2,1,2,2,2,2,2,2,2,2,2,2,2,2,1,2,2,1,2,2,0,0,0
2008,36,103,1,361128,1,2,1,1,2,2,1,2,1,1,1,2,1,2,2,2,1,2,2,2,3,2,2,2,2,2,2,2,2,2,2,0,0,0
2008,36,55,2,361129,1,2,1,2,1,1,6,1,4,2,1,2,2,2,2,2,2,2,2,2,1,2,2,2,2,2,1,1,2,2,2,0,0,0
2008,36,63,1,361130,1,2,1,2,1,2,6,2,3,1,2,2,2,2,2,2,2,2,2,2,3,2,2,2,2,1,2,2,1,2,2,0,0,0
2008,36,47,1,361131,1,2,2,2,1,1,3,1,2,1,2,2,2,2,1,2,2,2,2,2,3,2,2,2,2,2,2,2,2,2,2,0,0,0
2008,36,103,1,361132,1,2,1,2,4,2,6,2,1,1,1,2,1,2,2,1,2,2,2,2,2,1,1,1,1,2,2,1,1,2,2,0,0,0
2008,36,81,1,361133,1,2,2,2,1,1,4,1,1,1,1,2,1,2,2,2,1,2,2,2,3,1,1,1,1,2,2,1,2,2,2,0,0,0
2008,36,81,2,361134,1,2,2,2,1,1,6,1,4,2,2,2,2,2,2,1,2,2,2,2,3,2,2,2,2,2,1,1,2,2,2,0,0,0
2008,36,61,1,361135,1,2,2,2,1,1,5,1,1,1,2,2,1,2,2,2,1,2,2,2,3,2,2,2,2,2,2,2,2,1,2,0,0,0
2008,36,5,1,361136,1,2,2,2,1,1,4,1,1,1,1,1,1,1,2,2,2,1,2,2,3,2,2,2,2,1,2,2,2,1,2,0,0,0
2008,36,103,1,361137,1,2,1,2,1,2,3,2,4,1,1,2,2,2,2,2,2,2,2,2,3,2,2,2,2,1,2,2,2,2,2,0,0,0
2008,36,61,1,361138,1,2,2,2,1,1,3,1,1,2,2,2,1,2,2,2,1,2,2,2,3,2,2,2,2,2,2,2,2,2,2,0,0,0
2008,36,61,1,361139,1,2,2,2,1,1,4,1,4,1,2,2,2,2,2,2,2,2,1,2,3,2,2,2,2,1,2,2,2,2,2,0,0,0
2008,36,103,1,361140,1,2,1,2,1,1,6,1,1,2,1,1,1,2,2,2,2,1,2,2,3,2,2,2,2,2,2,2,2,2,2,0,0,0
2008,36,47,1,361141,1,2,2,2,1,1,3,1,1,2,1,2,1,2,2,2,1,2,2,2,3,2,2,2,2,2,2,2,2,2,2,0,0,0
2008,36,61,1,361142,1,2,2,2,1,1,3,1,1,1,1,2,1,2,2,2,1,2,2,2,3,2,2,2,2,1,2,2,2,2,2,0,0,0
2008,36,103,1,361143,1,2,1,2,1,1,3,1,1,1,2,1,1,2,2,2,1,2,2,2,3,2,2,2,2,2,2,2,2,2,2,0,0,0
2008,36,81,1,361144,1,2,2,2,1,1,5,1,1,1,1,2,1,1,2,2,1,2,2,2,3,2,2,2,2,2,2,2,2,2,2,0,0,0
2008,36,47,1,361145,1,2,2,2,1,1,4,1,1,2,2,2,1,2,2,2,2,1,2,2,3,2,2,2,2,2,1,1,2,2,2,0,0,0
2008,36,103,1,361146,1,2,2,2,1,2,6,2,1,1,1,2,1,2,2,2,1,2,2,2,3,2,2,2,2,2,2,2,2,1,2,0,0,0
2008,36,81,1,361147,1,2,2,2,1,1,3,1,1,2,1,2,1,2,2,2,1,2,2,2,3,2,2,2,2,1,2,2,2,2,2,0,0,0
2008,36,103,1,361148,1,2,1,3,1,2,7,2,2,2,1,2,2,2,2,1,2,2,2,2,3,2,2,2,2,2,1,1,2,2,2,0,0,0
2008,36,47,1,361149,1,2,2,2,4,2,2,2,1,2,2,2,1,2,2,1,2,2,2,2,3,2,2,2,2,2,2,2,1,2,2,0,0,0
2008,36,47,1,361150,1,2,2,2,1,1,3,1,1,1,1,2,1,1,2,2,1,2,2,2,3,2,2,2,2,2,1,1,2,2,2,0,0,0
2008,36,47,1,361151,1,2,2,2,1,1,5,1,1,2,1,2,1,2,2,2,1,2,2,2,3,2,2,2,2,2,2,2,2,2,2,0,0,0
2008,36,81,1,361152,1,2,2,2,1,2,3,2,1,1,2,2,1,2,2,2,1,2,2,2,3,2,2,2,2,2,2,2,2,2,2,0,0,0
2008,36,47,1,361153,1,2,2,3,4,2,7,2,1,2,2,2,1,2,2,2,2,2,2,2,3,2,2,2,2,2,2,2,1,2,2,0,0,0
2008,36,81,1,361154,1,2,2,2,1,1,6,1,1,1,1,2,1,2,2,2,1,2,2,2,3,2,2,2,2,2,2,2,2,2,2,0,0,0
2008,36,47,1,361155,1,2,2,2,1,2,3,2,1,1,1,2,1,2,2,2,1,2,2,2,3,2,2,2,2,2,2,2,2,2,2,0,0,0
2008,36,81,1,361156,1,2,2,2,2,1,3,1,3,1,1,2,1,2,2,2,2,2,2,2,2,2,2,2,2,1,2,2,2,2,2,0,0,0
2008,36,103,1,361157,1,2,1,2,4,2,6,2,1,1,1,2,1,2,2,2,2,2,2,2,2,2,2,2,2,1,2,2,1,2,2,0,0,0
2008,36,47,1,361158,1,2,2,2,1,1,4,1,1,1,1,1,1,2,2,2,1,2,2,2,3,2,2,2,2,2,2,2,2,2,2,0,0,0
2008,36,29,1,361159,1,2,2,2,1,1,4,1,1,1,1,2,1,2,2,2,1,2,2,2,3,2,2,2,2,2,1,1,2,2,2,0,0,0
2008,36,47,1,361160,1,2,2,2,1,1,5,1,1,2,1,2,1,2,2,2,1,2,2,2,3,2,2,2,2,2,2,2,2,2,2,0,0,0
2008,36,47,1,361161,1,2,2,2,1,1,3,1,4,2,1,2,2,2,2,2,2,2,1,2,1,2,2,1,1,2,2,1,2,2,2,0,0,0
2008,36,79,1,361162,1,2,2,2,1,2,4,2,2,1,1,2,2,1,2,2,2,2,2,2,3,2,2,2,2,1,2,2,2,2,2,0,0,0
2008,36,61,1,361163,1,2,2,2,1,1,4,1,1,2,1,2,1,2,2,2,1,2,2,2,3,2,2,2,2,2,2,2,2,1,2,0,0,0
2008,36,61,1,361164,1,2,2,2,1,2,5,2,1,1,1,2,1,2,2,2,1,2,2,2,3,2,2,2,2,2,1,1,2,2,2,0,0,0
2008,36,71,1,361165,1,2,1,2,4,2,3,2,1,2,1,2,1,2,2,2,2,2,2,2,1,2,2,2,2,2,2,2,1,2,2,0,0,0
2008,36,85,1,361166,1,2,2,2,4,2,3,2,1,2,1,2,1,2,2,1,2,2,2,2,1,2,2,2,2,2,2,2,1,2,2,0,0,0
2008,36,5,1,361167,1,2,2,2,1,1,3,1,1,2,2,1,1,2,2,2,2,1,2,2,3,2,2,2,2,2,2,2,2,2,2,0,0,0
2008,36,81,1,361168,1,2,2,2,1,1,5,1,1,1,1,2,1,2,2,2,1,2,2,2,3,2,2,2,2,2,2,2,2,2,2,0,0,0
2008,36,47,1,361169,1,2,2,2,1,2,4,2,1,1,1,2,1,1,2,2,1,2,2,2,2,2,2,2,2,2,2,2,2,2,2,0,0,0
2008,36,55,1,361170,1,2,1,2,1,2,6,2,4,2,2,2,2,2,2,2,2,2,1,2,3,2,2,1,1,1,2,1,2,2,2,0,0,0
2008,36,47,1,361171,1,2,2,2,1,1,6,1,1,2,1,2,1,2,2,2,1,2,2,2,3,2,2,1,1,2,2,1,2,2,2,0,0,0
2008,36,61,1,361172,1,2,1,2,1,2,3,2,2,2,2,2,2,2,2,1,2,2,2,2,1,2,2,2,2,2,2,2,2,2,2,0,0,0
2008,36,71,1,361173,1,2,1,2,4,2,6,2,1,2,2,2,1,2,2,2,2,2,1,2,3,2,2,2,2,2,2,2,1,2,2,0,0,0
2008,36,103,1,361174,1,2,1,2,1,2,3,2,1,2,2,1,1,2,2,2,1,2,2,2,3,2,2,2,2,2,2,2,2,2,2,0,0,0
2008,36,47,1,361175,1,2,2,2,1,1,4,1,1,1,1,2,1,2,2,2,1,2,2,2,3,2,2,2,2,2,2,2,2,2,2,0,0,0
2008,36,59,1,361176,1,2,1,2,1,1,6,1,4,1,1,2,2,2,2,2,2,2,2,2,3,2,2,2,2,2,2,2,2,2,2,0,0,0
2008,36,103,1,361177,1,2,1,2,1,1,6,1,4,2,2,2,2,2,2,2,2,2,2,2,3,1,1,1,1,2,2,1,2,2,2,0,0,0
2008,36,103,1,361178,1,2,1,2,1,1,3,1,2,1,2,2,2,2,1,2,2,2,2,2,3,2,2,2,2,2,2,2,2,2,2,0,0,0
2008,36,103,1,361179,1,2,1,2,1,1,3,1,4,1,1,2,2,2,2,2,2,2,2,2,3,2,2,2,2,1,2,2,2,2,2,0,0,0
2008,36,81,1,361180,1,2,2,2,1,1,3,1,4,2,1,2,2,2,1,1,2,2,2,2,3,2,2,1,1,2,2,1,2,1,2,0,0,0
2008,36,71,1,361181,1,2,1,2,1,2,6,3,1,2,1,2,1,2,2,2,2,2,2,2,2,2,2,2,2,2,2,2,2,1,2,0,0,0
2008,36,59,1,361182,1,2,2,2,1,1,6,1,1,1,1,1,1,2,2,2,1,2,2,2,3,2,2,2,2,2,2,2,2,2,2,0,0,0
2008,36,59,1,361183,1,2,2,2,1,1,6,1,4,2,2,2,2,2,2,2,2,2,2,2,3,2,2,2,2,2,2,2,2,2,2,0,0,0
2008,36,87,1,361184,1,2,1,2,4,2,6,2,1,2,2,2,1,2,2,1,2,2,1,2,1,2,2,2,2,2,2,2,1,2,2,0,0,0
2008,36,81,1,361185,1,2,2,2,1,1,6,1,4,1,2,2,2,2,1,2,2,2,2,2,3,2,2,2,2,2,2,2,2,2,2,0,0,0
2008,36,81,1,361186,1,2,2,2,1,1,6,1,1,2,1,2,1,2,2,2,1,2,2,2,3,2,2,2,2,2,2,2,2,2,2,0,0,0
2008,36,47,1,361187,1,2,2,2,1,1,3,1,1,1,1,1,1,2,2,2,1,2,2,2,3,2,2,2,2,2,2,2,2,2,2,0,0,0
2008,36,47,1,361188,1,2,2,2,1,1,6,1,1,1,1,1,1,2,2,1,1,2,2,2,3,1,1,1,1,2,2,1,2,1,2,0,0,0
2008,36,47,1,361189,1,2,2,2,1,1,3,1,1,1,1,2,1,1,2,2,1,2,2,2,3,2,2,2,2,2,2,2,2,2,2,0,0,0
2008,36,47,1,361190,1,2,2,2,1,2,6,2,1,2,1,1,1,2,2,1,1,2,2,2,3,2,2,2,2,2,2,2,2,2,2,0,0,0
2008,36,103,1,361191,1,2,2,2,1,1,6,1,3,2,2,2,2,2,2,1,2,2,2,2,3,2,2,2,2,2,1,1,2,2,2,0,0,0
2008,36,47,1,361192,1,2,2,2,1,1,3,1,2,1,1,1,2,2,2,1,1,2,2,2,3,2,2,2,2,2,2,2,2,2,2,0,0,0
2008,36,111,1,361193,1,2,1,2,4,2,3,2,1,1,1,2,1,2,2,1,2,2,2,2,3,2,2,2,2,1,2,2,1,2,2,0,0,0
2008,36,47,1,361194,1,2,2,2,1,1,3,1,1,2,1,2,1,2,2,2,1,2,2,2,3,1,1,1,1,2,2,1,2,2,2,0,0,0
2008,36,59,1,361195,1,2,2,2,1,2,3,2,1,2,1,2,1,2,2,2,1,2,2,2,3,2,2,2,2,2,2,2,2,2,2,0,0,0
2008,36,59,1,361196,1,2,2,2,1,2,4,2,4,2,2,2,2,2,2,2,2,2,2,2,3,2,2,2,2,2,2,2,1,2,2,0,0,0
2008,36,83,1,361197,1,2,1,2,4,2,5,2,1,1,1,2,1,2,2,2,2,2,2,2,3,2,2,2,2,1,2,2,1,2,2,0,0,0
2008,36,81,1,361198,1,2,2,2,6,2,3,2,2,1,1,2,1,2,2,2,1,2,2,2,3,2,2,2,2,2,2,2,2,2,2,0,0,0
2008,36,103,1,361199,1,2,2,2,2,1,3,1,2,2,1,2,1,2,2,2,2,2,2,2,2,2,2,2,2,1,2,2,2,2,2,0,0,0
2008,36,47,1,361200,1,2,2,2,1,1,3,1,1,1,2,2,1,1,2,2,1,2,2,2,3,2,2,2,2,2,2,2,2,2,2,0,0,0
2008,36,119,1,361201,1,2,2,2,1,2,6,2,2,1,1,2,2,2,2,2,2,2,2,2,3,2,2,2,2,2,1,1,2,2,1,0,0,0
2008,36,47,1,361202,1,2,2,2,1,1,6,1,4,1,1,2,3,2,2,2,2,2,2,2,3,2,2,2,2,1,2,2,2,2,2,0,0,0
2008,36,59,1,361204,1,2,2,2,1,2,4,2,2,1,1,2,3,2,2,2,2,2,2,2,3,2,2,2,2,1,2,2,2,2,2,0,0,0
2008,36,47,1,361205,1,2,2,2,1,2,4,2,4,2,2,2,2,2,2,2,1,2,2,2,3,2,2,2,2,2,2,2,2,2,2,0,0,0
2008,37,3,1,370001,1,3,1,2,4,2,4,2,1,1,1,2,1,2,2,2,2,2,1,2,2,2,2,2,2,2,2,2,1,1,2,0,0,0
2008,37,7,1,370002,1,3,1,2,1,2,3,2,1,2,1,2,1,1,2,2,1,2,2,2,3,2,2,2,2,2,2,2,2,2,2,0,0,0
2008,37,13,1,370003,1,3,1,2,2,2,5,2,1,1,1,2,1,2,2,2,2,2,2,2,3,2,2,2,2,2,2,2,1,2,2,0,0,0
2008,37,15,1,370004,1,3,1,2,1,2,3,2,1,2,1,2,1,2,2,2,1,2,2,2,3,2,2,2,2,2,2,2,2,2,2,0,0,0
2008,37,17,1,370005,1,3,1,2,2,2,5,2,1,1,2,2,1,2,1,2,2,2,2,2,2,2,2,2,2,2,2,2,1,2,2,0,0,0
2008,37,17,1,370006,1,3,1,2,2,2,5,2,1,2,2,2,1,2,2,2,2,2,1,2,2,1,1,1,1,2,2,1,1,2,2,0,0,0
2008,37,19,1,370007,1,3,2,2,4,1,6,1,1,2,2,2,1,2,2,2,2,2,2,2,2,2,2,2,2,2,2,2,2,2,2,0,0,0
2008,37,23,1,370008,1,3,2,2,1,2,5,3,4,1,1,2,2,2,1,2,2,2,2,2,3,2,2,2,2,1,2,2,2,1,2,0,0,0
2008,37,35,1,370009,1,3,1,2,1,2,5,2,2,2,1,1,2,2,1,1,2,2,2,2,3,2,2,2,2,2,2,2,2,2,2,0,0,0
2008,37,35,1,370010,1,3,1,2,1,2,4,2,1,1,1,2,1,2,1,2,2,2,2,2,3,2,2,2,2,2,2,2,2,2,2,0,0,0
2008,37,35,1,370011,1,3,1,2,4,2,3,2,1,2,1,2,1,2,2,1,2,2,1,2,1,2,2,2,2,2,2,2,1,2,2,0,0,0
2008,37,35,1,370012,1,3,1,2,1,2,5,2,1,2,1,1,1,2,2,2,1,2,2,2,3,2,2,2,2,2,2,2,2,1,2,0,0,0
2008,37,37,1,370013,1,3,1,2,1,2,5,2,1,1,1,2,1,2,2,2,2,2,1,2,1,1,1,1,1,2,2,1,1,2,2,0,0,0
2008,37,37,1,370014,1,3,1,2,2,2,6,2,1,2,1,2,1,2,2,1,2,2,2,2,1,2,2,2,2,2,2,2,1,2,2,0,0,0
2008,37,37,1,370015,1,3,1,2,1,2,4,2,1,2,1,1,1,2,2,1,1,2,2,2,3,2,2,2,2,2,2,2,2,2,2,0,0,0
2008,37,51,1,370016,1,3,2,2,1,1,3,1,2,2,2,1,2,2,2,2,2,2,2,2,3,1,1,1,1,2,2,1,2,2,2,0,0,0
2008,37,39,1,370017,1,3,1,2,2,2,5,2,1,1,1,2,1,2,2,1,2,2,2,2,1,2,2,2,2,2,1,1,1,2,2,0,0,0
2008,37,55,1,370018,1,3,1,2,2,2,5,2,1,2,1,2,1,2,2,1,2,2,2,2,1,2,2,2,2,2,1,1,1,2,2,0,0,0
2008,37,57,1,370019,1,3,2,2,1,2,4,3,1,2,2,2,1,2,2,2,1,2,2,2,3,2,2,2,2,2,2,2,2,2,2,0,0,0
2008,37,59,1,370020,1,3,1,2,2,2,4,2,1,2,1,2,1,2,2,2,1,2,2,2,3,2,2,2,2,2,1,1,2,2,2,0,0,0
2008,37,63,1,370021,1,3,1,2,4,2,3,2,1,2,1,2,1,2,2,2,2,2,1,2,2,2,2,2,2,2,2,2,1,2,2,0,0,0
2008,37,67,1,370022,1,3,1,2,1,2,6,2,1,2,2,2,1,2,2,2,1,2,2,2,3,2,2,2,2,2,1,1,2,2,2,0,0,0
2008,37,69,1,370024,1,3,1,2,3,2,3,2,1,2,1,2,1,2,2,1,2,2,2,2,1,2,2,2,2,2,2,2,1,2,2,0,0,0
2008,37,77,1,370025,1,3,1,2,2,2,5,2,1,2,1,2,1,2,2,1,2,2,1,2,3,2,2,2,2,2,2,2,1,2,2,0,0,0
2008,37,81,1,370026,1,3,2,2,2,2,4,2,1,2,2,2,1,2,2,1,2,2,1,2,1,2,2,2,2,2,1,1,1,2,2,0,0,0
2008,37,81,1,370027,1,3,2,2,1,1,5,1,4,2,1,2,2,2,2,2,2,2,1,2,3,1,1,1,1,2,2,1,2,2,2,0,0,0
2008,37,81,1,370028,1,3,2,1,4,2,1,2,1,2,1,2,1,2,2,1,2,2,2,2,2,2,2,1,1,2,2,1,1,2,2,0,0,0
2008,37,81,1,370029,1,3,2,2,4,2,3,2,1,2,1,2,1,2,2,1,2,2,2,2,1,2,2,2,2,2,1,1,1,2,2,0,0,0
2008,37,85,1,370030,1,3,1,2,2,2,6,2,1,2,2,2,1,2,2,1,2,2,1,2,1,1,1,1,1,2,2,1,1,2,2,0,0,0
2008,37,97,1,370031,1,3,1,2,1,2,5,2,3,2,2,2,2,2,2,2,2,2,1,2,3,2,2,2,2,2,2,2,1,2,2,0,0,0
2008,37,97,1,370032,1,3,2,1,4,2,1,2,1,1,2,2,1,2,2,2,2,2,2,2,3,2,2,2,2,1,2,2,1,2,2,0,0,0
2008,37,97,1,370033,1,3,2,1,2,2,1,2,1,2,1,2,1,2,2,2,1,2,2,2,3,2,2,2,2,2,2,2,2,2,2,0,0,0
2008,37,105,2,370034,1,3,1,2,4,2,5,2,1,1,2,2,1,2,2,2,2,2,2,2,2,2,2,2,2,2,2,2,1,2,2,0,0,0
2008,37,109,1,370035,1,3,1,2,4,2,6,2,1,2,1,2,1,2,2,2,2,2,1,2,1,2,2,2,2,2,1,1,1,2,2,0,0,0
2008,37,117,1,370036,1,3,1,2,4,2,6,2,1,1,2,2,1,2,2,2,2,2,1,2,2,2,2,2,2,1,2,2,1,2,2,0,0,0
2008,37,111,1,370037,1,3,1,2,4,2,6,2,1,2,1,2,1,2,2,1,2,2,1,2,1,2,2,2,2,2,2,2,1,2,2,0,0,0
2008,37,119,1,370038,1,3,2,1,3,2,1,2,1,2,2,2,2,2,2,1,2,2,1,2,1,2,2,2,2,2,2,2,1,2,2,0,0,0
2008,37,119,2,370039,1,3,2,2,1,2,6,2,4,1,2,2,2,2,2,1,2,2,2,2,3,1,1,1,1,2,2,1,2,2,2,0,0,0
2008,37,125,1,370040,1,3,1,2,1,2,5,2,3,1,2,2,2,2,2,2,2,2,2,2,3,2,2,2,2,2,2,2,1,2,2,0,0,0
2008,37,129,1,370041,1,3,1,2,2,2,6,2,1,2,1,2,1,2,2,1,2,2,2,2,1,2,2,2,2,2,2,2,1,2,2,0,0,0
2008,37,129,2,370042,1,3,1,2,4,2,4,2,1,2,1,2,1,2,2,1,2,2,1,2,3,1,1,1,1,2,2,1,1,2,2,0,0,0
2008,37,133,1,370043,1,3,1,2,4,2,3,2,1,2,1,2,1,2,2,1,2,2,1,2,1,2,2,2,2,2,2,2,1,2,2,0,0,0
2008,37,143,1,370044,1,3,1,2,1,1,3,1,4,1,1,2,2,1,2,2,2,2,2,2,3,2,2,2,2,1,2,2,2,2,2,0,0,0
2008,37,147,1,370045,1,3,1,2,1,2,5,2,5,1,1,2,3,2,2,2,2,2,1,2,3,2,2,2,2,2,2,2,1,2,2,0,0,0
2008,37,151,1,370046,1,3,1,2,4,2,6,2,1,2,1,2,1,2,2,2,2,2,2,2,3,2,2,2,2,2,2,2,1,2,2,0,0,0
2008,37,151,1,370047,1,3,1,2,1,2,6,2,4,2,1,2,2,2,1,2,2,2,2,2,1,1,1,1,1,2,2,1,2,2,2,0,0,0
2008,37,155,1,370048,1,3,1,2,1,1,4,1,2,2,1,2,2,1,1,2,2,2,2,2,1,2,2,2,2,2,2,2,2,2,2,0,0,0
2008,37,155,1,370049,1,3,1,2,2,2,3,3,1,2,2,2,1,2,2,2,2,2,1,2,3,1,1,1,1,2,2,1,1,2,2,0,0,0
2008,37,155,1,370050,1,3,1,2,4,2,5,2,1,1,1,2,1,2,2,1,2,2,1,2,1,2,2,2,2,1,2,2,1,2,2,0,0,0
2008,37,155,1,370051,1,3,2,1,1,2,1,2,1,1,1,2,1,2,2,2,1,2,2,2,3,2,2,2,2,2,1,1,2,2,2,0,0,0
2008,37,155,1,370052,1,3,1,2,4,2,5,2,1,2,1,2,1,2,2,1,2,2,1,2,3,2,2,2,2,2,1,1,1,2,2,0,0,0
2008,37,155,1,370053,1,3,1,2,4,2,5,2,1,1,1,2,1,2,2,1,2,2,2,2,2,2,2,2,2,2,1,1,1,2,2,0,0,0
2008,37,157,1,370054,1,3,1,2,4,2,6,2,1,1,1,2,1,2,2,1,2,2,1,2,1,2,2,2,2,2,2,2,1,2,2,0,0,0
2008,37,183,1,370055,1,3,1,2,2,2,5,2,1,1,1,2,1,2,2,2,2,2,1,2,1,2,2,2,2,2,2,2,1,2,2,0,0,0
2008,37,159,1,370056,1,3,1,2,1,1,3,1,4,1,1,2,2,2,2,2,2,2,2,2,3,2,2,2,2,1,2,2,2,2,2,0,0,0
2008,37,165,1,370057,1,3,1,2,4,2,6,2,1,1,1,2,1,2,2,1,2,2,1,2,2,2,2,2,2,2,2,2,1,2,2,0,0,0
2008,37,171,1,370058,1,3,1,2,1,2,5,2,3,1,1,2,3,1,2,1,2,2,2,2,3,2,2,2,2,1,2,2,1,2,2,0,0,0
2008,37,171,1,370059,1,3,1,2,1,2,4,2,3,1,1,2,2,2,2,2,2,2,2,2,1,2,2,2,2,2,2,2,1,2,2,0,0,0
2008,37,179,1,370060,1,3,1,2,1,1,5,1,4,2,2,2,2,2,2,2,2,2,2,2,3,1,1,1,1,1,2,1,2,2,1,0,0,0
2008,37,179,1,370061,1,3,1,2,1,2,6,2,1,1,2,2,1,2,2,2,2,1,2,2,3,2,2,2,2,2,2,2,1,2,2,0,0,0
2008,37,157,1,370062,1,3,1,2,1,1,5,1,4,1,2,2,2,2,2,2,2,2,2,2,3,2,2,2,2,2,2,2,2,2,2,0,0,0
2008,37,183,2,370063,1,3,1,2,4,2,6,2,1,2,2,2,1,2,2,1,2,2,2,2,2,1,1,1,1,2,2,1,1,2,2,0,0,0
2008,37,183,1,370064,1,3,2,2,1,2,5,2,1,2,1,2,1,2,2,2,1,2,2,2,3,2,2,2,2,2,2,2,2,2,2,0,0,0
2008,37,185,1,370065,1,3,1,2,4,2,6,2,1,2,2,2,1,2,2,1,2,2,1,2,1,2,2,2,2,2,2,2,1,2,2,0,0,0
2008,37,191,1,370066,1,3,1,2,1,1,3,1,4,1,1,2,2,1,2,2,2,2,1,2,3,2,2,2,2,2,2,2,2,2,2,0,0,0
2008,37,197,1,370067,1,3,1,2,1,2,5,2,4,1,1,2,2,2,2,2,2,2,2,2,3,2,2,2,2,1,2,2,2,1,2,0,0,0
2008,37,47,1,370068,1,3,1,2,2,2,6,2,1,2,2,2,1,2,2,2,2,2,2,2,2,2,2,2,2,2,2,2,1,1,2,0,0,0
2008,37,127,1,370069,1,3,1,2,2,2,5,2,1,2,2,2,1,2,2,1,2,2,2,2,1,2,2,2,2,2,1,1,1,2,2,0,0,0
2008,37,159,1,370070,1,3,2,2,1,2,6,2,3,1,1,2,2,2,2,2,2,2,2,2,3,2,2,2,2,2,2,2,1,2,2,0,0,0
2008,37,129,1,370071,1,3,2,2,1,2,6,2,1,1,1,2,1,2,2,2,1,2,2,2,3,2,2,2,2,2,1,1,2,2,2,0,0,0
2008,37,81,1,370072,1,3,2,2,1,2,6,2,2,1,1,2,2,1,2,2,2,2,2,2,3,2,2,2,2,2,2,2,2,1,2,0,0,0
2008,37,129,1,370073,1,3,2,2,1,2,6,2,1,2,1,2,1,2,2,2,1,2,2,2,3,2,2,2,2,2,2,2,2,2,2,0,0,0
2008,37,41,1,370074,1,3,1,2,2,2,6,2,1,2,1,2,1,2,2,1,2,2,1,2,3,2,2,2,2,2,1,1,1,2,2,0,0,0
2008,37,17,1,370075,1,3,1,2,2,2,5,2,1,2,2,2,1,2,2,1,2,2,1,2,1,1,1,1,1,2,2,1,1,2,2,0,0,0
2008,37,45,2,370076,1,3,2,2,1,2,6,2,1,2,1,2,1,2,2,2,1,2,2,2,3,2,2,2,2,2,1,1,1,2,2,0,0,0
2008,37,61,1,370077,1,3,1,2,1,1,5,1,4,2,1,2,2,2,2,2,2,2,2,2,3,1,1,1,1,2,2,1,2,2,2,0,0,0
2008,37,71,1,370078,1,3,2,2,1,1,4,1,3,2,1,2,2,2,2,2,2,2,2,2,3,2,2,2,2,2,1,1,2,2,2,0,0,0
2008,37,71,1,370079,1,3,1,2,2,2,3,2,1,2,2,2,1,2,2,2,2,2,2,2,2,2,2,2,2,2,1,1,1,2,2,0,0,0
2008,37,85,1,370080,1,3,1,2,1,1,3,1,4,2,1,2,2,2,2,2,2,2,2,2,3,1,1,1,1,2,2,1,2,2,2,0,0,0
2008,37,81,1,370081,1,3,1,2,2,2,6,2,1,2,2,2,1,2,2,1,2,2,2,2,1,2,2,2,2,2,2,2,1,2,2,0,0,0
2008,37,85,1,370082,1,3,1,2,4,2,5,2,1,1,1,2,1,2,2,1,2,2,2,2,3,2,2,2,2,2,2,2,1,2,2,0,0,0
2008,37,93,1,370083,1,3,1,2,1,2,4,2,5,1,1,2,3,2,2,2,2,2,1,2,3,2,2,2,2,1,2,2,1,1,2,0,0,0
2008,37,101,1,370084,1,3,1,2,2,2,6,2,1,2,2,2,1,2,2,2,2,2,1,2,3,1,1,1,1,2,2,1,1,1,2,0,0,0
2008,37,97,1,370085,1,3,1,2,2,2,6,2,1,1,1,2,1,2,2,2,2,2,1,2,1,1,1,1,1,2,2,1,1,2,2,0,0,0
2008,37,103,1,370086,1,3,1,2,1,2,3,2,3,1,1,2,3,1,2,2,2,2,1,2,1,2,2,2,2,2,2,2,1,2,2,0,0,0
2008,37,123,1,370088,1,3,1,2,2,2,6,2,1,1,2,2,1,2,1,1,2,2,2,2,2,2,2,2,2,2,1,1,1,2,2,0,0,0
2008,37,133,1,370089,1,3,1,2,1,1,5,1,4,2,2,2,2,2,1,2,2,2,2,2,3,2,2,2,2,2,2,2,2,2,2,0,0,0
2008,37,119,1,370090,1,3,2,1,2,2,1,2,1,1,1,2,1,2,2,2,2,2,2,2,2,2,2,2,2,1,2,2,1,2,2,0,0,0
2008,37,147,1,370091,1,3,1,2,1,1,3,1,4,1,2,2,2,2,2,2,2,2,1,2,3,2,2,2,2,1,2,2,2,2,2,0,0,0
2008,37,141,1,370092,1,3,1,2,1,2,3,3,4,1,1,2,2,2,2,2,2,2,1,2,3,2,2,2,2,1,2,2,2,2,2,0,0,0
2008,37,151,1,370093,1,3,2,2,2,1,5,1,1,2,2,2,1,2,1,1,2,2,2,2,2,2,2,2,2,2,1,1,2,2,2,0,0,0
2008,37,147,1,370094,1,3,1,2,1,2,3,2,3,1,1,2,2,2,2,2,2,2,2,2,3,2,2,2,2,2,2,2,1,2,2,0,0,0
2008,37,155,1,370095,1,3,1,2,1,2,5,3,3,1,2,2,2,2,2,2,2,2,2,2,3,2,2,2,2,2,2,2,1,2,2,0,0,0
2008,37,149,1,370096,1,3,1,2,4,2,6,2,1,2,2,2,1,2,2,2,2,2,2,2,1,2,2,2,2,2,2,2,1,2,2,0,0,0
2008,37,163,2,370097,1,3,1,2,1,2,3,2,3,2,2,2,2,2,2,2,2,2,2,2,1,2,2,2,2,2,2,2,1,2,2,0,0,0
2008,37,155,1,370098,1,3,1,2,1,1,5,1,3,2,2,2,2,2,2,1,2,2,2,2,3,2,2,2,2,2,1,1,2,2,2,0,0,0
2008,37,179,1,370099,1,3,1,2,2,2,6,2,1,2,2,2,1,2,2,1,2,2,1,2,3,2,2,2,2,2,2,2,1,2,2,0,0,0
2008,37,163,1,370100,1,3,1,2,2,2,6,2,1,2,1,2,1,2,2,1,2,2,2,2,1,1,1,1,1,2,2,1,1,2,2,0,0,0
2008,37,195,1,370101,1,3,1,2,2,2,5,2,1,1,2,2,1,2,2,2,2,2,1,2,2,2,2,2,2,2,2,2,1,2,2,0,0,0
2008,37,19,1,370102,1,3,1,2,1,1,5,1,4,2,2,2,2,2,2,2,2,2,1,2,3,2,2,2,2,2,1,1,2,2,2,0,0,0
2008,37,109,1,370103,1,3,1,2,1,1,4,1,4,1,1,2,2,2,2,2,2,2,2,2,3,2,2,2,2,1,2,2,2,2,2,0,0,0
2008,37,183,1,370104,1,3,2,2,4,2,3,2,1,1,1,2,1,2,2,2,2,2,1,2,1,2,2,2,2,2,2,2,1,2,2,0,0,0
2008,37,183,1,370105,1,3,1,2,4,2,6,2,1,1,1,2,1,2,1,1,2,2,2,2,1,2,2,2,2,2,2,2,1,2,2,0,0,0
2008,37,183,1,370106,1,3,2,2,4,2,4,2,1,2,2,2,1,2,2,1,2,2,2,2,1,2,2,2,2,2,2,2,1,2,2,0,0,0
2008,37,183,1,370107,1,3,2,2,1,1,4,1,4,2,2,1,2,2,2,1,2,2,1,2,3,2,2,2,2,2,1,1,2,2,2,0,0,0
2008,37,179,1,370108,1,3,1,2,1,2,5,2,3,1,1,2,2,2,2,1,2,2,2,2,3,1,1,1,1,2,2,1,1,2,2,0,0,0
2008,37,171,1,370109,1,3,1,2,4,2,6,2,1,1,2,2,1,2,2,1,2,2,1,2,2,2,2,2,2,2,2,2,1,2,2,0,0,0
2008,37,155,1,370110,1,3,1,1,1,2,1,2,2,1,1,2,2,2,2,2,2,2,2,2,2,2,2,2,2,2,2,2,2,2,2,0,0,0
2008,37,153,1,370111,1,3,2,2,1,2,5,2,1,2,2,2,2,2,2,1,1,2,2,2,3,2,2,2,2,2,2,2,2,2,2,0,0,0
2008,37,147,1,370112,1,3,1,2,1,2,6,2,4,2,2,2,2,2,2,2,2,2,2,2,3,1,1,1,1,2,2,1,1,2,2,0,0,0
2008,37,135,1,370113,1,3,1,2,2,2,6,2,1,2,2,2,1,2,2,2,2,2,1,2,2,2,2,2,2,2,2,2,1,2,2,0,0,0
2008,37,19,1,370114,1,3,2,2,4,2,6,2,1,2,2,2,1,2,2,2,2,2,2,2,3,2,2,2,2,2,2,2,1,2,2,0,0,0
2008,37,45,1,370115,1,3,1,2,2,2,5,2,1,2,1,2,1,2,2,2,2,2,1,2,2,2,2,2,2,2,2,2,1,2,2,0,0,0
2008,37,35,1,370116,1,3,1,2,4,2,5,2,1,2,1,2,1,2,2,1,2,2,1,2,1,2,2,2,2,2,2,2,1,2,2,0,0,0
2008,37,85,1,370117,1,3,1,2,1,2,5,2,1,2,1,2,1,2,2,2,1,2,2,2,3,2,2,2,2,2,2,2,2,2,2,0,0,0
2008,37,141,1,370118,1,3,1,2,4,2,5,2,1,2,2,2,1,2,2,1,2,2,2,2,1,2,2,2,2,2,2,2,1,2,2,0,0,0
2008,37,49,1,370119,1,3,2,2,4,2,4,2,1,2,1,2,1,2,1,1,2,2,2,2,1,2,2,2,2,2,1,1,1,2,2,0,0,0
2008,37,191,1,370120,1,3,2,2,1,2,6,2,1,2,1,2,1,2,2,2,1,2,2,2,3,2,2,2,2,2,2,2,2,2,2,0,0,0
2008,37,1,1,370121,1,3,1,2,2,2,6,2,1,1,2,2,1,2,1,2,2,2,2,2,1,2,2,2,2,2,2,2,1,2,2,0,0,0
2008,37,13,1,370122,1,3,1,2,1,2,3,2,3,2,2,2,2,2,2,2,2,2,2,2,3,1,1,1,1,1,2,1,1,2,1,0,0,0
2008,37,19,2,370123,1,3,1,2,1,2,3,2,3,1,2,2,2,2,2,2,2,2,1,2,2,2,2,2,2,2,2,2,1,2,2,0,0,0
2008,37,23,1,370124,1,3,1,2,1,2,4,2,4,1,1,2,2,1,2,2,2,2,2,2,3,2,2,2,2,2,2,2,2,2,2,0,0,0
2008,37,25,1,370125,1,3,2,2,1,2,5,2,2,2,1,2,2,2,2,2,2,2,2,2,3,2,2,2,2,1,2,2,1,2,2,0,0,0
2008,37,33,2,370126,1,3,1,2,1,2,5,2,3,1,1,2,2,2,2,1,2,2,1,2,2,2,2,2,2,1,2,2,1,2,2,0,0,0
2008,37,35,1,370127,1,3,2,2,2,2,6,2,1,1,1,2,1,2,2,2,2,2,2,2,2,2,2,2,2,2,2,2,1,2,2,0,0,0
2008,37,37,1,370128,1,3,1,2,2,2,5,2,1,2,2,2,1,2,2,1,2,2,2,2,1,2,2,1,1,2,2,1,1,2,2,0,0,0
2008,37,39,1,370129,1,3,1,2,1,2,3,2,3,1,1,2,2,2,2,2,2,2,2,2,3,2,2,2,2,1,1,1,1,2,2,0,0,0
2008,37,45,1,370130,1,3,2,2,1,2,3,2,2,1,1,2,2,2,2,1,2,2,2,2,3,1,1,1,1,1,2,1,2,2,2,0,0,0
2008,37,47,1,370131,1,3,2,2,1,1,4,1,4,2,2,2,2,2,2,2,2,2,2,2,1,2,2,2,2,1,2,2,2,2,2,0,0,0
2008,37,45,1,370132,1,3,2,2,1,2,2,2,1,2,1,2,1,2,2,2,1,2,2,2,3,2,2,2,2,2,2,2,2,2,2,0,0,0
2008,37,47,1,370133,1,3,1,2,1,1,5,1,4,1,2,2,2,2,2,2,2,2,1,2,3,2,2,2,2,1,2,2,2,2,2,0,0,0
2008,37,49,1,370134,1,3,1,2,1,2,3,2,1,1,2,2,1,2,2,2,2,2,2,2,3,2,2,2,2,2,2,2,2,2,2,0,0,0
2008,37,51,1,370135,1,3,1,2,1,1,4,1,1,2,1,2,1,2,2,2,1,2,2,2,3,2,2,2,2,2,2,2,2,2,2,0,0,0
2008,37,57,1,370137,1,3,2,2,1,1,5,1,2,1,1,2,2,2,2,1,2,2,2,2,3,1,1,1,1,1,2,1,2,1,2,0,0,0
2008,37,57,1,370138,1,3,1,2,2,2,6,2,1,2,2,2,1,2,2,2,2,2,2,2,1,2,2,2,2,2,2,2,1,2,2,0,0,0
2008,37,65,1,370139,1,3,1,2,1,2,3,2,1,2,1,2,1,2,2,2,1,2,2,2,3,2,2,2,2,2,2,2,2,2,2,0,0,0
2008,37,67,1,370140,1,3,1,2,4,2,6,2,1,2,1,2,1,2,2,1,2,2,1,2,2,1,1,1,1,2,2,1,1,2,2,0,0,0
2008,37,71,1,370141,1,3,1,2,1,2,3,2,1,2,1,2,1,2,2,2,1,2,2,2,3,2,2,2,2,2,2,2,2,2,2,0,0,0
2008,37,81,1,370142,1,3,1,2,4,2,6,2,1,2,1,2,1,2,2,1,2,2,1,2,1,2,2,2,2,2,1,1,1,2,2,0,0,0
2008,37,81,1,370143,1,3,2,2,2,2,4,2,1,2,2,2,1,2,2,2,2,2,1,2,2,2,2,2,2,2,2,2,1,2,2,0,0,0
2008,37,81,1,370144,1,3,2,2,2,2,6,2,1,2,1,2,1,2,2,2,2,2,2,2,1,2,2,2,2,2,2,2,1,2,2,0,0,0
2008,37,85,1,370145,1,3,1,2,2,2,5,2,1,1,1,2,1,2,2,1,2,2,1,2,2,2,2,2,2,2,2,2,1,2,2,0,0,0
2008,37,91,1,370146,1,3,1,2,2,2,6,2,1,1,1,2,1,2,2,1,2,2,1,2,1,2,2,2,2,2,2,2,1,2,2,0,0,0
2008,37,93,1,370147,1,3,1,2,2,2,3,2,3,2,2,2,2,2,2,2,2,2,2,2,3,2,2,2,2,2,2,2,1,2,2,0,0,0
2008,37,97,1,370148,1,3,1,2,1,2,3,2,1,2,1,2,2,2,2,2,1,2,2,2,3,2,2,2,2,2,2,2,2,2,2,0,0,0
2008,37,97,1,370149,1,3,1,2,4,2,5,2,1,1,1,2,1,2,2,2,2,2,1,2,2,2,2,2,2,1,2,2,1,2,2,0,0,0
2008,37,97,1,370150,1,3,1,2,1,2,5,2,1,2,1,2,1,2,2,2,1,2,2,2,3,2,2,2,2,2,2,2,2,2,2,0,0,0
2008,37,101,1,370151,1,3,1,2,1,2,6,2,1,2,1,2,1,2,2,2,1,2,2,2,3,2,2,2,2,2,1,1,2,2,2,0,0,0
2008,37,103,3,370152,1,3,1,2,1,2,3,2,4,2,2,2,2,2,2,2,2,2,2,2,1,2,2,2,2,2,2,2,1,1,2,0,0,0
2008,37,113,1,370153,1,3,1,2,4,2,6,2,1,2,1,2,1,2,2,1,2,2,2,2,2,2,2,2,2,2,2,2,1,2,2,0,0,0
2008,37,111,1,370154,1,3,1,2,1,2,3,2,1,2,2,2,1,2,2,1,2,2,1,2,3,2,2,2,2,2,2,2,1,2,2,0,0,0
2008,37,119,1,370155,1,3,2,1,2,2,1,2,1,2,1,2,1,2,2,2,2,2,1,2,2,2,2,2,2,2,2,2,1,2,2,0,0,0
2008,37,127,1,370156,1,3,1,1,2,2,1,2,1,1,2,2,1,2,2,2,2,2,2,2,2,2,2,2,2,2,2,2,1,2,2,0,0,0
2008,37,127,1,370157,1,3,1,2,2,2,6,2,1,1,1,2,1,2,2,1,2,2,1,2,2,2,2,2,2,2,2,2,1,2,2,0,0,0
2008,37,127,1,370158,1,3,2,2,3,2,2,2,1,1,2,2,1,2,2,2,2,2,2,2,2,2,2,2,2,2,2,2,1,2,2,0,0,0
2008,37,129,1,370159,1,3,2,2,3,2,4,2,1,2,1,2,1,2,2,1,2,2,2,2,1,2,2,2,2,2,1,1,1,2,2,0,0,0
2008,37,131,1,370160,1,3,1,2,2,2,6,2,1,2,2,2,1,2,2,1,2,2,1,2,1,2,2,2,2,2,2,2,1,2,2,0,0,0
2008,37,133,1,370161,1,3,1,2,4,2,5,2,1,2,2,2,1,2,2,2,2,2,1,2,1,2,2,2,2,2,1,1,1,2,2,0,0,0
2008,37,133,1,370162,1,3,1,2,2,2,5,2,1,1,2,2,1,2,2,2,2,2,1,2,2,2,2,2,2,2,2,2,1,2,2,0,0,0
2008,37,135,1,370163,1,3,1,2,2,2,5,2,1,1,2,1,1,2,2,2,1,2,2,2,1,2,2,2,2,2,2,2,1,1,2,0,0,0
2008,37,147,1,370164,1,3,2,2,1,2,4,2,4,2,2,2,2,2,1,2,2,2,2,2,3,1,1,1,1,2,1,1,2,2,2,0,0,0
2008,37,147,1,370165,1,3,1,2,1,2,3,2,2,1,1,2,2,2,2,1,2,2,2,2,3,2,2,2,2,1,2,2,2,2,2,0,0,0
2008,37,155,1,370166,1,3,1,2,2,2,3,2,1,2,2,2,1,2,2,2,2,2,1,2,1,2,2,2,2,2,2,2,1,2,2,0,0,0
2008,37,155,1,370167,1,3,1,2,2,2,6,2,1,1,1,2,1,2,2,2,2,2,1,2,2,2,2,2,2,2,2,2,1,2,2,0,0,0
2008,37,155,1,370168,1,3,1,1,4,2,1,2,1,2,2,2,1,2,2,1,2,2,1,2,3,1,1,1,1,2,2,1,1,2,2,0,0,0
2008,37,157,1,370169,1,3,1,2,1,2,4,2,2,1,1,2,2,1,2,1,2,2,2,2,3,2,2,2,2,2,2,2,2,2,2,0,0,0
2008,37,159,1,370170,1,3,1,2,1,2,5,2,1,2,1,2,1,2,2,1,2,2,1,2,2,1,1,1,1,2,2,1,1,2,2,0,0,0
2008,37,163,1,370171,1,3,1,2,1,2,3,2,3,1,1,2,2,1,2,2,2,2,2,2,3,2,2,2,2,1,2,2,1,2,2,0,0,0
2008,37,163,1,370172,1,3,1,2,1,2,3,2,3,1,1,2,2,1,2,2,2,2,2,2,3,1,1,1,1,2,2,1,1,2,2,0,0,0
2008,37,167,1,370173,1,3,1,2,4,2,5,2,1,2,1,2,1,2,2,2,2,2,1,2,2,2,2,2,2,2,2,2,1,2,2,0,0,0
2008,37,175,1,370174,1,3,1,2,2,2,5,2,1,2,1,2,1,2,2,1,2,2,1,2,1,2,2,2,2,2,1,1,1,2,2,0,0,0
2008,37,179,1,370175,1,3,1,2,1,2,6,2,3,1,1,2,2,2,1,1,2,2,2,2,3,2,2,2,2,2,2,2,1,2,2,0,0,0
2008,37,183,1,370176,1,3,1,2,1,1,6,1,4,1,1,2,2,1,2,2,2,2,2,2,3,2,2,2,2,2,2,2,2,2,2,0,0,0
2008,37,183,1,370177,1,3,1,2,4,2,6,2,1,2,2,2,1,2,2,1,2,2,2,2,2,1,1,1,1,2,2,1,1,2,2,0,0,0
2008,37,183,1,370178,1,3,1,2,2,2,5,2,1,2,2,2,1,2,2,1,2,2,1,2,2,1,1,1,1,2,2,1,1,2,2,0,0,0
2008,37,183,1,370179,1,3,2,2,1,2,3,2,1,1,1,2,1,2,2,2,1,2,2,2,3,2,2,2,2,2,2,2,2,2,2,0,0,0
2008,37,183,1,370180,1,3,1,2,2,2,6,2,1,2,1,2,1,2,2,1,2,2,2,2,1,2,2,2,2,1,2,2,1,2,2,0,0,0
2008,37,191,1,370181,1,3,1,2,1,1,5,1,4,1,1,2,2,2,1,2,2,2,2,2,1,2,2,2,2,2,2,2,2,2,2,0,0,0
2008,37,193,1,370182,1,3,1,2,2,2,6,2,1,1,1,2,1,2,2,1,2,2,2,2,3,2,2,2,2,2,2,2,1,2,2,0,0,0
2008,37,193,1,370183,1,3,1,2,1,2,5,2,3,1,1,2,2,2,2,1,2,2,2,2,3,2,2,2,2,2,2,2,1,2,2,0,0,0
2008,37,195,1,370184,1,3,1,2,2,2,3,2,1,2,1,2,1,2,2,2,2,2,1,2,1,2,2,2,2,2,2,2,1,2,2,0,0,0
2008,37,197,3,370186,1,3,1,2,1,2,3,2,5,1,1,2,3,1,2,2,2,2,2,2,3,2,2,2,2,1,2,2,1,2,2,0,0,0
2008,37,1,1,370187,1,3,1,2,1,1,4,1,4,1,1,2,2,2,2,2,2,2,2,2,3,2,2,2,2,2,1,1,2,1,2,0,0,0
2008,37,1,1,370188,1,3,2,1,4,2,1,2,1,1,1,2,1,2,2,1,2,2,2,2,2,2,2,2,2,2,2,2,1,1,2,0,0,0
2008,37,7,1,370189,1,3,1,2,4,2,5,2,1,1,1,2,1,2,2,2,2,2,1,2,2,2,2,2,2,1,2,2,1,2,2,0,0,0
2008,37,7,1,370190,1,3,1,2,4,2,5,2,1,2,2,2,1,2,2,2,2,2,2,2,1,2,2,2,2,2,2,2,1,2,2,0,0,0
2008,37,21,1,370191,1,3,1,2,1,2,5,2,3,1,1,2,2,2,2,2,2,2,2,2,3,2,2,2,2,1,2,2,1,2,2,0,0,0
2008,37,21,1,370192,1,3,2,2,1,1,3,1,4,1,1,2,2,2,1,1,2,2,2,2,3,2,2,2,2,2,1,1,2,2,2,0,0,0
2008,37,23,1,370193,1,3,1,1,1,2,1,2,5,1,1,2,3,2,2,2,2,2,1,2,3,2,2,2,2,1,2,2,2,1,2,0,0,0
2008,37,25,1,370194,1,3,2,2,4,2,2,2,1,2,1,2,1,2,2,2,2,2,2,2,2,2,2,2,2,2,2,2,1,2,2,0,0,0
2008,37,29,1,370195,1,3,1,2,2,2,5,2,1,1,1,2,1,1,2,2,2,2,1,2,2,2,2,2,2,2,2,2,1,2,2,0,0,0
2008,37,35,1,370196,1,3,2,2,2,2,6,2,1,1,2,2,1,2,2,1,2,2,2,2,1,1,1,1,1,2,2,1,1,2,2,0,0,0
2008,37,39,1,370197,1,3,1,2,1,2,6,2,1,2,2,2,1,2,2,2,2,2,1,2,1,1,1,1,1,2,2,1,1,2,2,0,0,0
2008,37,39,1,370198,1,3,1,2,1,2,6,2,2,1,1,1,2,2,2,2,2,2,1,2,3,2,2,2,2,1,1,1,2,2,2,0,0,0
2008,37,47,1,370199,1,3,1,2,1,2,3,2,3,2,1,2,2,2,2,2,2,2,2,2,1,2,2,2,2,1,1,1,1,2,2,0,0,0
2008,37,51,1,370200,1,3,1,1,1,2,1,2,1,1,2,2,1,2,2,1,2,2,1,2,2,2,2,2,2,2,2,2,1,2,2,0,0,0
2008,37,51,1,370201,1,3,1,2,1,1,6,1,1,1,1,2,1,1,2,1,2,2,1,2,2,2,2,2,2,2,2,2,2,2,2,0,0,0
2008,37,55,1,370202,1,3,1,2,1,2,3,2,3,2,2,2,2,2,2,2,2,2,2,2,1,2,2,2,2,2,2,2,1,1,2,0,0,0
2008,37,57,1,370203,1,3,2,1,1,2,1,2,2,1,1,2,2,1,2,1,2,2,2,2,3,2,2,2,2,2,2,2,2,1,2,0,0,0
2008,37,59,1,370204,1,3,1,2,1,2,3,2,4,1,1,2,2,1,2,2,2,2,2,2,3,2,2,2,2,2,1,1,1,2,2,0,0,0
2008,37,61,1,370205,1,3,1,2,1,2,5,2,3,1,1,2,2,2,2,2,2,2,2,2,3,2,2,2,2,2,2,2,1,2,2,0,0,0
2008,37,63,1,370206,1,3,1,2,1,2,4,2,1,2,2,2,1,2,2,2,1,2,2,2,3,2,2,2,2,2,2,2,2,2,2,0,0,0
2008,37,67,1,370207,1,3,2,2,2,2,5,2,1,2,2,2,1,2,2,1,2,2,2,2,1,2,2,2,2,2,2,2,1,2,2,0,0,0
2008,37,69,1,370208,1,3,1,2,2,2,6,2,1,1,2,2,1,2,2,2,2,2,2,2,2,2,2,2,2,2,2,2,1,2,2,0,0,0
2008,37,71,1,370209,1,3,2,2,2,2,6,2,1,2,1,2,1,2,2,1,2,2,1,2,2,2,2,2,2,2,2,2,1,2,2,0,0,0
2008,37,71,3,370210,1,3,1,2,2,2,5,2,1,2,1,2,1,2,2,1,2,2,1,2,1,2,2,2,2,2,2,2,1,2,2,0,0,0
2008,37,71,1,370211,1,3,2,2,1,1,6,1,4,2,2,2,2,2,2,2,2,2,2,2,3,2,2,2,2,2,1,1,2,1,2,0,0,0
2008,37,81,1,370212,1,3,1,2,2,2,5,2,1,2,1,2,1,2,2,2,2,2,1,2,1,2,2,2,2,2,2,2,1,2,2,0,0,0
2008,37,81,3,370213,1,3,1,1,1,2,1,2,4,1,2,2,2,1,2,2,2,2,1,2,3,2,2,2,2,1,2,2,2,1,2,0,0,0
2008,37,81,1,370214,1,3,2,2,1,2,4,3,4,1,1,2,2,2,2,2,2,2,2,2,3,1,1,1,1,1,2,1,2,2,2,0,0,0
2008,37,83,1,370215,1,3,2,1,2,2,1,2,1,1,2,2,1,2,2,2,2,2,1,2,2,2,2,2,2,1,2,2,1,2,2,0,0,0
2008,37,89,1,370216,1,3,2,2,2,2,6,2,1,2,1,2,1,2,2,2,2,2,2,2,2,2,2,2,2,1,2,2,1,2,2,0,0,0
2008,37,93,1,370217,1,3,1,2,1,2,6,2,3,1,2,2,2,2,2,2,2,2,2,2,3,2,2,2,2,1,2,2,1,1,2,0,0,0
2008,37,99,1,370218,1,3,1,2,4,2,5,2,1,1,1,2,1,2,1,2,1,2,2,2,2,2,2,1,1,2,2,1,1,2,2,0,0,0
2008,37,101,1,370219,1,3,1,2,1,2,5,2,4,1,1,2,2,2,1,2,2,2,2,2,3,1,1,1,1,2,2,1,2,1,2,0,0,0
2008,37,101,1,370220,1,3,1,2,2,2,6,2,1,2,2,2,1,2,2,2,2,2,1,2,1,2,2,2,2,2,1,1,1,2,2,0,0,0
2008,37,101,1,370221,1,3,1,2,1,2,6,2,1,2,1,2,1,2,2,2,1,2,2,2,3,2,2,2,2,2,1,1,2,2,2,0,0,0
2008,37,105,1,370222,1,3,2,2,2,2,6,2,1,1,1,2,1,1,2,2,2,2,1,2,2,2,2,2,2,2,2,2,1,2,2,0,0,0
2008,37,107,2,370223,1,3,1,2,1,2,3,2,3,1,2,2,3,2,2,2,2,2,1,2,3,2,2,2,2,2,2,2,1,2,2,0,0,0
2008,37,117,1,370224,1,3,1,2,2,2,5,2,1,2,1,2,1,1,2,2,2,2,1,2,2,2,2,2,2,2,2,2,1,2,2,0,0,0
2008,37,125,1,370225,1,3,1,2,3,2,3,2,1,1,2,2,1,2,2,2,2,2,2,2,2,2,2,2,2,2,1,1,1,2,2,0,0,0
2008,37,129,1,370226,1,3,1,2,2,2,3,2,1,2,2,2,1,2,1,1,2,2,2,2,1,2,2,2,2,2,2,2,1,2,2,0,0,0
2008,37,133,1,370227,1,3,1,2,1,2,3,2,4,1,1,2,3,2,1,2,2,2,2,2,3,1,1,1,1,2,2,1,1,2,2,0,0,0
2008,37,135,1,370228,1,3,1,2,3,2,3,2,1,2,2,2,1,2,2,1,2,2,2,2,1,2,2,2,2,2,2,2,1,2,2,0,0,0
2008,37,135,1,370229,1,3,1,2,4,2,5,2,1,2,2,2,1,2,2,2,2,2,2,2,2,1,1,1,1,2,2,1,1,2,2,0,0,0
2008,37,135,1,370230,1,3,2,2,1,1,3,1,1,2,2,2,1,2,2,2,1,2,2,2,3,2,2,2,2,2,2,2,2,2,2,0,0,0
2008,37,139,1,370231,1,3,1,2,2,2,5,2,1,2,2,2,1,2,2,1,2,2,1,2,1,2,2,2,2,2,2,2,1,2,2,0,0,0
2008,37,141,1,370232,1,3,1,2,2,2,6,2,1,1,1,2,1,2,2,2,2,2,1,2,2,2,2,2,2,2,2,2,1,2,2,0,0,0
2008,37,155,1,370233,1,3,1,2,1,1,5,1,4,2,1,2,2,2,2,2,2,2,1,2,3,2,2,2,2,2,2,2,2,2,2,0,0,0
2008,37,155,1,370234,1,3,1,2,2,2,6,2,1,2,1,2,1,2,2,1,2,2,2,2,2,2,2,2,2,2,1,1,1,1,2,0,0,0
2008,37,155,1,370235,1,3,1,2,2,2,6,2,1,2,2,2,1,2,2,1,2,2,1,2,1,2,2,2,2,2,2,2,1,2,2,0,0,0
2008,37,155,1,370236,1,3,1,2,1,2,6,2,1,2,1,2,1,2,2,2,1,2,2,2,3,2,2,2,2,2,2,2,2,2,2,0,0,0
2008,37,157,1,370237,1,3,1,2,2,2,5,2,1,1,2,2,1,2,2,1,2,2,2,2,2,2,2,2,2,2,2,2,1,2,2,0,0,0
2008,37,159,1,370238,1,3,2,2,2,2,5,2,1,1,1,2,1,2,1,1,2,2,2,2,1,2,2,2,2,2,2,2,1,2,2,0,0,0
2008,37,163,1,370239,1,3,1,2,1,2,6,2,1,2,2,2,1,2,2,2,1,2,2,2,3,2,2,2,2,2,2,2,2,2,2,0,0,0
2008,37,163,1,370240,1,3,1,2,1,2,6,2,1,2,2,1,1,2,2,2,1,2,2,2,3,2,2,2,2,2,2,2,2,2,2,0,0,0
2008,37,163,1,370241,1,3,1,2,1,2,5,2,3,2,2,2,2,2,2,2,2,2,2,2,3,2,2,2,2,2,2,2,1,2,2,0,0,0
2008,37,163,1,370242,1,3,1,2,2,2,6,2,1,1,2,2,1,2,2,2,2,2,1,2,2,2,2,2,2,2,2,2,1,2,2,0,0,0
2008,37,165,1,370243,1,3,1,2,4,1,5,1,1,2,2,2,1,2,2,1,2,2,1,2,3,2,2,2,2,2,1,1,2,2,2,0,0,0
2008,37,167,1,370244,1,3,1,2,2,2,6,2,1,1,1,2,1,2,1,2,2,2,2,2,1,2,2,2,2,2,2,2,1,2,2,0,0,0
2008,37,167,1,370245,1,3,2,2,1,1,3,1,4,1,1,2,3,2,2,2,2,2,2,2,3,2,2,2,2,2,1,1,2,2,2,0,0,0
2008,37,183,2,370246,1,3,1,2,1,2,5,2,3,2,1,2,2,2,2,2,2,2,2,2,3,2,2,2,2,2,2,2,1,2,2,0,0,0
2008,37,183,2,370247,1,3,2,2,1,1,4,1,1,1,1,2,1,2,2,2,1,2,2,2,3,2,2,2,2,2,2,2,2,2,2,0,0,0
2008,37,183,1,370248,1,3,2,2,1,1,2,1,2,2,2,2,2,2,2,2,2,2,2,2,3,1,1,1,1,1,2,1,2,1,2,0,0,0
2008,37,193,1,370249,1,3,1,2,4,2,6,2,1,1,2,2,1,2,2,2,2,2,2,2,1,2,2,2,2,2,2,2,1,2,2,0,0,0
2008,37,197,1,370250,1,3,1,2,1,2,6,2,1,2,2,2,1,2,2,1,1,2,2,2,3,1,1,1,1,2,2,1,1,2,2,0,0,0
2008,37,1,1,370251,1,3,1,2,2,2,6,2,1,1,1,2,1,2,1,2,2,2,2,2,2,2,2,2,2,2,2,2,1,2,2,0,0,0
2008,37,5,1,370252,1,3,1,2,4,2,6,2,1,2,2,2,1,2,2,2,2,2,1,2,1,2,2,2,2,2,2,2,1,2,2,0,0,0
2008,37,13,1,370253,1,3,2,2,4,2,4,2,1,2,2,2,1,2,2,1,2,2,1,2,1,2,2,2,2,2,2,2,1,2,2,0,0,0
2008,37,35,1,370254,1,3,1,2,1,2,6,2,1,2,2,2,1,2,1,2,2,2,2,2,1,2,2,2,2,2,2,2,2,2,2,0,0,0
2008,37,51,1,370255,1,3,1,1,1,2,1,2,1,2,2,1,1,2,2,2,1,2,2,2,3,2,2,2,2,2,2,2,2,2,2,0,0,0
2008,37,65,1,370256,1,3,1,2,1,2,3,2,3,2,2,2,2,2,2,2,2,2,2,2,3,2,2,2,2,2,1,1,1,2,2,0,0,0
2008,37,69,1,370257,1,3,1,2,4,2,5,2,1,1,1,2,1,2,2,1,2,2,2,2,3,2,2,2,2,2,2,2,1,2,2,0,0,0
2008,37,81,1,370258,1,3,2,2,2,2,6,2,1,2,2,2,1,2,1,1,2,2,2,2,2,2,2,2,2,2,2,2,1,2,2,0,0,0
2008,37,81,1,370259,1,3,2,2,1,1,3,1,1,1,1,2,1,2,2,2,1,2,2,2,3,2,2,2,2,1,2,2,2,2,2,0,0,0
2008,37,85,1,370260,1,3,1,2,2,2,6,2,1,2,2,2,1,2,2,1,2,2,2,2,3,2,2,2,2,2,2,2,1,2,2,0,0,0
2008,37,85,1,370261,1,3,1,2,1,2,6,3,4,1,2,2,2,2,1,1,2,2,2,2,3,1,1,1,1,2,1,1,2,2,2,0,0,0
2008,37,89,1,370262,1,3,1,2,4,2,3,2,1,2,1,2,1,2,2,1,2,2,1,2,2,2,2,2,2,2,2,2,1,2,2,0,0,0
2008,37,89,1,370263,1,3,2,2,1,2,2,2,1,1,1,2,1,2,2,2,1,2,2,2,3,2,2,2,2,1,2,2,2,1,2,0,0,0
2008,37,91,1,370264,1,3,1,2,1,2,6,2,1,1,2,2,1,2,2,2,2,2,2,2,2,2,2,2,2,1,2,2,2,2,2,0,0,0
2008,37,117,1,370265,1,3,1,2,1,1,5,1,4,1,1,2,2,2,2,2,2,2,2,2,3,2,2,2,2,2,2,2,2,1,2,0,0,0
2008,37,127,1,370266,1,3,1,2,2,2,5,2,1,2,2,2,1,2,2,2,2,2,1,2,1,2,2,2,2,2,2,2,1,2,2,0,0,0
2008,37,133,1,370267,1,3,1,2,4,2,5,2,1,2,2,2,1,2,2,1,2,2,1,2,1,2,2,2,2,2,2,2,1,2,2,0,0,0
2008,37,155,1,370268,1,3,1,2,2,2,6,2,1,2,2,2,1,2,2,1,2,2,1,2,1,2,2,2,2,2,2,2,1,1,2,0,0,0
2008,37,159,1,370269,1,3,1,2,4,2,5,2,1,1,1,2,1,2,2,2,2,2,2,2,2,2,2,2,2,1,2,2,1,2,2,0,0,0
2008,37,159,1,370270,1,3,1,2,1,2,5,2,3,2,2,2,2,2,2,1,2,2,1,2,1,2,2,2,2,2,1,1,1,2,2,0,0,0
2008,37,165,1,370271,1,3,2,2,4,2,2,2,1,2,1,2,1,2,2,1,2,2,2,2,1,2,2,2,2,2,2,2,1,2,2,0,0,0
2008,37,179,1,370272,1,3,2,2,1,2,2,2,2,2,1,2,2,1,2,2,2,2,1,2,3,2,2,2,2,2,2,2,2,2,2,0,0,0
2008,37,195,1,370273,1,3,1,2,2,2,5,2,1,1,1,2,1,2,2,2,2,2,1,2,2,2,2,2,2,2,2,2,1,2,2,0,0,0
2008,37,15,1,370274,1,3,1,2,2,2,5,2,1,2,1,2,2,1,2,1,2,2,2,2,3,2,2,2,2,2,2,2,1,2,2,0,0,0
2008,37,21,1,370275,1,3,1,1,2,2,1,2,1,1,2,2,1,1,2,1,2,2,1,2,2,2,2,2,2,2,2,2,1,1,2,0,0,0
2008,37,27,1,370276,1,3,2,2,1,1,3,1,4,1,1,2,2,1,2,2,2,2,2,2,3,2,2,2,2,2,2,2,2,1,2,0,0,0
2008,37,35,1,370277,1,3,2,2,1,2,4,2,1,1,1,2,1,2,2,2,1,2,2,2,3,2,2,2,2,2,2,2,2,2,2,0,0,0
2008,37,39,1,370278,1,3,1,2,4,2,6,2,1,2,2,2,1,2,2,1,2,2,2,2,3,1,1,1,1,2,2,1,1,2,2,0,0,0
2008,37,59,1,370279,1,3,1,1,1,2,1,3,3,2,2,2,2,2,2,2,2,2,2,2,3,2,2,2,2,2,1,1,2,2,2,0,0,0
2008,37,61,1,370280,1,3,1,2,1,1,5,1,4,1,1,2,2,2,2,2,2,2,1,2,3,2,2,2,2,2,2,2,2,2,2,0,0,0
2008,37,67,2,370281,1,3,1,2,1,2,5,3,3,2,1,2,2,2,2,2,2,2,2,2,2,2,2,2,2,2,1,1,2,2,2,0,0,0
2008,37,67,2,370282,1,3,1,2,2,2,5,2,1,2,2,2,1,2,2,2,2,2,2,2,2,2,2,2,2,2,1,1,1,2,2,0,0,0
2008,37,81,1,370283,1,3,2,2,2,2,6,2,1,1,1,2,1,2,2,2,2,2,1,2,2,2,2,2,2,2,2,2,1,2,2,0,0,0
2008,37,81,1,370284,1,3,1,2,2,2,6,2,1,2,2,2,1,2,2,1,2,2,1,2,3,2,2,1,1,2,2,1,1,2,2,0,0,0
2008,37,81,1,370285,1,3,2,2,1,1,6,1,4,1,1,2,2,1,2,2,2,2,2,2,3,2,2,2,2,1,2,2,2,1,2,0,0,0
2008,37,97,1,370286,1,3,1,1,3,2,1,2,1,2,1,2,3,1,2,2,2,2,1,2,3,2,2,2,2,2,2,2,1,2,2,0,0,0
2008,37,99,1,370287,1,3,1,2,1,1,3,1,4,1,2,2,2,2,2,2,2,2,2,2,3,2,2,2,2,1,2,2,2,2,2,0,0,0
2008,37,101,1,370288,1,3,1,1,2,2,1,2,1,1,1,2,1,2,2,1,2,2,1,2,1,2,2,2,2,2,2,2,1,2,2,0,0,0
2008,37,119,1,370289,1,3,2,2,4,2,6,2,1,1,1,2,1,2,2,2,2,2,1,2,2,1,1,1,1,2,2,1,1,2,2,0,0,0
2008,37,119,1,370290,1,3,2,1,1,2,1,2,1,2,1,2,1,1,2,2,1,2,2,2,3,2,2,2,2,2,2,2,2,2,2,0,0,0
2008,37,127,1,370291,1,3,1,2,1,2,6,2,1,2,1,2,1,2,2,2,1,2,2,2,3,2,2,2,2,2,2,2,2,2,2,0,0,0
2008,37,7,1,370292,1,3,1,2,4,2,6,2,1,2,2,2,1,2,2,1,2,2,2,2,2,1,1,1,1,2,2,1,1,2,2,0,0,0
2008,37,141,1,370293,1,3,1,1,1,2,1,2,2,2,1,2,3,2,2,2,2,2,1,2,3,2,2,2,2,2,1,1,2,2,2,0,0,0
2008,37,145,1,370294,1,3,1,2,1,2,6,2,4,1,2,2,2,2,2,2,2,2,2,2,3,2,2,2,2,2,2,2,1,2,2,0,0,0
2008,37,151,1,370295,1,3,2,2,1,2,3,2,3,1,1,2,2,2,2,2,2,2,2,2,3,2,2,1,1,2,2,1,1,2,2,0,0,0
2008,37,157,1,370296,1,3,2,2,4,2,4,2,1,2,2,2,1,2,2,1,2,2,2,2,1,2,2,2,2,2,2,2,1,2,2,0,0,0
2008,37,157,1,370297,1,3,2,2,2,1,6,1,1,2,2,2,1,2,2,1,2,2,1,2,1,2,2,2,2,2,1,1,2,2,2,0,0,0
2008,37,163,2,370298,1,3,1,2,1,2,6,3,4,1,2,2,2,2,2,2,2,2,2,2,3,1,1,1,1,1,2,1,1,2,2,0,0,0
2008,37,167,1,370299,1,3,1,2,2,2,6,2,1,1,2,2,1,2,1,1,2,2,2,2,2,2,2,2,2,2,2,2,1,2,2,0,0,0
2008,37,183,1,370300,1,3,2,2,1,1,6,1,4,1,1,2,2,1,1,2,2,2,2,2,3,2,2,2,2,2,2,2,2,2,2,0,0,0
2008,37,183,1,370301,1,3,1,2,1,2,3,2,1,2,2,2,1,2,2,2,1,2,2,2,3,2,2,2,2,2,2,2,2,2,2,0,0,0
2008,37,195,1,370302,1,3,1,2,2,2,6,2,1,1,1,2,1,2,2,2,2,2,1,2,2,2,2,2,2,2,2,2,1,2,2,0,0,0
2008,37,197,1,370303,1,3,1,2,1,1,5,1,4,1,1,2,2,2,2,2,2,2,2,2,1,2,2,2,2,2,2,2,2,2,2,0,0,0
2008,37,199,1,370304,1,3,1,2,1,2,5,2,3,2,1,2,2,2,2,2,2,2,2,2,3,2,2,2,2,1,2,2,1,2,2,0,0,0
2008,37,67,1,370305,1,3,2,2,4,2,5,2,1,2,1,2,1,2,2,2,2,2,2,2,3,2,2,2,2,2,2,2,1,2,2,0,0,0
2008,37,97,2,370306,1,3,1,2,1,2,4,2,3,2,2,2,2,2,2,1,2,2,1,2,3,2,2,2,2,2,2,2,1,2,2,0,0,0
2008,37,105,1,370307,1,3,1,2,1,2,5,2,1,1,1,2,1,2,2,1,2,2,2,2,3,2,2,2,2,2,2,2,2,2,2,0,0,0
2008,37,111,1,370308,1,3,1,2,2,2,3,2,1,1,1,2,1,2,2,1,2,2,2,2,3,2,2,2,2,2,2,2,1,2,2,0,0,0
2008,37,159,1,370309,1,3,1,2,1,2,3,2,1,1,2,2,1,2,2,2,2,2,2,2,3,2,2,2,2,1,2,2,2,1,2,0,0,0
2008,37,183,1,370310,1,3,2,2,1,2,5,3,2,1,1,2,2,2,2,1,1,2,2,2,3,2,2,2,2,2,2,2,2,1,2,0,0,0
2008,37,183,1,370311,1,3,2,2,2,2,3,2,1,2,2,2,1,2,2,1,2,2,2,2,1,2,2,2,2,2,1,1,1,2,2,0,0,0
2008,37,193,1,370312,1,3,1,2,2,2,5,2,1,2,2,2,1,2,2,1,2,2,2,1,3,1,1,1,1,2,2,1,1,2,2,0,0,0
2008,37,49,2,370313,1,3,1,2,1,2,3,2,1,2,2,2,1,2,2,2,1,2,2,2,3,2,2,2,2,2,2,2,2,2,2,0,0,0
2008,37,21,1,370314,1,3,1,2,1,2,3,2,2,1,2,2,2,2,1,1,2,2,2,2,1,2,2,2,2,2,1,1,2,1,2,0,0,0
2008,37,23,1,370315,1,3,1,2,2,2,3,2,4,1,1,2,1,1,2,1,2,2,1,2,2,2,2,2,2,2,2,2,1,2,2,0,0,0
2008,37,63,1,370316,1,3,2,2,1,1,4,1,3,2,2,2,3,2,2,1,2,2,2,2,3,1,1,1,1,2,2,1,2,2,2,0,0,0
2008,37,63,1,370317,1,3,2,2,1,2,4,2,1,2,1,2,1,2,2,2,1,2,2,2,3,2,2,2,2,2,2,2,2,2,2,0,0,0
2008,37,81,1,370318,1,3,1,2,2,2,6,2,1,1,1,2,1,2,2,2,2,2,2,2,2,2,2,2,2,2,2,2,1,2,2,0,0,0
2008,37,81,1,370319,1,3,1,2,2,2,6,2,1,1,2,2,1,2,2,2,2,2,2,2,2,2,2,2,2,2,2,2,1,1,2,0,0,0
2008,37,81,1,370320,1,3,2,2,2,2,5,2,1,2,2,2,1,2,2,2,2,2,2,2,1,2,2,2,2,2,2,2,1,2,2,0,0,0
2008,37,81,1,370321,1,3,2,2,2,1,4,1,1,2,2,2,2,1,2,1,2,2,2,2,1,2,2,2,2,2,2,2,2,2,2,0,0,0
2008,37,85,1,370322,1,3,1,2,1,2,5,2,4,1,1,2,2,2,2,2,2,2,2,2,3,2,2,2,2,2,2,2,1,2,2,0,0,0
2008,37,91,4,370323,1,3,1,2,1,2,3,2,3,1,1,2,2,1,2,2,2,2,2,2,3,1,1,1,1,2,2,1,1,2,2,0,0,0
2008,37,119,1,370324,1,3,2,2,1,2,4,2,4,1,2,2,2,2,2,2,2,2,2,2,3,1,2,1,2,2,2,2,1,2,2,0,0,0
2008,37,119,1,370325,1,3,2,2,1,1,5,1,1,1,1,2,1,2,2,2,2,1,2,2,3,2,2,2,2,2,2,2,2,2,2,0,0,0
2008,37,119,1,370326,1,3,2,2,1,2,4,2,5,1,1,2,2,1,1,2,2,2,2,2,3,2,2,2,2,2,2,2,2,2,2,0,0,0
2008,37,119,1,370327,1,3,2,2,1,2,5,2,1,2,1,2,1,2,2,2,1,2,2,2,3,2,2,2,2,1,2,2,2,2,2,0,0,0
2008,37,119,1,370328,1,3,2,1,2,2,1,3,1,2,2,2,1,2,1,1,2,2,2,2,1,2,2,2,2,2,2,2,1,2,2,0,0,0
2008,37,127,1,370329,1,3,1,2,2,2,3,2,1,2,1,2,1,2,2,2,2,2,2,2,2,2,2,2,2,1,2,2,1,1,2,0,0,0
2008,37,147,1,370330,1,3,1,2,1,1,5,1,4,1,2,2,2,2,2,2,2,2,1,2,3,2,2,2,2,1,2,2,2,2,2,0,0,0
2008,37,147,1,370331,1,3,1,2,2,1,6,1,1,1,1,2,1,2,2,1,2,2,1,2,1,2,2,2,2,2,2,2,2,2,2,0,0,0
2008,37,147,1,370332,1,3,2,2,1,1,6,1,4,2,1,2,2,2,2,2,2,2,2,2,3,2,2,1,1,2,2,1,2,2,2,0,0,0
2008,37,153,1,370333,1,3,2,2,1,1,2,1,4,1,1,2,2,2,2,2,2,2,2,2,3,2,2,2,2,2,2,2,2,2,2,0,0,0
2008,37,153,1,370334,1,3,2,2,1,1,2,1,4,1,1,2,2,2,2,2,2,2,2,2,3,2,2,2,2,1,2,2,2,2,2,0,0,0
2008,37,191,1,370335,1,3,1,2,1,1,6,1,4,1,1,2,2,2,2,2,2,2,2,2,3,2,2,2,2,1,2,2,2,2,2,0,0,0
2008,37,21,1,370336,1,3,1,2,4,2,5,2,1,1,2,2,1,2,1,1,2,2,2,2,2,2,2,2,2,2,1,1,1,2,2,0,0,0
2008,37,21,1,370337,1,3,1,2,1,1,6,1,4,2,2,2,2,2,2,2,2,2,2,2,3,2,2,2,2,1,2,2,2,2,2,0,0,0
2008,37,25,1,370338,1,3,2,2,4,2,5,2,1,2,2,2,1,2,2,2,2,2,2,2,1,2,2,2,2,2,2,2,1,2,2,0,0,0
2008,37,35,1,370339,1,3,2,2,2,2,6,2,1,1,2,2,1,2,1,1,2,2,2,2,1,2,2,2,2,2,2,2,1,2,2,0,0,0
2008,37,47,1,370340,1,3,1,2,1,2,6,2,2,1,1,2,2,1,2,1,2,2,2,2,3,1,1,1,1,2,2,1,2,1,2,0,0,0
2008,37,51,1,370341,1,3,1,2,2,2,6,2,1,2,1,2,1,2,2,1,2,2,1,2,1,1,1,1,1,2,2,1,1,2,2,0,0,0
2008,37,81,1,370342,1,3,1,2,2,2,3,2,1,2,2,2,1,2,2,1,2,2,1,2,1,2,2,2,2,2,2,2,1,2,2,0,0,0
2008,37,81,1,370343,1,3,2,2,1,2,5,2,1,1,1,2,1,2,2,2,1,2,2,2,3,2,2,2,2,2,2,2,2,2,2,0,0,0
2008,37,97,1,370344,1,3,1,2,2,2,5,2,1,1,1,2,1,2,2,2,2,2,1,2,2,2,2,2,2,1,2,2,1,1,2,0,0,0
2008,37,99,1,370345,1,3,1,2,1,2,3,2,3,2,1,2,2,2,2,2,2,2,2,2,1,2,2,2,2,2,2,2,1,2,2,0,0,0
2008,37,101,1,370346,1,3,1,2,1,1,5,1,4,1,2,2,2,2,2,2,2,2,2,2,3,1,1,1,1,2,2,1,2,1,2,0,0,0
2008,37,105,1,370347,1,3,1,2,1,2,4,2,3,2,2,2,2,2,2,2,2,2,1,2,3,2,2,2,2,2,2,2,1,2,1,0,0,0
2008,37,117,1,370348,1,3,1,2,1,2,5,2,4,1,2,2,2,2,1,1,2,2,2,2,3,1,1,1,1,2,2,1,2,2,2,0,0,0
2008,37,119,1,370349,1,3,2,2,1,2,5,2,1,1,2,2,1,2,2,2,2,2,2,2,1,2,2,2,2,2,2,2,2,2,2,0,0,0
2008,37,129,1,370350,1,3,2,2,2,2,4,2,1,2,2,2,1,2,2,2,2,2,2,2,1,2,2,2,2,2,2,2,1,2,2,0,0,0
2008,37,129,1,370351,1,3,2,2,1,2,5,2,4,2,2,2,2,2,2,2,2,2,1,2,3,1,1,1,1,2,1,1,2,2,2,0,0,0
2008,37,147,1,370352,1,3,1,2,1,2,3,2,3,1,1,2,2,2,2,2,2,2,2,2,3,1,1,1,1,2,2,1,1,2,2,0,0,0
2008,37,147,1,370353,1,3,2,2,1,1,4,1,1,1,2,1,1,2,2,2,2,1,2,2,3,1,1,1,1,2,2,1,2,2,2,0,0,0
2008,37,155,1,370354,1,3,1,2,2,2,5,2,1,1,2,2,1,2,2,2,2,2,2,2,1,2,2,2,2,2,2,2,1,2,2,0,0,0
2008,37,155,1,370355,1,3,1,2,1,2,5,2,4,1,1,2,2,2,2,2,2,2,1,2,3,2,2,2,2,1,2,2,2,1,2,0,0,0
2008,37,159,1,370356,1,3,2,2,1,2,4,2,1,2,1,2,1,2,2,2,1,2,2,2,3,1,1,1,1,2,2,1,2,2,2,0,0,0
2008,37,199,1,370357,1,3,1,2,1,2,3,2,3,1,1,2,3,2,2,2,2,2,1,2,3,1,1,1,1,1,2,1,1,2,2,0,0,0
2008,37,1,1,370358,1,3,1,2,1,2,6,2,1,2,1,2,1,2,2,1,2,2,1,2,1,2,2,2,2,2,2,2,1,2,2,0,0,0
2008,37,3,1,370359,1,3,1,2,1,1,4,1,4,2,1,2,2,1,2,2,2,2,2,2,3,1,1,1,1,2,2,1,2,2,2,0,0,0
2008,37,21,1,370360,1,3,1,2,1,1,3,1,4,1,1,2,2,2,2,2,2,2,2,2,1,2,2,2,2,1,2,2,2,2,2,0,0,0
2008,37,35,1,370361,1,3,1,2,4,2,6,2,1,2,2,2,1,2,2,2,2,2,2,2,2,2,2,2,2,2,2,2,1,2,2,0,0,0
2008,37,37,1,370362,1,3,1,2,1,2,3,2,2,1,1,2,2,1,2,2,2,2,2,2,1,2,2,2,2,2,2,2,2,2,2,0,0,0
2008,37,45,1,370363,1,3,1,2,2,2,6,2,1,2,2,2,1,2,1,1,2,2,2,2,1,2,2,2,2,2,2,2,1,2,2,0,0,0
2008,37,57,1,370364,1,3,1,1,2,2,1,2,1,1,2,2,1,2,2,2,1,2,2,2,3,2,2,2,2,2,2,2,2,2,2,0,0,0
2008,37,63,1,370365,1,3,1,2,1,1,5,1,4,1,1,2,2,2,2,2,2,2,2,2,3,2,2,2,2,1,2,2,2,2,2,0,0,0
2008,37,67,1,370366,1,3,1,2,1,2,3,2,5,1,2,2,2,1,2,2,2,2,2,2,1,2,2,2,2,2,2,2,2,2,2,0,0,0
2008,37,71,1,370367,1,3,1,2,2,2,6,2,1,2,1,2,1,2,1,1,2,2,2,2,2,2,2,2,2,2,2,2,1,2,2,0,0,0
2008,37,79,1,370368,1,3,1,2,1,1,5,1,4,1,1,2,2,2,2,2,2,2,2,2,1,2,2,2,2,2,2,2,2,2,2,0,0,0
2008,37,81,1,370369,1,3,1,2,1,1,4,1,4,1,1,2,2,2,1,2,2,2,2,2,3,2,2,2,2,2,2,2,2,1,2,0,0,0
2008,37,89,1,370370,1,3,1,1,1,2,1,2,2,1,1,2,2,2,2,1,2,2,1,2,3,2,2,2,2,2,2,2,2,2,2,0,0,0
2008,37,111,1,370371,1,3,1,2,2,2,3,2,1,1,1,2,1,1,2,2,2,2,1,2,2,2,2,2,2,2,2,2,1,2,2,0,0,0
2008,37,119,1,370372,1,3,2,2,4,2,5,2,1,1,1,2,1,2,2,2,2,2,2,2,2,2,2,2,2,2,2,2,1,2,2,0,0,0
2008,37,123,1,370373,1,3,1,2,4,2,4,2,1,2,1,2,1,2,2,2,2,2,2,2,3,2,2,2,2,2,2,2,1,2,2,0,0,0
2008,37,123,1,370374,1,3,1,2,4,2,6,2,1,2,2,2,1,2,2,1,2,2,1,2,1,2,2,2,2,2,1,1,1,2,2,0,0,0
2008,37,135,2,370375,1,3,1,2,1,1,5,1,4,1,1,2,2,2,2,2,2,2,2,2,3,2,2,2,2,1,2,2,2,2,2,0,0,0
2008,37,153,1,370376,1,3,1,2,2,2,6,2,1,2,2,2,1,2,2,1,2,2,2,2,1,2,2,2,2,2,2,2,1,2,2,0,0,0
2008,37,153,1,370377,1,3,2,2,1,1,6,1,4,2,2,2,2,2,2,2,2,2,2,2,3,2,2,2,2,2,2,2,2,2,2,0,0,0
2008,37,155,1,370378,1,3,2,1,1,2,1,2,5,1,1,2,2,2,2,2,2,2,1,2,3,2,2,2,2,2,2,2,2,2,2,0,0,0
2008,37,157,1,370379,1,3,1,2,4,2,6,2,1,1,1,2,1,2,2,2,2,2,1,2,2,2,2,2,2,2,2,2,1,2,2,0,0,0
2008,37,159,2,370380,1,3,1,2,1,1,5,1,4,1,1,2,2,1,2,2,2,2,2,2,3,2,2,2,2,2,2,2,2,2,2,0,0,0
2008,37,161,1,370381,1,3,1,2,2,2,3,2,1,2,2,2,1,2,2,1,2,2,1,2,3,2,2,2,2,2,2,2,1,2,2,0,0,0
2008,37,171,1,370382,1,3,2,2,1,1,2,1,4,1,1,2,2,1,2,2,2,2,1,2,3,2,2,1,1,1,2,1,2,2,2,0,0,0
2008,37,183,1,370383,1,3,2,2,1,1,4,1,4,1,1,2,2,2,2,2,2,2,2,2,3,2,2,2,2,1,2,2,2,2,2,0,0,0
2008,37,183,1,370384,1,3,2,1,1,2,1,2,6,1,1,2,2,2,1,2,2,2,2,2,3,2,2,2,2,2,1,1,2,2,2,0,0,0
2008,37,191,1,370385,1,3,1,2,2,2,6,2,1,2,2,2,1,2,2,2,2,2,1,2,1,2,2,2,2,2,2,2,1,2,2,0,0,0
2008,37,195,1,370386,1,3,1,2,1,2,3,2,1,2,2,1,1,2,2,2,1,2,2,2,3,1,1,1,1,2,2,1,2,2,2,0,0,0
2008,37,127,1,370387,1,3,2,2,2,2,6,2,1,1,1,2,1,2,2,2,2,2,2,2,2,2,2,2,2,1,2,2,1,2,2,0,0,0
2008,37,127,1,370388,1,3,2,2,1,2,2,2,1,2,1,2,1,1,2,2,1,2,2,2,3,2,2,2,2,2,2,2,2,2,2,0,0,0
2008,37,181,1,370389,1,3,1,2,2,2,5,2,1,2,2,2,1,2,2,2,2,2,2,2,2,2,2,2,2,2,2,2,1,2,2,0,0,0
2008,37,193,2,370390,1,3,1,2,1,2,3,2,5,1,1,2,2,1,1,2,2,2,2,2,3,2,2,2,2,2,2,2,1,2,2,0,0,0
2008,37,65,1,370392,1,3,1,2,4,2,3,2,1,2,1,2,1,2,2,1,2,2,2,2,2,2,2,2,2,2,2,2,1,2,2,0,0,0
2008,37,21,1,370393,1,3,2,2,1,1,6,1,1,1,1,2,1,2,2,2,1,2,2,2,3,2,2,2,2,2,2,2,2,2,2,0,0,0
2008,37,35,1,370394,1,3,2,2,4,2,4,2,1,2,2,2,1,2,2,2,2,2,2,2,2,2,2,2,2,2,2,2,1,2,2,0,0,0
2008,37,67,1,370395,1,3,2,2,1,2,6,2,3,1,1,2,2,1,2,2,2,2,2,2,3,2,2,2,2,2,2,2,1,2,2,0,0,0
2008,37,71,1,370396,1,3,2,2,1,1,6,1,5,1,1,2,2,2,2,1,2,2,1,2,3,2,2,2,2,2,2,2,2,2,2,0,0,0
2008,37,119,1,370397,1,3,2,2,4,2,5,2,1,2,1,2,1,2,2,1,2,2,2,2,1,2,2,2,2,2,2,2,1,2,2,0,0,0
2008,37,119,1,370398,1,3,2,2,1,2,6,2,1,2,1,2,1,2,2,2,1,2,2,2,3,2,2,2,2,2,2,2,2,2,2,0,0,0
2008,37,119,1,370399,1,3,2,2,4,2,4,2,1,2,1,2,1,2,2,2,2,2,2,2,1,2,2,2,2,2,2,2,1,2,2,0,0,0
2008,37,161,1,370400,1,3,2,2,2,2,6,2,1,1,1,2,1,2,2,2,2,2,2,2,2,2,2,2,2,1,2,2,1,2,2,0,0,0
2008,37,169,1,370401,1,3,2,2,1,2,6,2,3,2,2,2,2,2,2,2,2,2,2,2,3,2,2,2,2,2,2,2,2,1,2,0,0,0
2008,37,183,2,370402,1,3,2,2,1,1,2,1,2,2,2,2,3,2,2,1,2,2,2,2,3,2,2,2,2,2,2,2,2,2,2,0,0,0
2008,37,183,1,370403,1,3,2,2,1,1,4,1,4,2,2,2,2,2,2,2,2,2,2,2,3,2,2,2,2,2,2,2,2,2,2,0,0,0
2008,37,81,1,370404,1,3,1,2,4,2,3,2,1,2,2,2,1,2,2,1,2,2,1,2,2,1,1,1,1,2,2,1,1,2,2,0,0,0
2008,37,37,1,370405,1,3,1,2,2,2,5,2,1,1,1,2,1,2,2,2,2,2,2,2,1,2,2,2,2,2,2,2,1,2,2,0,0,0
2008,37,83,1,370406,1,3,1,1,2,2,1,2,1,1,1,2,1,2,2,2,2,2,1,2,2,2,2,2,2,2,2,2,1,1,2,0,0,0
2008,37,119,1,370407,1,3,2,1,2,2,1,2,1,1,1,2,2,2,2,2,2,2,1,2,1,2,2,2,2,2,2,2,1,2,2,0,0,0
2008,37,5,1,370408,1,3,1,2,2,2,3,2,1,1,1,2,2,1,2,2,2,2,2,2,3,2,2,2,2,1,2,2,1,2,2,0,0,0
2008,37,23,1,370409,1,3,1,2,2,2,5,2,1,2,2,2,1,2,2,1,2,2,1,2,1,2,2,2,2,2,2,2,1,2,2,0,0,0
2008,37,25,1,370410,1,3,1,2,1,1,5,1,4,1,2,2,2,2,2,2,2,2,1,2,3,2,2,2,2,2,2,2,2,1,2,0,0,0
2008,37,35,1,370411,1,3,1,2,1,1,5,1,4,1,1,2,2,2,2,2,2,2,2,2,3,2,2,1,1,2,2,1,2,2,2,0,0,0
2008,37,157,1,370412,1,3,2,2,2,2,6,2,1,2,2,2,1,2,2,1,2,2,2,2,3,1,1,1,1,2,2,1,1,2,2,0,0,0
2008,37,49,1,370413,1,3,2,2,1,1,2,1,4,1,1,2,2,2,2,2,2,2,2,2,3,2,2,2,2,1,2,2,2,2,2,0,0,0
2008,37,51,1,370414,1,3,1,2,1,2,4,2,4,2,2,2,2,2,1,1,2,2,2,2,1,2,2,2,2,2,2,2,1,2,2,0,0,0
2008,37,59,1,370415,1,3,1,2,1,2,6,2,3,1,1,2,2,2,1,2,2,2,2,2,3,2,2,2,2,2,2,2,1,2,2,0,0,0
2008,37,61,1,370416,1,3,1,2,1,2,5,2,4,1,1,2,2,2,2,2,2,2,2,2,3,2,2,2,2,1,2,2,2,1,2,0,0,0
2008,37,81,1,370417,1,3,2,2,1,2,5,2,3,2,2,2,2,2,2,2,2,2,1,2,1,2,2,2,2,2,2,2,1,2,2,0,0,0
2008,37,81,1,370418,1,3,2,1,1,2,1,2,2,2,1,2,3,1,2,2,2,2,2,2,1,2,2,2,2,2,1,1,2,2,2,0,0,0
2008,37,87,1,370419,1,3,1,2,2,2,3,2,1,2,2,2,1,2,2,2,2,2,2,2,2,2,2,2,2,2,2,2,1,2,2,0,0,0
2008,37,87,1,370420,1,3,1,2,1,2,6,2,1,2,2,2,1,2,1,1,2,2,2,2,2,2,2,2,2,2,2,2,2,2,2,0,0,0
2008,37,97,1,370421,1,3,1,2,2,2,5,2,4,2,1,2,2,2,2,1,2,2,2,2,3,1,1,1,1,2,2,1,1,2,2,0,0,0
2008,37,99,1,370422,1,3,1,2,2,2,6,2,1,2,2,2,1,2,2,1,2,2,1,2,1,2,2,2,2,2,2,2,1,2,2,0,0,0
2008,37,101,1,370423,1,3,1,2,4,2,6,2,1,2,2,2,1,2,2,1,2,2,2,2,1,2,2,2,2,2,2,2,1,2,2,0,0,0
2008,37,113,1,370424,1,3,1,2,1,2,5,2,1,2,1,2,1,2,2,2,1,2,2,2,3,2,2,2,2,2,2,2,2,2,2,0,0,0
2008,37,115,1,370425,1,3,1,2,1,1,3,1,4,1,1,2,2,2,2,2,2,2,2,2,3,2,2,2,2,2,1,1,2,2,2,0,0,0
2008,37,131,1,370426,1,3,1,2,2,2,5,2,1,2,1,2,1,2,2,1,2,2,1,2,3,1,1,1,1,2,2,1,1,1,2,0,0,0
2008,37,135,1,370427,1,3,2,2,1,1,4,1,1,2,2,2,1,2,2,2,1,2,2,2,3,1,1,1,1,2,2,1,2,2,2,0,0,0
2008,37,147,1,370428,1,3,1,2,2,2,6,2,1,2,2,2,1,2,1,1,2,2,2,2,1,2,2,2,2,2,2,2,1,2,2,0,0,0
2008,37,149,1,370429,1,3,1,1,2,2,1,2,2,1,1,2,1,2,2,1,2,2,2,2,2,2,2,2,2,2,2,2,1,1,2,0,0,0
2008,37,159,1,370430,1,3,1,2,4,2,5,2,1,1,2,2,1,2,2,2,2,2,1,2,2,2,2,1,1,2,2,1,1,2,2,0,0,0
2008,37,159,1,370431,1,3,1,2,2,2,6,2,1,2,2,2,1,2,1,1,2,2,2,1,2,2,2,2,2,2,2,2,1,2,2,0,0,0
2008,37,183,3,370432,1,3,2,1,1,2,1,2,3,2,2,2,2,2,2,2,2,2,2,2,1,2,2,2,2,2,2,2,2,2,2,0,0,0
2008,37,101,1,370433,1,3,1,2,2,2,6,2,1,2,1,2,1,2,2,1,2,2,1,2,1,2,2,2,2,2,2,2,1,2,2,0,0,0
2008,37,87,1,370434,1,3,1,2,2,2,6,2,1,2,1,2,1,2,1,1,2,2,2,2,2,2,2,2,2,2,2,2,1,2,2,0,0,0
2008,37,47,1,370435,1,3,1,2,4,2,3,2,1,1,1,2,1,2,2,2,2,2,2,2,1,2,2,1,1,2,2,1,1,2,2,0,0,0
2008,37,47,1,370436,1,3,1,2,2,2,6,2,1,1,2,2,1,2,2,2,2,2,2,2,1,2,2,2,2,2,2,2,1,2,2,0,0,0
2008,37,47,1,370437,1,3,1,2,4,2,6,2,1,2,2,2,1,2,2,1,2,2,1,2,3,2,2,1,1,2,2,1,1,2,2,0,0,0
2008,37,81,1,370438,1,3,1,2,4,2,5,2,1,2,2,2,1,2,2,1,2,2,1,2,1,2,2,2,2,2,2,2,1,2,2,0,0,0
2008,37,47,1,370439,1,3,1,2,1,2,3,2,3,1,1,2,2,2,2,1,2,2,1,2,3,2,2,2,2,2,2,2,1,2,2,0,0,0
2008,37,155,1,370440,1,3,1,2,1,2,3,2,5,2,2,2,2,2,2,2,2,2,2,2,3,2,2,2,2,2,2,2,1,2,2,0,0,0
2008,37,181,1,370441,1,3,1,2,1,2,6,2,4,2,1,2,2,2,1,2,2,2,2,2,3,2,2,2,2,1,2,2,1,2,2,0,0,0
2008,37,25,1,370442,1,3,2,1,4,2,1,2,1,1,1,2,1,2,2,2,2,2,2,2,1,2,2,2,2,2,1,1,1,2,2,0,0,0
2008,37,67,1,370443,1,3,1,2,4,2,5,2,1,1,1,2,1,2,2,2,2,2,2,2,2,2,2,2,2,2,2,2,1,1,2,0,0,0
2008,37,71,1,370444,1,3,1,2,2,2,6,2,1,2,2,2,1,2,2,2,2,2,2,2,1,2,2,2,2,2,2,2,1,2,2,0,0,0
2008,37,69,1,370445,1,3,1,2,4,2,5,2,1,2,2,2,1,2,2,1,2,2,2,2,3,1,1,1,1,2,2,1,1,2,2,0,0,0
2008,37,107,1,370446,1,3,1,2,2,2,6,2,1,2,2,2,1,2,2,2,2,2,1,2,1,1,1,1,1,2,2,1,1,2,2,0,0,0
2008,37,119,1,370447,1,3,2,2,2,2,5,2,1,1,1,2,1,2,2,2,2,2,1,2,1,1,1,1,1,2,2,1,1,2,2,0,0,0
2008,37,119,1,370448,1,3,2,2,4,2,5,2,1,1,1,2,1,2,2,1,2,2,2,2,2,2,2,2,2,1,2,2,1,2,2,0,0,0
2008,37,141,1,370449,1,3,1,2,1,2,5,2,1,2,2,1,1,2,2,2,1,2,2,2,3,2,2,2,2,2,2,2,2,2,2,0,0,0
2008,37,1,1,370450,1,3,2,2,1,1,2,1,4,2,2,2,2,2,2,1,2,2,2,2,3,2,2,2,2,2,2,2,2,2,2,0,0,0
2008,37,101,1,370451,1,3,1,2,1,2,6,2,1,2,2,1,1,2,2,2,1,2,2,2,1,2,2,2,2,2,2,2,2,2,2,0,0,0
2008,37,147,1,370452,1,3,1,2,1,1,5,1,4,1,2,2,2,2,2,1,2,2,2,2,3,2,2,2,2,2,2,2,2,2,2,0,0,0
2008,37,151,1,370453,1,3,1,2,2,2,5,2,1,1,2,2,1,2,2,1,2,2,1,2,3,2,2,2,2,2,2,2,1,2,2,0,0,0
2008,37,157,2,370454,1,3,1,2,1,2,4,2,3,1,1,2,2,2,2,1,2,2,2,2,3,2,2,2,2,2,2,2,1,2,2,0,0,0
2008,37,183,1,370455,1,3,2,2,1,2,6,2,1,1,1,2,1,2,2,1,2,1,2,2,1,2,2,2,2,2,1,1,2,2,2,0,0,0
2008,37,1,1,370456,1,3,1,2,1,1,5,1,3,1,1,2,2,2,2,2,2,2,2,2,3,2,2,2,2,1,2,2,2,2,2,0,0,0
2008,37,21,1,370457,1,3,1,2,1,1,4,1,2,1,1,2,3,1,2,1,2,2,2,2,3,2,2,2,2,2,2,2,2,1,2,0,0,0
2008,37,27,1,370458,1,3,2,2,2,2,6,3,1,2,2,2,1,2,2,2,2,2,1,2,1,2,2,2,2,2,2,2,1,2,2,0,0,0
2008,37,29,1,370459,1,3,1,2,1,2,3,2,6,2,2,2,2,2,2,2,2,2,2,2,3,2,2,2,2,1,2,2,2,2,2,0,0,0
2008,37,35,1,370460,1,3,2,2,1,2,3,2,1,2,2,2,1,2,2,2,1,2,2,2,3,2,2,2,2,2,2,2,2,2,2,0,0,0
2008,37,37,1,370461,1,3,1,2,2,2,5,2,1,1,1,2,1,2,2,2,2,2,2,2,2,2,2,2,2,1,2,2,1,2,2,0,0,0
2008,37,57,1,370462,1,3,1,2,1,1,6,1,4,1,1,2,2,2,1,2,2,2,2,2,3,1,1,1,1,2,2,1,2,2,2,0,0,0
2008,37,57,1,370463,1,3,1,1,2,2,1,2,1,1,2,2,1,2,2,1,2,2,2,2,2,2,2,2,2,2,2,2,1,2,2,0,0,0
2008,37,57,1,370464,1,3,1,2,1,2,5,2,1,2,2,2,1,2,2,2,1,2,2,2,3,2,2,1,1,2,2,1,2,2,2,0,0,0
2008,37,63,1,370465,1,3,1,2,1,2,5,2,3,2,2,2,3,2,2,2,2,2,2,2,3,2,2,2,2,2,2,2,1,2,2,0,0,0
2008,37,63,1,370466,1,3,1,2,4,2,6,2,1,2,2,2,1,2,2,1,2,2,1,2,1,2,2,2,2,2,2,2,1,2,2,0,0,0
2008,37,67,1,370467,1,3,1,2,2,2,6,2,1,2,2,2,1,2,2,1,2,2,2,2,1,2,2,2,2,2,2,2,1,2,2,0,0,0
2008,37,67,1,370468,1,3,1,1,1,2,1,2,3,1,1,2,2,2,2,2,2,2,2,2,3,2,2,2,2,2,2,2,1,2,2,0,0,0
2008,37,77,1,370469,1,3,1,2,2,2,5,2,1,2,2,2,1,2,2,2,2,2,1,2,1,2,2,2,2,2,2,2,1,2,2,0,0,0
2008,37,83,1,370470,1,3,1,2,1,2,5,2,1,1,1,2,1,2,1,2,2,2,2,2,2,2,2,2,2,2,2,2,2,2,2,0,0,0
2008,37,91,1,370471,1,3,1,2,1,1,5,1,4,1,2,2,2,2,2,2,2,2,2,2,3,2,2,2,2,2,2,2,2,2,2,0,0,0
2008,37,93,1,370472,1,3,1,2,1,1,5,1,4,1,1,2,2,1,2,2,2,2,2,2,3,2,2,2,2,1,2,2,2,2,2,0,0,0
2008,37,107,3,370473,1,3,1,2,1,2,3,2,1,2,2,2,1,2,2,2,2,2,1,2,3,2,2,2,2,2,2,2,1,2,2,0,0,0
2008,37,109,1,370474,1,3,1,2,2,2,6,2,1,2,2,2,1,2,2,1,2,2,1,2,1,2,2,2,2,2,2,2,1,2,2,0,0,0
2008,37,119,1,370475,1,3,2,2,1,1,6,1,4,1,1,2,2,2,1,1,2,2,2,2,3,2,2,2,2,2,2,2,2,2,2,0,0,0
2008,37,119,1,370477,1,3,2,2,4,2,4,2,1,2,1,2,1,2,2,1,2,2,2,2,1,2,2,2,2,2,2,2,1,2,2,0,0,0
2008,37,119,1,370478,1,3,2,2,1,2,6,2,1,1,1,2,1,2,2,1,2,2,1,2,1,2,2,2,2,2,2,2,1,2,2,0,0,0
2008,37,127,1,370479,1,3,1,2,2,2,4,2,1,2,2,2,1,2,2,2,2,2,2,2,3,2,2,2,2,2,2,2,1,2,2,0,0,0
2008,37,129,1,370480,1,3,1,1,3,2,1,2,1,1,1,2,1,2,1,2,2,2,2,2,2,2,2,2,2,2,2,2,1,2,2,0,0,0
2008,37,147,1,370481,1,3,1,2,2,2,6,2,1,2,2,2,1,2,2,2,2,2,2,2,2,2,2,2,2,2,2,2,1,2,2,0,0,0
2008,37,151,1,370482,1,3,1,2,2,1,5,1,1,1,2,2,1,2,2,2,2,2,1,2,1,2,2,2,2,2,2,2,2,2,2,0,0,0
2008,37,155,1,370483,1,3,2,1,3,2,1,2,1,1,2,2,1,1,2,2,2,2,2,2,2,2,2,2,2,2,2,2,1,2,2,0,0,0
2008,37,155,1,370484,1,3,2,2,1,2,4,2,1,2,2,1,1,2,2,2,2,1,2,2,3,2,2,2,2,2,2,2,2,2,2,0,0,0
2008,37,155,1,370485,1,3,1,2,2,2,5,2,1,2,1,2,1,2,1,2,2,2,2,2,2,2,2,2,2,2,2,2,1,2,2,0,0,0
2008,37,157,1,370486,1,3,1,2,1,2,5,2,3,2,2,2,2,2,1,2,2,2,2,2,3,2,2,1,1,2,2,1,1,2,2,0,0,0
2008,37,157,1,370487,1,3,1,2,1,2,3,2,5,2,1,2,3,2,2,2,2,2,1,2,3,1,1,1,1,2,2,1,2,2,2,0,0,0
2008,37,163,1,370488,1,3,1,2,4,2,6,2,1,2,1,2,1,2,1,1,2,2,2,2,1,2,2,2,2,2,2,2,1,2,2,0,0,0
2008,37,169,2,370489,1,3,1,2,1,2,3,2,1,2,2,2,2,1,2,2,1,2,2,2,2,2,2,2,2,2,2,2,2,2,2,0,0,0
2008,37,183,1,370490,1,3,2,2,1,1,3,1,1,2,2,2,1,2,2,2,1,2,2,2,3,2,2,2,2,2,2,2,2,2,2,0,0,0
2008,37,183,1,370491,1,3,1,2,4,2,5,2,1,1,2,2,1,1,2,2,1,2,2,2,3,2,2,2,2,2,2,2,2,2,2,0,0,0
2008,37,199,1,370492,1,3,1,2,1,2,6,2,1,1,2,2,1,2,2,2,2,2,2,2,2,2,2,2,2,2,2,2,2,2,2,0,0,0
2008,37,1,1,370493,1,3,1,2,1,2,5,2,3,1,1,2,2,2,2,2,2,2,2,2,3,2,2,2,2,1,2,2,1,2,2,0,0,0
2008,37,1,1,370494,1,3,1,2,1,2,4,2,2,1,1,2,3,2,2,2,2,2,1,2,3,1,2,1,2,2,2,2,2,1,2,0,0,0
2008,37,13,1,370495,1,3,1,2,2,2,6,2,1,1,2,2,1,2,2,2,2,2,2,2,1,2,2,2,2,2,1,1,1,2,2,0,0,0
2008,37,15,1,370496,1,3,1,2,1,2,6,2,1,1,1,2,1,2,2,2,2,2,1,2,2,2,2,2,2,2,2,2,1,1,2,0,0,0
2008,37,15,1,370497,1,3,1,2,2,2,5,2,1,2,2,2,1,2,2,2,2,2,1,2,2,2,2,2,2,2,1,1,1,1,2,0,0,0
2008,37,15,1,370498,1,3,1,2,1,2,5,2,4,2,2,2,2,2,2,1,2,2,2,2,3,2,2,1,1,2,2,1,2,2,2,0,0,0
2008,37,23,1,370499,1,3,1,2,2,2,5,2,1,2,2,2,1,2,2,1,2,2,2,2,1,2,2,2,2,2,2,2,1,2,2,0,0,0
2008,37,23,1,370500,1,3,1,1,2,2,1,2,1,1,2,2,1,1,2,2,2,2,1,2,2,2,2,2,2,2,2,2,1,2,2,0,0,0
2008,37,25,1,370501,1,3,2,1,3,2,1,2,1,1,1,2,2,2,2,2,2,2,2,2,3,2,2,2,2,2,2,2,1,1,2,0,0,0
2008,37,27,1,370502,1,3,1,2,2,2,6,2,1,2,1,2,1,2,2,2,2,2,1,2,1,2,2,2,2,2,1,1,1,2,2,0,0,0
2008,37,27,1,370503,1,3,2,2,1,1,5,1,2,1,2,2,2,1,2,1,2,2,2,2,3,2,2,2,2,2,1,1,2,2,2,0,0,0
2008,37,35,1,370504,1,3,1,2,1,2,6,2,1,2,1,2,1,2,2,2,2,2,1,2,1,2,2,2,2,2,2,2,1,2,2,0,0,0
2008,37,35,1,370505,1,3,2,1,1,2,1,2,5,1,1,2,3,2,2,2,2,2,1,2,1,2,2,2,2,2,1,1,2,2,2,0,0,0
2008,37,35,1,370506,1,3,1,2,4,2,3,2,1,1,1,2,1,2,2,1,2,2,2,2,1,2,2,2,2,2,2,2,1,2,2,0,0,0
2008,37,35,1,370507,1,3,1,2,1,2,6,3,4,1,2,2,2,2,1,1,2,2,2,2,3,2,2,2,2,2,1,1,1,2,2,0,0,0
2008,37,39,1,370508,1,3,1,2,1,2,3,2,3,1,1,2,2,1,2,2,2,2,2,2,3,2,2,2,2,2,2,2,1,2,2,0,0,0
2008,37,47,1,370509,1,3,1,2,2,2,6,2,1,1,1,2,1,2,2,1,2,2,1,2,1,2,2,2,2,2,2,2,1,1,2,0,0,0
2008,37,51,1,370510,1,3,1,2,2,2,5,2,1,1,2,2,1,2,2,1,2,2,1,2,1,2,2,2,2,2,2,2,1,2,2,0,0,0
2008,37,51,1,370511,1,3,1,1,3,2,1,2,1,1,1,2,3,1,2,1,2,2,2,2,3,2,2,2,2,2,2,2,1,2,2,0,0,0
2008,37,57,1,370512,1,3,1,2,1,2,5,2,4,1,1,2,2,1,1,2,2,2,2,2,3,2,2,2,2,2,2,2,1,2,2,0,0,0
2008,37,57,1,370513,1,3,1,2,1,1,6,1,3,2,2,2,2,2,1,2,2,2,2,2,1,1,1,1,1,2,2,1,2,2,2,0,0,0
2008,37,57,1,370514,1,3,1,2,1,2,5,2,3,1,1,2,2,2,1,2,2,2,2,2,3,2,2,2,2,2,1,1,1,2,2,0,0,0
2008,37,59,2,370515,1,3,1,2,2,2,3,2,1,1,2,2,1,2,1,2,2,2,2,2,2,2,2,2,2,1,2,2,1,2,2,0,0,0
2008,37,61,1,370516,1,3,1,2,4,2,5,2,1,2,2,2,1,2,2,2,2,2,1,2,1,2,2,2,2,2,2,2,1,2,2,0,0,0
2008,37,67,1,370517,1,3,2,2,4,2,5,2,1,2,1,2,1,2,1,1,2,2,2,2,1,2,2,2,2,2,2,2,1,2,2,0,0,0
2008,37,71,2,370518,1,3,2,2,1,2,3,3,1,1,1,2,1,2,2,2,2,2,2,2,2,2,2,2,2,2,2,2,2,2,2,0,0,0
2008,37,71,1,370519,1,3,1,2,2,2,6,2,1,2,1,2,1,2,2,1,2,2,2,2,1,2,2,2,2,2,2,2,1,2,2,0,0,0
2008,37,79,1,370520,1,3,1,2,4,2,5,2,1,1,1,2,1,2,2,2,2,2,1,2,2,2,2,2,2,1,2,2,1,2,2,0,0,0
2008,37,81,1,370521,1,3,1,2,1,2,6,2,3,2,2,2,2,2,1,2,2,2,2,2,3,1,1,1,1,2,2,1,1,2,2,0,0,0
2008,37,81,1,370522,1,3,2,1,1,2,1,2,2,1,1,2,2,2,2,1,2,2,1,2,1,2,2,2,2,2,2,2,1,2,2,0,0,0
2008,37,81,1,370523,1,3,2,2,1,1,6,1,4,3,2,2,2,2,2,2,2,2,2,2,3,2,2,2,2,2,2,2,2,2,2,0,0,0
2008,37,85,1,370524,1,3,1,2,4,2,6,2,1,2,1,2,1,2,2,2,2,2,1,2,2,1,1,1,1,2,2,1,1,2,2,0,0,0
2008,37,89,1,370525,1,3,1,1,2,2,1,2,1,1,1,2,1,2,2,2,2,2,1,2,2,2,2,2,2,2,2,2,1,2,2,0,0,0
2008,37,89,1,370526,1,3,1,2,1,2,5,2,1,2,1,2,1,2,1,1,2,2,2,2,2,2,2,2,2,2,2,2,2,2,2,0,0,0
2008,37,97,1,370527,1,3,1,2,4,2,6,2,1,1,2,2,1,2,2,2,2,2,2,2,2,2,2,2,2,2,2,2,1,2,2,0,0,0
2008,37,97,1,370528,1,3,1,2,2,2,6,2,1,2,1,2,1,2,2,2,2,2,1,2,1,2,2,2,2,2,2,2,1,2,2,0,0,0
2008,37,101,1,370529,1,3,1,2,1,2,5,2,3,1,1,2,2,2,2,2,2,2,1,2,3,2,2,2,2,2,1,1,1,2,2,0,0,0
2008,37,101,1,370531,1,3,1,2,2,2,6,2,1,2,2,2,1,2,2,2,2,2,1,2,1,2,2,2,2,2,1,1,1,2,2,0,0,0
2008,37,103,1,370532,1,3,1,2,1,2,3,2,4,2,1,2,3,2,2,2,2,2,1,2,3,2,2,2,2,2,2,2,1,2,2,0,0,0
2008,37,105,1,370533,1,3,1,2,1,2,3,2,1,2,2,2,1,2,2,2,1,2,2,2,3,2,2,2,2,2,2,2,2,2,2,0,0,0
2008,37,105,1,370534,1,3,1,2,4,2,5,2,1,1,2,2,1,2,2,2,2,2,1,2,1,2,2,2,2,2,2,2,1,2,2,0,0,0
2008,37,107,1,370535,1,3,1,2,2,2,6,2,1,2,2,2,1,2,2,2,2,2,1,2,1,2,2,2,2,2,2,2,1,2,2,0,0,0
2008,37,109,1,370536,1,3,1,2,1,2,6,2,1,2,2,2,1,2,2,2,2,2,2,2,2,1,1,1,1,2,2,1,2,2,2,0,0,0
2008,37,119,1,370537,1,3,2,2,2,2,4,2,3,2,1,2,1,2,1,1,2,2,2,2,2,2,2,2,2,2,2,2,2,2,2,0,0,0
2008,37,119,1,370538,1,3,2,2,1,1,3,1,4,1,1,2,3,2,2,2,2,2,2,2,3,1,1,1,1,2,2,1,2,2,2,0,0,0
2008,37,119,1,370539,1,3,2,2,4,2,6,2,1,2,2,2,1,2,2,2,2,2,2,2,1,2,2,2,2,2,2,2,1,1,2,0,0,0
2008,37,123,1,370540,1,3,1,2,2,2,6,2,1,2,1,2,1,2,2,1,2,2,2,2,1,2,2,2,2,2,2,2,1,2,2,0,0,0
2008,37,127,1,370541,1,3,1,2,1,2,5,2,1,1,1,2,1,2,2,2,2,2,2,2,3,2,2,2,2,2,2,2,2,2,2,0,0,0
2008,37,127,1,370542,1,3,1,1,3,2,1,2,1,1,2,2,1,1,2,2,2,2,1,2,2,2,2,2,2,2,2,2,1,2,2,0,0,0
2008,37,127,1,370543,1,3,1,2,1,2,3,2,4,2,1,2,2,1,2,2,2,2,2,2,3,2,2,2,2,2,2,2,2,2,2,0,0,0
2008,37,129,1,370545,1,3,2,2,1,2,6,2,1,2,2,2,2,2,2,1,2,2,1,2,1,2,2,2,2,2,2,2,1,2,2,0,0,0
2008,37,131,2,370546,1,3,1,1,3,2,1,2,1,2,1,2,1,2,2,2,2,2,1,2,3,2,2,2,2,2,2,2,1,2,2,0,0,0
2008,37,133,1,370547,1,3,1,2,2,2,5,2,1,2,2,2,1,2,2,1,2,2,1,2,1,2,2,2,2,2,2,2,1,2,2,0,0,0
2008,37,133,1,370548,1,3,1,2,1,2,6,2,1,2,2,2,1,2,2,2,1,2,2,2,3,1,1,1,1,2,2,1,2,2,2,0,0,0
2008,37,133,1,370549,1,3,1,2,4,2,4,2,1,1,1,2,1,2,2,1,2,2,2,2,2,2,2,2,2,2,2,2,1,2,2,0,0,0
2008,37,133,1,370550,1,3,1,2,2,2,6,2,1,1,1,2,1,2,2,1,2,2,1,2,1,2,2,2,2,2,2,2,1,2,2,0,0,0
2008,37,133,2,370551,1,3,1,2,1,2,3,2,1,2,2,2,3,1,2,2,1,2,2,2,3,2,2,2,2,2,1,1,2,2,2,0,0,0
2008,37,133,1,370552,1,3,1,2,1,2,4,2,1,2,2,1,1,2,2,2,2,1,2,2,3,2,2,2,2,2,1,1,2,2,2,0,0,0
2008,37,135,1,370553,1,3,1,2,1,2,5,2,1,1,1,2,2,2,2,2,2,1,1,2,3,2,2,2,2,2,2,2,1,2,2,0,0,0
2008,37,135,1,370554,1,3,1,2,4,2,5,2,1,1,1,2,1,2,2,1,2,2,1,2,2,2,2,2,2,2,2,2,1,2,2,0,0,0
2008,37,145,1,370555,1,3,1,2,2,2,5,2,1,2,1,2,1,2,2,1,2,2,1,2,2,2,2,2,2,2,2,2,1,2,2,0,0,0
2008,37,149,1,370556,1,3,1,2,4,2,6,2,1,2,2,2,1,2,2,2,2,2,2,2,1,2,2,2,2,2,2,2,1,2,2,0,0,0
2008,37,151,1,370557,1,3,1,2,1,1,6,1,4,1,1,2,2,1,2,2,2,2,2,2,3,2,2,2,2,2,2,2,2,2,2,0,0,0
2008,37,155,1,370558,1,3,1,2,1,2,5,2,1,1,2,2,1,2,1,2,2,2,2,2,2,2,2,2,2,2,2,2,2,2,2,0,0,0
2008,37,159,1,370559,1,3,2,2,1,1,5,1,4,2,2,2,2,2,2,2,2,2,2,2,3,2,2,2,2,2,2,2,2,2,2,0,0,0
2008,37,161,1,370560,1,3,1,2,1,1,5,1,4,1,1,2,2,1,2,2,2,2,2,2,3,2,2,2,2,2,1,1,2,2,2,0,0,0
2008,37,163,1,370561,1,3,1,2,1,1,3,1,4,1,2,2,2,2,2,2,2,2,2,2,3,2,2,2,2,2,1,1,2,2,2,0,0,0
2008,37,181,1,370563,1,3,1,2,2,2,5,2,1,2,1,2,1,2,2,1,2,2,2,2,2,2,2,2,2,2,2,2,1,2,2,0,0,0
2008,37,183,2,370564,1,3,2,2,4,2,3,2,1,2,2,2,1,2,2,1,2,2,2,2,1,2,2,2,2,2,2,2,1,2,2,0,0,0
2008,37,183,1,370565,1,3,1,2,1,2,5,2,3,1,1,2,2,1,2,2,2,2,2,2,3,2,2,2,2,2,2,2,1,2,2,0,0,0
2008,37,193,1,370566,1,3,1,2,4,2,6,2,1,1,1,2,1,2,2,1,2,2,2,2,2,2,2,2,2,2,2,2,1,2,2,0,0,0
2008,37,69,1,370567,1,3,1,2,4,2,6,2,1,1,1,2,1,2,2,2,2,2,2,2,2,2,2,2,2,2,2,2,1,2,2,0,0,0
2008,37,33,2,370568,1,3,1,2,2,2,5,2,1,1,1,2,1,2,2,1,2,2,1,2,2,1,1,1,1,2,2,1,1,2,2,0,0,0
2008,37,51,1,370569,1,3,2,2,2,2,6,2,1,2,1,2,1,2,1,2,2,2,2,2,1,2,2,2,2,2,2,2,1,2,2,0,0,0
2008,37,57,1,370570,1,3,1,2,1,1,3,1,4,2,1,2,2,2,2,2,2,2,2,2,3,2,2,2,2,2,2,2,2,2,2,0,0,0
2008,37,57,1,370572,1,3,1,2,4,2,4,2,1,1,1,2,1,2,2,2,2,2,2,2,2,2,2,2,2,1,2,2,1,2,2,0,0,0
2008,37,69,2,370573,1,3,1,2,1,2,3,2,3,1,1,2,2,2,2,1,2,2,1,2,3,2,2,2,2,1,1,1,1,2,2,0,0,0
2008,37,87,1,370574,1,3,1,2,2,2,3,2,1,1,1,2,1,2,1,2,2,2,2,2,2,2,2,2,2,2,2,2,1,1,2,0,0,0
2008,37,93,1,370575,1,3,1,2,4,2,6,2,1,2,2,2,1,2,1,1,2,2,2,2,1,2,2,2,2,2,2,2,1,2,2,0,0,0
2008,37,97,1,370576,1,3,1,2,2,2,6,2,1,2,1,2,1,2,2,1,2,2,1,2,1,2,2,2,2,2,2,2,1,2,2,0,0,0
2008,37,127,1,370577,1,3,1,2,2,2,6,2,1,1,2,2,1,2,2,2,2,2,2,2,1,2,2,2,2,2,2,2,1,2,2,0,0,0
2008,37,129,1,370578,1,3,2,2,1,1,6,1,4,2,1,2,2,2,2,2,2,2,2,2,3,2,2,2,2,2,2,2,2,2,2,0,0,0
2008,37,133,1,370579,1,3,1,2,1,2,3,2,3,2,2,2,2,2,2,2,2,2,1,2,3,2,2,2,2,2,1,1,2,2,2,0,0,0
2008,37,153,1,370580,1,3,1,2,1,1,3,1,1,2,1,1,1,2,2,2,1,2,2,2,3,2,2,2,2,2,2,2,2,2,2,0,0,0
2008,37,155,1,370581,1,3,2,2,1,2,6,2,1,1,2,1,1,2,2,2,1,2,2,2,3,2,2,2,2,2,2,2,2,2,2,0,0,0
2008,37,159,1,370582,1,3,1,2,2,2,3,2,1,2,2,2,1,2,2,1,2,2,1,2,1,2,2,2,2,2,1,1,1,2,2,0,0,0
2008,37,189,1,370583,1,3,1,2,1,2,4,2,3,1,1,2,2,2,2,2,2,2,2,2,3,2,2,2,2,1,2,2,1,2,2,0,0,0
2008,37,13,1,370584,1,3,1,2,2,2,6,2,1,1,1,2,1,1,2,2,1,2,2,2,3,2,2,2,2,2,2,2,2,2,2,0,0,0
2008,37,15,1,370585,1,3,1,2,2,2,6,2,1,2,2,2,1,2,2,1,2,2,1,2,1,2,2,2,2,2,2,2,1,2,2,0,0,0
2008,37,15,1,370586,1,3,1,2,4,2,6,2,1,2,1,2,1,2,2,1,2,2,1,2,1,2,2,2,2,2,2,2,1,2,2,0,0,0
2008,37,17,1,370587,1,3,1,2,1,2,6,2,1,2,2,2,1,2,2,2,1,2,2,2,1,2,2,2,2,2,2,2,2,2,2,0,0,0
2008,37,21,1,370588,1,3,1,1,1,2,1,2,2,1,1,2,3,1,2,1,2,2,1,2,3,2,2,2,2,2,1,1,2,1,2,0,0,0
2008,37,23,1,370589,1,3,1,2,2,2,3,2,1,2,1,2,1,2,2,2,2,2,2,2,2,2,2,2,2,2,2,2,1,2,2,0,0,0
2008,37,23,1,370590,1,3,1,2,2,2,5,2,3,1,2,2,2,2,1,1,2,2,2,2,3,2,2,1,1,2,2,1,1,2,2,0,0,0
2008,37,25,1,370591,1,3,2,2,2,2,6,2,1,2,2,2,1,2,2,1,2,2,1,2,3,1,1,1,1,2,2,1,1,2,2,0,0,0
2008,37,31,1,370592,1,3,1,2,1,2,5,2,4,1,2,2,2,2,1,2,2,2,2,2,1,2,2,2,2,1,1,1,2,1,2,0,0,0
2008,37,35,1,370593,1,3,1,1,1,2,1,2,2,1,1,2,2,2,1,2,2,2,2,2,3,2,2,2,2,2,2,2,2,2,2,0,0,0
2008,37,37,1,370594,1,3,1,2,1,2,3,2,2,2,1,2,2,2,1,2,2,2,2,2,1,1,1,1,1,2,2,1,2,2,2,0,0,0
2008,37,47,1,370595,1,3,1,2,2,2,5,2,1,2,1,2,1,2,2,1,2,2,1,2,2,2,2,2,2,2,2,2,1,2,2,0,0,0
2008,37,57,1,370596,1,3,1,2,1,2,4,2,3,2,2,2,2,2,2,2,2,2,2,2,3,1,1,1,1,2,2,1,1,2,2,0,0,0
2008,37,57,1,370597,1,3,1,2,1,2,5,2,3,2,2,2,2,2,1,1,2,2,2,2,1,2,2,2,2,2,2,2,1,2,2,0,0,0
2008,37,63,1,370598,1,3,2,2,1,2,6,2,3,2,2,2,2,2,2,2,2,2,2,2,3,2,2,2,2,2,2,2,1,2,2,0,0,0
2008,37,67,1,370599,1,3,1,2,1,2,3,2,1,2,2,2,1,2,1,2,2,2,2,2,1,2,2,2,2,2,2,2,1,2,2,0,0,0
2008,37,69,1,370600,1,3,1,2,2,2,6,2,1,1,2,2,1,2,1,1,2,2,2,2,1,2,2,2,2,2,2,2,1,2,2,0,0,0
2008,37,71,1,370601,1,3,1,2,1,1,3,1,4,1,2,2,2,2,2,2,2,2,2,2,3,2,2,2,2,1,2,2,2,2,2,0,0,0
2008,37,73,1,370602,1,3,1,2,1,1,5,1,1,1,1,2,1,2,2,2,2,1,2,2,3,2,2,2,2,2,2,2,2,2,2,0,0,0
2008,37,81,1,370603,1,3,2,1,1,2,1,3,1,1,1,2,1,1,2,2,2,2,1,2,2,2,2,2,2,2,2,2,2,2,2,0,0,0
2008,37,85,1,370604,1,3,1,2,1,2,6,2,1,2,1,2,1,2,2,2,2,2,2,2,3,2,2,2,2,2,2,2,2,2,2,0,0,0
2008,37,91,1,370605,1,3,1,2,1,2,4,2,3,2,1,2,2,2,2,1,2,2,1,2,3,2,2,2,2,2,2,2,1,2,2,0,0,0
2008,37,119,1,370606,1,3,2,2,4,2,4,2,1,2,2,2,1,2,2,2,2,2,1,2,1,2,2,2,2,2,2,2,1,2,2,0,0,0
2008,37,119,2,370607,1,3,2,2,2,2,6,2,1,2,1,2,1,2,2,1,2,2,1,2,2,1,1,1,1,2,2,1,1,2,2,0,0,0
2008,37,147,1,370608,1,3,2,2,1,2,6,3,1,1,1,2,1,1,2,2,2,2,2,2,2,2,2,2,2,2,2,2,2,1,2,0,0,0
2008,37,153,1,370609,1,3,2,2,1,2,2,2,4,1,1,2,2,1,2,2,2,2,2,2,3,2,2,2,2,2,2,2,1,2,2,0,0,0
2008,37,149,1,370610,1,3,1,2,1,2,5,2,4,2,1,2,2,2,2,2,2,2,2,2,3,1,1,1,1,2,2,1,1,2,2,0,0,0
2008,37,155,1,370611,1,3,1,2,2,2,6,2,1,2,2,2,1,2,2,1,2,2,1,2,1,2,2,2,2,2,2,2,1,2,2,0,0,0
2008,37,155,1,370612,1,3,1,2,1,2,6,2,2,1,2,2,2,2,1,1,2,2,2,2,3,1,1,1,1,2,2,1,2,2,2,0,0,0
2008,37,155,1,370613,1,3,1,1,3,2,1,2,1,1,1,2,1,2,2,2,2,2,1,2,2,2,2,2,2,2,2,2,1,2,1,0,0,0
2008,37,159,1,370614,1,3,2,2,1,1,6,1,4,1,1,2,2,2,1,2,2,2,2,2,3,2,2,1,1,2,2,1,2,1,2,0,0,0
2008,37,171,1,370615,1,3,1,1,1,2,1,2,5,2,1,1,2,2,2,2,2,2,2,2,3,2,2,2,2,2,2,2,1,2,2,0,0,0
2008,37,179,1,370616,1,3,1,2,2,2,5,2,1,2,1,2,1,2,2,2,2,2,1,2,1,2,2,2,2,2,2,2,1,2,2,0,0,0
2008,37,181,1,370617,1,3,1,2,4,2,6,2,1,2,1,2,1,2,2,2,2,2,1,2,3,1,1,1,1,2,2,1,1,2,2,0,0,0
2008,37,183,1,370618,1,3,1,2,1,2,4,2,2,2,1,2,2,2,2,2,2,2,1,2,1,2,2,1,1,2,2,1,2,2,2,0,0,0
2008,37,183,1,370619,1,3,2,2,1,2,2,2,4,2,2,2,2,2,1,1,2,2,2,2,3,2,2,2,2,2,2,2,2,2,2,0,0,0
2008,37,183,1,370620,1,3,1,2,2,2,3,2,1,1,1,2,1,1,2,2,2,2,1,2,2,2,2,2,2,2,2,2,1,2,2,0,0,0
2008,37,191,2,370621,1,3,1,2,1,2,5,2,3,2,2,2,2,1,2,2,2,2,2,2,1,1,1,1,1,2,2,1,1,2,2,0,0,0
2008,37,197,1,370622,1,3,1,2,2,2,6,2,1,1,1,2,1,2,2,2,2,2,1,2,3,2,2,2,2,2,2,2,1,2,1,0,0,0
2008,37,51,1,370623,1,3,2,2,1,2,4,2,1,1,2,2,1,2,1,2,2,2,2,2,2,2,2,2,2,2,2,2,1,2,2,0,0,0
2008,37,119,1,370624,1,3,2,2,1,1,3,1,4,1,1,2,2,2,2,2,2,2,2,2,3,2,2,2,2,2,2,2,2,2,2,0,0,0
2008,37,163,1,370625,1,3,2,2,2,2,6,2,1,2,2,2,1,2,2,1,2,2,2,2,3,2,2,2,2,2,1,1,1,2,2,0,0,0
2008,37,133,1,370626,1,3,2,2,1,2,4,2,1,2,2,2,1,2,2,2,1,2,2,2,3,2,2,2,2,2,2,2,2,2,2,0,0,0
2008,37,111,1,370627,1,3,1,2,1,2,3,2,2,2,1,2,2,2,1,2,2,2,2,2,3,2,2,2,2,1,2,2,2,1,2,0,0,0
2008,37,9,1,370628,1,3,1,2,2,2,3,2,1,2,1,2,1,2,2,2,2,2,1,2,1,2,2,2,2,2,2,2,1,1,2,0,0,0
2008,37,21,1,370629,1,3,2,2,1,1,2,1,1,2,1,2,1,2,2,2,2,1,2,2,3,2,2,2,2,1,2,2,2,2,2,0,0,0
2008,37,63,1,370630,1,3,1,2,1,1,5,1,4,2,2,2,2,2,1,1,2,2,2,2,3,2,2,2,2,2,2,2,2,2,2,0,0,0
2008,37,67,1,370631,1,3,1,2,2,2,5,2,1,1,1,2,1,2,1,1,2,2,2,2,1,2,2,2,2,2,2,2,1,2,2,0,0,0
2008,37,81,1,370632,1,3,1,1,1,2,1,2,2,1,1,2,2,1,2,1,2,2,2,2,3,2,2,2,2,2,2,2,2,2,2,0,0,0
2008,37,101,1,370633,1,3,1,2,2,2,6,2,1,2,1,2,1,2,1,1,2,2,2,2,1,2,2,2,2,2,2,2,1,2,2,0,0,0
2008,37,117,1,370634,1,3,1,2,4,2,5,2,1,1,1,2,1,2,2,2,2,2,2,2,2,2,2,2,2,1,2,2,1,1,2,0,0,0
2008,37,133,1,370635,1,3,1,2,1,2,4,2,3,2,2,2,2,2,2,2,2,2,2,2,3,2,2,2,2,2,2,2,1,2,2,0,0,0
2008,37,147,1,370636,1,3,1,2,2,2,5,2,1,2,2,2,1,2,2,1,2,2,1,2,1,2,2,2,2,2,2,2,1,2,2,0,0,0
2008,37,159,1,370637,1,3,1,2,2,2,5,2,1,2,2,2,1,2,1,1,2,2,2,2,2,1,1,1,1,2,2,1,1,2,2,0,0,0
2008,37,159,1,370638,1,3,1,2,2,2,5,2,1,2,2,2,1,2,2,2,2,2,1,2,3,2,2,2,2,2,2,2,1,2,2,0,0,0
2008,37,167,4,370639,1,3,1,2,1,2,5,2,4,2,1,2,2,1,2,2,2,2,2,2,3,1,1,1,1,2,2,1,1,2,2,0,0,0
2008,37,169,1,370640,1,3,1,2,2,2,6,2,1,1,1,2,1,2,1,1,2,2,2,2,1,2,2,2,2,2,2,2,1,2,2,0,0,0
2008,37,179,1,370641,1,3,1,2,2,2,6,2,1,2,2,2,1,2,1,1,2,2,2,2,1,2,2,2,2,2,1,1,1,2,2,0,0,0
2008,37,183,1,370642,1,3,2,1,2,2,1,2,1,1,1,2,1,1,2,2,2,2,1,2,2,2,2,2,2,2,2,2,1,2,2,0,0,0
2008,37,183,1,370643,1,3,2,2,1,1,3,1,4,2,2,2,2,2,2,2,2,2,1,2,3,1,1,1,1,2,2,1,2,2,2,0,0,0
2008,37,193,1,370644,1,3,1,2,2,2,4,2,1,2,2,2,1,2,1,1,2,2,2,2,3,2,2,2,2,2,2,2,1,2,2,0,0,0
2008,37,45,1,370645,1,3,2,2,1,2,2,2,2,2,1,2,3,1,2,1,2,2,2,2,3,2,2,2,2,2,2,2,2,1,2,0,0,0
2008,37,53,2,370646,1,3,1,2,2,2,6,2,1,2,2,2,1,2,2,1,2,2,1,2,1,2,2,2,2,2,2,2,1,2,2,0,0,0
2008,37,53,1,370647,1,3,1,2,1,1,4,1,4,1,2,2,3,2,2,2,2,2,2,2,3,2,2,2,2,1,2,2,2,2,2,0,0,0
2008,37,19,1,370649,1,3,1,2,1,1,3,1,4,2,2,2,2,2,1,2,2,2,2,2,1,2,2,2,2,2,2,2,2,2,2,0,0,0
2008,37,21,1,370650,1,3,1,2,1,2,3,3,4,1,2,2,3,2,1,2,2,2,2,2,3,2,2,2,2,2,2,2,2,2,2,0,0,0
2008,37,45,1,370651,1,3,1,2,1,1,4,1,4,1,1,2,2,2,2,2,2,2,2,2,3,2,2,2,2,2,1,1,2,2,2,0,0,0
2008,37,45,1,370652,1,3,1,2,1,1,3,1,4,1,2,2,2,2,2,2,2,2,2,2,3,2,2,2,2,1,2,2,2,2,2,0,0,0
2008,37,97,1,370653,1,3,1,2,1,2,6,2,4,1,1,2,2,1,2,2,2,2,2,2,3,2,2,2,2,1,2,2,1,2,2,0,0,0
2008,37,111,1,370654,1,3,1,2,2,2,5,2,1,1,1,2,1,2,2,2,2,2,2,2,2,2,2,2,2,1,2,2,1,2,2,0,0,0
2008,37,129,2,370655,1,3,1,2,1,1,3,1,3,2,2,2,2,2,1,2,2,2,2,2,1,2,2,2,2,2,2,2,2,2,2,0,0,0
2008,37,133,1,370656,1,3,1,2,2,2,6,2,1,2,1,2,1,2,1,1,2,2,2,2,1,2,2,2,2,2,2,2,1,2,2,0,0,0
2008,37,155,1,370657,1,3,1,2,1,2,3,2,1,2,1,1,1,2,2,2,1,2,2,2,3,2,2,2,2,2,2,2,2,2,2,0,0,0
2008,37,155,1,370658,1,3,1,2,1,1,3,1,4,2,1,2,2,2,2,2,2,2,2,2,3,1,1,1,1,2,1,1,2,2,2,0,0,0
2008,37,159,1,370659,1,3,1,2,1,2,5,3,4,1,2,2,2,2,2,2,2,2,2,2,3,2,2,2,2,2,2,2,2,2,2,0,0,0
2008,37,27,1,370660,1,3,2,2,2,2,5,2,1,2,2,2,1,2,2,1,2,2,2,2,1,2,2,2,2,2,1,1,1,2,2,0,0,0
2008,37,51,1,370661,1,3,2,2,2,2,6,2,1,2,2,2,1,2,2,1,2,2,1,2,1,2,2,2,2,2,2,2,1,2,2,0,0,0
2008,37,183,1,370662,1,3,2,2,4,2,6,2,1,2,1,2,1,2,2,1,2,2,1,2,1,2,2,2,2,2,2,2,1,2,2,0,0,0
2008,37,47,1,370663,1,3,1,2,2,2,6,2,1,1,2,2,1,2,2,1,2,2,1,2,1,2,2,2,2,2,2,2,1,2,2,0,0,0
2008,37,51,1,370664,1,3,1,2,2,2,5,2,1,1,1,2,1,2,2,1,2,2,2,2,3,1,1,1,1,2,2,1,1,2,2,0,0,0
2008,37,81,1,370665,1,3,1,2,1,1,6,1,3,1,1,2,2,1,1,2,2,2,2,2,3,2,2,2,2,2,2,2,2,1,2,0,0,0
2008,37,113,1,370666,1,3,1,2,2,2,5,2,1,2,1,2,1,2,1,1,2,2,2,2,2,2,2,2,2,2,2,2,1,2,2,0,0,0
2008,37,117,1,370667,1,3,1,2,2,2,6,2,1,2,2,2,1,2,2,1,2,2,2,2,1,2,2,2,2,2,2,2,1,2,2,0,0,0
2008,37,157,1,370668,1,3,1,2,4,2,6,2,1,2,2,2,1,2,2,2,2,2,1,2,1,2,2,2,2,2,2,2,1,2,2,0,0,0
2008,37,13,1,370669,1,3,1,2,1,2,5,2,3,1,2,2,2,2,2,1,2,2,1,2,3,2,2,2,2,1,2,2,1,2,2,0,0,0
2008,37,31,1,370670,1,3,1,2,1,2,4,2,1,2,1,2,1,2,2,2,1,2,2,2,3,2,2,2,2,2,2,2,2,2,2,0,0,0
2008,37,47,1,370671,1,3,1,2,2,2,6,2,1,2,2,2,2,2,2,1,2,2,1,2,3,2,2,2,2,2,2,2,1,2,2,0,0,0
2008,37,51,1,370672,1,3,1,2,2,2,4,2,1,2,2,2,1,2,1,1,2,2,2,2,1,2,2,2,2,2,2,2,1,2,2,0,0,0
2008,37,71,1,370673,1,3,2,2,1,2,2,2,1,2,1,2,2,2,2,2,1,2,2,2,3,2,2,2,2,2,2,2,2,1,2,0,0,0
2008,37,79,1,370674,1,3,1,2,1,2,5,2,1,1,1,2,1,2,2,1,2,2,1,2,3,2,2,2,2,2,2,2,1,2,2,0,0,0
2008,37,147,1,370675,1,3,2,2,1,2,6,2,1,2,1,2,1,2,2,2,1,2,2,2,3,2,2,1,1,2,2,1,2,2,2,0,0,0
2008,37,155,3,370676,1,3,2,1,3,2,1,2,1,1,1,2,1,2,2,2,2,2,2,2,2,2,2,2,2,2,2,2,1,2,1,0,0,0
2008,37,173,1,370677,1,3,1,2,2,2,3,2,1,1,1,2,1,2,2,2,2,2,1,2,2,2,2,2,2,1,2,2,1,2,2,0,0,0
2008,37,191,1,370678,1,3,2,2,4,2,6,2,1,2,2,2,1,2,2,2,2,2,2,2,1,1,1,1,1,2,2,1,1,2,2,0,0,0
2008,37,61,1,370679,1,3,1,2,2,2,6,2,1,2,2,2,1,2,2,2,2,2,1,2,1,2,2,2,2,2,2,2,1,2,2,0,0,0
2008,37,145,1,370680,1,3,1,2,2,2,5,2,1,2,1,2,1,2,2,1,2,2,1,2,2,2,2,2,2,2,2,2,1,2,2,0,0,0
2008,37,19,2,370681,1,3,1,2,1,2,3,2,5,1,1,2,3,2,2,2,2,2,1,2,1,2,2,2,2,2,2,2,2,2,2,0,0,0
2008,37,49,1,370682,1,3,1,2,4,2,6,2,1,1,1,2,1,2,2,1,2,2,2,2,3,2,2,2,2,2,2,2,1,2,2,0,0,0
2008,37,129,1,370683,1,3,1,2,1,2,3,2,1,2,1,2,1,2,2,2,1,2,2,2,3,2,2,2,2,2,2,2,2,2,2,0,0,0
2008,37,129,3,370684,1,3,1,2,2,2,3,2,1,2,1,2,1,2,2,2,2,2,1,2,1,2,2,1,1,2,2,1,1,2,2,0,0,0
2008,37,133,1,370685,1,3,1,2,1,2,3,2,4,1,1,2,2,2,1,2,2,2,2,2,3,2,2,2,2,1,2,2,2,2,2,0,0,0
2008,37,159,1,370686,1,3,1,2,2,2,6,2,1,2,1,2,1,2,1,2,2,2,2,2,1,2,2,2,2,2,2,2,1,2,2,0,0,0
2008,37,167,1,370687,1,3,1,2,3,2,4,2,1,2,2,2,1,2,1,2,2,2,2,2,1,2,2,2,2,2,2,2,1,1,2,0,0,0
2008,37,109,1,370688,1,3,2,2,2,2,6,2,1,1,2,2,1,2,2,2,2,2,2,2,3,2,2,2,2,1,2,2,1,2,2,0,0,0
2008,37,129,1,370689,1,3,2,2,1,1,6,1,2,1,1,2,2,2,1,2,2,2,2,2,3,2,2,2,2,2,2,2,2,2,2,0,0,0
2008,37,21,1,370690,1,3,2,2,2,2,2,2,1,1,2,2,1,2,2,2,2,2,2,2,2,2,2,2,2,2,2,2,1,2,2,0,0,0
2008,37,59,1,370691,1,3,1,2,1,1,4,1,4,1,2,2,2,1,1,2,2,2,2,2,3,2,2,2,2,1,2,2,2,2,2,0,0,0
2008,37,81,1,370692,1,3,2,2,1,2,6,2,1,1,1,2,1,2,2,2,2,2,2,2,3,2,2,2,2,2,2,2,2,2,2,0,0,0
2008,37,13,1,370693,1,3,1,2,4,2,5,2,1,1,2,2,1,2,2,1,2,2,1,2,1,2,2,2,2,2,2,2,1,2,2,0,0,0
2008,37,25,1,370694,1,3,2,2,1,1,6,1,4,2,2,2,2,2,1,2,2,2,2,2,3,1,1,1,1,2,2,1,2,1,2,0,0,0
2008,37,51,1,370695,1,3,2,2,2,2,6,2,1,2,1,2,1,2,2,2,2,2,2,2,1,2,2,2,2,2,2,2,1,2,2,0,0,0
2008,37,61,1,370696,1,3,1,1,3,2,1,2,1,1,1,2,1,2,2,2,2,2,1,2,2,2,2,2,2,1,2,2,1,2,2,0,0,0
2008,37,67,1,370697,1,3,2,2,4,2,2,2,1,1,1,2,1,1,2,2,2,2,2,2,3,2,2,2,2,2,2,2,1,2,2,0,0,0
2008,37,81,1,370698,1,3,1,2,4,2,3,2,1,1,1,2,1,2,2,2,2,2,2,2,3,2,2,2,2,2,2,2,1,1,2,0,0,0
2008,37,85,1,370699,1,3,1,2,1,2,5,2,3,2,1,2,2,2,1,2,2,2,2,2,1,2,2,2,2,2,1,1,1,2,2,0,0,0
2008,37,133,1,370700,1,3,1,2,2,2,3,2,1,2,1,1,1,2,2,1,1,2,2,2,3,2,2,2,2,2,1,1,2,2,2,0,0,0
2008,37,153,3,370701,1,3,1,2,1,2,3,2,1,1,1,2,1,2,2,1,2,2,1,2,2,2,2,2,2,2,1,1,1,2,2,0,0,0
2008,37,9,1,370702,1,3,1,2,1,2,5,2,5,2,1,2,2,2,2,1,2,2,1,2,3,1,1,1,1,2,2,1,2,2,2,0,0,0
2008,37,15,1,370703,1,3,1,2,2,2,6,2,1,2,2,2,1,2,2,1,2,2,2,2,1,2,2,2,2,2,2,2,1,2,2,0,0,0
2008,37,17,1,370704,1,3,1,2,1,2,6,2,1,1,2,2,1,2,2,1,2,2,1,2,1,1,1,1,1,2,2,1,1,2,2,0,0,0
2008,37,51,1,370705,1,3,2,2,4,2,6,2,1,2,2,2,1,2,2,1,2,2,2,2,1,2,2,2,2,2,2,2,1,2,2,0,0,0
2008,37,59,1,370706,1,3,1,2,2,2,5,2,1,1,2,2,1,2,2,1,2,2,1,2,2,2,2,2,2,2,2,2,1,2,2,0,0,0
2008,37,79,1,370707,1,3,1,2,4,2,5,2,1,2,2,2,1,2,2,1,2,2,1,2,2,2,2,2,2,2,2,2,1,2,2,0,0,0
2008,37,81,1,370708,1,3,1,1,1,2,1,3,1,1,1,2,1,2,2,1,2,2,1,2,3,2,2,2,2,2,2,2,1,1,2,0,0,0
2008,37,97,1,370709,1,3,1,2,2,2,5,2,1,2,2,1,1,2,2,2,1,2,2,2,3,2,2,2,2,2,2,2,1,1,2,0,0,0
2008,37,113,1,370710,1,3,1,2,1,2,3,2,4,1,1,2,2,2,2,2,2,2,1,2,3,2,2,2,2,2,2,2,1,2,2,0,0,0
2008,37,133,1,370711,1,3,1,2,2,2,3,2,1,2,2,2,1,2,1,2,2,2,2,2,2,1,1,1,1,2,2,1,1,1,2,0,0,0
2008,37,151,1,370712,1,3,1,2,2,2,5,2,1,2,2,2,1,2,1,1,2,2,2,2,1,2,2,2,2,2,2,2,1,2,2,0,0,0
2008,37,151,1,370713,1,3,1,2,1,2,5,2,4,2,1,2,2,2,1,2,2,2,2,2,3,1,1,1,1,2,2,1,1,2,2,0,0,0
2008,37,155,1,370714,1,3,1,2,4,2,5,2,1,2,1,2,1,2,2,2,2,2,2,2,2,2,2,2,2,2,2,2,1,1,2,0,0,0
2008,37,155,1,370715,1,3,1,2,1,2,5,2,1,2,1,2,1,2,2,2,1,2,2,2,3,2,2,2,2,2,2,2,2,2,2,0,0,0
2008,37,177,1,370716,1,3,1,2,1,2,3,2,3,2,1,2,2,1,2,1,2,2,2,2,3,2,2,2,2,2,2,2,1,2,2,0,0,0
2008,37,189,1,370717,1,3,1,2,2,2,5,2,1,1,2,2,1,2,2,2,2,2,1,2,2,2,2,2,2,1,2,2,1,1,2,0,0,0
2008,37,193,1,370718,1,3,1,2,4,2,5,2,1,2,1,2,1,2,2,1,2,2,2,2,3,1,1,1,1,2,2,1,1,2,2,0,0,0
2008,37,65,1,370719,1,3,1,2,3,2,3,2,1,2,2,2,1,2,2,1,2,2,1,2,3,2,2,2,2,2,1,1,1,2,2,0,0,0
2008,37,119,1,370720,1,3,2,2,2,2,6,2,1,1,1,2,1,2,2,1,2,2,2,2,1,2,2,2,2,2,2,2,1,2,2,0,0,0
2008,37,23,1,370721,1,3,2,2,1,1,6,1,1,1,2,2,1,1,2,2,2,1,2,2,3,2,2,2,2,2,2,2,2,2,2,0,0,0
2008,37,51,1,370722,1,3,2,2,1,1,4,1,4,1,1,2,3,2,2,2,2,2,2,2,3,2,2,2,2,1,2,2,2,1,2,0,0,0
2008,37,67,1,370723,1,3,2,2,2,2,2,2,1,1,1,2,1,2,2,2,2,2,1,2,3,2,2,2,2,1,2,2,1,2,2,0,0,0
2008,37,101,1,370724,1,3,2,2,2,2,4,2,1,2,1,2,1,2,2,1,2,2,1,2,1,2,2,2,2,2,1,1,1,2,2,0,0,0
2008,37,119,1,370725,1,3,2,2,2,2,6,2,1,1,1,2,1,2,2,1,2,2,2,2,2,2,2,2,2,2,2,2,1,2,2,0,0,0
2008,37,125,1,370726,1,3,2,2,3,2,2,2,1,2,2,2,1,2,2,2,2,2,1,2,1,2,2,2,2,2,2,2,1,2,2,0,0,0
2008,37,127,1,370727,1,3,2,2,2,2,2,3,1,1,2,2,1,2,2,2,2,2,2,2,2,2,2,2,2,1,2,2,1,2,2,0,0,0
2008,37,133,1,370728,1,3,2,2,2,2,3,2,2,2,1,2,1,2,2,2,2,2,2,2,1,2,2,2,2,2,1,1,1,2,2,0,0,0
2008,37,119,1,370729,1,3,2,2,1,2,6,2,1,2,2,2,1,2,2,2,1,2,2,2,3,2,2,2,2,1,2,2,2,2,2,0,0,0
2008,37,119,1,370730,1,3,2,2,1,2,6,2,5,1,1,2,3,2,2,1,2,2,2,2,3,2,2,2,2,2,1,1,1,2,2,0,0,0
2008,37,81,1,370731,1,3,1,2,1,1,6,1,4,1,2,2,2,2,1,2,2,2,2,2,3,2,2,2,2,2,2,2,2,1,2,0,0,0
2008,37,179,1,370732,1,3,2,2,2,2,6,2,1,2,2,2,1,2,2,2,2,2,1,2,1,2,2,2,2,2,2,2,1,2,2,0,0,0
2008,37,19,1,370733,1,3,1,2,1,2,5,3,4,1,2,2,2,2,1,2,2,2,2,2,3,1,1,1,1,2,1,1,2,2,2,0,0,0
2008,37,19,1,370734,1,3,1,2,2,2,5,2,1,2,1,2,1,2,1,1,2,2,2,2,3,2,2,1,1,2,2,1,1,2,2,0,0,0
2008,37,23,1,370736,1,3,1,2,1,2,4,2,1,1,2,2,1,2,1,2,2,2,2,2,2,2,2,2,2,2,2,2,2,2,2,0,0,0
2008,37,33,1,370737,1,3,1,2,1,2,4,2,2,2,2,2,2,2,2,1,2,2,1,2,3,2,2,2,2,2,2,2,2,2,2,0,0,0
2008,37,67,1,370738,1,3,2,2,1,2,5,2,1,1,1,2,1,2,2,2,2,1,2,2,3,2,2,2,2,2,2,2,2,2,2,0,0,0
2008,37,77,1,370739,1,3,1,2,2,2,6,2,1,2,2,2,1,2,1,1,2,2,2,2,3,2,2,2,2,2,2,2,1,2,2,0,0,0
2008,37,79,1,370740,1,3,1,2,2,2,4,2,1,2,2,2,1,2,2,1,2,2,2,2,2,1,2,1,2,2,2,2,1,2,2,0,0,0
2008,37,83,1,370741,1,3,1,2,4,2,4,2,1,1,1,2,1,2,2,1,2,2,1,2,2,2,2,2,2,1,2,2,1,2,2,0,0,0
2008,37,89,1,370742,1,3,1,2,1,2,4,2,5,1,1,1,2,2,1,2,2,2,2,2,3,2,2,2,2,1,2,2,2,2,2,0,0,0
2008,37,97,1,370743,1,3,2,2,1,1,4,1,4,1,1,2,2,1,2,2,2,2,2,2,3,2,2,2,2,1,2,2,2,1,2,0,0,0
2008,37,97,1,370744,1,3,1,2,1,2,5,2,2,1,1,2,3,2,2,1,2,2,2,2,3,2,2,2,2,2,2,2,2,2,2,0,0,0
2008,37,117,1,370745,1,3,1,2,1,1,5,1,4,1,2,2,2,2,2,2,2,2,1,2,3,2,2,2,2,2,2,2,2,1,2,0,0,0
2008,37,123,1,370746,1,3,1,2,4,2,3,2,1,1,1,2,1,2,2,2,2,2,1,2,2,2,2,2,2,1,2,2,1,2,2,0,0,0
2008,37,133,1,370747,1,3,1,2,2,2,6,2,1,2,1,2,1,2,2,1,2,2,1,2,1,2,2,2,2,2,1,1,1,2,2,0,0,0
2008,37,147,1,370748,1,3,1,2,1,2,6,2,1,2,2,2,1,2,2,1,2,2,1,2,2,1,1,1,1,2,2,1,1,2,2,0,0,0
2008,37,151,1,370749,1,3,1,2,1,1,4,1,4,2,1,2,2,2,2,2,2,2,2,2,3,2,2,2,2,2,2,2,2,2,2,0,0,0
2008,37,151,1,370750,1,3,1,2,4,2,6,2,1,1,1,2,1,2,2,1,2,2,2,2,3,1,1,1,1,2,2,1,1,2,2,0,0,0
2008,37,153,1,370751,1,3,1,2,1,2,4,2,3,1,1,2,3,2,2,1,2,2,1,2,3,2,2,2,2,1,2,2,1,2,2,0,0,0
2008,37,155,1,370752,1,3,1,2,1,2,6,2,1,2,2,2,1,2,2,2,1,2,2,2,3,2,2,2,2,2,2,2,2,2,2,0,0,0
2008,37,159,1,370753,1,3,1,2,2,2,6,2,1,1,2,2,1,2,1,2,2,2,2,2,2,2,2,2,2,2,2,2,1,1,2,0,0,0
2008,37,163,1,370754,1,3,1,2,4,2,5,2,1,1,1,2,1,2,2,1,2,2,1,2,1,2,2,2,2,2,1,1,1,2,2,0,0,0
2008,37,177,2,370755,1,3,1,2,1,2,5,2,3,1,1,2,2,2,2,2,2,2,2,2,3,2,2,2,2,1,2,2,1,2,2,0,0,0
2008,37,193,1,370756,1,3,1,2,4,2,6,2,1,2,1,2,1,2,2,2,2,2,2,2,3,2,2,2,2,2,2,2,1,2,2,0,0,0
2008,37,19,1,370757,1,3,1,2,1,1,3,1,4,1,1,2,2,2,1,2,2,2,2,2,3,2,2,1,1,2,2,1,2,2,2,0,0,0
2008,37,97,1,370758,1,3,1,1,2,2,1,2,1,2,1,2,1,2,2,2,2,2,1,2,1,2,2,1,1,2,2,1,1,2,2,0,0,0
2008,37,185,1,370759,1,3,1,2,2,2,5,2,1,1,1,2,1,2,2,1,2,2,1,2,2,2,2,2,2,2,2,2,1,2,2,0,0,0
2008,37,191,1,370760,1,3,1,2,2,2,6,2,1,1,1,2,1,2,2,2,2,2,1,2,2,1,1,1,1,2,2,1,1,1,2,0,0,0
2008,37,189,1,370761,1,3,1,2,1,1,3,1,3,2,1,2,2,2,2,2,2,2,2,2,3,2,2,2,2,2,2,2,2,1,2,0,0,0
2008,37,189,1,370762,1,3,1,2,1,2,3,2,4,2,1,2,2,2,2,2,2,2,2,2,3,2,2,2,2,2,2,2,1,2,2,0,0,0
2008,37,45,1,370763,1,3,1,2,2,2,3,2,1,2,2,2,1,2,1,2,2,2,2,2,2,2,2,2,2,2,2,2,2,2,2,0,0,0
2008,37,81,1,370764,1,3,1,2,2,2,4,2,1,2,2,2,1,2,1,2,2,2,2,2,3,2,2,2,2,2,2,2,1,2,2,0,0,0
2008,37,81,1,370765,1,3,2,2,2,2,6,2,3,2,2,2,1,2,2,2,2,2,2,2,1,2,2,2,2,2,1,1,1,2,2,0,0,0
2008,37,97,1,370766,1,3,1,2,4,2,6,2,1,2,2,2,1,2,1,1,2,2,2,2,1,2,2,2,2,2,2,2,1,2,2,0,0,0
2008,37,101,3,370767,1,3,1,2,1,2,6,3,1,1,1,2,1,2,2,2,2,2,2,2,2,2,2,2,2,2,2,2,2,2,2,0,0,0
2008,37,107,1,370768,1,3,1,2,2,2,3,2,1,1,1,2,1,2,2,2,2,2,1,2,2,2,2,2,2,1,2,2,1,2,2,0,0,0
2008,37,135,1,370769,1,3,1,2,1,2,5,2,4,1,1,2,2,2,2,2,2,2,2,2,3,2,2,1,1,2,2,1,2,2,2,0,0,0
2008,37,149,1,370770,1,3,1,1,1,2,1,2,5,1,1,2,2,2,1,2,2,2,2,2,3,1,1,1,1,2,2,1,2,2,2,0,0,0
2008,37,155,1,370771,1,3,1,2,2,2,6,2,1,2,2,2,1,2,1,2,2,2,2,2,2,2,2,2,2,2,1,1,1,2,2,0,0,0
2008,37,183,1,370772,1,3,1,2,1,2,3,2,1,1,2,2,1,2,2,1,2,1,2,2,3,2,2,2,2,2,2,2,2,1,2,0,0,0
2008,37,19,1,370773,1,3,1,2,1,1,4,1,3,1,1,2,2,2,2,2,2,2,1,2,3,2,2,2,2,1,2,2,2,1,2,0,0,0
2008,37,41,1,370774,1,3,1,2,1,2,5,2,2,1,1,2,2,2,2,1,2,2,2,2,3,2,2,2,2,2,2,2,1,2,2,0,0,0
2008,37,47,1,370775,1,3,1,2,1,1,5,1,4,1,1,2,2,2,2,2,2,2,2,2,3,1,1,1,1,2,2,1,2,2,2,0,0,0
2008,37,59,1,370776,1,3,1,1,2,2,1,2,1,2,1,2,1,2,2,2,2,2,2,2,2,2,2,2,2,2,1,1,1,2,2,0,0,0
2008,37,69,1,370777,1,3,1,2,2,2,5,2,1,2,1,2,1,2,2,1,2,2,2,2,1,2,2,2,2,2,2,2,1,2,2,0,0,0
2008,37,93,1,370778,1,3,1,2,2,2,6,2,1,1,1,2,1,2,2,1,2,2,1,2,1,2,2,2,2,2,2,2,1,2,2,0,0,0
2008,37,101,1,370779,1,3,1,1,4,2,1,2,1,1,1,2,1,2,2,1,2,2,1,2,2,2,2,2,2,2,2,2,1,2,2,0,0,0
2008,37,105,1,370780,1,3,1,2,4,2,3,2,1,1,1,2,1,2,2,2,2,2,1,2,1,2,2,2,2,1,2,2,1,2,2,0,0,0
2008,37,125,1,370781,1,3,1,2,4,2,3,2,1,2,2,2,1,2,2,2,2,2,1,2,2,2,2,2,2,2,1,1,1,2,2,0,0,0
2008,37,127,1,370782,1,3,1,2,2,2,5,2,1,2,1,2,1,2,2,1,2,2,1,2,1,2,2,2,2,2,2,2,1,2,2,0,0,0
2008,37,129,1,370783,1,3,2,2,1,1,6,1,4,1,1,2,2,2,1,2,2,2,2,2,3,1,1,1,1,2,2,1,2,1,2,0,0,0
2008,37,129,1,370784,1,3,1,2,1,2,4,2,1,2,1,2,1,2,2,2,2,2,2,2,3,2,2,2,2,2,2,2,2,2,2,0,0,0
2008,37,129,1,370785,1,3,1,2,4,2,4,2,1,2,1,2,1,2,2,2,2,1,2,2,3,1,1,1,1,2,2,1,2,2,2,0,0,0
2008,37,149,1,370786,1,3,1,2,1,2,6,2,1,2,2,2,1,2,2,2,2,2,2,2,3,1,1,1,1,2,2,1,2,2,2,0,0,0
2008,37,155,1,370787,1,3,1,2,4,2,5,2,1,2,2,2,1,2,1,1,2,2,2,2,1,2,2,2,2,2,2,2,1,2,2,0,0,0
2008,37,171,1,370788,1,3,2,2,2,2,6,2,1,2,2,2,1,2,1,1,2,2,2,2,2,2,2,2,2,2,1,1,1,2,2,0,0,0
2008,37,183,1,370789,1,3,1,2,1,2,5,2,4,1,1,2,2,1,2,1,2,2,2,2,3,2,2,2,2,2,1,1,1,2,2,0,0,0
2008,37,51,1,370790,1,3,2,2,1,1,6,1,4,2,1,2,2,2,1,2,2,2,2,2,3,1,1,1,1,2,2,1,2,2,2,0,0,0
2008,37,57,1,370791,1,3,2,2,1,2,6,2,3,2,1,2,2,2,2,2,2,2,2,2,3,2,2,2,2,1,2,2,1,2,2,0,0,0
2008,37,101,1,370792,1,3,1,2,2,2,5,2,1,1,1,2,1,2,2,2,2,2,2,2,2,2,2,2,2,1,2,2,1,2,2,0,0,0
2008,37,119,1,370793,1,3,2,2,1,2,6,2,1,2,2,1,2,2,2,2,1,2,2,2,3,2,2,2,2,2,2,2,2,2,2,0,0,0
2008,37,159,1,370794,1,3,1,2,4,2,5,2,1,1,1,2,1,2,2,2,2,2,1,2,2,2,2,2,2,1,2,2,1,2,2,0,0,0
2008,37,191,1,370795,1,3,2,2,2,2,2,2,1,1,1,2,1,2,2,2,2,2,2,2,2,2,2,2,2,1,2,2,1,2,2,0,0,0
2008,37,7,1,370796,1,3,2,2,2,2,6,2,1,1,1,2,1,2,2,1,2,2,1,2,1,2,2,2,2,2,1,1,1,2,2,0,0,0
2008,37,105,1,370797,1,3,2,2,1,1,2,1,4,1,1,2,2,2,2,1,2,2,2,2,3,1,1,1,1,1,2,1,2,1,2,0,0,0
2008,37,119,1,370798,1,3,2,2,1,1,6,1,1,2,1,2,1,2,2,2,2,2,2,2,3,2,2,2,2,2,1,1,2,2,2,0,0,0
2008,37,119,1,370799,1,3,2,2,1,2,6,2,1,2,2,2,1,2,2,2,1,2,2,2,3,2,2,2,2,2,2,2,2,2,2,0,0,0
2008,37,119,1,370800,1,3,2,2,1,2,6,2,4,1,1,2,2,1,2,2,2,2,2,2,3,2,2,2,2,1,2,2,2,2,2,0,0,0
2008,37,119,1,370801,1,3,2,2,1,1,6,1,4,2,1,2,2,1,2,2,2,2,2,2,3,2,2,2,2,2,2,2,2,2,2,0,0,0
2008,37,119,1,370802,1,3,2,2,2,2,6,2,1,2,2,2,1,2,2,2,2,2,1,2,1,2,2,2,2,2,1,1,1,2,2,0,0,0
2008,37,147,1,370803,1,3,2,2,1,2,6,2,1,1,1,2,1,2,2,2,1,2,2,2,3,2,2,2,2,2,2,2,2,1,2,0,0,0
2008,37,155,1,370804,1,3,1,2,2,2,5,2,1,1,1,2,1,2,2,2,2,2,2,2,2,2,2,2,2,1,2,2,1,2,2,0,0,0
2008,37,169,1,370805,1,3,1,2,1,2,4,2,1,2,2,1,1,2,2,2,1,2,2,2,3,2,2,2,2,2,1,1,2,2,2,0,0,0
2008,37,35,1,370806,1,3,1,2,2,2,6,2,1,2,2,2,1,2,1,1,2,2,2,2,3,2,2,1,1,2,2,1,1,2,2,0,0,0
2008,37,37,1,370807,1,3,1,2,1,2,5,2,5,1,1,2,3,1,2,1,2,2,1,2,3,2,2,2,2,1,2,2,1,2,2,0,0,0
2008,37,61,1,370808,1,3,1,2,1,2,5,2,1,2,1,2,1,2,2,2,2,1,2,2,3,2,2,2,2,2,2,2,2,2,2,0,0,0
2008,37,61,1,370809,1,3,1,2,2,2,6,2,1,2,1,2,1,2,2,1,2,2,1,2,1,1,1,1,1,2,2,1,1,2,2,0,0,0
2008,37,63,1,370810,1,3,2,2,2,2,2,2,1,1,2,2,1,2,1,1,2,2,2,2,2,2,2,2,2,2,2,2,1,2,2,0,0,0
2008,37,107,1,370811,1,3,1,2,1,2,5,2,5,2,2,2,3,2,2,2,2,2,2,2,1,2,2,2,2,2,1,1,1,2,2,0,0,0
2008,37,111,1,370812,1,3,1,2,1,2,3,2,4,2,1,2,2,2,2,1,2,2,2,2,3,1,1,1,1,2,1,1,1,2,2,0,0,0
2008,37,127,1,370813,1,3,1,2,2,2,5,2,1,2,2,1,1,2,2,2,2,2,1,2,3,2,2,2,2,2,2,2,1,1,2,0,0,0
2008,37,191,1,370814,1,3,1,2,1,2,3,2,4,2,2,2,2,2,1,2,2,2,2,2,1,2,2,2,2,2,1,1,1,2,2,0,0,0
2008,37,191,1,370815,1,3,1,2,1,1,5,1,4,1,2,2,2,2,1,2,2,2,2,2,3,2,2,2,2,2,2,2,2,2,2,0,0,0
2008,37,15,1,370816,1,3,1,2,1,2,5,2,1,1,1,2,1,2,2,2,1,2,2,2,3,2,2,2,2,2,2,2,2,2,2,0,0,0
2008,37,17,1,370817,1,3,1,2,1,2,5,2,1,2,2,2,1,2,2,2,1,2,2,2,3,2,2,2,2,1,2,2,2,2,2,0,0,0
2008,37,23,1,370818,1,3,1,2,4,2,5,2,1,2,1,2,1,2,2,2,2,2,2,2,3,2,2,2,2,2,2,2,1,2,2,0,0,0
2008,37,23,1,370819,1,3,1,2,4,2,5,2,1,2,2,2,1,2,2,2,2,2,2,1,2,1,1,1,1,2,2,1,1,2,2,0,0,0
2008,37,35,1,370820,1,3,1,2,2,2,5,2,1,2,1,1,1,2,2,2,1,2,2,2,1,2,2,2,2,2,2,2,1,2,2,0,0,0
2008,37,47,1,370821,1,3,1,2,2,2,5,2,1,2,1,2,1,2,2,2,2,2,1,2,1,2,2,2,2,2,2,2,1,2,2,0,0,0
2008,37,51,1,370822,1,3,1,2,2,2,5,2,1,2,1,2,1,2,2,2,2,2,2,2,1,2,2,2,2,2,1,1,1,2,2,0,0,0
2008,37,63,1,370823,1,3,2,2,1,2,5,2,1,2,1,2,1,1,2,2,1,2,2,2,3,2,2,2,2,2,2,2,2,2,2,0,0,0
2008,37,67,1,370824,1,3,2,2,1,2,2,2,5,2,1,2,2,2,2,1,2,2,1,2,3,2,2,2,2,2,2,2,1,2,2,0,0,0
2008,37,67,1,370825,1,3,2,2,4,2,5,2,1,1,1,2,1,2,2,2,2,2,2,2,2,2,2,2,2,2,2,2,1,2,2,0,0,0
2008,37,67,1,370826,1,3,2,2,2,2,6,2,1,1,1,2,1,2,2,2,2,2,2,2,2,2,2,2,2,2,2,2,1,2,2,0,0,0
2008,37,79,1,370827,1,3,1,2,2,2,4,2,1,1,1,2,1,2,2,2,2,2,1,2,2,2,2,2,2,1,2,2,1,2,2,0,0,0
2008,37,107,2,370828,1,3,1,2,1,1,3,1,4,1,1,2,2,2,2,2,2,2,1,2,3,1,1,1,1,2,2,1,2,2,2,0,0,0
2008,37,129,1,370829,1,3,1,2,1,2,3,2,1,2,2,2,1,2,2,2,1,2,2,2,3,2,2,2,2,2,2,2,2,2,2,0,0,0
2008,37,157,1,370830,1,3,1,2,2,2,6,2,1,2,2,2,1,2,2,1,2,2,1,2,1,2,2,1,1,2,2,1,1,2,2,0,0,0
2008,37,179,1,370831,1,3,1,2,2,2,5,2,1,2,2,2,1,2,2,1,2,2,1,2,1,2,2,2,2,2,2,2,1,2,2,0,0,0
2008,37,179,1,370832,1,3,1,2,2,2,5,2,1,2,2,2,1,2,2,1,2,2,1,2,1,2,2,2,2,2,2,2,1,2,2,0,0,0
2008,37,183,1,370833,1,3,2,2,1,2,6,2,4,1,1,2,2,2,2,2,2,2,2,2,3,2,2,2,2,2,2,2,1,2,2,0,0,0
2008,37,195,1,370834,1,3,1,2,4,2,6,2,1,1,1,2,1,2,2,2,2,2,1,2,2,2,2,2,2,1,2,2,1,2,2,0,0,0
2008,37,83,1,370835,1,3,1,1,2,2,1,2,1,1,1,2,1,2,2,2,2,2,1,2,3,2,2,2,2,2,2,2,1,2,2,0,0,0
2008,37,19,1,370836,1,3,1,2,2,2,3,2,1,2,1,2,1,2,2,1,2,2,1,2,1,2,2,2,2,2,2,2,1,2,2,0,0,0
2008,37,31,1,370837,1,3,1,2,2,2,5,2,1,1,1,2,1,2,2,2,2,2,2,2,2,2,2,2,2,2,2,2,1,2,2,0,0,0
2008,37,33,1,370838,1,3,1,2,1,2,5,2,1,1,2,2,1,2,2,2,2,1,2,2,3,2,2,2,2,2,2,2,2,2,2,0,0,0
2008,37,47,1,370839,1,3,1,2,1,2,5,3,4,2,2,2,2,2,2,2,2,2,2,2,3,1,1,1,1,2,2,1,2,2,2,0,0,0
2008,37,51,1,370840,1,3,1,2,1,2,6,2,3,1,1,2,2,2,1,2,2,2,2,2,3,2,2,2,2,2,2,2,1,1,2,0,0,0
2008,37,63,1,370841,1,3,1,2,2,2,4,2,1,1,2,2,1,2,2,1,2,2,1,2,1,2,2,2,2,2,2,2,1,2,2,0,0,0
2008,37,81,1,370842,1,3,2,1,2,2,1,2,1,2,2,2,1,2,2,2,2,2,1,2,2,2,2,2,2,2,1,1,1,2,2,0,0,0
2008,37,83,1,370843,1,3,1,2,1,2,6,2,1,2,1,2,1,2,2,2,2,1,2,2,3,1,1,1,1,2,2,1,2,2,2,0,0,0
2008,37,93,1,370844,1,3,1,2,2,2,6,2,1,1,1,2,1,2,2,2,2,2,1,2,2,2,2,2,2,2,2,2,1,2,2,0,0,0
2008,37,93,1,370845,1,3,1,2,2,2,4,2,1,2,2,2,1,2,2,2,2,2,1,2,1,2,2,2,2,2,1,1,1,2,2,0,0,0
2008,37,105,1,370846,1,3,2,2,1,2,2,2,3,1,1,2,2,2,2,2,2,2,2,2,3,2,2,2,2,1,2,2,2,2,2,0,0,0
2008,37,105,1,370847,1,3,1,2,1,2,3,2,5,1,1,2,2,2,2,2,2,2,1,2,3,2,2,2,2,2,2,2,1,2,2,0,0,0
2008,37,133,1,370848,1,3,1,2,1,2,6,2,2,2,1,2,2,2,1,1,2,2,2,2,3,2,2,2,2,2,2,2,2,1,2,0,0,0
2008,37,145,1,370849,1,3,2,2,4,2,6,2,1,2,1,2,1,2,2,2,2,2,2,2,2,2,2,2,2,2,2,2,1,2,2,0,0,0
2008,37,155,1,370850,1,3,1,2,1,2,6,2,1,2,1,2,1,2,2,2,1,2,2,2,3,2,2,2,2,2,2,2,2,2,2,0,0,0
2008,37,155,2,370851,1,3,1,2,1,2,6,3,1,1,2,2,1,2,2,2,2,2,2,2,2,1,1,1,1,2,2,1,2,2,2,0,0,0
2008,37,159,1,370852,1,3,1,2,1,2,3,2,3,1,1,2,2,1,2,2,2,2,2,2,3,2,2,2,2,2,2,2,1,1,2,0,0,0
2008,37,179,1,370853,1,3,2,2,2,2,4,2,1,2,2,2,1,2,2,1,2,2,1,2,1,2,2,2,2,2,2,2,1,2,2,0,0,0
2008,37,193,1,370854,1,3,1,2,1,2,5,2,1,1,1,2,1,2,2,1,2,2,1,2,2,1,1,1,1,2,2,1,1,2,2,0,0,0
2008,37,181,1,370855,1,3,1,2,2,2,5,2,1,1,2,2,1,2,1,2,2,2,2,2,1,2,2,2,2,2,2,2,1,2,2,0,0,0
2008,37,25,1,370856,1,3,2,2,1,2,6,2,3,1,1,2,2,1,2,2,2,2,2,2,1,2,2,2,2,2,2,2,1,2,2,0,0,0
2008,37,63,1,370857,1,3,2,2,4,2,6,2,1,1,1,2,1,2,2,2,2,2,2,2,3,2,2,2,2,1,2,2,1,2,2,0,0,0
2008,37,71,1,370858,1,3,2,2,1,2,6,2,3,1,1,2,2,2,2,2,2,2,2,2,3,2,2,2,2,2,2,2,1,1,2,0,0,0
2008,37,135,1,370859,1,3,2,2,1,2,6,2,1,1,1,2,1,2,2,2,1,2,2,2,3,2,2,2,2,2,2,2,2,2,2,0,0,0
2008,37,139,1,370860,1,3,2,2,1,2,6,2,1,1,1,2,1,2,1,2,2,2,2,2,2,2,2,2,2,2,2,2,2,2,2,0,0,0
2008,37,157,1,370861,1,3,2,2,4,2,6,2,1,1,1,2,1,2,2,2,2,2,2,2,3,2,2,2,2,2,2,2,1,2,2,0,0,0
2008,37,157,1,370862,1,3,2,2,4,2,6,2,1,2,2,2,1,2,2,1,2,2,2,2,1,2,2,2,2,2,2,2,1,2,2,0,0,0
2008,37,127,2,370863,1,3,1,2,1,2,3,2,5,1,2,2,2,2,2,1,2,2,1,2,3,2,2,2,2,2,2,2,1,2,2,0,0,0
2008,37,151,1,370864,1,3,1,2,2,2,5,2,1,1,1,2,1,2,2,1,2,2,1,2,2,1,1,1,1,2,2,1,1,2,2,0,0,0
2008,37,153,1,370865,1,3,1,2,1,1,3,1,4,1,1,2,2,2,2,2,2,2,2,2,3,2,2,2,2,1,2,2,2,2,2,0,0,0
2008,37,23,1,370866,1,3,1,1,2,2,1,2,1,2,2,2,1,2,2,2,2,2,1,2,1,2,2,2,2,2,2,2,1,2,2,0,0,0
2008,37,23,1,370867,1,3,1,2,1,2,4,2,3,1,1,2,2,2,2,2,2,2,1,2,3,2,2,2,2,2,1,1,1,2,2,0,0,0
2008,37,25,1,370868,1,3,2,2,1,1,6,1,4,1,1,2,2,2,2,2,2,2,2,2,3,1,1,1,1,2,2,1,2,2,2,0,0,0
2008,37,27,1,370869,1,3,1,2,1,2,3,2,4,1,1,2,2,2,2,2,2,2,2,2,3,2,2,2,2,2,2,2,1,2,2,0,0,0
2008,37,51,1,370870,1,3,2,2,1,2,3,3,2,1,1,2,2,1,2,1,2,2,2,2,3,2,2,2,2,1,2,2,2,2,2,0,0,0
2008,37,57,1,370871,1,3,1,2,2,2,5,2,1,2,2,2,1,2,2,1,2,2,2,2,2,1,1,1,1,2,2,1,1,2,2,0,0,0
2008,37,57,1,370872,1,3,1,2,1,1,4,1,4,1,1,2,2,2,1,2,2,2,2,2,3,2,2,2,2,1,2,2,2,2,2,0,0,0
2008,37,61,1,370873,1,3,1,2,1,2,5,2,4,1,1,2,2,1,2,2,2,2,2,2,3,1,1,1,1,2,2,1,2,2,2,0,0,0
2008,37,63,1,370874,1,3,2,2,2,2,6,2,1,1,1,2,1,2,1,1,2,2,2,2,2,2,2,2,2,2,2,2,1,2,2,0,0,0
2008,37,67,2,370875,1,3,2,2,1,2,6,2,4,1,1,2,2,2,2,2,2,2,2,2,2,2,2,2,2,1,1,1,1,2,2,0,0,0
2008,37,71,1,370876,1,3,2,2,4,2,6,2,1,1,1,2,1,2,2,2,2,2,2,2,2,2,2,2,2,1,2,2,1,2,2,0,0,0
2008,37,71,2,370877,1,3,2,2,1,2,6,2,4,1,1,2,2,2,2,2,2,2,2,2,3,1,1,1,1,2,2,1,1,2,2,0,0,0
2008,37,81,1,370878,1,3,2,2,2,2,4,2,1,2,2,2,1,2,1,2,2,2,2,2,2,2,2,2,2,2,2,2,1,2,2,0,0,0
2008,37,81,1,370879,1,3,1,2,1,1,6,1,4,1,2,2,2,2,2,2,2,2,1,2,3,2,2,1,1,1,2,1,2,2,2,0,0,0
2008,37,81,3,370880,1,3,1,1,4,2,1,2,1,2,1,2,1,2,2,2,2,2,1,2,2,2,2,2,2,2,2,2,1,2,2,0,0,0
2008,37,81,1,370881,1,3,2,2,1,2,6,2,1,2,2,2,1,2,2,2,1,2,2,2,3,2,2,2,2,2,2,2,2,2,2,0,0,0
2008,37,83,1,370882,1,3,1,2,1,2,6,2,1,2,2,2,1,2,2,2,1,2,2,2,3,2,2,2,2,2,2,2,2,2,2,0,0,0
2008,37,99,2,370883,1,3,1,2,1,2,4,2,4,1,1,2,2,2,2,1,2,2,2,2,3,2,2,2,2,2,2,2,1,2,2,0,0,0
2008,37,119,1,370884,1,3,2,2,4,2,6,2,1,2,1,2,1,2,2,2,2,2,2,2,2,2,2,2,2,1,2,2,1,2,2,0,0,0
2008,37,135,1,370885,1,3,1,2,1,1,5,1,4,1,1,2,2,2,2,2,2,2,2,2,3,2,2,2,2,2,2,2,2,2,2,0,0,0
2008,37,147,1,370886,1,3,1,2,2,2,6,2,1,2,1,2,1,2,2,1,2,2,1,2,1,2,2,2,2,2,1,1,1,2,2,0,0,0
2008,37,151,1,370887,1,3,2,2,1,1,3,1,4,2,2,2,2,2,1,2,2,2,2,2,3,2,2,2,2,2,2,2,2,2,2,0,0,0
2008,37,159,1,370888,1,3,1,2,1,2,5,2,3,2,1,2,2,2,1,2,2,2,2,2,3,2,2,2,2,2,2,2,1,2,2,0,0,0
2008,37,167,1,370889,1,3,1,2,1,2,4,2,2,1,2,2,3,2,2,2,2,2,2,2,3,2,2,2,2,1,2,2,2,2,2,0,0,0
2008,37,169,1,370890,1,3,1,2,1,2,5,2,3,1,1,2,2,2,2,2,2,2,1,2,3,1,1,1,1,2,2,1,2,2,2,0,0,0
2008,37,171,1,370891,1,3,1,2,4,2,6,2,1,2,1,2,1,2,2,2,2,2,2,2,1,2,2,2,2,2,2,2,1,2,2,0,0,0
2008,37,183,1,370892,1,3,2,2,4,2,5,2,1,1,1,2,1,2,2,2,2,2,1,2,1,1,1,1,1,2,2,1,1,2,2,0,0,0
2008,37,29,1,370893,1,3,1,2,1,2,4,2,4,1,1,2,2,2,1,2,2,2,2,2,3,2,2,2,2,2,2,2,1,2,2,0,0,0
2008,37,71,1,370894,1,3,1,2,1,2,5,2,3,2,2,2,2,2,1,1,2,2,2,2,1,1,1,1,1,2,2,1,2,2,2,0,0,0
2008,37,51,1,370895,1,3,2,2,1,2,6,2,1,2,2,2,1,2,2,2,1,2,2,2,3,2,2,2,2,2,2,2,2,2,2,0,0,0
2008,37,175,1,370896,1,3,1,2,2,2,5,2,1,1,2,2,1,2,1,1,2,2,2,2,3,2,2,2,2,2,2,2,1,2,2,0,0,0
2008,37,17,1,370897,1,3,1,2,1,2,6,2,1,2,2,1,1,2,2,2,1,2,2,2,3,2,2,2,2,2,2,2,2,2,2,0,0,0
2008,37,51,1,370898,1,3,2,2,1,2,4,2,4,2,2,2,2,2,1,2,2,2,2,2,3,2,2,2,2,2,2,2,2,1,2,0,0,0
2008,37,51,1,370899,1,3,2,2,1,2,6,2,3,1,1,2,2,2,2,2,2,2,2,2,3,2,2,2,2,2,2,2,1,2,2,0,0,0
2008,37,79,1,370900,1,3,1,2,1,2,5,2,1,2,2,2,1,2,2,2,1,2,2,2,3,2,2,2,2,2,2,2,2,1,2,0,0,0
2008,37,87,1,370901,1,3,2,2,2,2,2,3,1,2,1,2,1,2,2,2,2,2,1,2,3,2,2,2,2,2,2,2,1,2,2,0,0,0
2008,37,129,1,370902,1,3,2,2,1,1,6,1,4,2,2,2,2,2,2,2,2,2,1,2,1,2,2,2,2,2,2,2,2,2,2,0,0,0
2008,37,101,1,370903,1,3,1,2,1,2,3,2,4,1,1,2,2,2,2,1,2,2,2,2,3,2,2,2,2,2,1,1,1,2,2,0,0,0
2008,37,101,1,370904,1,3,1,2,2,2,6,2,1,2,1,2,1,2,2,1,2,2,1,2,1,2,2,2,2,2,2,2,1,2,2,0,0,0
2008,37,101,2,370905,1,3,1,2,1,2,6,2,3,2,1,2,2,2,2,1,2,2,2,2,3,1,1,1,1,1,2,1,1,2,2,0,0,0
2008,37,117,1,370906,1,3,1,2,2,2,5,2,1,2,1,2,1,2,2,1,2,2,1,2,2,2,2,2,2,2,1,1,1,2,2,0,0,0
2008,37,137,1,370907,1,3,1,2,4,2,5,2,1,2,1,2,1,2,2,1,2,2,2,2,1,2,2,2,2,2,2,2,1,2,2,0,0,0
2008,37,147,1,370908,1,3,1,2,2,2,6,2,1,2,1,2,1,2,2,2,2,2,2,2,2,2,2,2,2,1,2,2,1,2,2,0,0,0
2008,37,163,1,370909,1,3,1,2,1,2,6,2,1,1,2,2,1,2,2,1,2,2,1,2,1,2,2,2,2,2,2,2,1,2,2,0,0,0
2008,37,179,1,370910,1,3,1,2,2,2,4,2,1,2,2,2,1,2,2,1,2,2,2,2,1,2,2,2,2,2,2,2,1,2,2,0,0,0
2008,37,17,1,370911,1,3,1,2,1,2,4,2,3,2,2,2,2,2,2,1,2,2,2,2,1,2,2,2,2,2,1,1,1,2,2,0,0,0
2008,37,21,1,370912,1,3,1,2,2,2,5,2,1,2,1,2,1,2,2,1,2,2,1,2,2,2,2,2,2,2,2,2,1,2,2,0,0,0
2008,37,35,1,370913,1,3,1,2,2,2,5,2,1,2,2,2,1,2,2,1,2,2,1,2,1,2,2,2,2,2,2,2,1,2,2,0,0,0
2008,37,35,1,370914,1,3,1,2,1,2,6,2,1,2,1,2,1,2,2,2,1,2,2,2,3,2,2,2,2,2,2,2,2,2,2,0,0,0
2008,37,47,1,370915,1,3,1,2,4,2,5,2,1,2,2,2,1,2,2,1,2,2,2,2,3,2,2,2,2,2,2,2,1,2,2,0,0,0
2008,37,79,1,370916,1,3,1,2,1,2,3,2,5,1,1,2,3,2,2,2,2,2,1,2,3,2,2,2,2,2,1,1,1,2,2,0,0,0
2008,37,85,1,370917,1,3,2,2,1,2,6,2,3,1,1,2,2,1,2,2,2,2,2,2,3,2,2,2,2,2,2,2,2,2,2,0,0,0
2008,37,107,1,370918,1,3,1,2,1,2,5,2,3,1,1,2,3,2,2,2,2,2,2,2,3,2,2,2,2,2,1,1,1,2,2,0,0,0
2008,37,107,1,370919,1,3,1,2,1,2,3,2,3,1,1,2,2,1,2,2,2,2,2,2,3,2,2,2,2,1,2,2,1,2,2,0,0,0
2008,37,109,2,370920,1,3,1,2,2,2,6,2,1,2,1,2,1,2,2,1,2,2,1,2,2,2,2,2,2,2,1,1,1,1,2,0,0,0
2008,37,129,1,370921,1,3,2,2,1,2,5,3,4,1,1,2,2,2,2,2,2,2,2,2,3,2,2,2,2,2,2,2,2,1,2,0,0,0
2008,37,133,1,370922,1,3,1,2,2,2,6,2,1,1,2,2,1,2,1,1,2,2,2,2,1,2,2,2,2,2,1,1,1,2,2,0,0,0
2008,37,153,1,370923,1,3,1,2,1,2,3,2,3,2,2,2,2,2,2,2,2,2,2,2,3,2,2,2,2,2,2,2,1,2,2,0,0,0
2008,37,27,1,370924,1,3,2,2,1,1,6,1,2,1,2,2,2,2,1,1,2,2,2,2,3,2,2,2,2,2,2,2,2,1,2,0,0,0
2008,37,67,1,370925,1,3,2,2,1,1,6,1,4,1,1,2,3,1,2,2,2,2,1,2,3,2,2,2,2,1,2,2,2,1,2,0,0,0
2008,37,119,1,370926,1,3,2,2,1,1,6,1,1,1,1,2,1,2,2,2,2,1,2,2,3,2,2,2,2,2,2,2,2,2,2,0,0,0
2008,37,101,1,370927,1,3,2,2,1,2,3,3,4,2,1,2,2,1,2,2,2,2,2,2,3,2,2,2,2,1,2,2,2,2,2,0,0,0
2008,37,183,1,370928,1,3,1,2,1,2,5,2,3,2,2,2,2,2,2,2,2,2,1,2,3,2,2,2,2,2,1,1,1,2,2,0,0,0
2008,37,23,1,370929,1,3,2,2,1,2,6,2,5,1,1,2,2,2,1,2,2,2,2,2,3,2,2,2,2,2,1,1,1,2,2,0,0,0
2008,37,183,1,370930,1,3,1,2,2,2,5,2,1,1,2,2,1,2,2,2,2,2,1,2,2,2,2,2,2,2,2,2,1,2,2,0,0,0
2008,37,119,1,370931,1,3,2,2,1,2,6,2,1,1,1,2,1,2,2,2,2,2,2,2,3,2,2,2,2,1,2,2,2,2,2,0,0,0
2008,37,133,1,370932,1,3,2,2,1,2,6,2,3,2,1,2,2,2,2,1,2,2,2,2,1,2,2,2,2,2,2,2,2,2,2,0,0,0
2008,37,157,1,370933,1,3,2,2,2,1,6,1,1,1,1,2,1,2,2,1,2,2,1,1,2,2,2,2,2,2,2,2,2,2,2,0,0,0
2008,37,195,1,370934,1,3,2,2,2,2,6,2,1,2,2,2,1,2,2,2,2,2,1,2,1,2,2,2,2,2,2,2,1,2,2,0,0,0
2008,37,71,1,370935,1,3,1,2,2,2,5,2,1,2,2,2,1,2,2,2,2,2,1,2,1,2,2,2,2,2,2,2,1,1,2,0,0,0
2008,37,101,1,370936,1,3,1,2,4,2,3,2,1,2,2,2,1,2,2,1,2,2,1,2,1,2,2,2,2,2,2,2,1,2,2,0,0,0
2008,37,105,1,370937,1,3,1,2,2,2,6,2,1,1,1,1,1,2,2,2,1,2,2,2,3,2,2,2,2,2,1,1,1,2,2,0,0,0
2008,37,115,1,370938,1,3,1,2,4,2,6,2,1,1,1,2,1,2,2,2,2,2,2,2,1,2,2,2,2,2,2,2,1,2,2,0,0,0
2008,37,183,1,370939,1,3,2,2,2,1,6,1,1,2,1,2,1,2,2,1,2,2,1,2,3,2,2,1,1,2,2,1,2,2,2,0,0,0
2008,37,191,1,370940,1,3,2,2,1,1,6,1,4,1,1,2,2,2,2,2,2,2,2,2,3,2,2,2,2,2,2,2,2,1,2,0,0,0
2008,37,19,1,370941,1,3,2,2,1,2,6,2,1,2,1,2,1,2,2,2,1,2,2,2,3,2,2,2,2,2,1,1,2,2,2,0,0,0
2008,37,19,1,370942,1,3,1,2,1,2,5,2,3,2,2,2,2,2,2,2,2,2,2,2,3,2,2,2,2,2,1,1,1,2,2,0,0,0
2008,37,19,1,370943,1,3,1,2,4,2,6,2,1,1,2,2,1,2,2,1,2,2,1,2,1,2,2,2,2,2,2,2,1,2,2,0,0,0
2008,37,19,1,370944,1,3,1,2,1,2,6,2,3,1,2,2,2,2,2,1,2,2,2,2,3,2,2,2,2,2,2,2,1,2,2,0,0,0
2008,37,19,1,370945,1,3,1,2,1,2,5,2,1,2,1,2,1,2,2,2,1,2,2,2,3,2,2,2,2,2,2,2,2,2,2,0,0,0
2008,37,49,1,370946,1,3,1,2,1,2,3,2,1,1,1,2,1,2,2,2,1,2,2,2,3,2,2,2,2,2,2,2,2,2,2,0,0,0
2008,37,53,1,370947,1,3,1,2,1,2,3,2,1,2,1,2,1,2,2,2,2,1,2,2,3,2,2,2,2,2,2,2,2,2,2,0,0,0
2008,37,57,2,370948,1,3,1,1,4,2,1,2,1,1,2,2,2,2,2,2,2,2,2,2,3,1,1,1,1,2,2,1,1,2,2,0,0,0
2008,37,57,1,370949,1,3,1,1,2,2,1,2,1,2,2,2,1,2,2,1,2,2,1,2,1,2,2,2,2,2,1,1,1,2,2,0,0,0
2008,37,65,1,370950,1,3,1,2,4,2,6,2,1,1,1,2,1,2,2,2,2,2,2,2,3,2,2,2,2,2,1,1,1,2,2,0,0,0
2008,37,67,1,370951,1,3,1,2,2,2,6,2,1,1,1,2,1,2,2,1,2,2,1,2,2,2,2,2,2,2,2,2,1,2,2,0,0,0
2008,37,85,1,370952,1,3,1,2,1,2,4,2,3,2,2,2,2,2,2,1,2,2,1,2,1,2,2,2,2,2,2,2,1,2,2,0,0,0
2008,37,85,1,370953,1,3,1,2,4,2,5,2,1,1,1,2,1,2,2,2,2,2,1,2,2,2,2,2,2,1,2,2,1,2,2,0,0,0
2008,37,85,5,370954,1,3,1,2,1,1,5,1,4,2,2,2,3,1,2,2,2,2,2,2,3,2,2,1,1,2,1,1,2,1,2,0,0,0
2008,37,87,1,370955,1,3,1,2,1,2,4,2,4,2,2,2,2,2,1,1,2,2,2,2,1,2,2,2,2,2,2,2,2,2,2,0,0,0
2008,37,91,1,370956,1,3,1,2,1,2,3,2,1,2,2,2,1,2,2,2,1,2,2,2,3,2,2,2,2,2,2,2,2,2,2,0,0,0
2008,37,95,1,370957,1,3,1,2,1,2,4,2,3,1,1,2,2,1,2,2,2,2,2,2,3,2,2,2,2,2,2,2,1,2,2,0,0,0
2008,37,97,1,370958,1,3,1,2,4,2,6,2,1,1,1,2,1,2,2,1,2,2,1,2,2,2,2,1,1,2,2,1,1,2,2,0,0,0
2008,37,97,1,370959,1,3,1,2,1,1,5,1,1,2,1,2,1,2,2,2,2,1,2,2,3,2,2,2,2,2,2,2,2,2,2,0,0,0
2008,37,99,4,370960,1,3,1,2,1,2,4,2,3,2,1,2,2,2,2,2,2,2,2,2,3,2,2,2,2,2,2,2,1,2,2,0,0,0
2008,37,101,2,370961,1,3,1,1,2,2,1,2,1,1,1,2,1,2,2,2,2,2,1,2,2,2,2,2,2,1,2,2,1,2,2,0,0,0
2008,37,107,1,370962,1,3,1,2,1,2,5,2,3,1,1,2,2,2,2,2,2,2,2,2,3,2,2,2,2,2,1,1,1,2,2,0,0,0
2008,37,115,1,370963,1,3,1,2,2,2,6,2,1,2,1,2,1,2,2,2,2,2,1,2,2,2,2,2,2,2,2,2,1,2,2,0,0,0
2008,37,117,1,370964,1,3,1,2,4,2,5,2,1,1,1,2,1,2,2,1,2,2,1,2,2,2,2,2,2,2,1,1,1,2,2,0,0,0
2008,37,125,1,370965,1,3,1,2,1,2,5,2,1,2,2,2,1,2,2,2,1,2,2,2,3,2,2,1,1,2,2,1,2,2,2,0,0,0
2008,37,125,1,370966,1,3,1,2,4,2,4,2,1,2,2,2,1,2,2,2,2,2,1,2,1,2,2,2,2,2,2,2,1,2,2,0,0,0
2008,37,129,1,370967,1,3,2,2,2,2,3,2,1,2,2,2,1,2,2,1,2,2,1,2,1,2,2,2,2,2,2,2,1,2,2,0,0,0
2008,37,133,1,370968,1,3,2,2,1,2,3,2,1,2,2,2,1,2,2,2,1,2,2,2,3,2,2,2,2,2,2,2,2,2,2,0,0,0
2008,37,149,1,370969,1,3,1,2,2,2,6,2,1,1,1,2,1,2,2,2,2,2,1,2,2,1,1,1,1,2,2,1,1,2,2,0,0,0
2008,37,151,1,370970,1,3,1,2,4,2,6,2,1,2,2,2,1,2,2,1,2,2,1,2,2,1,1,1,1,2,2,1,1,2,2,0,0,0
2008,37,155,1,370971,1,3,1,2,1,2,3,2,1,2,2,2,1,2,1,2,1,2,2,2,3,2,2,2,2,2,2,2,2,2,2,0,0,0
2008,37,155,1,370972,1,3,1,2,1,2,6,2,2,2,1,2,2,1,2,2,2,2,2,2,3,2,2,2,2,1,2,2,2,2,2,0,0,0
2008,37,155,1,370973,1,3,1,2,1,1,5,1,4,1,1,2,2,1,1,2,2,2,1,2,3,2,2,2,2,1,2,2,2,2,2,0,0,0
2008,37,179,1,370974,1,3,1,2,4,2,5,2,1,1,1,2,1,2,2,2,2,2,2,2,2,1,1,1,1,2,2,1,1,2,2,0,0,0
2008,37,183,1,370975,1,3,1,2,4,2,6,2,1,2,2,2,1,2,2,1,2,2,1,2,1,1,1,1,1,2,2,1,1,2,2,0,0,0
2008,37,191,2,370976,1,3,1,2,4,2,6,2,1,2,1,2,1,2,2,1,2,2,1,2,1,2,2,2,2,2,1,1,1,2,2,0,0,0
2008,37,195,1,370977,1,3,2,2,1,2,6,3,4,1,1,2,2,2,2,2,2,2,2,2,3,2,2,2,2,1,2,2,2,1,2,0,0,0
2008,37,195,1,370978,1,3,1,2,1,1,3,1,4,1,1,2,2,1,2,1,2,2,2,2,3,2,2,2,2,2,1,1,2,2,2,0,0,0
2008,37,21,2,370979,1,3,2,2,3,2,3,2,1,1,2,2,1,2,2,1,2,2,1,2,2,2,2,2,2,2,2,2,1,2,2,0,0,0
2008,37,21,1,370980,1,3,1,2,2,2,6,2,1,2,1,2,1,2,2,1,2,2,1,2,1,2,2,2,2,2,2,2,1,2,2,0,0,0
2008,37,133,1,370981,1,3,2,2,4,2,6,2,3,2,2,2,1,2,2,1,2,2,1,2,3,2,2,1,1,2,2,1,2,2,2,0,0,0
2008,37,25,1,370982,1,3,2,2,1,2,6,2,1,2,2,2,1,2,2,2,2,2,2,2,3,2,2,1,1,2,2,1,2,2,2,0,0,0
2008,37,183,1,370983,1,3,2,2,1,2,6,2,1,2,2,2,1,2,2,2,1,2,2,2,3,2,2,2,2,2,2,2,2,2,2,0,0,0
2008,37,23,1,370984,1,3,2,2,1,2,3,2,3,1,1,2,2,2,2,2,2,2,2,2,3,2,2,2,2,1,2,2,2,2,2,0,0,0
2008,37,25,1,370985,1,3,2,2,1,1,3,1,4,1,1,2,2,1,2,2,2,2,2,2,3,2,2,2,2,2,2,2,2,1,2,0,0,0
2008,37,109,1,370986,1,3,1,2,1,1,5,1,4,1,2,2,2,2,2,2,2,2,2,2,3,2,2,2,2,2,2,2,2,1,2,0,0,0
2008,37,119,1,370987,1,3,2,2,1,2,4,3,1,2,2,2,1,2,2,2,1,2,2,2,3,2,2,2,2,2,2,2,2,2,2,0,0,0
2008,37,119,1,370988,1,3,2,2,1,2,6,2,1,2,1,2,1,2,2,2,1,2,2,2,3,2,2,2,2,2,1,1,2,2,2,0,0,0
2008,37,119,1,370989,1,3,2,2,1,2,6,2,1,2,1,1,1,2,2,2,1,2,2,2,3,2,2,2,2,2,2,2,2,2,2,0,0,0
2008,37,83,1,370990,1,3,1,2,1,2,3,2,4,1,1,1,2,1,1,2,2,2,2,2,1,2,2,2,2,1,2,2,1,1,2,0,0,0
2008,37,27,1,370991,1,3,1,2,4,2,6,2,1,1,1,2,1,2,2,2,2,2,2,2,3,2,2,2,2,2,2,2,1,2,2,0,0,0
2008,37,77,1,370992,1,3,1,2,2,2,5,2,1,2,2,2,1,2,2,1,2,2,2,2,1,2,2,2,2,2,2,2,1,2,2,0,0,0
2008,37,127,1,370993,1,3,2,2,1,2,6,2,1,2,1,2,1,2,2,2,2,1,2,2,3,2,2,2,2,2,2,2,2,2,2,0,0,0
2008,37,197,1,370994,1,3,1,2,2,2,3,2,2,1,1,2,1,1,2,1,2,2,2,2,3,2,2,2,2,2,2,2,1,1,2,0,0,0
2008,37,1,1,370995,1,3,1,2,1,2,5,2,1,2,1,2,1,2,2,2,2,2,2,2,3,2,2,2,2,2,2,2,2,2,2,0,0,0
2008,37,1,1,370996,1,3,1,2,2,2,6,2,1,2,1,2,1,2,1,1,2,2,2,2,1,2,2,2,2,2,2,2,2,2,2,0,0,0
2008,37,1,1,370997,1,3,1,2,1,2,4,2,5,1,1,2,3,2,1,2,2,2,2,2,1,2,2,2,2,2,2,2,1,2,2,0,0,0
2008,37,3,1,370998,1,3,1,2,2,2,4,2,1,2,2,2,1,2,2,1,2,2,1,2,2,2,2,2,2,2,2,2,1,2,2,0,0,0
2008,37,25,1,370999,1,3,2,2,1,2,6,2,3,1,1,2,2,1,2,1,2,2,2,2,3,2,2,2,2,2,2,2,1,2,2,0,0,0
2008,37,35,1,371000,1,3,1,2,2,2,6,2,1,2,1,2,1,2,2,1,2,2,2,2,3,2,2,2,2,2,1,1,1,2,2,0,0,0
2008,37,37,1,371001,1,3,1,2,1,2,6,2,3,2,1,2,2,2,2,2,2,2,2,2,3,2,2,2,2,2,2,2,1,2,2,0,0,0
2008,37,45,1,371002,1,3,2,2,1,1,3,1,4,1,1,2,2,2,2,2,2,2,2,2,3,1,1,1,1,2,2,1,2,2,2,0,0,0
2008,37,47,1,371003,1,3,1,2,2,2,5,2,1,1,2,2,1,2,2,1,2,2,1,2,1,2,2,2,2,2,2,2,1,2,2,0,0,0
2008,37,51,1,371004,1,3,1,2,1,2,4,2,3,2,1,2,2,2,2,2,2,2,2,2,3,2,2,1,1,1,2,1,1,1,2,0,0,0
2008,37,51,1,371005,1,3,1,1,1,2,1,2,1,2,2,2,1,2,2,1,2,2,1,2,1,2,2,2,2,2,2,2,1,2,2,0,0,0
2008,37,57,1,371006,1,3,1,2,4,2,4,2,1,1,1,2,1,2,2,2,2,2,2,2,2,2,2,2,2,2,2,2,1,2,2,0,0,0
2008,37,63,1,371007,1,3,2,2,1,1,4,1,1,2,1,2,1,2,2,2,1,2,2,2,3,2,2,2,2,2,2,2,2,2,2,0,0,0
2008,37,63,1,371008,1,3,1,1,1,2,1,2,1,1,1,2,1,2,2,2,1,2,2,2,3,2,2,2,2,2,2,2,2,2,2,0,0,0
2008,37,63,1,371009,1,3,2,2,4,1,6,1,1,2,1,2,1,2,2,1,2,2,1,2,2,2,2,2,2,2,2,2,2,2,2,0,0,0
2008,37,67,1,371010,1,3,1,2,1,2,6,2,5,1,1,2,2,2,2,1,2,2,1,2,3,2,2,2,2,2,2,2,2,2,2,0,0,0
2008,37,69,1,371011,1,3,1,2,1,2,4,2,4,1,1,2,2,1,2,2,2,2,2,2,3,2,2,2,2,1,1,1,1,2,2,0,0,0
2008,37,81,1,371012,1,3,2,2,1,1,5,1,4,2,2,2,2,1,2,2,2,2,2,2,1,2,2,2,2,2,2,2,2,2,2,0,0,0
2008,37,81,1,371013,1,3,2,1,3,2,1,2,1,2,2,2,1,2,1,2,2,2,2,2,1,2,2,2,2,2,2,2,1,2,2,0,0,0
2008,37,81,1,371014,1,3,2,2,2,2,6,2,1,2,1,2,1,2,2,1,2,2,2,2,1,2,2,2,2,2,2,2,1,2,2,0,0,0
2008,37,89,3,371015,1,3,1,2,1,2,4,2,3,2,1,2,2,2,2,2,2,2,2,2,1,2,2,2,2,2,2,2,1,2,2,0,0,0
2008,37,93,1,371016,1,3,1,2,1,2,5,2,3,2,1,2,2,1,2,2,2,2,2,2,1,2,2,2,2,2,2,2,1,2,2,0,0,0
2008,37,97,1,371017,1,3,2,2,1,1,6,1,4,2,1,2,2,1,2,2,2,2,2,2,3,2,2,2,2,2,2,2,2,2,2,0,0,0
2008,37,97,1,371018,1,3,1,2,1,2,6,2,4,1,2,2,2,2,1,2,2,2,2,2,3,2,2,2,2,2,2,2,1,2,2,0,0,0
2008,37,99,2,371019,1,3,1,2,1,2,5,2,3,1,1,2,3,2,2,2,2,2,2,2,3,2,2,2,2,2,2,2,1,2,2,0,0,0
2008,37,105,1,371020,1,3,1,2,1,2,4,2,5,1,1,2,2,2,2,2,2,2,2,2,3,1,1,1,1,2,1,1,1,2,2,0,0,0
2008,37,105,2,371021,1,3,1,2,1,2,5,2,3,2,1,2,2,2,2,2,2,2,2,2,1,2,2,2,2,2,2,2,1,2,2,0,0,0
2008,37,105,1,371022,1,3,1,2,1,2,3,2,1,2,1,2,1,2,2,2,2,2,1,2,3,1,1,1,1,2,2,1,1,2,2,0,0,0
2008,37,119,1,371023,1,3,2,2,1,2,3,3,1,1,2,1,3,2,2,2,1,2,2,2,3,2,2,2,2,2,2,2,2,2,2,0,0,0
2008,37,119,1,371024,1,3,2,2,1,2,6,2,4,1,1,2,2,1,2,2,2,2,2,2,3,2,2,2,2,1,2,2,2,2,2,0,0,0
2008,37,119,1,371025,1,3,2,1,1,2,1,2,4,2,2,2,2,1,1,2,2,2,2,2,3,2,2,2,2,2,2,2,2,2,2,0,0,0
2008,37,127,1,371026,1,3,1,2,4,2,3,2,1,2,1,2,1,1,2,2,2,2,2,2,2,2,2,2,2,2,2,2,1,2,2,0,0,0
2008,37,135,1,371027,1,3,1,2,2,2,5,2,1,2,1,2,1,2,2,1,2,2,2,2,2,2,2,2,2,2,2,2,1,2,2,0,0,0
2008,37,147,1,371028,1,3,1,2,1,1,5,1,4,1,1,2,2,2,2,2,2,2,2,2,3,2,2,2,2,1,2,2,2,2,2,0,0,0
2008,37,149,1,371029,1,3,1,2,4,2,5,2,1,1,1,2,1,2,2,2,2,2,1,2,2,2,2,2,2,2,2,2,1,2,2,0,0,0
2008,37,153,1,371030,1,3,1,2,1,2,3,2,5,1,1,2,3,2,2,2,2,2,2,2,3,1,1,1,1,2,2,1,1,2,2,0,0,0
2008,37,159,1,371031,1,3,2,2,1,2,3,2,1,2,1,2,1,2,2,2,2,1,2,2,3,2,2,1,1,2,2,1,2,2,2,0,0,0
2008,37,159,1,371032,1,3,1,2,1,2,6,2,1,2,2,2,1,2,2,1,2,2,1,2,3,1,1,1,1,2,2,1,1,2,2,0,0,0
2008,37,161,1,371033,1,3,1,2,4,2,5,2,1,1,1,2,1,2,2,1,2,2,2,2,3,1,1,1,1,2,2,1,1,2,2,0,0,0
2008,37,167,1,371034,1,3,1,2,2,2,3,2,1,1,2,2,1,2,2,2,2,2,1,2,2,2,2,2,2,2,2,2,1,2,2,0,0,0
2008,37,167,1,371035,1,3,1,2,1,2,6,2,1,2,1,2,1,2,2,2,1,2,2,2,3,2,2,2,2,2,1,1,2,2,2,0,0,0
2008,37,169,1,371036,1,3,1,2,2,2,5,2,1,2,2,2,1,2,2,2,2,2,2,2,2,2,2,2,2,2,1,1,1,2,2,0,0,0
2008,37,171,1,371037,1,3,1,1,2,2,1,2,1,1,1,2,1,2,2,1,2,2,2,2,2,2,2,2,2,2,1,1,1,2,2,0,0,0
2008,37,179,1,371038,1,3,1,2,2,2,5,2,1,1,1,2,1,2,2,1,2,2,1,2,3,2,2,2,2,2,1,1,1,2,2,0,0,0
2008,37,183,1,371039,1,3,1,2,1,2,6,2,1,2,1,1,1,2,2,2,2,1,2,2,3,2,2,2,2,1,2,2,2,1,2,0,0,0
2008,37,183,1,371040,1,3,1,2,2,2,3,2,1,1,1,2,1,2,2,2,2,2,1,2,2,2,2,2,2,2,2,2,1,2,2,0,0,0
2008,37,183,1,371041,1,3,2,2,1,1,6,1,1,2,2,2,1,2,2,2,1,2,2,2,3,2,2,2,2,2,2,2,2,2,2,0,0,0
2008,37,183,1,371042,1,3,2,2,1,2,2,2,1,1,1,2,2,2,2,2,1,2,2,2,3,2,2,2,2,2,2,2,2,2,2,0,0,0
2008,37,183,1,371043,1,3,1,2,1,2,6,2,1,2,2,1,1,2,2,2,1,2,2,2,3,2,2,2,2,2,2,2,2,2,2,0,0,0
2008,37,183,2,371044,1,3,2,2,1,2,2,2,3,2,2,2,2,2,2,2,2,2,2,2,3,2,2,2,2,2,2,2,2,2,2,0,0,0
2008,37,195,1,371045,1,3,1,2,1,2,5,3,4,1,1,2,2,2,1,1,2,2,2,2,1,1,1,1,1,2,2,1,2,2,2,0,0,0
2008,37,197,1,371046,1,3,1,2,1,2,5,2,1,2,1,2,2,2,2,2,2,2,2,2,3,1,1,1,1,2,2,1,2,2,2,0,0,0
2008,37,1,1,371047,1,3,2,2,1,2,3,2,4,2,2,2,2,2,2,2,2,2,2,2,3,2,2,2,2,2,2,2,2,1,2,0,0,0
2008,37,7,1,371048,1,3,2,2,3,2,3,2,1,2,2,2,3,2,2,1,2,2,1,2,3,2,2,2,2,2,2,2,1,2,2,0,0,0
2008,37,17,1,371049,1,3,1,2,2,2,6,2,1,2,2,2,1,2,2,1,2,2,1,2,1,2,2,2,2,2,2,2,1,2,2,0,0,0
2008,37,35,1,371050,1,3,1,2,2,2,5,2,1,1,1,2,1,2,2,2,2,2,1,2,2,2,2,2,2,2,2,2,1,1,2,0,0,0
2008,37,37,1,371051,1,3,2,2,1,1,6,1,1,2,2,2,1,2,2,2,1,2,2,2,3,2,2,2,2,2,2,2,2,2,2,0,0,0
2008,37,47,1,371052,1,3,1,2,2,2,4,2,1,1,2,2,1,2,2,1,2,2,1,2,1,2,2,2,2,2,2,2,1,2,2,0,0,0
2008,37,51,1,371053,1,3,2,2,1,2,6,2,1,2,2,2,1,2,2,2,1,2,2,2,3,2,2,2,2,2,2,2,2,2,2,0,0,0
2008,37,51,1,371054,1,3,1,2,4,2,5,2,1,1,1,2,1,2,2,1,2,2,2,2,2,2,2,1,1,2,2,1,1,2,2,0,0,0
2008,37,57,1,371055,1,3,1,2,1,2,5,2,1,1,1,2,1,2,2,2,1,2,2,2,3,2,2,2,2,1,2,2,2,2,2,0,0,0
2008,37,57,1,371056,1,3,1,2,4,2,5,2,1,2,1,2,1,2,2,1,2,2,2,2,1,2,2,2,2,2,2,2,1,2,2,0,0,0
2008,37,61,1,371057,1,3,2,2,3,1,5,1,1,1,1,2,1,2,2,2,2,2,2,2,3,2,2,2,2,1,2,2,2,2,2,0,0,0
2008,37,67,1,371058,1,3,2,2,2,2,6,2,1,1,2,2,1,2,2,1,2,2,2,2,1,2,2,2,2,2,1,1,1,2,2,0,0,0
2008,37,91,1,371059,1,3,1,2,1,2,6,2,1,2,2,2,1,2,2,2,2,2,2,2,2,2,2,2,2,1,2,2,2,2,2,0,0,0
2008,37,101,1,371060,1,3,1,2,1,2,4,2,3,2,2,2,2,2,2,1,2,2,1,2,3,1,1,1,1,2,2,1,1,2,2,0,0,0
2008,37,101,1,371061,1,3,1,2,2,2,5,2,1,1,1,2,1,2,2,2,2,2,1,2,1,2,2,2,2,2,2,2,1,2,2,0,0,0
2008,37,105,1,371062,1,3,2,2,1,1,5,1,1,2,2,2,1,2,2,2,1,2,2,2,3,2,2,2,2,1,2,2,2,2,2,0,0,0
2008,37,107,1,371063,1,3,1,2,2,2,5,2,1,1,1,2,1,1,2,2,2,1,2,2,3,2,2,2,2,2,2,2,2,2,2,0,0,0
2008,37,109,1,371064,1,3,1,2,2,2,5,2,1,1,1,2,1,2,2,2,2,2,2,2,2,2,2,2,2,1,2,2,1,2,2,0,0,0
2008,37,115,1,371065,1,3,1,2,2,2,3,2,1,2,1,2,1,2,2,2,2,2,1,2,1,2,2,2,2,2,2,2,1,2,2,0,0,0
2008,37,119,1,371066,1,3,2,1,1,2,1,2,2,2,1,2,2,1,2,1,2,2,2,2,3,2,2,2,2,2,2,2,2,1,2,0,0,0
2008,37,119,1,371067,1,3,2,2,3,2,5,2,1,2,2,2,1,2,2,1,2,2,2,2,2,2,2,2,2,2,2,2,1,2,2,0,0,0
2008,37,127,1,371068,1,3,1,2,1,2,3,3,3,1,1,2,2,2,2,2,2,2,2,2,3,2,2,2,2,1,2,2,2,2,2,0,0,0
2008,37,129,1,371069,1,3,1,2,1,2,3,2,1,2,2,2,1,2,2,2,1,2,2,2,3,2,2,2,2,2,2,2,2,2,2,0,0,0
2008,37,133,1,371070,1,3,2,2,1,2,4,2,1,2,2,2,2,2,2,2,2,1,2,2,3,2,2,2,2,2,1,1,2,2,2,0,0,0
2008,37,135,1,371071,1,3,1,2,1,2,5,2,5,2,2,1,2,2,2,2,2,2,2,2,3,1,1,1,1,2,2,1,1,2,2,0,0,0
2008,37,141,1,371072,1,3,1,2,1,2,5,3,4,2,1,2,2,2,2,2,2,2,2,2,3,2,2,2,2,1,2,2,2,2,2,0,0,0
2008,37,147,1,371073,1,3,1,2,1,2,3,2,1,1,2,2,1,2,2,2,1,2,2,2,3,2,2,2,2,1,2,2,2,2,2,0,0,0
2008,37,147,1,371074,1,3,1,2,1,2,3,2,1,2,2,2,1,2,2,2,1,2,2,2,3,1,1,1,1,2,2,1,2,2,2,0,0,0
2008,37,151,1,371075,1,3,1,2,4,2,3,2,1,1,1,2,1,2,2,2,2,2,2,2,1,2,2,2,2,2,2,2,1,2,2,0,0,0
2008,37,153,1,371076,1,3,1,2,1,2,5,2,1,1,1,2,1,2,2,2,2,1,2,2,3,2,2,1,1,2,2,1,2,2,2,0,0,0
2008,37,179,1,371077,1,3,1,2,4,2,5,2,1,2,2,2,1,2,2,1,2,2,2,2,1,2,2,2,2,2,2,2,1,2,2,0,0,0
2008,37,179,1,371078,1,3,1,2,1,2,3,2,3,2,2,2,2,2,2,2,2,2,2,2,3,2,2,2,2,2,2,2,1,2,2,0,0,0
2008,37,179,1,371079,1,3,2,2,1,1,6,1,4,1,2,2,2,2,2,2,2,2,2,2,3,2,2,2,2,1,2,2,2,1,2,0,0,0
2008,37,193,1,371080,1,3,1,2,2,2,6,2,1,2,1,2,1,2,2,2,2,2,1,2,1,2,2,2,2,2,2,2,1,2,2,0,0,0
2008,37,193,1,371081,1,3,1,2,2,2,5,2,1,2,2,2,1,2,2,2,2,2,2,2,1,2,2,2,2,2,2,2,1,2,2,0,0,0
2008,37,193,1,371082,1,3,1,2,2,2,6,2,1,2,2,2,1,2,2,2,2,2,2,2,1,2,2,2,2,2,2,2,1,1,2,0,0,0
2008,37,25,1,371083,1,3,2,2,4,2,6,2,1,2,1,2,1,2,2,1,2,2,2,2,1,2,2,2,2,2,2,2,1,2,2,0,0,0
2008,37,47,1,371084,1,3,1,2,2,2,5,2,1,1,1,2,1,1,2,2,2,2,1,2,2,2,2,2,2,2,2,2,1,1,2,0,0,0
2008,37,47,2,371085,1,3,1,2,1,1,5,1,4,2,1,2,2,2,2,1,2,2,2,2,3,2,2,2,2,1,2,2,2,2,2,0,0,0
2008,37,69,1,371086,1,3,1,2,1,2,6,2,4,2,2,2,2,2,2,2,2,2,2,2,1,2,2,2,2,2,2,2,1,2,2,0,0,0
2008,37,105,1,371087,1,3,1,2,2,2,6,2,1,2,2,2,1,2,2,1,2,2,1,2,1,2,2,2,2,2,2,2,1,2,2,0,0,0
2008,37,133,1,371088,1,3,2,2,1,2,3,2,1,2,1,1,1,2,2,2,1,2,2,2,3,2,2,2,2,2,2,2,2,2,2,0,0,0
2008,37,155,2,371089,1,3,1,2,2,2,6,2,1,2,2,2,1,2,2,2,2,2,1,2,3,1,1,1,1,2,2,1,1,2,2,0,0,0
2008,37,155,1,371090,1,3,1,2,2,2,6,2,1,1,2,2,1,2,2,1,2,2,1,2,1,2,2,2,2,2,2,2,1,2,2,0,0,0
2008,37,159,1,371091,1,3,1,2,2,2,5,2,1,1,1,2,1,2,2,2,2,2,1,2,1,2,2,2,2,1,2,2,1,2,2,0,0,0
2008,37,191,1,371092,1,3,1,2,2,2,6,2,1,1,2,2,1,2,2,1,2,2,1,2,1,2,2,2,2,2,2,2,1,2,2,0,0,0
2008,37,89,1,371093,1,3,1,1,1,2,1,2,1,2,1,2,1,2,2,2,1,2,2,2,3,2,2,2,2,2,2,2,2,2,2,0,0,0
2008,37,49,2,371094,1,3,1,2,1,2,3,2,2,1,1,2,3,1,2,2,1,2,2,2,3,2,2,2,2,1,2,2,2,2,2,0,0,0
2008,37,81,1,371095,1,3,2,2,2,2,6,2,1,1,1,2,2,2,2,1,2,2,2,2,3,2,2,2,2,2,2,2,1,2,2,0,0,0
2008,37,101,1,371096,1,3,1,2,1,1,5,1,4,2,2,2,2,2,2,2,2,2,2,2,3,2,2,2,2,2,2,2,2,2,2,0,0,0
2008,37,101,1,371097,1,3,1,2,1,2,6,2,1,2,2,2,1,2,2,1,2,2,1,2,3,1,1,1,1,2,2,1,1,2,2,0,0,0
2008,37,183,1,371098,1,3,1,2,1,2,4,2,1,2,1,2,2,2,2,2,1,2,2,2,3,2,2,2,2,2,2,2,2,2,2,0,0,0
2008,37,3,1,371099,1,3,1,2,1,2,5,2,3,1,1,2,2,2,2,2,2,2,2,2,3,2,2,2,2,1,2,2,1,2,2,0,0,0
2008,37,17,1,371100,1,3,1,2,1,1,4,1,4,2,1,2,2,2,2,2,2,2,2,2,3,1,1,1,1,1,2,1,2,2,2,0,0,0
2008,37,21,1,371101,1,3,1,2,1,2,4,3,4,1,2,2,2,2,2,2,2,2,2,2,3,2,2,2,2,1,2,2,2,2,2,0,0,0
2008,37,37,1,371102,1,3,1,2,1,1,6,1,4,1,1,2,2,2,2,2,2,2,1,2,3,2,2,2,2,1,2,2,2,2,2,0,0,0
2008,37,45,1,371103,1,3,1,2,1,2,5,2,2,1,1,2,2,2,2,2,2,2,2,2,3,2,2,2,2,1,2,2,1,2,2,0,0,0
2008,37,47,2,371104,1,3,1,2,2,2,5,2,3,1,2,2,2,2,2,1,2,2,2,2,3,2,2,2,2,2,1,1,1,2,2,0,0,0
2008,37,47,1,371105,1,3,1,2,4,2,6,2,1,2,2,2,1,2,2,2,2,2,1,2,1,2,2,2,2,2,1,1,1,2,2,0,0,0
2008,37,47,1,371106,1,3,1,2,4,2,5,2,1,1,1,2,1,2,1,1,2,2,2,2,1,2,2,2,2,2,2,2,1,2,2,0,0,0
2008,37,47,1,371107,1,3,1,2,4,2,5,2,1,1,2,2,1,2,2,2,2,2,1,2,1,2,2,2,2,2,2,2,1,2,2,0,0,0
2008,37,51,1,371108,1,3,1,1,2,2,1,2,1,2,2,2,1,2,2,2,2,2,2,2,1,2,2,2,2,2,2,2,1,2,2,0,0,0
2008,37,53,1,371109,1,3,1,2,1,2,4,2,1,2,2,2,1,2,2,2,1,2,2,2,3,2,2,2,2,1,2,2,2,2,2,0,0,0
2008,37,57,1,371110,1,3,2,2,1,2,4,2,1,2,2,2,1,2,2,2,1,2,2,2,3,2,2,2,2,2,2,2,2,2,2,0,0,0
2008,37,63,1,371111,1,3,2,2,2,2,3,2,1,2,2,2,1,2,2,1,2,2,1,2,1,2,2,2,2,2,2,2,1,2,2,0,0,0
2008,37,67,1,371112,1,3,1,2,1,2,5,2,3,1,1,2,2,1,2,1,2,2,2,2,1,2,2,2,2,2,2,2,1,2,2,0,0,0
2008,37,67,1,371113,1,3,2,2,2,2,6,2,1,2,1,2,1,2,2,2,2,2,1,2,2,2,2,2,2,2,2,2,1,2,2,0,0,0
2008,37,71,1,371114,1,3,1,1,1,2,1,2,4,1,1,2,2,1,2,1,2,2,2,2,3,2,2,2,2,2,2,2,2,2,2,0,0,0
2008,37,81,1,371115,1,3,1,2,1,1,5,1,3,1,2,2,2,2,2,2,2,2,2,2,3,2,2,2,2,1,2,2,2,1,2,0,0,0
2008,37,83,1,371116,1,3,2,2,1,2,4,2,1,2,2,2,1,2,2,2,1,2,2,2,3,2,2,2,2,2,2,2,2,2,2,0,0,0
2008,37,85,3,371117,1,3,1,2,1,2,5,2,4,1,1,2,3,2,2,1,2,2,2,2,3,1,1,1,1,2,2,1,1,2,2,0,0,0
2008,37,99,1,371118,1,3,1,2,1,1,4,1,4,2,1,2,2,2,2,2,2,2,1,2,3,2,2,2,2,2,1,1,2,2,2,0,0,0
2008,37,109,1,371119,1,3,1,2,4,2,5,2,1,2,2,2,1,2,2,2,2,2,2,2,1,2,2,2,2,2,2,2,1,2,2,0,0,0
2008,37,125,1,371120,1,3,1,2,3,2,3,2,1,2,1,2,1,2,2,2,2,2,1,2,2,2,2,2,2,2,2,2,1,2,2,0,0,0
2008,37,127,1,371121,1,3,1,2,1,2,5,3,4,1,2,2,2,2,2,2,2,2,2,2,3,2,2,2,2,2,2,2,2,1,2,0,0,0
2008,37,129,1,371122,1,3,2,2,1,2,3,2,4,1,1,2,3,1,2,2,2,2,1,2,3,2,2,2,2,2,2,2,2,2,2,0,0,0
2008,37,135,1,371123,1,3,1,2,1,2,6,2,1,1,1,2,1,1,2,2,1,2,2,2,3,2,2,2,2,2,2,2,2,2,2,0,0,0
2008,37,141,1,371124,1,3,1,2,4,2,3,2,1,1,2,2,1,2,2,2,2,2,1,2,3,2,2,2,2,2,2,2,1,2,2,0,0,0
2008,37,151,1,371125,1,3,1,2,2,2,5,2,1,1,2,2,1,2,2,2,2,2,2,2,2,2,2,2,2,1,2,2,1,2,2,0,0,0
2008,37,155,1,371126,1,3,1,2,1,2,3,2,1,2,1,2,1,1,2,2,1,2,2,2,3,2,2,2,2,2,2,2,2,2,2,0,0,0
2008,37,157,1,371127,1,3,1,2,4,2,6,2,1,2,2,2,1,2,2,1,2,2,1,2,1,2,2,2,2,2,2,2,1,2,2,0,0,0
2008,37,169,1,371128,1,3,1,2,4,2,5,2,1,1,1,2,1,2,2,2,2,2,1,2,2,2,2,2,2,1,2,2,1,2,2,0,0,0
2008,37,183,1,371129,1,3,1,2,2,2,6,2,1,2,1,2,1,2,2,1,2,2,1,2,1,2,2,2,2,2,2,2,1,2,2,0,0,0
2008,37,183,1,371130,1,3,1,2,2,2,5,2,1,2,2,2,1,2,2,1,2,2,1,2,1,2,2,2,2,2,2,2,1,2,2,0,0,0
2008,37,183,1,371131,1,3,2,1,1,2,1,2,1,2,1,2,1,2,2,2,1,2,2,2,3,2,2,2,2,2,2,2,2,2,2,0,0,0
2008,37,197,1,371132,1,3,1,2,2,2,5,2,1,1,1,2,1,2,2,2,2,2,2,2,1,2,2,2,2,2,2,2,1,1,2,0,0,0
2008,37,23,1,371133,1,3,1,2,2,2,4,2,1,2,1,2,1,2,2,2,2,2,1,2,2,2,2,2,2,2,1,1,1,2,2,0,0,0
2008,37,25,1,371134,1,3,1,2,2,2,5,2,1,1,1,2,1,2,2,1,2,2,2,2,3,1,1,1,1,2,2,1,1,2,2,0,0,0
2008,37,25,1,371135,1,3,2,2,1,2,4,2,1,2,2,2,1,2,2,2,1,2,2,2,3,2,2,2,2,1,2,2,2,2,2,0,0,0
2008,37,31,1,371136,1,3,1,2,1,2,3,2,1,1,1,2,1,2,2,1,2,1,2,2,3,2,2,2,2,2,1,1,2,1,2,0,0,0
2008,37,37,1,371137,1,3,1,2,1,2,6,2,4,1,1,2,2,2,2,2,2,2,2,2,3,1,1,1,1,2,2,1,1,2,2,0,0,0
2008,37,49,1,371138,1,3,1,2,1,2,3,2,4,1,1,2,2,2,2,1,2,2,2,2,3,2,2,2,2,2,1,1,1,2,2,0,0,0
2008,37,57,2,371139,1,3,1,2,4,2,6,2,1,2,2,2,1,2,2,1,2,2,1,2,2,2,2,2,2,2,1,1,1,2,2,0,0,0
2008,37,61,1,371140,1,3,1,2,4,2,6,2,1,2,1,2,1,2,2,1,2,2,1,2,1,2,2,2,2,2,2,2,1,2,2,0,0,0
2008,37,103,1,371141,1,3,1,2,2,2,6,2,1,2,2,2,1,2,2,2,2,2,1,2,1,1,1,1,1,2,2,1,1,2,2,0,0,0
2008,37,125,1,371142,1,3,1,2,4,2,5,2,1,2,2,2,1,2,2,1,2,2,1,2,1,2,2,2,2,2,2,2,1,2,2,0,0,0
2008,37,141,1,371143,1,3,1,2,4,2,5,2,1,1,1,2,1,2,2,1,2,2,1,2,1,2,2,2,2,2,2,2,1,2,2,0,0,0
2008,37,147,1,371144,1,3,2,2,1,1,3,1,2,2,1,2,2,1,2,2,2,2,2,2,1,2,2,2,2,2,1,1,2,2,2,0,0,0
2008,37,147,1,371145,1,3,2,2,1,1,4,1,4,2,2,2,3,2,2,2,2,2,2,2,1,1,1,1,1,2,2,1,2,2,2,0,0,0
2008,37,151,1,371146,1,3,1,2,4,2,3,2,1,2,2,2,1,2,2,1,2,2,1,2,3,2,2,2,2,2,2,2,1,2,2,0,0,0
2008,37,153,1,371147,1,3,1,2,2,2,3,2,6,1,1,2,1,2,2,2,2,2,2,2,2,1,1,1,1,2,2,1,1,2,2,0,0,0
2008,37,155,1,371148,1,3,1,2,2,2,5,2,1,2,1,2,1,2,1,2,2,2,2,2,1,2,2,2,2,2,2,2,1,1,2,0,0,0
2008,37,155,1,371149,1,3,1,2,1,2,6,2,1,2,2,2,1,2,2,2,1,2,2,2,3,2,2,2,2,2,2,2,2,2,2,0,0,0
2008,37,157,1,371150,1,3,1,2,2,2,6,2,4,2,2,2,1,2,2,2,2,2,2,2,1,2,2,2,2,2,2,2,1,2,2,0,0,0
2008,37,159,1,371151,1,3,1,2,1,1,6,1,4,1,1,2,2,2,2,2,2,2,2,2,3,2,2,1,1,1,2,1,2,2,2,0,0,0
2008,37,161,1,371152,1,3,1,2,1,1,6,1,4,1,1,2,2,1,2,2,2,2,2,2,3,2,2,2,2,2,2,2,2,2,2,0,0,0
2008,37,167,1,371153,1,3,1,2,1,2,4,2,3,1,1,2,2,2,2,2,2,2,1,2,3,2,2,2,2,1,2,2,1,1,2,0,0,0
2008,37,171,1,371154,1,3,2,2,1,2,3,2,2,1,1,2,2,2,1,2,2,2,2,2,3,2,2,2,2,2,2,2,2,1,2,0,0,0
2008,37,179,1,371155,1,3,1,2,4,2,5,2,1,2,1,2,1,2,2,1,2,2,1,2,2,1,1,1,1,2,2,1,1,2,2,0,0,0
2008,37,183,1,371156,1,3,1,1,4,2,1,2,1,2,1,2,1,2,2,1,2,2,2,2,2,2,2,2,2,2,2,2,1,2,2,0,0,0
2008,37,183,1,371157,1,3,1,2,1,2,6,2,3,2,1,2,2,2,2,1,2,2,2,2,3,2,2,2,2,2,2,2,1,2,2,0,0,0
2008,37,191,1,371158,1,3,1,2,4,2,6,2,1,1,2,2,1,2,2,1,2,2,1,2,1,2,2,2,2,2,2,2,1,2,2,0,0,0
2008,37,141,1,371159,1,3,1,2,1,1,5,1,4,1,2,2,2,2,2,2,2,2,2,2,3,2,2,2,2,2,2,2,2,2,2,0,0,0
2008,37,1,1,371160,1,3,1,2,2,2,5,2,1,2,2,2,1,2,2,1,2,2,2,2,1,2,2,2,2,2,2,2,1,2,2,0,0,0
2008,37,55,1,371161,1,3,1,2,1,1,3,1,3,1,1,2,3,2,2,2,2,2,2,2,3,2,2,2,2,1,2,2,2,2,2,0,0,0
2008,37,119,1,371162,1,3,2,2,1,2,6,2,1,2,2,2,1,2,2,2,2,1,2,2,3,2,2,2,2,2,1,1,2,2,2,0,0,0
2008,37,17,1,371163,1,3,1,2,1,1,3,1,4,1,1,2,2,2,2,2,2,2,2,2,3,2,2,2,2,1,2,2,2,2,2,0,0,0
2008,37,81,1,371164,1,3,2,2,2,2,6,2,1,2,2,2,1,2,2,1,2,2,1,2,3,2,2,1,1,2,2,1,1,2,2,0,0,0
2008,37,81,1,371165,1,3,2,2,1,2,4,2,1,2,1,2,2,2,2,2,1,2,2,2,3,2,2,2,2,2,1,1,2,2,2,0,0,0
2008,37,81,1,371166,1,3,2,2,1,1,6,1,2,1,2,2,2,2,2,1,2,2,2,2,3,2,2,2,2,2,2,2,2,2,2,0,0,0
2008,37,119,1,371167,1,3,2,2,2,2,2,2,1,2,1,2,2,1,2,2,2,2,2,2,1,2,2,2,2,2,2,2,1,2,2,0,0,0
2008,37,13,1,371168,1,3,1,2,1,1,5,1,4,1,1,2,2,1,2,2,2,2,2,2,3,2,2,2,2,1,2,2,2,2,2,0,0,0
2008,37,17,1,371169,1,3,1,2,4,2,6,2,1,2,1,2,1,2,2,1,2,2,1,2,1,2,2,2,2,2,2,2,1,2,2,0,0,0
2008,37,19,2,371170,1,3,1,2,2,2,3,2,1,1,2,2,1,2,2,2,2,2,1,2,2,2,2,2,2,1,2,2,1,2,2,0,0,0
2008,37,19,1,371171,1,3,1,2,1,2,6,2,1,2,1,2,1,2,2,2,1,2,2,2,3,2,2,2,2,2,2,2,2,2,2,0,0,0
2008,37,21,1,371172,1,3,1,2,1,2,4,2,1,2,1,2,1,2,2,2,1,2,2,2,3,2,2,2,2,2,2,2,2,2,2,0,0,0
2008,37,19,1,371173,1,3,1,2,1,1,5,1,1,2,2,2,1,2,2,2,1,2,2,2,3,2,2,2,2,2,2,2,2,2,2,0,0,0
2008,37,35,1,371174,1,3,1,1,4,2,1,2,1,1,1,2,1,2,2,2,2,2,1,2,2,2,2,2,2,2,2,2,1,2,2,0,0,0
2008,37,37,1,371175,1,3,1,2,2,2,5,2,1,2,1,2,1,2,2,2,2,2,1,2,1,2,2,2,2,2,1,1,1,2,2,0,0,0
2008,37,43,1,371176,1,3,1,2,1,2,4,2,1,2,2,2,2,2,2,2,2,2,2,2,3,1,1,1,1,2,1,1,2,2,2,0,0,0
2008,37,51,2,371177,1,3,1,2,1,2,4,2,2,1,1,2,2,2,2,1,2,2,2,2,3,2,2,2,2,2,1,1,2,2,2,0,0,0
2008,37,63,1,371178,1,3,1,2,1,2,5,2,2,1,1,2,2,1,2,2,2,2,2,2,2,2,2,2,2,1,2,2,2,2,2,0,0,0
2008,37,67,1,371179,1,3,2,1,1,2,1,2,2,2,1,2,2,1,2,2,2,2,2,2,1,2,2,2,2,2,2,2,2,2,2,0,0,0
2008,37,67,1,371180,1,3,2,2,2,2,6,2,1,2,2,2,1,2,2,2,2,2,1,2,1,2,2,2,2,2,2,2,1,2,2,0,0,0
2008,37,69,1,371181,1,3,1,2,2,2,5,2,1,1,1,2,1,2,2,1,2,2,1,2,2,2,2,2,2,2,2,2,1,2,2,0,0,0
2008,37,71,1,371182,1,3,1,2,1,2,5,2,1,2,2,2,1,2,2,1,2,1,2,2,1,2,2,2,2,2,2,2,2,2,2,0,0,0
2008,37,81,1,371183,1,3,1,2,4,2,5,2,1,2,2,2,1,2,2,2,2,2,2,2,3,2,2,2,2,2,2,2,1,2,2,0,0,0
2008,37,85,1,371184,1,3,1,2,1,1,5,1,3,1,1,2,2,2,2,1,2,2,2,2,3,2,2,1,1,1,2,1,2,2,2,0,0,0
2008,37,87,1,371185,1,3,2,2,1,2,3,3,4,1,2,2,2,2,2,2,2,2,2,2,3,1,1,1,1,1,2,1,2,2,2,0,0,0
2008,37,97,1,371186,1,3,2,2,4,1,6,1,1,2,2,2,1,2,2,1,2,2,2,2,3,2,2,2,2,2,2,2,2,2,2,0,0,0
2008,37,107,1,371187,1,3,1,2,1,2,5,2,2,2,1,2,2,2,1,1,2,2,2,2,1,2,2,2,2,2,2,2,2,2,2,0,0,0
2008,37,109,1,371188,1,3,1,2,2,2,6,2,1,2,1,2,1,2,2,2,2,2,2,2,2,2,2,2,2,2,2,2,1,2,2,0,0,0
2008,37,119,1,371189,1,3,2,2,1,2,6,2,4,1,1,2,2,1,2,2,2,2,2,2,3,2,2,2,2,2,2,2,1,2,2,0,0,0
2008,37,123,1,371190,1,3,1,2,2,2,3,2,1,2,1,2,1,2,2,1,2,2,2,2,3,1,1,1,1,2,2,1,1,2,2,0,0,0
2008,37,151,1,371191,1,3,2,2,1,2,3,2,1,1,1,2,1,2,2,2,1,2,2,2,3,2,2,2,2,2,2,2,2,2,2,0,0,0
2008,37,155,2,371192,1,3,1,1,2,2,1,2,1,1,2,2,1,2,2,2,2,2,1,2,3,2,2,2,2,2,2,2,1,2,2,0,0,0
2008,37,159,1,371193,1,3,1,2,1,2,6,2,4,1,2,2,2,2,2,2,2,2,2,2,3,1,1,1,1,2,2,1,2,2,2,0,0,0
2008,37,163,1,371194,1,3,1,2,1,2,4,2,3,2,1,2,2,1,2,2,2,2,2,2,3,2,2,2,2,2,2,2,1,2,2,0,0,0
2008,37,163,1,371195,1,3,1,2,1,2,3,2,4,1,1,2,2,2,2,2,2,2,2,2,3,2,2,2,2,1,2,2,2,2,2,0,0,0
2008,37,165,1,371196,1,3,1,2,4,1,6,1,1,2,2,2,1,2,2,2,2,2,2,2,1,2,2,2,2,2,2,2,2,2,2,0,0,0
2008,37,181,1,371197,1,3,1,2,2,2,4,2,1,2,1,2,1,2,2,2,2,2,2,2,1,2,2,2,2,2,2,2,1,2,2,0,0,0
2008,37,183,1,371198,1,3,2,1,1,2,1,2,1,2,2,2,1,2,2,2,1,2,2,2,3,2,2,2,2,2,2,2,2,2,2,0,0,0
2008,37,189,1,371199,1,3,1,2,2,2,3,2,1,2,2,2,2,1,2,2,2,2,1,2,3,1,1,1,1,2,2,1,1,2,2,0,0,0
2008,37,195,1,371200,1,3,1,2,4,2,6,2,1,2,2,2,1,2,2,2,2,2,2,2,2,1,2,1,2,2,2,2,1,2,2,0,0,0
2008,37,197,1,371201,1,3,1,2,1,2,5,2,4,1,1,2,3,2,2,2,2,2,2,2,3,2,2,2,2,1,2,2,1,2,2,0,0,0
2008,37,9,1,371202,1,3,2,2,1,2,6,2,1,1,1,2,1,1,2,2,1,2,2,2,3,2,2,2,2,2,2,2,2,2,2,0,0,0
2008,37,183,1,371203,1,3,2,1,1,2,1,2,1,2,2,2,1,1,2,2,1,2,2,2,3,2,2,2,2,2,2,2,2,2,2,0,0,0
2008,37,119,1,371204,1,3,2,2,2,2,6,2,1,1,1,2,1,2,2,2,2,2,2,2,3,2,2,2,2,2,2,2,1,2,2,0,0,0
2008,37,81,1,371205,1,3,2,2,2,2,6,2,1,2,1,2,1,2,1,1,2,2,2,2,1,2,2,2,2,2,2,2,1,2,2,0,0,0
2008,37,65,1,371206,1,3,2,2,1,2,6,2,1,2,1,1,1,2,2,2,1,2,2,2,3,1,1,1,1,2,2,1,2,2,2,0,0,0
2008,37,57,1,371207,1,3,1,2,2,2,5,2,1,1,2,2,1,2,2,1,2,2,1,2,3,2,2,2,2,2,2,2,1,2,2,0,0,0
2008,37,25,1,371208,1,3,2,2,1,2,2,2,4,1,1,2,3,2,2,1,2,2,2,2,3,2,2,2,2,1,2,2,1,2,2,0,0,0
2008,37,81,1,371209,1,3,2,2,2,2,6,2,1,2,1,2,1,2,2,1,2,2,2,2,2,1,1,1,1,2,2,1,1,2,2,0,0,0
2008,37,45,1,371210,1,3,1,2,2,2,5,2,1,1,2,2,1,2,2,1,2,2,2,2,3,2,2,2,2,2,2,2,1,2,2,0,0,0
2008,37,71,1,371211,1,3,2,2,2,2,6,2,1,1,2,2,1,2,2,2,2,2,2,2,2,2,2,2,2,2,2,2,1,2,2,0,0,0
2008,37,189,1,371212,1,3,2,2,1,2,6,2,4,1,1,2,2,1,2,2,2,2,2,2,3,2,2,2,2,2,2,2,2,1,2,0,0,0
2008,37,127,1,371213,1,3,1,2,2,2,4,2,1,1,1,2,1,2,2,1,2,2,2,2,2,2,2,2,2,2,2,2,1,2,2,0,0,0
2008,37,21,1,371214,1,3,2,2,1,2,4,2,1,2,1,2,1,2,2,2,1,2,2,2,3,2,2,2,2,1,2,2,2,2,2,0,0,0
2008,37,57,1,371215,1,3,2,2,1,2,6,2,1,2,2,2,1,2,2,2,1,2,2,2,3,2,2,2,2,2,2,2,2,2,2,0,0,0
2008,37,119,1,371216,1,3,2,1,4,2,1,2,1,1,2,2,1,2,2,1,2,2,1,2,2,1,1,1,1,2,2,1,1,2,2,0,0,0
2008,37,191,1,371217,1,3,1,2,1,1,5,1,4,1,1,2,3,2,2,2,2,2,2,2,3,2,2,2,2,2,1,1,2,2,2,0,0,0
2008,37,191,1,371218,1,3,1,2,4,2,6,2,1,1,1,2,1,2,2,1,2,2,1,2,2,2,2,2,2,2,2,2,1,2,2,0,0,0
2008,37,157,1,371219,1,3,1,2,4,2,6,2,1,2,1,2,1,2,2,1,2,2,1,2,1,2,2,2,2,2,1,1,1,2,2,0,0,0
2008,37,195,1,371220,1,3,1,2,1,2,6,2,6,1,1,2,2,1,2,2,2,2,1,2,3,2,2,2,2,2,2,2,2,2,2,0,0,0
2008,37,155,1,371221,1,3,1,2,1,2,6,2,5,1,1,2,3,1,2,2,2,2,1,2,3,2,2,2,2,2,2,2,1,2,2,0,0,0
2008,37,65,1,371222,1,3,1,2,2,2,5,2,1,1,1,2,1,2,2,2,2,2,2,2,2,2,2,2,2,2,2,2,1,2,2,0,0,0
2008,37,63,1,371223,1,3,1,2,1,2,3,3,4,1,1,2,2,2,1,1,2,2,2,2,1,1,1,1,1,2,2,1,2,2,2,0,0,0
2008,37,159,1,371224,1,3,1,2,1,2,5,2,4,1,2,2,2,2,2,2,2,2,2,2,3,2,2,2,2,2,2,2,1,2,2,0,0,0
2008,37,183,1,371225,1,3,2,2,1,1,6,1,4,1,2,2,2,2,2,2,2,2,2,2,3,2,2,2,2,2,2,2,2,1,2,0,0,0
2008,37,7,1,371226,1,3,1,2,1,2,5,2,1,2,2,1,1,2,2,2,1,2,2,2,3,2,2,2,2,2,2,2,2,2,2,0,0,0
2008,37,127,1,371227,1,3,1,2,4,1,5,1,1,2,2,2,1,2,2,2,2,2,2,2,3,2,2,2,2,2,2,2,2,2,2,0,0,0
2008,37,61,1,371228,1,3,1,2,1,2,5,2,4,1,1,2,2,2,2,1,2,2,2,2,3,1,1,1,1,2,2,1,1,2,2,0,0,0
2008,37,183,2,371229,1,3,2,2,2,2,4,2,1,1,1,2,1,2,2,2,2,2,2,2,3,2,2,2,2,2,2,2,1,2,2,0,0,0
2008,37,57,1,371230,1,3,1,2,4,2,6,2,1,2,1,2,1,2,2,1,2,2,1,2,1,2,2,2,2,2,2,2,1,2,2,0,0,0
2008,37,5,1,371231,1,3,1,2,2,2,6,2,1,2,1,2,1,2,2,1,2,2,1,2,1,2,2,2,2,2,1,1,1,2,2,0,0,0
2008,37,183,1,371232,1,3,2,2,1,1,6,1,4,2,2,2,2,2,2,2,2,2,2,2,3,2,2,2,2,1,1,1,2,2,2,0,0,0
2008,37,183,1,371233,1,3,2,2,1,1,6,1,4,2,2,2,2,2,2,2,2,2,2,2,3,2,2,2,2,2,1,1,2,2,2,0,0,0
2008,37,77,1,371234,1,3,1,2,2,2,5,2,1,2,2,2,1,2,2,1,2,2,1,2,3,1,1,1,1,2,2,1,1,2,2,0,0,0
2008,37,81,1,371235,1,3,2,2,2,2,6,2,1,3,1,2,1,2,2,1,2,2,2,2,3,1,1,1,1,2,2,1,1,2,2,0,0,0
2008,37,183,1,371236,1,3,2,2,2,2,6,2,1,2,1,2,1,2,2,1,2,2,2,2,3,2,2,2,2,2,2,2,1,1,2,0,0,0
2008,37,7,1,371237,1,3,2,2,1,2,3,2,3,2,2,2,2,2,2,2,2,2,2,2,3,2,2,2,2,1,2,2,2,1,2,0,0,0
2008,37,51,1,371238,1,3,2,2,1,1,6,1,4,1,1,2,2,2,2,2,2,2,2,2,3,2,2,2,2,2,2,2,2,2,2,0,0,0
2008,37,107,1,371239,1,3,1,2,1,2,4,2,4,1,1,2,2,1,2,2,2,2,1,2,3,2,2,2,2,2,2,2,1,2,2,0,0,0
2008,37,119,1,371240,1,3,2,2,1,2,6,2,2,1,1,2,2,2,2,1,2,2,2,2,3,2,2,1,1,2,2,1,1,2,2,0,0,0
2008,37,37,1,371241,1,3,2,2,1,2,6,2,5,2,2,2,2,2,2,2,2,2,2,2,3,1,1,1,1,2,2,1,1,2,2,0,0,0
2008,37,119,1,371242,1,3,2,1,2,2,1,2,2,2,1,2,1,2,2,2,1,2,2,2,3,2,2,2,2,2,2,2,2,1,2,0,0,0
2008,37,183,1,371243,1,3,1,2,4,2,4,2,1,2,2,2,1,2,2,2,2,2,2,2,1,2,2,2,2,2,2,2,1,2,2,0,0,0
2008,37,149,1,371244,1,3,1,2,4,2,4,2,1,1,1,2,1,2,2,2,2,2,2,2,3,2,2,2,2,1,2,2,1,2,2,0,0,0
2008,37,37,1,371245,1,3,2,2,1,2,6,2,5,1,1,2,2,2,1,2,2,2,2,2,3,1,1,1,1,2,2,1,2,2,2,0,0,0
2008,37,119,1,371246,1,3,2,2,2,2,6,2,1,2,1,2,1,2,2,2,2,2,2,2,3,2,2,2,2,2,2,2,1,2,2,0,0,0
2008,37,119,1,371247,1,3,2,2,2,1,6,1,1,2,1,2,1,2,2,2,2,2,2,2,3,2,2,2,2,2,2,2,2,2,2,0,0,0
2008,37,67,1,371248,1,3,2,2,1,1,6,1,5,2,1,2,2,2,1,2,2,2,2,2,3,2,2,2,2,2,2,2,2,1,2,0,0,0
2008,37,107,3,371249,1,3,2,2,1,1,3,1,4,1,1,2,2,1,2,2,2,2,2,2,3,2,2,2,2,1,2,2,2,2,2,0,0,0
2008,37,81,1,371250,1,3,1,2,1,2,4,2,1,1,2,2,1,2,1,2,2,2,2,2,2,2,2,2,2,1,2,2,2,2,2,0,0,0
2008,37,81,1,371251,1,3,2,2,2,1,6,1,1,2,1,2,1,2,2,2,2,2,1,2,1,2,2,2,2,2,2,2,2,2,2,0,0,0
2008,37,119,1,371252,1,3,2,2,2,1,6,1,1,1,1,2,1,2,1,2,2,2,2,2,2,2,2,2,2,2,2,2,2,2,2,0,0,0
2008,37,119,1,371253,1,3,2,2,1,2,3,2,3,1,1,2,2,2,2,2,2,2,1,2,3,2,2,2,2,2,2,2,1,2,2,0,0,0
2008,37,129,1,371254,1,3,2,2,1,2,6,2,1,1,1,2,1,2,2,2,2,1,2,2,3,2,2,2,2,2,2,2,2,1,2,0,0,0
2008,37,81,1,371255,1,3,2,2,1,1,6,1,4,2,1,2,2,2,1,1,2,2,2,2,1,2,2,2,2,2,2,2,2,2,2,0,0,0
2008,37,91,1,371256,1,3,2,2,1,2,6,2,3,2,2,2,2,2,2,2,2,2,2,2,3,2,2,2,2,2,1,1,1,2,2,0,0,0
2008,37,97,1,371257,1,3,2,2,1,1,6,1,3,1,1,2,2,2,1,2,2,2,2,2,3,2,2,2,2,2,2,2,2,2,2,0,0,0
2008,37,107,1,371258,1,3,2,2,1,2,3,2,1,2,1,2,1,2,2,2,1,2,2,2,3,2,2,2,2,2,2,2,2,2,2,0,0,0
2008,37,135,1,371259,1,3,1,2,1,1,3,1,4,1,2,2,2,2,2,2,2,2,2,2,3,2,2,2,2,1,2,2,2,1,2,0,0,0
2008,37,155,1,371260,1,3,2,2,2,2,6,2,1,2,1,2,1,2,2,1,2,2,1,2,3,2,2,2,2,2,2,2,1,2,2,0,0,0
2008,37,63,1,371261,1,3,2,2,1,1,6,1,4,1,1,2,3,2,2,2,2,2,2,2,3,1,1,1,1,2,2,1,2,1,2,0,0,0
2008,37,81,1,371262,1,3,2,2,4,2,6,2,1,2,2,2,1,2,2,1,2,2,2,2,1,1,1,1,1,2,2,1,1,2,2,0,0,0
2008,37,125,1,371263,1,3,2,2,1,2,2,2,1,2,1,1,1,2,2,2,2,1,2,2,3,2,2,2,2,2,2,2,2,1,2,0,0,0
2008,37,167,2,371264,1,3,2,2,1,1,6,1,4,1,2,2,2,2,2,2,2,2,2,2,3,2,2,2,2,1,2,2,2,2,2,0,0,0
2008,37,121,1,371265,1,3,1,2,2,2,5,2,1,1,1,2,1,2,2,2,2,2,2,2,2,2,2,2,2,2,2,2,1,2,2,0,0,0
2008,37,119,1,371266,1,3,2,2,1,1,6,1,4,2,2,2,2,1,2,2,2,2,2,2,3,2,2,2,2,2,2,2,2,1,2,0,0,0
2008,37,195,1,371267,1,3,2,2,2,2,6,2,1,2,1,2,1,2,2,1,2,2,2,2,1,2,2,2,2,2,2,2,1,2,2,0,0,0
2008,37,9,1,371268,1,3,1,2,1,2,5,2,3,2,1,2,2,2,1,2,2,2,2,2,3,2,2,2,2,1,2,2,1,2,2,0,0,0
2008,37,25,1,371269,1,3,1,2,1,1,5,1,4,1,2,2,2,2,2,2,2,2,2,2,3,2,2,2,2,1,2,2,2,2,2,0,0,0
2008,37,51,1,371270,1,3,2,2,1,2,6,2,1,1,1,2,1,1,2,2,1,2,2,2,3,2,2,2,2,2,2,2,2,2,2,0,0,0
2008,37,119,1,371271,1,3,2,1,4,2,1,2,1,1,1,2,1,2,2,2,2,2,2,2,1,2,2,2,2,2,2,2,1,2,2,0,0,0
2008,37,135,1,371272,1,3,2,2,1,1,6,1,1,1,1,2,1,2,2,2,1,2,2,2,3,2,2,2,2,1,2,2,2,1,2,0,0,0
2008,37,123,1,371273,1,3,2,2,1,1,6,1,4,1,1,2,2,2,1,2,2,2,2,2,3,2,2,2,2,2,2,2,2,2,2,0,0,0
2008,37,45,1,371274,1,3,2,1,4,2,1,2,1,2,2,2,1,2,2,2,2,2,2,2,2,2,2,2,2,2,2,2,1,2,1,0,0,0
2008,37,51,1,371275,1,3,2,2,1,2,6,2,4,1,1,2,2,2,2,1,2,2,2,2,3,1,1,1,1,2,1,1,1,2,2,0,0,0
2008,37,129,1,371276,1,3,2,2,1,2,6,2,5,2,1,2,2,2,2,1,2,2,2,1,3,2,2,2,2,2,2,2,2,2,2,0,0,0
2008,37,135,1,371277,1,3,1,2,1,2,5,2,1,2,1,2,1,2,2,2,1,2,2,2,3,1,1,1,1,2,2,1,2,2,2,0,0,0
2008,37,81,1,371278,1,3,2,2,2,2,6,2,1,2,2,1,1,2,2,2,1,2,2,2,3,2,2,2,2,2,2,2,2,2,2,0,0,0
2008,37,81,1,371279,1,3,2,2,4,2,6,2,1,1,2,2,1,2,2,2,2,2,2,2,2,2,2,2,2,2,1,1,1,2,2,0,0,0
2008,37,141,1,371280,1,3,1,2,1,2,5,2,1,2,2,2,1,2,2,1,2,2,1,2,1,1,1,1,1,2,2,1,1,2,2,0,0,0
2008,37,57,1,371281,1,3,1,2,1,1,3,1,3,1,1,2,3,2,2,2,2,2,2,2,3,2,2,2,2,2,1,1,2,2,2,0,0,0
2008,37,45,1,371282,1,3,1,2,2,2,5,2,1,2,1,2,1,2,2,2,2,2,1,2,2,2,2,2,2,2,1,1,1,2,2,0,0,0
2008,37,43,1,371283,1,3,1,2,1,2,5,3,4,1,1,2,2,2,2,2,2,2,2,2,3,2,2,2,2,2,1,1,2,2,2,0,0,0
2008,37,147,1,371284,1,3,1,2,1,2,5,2,1,2,2,2,1,2,2,2,1,2,2,2,3,2,2,2,2,2,2,2,2,2,2,0,0,0
2008,37,111,1,371285,1,3,1,2,1,2,5,2,1,2,2,2,1,2,1,2,2,2,2,2,3,2,2,2,2,2,2,2,2,2,2,0,0,0
2008,37,129,1,371286,1,3,2,2,2,2,6,2,2,1,1,2,1,2,1,1,2,2,2,2,2,2,2,2,2,2,2,2,2,2,2,0,0,0
2008,37,151,1,371287,1,3,1,1,3,2,1,2,1,1,1,2,1,2,2,1,2,2,2,2,2,2,2,2,2,2,1,1,1,2,2,0,0,0
2008,37,153,2,371288,1,3,1,2,1,2,5,2,3,1,1,2,2,2,2,2,2,2,2,2,3,2,2,2,2,2,2,2,1,2,2,0,0,0
2008,37,71,1,371289,1,3,1,2,1,2,5,2,2,2,2,2,2,2,2,1,2,2,2,2,1,2,2,2,2,2,2,2,2,2,2,0,0,0
2008,37,153,1,371290,1,3,1,2,1,2,3,2,1,2,1,2,1,1,2,1,2,2,1,2,2,2,2,2,2,2,2,2,2,2,2,0,0,0
2008,37,155,1,371291,1,3,1,2,2,2,5,2,1,2,2,2,1,2,2,2,2,2,1,2,1,2,2,2,2,2,2,2,1,2,2,0,0,0
2008,37,51,1,371292,1,3,1,2,1,2,5,2,1,1,1,2,1,2,2,1,2,2,2,2,3,2,2,2,2,2,2,2,2,1,2,0,0,0
2008,37,141,1,371293,1,3,1,2,1,1,5,1,4,1,1,2,2,1,2,2,2,2,1,2,3,2,2,1,1,2,2,1,2,2,2,0,0,0
2008,37,175,1,371294,1,3,1,2,4,2,5,2,1,2,2,2,1,2,2,2,2,2,1,2,1,2,2,2,2,2,1,1,1,2,2,0,0,0
2008,37,183,1,371295,1,3,2,2,1,2,6,2,1,2,2,2,1,2,2,2,1,2,2,2,3,2,2,2,2,2,2,2,2,2,2,0,0,0
2008,37,67,1,371296,1,3,2,2,4,2,6,2,1,1,1,2,1,2,2,2,2,2,2,2,2,2,2,2,2,1,2,2,1,2,2,0,0,0
2008,37,71,1,371297,1,3,1,1,4,2,1,2,1,2,2,2,2,2,2,1,2,2,1,2,3,2,2,2,2,2,1,1,1,2,2,0,0,0
2008,37,119,1,371298,1,3,2,2,1,2,6,2,1,1,1,2,1,1,2,2,2,1,2,2,3,2,2,2,2,2,2,2,2,2,2,0,0,0
2008,37,97,1,371299,1,3,2,2,4,2,6,2,1,2,1,2,1,2,2,2,2,2,2,2,2,1,1,1,1,2,2,1,1,2,2,0,0,0
2008,37,67,4,371300,1,3,2,2,4,2,6,2,1,2,1,1,1,2,2,2,2,2,2,2,3,1,1,1,1,2,2,1,1,2,2,0,0,0
2008,37,71,1,371301,1,3,2,2,1,1,6,1,4,1,1,2,2,2,2,2,2,2,2,2,3,2,2,2,2,2,2,2,2,2,2,0,0,0
2008,37,119,2,371302,1,3,2,2,1,2,6,2,3,2,2,2,2,2,2,2,2,2,2,2,1,2,2,2,2,2,1,1,1,2,2,0,0,0
2008,37,119,1,371303,1,3,2,2,1,2,6,2,1,1,1,2,1,2,2,2,2,1,2,2,3,2,2,2,2,2,2,2,2,2,2,0,0,0
2008,37,83,1,371304,1,3,1,1,2,2,1,2,1,2,1,2,1,2,2,1,2,2,2,2,2,2,2,2,2,2,2,2,1,2,2,0,0,0
2008,37,191,2,371305,1,3,1,2,2,2,5,2,1,2,2,2,1,2,2,1,2,2,1,2,1,2,2,1,1,2,2,1,1,2,2,0,0,0
2008,37,191,1,371306,1,3,1,2,1,1,3,1,4,1,1,2,2,2,2,2,2,2,2,2,3,2,2,2,2,1,2,2,2,2,2,0,0,0
2008,37,83,1,371307,1,3,1,2,1,1,5,1,4,1,1,2,2,2,2,2,2,2,2,2,3,2,2,2,2,1,1,1,2,1,2,0,0,0
2008,37,83,1,371308,1,3,1,1,1,2,1,2,2,2,1,2,2,1,2,2,2,2,2,2,3,2,2,1,1,2,2,1,2,1,2,0,0,0
2008,37,131,1,371309,1,3,1,2,2,2,5,2,1,1,2,2,1,2,2,1,2,2,1,2,2,2,2,2,2,2,2,2,1,2,2,0,0,0
2008,37,183,1,371310,1,3,1,2,2,2,5,2,1,2,2,2,1,2,2,2,2,2,2,2,1,2,2,2,2,2,2,2,1,1,2,0,0,0
2008,37,127,1,371311,1,3,1,2,4,2,3,2,1,1,1,2,1,2,2,2,2,2,1,2,3,2,2,2,2,2,2,2,1,2,2,0,0,0
2008,37,131,1,371312,1,3,1,2,2,2,5,2,1,2,1,2,1,2,2,1,2,2,1,2,1,2,2,2,2,2,2,2,1,2,2,0,0,0
2008,37,83,1,371313,1,3,1,2,4,2,3,2,1,2,1,2,1,2,2,1,2,2,1,1,1,2,2,2,2,2,2,2,1,2,2,0,0,0
2008,37,83,1,371314,1,3,1,2,2,2,5,2,1,1,1,2,1,2,2,2,2,2,1,2,2,2,2,2,2,1,2,2,1,2,2,0,0,0
2008,37,101,1,371315,1,3,1,2,1,2,5,2,3,2,2,2,2,2,1,1,2,2,2,2,3,1,1,1,1,2,2,1,1,2,2,0,0,0
2008,37,63,1,371316,1,3,1,2,4,2,5,2,1,2,2,2,1,2,2,1,2,2,1,2,1,2,2,2,2,2,2,2,1,2,2,0,0,0
2008,37,101,1,371317,1,3,1,2,1,2,5,2,2,1,1,2,2,2,2,1,2,2,1,2,3,2,2,2,2,2,1,1,2,2,2,0,0,0
2008,37,191,1,371318,1,3,1,2,1,2,3,2,1,2,1,2,2,2,2,2,1,2,2,2,3,2,2,2,2,2,1,1,2,2,2,0,0,0
2008,37,191,2,371319,1,3,1,2,1,1,5,1,4,1,1,2,2,2,2,2,2,2,1,2,3,2,2,2,2,1,1,1,2,2,2,0,0,0
2008,37,83,1,371320,1,3,1,2,1,2,5,2,1,2,1,2,1,2,2,2,1,2,2,2,3,1,1,1,1,2,2,1,2,2,2,0,0,0
2008,37,55,1,371321,1,3,2,2,2,2,6,2,1,2,2,2,1,2,2,1,2,2,2,2,3,2,2,2,2,2,1,1,1,2,2,0,0,0
2008,37,101,2,371322,1,3,1,2,1,2,5,2,4,2,1,2,3,2,1,1,2,2,2,2,3,2,2,2,2,1,1,1,2,2,2,0,0,0
2008,37,157,1,371323,1,3,2,2,1,2,6,2,1,1,2,2,1,2,2,2,2,2,2,2,3,1,1,1,1,2,2,1,2,1,2,0,0,0
2008,37,81,1,371324,1,3,2,2,2,2,6,2,1,2,1,2,1,2,2,2,2,2,1,2,1,2,2,2,2,2,2,2,1,2,2,0,0,0
2008,37,119,1,371325,1,3,2,2,4,2,6,2,1,2,1,2,1,2,2,2,2,2,2,2,3,2,2,2,2,1,2,2,1,2,2,0,0,0
2008,37,109,1,371326,1,3,2,2,1,2,6,2,1,1,1,2,1,2,2,2,1,2,2,2,3,2,2,2,2,2,2,2,2,1,2,0,0,0
2008,37,157,1,371327,1,3,2,2,1,1,6,1,4,2,2,2,2,2,2,1,2,2,2,2,3,2,2,2,2,2,2,2,2,2,2,0,0,0
2008,37,25,1,371328,1,3,2,2,1,1,6,1,4,1,1,2,2,1,2,2,2,2,2,2,3,2,2,2,2,1,2,2,2,2,2,0,0,0
2008,37,119,1,371329,1,3,2,2,4,2,6,2,1,2,2,2,1,2,2,2,2,2,2,2,1,1,1,1,1,2,2,1,1,1,2,0,0,0
2008,37,83,1,371330,1,3,1,1,1,2,1,2,2,1,1,2,3,1,2,1,2,2,1,2,3,2,2,2,2,1,2,2,2,2,2,0,0,0
2008,37,51,1,371331,1,3,2,2,6,2,6,2,7,1,1,2,1,2,2,1,2,2,2,2,2,2,2,2,2,2,1,1,2,2,2,0,0,0
2008,38,3,1,380001,1,8,1,1,4,2,1,2,1,1,1,2,1,2,2,2,2,2,1,2,2,2,2,2,2,2,2,2,1,2,2,0,0,0
2008,38,75,1,380002,1,8,1,2,4,2,6,2,1,1,1,2,1,2,2,2,2,2,1,2,1,2,2,2,2,2,2,2,1,2,2,0,0,0
2008,38,19,1,380003,1,8,1,2,1,1,3,1,4,1,1,2,2,1,2,2,2,2,2,2,3,2,2,2,2,2,2,2,2,2,2,0,0,0
2008,38,35,1,380004,1,8,1,2,4,2,6,2,1,2,2,2,1,2,2,1,2,2,1,2,1,2,2,2,2,2,2,2,1,2,2,0,0,0
2008,38,35,1,380005,1,8,1,1,3,2,1,2,1,2,1,2,1,2,2,1,2,2,1,2,3,1,1,1,1,2,2,1,1,2,2,0,0,0
2008,38,3,1,380006,1,8,1,1,4,2,1,2,1,2,1,2,1,2,2,2,2,2,1,2,2,2,2,2,2,2,2,2,1,2,2,0,0,0
2008,38,85,1,380007,1,8,1,2,1,2,4,2,1,2,2,2,1,2,2,2,1,2,2,2,3,2,2,2,2,2,2,2,2,2,2,1,1,1
2008,38,15,1,380008,1,8,1,2,4,2,6,2,1,1,1,2,1,2,2,2,2,2,1,2,1,2,2,2,2,2,2,2,1,2,2,0,0,0
2008,38,57,1,380009,1,8,1,2,1,1,6,1,1,1,2,2,1,2,2,2,2,2,2,2,3,1,1,1,1,2,2,1,2,1,2,0,0,0
2008,38,17,1,380010,1,8,2,2,1,2,3,2,1,1,1,2,1,2,2,2,1,2,2,2,3,2,2,2,2,2,1,1,2,2,2,0,0,0
2008,38,77,1,380011,1,8,1,1,4,2,1,2,1,1,1,2,1,2,2,1,2,2,1,2,2,1,1,1,1,2,2,1,1,2,2,0,0,0
2008,38,101,1,380012,1,8,2,2,1,2,6,2,3,1,2,2,2,2,2,1,2,2,2,2,1,2,2,2,2,1,2,2,1,2,2,0,0,0
2008,38,101,1,380013,1,8,1,3,4,2,7,2,1,2,2,2,1,2,2,2,2,2,2,2,1,2,2,2,2,2,1,1,1,1,2,0,0,0
2008,38,61,1,380014,1,8,1,2,1,1,3,1,4,2,1,2,2,1,2,2,2,2,2,2,3,2,2,2,2,2,2,2,2,2,2,0,0,0
2008,38,65,2,380015,1,8,1,2,4,2,6,2,1,2,2,2,1,2,2,1,2,2,1,2,1,2,2,2,2,2,1,1,1,2,2,0,0,0
2008,38,25,1,380016,1,8,1,2,4,2,4,2,1,2,2,2,1,1,2,2,2,2,1,2,1,2,2,2,2,2,2,2,1,2,2,1,1,1
2008,38,99,1,380017,1,8,1,2,4,2,6,2,1,2,1,2,1,2,2,1,2,2,1,2,1,2,2,2,2,2,2,2,1,2,2,0,0,0
2008,38,7,1,380018,1,8,1,1,3,2,1,2,1,2,2,2,1,2,2,1,2,2,1,2,2,2,2,2,2,2,2,2,1,2,2,0,0,0
2008,38,9,1,380019,1,8,1,2,4,2,5,2,1,2,2,2,1,2,2,2,2,2,1,2,1,2,2,2,2,2,2,2,1,1,2,0,0,0
2008,38,53,1,380020,1,8,1,2,4,2,4,2,1,2,1,2,1,2,2,1,2,2,1,2,1,2,2,2,2,2,2,2,1,2,2,1,1,1
2008,38,99,1,380021,1,8,1,2,1,2,6,2,2,2,2,2,3,2,1,1,2,2,2,2,1,1,1,1,1,2,2,1,2,2,2,0,0,0
2008,38,35,1,380022,1,8,2,1,3,2,1,2,1,1,2,2,1,2,2,1,2,2,1,2,2,1,1,1,1,2,2,1,1,2,2,0,0,0
2008,38,105,1,380023,1,8,1,2,4,2,5,2,1,2,2,2,1,2,1,2,2,2,2,2,1,2,2,2,2,2,2,2,1,2,2,0,0,0
2008,38,79,1,380024,1,8,1,2,1,2,3,2,3,2,2,2,2,2,2,2,2,2,2,2,1,2,2,2,2,2,1,1,2,2,2,1,1,1
2008,38,53,1,380025,1,8,1,2,4,2,5,2,1,2,1,2,1,2,2,2,2,2,1,2,1,2,2,2,2,2,2,2,1,2,2,0,0,0
2008,38,99,1,380026,1,8,1,2,4,2,6,2,1,1,1,2,1,2,2,1,2,2,1,2,2,2,2,2,2,1,2,2,1,2,2,0,0,0
2008,38,29,1,380027,1,8,1,2,4,2,3,2,1,1,2,2,1,2,2,1,2,2,1,2,1,2,2,2,2,2,2,2,1,2,2,0,0,0
2008,38,61,1,380028,1,8,1,2,1,2,3,2,5,1,2,2,3,1,2,2,2,2,1,2,1,2,2,2,2,2,2,2,1,2,2,1,1,1
2008,38,57,1,380029,1,8,1,2,4,2,3,2,1,2,2,2,1,2,2,2,2,2,1,2,1,2,2,2,2,2,1,1,1,2,2,0,0,0
2008,38,9,1,380030,1,8,1,2,4,2,3,2,1,1,1,2,1,2,2,2,2,2,1,2,2,2,2,2,2,1,2,2,1,2,2,0,0,0
2008,38,103,1,380031,1,8,1,2,1,1,3,1,3,2,1,2,2,2,2,2,2,2,2,2,3,2,2,2,2,1,2,2,2,2,2,0,0,0
2008,38,101,1,380032,1,8,2,2,1,1,3,1,4,1,1,2,2,2,2,2,2,2,2,2,3,1,1,1,1,1,2,1,2,2,2,0,0,0
2008,38,69,1,380033,1,8,1,2,1,2,6,2,1,2,1,2,1,2,2,1,2,2,1,2,2,1,1,1,1,2,2,1,2,2,2,0,0,0
2008,38,79,1,380034,1,8,1,1,1,2,1,2,5,2,2,2,2,2,2,2,2,2,2,2,1,2,2,2,2,2,2,2,1,2,2,0,0,0
2008,38,89,1,380035,1,8,1,2,4,2,6,2,1,2,2,2,1,2,2,2,2,2,1,2,1,2,2,2,2,2,1,1,1,2,2,0,0,0
2008,38,89,1,380036,1,8,2,2,1,1,5,1,3,2,1,2,2,2,1,1,2,2,2,2,3,2,2,2,2,1,1,1,2,2,2,0,0,0
2008,38,15,1,380037,1,8,1,2,4,2,6,2,1,2,2,2,1,2,2,2,2,2,1,2,1,2,2,2,2,2,2,2,1,2,2,0,0,0
2008,38,59,1,380038,1,8,1,2,1,2,4,2,1,2,1,2,1,2,1,1,2,2,2,2,2,2,2,2,2,2,2,2,1,2,2,0,0,0
2008,38,77,1,380039,1,8,1,2,1,2,5,2,1,2,1,2,1,2,1,2,2,2,2,2,2,2,2,2,2,2,2,2,2,2,2,0,0,0
2008,38,101,1,380040,1,8,1,1,2,2,1,2,1,1,1,2,1,2,1,2,2,2,2,2,2,2,2,2,2,2,2,2,2,2,2,0,0,0
2008,38,95,1,380041,1,8,1,2,1,2,6,2,2,1,1,2,2,2,2,2,2,2,2,2,3,2,2,2,2,2,2,2,2,2,2,0,0,0
2008,38,31,1,380042,1,8,1,2,1,2,6,2,1,2,2,2,1,2,2,2,2,1,2,2,1,2,2,1,1,2,2,1,2,2,2,0,0,0
2008,38,55,1,380043,1,8,1,1,4,2,1,2,1,1,1,2,1,1,2,2,2,2,1,2,2,2,2,2,2,2,2,2,2,2,2,0,0,0
2008,38,101,1,380044,1,8,1,2,1,2,6,3,1,2,1,2,1,2,2,2,2,2,2,2,2,1,1,1,1,2,2,1,2,2,2,0,0,0
2008,38,3,1,380045,1,8,1,2,1,2,6,2,1,1,2,2,1,2,2,1,2,2,1,2,3,2,2,2,2,2,2,2,1,2,2,0,0,0
2008,38,35,1,380046,1,8,1,2,1,1,6,1,4,1,1,2,2,2,2,2,2,2,1,2,3,2,2,2,2,2,2,2,2,2,2,0,0,0
2008,38,17,1,380047,1,8,1,2,1,2,6,2,2,2,1,2,2,2,2,2,1,2,2,2,3,2,2,2,2,2,2,2,2,2,2,0,0,0
2008,38,5,2,380048,1,8,1,2,4,2,6,2,1,2,2,2,1,2,2,2,2,2,1,2,1,2,2,2,2,2,2,2,1,2,2,0,0,0
2008,38,59,1,380049,1,8,1,2,4,2,6,2,1,2,2,2,1,2,2,2,2,2,2,2,1,2,2,2,2,2,1,1,1,2,2,0,0,0
2008,38,97,1,380050,1,8,1,2,1,2,4,2,4,2,2,2,2,1,2,2,2,2,2,2,3,2,2,2,2,1,2,2,2,2,2,0,0,0
2008,38,55,1,380051,1,8,1,2,1,2,5,2,2,1,1,2,2,2,2,2,2,2,2,2,3,2,2,2,2,1,2,2,2,1,2,0,0,0
2008,38,61,1,380052,1,8,1,2,1,2,4,2,5,1,1,2,2,1,2,2,2,2,1,2,3,2,2,2,2,2,1,1,2,2,2,1,0,1
2008,38,101,1,380053,1,8,2,2,1,2,3,2,1,2,1,2,1,2,2,2,2,2,2,2,1,2,2,2,2,2,2,2,2,2,2,0,0,0
2008,38,99,1,380054,1,8,1,2,2,2,4,2,1,2,2,2,1,2,2,2,2,2,2,2,1,2,2,2,2,2,2,2,2,2,2,0,0,0
2008,38,5,1,380055,1,8,1,2,4,2,6,2,1,2,2,2,1,2,2,2,2,2,2,2,2,2,2,2,2,2,2,2,1,1,2,0,0,0
2008,38,11,1,380056,1,8,1,2,2,2,6,2,4,2,2,2,1,2,1,2,2,2,2,2,1,2,2,2,2,2,2,2,2,2,2,0,0,0
2008,38,93,1,380057,1,8,1,2,4,2,5,2,1,2,1,2,1,2,2,1,2,2,1,2,1,2,2,2,2,2,2,2,1,2,2,0,0,0
2008,38,101,1,380058,1,8,2,2,1,1,5,1,4,1,1,2,3,1,2,2,2,2,2,2,3,2,2,2,2,2,2,2,2,2,2,0,0,0
2008,38,27,1,380059,1,8,1,2,1,1,4,1,4,1,1,2,2,1,2,2,2,2,2,2,3,2,2,2,2,2,2,2,2,2,2,0,0,0
2008,38,61,1,380060,1,8,1,2,4,2,3,2,1,2,2,2,1,2,2,2,2,2,1,2,3,2,2,2,2,2,2,2,1,2,2,0,0,0
2008,38,79,1,380061,1,8,1,2,4,2,6,2,1,2,2,2,1,2,2,2,2,2,2,2,1,2,2,2,2,2,2,2,1,2,2,0,0,0
2008,38,55,1,380062,1,8,1,2,1,2,4,2,1,2,1,2,1,2,1,2,2,2,2,2,1,2,2,2,2,2,2,2,2,2,2,0,0,0
2008,38,35,1,380063,1,8,1,2,4,2,3,2,1,2,1,2,1,2,2,2,2,2,1,2,1,2,2,2,2,2,2,2,1,2,2,0,0,0
2008,38,13,1,380064,1,8,1,2,1,1,5,1,4,1,1,2,2,1,2,2,2,2,2,2,3,2,2,2,2,2,2,2,2,2,2,0,0,0
2008,38,49,1,380065,1,8,1,2,1,2,4,2,2,2,2,2,2,2,1,2,2,2,2,2,1,2,2,2,2,2,2,2,2,2,2,0,0,0
2008,38,15,1,380066,1,8,2,2,4,2,4,2,1,2,2,2,1,2,1,2,2,2,2,2,1,2,2,2,2,2,2,2,1,2,2,0,0,0
2008,38,15,1,380067,1,8,1,2,4,2,6,2,1,2,2,2,1,2,1,2,2,2,2,2,1,2,2,2,2,2,2,2,1,2,2,0,0,0
2008,38,79,1,380068,1,8,1,2,4,2,6,2,1,1,1,2,1,2,2,2,2,2,1,2,3,2,2,2,2,2,2,2,1,2,2,1,1,1
2008,38,29,1,380069,1,8,1,2,4,2,6,2,3,1,2,2,2,2,1,2,2,2,2,2,3,1,2,1,2,2,2,2,2,2,2,0,0,0
2008,38,57,1,380070,1,8,1,2,4,1,3,1,1,2,1,2,1,2,2,2,2,2,1,2,1,2,2,2,2,2,2,2,2,2,2,0,0,0
2008,38,17,1,380071,1,8,2,2,1,1,3,1,4,1,1,2,2,2,1,1,2,2,2,2,2,1,2,1,1,2,2,1,2,2,2,0,0,0
2008,38,67,1,380072,1,8,1,2,4,2,6,2,1,2,2,2,1,2,2,1,2,2,1,2,1,2,2,1,1,2,2,1,1,2,2,0,0,0
2008,38,91,2,380073,1,8,1,2,1,1,4,1,4,1,1,2,2,1,2,2,2,2,2,2,3,2,2,2,2,1,2,2,2,2,2,0,0,0
2008,38,101,1,380074,1,8,2,2,1,1,3,1,4,1,1,2,2,1,2,2,2,2,2,2,3,2,2,2,2,2,2,2,2,2,2,0,0,0
2008,38,59,1,380075,1,8,1,2,1,2,3,2,1,1,1,2,1,1,2,2,2,2,1,2,2,2,2,2,2,2,2,2,1,1,2,0,0,0
2008,38,43,1,380076,1,8,1,2,4,2,6,2,1,2,1,2,1,2,2,2,2,2,1,2,3,2,2,2,2,2,2,2,1,2,2,0,0,0
2008,38,53,1,380077,1,8,1,2,1,2,3,2,5,1,1,2,2,1,2,2,2,2,2,2,3,2,2,2,2,2,1,1,2,2,2,0,0,0
2008,38,89,2,380078,1,8,1,1,1,2,1,3,4,1,1,2,2,2,2,2,2,2,2,2,3,2,2,2,2,1,2,2,2,2,2,0,0,0
2008,38,1,1,380079,1,8,1,2,4,2,5,2,1,2,1,2,1,2,2,1,2,2,1,2,3,2,2,2,2,2,1,1,1,2,2,0,0,0
2008,38,81,1,380080,1,8,1,2,4,2,6,2,1,2,1,2,1,2,2,2,2,2,1,2,3,1,1,1,1,2,2,1,1,2,2,0,0,0
2008,38,77,1,380081,1,8,1,2,1,2,3,2,4,1,1,2,2,1,2,2,2,2,2,2,3,2,2,2,2,2,2,2,2,2,2,0,0,0
2008,38,53,3,380082,1,8,1,2,1,2,3,2,3,1,1,2,2,2,2,2,2,2,2,2,1,1,1,1,1,2,2,1,2,2,2,1,1,1
2008,38,97,1,380083,1,8,1,2,1,2,4,2,5,2,2,2,2,2,2,2,2,2,1,2,3,1,1,1,1,2,2,1,2,2,2,0,0,0
2008,38,71,1,380084,1,8,1,2,4,2,3,2,1,2,1,2,1,2,2,2,2,2,1,2,1,1,1,1,1,2,2,1,1,2,2,0,0,0
2008,38,77,1,380085,1,8,1,2,4,2,5,2,1,2,1,2,1,2,2,1,2,2,1,2,1,2,2,2,2,2,2,2,1,2,2,0,0,0
2008,38,77,1,380086,1,8,1,2,4,2,4,2,1,1,1,2,1,2,2,2,2,2,2,2,2,2,2,2,2,1,2,2,1,2,2,0,0,0
2008,38,25,2,380087,1,8,1,2,4,2,4,2,1,2,2,2,1,2,2,2,2,2,2,2,1,2,2,2,2,2,2,2,1,2,2,0,0,0
2008,38,85,1,380088,1,8,1,2,1,1,6,1,1,2,2,1,1,2,2,1,1,2,2,2,1,2,2,2,2,2,2,2,2,2,2,1,1,1
2008,38,77,1,380089,1,8,1,2,4,2,5,2,1,2,2,2,1,2,2,1,2,2,1,2,1,2,2,2,2,2,2,2,1,1,2,0,0,0
2008,38,17,1,380090,1,8,1,2,1,2,5,2,3,2,1,2,2,2,2,1,2,2,2,2,1,2,2,2,2,2,2,2,1,2,2,0,0,0
2008,38,61,1,380091,1,8,1,2,1,2,6,2,1,2,2,2,1,2,2,1,2,2,1,2,3,2,2,2,2,2,1,1,1,2,2,1,1,1
2008,38,23,1,380092,1,8,1,2,1,2,3,2,4,1,2,2,2,1,2,2,2,2,2,2,3,2,2,2,2,2,2,2,1,2,2,0,0,0
2008,38,53,1,380093,1,8,1,2,1,2,6,2,3,1,2,2,2,1,2,2,1,2,2,2,1,2,2,2,2,1,2,2,2,2,2,0,0,0
2008,38,17,1,380094,1,8,2,2,1,2,3,2,4,1,1,2,3,2,2,2,2,2,2,2,3,1,2,1,2,2,2,2,2,2,2,0,0,0
2008,38,15,1,380095,1,8,2,2,1,1,4,1,1,1,1,2,1,1,2,2,1,2,2,2,2,2,2,2,2,1,2,2,2,2,2,0,0,0
2008,38,61,1,380096,1,8,1,2,1,2,4,2,1,2,1,2,1,2,2,2,1,2,2,2,2,2,2,2,2,2,1,1,2,1,2,1,1,1
2008,38,77,1,380097,1,8,1,1,1,2,1,2,4,1,1,2,3,1,2,1,2,2,2,2,3,2,2,2,2,2,1,1,1,2,2,0,0,0
2008,39,135,1,390001,1,5,1,2,1,1,5,1,4,1,1,2,3,1,2,2,2,2,2,2,3,2,2,2,2,1,2,2,2,2,2,0,0,0
2008,39,71,1,390002,1,5,1,2,1,2,4,2,4,1,1,2,2,2,2,2,2,2,2,2,3,2,2,2,2,1,2,2,1,2,2,0,0,0
2008,39,49,1,390003,1,5,2,1,2,2,1,3,1,2,1,2,1,2,2,1,2,2,2,2,1,2,2,2,2,2,2,2,1,2,2,0,0,0
2008,39,93,1,390004,1,5,1,2,1,2,5,2,1,2,2,2,1,2,2,2,1,2,2,2,2,2,2,2,2,1,2,2,2,2,2,0,0,0
2008,39,61,1,390005,1,5,2,2,1,1,5,1,1,2,2,2,1,2,2,2,1,2,2,2,2,2,2,2,2,1,2,2,2,2,2,0,0,0
2008,39,99,1,390006,1,5,1,2,1,2,3,2,3,2,2,2,2,2,2,2,2,2,1,2,2,1,1,1,1,2,2,1,1,2,2,0,0,0
2008,39,61,1,390007,1,5,2,2,4,2,2,2,1,1,1,1,2,2,1,1,2,2,2,2,2,2,2,2,2,2,1,1,1,2,2,0,0,0
2008,39,1,1,390008,1,5,1,2,4,2,5,2,1,1,1,2,1,2,2,1,2,2,2,2,1,2,2,2,2,2,1,1,1,2,2,0,0,0
2008,39,7,1,390009,1,5,1,2,1,2,6,2,1,1,2,2,1,2,2,2,1,2,2,2,3,2,2,2,2,2,2,2,2,2,2,0,0,0
2008,39,49,1,390010,1,5,2,2,4,2,6,2,1,2,2,2,1,2,2,2,2,2,1,2,1,2,2,2,2,2,2,2,1,2,2,0,0,0
2008,39,123,1,390011,1,5,1,2,1,2,6,2,4,2,1,2,2,1,2,2,2,2,2,2,1,2,2,2,2,2,2,2,1,2,2,0,0,0
2008,39,7,4,390012,1,5,1,2,4,2,6,2,1,2,2,2,1,2,2,2,2,2,1,2,1,2,2,2,2,2,2,2,1,2,2,0,0,0
2008,39,63,1,390013,1,5,1,1,1,2,1,2,2,2,2,2,2,2,2,2,2,2,1,2,1,2,2,2,2,2,2,2,2,2,2,0,0,0
2008,39,79,1,390014,1,5,1,2,4,2,5,2,1,2,2,2,1,2,2,1,2,2,1,2,1,2,2,2,2,2,2,2,1,2,2,0,0,0
2008,39,93,1,390015,1,5,2,2,1,2,2,3,5,2,2,2,2,2,2,1,2,2,1,2,3,2,2,2,2,2,1,1,1,2,2,0,0,0
2008,39,161,1,390016,1,5,1,2,1,1,6,1,2,2,1,2,2,2,2,2,2,2,2,2,3,2,2,2,2,1,2,2,2,2,2,0,0,0
2008,39,61,1,390017,1,5,2,2,4,2,5,2,1,1,1,2,1,2,2,2,2,2,2,2,2,2,2,2,2,1,2,2,1,2,2,0,0,0
2008,39,49,1,390018,1,5,2,1,1,2,1,2,1,2,1,2,3,2,2,2,1,2,2,2,3,2,2,2,2,2,2,2,2,2,2,0,0,0
2008,39,41,1,390019,1,5,1,1,2,2,1,2,2,1,1,2,1,2,2,2,2,2,2,2,2,2,2,2,2,2,2,2,1,2,2,0,0,0
2008,39,49,1,390020,1,5,2,1,1,2,1,2,4,2,2,2,2,2,2,1,2,2,2,2,1,2,2,1,1,2,2,1,1,2,2,0,0,0
2008,39,25,1,390021,1,5,1,2,4,2,3,2,1,1,1,2,1,2,2,2,2,2,1,2,2,2,2,2,2,1,2,2,1,2,2,0,0,0
2008,39,49,1,390022,1,5,1,1,1,2,1,3,3,1,1,2,2,2,2,2,2,2,2,2,3,2,2,2,2,2,2,2,1,2,2,0,0,0
2008,39,95,1,390023,1,5,1,2,1,1,5,1,4,1,1,2,2,1,2,2,2,2,2,2,3,2,2,2,2,1,2,2,2,2,2,0,0,0
2008,39,35,1,390024,1,5,2,2,4,2,6,2,1,2,1,2,1,2,2,2,2,2,2,2,1,2,2,2,2,2,2,2,1,2,2,0,0,0
2008,39,55,1,390025,1,5,1,2,1,2,5,3,4,2,1,2,2,1,2,2,2,2,2,2,2,1,1,1,1,2,2,1,2,2,2,0,0,0
2008,39,33,1,390026,1,5,1,2,4,2,4,2,1,2,2,2,1,2,2,1,2,2,1,2,1,2,2,2,2,2,2,2,1,2,2,0,0,0
2008,39,61,2,390027,1,5,1,2,1,1,3,1,4,1,1,2,2,1,2,2,2,2,2,2,3,2,2,2,2,2,2,2,2,2,2,0,0,0
2008,39,41,1,390028,1,5,1,1,4,2,1,3,1,1,1,2,1,2,2,2,2,2,2,2,2,2,2,2,2,2,2,2,1,2,2,0,0,0
2008,39,173,1,390029,1,5,1,2,3,2,3,2,1,1,1,2,1,1,2,2,2,2,2,2,2,2,2,2,2,2,2,2,1,2,2,0,0,0
2008,39,129,1,390030,1,5,1,2,1,2,3,2,2,2,2,2,2,2,2,1,2,2,2,2,3,2,2,2,2,2,2,2,2,2,2,0,0,0
2008,39,17,2,390031,1,5,1,2,4,2,5,2,1,2,2,2,1,2,2,2,2,2,2,2,1,2,2,1,1,2,2,1,1,2,2,0,0,0
2008,39,61,1,390032,1,5,2,1,3,2,1,3,1,2,2,2,1,2,2,1,2,2,2,2,1,2,2,2,2,2,2,2,1,2,2,0,0,0
2008,39,49,1,390033,1,5,2,1,4,2,1,3,1,1,1,2,1,2,2,2,2,2,2,2,2,2,2,2,2,2,2,2,1,2,2,0,0,0
2008,39,169,2,390034,1,5,1,2,1,1,5,1,4,1,1,2,2,2,2,2,2,2,1,2,2,2,2,2,2,1,2,2,2,2,2,0,0,0
2008,39,95,3,390035,1,5,1,2,1,2,3,2,5,2,1,2,2,2,2,2,2,2,2,2,1,2,2,2,2,2,2,2,1,2,2,0,0,0
2008,39,109,1,390036,1,5,1,1,2,2,1,2,1,1,2,2,1,2,2,1,2,2,2,2,1,2,2,2,2,2,2,2,1,2,2,0,0,0
2008,39,125,1,390037,1,5,1,2,4,2,5,2,1,1,1,2,1,2,2,2,2,2,1,2,2,2,2,2,2,2,2,2,1,2,2,0,0,0
2008,39,117,1,390038,1,5,1,2,1,2,5,2,3,2,1,2,2,2,2,2,2,2,2,2,3,2,2,2,2,1,2,2,1,2,2,0,0,0
2008,39,49,1,390039,1,5,2,2,4,2,2,2,1,1,1,2,1,2,2,2,2,2,2,2,2,2,2,2,2,1,2,2,1,2,2,0,0,0
2008,39,81,1,390040,1,5,2,2,4,2,4,2,1,2,2,2,1,2,2,1,2,2,1,2,1,2,2,2,2,2,2,2,1,2,2,0,0,0
2008,39,157,1,390041,1,5,1,2,3,2,3,2,1,1,1,2,1,2,2,1,1,2,2,2,2,2,2,2,2,2,2,2,1,2,2,0,0,0
2008,39,99,1,390042,1,5,2,2,1,2,6,2,3,2,1,2,2,2,2,2,2,2,2,2,3,2,2,2,2,1,2,2,1,2,2,0,0,0
2008,39,93,1,390043,1,5,2,2,1,2,2,2,1,2,1,2,1,2,2,2,1,2,2,2,3,2,2,2,2,2,2,2,2,2,2,0,0,0
2008,39,119,1,390044,1,5,1,2,1,2,5,2,4,2,2,2,2,2,2,1,2,2,2,2,1,2,2,2,2,2,2,2,1,2,2,0,0,0
2008,39,151,1,390045,1,5,2,2,2,2,2,2,1,1,1,2,1,2,2,2,2,2,1,2,2,2,2,2,2,2,2,2,1,2,2,0,0,0
2008,39,5,1,390046,1,5,1,2,1,2,5,2,1,2,1,2,1,2,2,2,1,2,2,2,2,2,2,2,2,2,2,2,2,2,2,0,0,0
2008,39,139,1,390047,1,5,1,2,4,2,5,2,1,1,1,2,1,2,2,1,2,2,2,2,2,2,2,2,2,2,2,2,1,2,2,0,0,0
2008,39,165,1,390048,1,5,1,2,4,2,6,2,1,2,1,1,1,2,2,1,2,2,2,2,2,2,2,2,2,2,2,2,1,2,2,0,0,0
2008,39,49,1,390049,1,5,2,2,1,1,4,1,1,2,1,2,1,2,2,2,1,2,2,2,3,2,2,2,2,2,2,2,2,2,2,0,0,0
2008,39,129,2,390050,1,5,1,2,4,2,5,2,1,1,1,2,1,2,2,2,2,2,2,2,2,2,2,2,2,2,2,2,1,2,2,0,0,0
2008,39,151,1,390051,1,5,1,2,1,1,3,1,4,2,1,2,2,2,2,2,2,2,2,2,3,2,2,2,2,1,2,2,2,2,2,0,0,0
2008,39,23,1,390052,1,5,2,2,1,1,5,1,4,2,2,2,3,2,2,2,2,2,2,2,1,2,2,2,2,2,2,2,2,2,2,0,0,0
2008,39,25,2,390053,1,5,1,2,1,1,3,1,3,1,1,2,2,2,2,2,2,2,2,2,2,2,2,2,2,2,2,2,2,2,2,0,0,0
2008,39,133,1,390054,1,5,1,2,4,2,5,2,1,1,1,2,1,2,2,2,2,2,2,2,2,2,2,2,2,1,2,2,1,2,2,0,0,0
2008,39,159,1,390055,1,5,1,2,4,2,3,2,1,2,2,2,1,2,2,2,2,2,2,2,1,1,1,1,1,2,2,1,1,2,2,0,0,0
2008,39,155,1,390056,1,5,1,2,4,2,6,2,1,2,2,2,1,2,2,2,2,2,2,2,1,2,2,2,2,2,1,1,1,2,2,0,0,0
2008,39,3,1,390057,1,5,1,2,4,2,4,2,1,1,2,2,1,2,2,1,2,2,1,2,3,2,2,2,2,1,2,2,1,2,2,0,0,0
2008,39,49,1,390058,1,5,2,2,1,1,4,1,3,2,2,2,2,2,2,2,2,2,2,2,1,2,2,2,2,2,2,2,2,2,2,0,0,0
2008,39,65,1,390059,1,5,1,2,4,2,5,2,1,2,2,2,1,2,2,1,2,2,1,2,2,2,2,2,2,2,1,1,1,2,2,0,0,0
2008,39,111,1,390060,1,5,1,2,1,1,4,1,3,1,1,2,2,2,2,2,2,2,2,2,3,1,1,1,1,2,2,1,2,2,2,0,0,0
2008,39,139,1,390061,1,5,1,2,4,2,6,2,1,1,2,2,1,2,2,1,2,2,2,2,2,1,1,1,1,2,2,1,1,2,2,0,0,0
2008,39,19,1,390062,1,5,1,2,4,2,4,2,1,1,1,2,1,2,2,1,2,2,1,2,3,2,2,2,2,1,2,2,1,2,2,0,0,0
2008,39,131,1,390063,1,5,1,2,4,2,5,2,1,1,1,2,1,2,2,1,2,2,2,2,2,2,2,2,2,2,2,2,1,2,2,0,0,0
2008,39,95,1,390064,1,5,1,2,4,2,6,2,1,2,1,2,1,2,2,2,2,2,2,2,1,2,2,2,2,2,2,2,1,2,2,0,0,0
2008,39,73,1,390065,1,5,1,2,4,2,5,2,1,1,1,2,1,2,2,2,2,2,1,2,1,2,2,2,2,2,2,2,1,2,2,0,0,0
2008,39,125,1,390066,1,5,1,2,1,1,5,1,4,1,1,2,2,2,2,2,2,2,2,2,3,2,2,2,2,2,2,2,2,2,2,0,0,0
2008,39,35,1,390067,1,5,2,1,3,2,1,3,1,1,2,2,1,2,2,2,2,2,2,2,2,2,2,2,2,2,2,2,1,2,2,0,0,0
2008,39,35,1,390068,1,5,2,2,4,2,5,2,1,2,1,2,1,2,2,2,2,2,2,2,2,2,2,2,2,2,2,2,1,2,2,0,0,0
2008,39,11,1,390069,1,5,1,2,4,2,3,2,1,2,2,2,1,2,2,2,2,2,2,2,1,2,2,2,2,2,2,2,1,2,2,0,0,0
2008,39,103,1,390070,1,5,1,2,1,2,5,2,3,1,1,2,2,2,2,1,2,2,2,2,3,1,1,1,1,2,2,1,1,2,2,0,0,0
2008,39,151,1,390071,1,5,2,2,1,1,3,1,4,1,2,2,3,2,2,2,2,2,2,2,3,2,2,2,2,1,2,2,2,2,2,0,0,0
2008,39,103,2,390072,1,5,1,2,1,2,5,2,4,1,1,2,2,2,2,2,2,2,2,2,3,2,2,2,2,1,2,2,1,2,2,0,0,0
2008,39,13,1,390073,1,5,1,2,1,2,4,2,3,1,1,2,2,1,2,2,2,2,2,2,3,2,2,2,2,2,2,2,1,2,2,0,0,0
2008,39,113,1,390074,1,5,1,2,1,1,3,1,1,2,2,2,1,2,2,2,1,2,2,2,3,2,2,2,2,2,2,2,2,2,2,0,0,0
2008,39,61,1,390075,1,5,2,2,4,2,5,2,1,1,2,2,1,2,2,2,2,2,2,2,2,2,2,2,2,2,2,2,1,2,2,0,0,0
2008,39,127,1,390076,1,5,1,2,4,2,5,2,1,2,2,2,1,2,2,1,2,2,1,2,1,2,2,2,2,2,2,2,1,2,2,0,0,0
2008,39,169,1,390077,1,5,2,2,4,2,4,2,1,2,2,2,1,2,2,1,2,2,1,2,1,2,2,2,2,2,2,2,1,2,2,0,0,0
2008,39,117,1,390078,1,5,1,2,1,1,5,1,4,1,1,2,2,2,2,2,2,2,2,2,3,1,1,1,1,2,2,1,2,2,2,0,0,0
2008,39,123,1,390079,1,5,1,2,1,2,6,2,1,1,1,2,1,2,2,2,1,2,2,2,2,1,1,1,1,2,2,1,2,2,2,0,0,0
2008,39,47,1,390080,1,5,1,2,1,1,5,1,4,1,2,2,2,2,2,2,2,2,2,2,2,2,2,2,2,2,2,2,2,2,2,0,0,0
2008,39,129,1,390081,1,5,1,2,1,2,5,2,5,1,1,2,2,2,2,2,2,2,2,2,2,1,1,1,1,2,2,1,1,2,2,0,0,0
2008,39,125,1,390082,1,5,2,2,1,2,2,2,4,2,1,2,2,1,2,2,2,2,2,2,1,2,2,2,2,2,2,2,1,2,2,0,0,0
2008,39,55,1,390083,1,5,1,2,1,2,3,2,2,1,1,2,2,2,2,2,2,2,2,2,3,2,2,2,2,2,2,2,1,2,2,0,0,0
2008,39,175,1,390084,1,5,1,2,1,2,5,3,2,2,1,2,2,1,2,2,2,2,2,2,3,2,2,2,2,1,2,2,2,2,2,0,0,0
2008,39,49,1,390085,1,5,2,2,1,1,5,1,5,1,1,2,3,2,2,2,2,2,2,2,3,2,2,2,2,2,1,1,2,2,2,0,0,0
2008,39,43,1,390086,1,5,1,2,4,2,3,2,1,2,2,2,1,2,2,2,2,2,2,2,1,1,1,1,1,2,2,1,1,2,1,0,0,0
2008,39,169,1,390087,1,5,2,2,1,2,3,2,3,1,1,2,2,2,2,2,2,2,2,2,2,1,1,1,1,1,2,1,1,2,2,0,0,0
2008,39,25,1,390088,1,5,1,2,4,2,6,2,1,2,1,2,1,2,2,2,2,2,1,2,1,1,1,1,1,2,2,1,1,2,2,0,0,0
2008,39,3,1,390089,1,5,1,1,1,2,1,3,2,1,1,2,2,1,2,1,2,2,2,2,3,2,2,2,2,2,2,2,1,2,2,0,0,0
2008,39,41,1,390090,1,5,2,2,1,1,5,1,4,1,1,2,2,1,2,2,2,2,2,2,3,2,2,2,2,2,2,2,2,2,2,0,0,0
2008,39,99,1,390091,1,5,1,2,2,2,3,2,6,1,1,2,2,1,2,1,2,2,2,2,3,2,2,2,2,2,1,1,1,2,2,0,0,0
2008,39,135,2,390092,1,5,2,2,1,1,4,1,4,2,2,2,2,1,2,2,2,2,2,2,3,2,2,2,2,1,2,2,2,2,2,0,0,0
2008,39,69,1,390093,1,5,1,2,4,2,5,2,1,2,2,2,1,2,2,2,2,2,2,2,3,2,2,1,1,2,2,1,1,2,2,0,0,0
2008,39,81,1,390094,1,5,1,2,4,2,6,2,1,1,1,2,1,2,2,1,2,2,1,2,1,2,2,2,2,2,2,2,1,2,2,0,0,0
2008,39,41,1,390095,1,5,1,2,4,2,5,2,1,1,1,2,1,2,2,2,2,2,1,2,2,2,2,2,2,2,2,2,1,2,2,0,0,0
2008,39,149,1,390096,1,5,1,2,4,2,5,2,1,1,2,2,1,2,2,2,2,2,2,2,3,2,2,2,2,1,2,2,1,2,2,0,0,0
2008,39,61,1,390097,1,5,2,2,4,2,5,2,1,2,2,2,1,2,2,2,2,2,2,2,1,2,2,2,2,2,2,2,1,2,2,0,0,0
2008,39,19,1,390098,1,5,1,2,1,2,4,2,4,2,1,2,2,2,2,1,2,2,2,2,2,2,2,2,2,2,2,2,1,2,2,0,0,0
2008,39,155,1,390099,1,5,1,2,4,2,4,2,1,2,2,2,1,2,2,2,2,2,2,2,1,2,2,2,2,2,2,2,1,2,2,0,0,0
2008,39,117,2,390100,1,5,1,2,1,2,4,3,4,2,2,2,2,2,2,1,2,2,2,2,3,2,2,2,2,2,2,2,1,2,2,0,0,0
2008,39,127,1,390101,1,5,1,2,1,2,4,2,4,2,2,2,2,2,2,2,2,2,1,2,3,2,2,2,2,2,2,2,1,2,2,0,0,0
2008,39,17,1,390102,1,5,2,2,1,2,5,2,3,2,1,2,2,2,2,2,2,2,2,2,3,2,2,2,2,2,2,2,1,2,2,0,0,0
2008,39,173,1,390103,1,5,1,2,4,2,5,2,1,2,2,2,1,2,2,1,2,2,2,2,1,2,2,2,2,2,2,2,1,2,2,0,0,0
2008,39,161,1,390104,1,5,2,2,1,2,2,2,4,2,2,2,2,2,2,2,2,2,2,2,3,2,2,2,2,2,2,2,1,2,2,0,0,0
2008,39,141,2,390105,1,5,1,2,4,2,5,2,1,1,1,2,1,2,2,1,2,2,2,2,2,2,2,2,2,2,2,2,1,2,2,0,0,0
2008,39,87,1,390106,1,5,1,2,1,1,5,1,4,2,1,2,2,2,2,2,2,2,2,2,1,2,2,2,2,2,2,2,2,2,2,0,0,0
2008,39,151,1,390109,1,5,1,2,1,1,4,1,3,1,1,2,2,2,2,2,2,2,1,2,3,1,1,1,1,2,2,1,2,2,2,0,0,0
2008,39,23,1,390110,1,5,2,2,1,1,4,1,4,2,1,2,2,2,2,1,2,2,2,2,1,1,1,1,1,2,2,1,2,2,2,0,0,0
2008,39,119,1,390111,1,5,2,2,1,1,3,1,1,2,2,2,1,2,2,2,1,2,2,2,3,2,2,2,2,1,2,2,2,2,2,0,0,0
2008,39,95,1,390112,1,5,1,2,1,1,5,1,4,1,2,2,2,2,2,2,2,2,1,2,3,2,2,2,2,2,2,2,2,2,2,0,0,0
2008,39,45,1,390113,1,5,1,2,1,2,4,2,3,1,1,2,3,1,2,2,2,2,2,2,3,2,2,2,2,2,2,2,1,2,2,0,0,0
2008,39,25,1,390116,1,5,1,2,1,2,6,2,1,1,2,2,1,2,1,2,2,2,2,2,2,2,2,2,2,2,2,2,2,2,2,0,0,0
2008,39,49,1,390117,1,5,2,1,1,1,1,1,5,2,1,2,2,2,2,2,2,2,2,2,1,2,2,2,2,2,1,1,2,2,2,0,0,0
2008,39,129,1,390118,1,5,1,2,4,2,5,2,1,1,1,2,1,2,2,2,2,2,2,2,2,2,2,2,2,2,2,2,1,2,2,0,0,0
2008,39,49,1,390119,1,5,2,2,1,1,4,1,1,2,2,1,1,2,2,2,1,2,2,2,3,2,2,2,2,2,2,2,2,2,2,0,0,0
2008,39,95,1,390120,1,5,2,2,2,2,5,2,1,2,1,2,1,2,2,2,2,2,2,2,1,2,2,2,2,2,2,2,1,2,2,0,0,0
2008,39,79,1,390121,1,5,1,2,4,2,3,2,1,1,1,2,3,1,2,1,2,2,2,2,3,2,2,2,2,2,2,2,1,2,2,0,0,0
2008,39,139,1,390122,1,5,1,2,4,2,4,2,1,1,1,2,1,2,2,2,2,2,2,2,2,2,2,2,2,2,2,2,1,2,2,0,0,0
2008,39,61,1,390123,1,5,2,2,1,2,6,3,1,2,1,2,1,2,2,2,1,2,2,2,2,2,2,2,2,2,2,2,2,2,2,0,0,0
2008,39,155,1,390124,1,5,1,1,3,2,1,2,1,2,2,2,1,2,2,2,2,2,1,2,1,2,2,2,2,2,1,1,1,2,2,0,0,0
2008,39,171,2,390125,1,5,1,2,1,1,5,1,3,1,1,2,2,2,2,2,2,2,2,2,3,2,2,2,2,1,1,1,2,2,2,0,0,0
2008,39,35,1,390126,1,5,2,2,4,2,6,2,1,1,1,2,1,2,2,2,2,2,2,2,2,2,2,2,2,2,2,2,1,2,2,0,0,0
2008,39,151,1,390127,1,5,1,2,4,2,3,2,1,2,2,2,1,2,2,1,2,2,1,2,3,2,2,2,2,2,1,1,1,2,2,0,0,0
2008,39,17,1,390128,1,5,2,2,4,2,3,2,1,2,1,2,1,2,2,1,2,2,2,2,1,2,2,2,2,2,2,2,1,2,2,0,0,0
2008,39,95,1,390129,1,5,2,2,1,2,4,2,1,1,1,1,2,2,2,2,1,2,2,2,3,2,2,2,2,2,2,2,2,2,2,0,0,0
2008,39,35,1,390130,1,5,2,2,4,2,4,2,1,1,1,2,1,2,2,2,2,2,2,2,3,2,2,2,2,2,2,2,1,2,2,0,0,0
2008,39,93,1,390131,1,5,2,2,4,2,6,2,1,2,2,2,1,2,2,2,2,2,1,2,3,2,2,2,2,2,2,2,1,2,2,0,0,0
2008,39,29,1,390132,1,5,1,2,1,2,5,2,3,1,1,2,2,2,2,2,2,2,2,2,3,1,1,1,1,2,2,1,1,2,2,0,0,0
2008,39,21,1,390133,1,5,1,2,4,2,5,2,1,1,2,2,1,2,2,2,2,2,2,2,3,2,2,2,2,2,2,2,1,1,2,0,0,0
2008,39,51,1,390134,1,5,1,2,1,2,5,2,3,2,1,2,2,1,2,2,2,2,2,2,3,2,2,2,2,1,2,2,1,2,2,0,0,0
2008,39,29,1,390135,1,5,1,2,1,2,4,2,3,1,1,2,2,2,2,2,2,2,2,2,2,1,1,1,1,2,2,1,1,2,2,0,0,0
2008,39,99,1,390136,1,5,2,2,4,1,6,1,1,2,1,2,1,2,2,1,2,2,2,2,1,2,2,2,2,2,2,2,2,2,2,0,0,0
2008,39,113,1,390137,1,5,1,1,1,2,1,3,2,2,1,2,2,1,2,1,2,2,2,2,2,2,2,2,2,2,1,1,2,1,2,0,0,0
2008,39,151,1,390138,1,5,2,2,1,2,3,3,3,1,1,2,2,2,2,2,2,2,2,2,3,2,2,2,2,1,2,2,2,2,2,0,0,0
2008,39,35,1,390139,1,5,2,2,1,1,4,1,1,1,1,2,1,2,2,1,1,2,2,2,3,1,1,1,1,2,2,1,2,2,2,0,0,0
2008,39,151,1,390140,1,5,2,2,1,2,2,2,5,1,1,2,2,2,2,2,2,2,2,2,3,2,2,2,2,1,1,1,1,2,2,0,0,0
2008,39,23,1,390141,1,5,1,2,1,1,5,1,4,2,1,2,2,2,2,2,2,2,2,2,3,1,1,1,1,1,2,1,2,2,2,0,0,0
2008,39,29,1,390142,1,5,1,2,1,2,5,2,3,1,1,2,2,1,2,2,2,2,2,2,2,2,2,2,2,2,2,2,1,2,2,0,0,0
2008,39,17,1,390143,1,5,2,2,1,2,6,3,1,1,1,2,1,2,2,2,2,1,2,2,3,2,2,2,2,2,2,2,2,2,2,0,0,0
2008,39,139,5,390144,1,5,1,2,4,2,5,2,1,1,2,2,1,2,2,1,2,2,1,2,2,2,2,2,2,2,1,1,1,2,2,0,0,0
2008,39,57,1,390145,1,5,2,1,3,2,1,2,1,1,2,2,1,2,2,2,2,2,1,2,2,2,2,2,2,2,2,2,1,2,2,0,0,0
2008,39,49,1,390146,1,5,2,1,1,2,1,2,2,1,2,2,2,1,1,2,2,2,2,2,3,2,2,2,2,2,2,2,2,2,2,0,0,0
2008,39,41,1,390147,1,5,2,2,1,1,6,1,1,1,1,2,1,2,2,2,1,2,2,2,3,2,2,2,2,2,2,2,2,2,2,0,0,0
2008,39,3,1,390148,1,5,1,2,1,1,4,1,4,1,2,2,2,2,2,2,2,2,1,2,3,2,2,2,2,1,2,2,2,2,2,0,0,0
2008,39,153,1,390149,1,5,2,2,1,2,5,3,1,2,1,2,1,2,2,2,2,2,2,2,1,2,2,2,2,2,2,2,2,2,2,0,0,0
2008,39,173,1,390150,1,5,1,2,1,2,5,2,1,1,1,2,1,2,2,2,1,2,2,2,2,1,1,1,1,2,2,1,2,2,2,0,0,0
2008,39,171,1,390151,1,5,2,2,4,2,4,2,1,2,2,2,1,2,2,2,2,2,2,2,2,1,1,1,1,2,2,1,1,2,2,0,0,0
2008,39,9,1,390152,1,5,1,2,4,2,5,2,1,2,2,2,1,2,2,1,2,2,2,2,1,2,2,2,2,2,2,2,1,2,2,0,0,0
2008,39,49,1,390153,1,5,2,2,4,2,3,2,1,2,1,2,1,2,2,2,2,2,2,2,1,2,2,2,2,2,2,2,1,2,2,0,0,0
2008,39,157,1,390154,1,5,2,2,1,2,4,2,3,1,1,2,2,2,2,2,2,2,2,2,3,2,2,2,2,1,2,2,1,2,2,0,0,0
2008,39,113,1,390155,1,5,2,2,1,1,4,1,4,1,1,2,2,2,2,2,2,2,2,2,3,2,2,2,2,1,2,2,2,2,2,0,0,0
2008,39,49,1,390156,1,5,2,1,1,2,1,3,3,2,2,2,2,2,2,2,2,2,2,2,3,2,2,2,2,2,1,1,1,2,2,0,0,0
2008,39,49,1,390158,1,5,2,1,1,2,1,3,1,2,1,2,1,1,2,2,1,2,2,2,2,2,2,2,2,2,2,2,2,2,2,0,0,0
2008,39,49,1,390159,1,5,2,2,1,2,4,2,3,1,1,2,2,2,2,2,2,2,2,2,3,1,1,1,1,1,2,1,2,2,2,0,0,0
2008,39,75,1,390161,1,5,1,2,4,2,5,2,1,2,1,2,1,2,2,1,2,2,2,2,2,2,2,2,2,2,2,2,2,2,2,0,0,0
2008,39,129,1,390162,1,5,1,2,4,2,5,2,1,1,1,2,1,2,2,2,2,2,2,2,2,1,1,1,1,2,2,1,1,2,2,0,0,0
2008,39,129,1,390163,1,5,1,2,1,2,6,2,3,1,1,2,2,1,2,2,2,2,2,2,3,1,1,1,1,2,2,1,2,2,2,0,0,0
2008,39,155,1,390165,1,5,1,2,1,2,5,2,1,1,1,2,1,2,2,2,1,2,2,2,3,2,2,2,2,2,2,2,2,2,2,0,0,0
2008,39,69,1,390166,1,5,1,2,1,2,3,2,5,2,1,2,3,1,2,2,2,2,2,2,3,2,2,2,2,2,1,1,2,2,2,0,0,0
2008,39,95,1,390167,1,5,2,2,1,1,3,1,5,2,2,2,2,2,2,2,2,2,2,2,1,2,2,2,2,2,2,2,2,2,2,0,0,0
2008,39,25,1,390168,1,5,1,2,4,2,4,2,1,1,2,2,1,2,2,2,2,2,1,2,2,2,2,2,2,2,2,2,1,2,2,0,0,0
2008,39,157,1,390169,1,5,1,2,4,2,4,2,1,2,1,2,1,2,2,2,2,2,1,2,2,2,2,2,2,2,2,2,2,2,2,0,0,0
2008,39,23,1,390170,1,5,1,2,4,2,5,2,1,2,1,2,1,2,2,2,2,2,2,2,2,1,1,1,1,2,2,1,1,2,2,0,0,0
2008,39,49,1,390171,1,5,1,2,1,1,3,1,4,1,1,2,2,1,2,2,2,2,2,2,1,2,2,2,2,2,2,2,2,2,2,0,0,0
2008,39,11,1,390172,1,5,1,2,1,1,5,1,4,2,2,2,2,2,2,2,2,2,2,2,3,2,2,2,2,1,2,2,2,2,2,0,0,0
2008,39,75,1,390173,1,5,1,2,4,2,5,2,1,2,1,2,1,2,2,2,2,2,2,2,3,1,1,1,1,2,2,1,1,2,2,0,0,0
2008,39,119,1,390174,1,5,1,2,4,2,5,2,1,1,1,2,1,2,2,1,2,2,1,2,2,2,2,2,2,2,1,1,1,2,2,0,0,0
2008,39,61,1,390175,1,5,2,2,4,2,3,2,1,2,2,2,1,2,2,1,2,2,2,2,2,2,2,2,2,2,2,2,1,2,2,0,0,0
2008,39,133,1,390176,1,5,1,2,1,2,5,2,3,2,1,2,2,2,2,1,2,2,2,2,1,2,2,2,2,2,2,2,1,2,2,0,0,0
2008,39,35,1,390177,1,5,2,2,1,2,4,2,3,1,1,1,2,2,2,2,2,2,2,2,3,2,2,2,2,2,2,2,1,2,2,0,0,0
2008,39,57,1,390178,1,5,1,2,1,1,5,1,4,1,1,2,2,1,2,2,2,2,2,2,3,2,2,2,2,1,2,2,2,2,2,0,0,0
2008,39,93,1,390179,1,5,1,3,4,2,7,2,1,2,1,2,1,2,2,2,2,2,1,2,1,2,2,2,2,2,2,2,1,2,2,0,0,0
2008,39,41,2,390180,1,5,2,2,1,2,4,2,3,2,1,2,2,2,2,2,2,2,2,2,3,2,2,2,2,2,2,2,1,2,2,0,0,0
2008,39,61,1,390181,1,5,1,1,4,2,1,3,1,1,1,2,1,2,2,2,2,2,2,2,2,2,2,2,2,2,1,1,1,2,2,0,0,0
2008,39,35,1,390182,1,5,2,1,1,2,1,3,1,2,2,2,1,2,2,2,1,2,2,2,1,2,2,2,2,2,2,2,2,2,2,0,0,0
2008,39,139,1,390183,1,5,2,2,4,2,2,2,1,2,1,2,1,2,2,2,2,2,2,2,2,2,2,2,2,1,2,2,1,2,2,0,0,0
2008,39,23,1,390184,1,5,2,2,4,2,4,2,1,2,1,2,1,2,2,2,2,2,2,2,1,2,2,2,2,2,2,2,1,2,2,0,0,0
2008,39,151,1,390185,1,5,1,2,2,2,6,2,1,2,2,2,1,2,2,1,2,2,2,2,1,2,2,2,2,2,2,2,1,2,2,0,0,0
2008,39,23,1,390186,1,5,1,2,4,2,6,2,1,1,1,2,1,2,2,2,2,2,2,2,2,2,2,2,2,2,2,2,1,2,2,0,0,0
2008,39,85,1,390187,1,5,2,2,4,2,6,2,1,2,2,2,1,2,2,2,2,2,2,2,1,2,2,2,2,2,1,1,1,2,2,0,0,0
2008,39,35,1,390188,1,5,2,2,4,2,2,2,1,2,1,2,1,2,2,1,2,2,2,2,1,2,2,2,2,2,2,2,1,2,2,0,0,0
2008,39,49,1,390189,1,5,2,2,1,1,4,1,1,2,1,1,1,2,2,2,1,2,2,2,3,2,2,2,2,2,1,1,2,2,2,0,0,0
2008,39,23,1,390190,1,5,1,2,4,2,5,2,1,2,2,2,1,2,2,1,2,2,1,2,1,2,2,2,2,2,2,2,1,2,2,0,0,0
2008,39,89,1,390191,1,5,1,1,1,2,1,3,1,1,1,2,1,1,2,2,1,2,2,2,2,2,2,2,2,2,2,2,2,2,2,0,0,0
2008,39,9,1,390192,1,5,1,2,4,2,5,2,1,2,2,2,1,2,1,1,2,2,2,2,1,2,2,2,2,2,2,2,1,2,2,0,0,0
2008,39,155,1,390193,1,5,1,2,4,2,3,2,1,1,2,2,1,2,2,2,2,2,1,2,1,2,2,2,2,2,2,2,1,2,2,0,0,0
2008,39,143,1,390195,1,5,1,2,4,2,5,2,1,2,2,2,1,2,2,2,2,2,1,2,1,2,2,2,2,2,2,2,1,2,2,0,0,0
2008,39,93,1,390196,1,5,1,2,1,1,5,1,4,1,2,2,2,2,1,2,2,2,2,2,2,2,2,2,2,2,2,2,2,2,2,0,0,0
2008,39,61,1,390197,1,5,2,2,1,2,2,2,3,1,1,2,2,2,2,2,2,2,2,2,3,2,2,2,2,2,2,2,1,2,2,0,0,0
2008,39,15,1,390198,1,5,1,2,1,1,3,1,4,2,1,2,2,2,2,2,2,2,2,2,3,2,2,2,2,2,2,2,2,2,2,0,0,0
2008,39,151,2,390199,1,5,1,2,1,2,6,3,5,1,1,2,2,2,2,1,2,2,2,2,2,1,1,1,1,1,2,1,1,2,2,0,0,0
2008,39,83,1,390200,1,5,1,2,1,1,5,1,4,2,2,2,2,2,2,2,2,2,2,2,3,1,1,1,1,2,2,1,2,2,2,0,0,0
2008,39,49,1,390201,1,5,2,1,1,1,1,1,4,1,1,2,2,2,2,1,2,2,2,2,3,1,1,1,1,2,2,1,2,2,2,0,0,0
2008,39,17,1,390202,1,5,2,2,4,2,3,2,5,2,1,2,1,2,2,2,2,2,2,2,1,2,2,2,2,2,2,2,1,2,2,0,0,0
2008,39,35,2,390203,1,5,2,2,4,2,6,2,1,2,2,2,1,2,2,1,2,2,2,2,1,2,2,2,2,2,1,1,1,2,2,0,0,0
2008,39,35,1,390204,1,5,2,2,1,1,3,1,1,2,2,2,1,2,2,2,1,2,2,2,3,2,2,2,2,2,2,2,2,2,2,0,0,0
2008,39,93,1,390206,1,5,2,2,2,2,3,2,1,2,1,2,1,2,2,1,2,2,2,2,1,2,2,2,2,2,2,2,1,2,2,0,0,0
2008,39,71,1,390207,1,5,1,2,4,2,5,2,1,2,1,2,1,2,2,1,2,2,2,2,1,2,2,2,2,2,1,1,1,2,2,0,0,0
2008,39,11,1,390208,1,5,1,2,1,1,3,1,4,1,2,2,2,2,1,2,2,2,2,2,2,2,2,2,2,1,2,2,2,2,2,0,0,0
2008,39,159,1,390210,1,5,1,2,4,2,5,2,1,2,2,2,1,2,2,2,2,2,2,2,1,2,2,2,2,2,2,2,1,2,2,0,0,0
2008,39,49,1,390211,1,5,2,2,1,1,5,1,1,1,1,2,1,1,2,2,1,2,2,2,3,2,2,2,2,2,2,2,2,2,2,0,0,0
2008,39,49,1,390212,1,5,2,1,1,2,1,2,2,1,2,2,2,2,2,1,2,2,2,2,3,2,2,2,2,2,1,1,2,2,2,0,0,0
2008,39,155,1,390214,1,5,2,2,4,2,6,2,1,2,1,2,1,2,2,1,2,2,2,2,1,2,2,2,2,2,1,1,1,2,2,0,0,0
2008,39,93,1,390215,1,5,2,2,1,2,2,2,3,1,1,2,2,2,2,2,2,2,2,2,3,2,2,2,2,2,2,2,1,2,2,0,0,0
2008,39,151,1,390216,1,5,1,2,1,1,5,1,4,1,2,2,3,2,2,2,2,2,2,2,3,1,1,1,1,2,2,1,2,2,2,0,0,0
2008,39,35,1,390217,1,5,2,2,4,2,4,2,1,2,1,2,1,2,2,2,2,2,2,2,1,2,2,2,2,2,2,2,1,2,2,0,0,0
2008,39,19,1,390218,1,5,1,2,1,2,5,2,1,1,2,2,1,2,2,2,2,2,1,2,2,2,2,2,2,2,2,2,2,2,2,0,0,0
2008,39,71,1,390219,1,5,1,2,4,2,6,2,1,2,1,2,1,2,2,1,2,2,1,2,2,1,1,1,1,2,2,1,1,2,2,0,0,0
2008,39,157,1,390220,1,5,1,2,4,2,5,2,1,2,1,2,1,2,2,2,2,2,2,2,1,2,2,2,2,2,2,2,1,2,2,0,0,0
2008,39,119,1,390221,1,5,1,2,4,2,6,2,1,1,2,2,1,2,1,1,2,2,2,2,2,2,2,2,2,2,2,2,1,2,2,0,0,0
2008,39,13,1,390222,1,5,2,2,4,2,6,2,1,1,1,2,1,2,2,2,2,2,1,2,1,2,2,2,2,2,2,2,1,2,2,0,0,0
2008,39,9,2,390223,1,5,1,2,1,2,5,2,3,1,1,2,2,2,2,2,2,2,2,2,2,1,1,1,1,1,2,1,1,2,2,0,0,0
2008,39,99,1,390224,1,5,2,2,1,1,3,1,4,1,1,2,2,2,2,2,1,2,2,2,3,1,1,1,1,2,2,1,2,2,2,0,0,0
2008,39,29,1,390225,1,5,1,2,1,1,3,1,4,1,1,2,2,2,2,2,2,2,1,2,3,2,2,2,2,1,1,1,2,2,2,0,0,0
2008,39,63,1,390226,1,5,1,2,4,2,6,2,1,1,1,2,1,2,2,1,2,2,2,2,1,2,2,2,2,2,2,2,1,2,2,0,0,0
2008,39,29,1,390227,1,5,1,2,4,2,6,2,1,2,1,2,1,2,2,1,2,2,2,2,1,2,2,2,2,2,2,2,1,2,2,0,0,0
2008,39,53,1,390228,1,5,1,2,1,2,5,2,3,1,1,2,2,2,1,2,2,2,2,2,3,1,1,1,1,2,2,1,1,2,2,0,0,0
2008,39,139,1,390229,1,5,2,2,1,2,6,3,1,1,1,2,1,2,2,2,2,2,2,2,2,2,2,2,2,2,1,1,2,2,2,0,0,0
2008,39,49,1,390230,1,5,1,2,4,2,6,2,1,2,2,2,1,2,2,2,2,2,2,2,1,2,2,2,2,2,1,1,1,2,2,0,0,0
2008,39,7,1,390231,1,5,1,2,1,2,6,2,1,2,1,1,1,2,2,2,2,1,2,2,3,2,2,2,2,2,2,2,1,2,2,0,0,0
2008,39,79,1,390232,1,5,1,2,4,2,5,2,1,1,1,2,1,2,2,1,2,2,2,2,3,2,2,2,2,1,2,2,1,2,2,0,0,0
2008,39,51,1,390233,1,5,1,2,4,2,5,2,1,2,1,2,1,2,2,2,2,2,2,2,1,2,2,1,1,2,2,1,1,2,2,0,0,0
2008,39,89,1,390234,1,5,1,2,2,2,5,2,1,1,1,2,1,2,2,2,2,2,2,2,2,2,2,2,2,1,2,2,1,2,2,0,0,0
2008,39,83,1,390235,1,5,1,2,4,2,4,2,1,2,1,2,1,2,2,1,2,2,2,2,1,2,2,2,2,2,2,2,1,2,2,0,0,0
2008,39,49,1,390236,1,5,2,2,4,2,3,2,1,2,1,2,1,2,2,2,2,2,2,2,1,2,2,2,2,2,2,2,1,2,2,0,0,0
2008,39,41,2,390238,1,5,1,2,4,2,5,2,1,2,2,2,1,2,2,1,2,2,2,2,1,1,1,1,1,2,2,1,1,2,2,0,0,0
2008,39,93,1,390239,1,5,2,2,4,2,6,2,1,2,1,2,1,2,2,1,2,2,1,2,2,1,1,1,1,2,2,1,1,2,2,0,0,0
2008,39,71,1,390240,1,5,1,2,1,2,4,2,1,1,1,2,1,2,2,2,1,2,2,2,2,2,2,2,2,2,2,2,2,2,2,0,0,0
2008,39,49,1,390241,1,5,2,2,1,2,6,2,4,2,1,2,2,1,2,2,2,2,2,2,1,2,2,2,2,2,2,2,2,2,2,0,0,0
2008,39,81,1,390243,1,5,2,2,1,2,3,3,4,1,2,2,2,2,2,2,2,2,2,2,1,2,2,2,2,2,2,2,2,2,2,0,0,0
2008,39,99,1,390244,1,5,1,1,4,2,1,2,1,2,2,2,2,2,2,2,2,2,2,2,1,2,2,2,2,2,2,2,1,2,2,0,0,0
2008,39,145,1,390245,1,5,2,2,1,1,3,1,1,2,1,2,1,2,2,2,1,2,2,2,2,2,2,2,2,2,2,2,2,2,2,0,0,0
2008,39,133,1,390246,1,5,1,2,1,1,4,1,4,1,1,2,2,2,1,2,2,2,2,2,3,2,2,2,2,2,2,2,2,2,2,0,0,0
2008,39,7,1,390247,1,5,1,2,1,1,5,1,4,1,1,2,2,2,2,1,2,2,2,1,1,2,2,2,2,1,2,2,2,2,2,0,0,0
2008,39,155,1,390248,1,5,2,2,1,2,3,2,1,2,1,1,2,2,2,2,1,2,2,2,3,2,2,2,2,2,2,2,2,2,2,0,0,0
2008,39,163,1,390249,1,5,1,2,1,1,3,1,4,2,1,2,2,2,2,2,2,2,2,2,2,2,2,2,2,1,2,2,2,2,2,0,0,0
2008,39,131,1,390250,1,5,1,2,1,1,3,1,4,1,1,2,2,2,2,2,2,2,2,2,2,2,2,2,2,2,2,2,2,2,2,0,0,0
2008,39,35,1,390251,1,5,2,2,4,1,4,1,1,2,2,2,1,2,2,1,2,2,2,2,1,2,2,2,2,2,2,2,2,2,2,0,0,0
2008,39,25,1,390252,1,5,2,2,1,1,4,1,1,2,1,2,1,2,2,2,2,2,2,2,2,2,2,2,2,2,2,2,2,2,2,0,0,0
2008,39,13,1,390253,1,5,1,2,1,2,4,3,4,2,1,2,2,2,1,1,2,2,2,2,1,2,2,2,2,2,2,2,2,2,2,0,0,0
2008,39,173,2,390254,1,5,1,2,4,2,5,2,1,2,1,2,1,2,2,1,2,2,1,2,1,2,2,2,2,2,2,2,1,2,2,0,0,0
2008,39,173,1,390255,1,5,1,2,4,2,5,2,1,1,1,2,1,2,2,1,2,2,1,2,1,2,2,2,2,2,2,2,1,2,2,0,0,0
2008,39,49,1,390256,1,5,1,2,4,2,6,2,1,2,1,2,1,2,1,2,2,2,2,2,2,2,2,2,2,2,2,2,1,2,2,0,0,0
2008,39,95,1,390257,1,5,2,2,1,1,3,1,2,1,1,2,2,1,2,2,2,2,2,2,3,2,2,2,2,1,2,2,2,2,2,0,0,0
2008,39,141,1,390258,1,5,1,2,4,2,4,2,1,1,1,2,1,2,2,2,2,2,2,2,3,1,1,1,1,2,2,1,1,2,2,0,0,0
2008,39,141,1,390259,1,5,1,2,1,1,3,1,4,2,1,2,2,2,1,2,2,2,2,2,3,2,2,2,2,2,2,2,2,2,2,0,0,0
2008,39,37,1,390260,1,5,1,2,1,2,4,2,3,2,2,2,2,1,2,2,2,2,2,2,3,2,2,2,2,2,2,2,1,2,2,0,0,0
2008,39,35,1,390261,1,5,2,2,4,2,5,2,1,2,2,2,1,2,2,2,1,2,2,2,2,2,2,2,2,2,2,2,1,2,2,0,0,0
2008,39,95,2,390262,1,5,2,2,1,1,3,1,4,1,1,2,2,2,2,2,2,2,2,2,3,2,2,2,2,1,2,2,2,2,2,0,0,0
2008,39,39,1,390263,1,5,1,2,4,2,6,2,1,1,1,2,1,2,2,1,2,2,2,2,2,1,1,1,1,2,2,1,1,2,2,0,0,0
2008,39,35,1,390264,1,5,2,1,1,2,1,2,1,2,2,2,1,2,2,2,1,2,2,2,2,2,2,2,2,2,2,2,2,2,2,0,0,0
2008,39,51,1,390265,1,5,2,2,1,1,4,1,4,1,1,2,2,2,2,2,2,2,2,2,3,1,1,1,1,2,2,1,2,2,2,0,0,0
2008,39,59,1,390266,1,5,1,2,4,2,6,2,1,2,2,2,1,2,2,1,2,2,1,2,1,2,2,2,2,2,2,2,1,2,2,0,0,0
2008,39,165,1,390267,1,5,1,2,1,2,3,2,3,1,1,2,2,1,2,2,2,2,2,2,2,1,1,1,1,2,2,1,1,2,2,0,0,0
2008,39,35,2,390268,1,5,2,1,1,2,1,3,3,2,2,2,3,2,2,2,2,2,1,2,1,2,2,2,2,2,2,2,2,2,2,0,0,0
2008,39,151,1,390269,1,5,1,2,1,1,3,1,4,1,1,2,2,2,2,2,2,2,2,2,3,2,2,2,2,2,2,2,2,2,2,0,0,0
2008,39,65,1,390270,1,5,1,2,4,2,6,2,1,2,1,2,1,2,2,2,2,2,1,2,2,1,1,1,1,2,2,1,1,2,2,0,0,0
2008,39,17,1,390271,1,5,1,2,1,2,5,2,3,2,2,2,2,2,1,1,2,2,2,2,1,2,2,2,2,1,2,2,1,2,2,0,0,0
2008,39,87,1,390272,1,5,2,2,1,1,6,1,1,2,2,2,1,2,2,2,1,2,2,2,2,2,2,2,2,2,2,2,2,2,2,0,0,0
2008,39,61,1,390273,1,5,2,2,1,2,5,3,4,1,1,2,2,1,2,2,2,2,2,2,3,2,2,2,2,1,2,2,1,2,2,0,0,0
2008,39,49,1,390274,1,5,2,2,1,1,5,1,1,2,2,2,1,2,2,2,2,1,2,2,3,2,2,2,2,2,2,2,2,2,2,0,0,0
2008,39,85,1,390275,1,5,2,2,4,2,2,2,1,1,2,2,1,2,1,2,2,2,2,2,2,2,2,2,2,2,2,2,1,2,2,0,0,0
2008,39,109,2,390276,1,5,1,2,1,1,5,1,1,2,1,2,1,2,1,2,2,2,2,2,1,2,2,2,2,2,2,2,2,2,2,0,0,0
2008,39,155,1,390277,1,5,2,2,1,2,2,2,5,2,2,2,2,2,2,2,1,2,2,2,3,2,2,2,2,1,2,2,2,2,2,0,0,0
2008,39,131,1,390278,1,5,1,2,1,2,6,2,4,2,1,2,2,2,2,2,2,2,1,2,2,2,2,2,2,2,1,1,2,2,2,0,0,0
2008,39,169,1,390279,1,5,1,2,1,1,4,1,4,2,2,2,2,2,1,2,2,2,2,2,1,2,2,2,2,2,2,2,2,2,2,0,0,0
2008,39,113,1,390280,1,5,2,2,1,2,3,3,4,2,2,2,2,2,1,2,2,2,2,2,1,2,2,2,2,2,2,2,2,2,2,0,0,0
2008,39,85,1,390281,1,5,2,2,4,2,6,2,1,2,2,2,1,2,1,1,2,2,2,2,1,2,2,2,2,2,1,1,1,2,2,0,0,0
2008,39,23,1,390282,1,5,1,2,4,2,6,2,1,1,2,2,1,2,1,2,2,2,2,2,2,1,1,1,1,2,2,1,1,1,2,0,0,0
2008,39,23,1,390283,1,5,1,2,4,2,5,2,1,2,1,2,1,2,2,2,2,2,2,2,1,2,2,2,2,2,2,2,1,2,2,0,0,0
2008,39,51,1,390284,1,5,1,2,4,2,6,2,1,2,1,2,1,2,2,2,2,2,1,2,1,2,2,2,2,2,1,1,1,2,2,0,0,0
2008,39,13,1,390285,1,5,1,1,3,2,1,3,1,1,1,2,1,2,2,2,2,2,1,2,2,2,2,2,2,1,2,2,1,2,2,0,0,0
2008,39,143,1,390286,1,5,1,2,1,2,5,2,1,1,1,2,1,2,2,2,2,1,2,2,3,2,2,2,2,1,2,2,1,2,2,0,0,0
2008,39,7,1,390287,1,5,1,2,1,2,5,2,1,2,1,2,1,2,2,2,2,2,2,2,3,2,2,2,2,2,2,2,2,2,2,0,0,0
2008,39,1,1,390288,1,5,1,2,4,2,6,2,1,2,1,2,1,2,2,1,2,2,2,2,2,2,2,2,2,2,2,2,1,2,2,0,0,0
2008,39,55,1,390289,1,5,1,2,1,1,4,1,4,1,1,2,2,2,2,2,2,2,2,2,3,2,2,2,2,1,1,1,2,2,2,0,0,0
2008,39,43,1,390290,1,5,1,2,4,2,6,2,1,2,1,2,1,2,1,2,2,2,2,2,2,2,2,2,2,2,1,1,1,2,2,0,0,0
2008,39,71,1,390291,1,5,2,2,4,2,4,2,1,2,2,2,1,2,2,1,2,2,2,2,2,1,1,1,1,2,2,1,1,2,2,0,0,0
2008,39,85,1,390292,1,5,2,2,1,2,2,2,5,1,1,2,3,1,2,2,2,2,1,2,3,1,1,1,1,2,2,1,1,2,2,0,0,0
2008,39,13,1,390293,1,5,1,1,3,2,1,2,1,2,1,2,1,2,2,2,2,2,1,2,1,2,2,2,2,2,2,2,1,2,2,0,0,0
2008,39,25,1,390294,1,5,1,2,1,1,3,1,2,1,1,2,3,2,2,2,2,2,1,2,3,2,2,2,2,1,2,2,2,2,2,0,0,0
2008,39,17,1,390295,1,5,2,2,2,2,6,2,1,2,1,2,1,2,2,2,2,2,1,2,3,2,2,2,2,2,2,2,1,2,2,0,0,0
2008,39,153,1,390296,1,5,2,1,2,2,1,2,1,1,2,2,1,2,2,2,2,2,2,2,2,2,2,2,2,1,2,2,1,2,2,0,0,0
2008,39,113,1,390297,1,5,1,2,1,1,5,1,5,1,2,2,2,2,1,2,2,2,2,2,3,2,2,2,2,2,2,2,2,2,2,0,0,0
2008,39,49,1,390298,1,5,1,1,1,2,1,2,2,1,2,2,3,2,2,2,2,2,2,2,3,2,2,2,2,1,2,2,2,2,2,0,0,0
2008,39,81,1,390299,1,5,1,2,1,2,5,2,5,2,2,2,2,2,1,2,2,2,2,2,3,2,2,2,2,2,2,2,2,2,2,0,0,0
2008,39,93,1,390300,1,5,2,2,1,2,3,2,3,1,1,2,3,2,1,2,2,2,2,2,3,2,2,2,2,2,2,2,1,2,2,0,0,0
2008,39,9,1,390301,1,5,1,2,4,2,6,2,1,2,1,2,1,2,2,2,2,2,2,2,1,2,2,2,2,2,2,2,1,2,2,0,0,0
2008,39,83,1,390302,1,5,1,2,1,2,6,2,3,2,1,2,2,2,2,2,2,2,2,2,2,1,1,1,1,2,2,1,1,2,2,0,0,0
2008,39,61,2,390303,1,5,1,2,1,2,5,2,4,2,2,2,2,2,2,2,2,2,2,2,3,1,1,1,1,2,2,1,1,2,2,0,0,0
2008,39,37,1,390304,1,5,1,2,1,2,3,2,3,1,2,2,2,2,1,2,2,2,2,2,3,2,2,2,2,2,2,2,2,2,2,0,0,0
2008,39,131,1,390305,1,5,1,2,1,2,3,2,1,1,2,1,1,2,2,2,2,1,2,2,2,2,2,2,2,2,2,2,2,2,2,0,0,0
2008,39,49,2,390306,1,5,2,2,4,2,4,2,1,2,2,2,1,2,2,2,2,2,2,1,1,2,2,2,2,2,1,1,1,2,2,0,0,0
2008,39,99,1,390307,1,5,2,2,1,1,5,1,4,1,1,2,2,1,2,2,2,2,2,2,1,2,2,2,2,2,2,2,2,2,2,0,0,0
2008,39,25,1,390308,1,5,2,2,1,1,4,1,5,1,1,2,2,1,2,2,2,2,2,2,3,2,2,2,2,2,2,2,2,2,2,0,0,0
2008,39,49,1,390309,1,5,2,1,3,2,1,3,1,2,2,2,1,2,2,2,2,2,2,2,1,2,2,2,2,2,1,1,1,2,2,0,0,0
2008,39,167,1,390310,1,5,1,2,1,2,6,2,1,1,2,2,1,2,2,2,2,2,1,2,1,2,2,2,2,2,2,2,2,1,2,0,0,0
2008,39,129,1,390311,1,5,1,2,1,2,5,2,5,1,1,2,2,1,2,2,2,2,2,2,3,2,2,2,2,2,2,2,2,2,2,0,0,0
2008,39,143,1,390312,1,5,1,2,4,2,5,2,1,1,2,2,1,2,2,2,2,2,1,2,1,2,2,2,2,2,2,2,1,2,2,0,0,0
2008,39,117,1,390313,1,5,1,2,4,2,6,2,1,1,1,2,1,1,2,2,2,2,1,2,2,2,2,2,2,1,2,2,1,2,2,0,0,0
2008,39,3,1,390314,1,5,1,2,4,2,4,2,1,1,1,2,1,2,2,2,2,2,2,2,1,2,2,2,2,2,2,2,1,2,2,0,0,0
2008,39,61,1,390315,1,5,1,1,4,2,1,2,1,2,2,2,1,2,1,2,2,2,2,2,2,2,2,2,2,2,2,2,2,2,2,0,0,0
2008,39,55,1,390316,1,5,1,2,1,1,6,1,4,2,2,2,2,2,2,2,2,2,2,2,1,2,2,2,2,2,2,2,2,2,2,0,0,0
2008,39,155,1,390318,1,5,1,2,4,2,5,2,1,2,1,2,1,2,2,1,2,2,1,2,2,2,2,2,2,2,1,1,1,2,2,0,0,0
2008,39,155,1,390319,1,5,1,2,1,1,3,1,5,1,1,2,2,2,2,2,2,2,2,2,3,2,2,2,2,1,2,2,2,2,2,0,0,0
2008,39,35,1,390320,1,5,2,1,4,2,1,2,1,2,1,2,1,2,2,1,2,2,1,2,1,2,2,2,2,2,2,2,1,2,2,0,0,0
2008,39,49,1,390321,1,5,2,2,1,1,5,1,4,1,1,2,2,2,2,2,2,2,1,2,2,1,1,1,1,2,2,1,2,2,2,0,0,0
2008,39,35,1,390322,1,5,2,2,4,2,6,2,1,2,1,2,1,2,2,1,2,2,2,2,1,1,1,1,1,2,2,1,1,2,2,0,0,0
2008,39,35,1,390323,1,5,2,2,1,2,4,2,1,2,2,2,1,2,1,2,2,2,2,2,2,2,2,2,2,2,2,2,2,2,2,0,0,0
2008,39,141,1,390324,1,5,1,2,1,1,4,1,3,1,2,2,2,2,2,2,2,2,2,2,3,2,2,2,2,1,2,2,2,2,2,0,0,0
2008,39,35,1,390325,1,5,2,2,1,1,3,1,1,1,1,2,1,2,2,2,1,2,2,2,2,2,2,2,2,2,2,2,2,1,2,0,0,0
2008,39,35,1,390326,1,5,2,2,1,1,4,1,1,2,1,1,1,2,2,2,1,2,2,2,3,2,2,2,2,2,1,1,2,2,2,0,0,0
2008,39,155,1,390327,1,5,1,1,3,2,1,2,1,1,1,2,1,2,2,1,2,2,1,2,2,1,1,1,1,2,2,1,1,2,2,0,0,0
2008,39,153,1,390328,1,5,2,2,1,2,3,2,1,2,2,1,1,2,2,2,1,2,2,2,1,2,2,2,2,2,2,2,2,2,2,0,0,0
2008,39,113,1,390329,1,5,2,2,1,1,3,1,4,1,2,2,2,2,2,2,2,2,2,2,1,2,2,1,1,1,2,1,2,2,2,0,0,0
2008,39,61,1,390331,1,5,2,2,4,2,4,2,1,2,2,2,1,2,2,2,2,2,2,2,1,2,2,2,2,2,1,1,1,2,2,0,0,0
2008,39,165,1,390332,1,5,2,1,4,2,1,3,1,1,1,2,1,2,2,2,2,2,2,2,2,2,2,2,2,1,2,2,1,2,2,0,0,0
2008,39,101,1,390333,1,5,1,2,4,1,5,1,1,2,1,2,1,2,2,2,2,2,2,2,1,2,2,2,2,2,1,1,2,2,2,0,0,0
2008,39,103,1,390334,1,5,1,2,4,2,4,2,1,2,1,2,1,2,2,1,2,2,2,2,2,2,2,2,2,2,1,1,1,2,2,0,0,0
2008,39,49,4,390335,1,5,1,1,1,2,1,3,1,1,2,2,2,2,2,2,2,2,1,2,3,1,1,1,1,2,2,1,2,2,2,0,0,0
2008,39,55,1,390336,1,5,1,2,4,2,3,2,1,2,2,2,1,2,2,2,2,2,1,2,2,2,2,2,2,2,2,2,1,2,2,0,0,0
2008,39,163,1,390337,1,5,1,2,1,2,5,2,3,1,1,2,2,1,2,2,2,2,2,2,3,1,1,1,1,2,2,1,1,2,2,0,0,0
2008,39,95,1,390338,1,5,2,1,3,2,1,3,1,1,1,2,1,2,1,2,2,2,2,2,2,2,2,2,2,2,1,1,1,2,2,0,0,0
2008,39,99,1,390339,1,5,1,2,4,2,5,3,1,1,1,2,1,1,2,2,1,2,2,2,3,2,2,2,2,2,2,2,2,2,2,0,0,0
2008,39,133,1,390340,1,5,2,2,1,2,3,2,3,1,2,2,2,2,2,2,2,2,1,2,3,2,2,2,2,1,2,2,1,2,2,0,0,0
2008,39,49,1,390342,1,5,1,1,4,2,1,2,1,2,2,2,1,2,2,2,2,2,2,2,1,2,2,2,2,2,2,2,1,2,2,0,0,0
2008,39,101,1,390343,1,5,1,2,1,1,4,1,3,2,2,2,2,2,1,2,2,2,2,2,2,2,2,1,1,2,2,1,2,2,2,0,0,0
2008,39,129,1,390344,1,5,1,1,1,2,1,2,1,2,2,1,1,2,2,2,1,2,2,2,3,2,2,2,2,2,2,2,2,2,2,0,0,0
2008,39,101,1,390345,1,5,2,2,4,2,5,2,1,1,1,2,1,2,2,1,2,2,2,2,2,2,2,2,2,2,2,2,1,2,2,0,0,0
2008,39,25,3,390346,1,5,1,2,1,2,5,2,3,2,1,2,2,2,2,2,2,2,1,2,2,1,1,1,1,2,2,1,1,2,2,0,0,0
2008,39,49,1,390347,1,5,2,2,1,1,5,1,4,1,1,2,2,2,1,2,2,2,2,2,3,1,1,1,1,2,2,1,2,2,2,0,0,0
2008,39,81,1,390348,1,5,1,2,4,2,5,2,1,1,2,2,1,2,1,2,2,2,2,2,2,2,2,2,2,2,2,2,1,2,2,0,0,0
2008,39,41,1,390349,1,5,1,2,4,2,5,2,1,2,2,2,1,2,2,2,2,2,1,2,2,2,2,2,2,2,2,2,1,2,2,0,0,0
2008,39,7,1,390350,1,5,2,2,4,2,3,2,1,2,2,2,1,2,2,2,2,2,2,2,2,2,2,2,2,1,2,2,1,2,2,0,0,0
2008,39,35,1,390351,1,5,2,2,1,1,6,1,1,2,2,2,1,2,2,2,1,2,2,2,3,2,2,2,2,2,2,2,2,2,2,0,0,0
2008,39,165,1,390352,1,5,1,2,4,2,5,3,1,2,1,2,1,2,1,2,2,2,2,2,1,2,2,2,2,2,2,2,1,2,2,0,0,0
2008,39,147,1,390353,1,5,2,2,4,2,5,2,1,1,1,2,1,2,2,2,2,2,2,2,3,2,2,2,2,1,2,2,1,2,2,0,0,0
2008,39,151,2,390354,1,5,2,2,1,1,5,1,4,1,1,2,2,1,2,2,2,2,2,2,3,2,2,2,2,1,2,2,2,2,2,0,0,0
2008,39,19,1,390355,1,5,1,2,4,2,5,2,1,1,2,2,1,2,1,1,2,2,2,2,1,2,2,2,2,2,2,2,1,2,2,0,0,0
2008,39,133,1,390356,1,5,1,2,1,1,3,1,4,1,1,2,3,1,2,2,2,2,1,2,3,2,2,2,2,1,2,2,2,2,2,0,0,0
2008,39,15,1,390357,1,5,1,2,4,2,4,2,1,2,2,2,1,2,2,1,2,2,1,2,1,2,2,2,2,2,1,1,1,2,2,0,0,0
2008,39,31,1,390358,1,5,1,2,4,2,5,2,1,2,2,2,1,2,1,1,2,2,2,2,1,2,2,2,2,2,2,2,1,2,2,0,0,0
2008,39,83,1,390359,1,5,1,2,1,2,4,2,3,1,1,2,2,2,2,2,2,2,1,2,3,2,2,2,2,1,2,2,1,2,2,0,0,0
2008,39,61,1,390360,1,5,2,2,1,1,3,1,4,2,2,2,2,2,2,1,2,2,2,2,1,2,2,2,2,2,2,2,2,2,2,0,0,0
2008,39,63,2,390364,1,5,1,2,1,2,5,2,4,1,1,2,3,2,2,2,2,2,2,2,3,1,1,1,1,2,1,1,1,2,2,0,0,0
2008,39,15,1,390365,1,5,1,2,1,2,3,2,2,1,1,2,2,2,1,2,2,2,2,2,2,1,1,1,1,2,2,1,2,2,2,0,0,0
2008,39,23,1,390366,1,5,1,2,4,2,5,2,1,2,1,2,1,2,2,1,2,2,1,2,3,2,2,2,2,2,2,2,1,2,2,0,0,0
2008,39,81,1,390367,1,5,1,2,1,2,5,2,3,2,2,2,2,2,1,2,2,2,2,2,2,1,1,1,1,2,2,1,1,2,2,0,0,0
2008,39,83,1,390368,1,5,1,2,4,2,6,2,1,1,1,2,1,2,2,1,2,2,2,2,2,1,1,1,1,2,2,1,1,2,2,0,0,0
2008,39,89,1,390369,1,5,1,2,1,2,3,2,3,2,2,2,2,2,1,2,2,2,2,2,1,2,2,2,2,2,2,2,1,2,2,0,0,0
2008,39,113,1,390370,1,5,1,1,1,2,1,3,2,1,1,2,3,2,2,2,2,2,2,2,3,2,2,2,2,1,2,2,2,2,2,0,0,0
2008,39,35,1,390371,1,5,2,1,3,2,1,2,1,2,2,2,1,2,2,2,2,2,2,2,2,2,2,2,2,2,2,2,1,2,2,0,0,0
2008,39,35,1,390372,1,5,2,1,1,2,1,3,1,2,2,2,1,2,2,2,1,2,2,2,2,2,2,2,2,2,2,2,2,2,2,0,0,0
2008,39,33,1,390373,1,5,1,2,4,2,5,2,1,2,2,2,1,2,2,2,2,2,1,2,1,2,2,2,2,2,1,1,1,2,2,0,0,0
2008,39,135,1,390374,1,5,1,2,4,2,5,2,1,2,1,2,1,2,2,2,2,2,1,2,1,2,2,2,2,2,2,2,1,2,2,0,0,0
2008,39,93,1,390375,1,5,1,2,1,2,5,3,4,2,1,2,2,1,2,2,2,2,2,2,2,2,2,2,2,2,2,2,2,2,2,0,0,0
2008,39,49,1,390376,1,5,1,2,1,2,5,2,2,1,1,2,2,2,2,1,2,2,2,2,3,2,2,2,2,2,1,1,2,2,2,0,0,0
2008,39,61,2,390377,1,5,1,2,1,1,6,1,4,2,2,2,2,2,1,1,2,2,1,2,1,2,2,2,2,2,1,1,2,2,2,0,0,0
2008,39,85,1,390378,1,5,2,2,2,2,2,2,1,2,2,2,1,2,2,2,2,2,2,2,2,2,2,2,2,2,2,2,1,2,2,0,0,0
2008,39,35,1,390379,1,5,2,1,1,2,1,2,3,2,1,2,2,2,2,2,2,2,2,2,1,2,2,2,2,2,2,2,1,1,2,0,0,0
2008,39,103,1,390380,1,5,1,2,1,1,5,1,4,1,2,2,2,2,1,2,2,2,2,2,3,2,2,2,2,2,2,2,2,2,2,0,0,0
2008,39,7,1,390381,1,5,1,2,4,2,6,2,1,2,1,2,1,2,2,2,2,2,1,2,1,2,2,2,2,2,2,2,1,2,2,0,0,0
2008,39,151,1,390382,1,5,1,2,4,2,5,2,1,2,1,2,1,2,1,2,2,2,2,2,2,2,2,2,2,2,2,2,1,2,2,0,0,0
2008,39,133,1,390383,1,5,1,2,1,2,6,2,1,2,2,2,1,2,2,2,2,2,2,2,3,2,2,2,2,2,2,2,2,2,2,0,0,0
2008,39,77,1,390384,1,5,1,2,4,2,6,2,1,2,2,2,1,2,2,2,2,2,2,2,1,2,2,2,2,2,2,2,1,2,2,0,0,0
2008,39,35,1,390385,1,5,2,2,4,1,6,1,1,2,2,2,1,2,2,2,2,2,2,1,3,1,1,1,1,2,2,1,2,2,2,0,0,0
2008,39,5,1,390386,1,5,2,2,1,2,3,2,1,2,1,2,1,2,1,2,2,2,2,2,3,2,2,2,2,2,2,2,2,2,2,0,0,0
2008,39,25,1,390387,1,5,1,2,1,2,5,2,1,2,2,2,1,2,2,2,2,2,2,2,2,2,2,2,2,2,2,2,2,2,2,0,0,0
2008,39,113,1,390388,1,5,2,2,1,1,2,1,4,2,1,2,2,2,1,2,2,2,2,2,3,2,2,2,2,2,2,2,2,2,2,0,0,0
2008,39,23,1,390389,1,5,2,2,4,2,6,2,1,1,2,2,1,2,2,2,2,2,2,2,2,2,2,2,2,2,2,2,1,2,2,0,0,0
2008,39,123,1,390390,1,5,1,2,2,2,3,3,1,2,2,2,1,2,1,1,2,2,2,2,1,2,2,2,2,2,2,2,1,2,2,0,0,0
2008,39,113,2,390391,1,5,2,2,1,1,2,1,4,1,1,2,2,1,2,2,2,2,2,2,3,2,2,2,2,1,2,2,2,2,2,0,0,0
2008,39,173,1,390392,1,5,1,2,4,2,5,2,1,2,1,2,1,2,2,2,2,2,2,2,1,2,2,2,2,2,2,2,1,2,2,0,0,0
2008,39,35,1,390393,1,5,2,1,1,2,1,3,5,2,1,2,2,1,1,2,2,2,2,2,1,2,2,2,2,2,2,2,2,2,2,0,0,0
2008,39,141,1,390394,1,5,1,2,1,2,5,2,3,2,1,2,2,2,2,2,2,2,1,2,1,2,2,2,2,2,2,2,1,2,2,0,0,0
2008,39,93,1,390395,1,5,1,2,1,2,5,3,5,1,2,2,2,2,1,2,2,2,2,2,1,2,2,2,2,2,2,2,1,2,2,0,0,0
2008,39,145,1,390396,1,5,1,2,4,2,5,2,1,1,2,2,1,2,2,2,2,2,1,2,1,2,2,2,2,2,2,2,1,1,2,0,0,0
2008,39,153,1,390397,1,5,1,2,4,2,6,2,1,1,1,2,1,2,2,1,2,2,1,2,2,1,1,1,1,2,2,1,1,2,2,0,0,0
2008,39,173,1,390398,1,5,1,2,1,1,4,1,5,2,2,2,2,2,2,2,2,2,2,2,3,2,2,2,2,1,2,2,2,2,2,0,0,0
2008,39,103,1,390399,1,5,1,2,1,2,5,2,1,2,2,2,1,2,2,2,1,2,2,2,3,2,2,2,2,2,2,2,2,2,2,0,0,0
2008,39,107,4,390400,1,5,1,2,1,1,6,1,4,2,2,2,2,2,2,2,2,2,2,2,1,1,1,1,1,2,1,1,2,2,2,0,0,0
2008,39,153,1,390401,1,5,1,2,2,2,6,2,1,2,1,2,1,2,2,1,2,2,2,2,1,2,2,2,2,2,2,2,1,2,2,0,0,0
2008,39,95,1,390402,1,5,2,2,4,2,6,2,1,1,1,2,1,2,1,2,2,2,2,2,2,2,2,2,2,2,2,2,1,2,2,0,0,0
2008,39,97,1,390403,1,5,1,2,4,1,6,1,1,2,2,2,1,2,2,1,2,2,2,2,2,2,2,2,2,2,1,1,2,2,2,0,0,0
2008,39,141,2,390404,1,5,1,2,1,2,5,2,3,2,1,2,2,2,2,2,2,2,2,2,3,2,2,2,2,2,2,2,1,2,2,0,0,0
2008,39,91,1,390405,1,5,2,2,1,1,2,1,1,2,2,2,1,2,2,2,1,2,2,2,2,2,2,1,1,2,2,1,2,2,2,0,0,0
2008,39,43,1,390406,1,5,1,2,4,2,5,2,1,1,2,2,1,2,1,1,2,2,2,2,2,2,2,2,2,2,2,2,1,2,2,0,0,0
2008,39,43,1,390407,1,5,1,2,1,1,4,1,4,2,2,2,3,2,1,2,2,2,2,2,1,2,2,2,2,1,2,2,2,2,2,0,0,0
2008,39,143,1,390408,1,5,1,2,1,1,5,1,4,1,2,2,2,2,1,2,2,2,2,2,3,2,2,2,2,1,2,2,2,2,2,0,0,0
2008,39,23,1,390409,1,5,1,2,1,1,5,1,1,1,1,2,1,2,2,2,1,2,2,2,2,2,2,2,2,2,1,1,2,1,2,0,0,0
2008,39,35,1,390410,1,5,2,2,4,1,6,1,1,2,2,2,1,2,2,2,2,2,2,1,1,2,2,2,2,2,2,2,2,2,2,0,0,0
2008,39,35,1,390411,1,5,2,2,4,1,6,1,1,1,1,2,1,2,2,2,2,2,2,2,2,2,2,2,2,2,2,2,2,2,2,0,0,0
2008,39,99,1,390412,1,5,2,2,1,1,6,1,4,1,1,2,2,2,1,2,2,2,2,2,3,2,2,2,2,2,2,2,2,2,2,0,0,0
2008,39,35,1,390413,1,5,2,1,3,2,1,3,1,2,2,2,1,2,1,2,2,2,2,2,1,2,2,2,2,2,2,2,1,2,2,0,0,0
2008,39,19,1,390414,1,5,1,2,1,2,4,2,3,1,2,2,2,2,1,2,2,2,2,2,3,2,2,2,2,2,2,2,1,2,2,0,0,0
2008,39,103,1,390415,1,5,1,1,1,2,1,3,3,2,1,2,2,1,2,2,2,2,2,2,3,2,2,2,2,1,2,2,2,2,2,0,0,0
2008,39,9,1,390416,1,5,1,2,2,2,3,2,1,2,2,2,1,2,1,1,2,2,2,2,2,2,2,2,2,2,2,2,1,2,2,0,0,0
2008,39,121,1,390417,1,5,1,2,4,2,5,2,1,1,2,2,1,2,2,2,2,2,1,2,3,2,2,2,2,2,2,2,1,2,2,0,0,0
2008,39,111,1,390418,1,5,1,2,2,2,5,2,1,1,2,2,1,2,1,2,2,2,2,2,2,2,2,2,2,1,2,2,1,2,2,0,0,0
2008,39,83,1,390419,1,5,1,2,1,2,4,2,5,2,2,2,3,2,1,2,2,2,2,2,1,2,2,2,2,2,2,2,1,2,2,0,0,0
2008,39,61,1,390420,1,5,1,2,1,2,3,2,3,1,1,2,3,1,2,2,2,2,2,2,3,2,2,2,2,1,2,2,2,2,2,0,0,0
2008,39,35,1,390421,1,5,2,1,1,2,1,2,5,1,1,2,2,2,2,2,2,2,1,2,3,2,2,2,2,2,2,2,2,2,2,0,0,0
2008,39,49,2,390422,1,5,2,2,1,1,6,1,4,2,1,2,2,2,2,1,2,2,2,1,3,2,2,2,2,1,2,2,2,2,2,0,0,0
2008,39,107,1,390423,1,5,1,2,4,2,6,2,5,1,2,2,2,2,2,2,2,2,2,2,1,1,1,1,1,2,2,1,2,2,2,0,0,0
2008,39,95,1,390424,1,5,2,2,1,1,3,1,1,1,1,2,1,2,2,2,2,1,2,2,3,2,2,2,2,2,2,2,2,2,2,0,0,0
2008,39,35,1,390426,1,5,2,2,4,2,5,2,1,1,1,2,1,2,2,2,2,2,2,2,2,2,2,2,2,2,2,2,1,2,2,0,0,0
2008,39,35,1,390427,1,5,2,2,4,2,6,2,1,1,2,2,1,2,2,2,2,2,2,2,2,2,2,2,2,2,2,2,1,2,2,0,0,0
2008,39,35,1,390428,1,5,2,1,1,2,1,2,5,2,2,2,2,2,1,1,2,2,2,2,1,2,2,2,2,2,2,2,2,2,2,0,0,0
2008,39,161,1,390429,1,5,1,2,4,2,6,2,1,1,2,2,1,2,1,2,2,2,2,2,1,2,2,2,2,2,2,2,1,2,2,0,0,0
2008,39,25,1,390430,1,5,1,2,1,2,5,2,3,1,2,2,2,2,1,2,2,2,2,2,2,2,2,2,2,2,1,1,1,2,2,0,0,0
2008,39,171,1,390431,1,5,2,2,4,2,4,2,1,2,2,2,1,2,1,1,2,2,2,2,2,2,2,2,2,2,2,2,1,2,2,0,0,0
2008,39,7,1,390432,1,5,1,1,3,2,1,2,1,1,2,2,1,2,2,2,2,2,1,2,2,2,2,2,2,1,2,2,1,2,2,0,0,0
2008,39,117,1,390433,1,5,1,2,1,1,5,1,5,1,1,2,2,2,1,2,2,2,2,2,3,2,2,2,2,2,2,2,2,2,2,0,0,0
2008,39,45,1,390434,1,5,1,2,4,2,5,2,1,2,2,2,1,2,2,2,2,2,2,2,3,2,2,2,2,2,2,2,1,2,2,0,0,0
2008,39,35,1,390435,1,5,2,2,1,1,4,1,2,2,1,2,1,2,2,1,2,2,2,2,2,2,2,2,2,1,2,2,2,2,2,0,0,0
2008,39,81,1,390436,1,5,1,2,4,2,5,2,1,2,2,2,1,2,2,2,2,2,2,2,1,2,2,2,2,2,2,2,1,2,2,0,0,0
2008,39,79,1,390437,1,5,1,2,4,2,6,2,1,2,2,2,1,2,2,2,2,2,1,2,3,2,2,2,2,2,2,2,1,2,2,0,0,0
2008,39,89,3,390438,1,5,1,2,1,1,4,1,4,2,2,2,2,2,2,2,2,2,2,2,1,1,1,1,1,2,2,1,2,2,2,0,0,0
2008,39,113,2,390439,1,5,2,2,1,2,3,2,4,1,1,2,3,1,2,2,2,2,2,2,3,2,2,1,1,2,1,1,1,2,2,0,0,0
2008,39,155,1,390440,1,5,1,2,1,1,5,1,4,1,1,2,2,2,2,2,2,2,2,2,3,2,2,2,2,1,2,2,2,2,2,0,0,0
2008,39,61,1,390441,1,5,2,1,4,2,1,2,1,1,1,2,1,2,2,2,2,2,1,2,3,2,2,2,2,2,2,2,1,2,2,0,0,0
2008,39,133,1,390442,1,5,1,2,4,2,6,2,1,1,1,2,1,2,2,2,2,2,1,2,2,1,1,1,1,2,2,1,1,2,2,0,0,0
2008,39,167,1,390443,1,5,1,2,1,2,5,2,5,2,2,1,2,2,1,1,2,2,2,2,3,1,1,1,1,2,1,1,2,2,2,0,0,0
2008,39,23,1,390444,1,5,1,2,1,1,5,1,4,1,1,2,2,1,2,2,2,2,2,2,3,2,2,2,2,1,2,2,2,2,2,0,0,0
2008,39,61,1,390445,1,5,1,2,1,2,6,2,5,1,1,2,2,2,1,2,2,2,2,2,3,2,2,2,2,2,2,2,1,2,2,0,0,0
2008,39,45,1,390446,1,5,2,2,1,2,2,2,1,2,1,1,1,2,2,2,1,2,2,2,3,2,2,2,2,2,2,2,2,2,2,0,0,0
2008,39,9,1,390448,1,5,2,2,1,1,3,1,3,1,2,2,2,2,1,2,2,2,2,2,3,1,1,1,1,2,2,1,2,2,2,0,0,0
2008,39,49,1,390449,1,5,2,2,1,1,6,1,1,1,1,2,1,2,2,2,1,2,2,2,3,2,2,2,2,2,2,2,2,2,2,0,0,0
2008,39,135,3,390450,1,5,1,2,1,1,5,1,3,1,2,2,2,2,2,2,2,2,2,2,2,2,2,2,2,1,2,2,2,2,2,0,0,0
2008,39,23,1,390451,1,5,1,2,1,2,5,2,1,2,1,2,1,2,2,2,1,2,2,2,3,1,1,1,1,2,2,1,2,2,2,0,0,0
2008,39,53,1,390452,1,5,1,2,4,2,6,2,1,2,1,2,1,2,2,1,2,2,1,2,1,2,2,2,2,2,2,2,1,2,2,0,0,0
2008,39,1,1,390453,1,5,1,2,1,1,3,1,4,1,1,2,2,2,1,2,2,2,2,2,2,2,2,2,2,2,1,1,2,2,2,0,0,0
2008,39,19,1,390454,1,5,1,2,2,2,5,2,1,2,1,2,1,2,2,2,2,2,2,2,1,2,2,2,2,1,2,2,1,2,2,0,0,0
2008,39,77,1,390455,1,5,1,2,1,2,5,2,5,1,1,2,2,1,2,2,2,2,2,2,3,2,2,2,2,2,2,2,1,2,2,0,0,0
2008,39,141,1,390456,1,5,1,2,1,2,4,2,5,1,1,2,2,1,2,2,2,2,2,2,3,2,2,2,2,2,1,1,1,2,2,0,0,0
2008,39,61,1,390457,1,5,2,1,3,2,1,3,1,1,1,2,1,2,2,2,2,2,2,2,1,2,2,2,2,2,2,2,1,2,2,0,0,0
2008,39,43,1,390458,1,5,2,2,1,2,6,3,4,1,2,2,2,2,2,2,2,2,1,2,3,2,2,2,2,1,2,2,2,2,2,0,0,0
2008,39,25,1,390459,1,5,1,2,1,1,3,1,4,1,2,2,2,2,2,2,2,2,1,2,2,1,1,1,1,1,2,1,2,2,2,0,0,0
2008,39,49,1,390460,1,5,2,2,1,1,6,1,4,1,1,2,2,1,1,1,2,2,2,2,3,2,2,2,2,2,2,2,2,2,2,0,0,0
2008,39,35,1,390461,1,5,2,2,1,1,4,1,4,1,2,2,2,2,1,2,2,2,2,2,3,2,2,2,2,1,2,2,2,2,2,0,0,0
2008,39,97,1,390462,1,5,1,2,4,2,5,2,1,2,2,2,1,2,2,1,2,2,1,2,1,1,1,1,1,2,2,1,1,2,2,0,0,0
2008,39,19,1,390463,1,5,1,2,1,2,4,2,1,1,2,2,1,2,1,1,2,2,2,2,2,2,2,2,2,2,2,2,2,2,2,0,0,0
2008,39,61,1,390464,1,5,2,2,1,2,3,2,4,2,2,2,2,2,2,1,2,2,2,2,1,2,2,2,2,2,2,2,1,2,2,0,0,0
2008,39,139,1,390465,1,5,1,2,1,2,6,2,5,1,1,2,2,2,2,2,2,2,2,2,3,2,2,2,2,2,2,2,1,2,2,0,0,0
2008,39,175,1,390466,1,5,1,2,4,2,5,2,1,2,1,2,1,1,2,2,2,2,1,2,1,2,2,2,2,2,2,2,1,2,2,0,0,0
2008,39,145,1,390467,1,5,1,2,1,2,5,2,3,1,1,2,2,2,2,2,2,2,1,2,3,1,1,1,1,2,2,1,1,2,2,0,0,0
2008,39,61,2,390468,1,5,2,1,3,2,1,3,1,1,1,2,2,2,2,2,2,2,2,2,1,2,2,2,2,2,2,2,1,2,2,0,0,0
2008,39,155,1,390469,1,5,2,2,4,2,3,2,1,2,1,2,1,2,1,2,2,2,2,2,1,2,2,2,2,2,2,2,1,2,2,0,0,0
2008,39,135,1,390470,1,5,1,2,2,2,4,2,1,1,2,2,1,2,2,2,2,2,1,2,2,2,2,2,2,2,2,2,1,2,2,0,0,0
2008,39,57,1,390471,1,5,1,2,4,2,5,2,1,2,2,2,1,2,2,2,2,2,1,2,1,2,2,2,2,2,2,2,1,2,2,0,0,0
2008,39,113,1,390472,1,5,2,2,4,2,3,2,1,1,1,2,1,2,2,2,2,2,2,2,2,2,2,2,2,2,2,2,1,2,2,0,0,0
2008,39,15,1,390473,1,5,1,2,4,2,6,2,1,2,2,2,1,2,2,1,2,2,2,2,1,2,2,2,2,2,2,2,1,2,2,0,0,0
2008,39,17,1,390474,1,5,1,2,2,2,4,2,1,1,1,2,1,1,2,2,2,2,2,2,2,2,2,2,2,2,2,2,1,2,2,0,0,0
2008,39,3,2,390475,1,5,1,2,1,1,5,1,4,1,1,2,2,2,2,2,2,2,2,2,2,2,2,2,2,2,2,2,2,2,2,0,0,0
2008,39,95,1,390476,1,5,2,2,1,1,5,1,4,2,2,2,2,2,2,2,2,2,2,2,3,1,1,1,1,2,2,1,2,2,2,0,0,0
2008,39,49,1,390477,1,5,2,2,1,1,6,1,4,1,1,2,2,2,2,2,2,2,2,2,3,2,2,2,2,2,2,2,2,2,2,0,0,0
2008,39,61,1,390478,1,5,2,1,1,2,1,3,2,2,1,2,2,2,1,2,2,2,2,2,1,2,2,2,2,2,2,2,2,2,2,0,0,0
2008,39,49,1,390479,1,5,1,2,1,1,5,1,1,2,2,2,1,2,2,2,2,2,1,2,1,2,2,2,2,2,2,2,2,2,2,0,0,0
2008,39,13,1,390480,1,5,1,1,4,2,1,3,1,2,1,2,1,2,1,1,2,2,2,2,2,2,2,2,2,2,2,2,1,2,2,0,0,0
2008,39,169,1,390481,1,5,1,2,4,2,5,2,1,1,2,2,1,2,2,2,2,2,1,2,2,2,2,2,2,2,2,2,1,2,2,0,0,0
2008,39,135,1,390482,1,5,1,3,1,1,7,1,1,1,2,2,1,2,2,2,2,2,2,2,1,2,2,2,2,2,2,2,2,2,2,0,0,0
2008,39,89,2,390483,1,5,1,1,1,2,1,3,3,1,1,2,3,2,2,1,2,2,2,2,1,1,1,1,1,2,2,1,1,2,2,0,0,0
2008,39,87,1,390484,1,5,2,2,1,2,4,2,4,1,2,2,2,2,1,2,2,2,2,2,1,2,2,2,2,2,1,1,1,2,2,0,0,0
2008,39,155,1,390485,1,5,2,2,4,2,4,2,1,2,1,2,1,2,2,1,2,2,1,2,1,1,1,1,1,2,2,1,1,2,2,0,0,0
2008,39,49,1,390486,1,5,2,2,1,2,6,2,3,1,1,2,2,1,1,2,2,2,2,2,1,2,2,2,2,2,2,2,1,2,2,0,0,0
2008,39,53,1,390487,1,5,1,2,1,2,3,2,1,2,2,2,1,2,1,2,2,2,2,2,1,2,2,2,2,2,2,2,2,2,2,0,0,0
2008,39,99,1,390489,1,5,2,2,1,2,4,3,4,2,1,2,2,1,2,2,2,2,2,2,1,2,2,2,2,2,2,2,2,2,2,0,0,0
2008,39,27,1,390490,1,5,1,2,1,1,4,1,4,1,1,2,2,2,2,2,2,2,2,2,3,2,2,2,2,2,2,2,2,2,2,0,0,0
2008,39,1,1,390491,1,5,1,2,4,2,3,2,1,2,2,2,1,2,1,2,2,2,2,2,1,2,2,2,2,2,2,2,1,2,2,0,0,0
2008,39,95,1,390492,1,5,2,2,4,2,4,2,1,2,2,2,1,2,2,1,2,2,2,2,1,2,2,2,2,2,1,1,1,2,2,0,0,0
2008,39,37,1,390493,1,5,1,2,1,1,3,1,3,1,1,2,2,1,2,2,2,2,2,2,3,2,2,2,2,2,2,2,2,2,2,0,0,0
2008,39,51,1,390494,1,5,1,2,1,2,4,2,5,1,1,2,2,1,2,2,2,2,1,2,3,2,2,2,2,2,2,2,1,2,2,0,0,0
2008,39,155,1,390495,1,5,2,2,1,1,3,1,3,1,1,2,2,2,1,2,2,2,2,2,1,2,2,2,2,1,2,2,2,2,2,0,0,0
2008,39,61,1,390496,1,5,2,2,4,2,6,2,4,1,2,2,1,2,2,2,2,2,2,2,2,2,2,2,2,1,2,2,1,2,2,0,0,0
2008,39,113,1,390497,1,5,2,2,4,2,2,3,1,2,2,2,1,2,2,2,2,2,2,2,1,2,2,2,2,2,1,1,1,2,2,0,0,0
2008,39,135,1,390498,1,5,1,2,4,2,5,2,1,2,2,2,1,2,1,2,2,2,2,2,1,2,2,2,2,2,2,2,1,2,2,0,0,0
2008,39,49,1,390499,1,5,1,2,4,2,6,2,1,2,2,2,1,2,2,2,2,2,2,2,1,1,1,1,1,2,2,1,1,2,2,0,0,0
2008,39,99,2,390500,1,5,1,1,4,2,1,3,1,1,1,2,1,1,2,1,2,2,2,2,2,2,2,2,2,2,2,2,1,2,2,0,0,0
2008,39,145,1,390501,1,5,1,2,1,1,5,1,3,1,1,2,2,2,2,2,2,2,2,2,3,2,2,2,2,2,2,2,2,1,2,0,0,0
2008,39,61,1,390502,1,5,1,2,4,2,6,2,1,2,1,2,1,2,2,1,2,2,1,2,1,2,2,2,2,2,1,1,1,2,2,0,0,0
2008,39,29,1,390503,1,5,2,2,4,2,3,2,1,2,1,2,1,2,2,2,2,2,1,2,2,2,2,2,2,2,1,1,1,2,2,0,0,0
2008,39,81,1,390504,1,5,1,2,1,2,5,2,1,1,1,2,1,2,2,2,2,2,2,2,2,2,2,2,2,2,2,2,2,2,2,0,0,0
2008,39,13,1,390505,1,5,1,2,4,2,6,2,1,2,2,2,1,2,2,1,2,2,1,2,1,2,2,2,2,2,1,1,1,2,2,0,0,0
2008,39,5,1,390506,1,5,1,2,4,2,5,2,1,2,2,2,1,2,1,2,2,2,2,2,2,2,2,2,2,2,2,2,2,2,2,0,0,0
2008,39,61,1,390507,1,5,2,2,1,2,3,2,1,2,1,1,1,2,2,2,1,2,2,2,1,2,2,2,2,2,2,2,2,2,2,0,0,0
2008,39,93,1,390509,1,5,1,2,4,2,6,2,1,2,1,2,1,2,2,2,2,2,2,2,2,2,2,2,2,2,2,2,1,2,2,0,0,0
2008,39,17,1,390510,1,5,1,2,1,2,6,2,5,2,1,2,2,2,1,2,2,2,2,2,1,2,2,1,1,2,2,1,1,2,2,0,0,0
2008,39,61,1,390511,1,5,2,1,1,2,1,2,5,1,2,2,2,2,1,1,2,2,2,2,3,2,2,2,2,2,2,2,2,2,2,0,0,0
2008,39,9,1,390512,1,5,1,2,4,2,5,2,1,2,1,2,1,2,1,2,2,2,2,2,1,2,2,2,2,2,2,2,1,2,2,0,0,0
2008,39,61,1,390513,1,5,2,2,1,1,3,1,4,1,1,2,2,2,2,2,2,2,2,2,3,2,2,2,2,1,2,2,2,2,2,0,0,0
2008,39,103,2,390514,1,5,1,2,1,2,6,3,5,1,2,2,2,2,2,1,2,2,2,2,3,1,1,1,1,2,1,1,1,2,2,0,0,0
2008,39,49,1,390515,1,5,1,1,4,2,1,2,1,1,1,2,1,2,2,2,2,2,2,2,2,2,2,2,2,2,2,2,1,2,2,0,0,0
2008,39,49,2,390516,1,5,2,2,1,2,3,2,1,2,2,2,2,2,2,2,1,2,2,2,1,2,2,2,2,2,2,2,2,2,2,0,0,0
2008,39,43,1,390517,1,5,1,2,1,2,6,3,4,2,1,2,2,2,1,2,2,2,2,2,1,1,1,1,1,2,2,1,2,2,2,0,0,0
2008,39,163,1,390518,1,5,1,2,4,2,5,2,1,2,1,2,1,2,2,1,2,2,1,2,1,2,2,2,2,2,2,2,1,2,2,0,0,0
2008,39,93,1,390520,1,5,1,2,4,2,6,2,1,2,1,2,1,2,2,1,2,2,1,2,2,2,2,2,2,2,2,2,1,2,2,0,0,0
2008,39,99,1,390521,1,5,1,2,4,2,5,2,1,1,2,2,1,2,1,2,2,2,2,2,2,2,2,2,2,2,2,2,1,2,2,0,0,0
2008,39,49,1,390522,1,5,2,1,1,2,1,3,4,1,1,2,2,1,2,2,2,2,2,2,3,2,2,2,2,1,2,2,2,2,2,0,0,0
2008,39,49,1,390523,1,5,2,2,4,2,5,2,1,2,2,2,1,2,2,1,2,2,2,2,1,2,2,2,2,2,1,1,1,2,2,0,0,0
2008,39,135,1,390524,1,5,1,2,1,2,5,2,3,1,1,2,2,1,2,2,2,2,2,2,3,2,2,2,2,2,2,2,1,2,2,0,0,0
2008,39,135,1,390525,1,5,1,2,1,2,5,3,4,1,2,2,2,2,1,2,2,2,2,2,3,2,2,2,2,2,2,2,2,2,2,0,0,0
2008,39,81,1,390526,1,5,2,2,1,2,3,2,5,2,2,2,3,1,1,2,2,2,2,2,1,2,2,2,2,2,2,2,2,2,2,0,0,0
2008,39,35,1,390527,1,5,2,2,1,1,4,1,4,2,2,2,2,2,2,2,2,2,1,2,3,2,2,2,2,2,2,2,2,2,2,0,0,0
2008,39,135,1,390528,1,5,1,2,4,2,5,2,1,2,2,2,1,2,2,1,2,2,1,2,1,2,2,2,2,2,2,2,1,2,2,0,0,0
2008,39,145,1,390529,1,5,1,2,4,2,5,2,1,2,2,2,1,2,2,1,2,2,1,2,2,1,1,1,1,2,2,1,1,2,2,0,0,0
2008,39,17,1,390530,1,5,1,2,1,1,5,1,4,1,1,2,2,2,2,2,2,2,2,2,3,2,2,2,2,2,2,2,2,2,2,0,0,0
2008,39,3,1,390531,1,5,1,2,1,1,5,1,2,1,1,2,3,1,2,2,2,2,2,2,3,2,2,2,2,2,1,1,2,2,2,0,0,0
2008,39,61,1,390532,1,5,1,2,1,2,5,2,4,1,1,2,3,2,2,2,2,2,2,2,3,2,2,2,2,2,2,2,2,2,2,0,0,0
2008,39,129,1,390533,1,5,1,2,1,2,6,3,4,1,1,2,2,2,1,2,2,2,2,2,3,2,2,2,2,2,2,2,1,2,2,0,0,0
2008,39,17,2,390534,1,5,1,2,2,2,5,2,1,2,1,2,1,2,2,2,2,2,1,2,1,2,2,2,2,2,2,2,1,2,2,0,0,0
2008,39,163,1,390535,1,5,1,2,1,2,4,3,3,2,1,2,2,2,1,2,2,2,2,2,2,1,1,1,1,2,2,1,1,2,2,0,0,0
2008,39,155,1,390536,1,5,1,2,4,2,5,2,1,2,1,2,1,2,1,1,2,2,2,2,3,2,2,2,2,2,1,1,1,2,2,0,0,0
2008,39,13,1,390537,1,5,1,2,4,2,5,2,1,1,2,2,1,2,1,1,2,2,2,2,1,2,2,2,2,2,2,2,1,2,2,0,0,0
2008,39,27,1,390538,1,5,1,2,4,2,5,2,1,2,1,2,1,2,1,1,2,2,2,2,2,2,2,2,2,2,2,2,1,2,2,0,0,0
2008,39,105,1,390539,1,5,2,2,4,2,5,2,1,1,2,2,2,2,1,2,2,2,2,2,3,2,2,2,2,2,2,2,1,2,2,0,0,0
2008,39,93,1,390540,1,5,1,2,1,1,5,1,4,1,1,2,2,1,2,2,2,2,2,2,3,2,2,2,2,1,2,2,2,2,2,0,0,0
2008,39,45,1,390541,1,5,1,2,4,2,5,2,1,2,2,2,1,2,1,2,2,2,2,2,1,2,2,2,2,2,2,2,1,2,2,0,0,0
2008,39,153,1,390542,1,5,2,1,2,2,1,3,1,2,2,2,1,2,2,2,2,2,2,2,1,2,2,2,2,2,2,2,1,2,2,0,0,0
2008,39,149,1,390543,1,5,1,2,4,2,6,2,1,2,1,2,1,2,1,2,2,2,2,2,2,2,2,2,2,2,2,2,1,2,2,0,0,0
2008,39,133,1,390544,1,5,1,2,1,2,6,2,3,1,2,2,2,2,2,2,2,2,2,2,3,2,2,2,2,1,1,1,1,2,2,0,0,0
2008,39,89,1,390545,1,5,1,2,4,2,5,2,1,1,1,2,1,2,2,1,2,2,1,2,2,2,2,2,2,2,2,2,1,2,2,0,0,0
2008,39,107,1,390546,1,5,1,2,1,2,5,2,1,1,2,2,1,2,2,2,1,2,2,2,3,2,2,2,2,2,1,1,2,2,2,0,0,0
2008,39,153,1,390547,1,5,2,2,4,2,5,2,1,2,2,2,1,2,1,1,2,2,2,2,1,2,2,2,2,2,2,2,1,2,2,0,0,0
2008,39,141,1,390548,1,5,1,2,4,2,5,2,1,1,1,2,1,2,1,1,2,2,2,2,1,2,2,2,2,2,2,2,1,2,2,0,0,0
2008,39,153,1,390549,1,5,2,2,1,2,6,2,4,2,1,2,2,2,2,2,2,2,2,2,3,2,2,2,2,2,2,2,2,2,2,0,0,0
2008,39,95,1,390550,1,5,2,2,1,2,5,3,1,2,2,2,1,2,1,2,2,2,2,2,1,2,2,2,2,1,2,2,2,2,2,0,0,0
2008,39,133,1,390551,1,5,2,2,1,1,3,1,4,1,1,2,2,2,1,2,2,2,1,2,2,2,2,2,2,2,2,2,2,2,2,0,0,0
2008,39,121,1,390552,1,5,1,2,2,2,6,2,1,1,2,2,1,2,2,2,2,2,1,2,3,2,2,2,2,2,2,2,1,2,2,0,0,0
2008,39,95,1,390553,1,5,2,2,1,2,6,2,1,2,1,2,1,2,2,2,1,2,2,2,3,2,2,2,2,1,2,2,2,2,2,0,0,0
2008,39,49,1,390554,1,5,2,2,4,2,6,2,2,2,2,2,1,2,2,2,2,2,2,2,3,2,2,2,2,1,2,2,2,2,2,0,0,0
2008,39,55,1,390556,1,5,1,2,1,2,3,3,3,2,1,2,2,2,1,2,2,2,2,2,3,2,2,2,2,2,2,2,2,2,2,0,0,0
2008,39,109,1,390557,1,5,1,2,1,2,5,2,4,2,1,2,2,2,2,2,2,2,2,2,3,1,1,1,1,2,1,1,1,2,2,0,0,0
2008,39,35,1,390558,1,5,2,2,4,2,6,2,1,1,2,2,1,2,2,2,2,2,2,2,1,2,2,2,2,2,2,2,1,2,2,0,0,0
2008,39,83,1,390559,1,5,1,2,1,2,5,2,1,2,1,2,1,2,1,2,2,2,2,2,3,2,2,2,2,2,2,2,2,2,2,0,0,0
2008,39,7,1,390560,1,5,1,2,4,2,5,2,1,2,2,2,1,2,2,1,2,2,1,2,1,2,2,2,2,2,1,1,1,2,2,0,0,0
2008,39,153,1,390561,1,5,1,2,4,2,5,2,1,1,2,2,1,2,1,2,2,2,2,2,1,2,2,2,2,2,2,2,1,2,2,0,0,0
2008,39,89,1,390562,1,5,2,2,1,2,2,2,1,2,1,1,1,2,2,2,1,2,2,2,2,2,2,2,2,2,2,2,2,2,2,0,0,0
2008,39,113,1,390563,1,5,2,2,1,1,5,1,4,1,1,2,2,2,1,2,2,2,2,2,2,2,2,2,2,2,2,2,2,2,2,0,0,0
2008,39,37,1,390564,1,5,1,2,1,2,3,2,2,1,1,2,3,2,2,2,2,2,2,2,3,2,2,2,2,1,2,2,2,2,2,0,0,0
2008,39,11,1,390565,1,5,1,2,4,2,6,2,1,1,1,2,1,2,1,2,2,2,2,2,2,2,2,2,2,1,2,2,1,2,2,0,0,0
2008,39,73,1,390566,1,5,1,2,1,2,5,2,4,1,1,2,2,1,1,2,2,2,2,2,1,2,2,2,2,2,2,2,1,2,2,0,0,0
2008,39,37,1,390567,1,5,1,2,2,2,5,2,1,1,2,2,1,2,1,2,2,2,2,2,2,2,2,2,2,2,2,2,1,2,2,0,0,0
2008,39,65,1,390568,1,5,1,2,1,2,6,2,1,2,2,2,1,2,2,2,2,2,1,2,1,2,2,2,2,2,1,1,1,2,2,0,0,0
2008,39,105,1,390569,1,5,1,2,2,2,3,2,1,2,1,2,1,2,1,2,2,2,2,2,1,2,2,2,2,2,2,2,1,2,2,0,0,0
2008,39,49,1,390570,1,5,2,2,1,1,3,1,1,2,1,2,1,2,2,2,1,2,2,2,3,2,2,2,2,2,2,2,2,2,2,0,0,0
2008,39,115,1,390571,1,5,1,2,4,2,4,2,1,1,2,2,1,2,2,2,2,2,2,2,3,2,2,2,2,2,2,2,1,2,2,0,0,0
2008,39,49,1,390572,1,5,2,2,1,2,3,2,1,2,2,2,1,2,2,2,1,2,2,2,3,2,2,2,2,2,2,2,2,2,2,0,0,0
2008,39,13,1,390573,1,5,1,1,1,2,1,2,1,1,2,2,1,2,1,2,2,2,2,2,2,2,2,2,2,2,2,2,2,2,2,0,0,0
2008,39,61,1,390574,1,5,1,2,1,1,5,1,4,1,2,2,2,2,2,2,2,2,2,2,3,2,2,2,2,1,1,1,2,2,2,0,0,0
2008,39,95,1,390575,1,5,2,2,1,2,3,2,4,1,1,2,2,1,1,2,2,2,2,2,3,2,2,2,2,2,2,2,2,2,2,0,0,0
2008,39,141,1,390576,1,5,1,2,4,2,3,3,1,2,2,2,1,2,2,1,2,2,2,2,1,2,2,2,2,2,2,2,1,2,2,0,0,0
2008,39,45,1,390577,1,5,1,1,1,2,1,3,2,1,1,2,3,1,1,2,2,2,2,2,3,2,2,2,2,2,2,2,2,2,2,0,0,0
2008,39,33,1,390578,1,5,1,2,4,2,6,2,1,2,2,2,1,2,1,2,2,2,2,2,1,2,2,2,2,2,2,2,1,2,2,0,0,0
2008,39,89,1,390579,1,5,1,2,1,2,5,2,4,1,2,2,3,2,1,2,2,2,2,2,3,2,2,2,2,2,1,1,1,2,2,0,0,0
2008,39,171,1,390580,1,5,1,2,2,2,6,2,1,2,1,2,1,2,2,1,2,2,2,2,1,2,2,2,2,2,2,2,1,2,2,0,0,0
2008,39,55,1,390581,1,5,1,2,1,2,5,2,3,1,1,2,2,2,2,2,2,2,2,2,3,2,2,2,2,2,2,2,1,2,2,0,0,0
2008,39,23,1,390582,1,5,1,2,1,2,6,2,2,1,2,2,2,2,2,2,2,2,2,2,1,2,2,2,2,2,2,2,2,2,2,0,0,0
2008,39,5,1,390583,1,5,1,2,2,2,5,2,1,1,2,2,2,2,1,2,2,2,2,2,3,2,2,2,2,2,1,1,1,2,2,0,0,0
2008,39,35,1,390584,1,5,2,2,1,2,3,3,4,1,1,2,2,2,1,1,2,2,2,2,2,2,2,2,2,2,2,2,2,2,2,0,0,0
2008,39,113,1,390585,1,5,1,2,1,2,5,2,2,2,1,2,2,2,1,2,2,2,2,2,1,2,2,2,2,1,2,2,2,2,2,0,0,0
2008,39,153,1,390586,1,5,2,2,4,2,2,2,1,2,2,2,1,2,1,2,2,2,2,2,3,2,2,2,2,2,2,2,1,2,2,0,0,0
2008,39,61,1,390587,1,5,1,2,4,2,5,2,1,2,1,2,1,2,2,2,2,2,2,2,3,2,2,2,2,2,2,2,1,2,2,0,0,0
2008,39,49,2,390588,1,5,2,2,3,2,5,2,1,2,1,2,1,2,2,1,2,2,2,1,2,2,2,2,2,2,2,2,1,2,2,0,0,0
2008,39,49,1,390589,1,5,2,2,4,2,3,2,1,2,1,2,1,2,2,2,1,2,2,2,2,2,2,2,2,2,2,2,1,2,2,0,0,0
2008,39,151,1,390590,1,5,1,2,4,2,6,2,1,2,2,2,1,2,2,2,2,2,1,2,1,2,2,2,2,2,2,2,1,2,2,0,0,0
2008,39,103,1,390591,1,5,1,2,4,2,5,2,1,2,1,2,1,2,1,1,2,2,2,2,1,2,2,2,2,2,1,1,1,2,2,0,0,0
2008,39,35,1,390592,1,5,2,2,4,2,5,2,1,1,2,2,1,2,2,2,2,2,2,2,1,2,2,2,2,2,2,2,1,2,2,0,0,0
2008,39,55,1,390593,1,5,1,2,1,1,5,1,4,1,2,2,2,2,2,2,2,2,2,2,1,2,2,2,2,2,2,2,2,2,2,0,0,0
2008,39,119,1,390594,1,5,1,2,1,2,5,2,3,2,2,2,2,2,1,2,2,2,2,2,3,2,2,2,2,2,2,2,1,2,2,0,0,0
2008,39,97,1,390595,1,5,1,2,4,2,5,2,1,1,2,2,1,2,2,1,2,2,2,2,1,2,2,2,2,2,2,2,1,2,2,0,0,0
2008,39,43,1,390596,1,5,2,2,1,1,2,1,4,2,2,2,2,2,1,2,2,2,2,2,2,2,2,2,2,2,2,2,2,1,2,0,0,0
2008,39,27,1,390597,1,5,1,2,1,2,6,2,5,2,1,2,2,2,1,1,2,2,2,2,3,2,2,2,2,2,1,1,1,2,2,0,0,0
2008,39,129,2,390598,1,5,1,2,1,1,3,1,4,1,1,2,3,1,2,2,2,2,2,2,3,2,2,2,2,1,2,2,2,2,2,0,0,0
2008,39,159,1,390600,1,5,1,2,1,2,4,2,5,2,1,2,2,2,2,2,2,2,2,2,1,1,1,1,1,2,2,1,1,2,2,0,0,0
2008,39,43,3,390601,1,5,1,1,4,2,1,2,1,2,2,2,1,1,2,2,2,2,2,2,3,2,2,2,2,2,2,2,1,2,2,0,0,0
2008,39,113,1,390602,1,5,1,2,1,1,3,1,2,1,1,2,2,1,1,2,2,2,2,2,3,2,2,2,2,1,2,2,2,2,2,0,0,0
2008,39,113,1,390603,1,5,2,2,4,2,5,2,1,2,1,2,1,2,1,2,2,2,2,2,2,2,2,2,2,2,2,2,1,2,2,0,0,0
2008,39,153,1,390604,1,5,2,2,1,1,3,1,4,2,2,2,2,2,1,2,2,2,2,2,3,1,1,1,1,2,2,1,2,2,2,0,0,0
2008,39,61,1,390605,1,5,2,2,1,2,3,2,1,1,1,2,1,2,2,2,1,2,2,2,3,2,2,2,2,2,2,2,2,2,2,0,0,0
2008,39,91,1,390606,1,5,1,2,1,2,5,2,1,2,2,2,1,2,1,2,2,2,2,2,2,2,2,2,2,2,2,2,2,2,2,0,0,0
2008,39,107,1,390607,1,5,1,2,4,2,3,2,1,1,2,2,1,1,2,2,2,2,1,2,2,2,2,2,2,2,2,2,1,2,2,0,0,0
2008,39,83,1,390608,1,5,1,2,1,2,4,2,3,1,1,2,2,2,2,2,2,2,2,2,3,2,2,2,2,1,2,2,1,2,2,0,0,0
2008,39,41,1,390609,1,5,1,2,1,1,3,1,4,1,1,2,2,2,1,2,2,2,2,2,2,2,2,2,2,2,1,1,2,2,2,0,0,0
2008,39,35,1,390610,1,5,2,1,1,2,1,3,2,1,1,2,2,1,2,1,2,2,1,2,3,2,2,2,2,2,2,2,2,2,2,0,0,0
2008,39,119,1,390611,1,5,2,2,4,1,5,1,1,1,1,2,1,2,2,2,2,2,2,2,2,2,2,2,2,1,2,2,2,2,2,0,0,0
2008,39,93,1,390612,1,5,2,2,1,1,5,1,4,1,1,2,2,2,2,2,2,2,2,2,3,2,2,2,2,1,2,2,2,2,2,0,0,0
2008,39,17,1,390613,1,5,1,2,1,2,4,3,1,1,1,2,1,2,2,2,2,2,2,2,2,2,2,2,2,2,2,2,2,2,2,0,0,0
2008,39,103,1,390614,1,5,1,1,4,2,1,3,1,1,2,2,1,2,1,2,2,2,2,2,3,2,2,2,2,2,2,2,2,2,2,0,0,0
2008,39,167,1,390615,1,5,1,2,4,2,5,2,1,2,2,2,1,2,2,1,2,2,1,2,2,1,1,1,1,2,2,1,1,2,2,0,0,0
2008,39,57,1,390616,1,5,1,1,4,2,1,3,1,2,1,2,1,2,2,2,2,2,2,2,1,2,2,2,2,2,2,2,1,2,2,0,0,0
2008,39,41,2,390617,1,5,1,2,4,2,4,2,4,1,1,2,2,2,2,2,2,2,1,2,3,1,1,1,1,2,2,1,1,2,2,0,0,0
2008,39,169,2,390618,1,5,1,2,1,2,4,2,3,2,2,2,2,2,1,2,2,2,2,2,1,2,2,2,2,2,1,1,1,2,2,0,0,0
2008,39,35,1,390619,1,5,2,2,1,1,5,1,4,1,1,2,2,2,2,2,2,2,2,2,3,2,2,2,2,1,2,2,2,2,2,0,0,0
2008,39,157,1,390620,1,5,1,2,1,2,5,2,3,1,1,2,2,2,2,2,2,2,2,2,2,2,2,2,2,2,2,2,1,2,2,0,0,0
2008,39,75,1,390621,1,5,1,2,1,2,5,2,1,1,1,2,1,2,2,2,2,1,2,2,3,1,1,1,1,2,2,1,1,1,2,0,0,0
2008,39,155,1,390622,1,5,1,2,4,2,6,2,1,2,1,2,1,2,1,2,2,2,2,2,1,2,2,2,2,2,2,2,1,2,2,0,0,0
2008,39,95,1,390623,1,5,1,2,1,2,3,2,4,1,1,2,2,1,2,2,2,2,2,2,3,1,1,1,1,2,2,1,1,2,2,0,0,0
2008,39,167,2,390624,1,5,2,2,4,2,5,2,1,2,1,2,1,2,2,1,2,2,2,2,1,1,2,1,2,2,2,2,1,2,2,0,0,0
2008,39,13,1,390625,1,5,1,2,1,2,5,3,4,1,1,2,2,2,2,2,2,2,2,2,3,2,2,2,2,1,2,2,2,2,2,0,0,0
2008,39,35,1,390626,1,5,2,2,1,1,6,1,4,2,2,1,2,2,1,2,2,2,2,2,3,2,2,2,2,2,1,1,2,2,2,0,0,0
2008,39,47,1,390627,1,5,1,2,1,2,4,2,3,2,2,2,2,1,2,2,2,2,2,2,3,2,2,2,2,2,2,2,1,2,2,0,0,0
2008,39,49,1,390629,1,5,2,2,1,2,4,2,1,2,2,1,1,2,2,2,1,2,2,2,3,2,2,2,2,2,1,1,2,2,2,0,0,0
2008,39,61,1,390630,1,5,2,2,4,2,5,2,1,1,2,2,1,2,1,2,2,2,2,2,1,2,2,2,2,2,2,2,1,2,2,0,0,0
2008,39,123,1,390631,1,5,1,2,2,2,3,2,1,1,2,2,1,2,1,2,2,2,2,2,2,2,2,2,2,2,2,2,1,2,2,0,0,0
2008,39,157,1,390632,1,5,1,2,4,2,5,2,1,2,1,2,1,2,2,1,2,2,2,2,1,2,2,2,2,2,2,2,1,2,2,0,0,0
2008,39,51,1,390633,1,5,1,2,1,1,6,1,4,1,1,2,2,2,2,2,2,2,2,2,3,2,2,2,2,2,2,2,2,2,2,0,0,0
2008,39,15,1,390634,1,5,1,2,4,2,5,2,1,1,1,2,1,2,2,2,2,2,2,2,2,2,2,2,2,2,1,1,1,2,2,0,0,0
2008,39,77,1,390635,1,5,1,2,1,1,3,1,4,1,2,2,2,2,1,2,2,2,2,2,3,2,2,2,2,1,2,2,2,2,2,0,0,0
2008,39,41,1,390636,1,5,1,2,4,2,6,2,1,1,1,2,1,2,2,2,2,2,1,2,2,2,2,2,2,2,1,1,1,2,2,0,0,0
2008,39,35,1,390637,1,5,2,1,1,2,1,3,2,2,1,2,2,1,2,2,2,2,2,2,3,2,2,2,2,2,2,2,2,2,2,0,0,0
2008,39,73,1,390638,1,5,1,2,4,2,5,2,1,1,1,2,1,2,2,1,2,2,1,2,2,1,1,1,1,2,2,1,1,2,2,0,0,0
2008,39,57,1,390639,1,5,1,2,4,2,5,2,1,1,1,2,1,2,2,1,2,2,1,2,1,2,2,2,2,2,2,2,1,2,2,0,0,0
2008,39,63,1,390640,1,5,2,2,1,2,3,3,4,1,2,2,2,2,1,2,2,2,2,2,3,2,2,2,2,2,2,2,2,2,2,0,0,0
2008,39,43,1,390641,1,5,1,2,1,2,3,2,4,2,2,2,2,2,2,2,2,2,1,2,3,1,1,1,1,2,1,1,1,2,2,0,0,0
2008,39,91,1,390642,1,5,1,2,1,2,5,2,1,2,2,2,1,2,1,2,2,2,2,2,2,2,2,2,2,2,2,2,2,2,2,0,0,0
2008,39,43,1,390643,1,5,2,2,4,1,3,1,1,2,2,2,1,2,1,2,2,2,2,2,1,2,2,2,2,2,2,2,2,2,2,0,0,0
2008,39,153,1,390644,1,5,1,2,1,1,5,1,1,1,2,2,1,2,2,2,2,2,2,2,1,1,1,1,1,2,2,1,2,2,2,0,0,0
2008,39,1,1,390645,1,5,1,2,4,2,3,2,1,1,1,2,2,2,2,2,2,2,2,2,2,2,2,2,2,2,2,2,1,2,2,0,0,0
2008,39,103,1,390646,1,5,1,2,4,2,6,2,1,1,1,2,1,2,2,2,2,2,2,2,2,2,2,2,2,2,2,2,1,2,2,0,0,0
2008,39,27,1,390647,1,5,1,2,1,1,5,1,4,1,1,2,2,2,2,2,2,2,2,2,3,2,2,2,2,2,1,1,2,2,2,0,0,0
2008,39,103,1,390648,1,5,1,2,1,2,5,2,3,1,1,2,2,2,1,1,2,2,2,2,3,2,2,2,2,2,2,2,1,2,2,0,0,0
2008,39,9,1,390649,1,5,1,2,4,2,5,2,1,1,1,2,1,2,2,2,2,2,1,2,2,2,2,2,2,2,1,1,1,2,2,0,0,0
2008,39,55,1,390650,1,5,1,2,1,1,3,1,1,1,2,2,1,2,2,2,2,1,2,2,3,2,2,2,2,2,2,2,2,2,2,0,0,0
2008,39,23,1,390651,1,5,1,2,4,2,5,2,1,2,1,2,1,2,2,2,2,2,2,2,2,2,2,2,2,1,2,2,1,2,2,0,0,0
2008,39,85,1,390652,1,5,2,2,4,2,4,2,1,1,1,2,1,2,2,2,2,2,1,2,1,2,2,2,2,2,1,1,1,2,2,0,0,0
2008,39,107,1,390653,1,5,1,2,1,2,4,2,5,1,2,2,2,2,2,2,2,2,1,2,3,2,2,1,1,2,1,1,1,2,2,0,0,0
2008,39,147,1,390654,1,5,1,2,1,1,5,1,4,2,2,2,2,2,1,1,2,2,2,2,2,2,2,2,2,1,1,1,2,2,2,0,0,0
2008,39,61,1,390655,1,5,1,2,2,2,6,2,1,2,2,2,1,2,1,2,2,2,2,2,2,2,2,2,2,2,2,2,1,2,2,0,0,0
2008,39,141,1,390656,1,5,1,2,1,1,5,1,4,1,2,2,2,2,2,2,2,2,1,2,3,1,1,1,1,2,2,1,2,2,2,0,0,0
2008,39,91,1,390657,1,5,1,2,2,2,3,2,1,1,1,2,1,2,2,2,2,2,2,2,1,2,2,2,2,2,2,2,1,2,2,0,0,0
2008,39,35,1,390658,1,5,1,2,4,2,5,2,1,1,2,2,1,2,2,2,2,2,2,2,3,2,2,2,2,2,2,2,1,2,2,0,0,0
2008,39,35,1,390659,1,5,2,2,4,2,4,2,1,1,1,2,1,2,2,2,2,2,2,2,2,2,2,2,2,1,2,2,1,2,2,0,0,0
2008,39,49,1,390660,1,5,2,2,1,1,3,1,4,1,1,2,2,2,2,2,2,2,2,2,3,2,2,2,2,1,2,2,2,2,2,0,0,0
2008,39,45,1,390661,1,5,1,2,4,2,5,2,1,1,2,2,1,2,2,1,2,2,2,2,2,2,2,2,2,2,2,2,1,2,2,0,0,0
2008,39,93,1,390662,1,5,2,2,1,1,4,1,4,1,1,2,2,2,2,2,2,2,2,2,3,2,2,2,2,1,2,2,2,2,2,0,0,0
2008,39,93,1,390663,1,5,1,2,1,1,5,1,4,1,1,2,2,2,2,2,2,2,2,2,3,2,2,2,2,1,2,2,2,2,2,0,0,0
2008,39,23,1,390664,1,5,2,2,1,2,4,2,3,1,2,2,2,2,1,2,2,2,2,2,2,2,2,2,2,1,2,2,1,2,2,0,0,0
2008,39,17,1,390665,1,5,2,2,1,2,2,2,1,2,1,1,2,2,2,2,1,2,2,2,3,2,2,2,2,2,2,2,2,2,2,0,0,0
2008,39,37,1,390666,1,5,1,2,4,2,5,2,1,2,1,2,1,2,1,2,2,2,2,2,2,2,2,2,2,2,2,2,1,2,2,0,0,0
2008,39,49,1,390667,1,5,2,2,1,2,4,2,1,2,1,2,1,2,2,2,2,1,2,2,3,2,2,2,2,2,2,2,2,2,2,0,0,0
2008,39,93,1,390668,1,5,2,2,1,1,5,1,4,1,1,2,2,1,2,2,2,2,2,2,1,2,2,1,1,2,2,1,2,2,2,0,0,0
2008,39,173,1,390669,1,5,1,2,4,2,6,2,1,1,1,2,1,2,2,1,2,2,1,2,2,1,1,1,1,2,2,1,1,2,2,0,0,0
2008,39,61,1,390670,1,5,2,2,1,2,3,2,1,2,1,1,1,2,2,2,1,2,2,2,3,2,2,2,2,2,2,2,2,2,2,0,0,0
2008,39,143,2,390671,1,5,1,2,2,2,4,2,1,1,1,2,1,2,2,1,2,2,2,2,2,2,2,2,2,1,2,2,1,2,2,0,0,0
2008,39,147,1,390672,1,5,1,2,1,2,5,2,5,1,1,2,2,1,2,2,2,2,2,2,3,2,2,2,2,1,2,2,1,2,2,0,0,0
2008,39,61,1,390673,1,5,2,2,1,1,2,1,4,1,1,2,2,1,2,2,2,2,2,2,3,2,2,2,2,1,2,2,2,2,2,0,0,0
2008,39,113,1,390674,1,5,2,2,4,2,3,2,1,2,1,2,1,2,2,1,2,2,1,2,2,2,2,2,2,2,2,2,1,2,2,0,0,0
2008,39,155,1,390675,1,5,2,2,1,1,5,1,4,2,1,1,2,2,1,2,2,2,2,2,3,2,2,2,2,2,1,1,2,2,2,0,0,0
2008,39,139,1,390677,1,5,2,2,1,2,6,2,2,2,2,2,2,2,2,1,2,2,2,2,1,2,2,2,2,2,2,2,2,2,2,0,0,0
2008,39,17,1,390678,1,5,1,2,4,2,5,2,1,1,2,2,1,2,1,2,2,2,2,2,1,2,2,2,2,2,2,2,2,2,2,0,0,0
2008,39,89,1,390679,1,5,2,2,4,2,5,2,1,2,2,2,1,2,1,2,2,2,2,2,1,2,2,2,2,2,2,2,1,2,2,0,0,0
2008,39,127,1,390680,1,5,1,2,2,2,6,2,1,1,1,2,1,2,1,2,2,2,2,2,2,1,1,1,1,2,2,1,1,2,2,0,0,0
2008,39,35,1,390681,1,5,2,1,4,2,1,2,2,1,1,2,2,2,2,2,2,2,2,2,3,2,2,2,2,1,2,2,2,1,2,0,0,0
2008,39,135,1,390682,1,5,1,2,1,2,4,2,5,1,2,2,2,1,2,2,2,2,2,2,3,2,2,2,2,2,2,2,2,2,2,0,0,0
2008,39,113,1,390683,1,5,2,2,1,2,6,2,1,1,1,2,1,1,2,2,1,2,2,2,2,2,2,2,2,2,2,2,2,2,2,0,0,0
2008,39,61,1,390684,1,5,2,1,1,2,1,2,6,2,1,2,2,1,2,1,2,2,2,2,3,2,2,2,2,2,2,2,2,2,2,0,0,0
2008,39,47,1,390685,1,5,1,2,1,2,4,2,1,2,1,1,1,2,2,2,2,1,2,2,3,2,2,2,2,2,2,2,2,2,1,0,0,0
2008,39,113,1,390686,1,5,2,2,4,2,3,2,1,2,2,2,1,2,2,1,2,2,2,1,1,2,2,2,2,2,1,1,1,2,2,0,0,0
2008,39,49,1,390687,1,5,2,1,4,2,1,3,1,1,1,2,1,2,2,1,2,2,1,2,2,1,1,1,1,2,2,1,1,2,2,0,0,0
2008,39,95,1,390688,1,5,2,2,4,2,3,2,1,2,1,2,1,2,1,1,2,2,2,2,2,2,2,1,1,2,2,1,1,2,2,0,0,0
2008,39,91,1,390689,1,5,1,2,1,1,5,1,4,1,1,2,2,2,1,2,2,2,2,2,3,1,1,1,1,2,2,1,2,2,2,0,0,0
2008,39,17,1,390690,1,5,1,2,4,2,6,2,1,2,1,2,1,2,2,2,2,2,1,2,1,2,2,2,2,2,2,2,1,2,2,0,0,0
2008,39,153,1,390693,1,5,2,2,1,1,5,1,5,2,2,2,2,2,1,2,2,2,2,2,3,2,2,1,1,2,2,1,2,2,2,0,0,0
2008,39,99,1,390694,1,5,1,1,1,2,1,3,2,1,1,2,2,1,2,2,2,2,2,2,3,2,2,2,2,1,2,2,2,2,2,0,0,0
2008,39,35,1,390695,1,5,2,2,1,1,3,1,4,1,1,2,2,2,2,2,2,2,2,2,3,2,2,2,2,1,2,2,2,2,2,0,0,0
2008,39,165,1,390696,1,5,1,2,4,2,5,2,1,2,1,2,1,2,1,1,2,2,2,2,1,2,2,2,2,2,2,2,1,2,2,0,0,0
2008,39,23,1,390697,1,5,2,2,1,1,3,1,4,1,1,2,2,2,2,2,2,2,2,2,3,2,2,2,2,1,2,2,2,2,2,0,0,0
2008,39,155,1,390698,1,5,2,2,4,1,4,1,1,2,2,2,1,2,2,2,2,2,2,2,1,2,2,2,2,2,2,2,2,2,2,0,0,0
2008,39,139,1,390699,1,5,2,2,4,1,6,1,1,2,1,2,1,2,2,2,2,2,2,2,2,1,1,1,1,2,2,1,2,2,2,0,0,0
2008,39,85,1,390700,1,5,1,2,1,2,3,3,5,1,1,2,2,2,1,2,2,2,2,2,3,2,2,2,2,2,2,2,2,2,2,0,0,0
2008,39,69,1,390701,1,5,1,2,1,1,5,1,4,1,1,2,2,2,1,2,2,2,2,2,3,2,2,2,2,1,2,2,2,2,2,0,0,0
2008,39,17,1,390703,1,5,2,2,1,2,4,3,4,1,1,2,2,2,1,2,2,2,2,2,3,2,2,2,2,1,2,2,2,2,2,0,0,0
2008,39,49,1,390704,1,5,1,2,4,2,5,2,1,2,1,2,1,2,1,2,2,2,2,2,2,2,2,2,2,2,2,2,1,2,2,0,0,0
2008,39,119,2,390706,1,5,2,2,1,1,5,1,4,1,1,2,2,2,1,1,2,2,2,2,3,2,2,2,2,1,2,2,2,2,2,0,0,0
2008,39,153,1,390707,1,5,2,1,1,2,1,2,2,2,1,2,2,1,2,1,2,2,2,2,1,2,2,2,2,2,2,2,2,2,2,0,0,0
2008,39,49,1,390708,1,5,2,2,1,2,5,2,1,2,2,2,1,2,2,2,1,2,2,2,3,2,2,2,2,2,2,2,2,2,2,0,0,0
2008,39,61,1,390709,1,5,2,2,4,2,5,2,1,2,2,2,1,2,2,1,2,2,2,2,1,2,2,2,2,2,2,2,1,2,2,0,0,0
2008,39,129,1,390710,1,5,1,2,4,2,6,2,1,2,1,2,1,2,2,2,2,2,2,2,1,2,2,2,2,2,2,2,1,2,2,0,0,0
2008,39,25,2,390711,1,5,1,2,1,1,5,1,4,1,1,2,3,1,2,2,2,2,2,2,1,2,2,2,2,1,2,2,2,2,2,0,0,0
2008,39,23,1,390712,1,5,1,2,4,2,6,2,1,1,2,2,1,2,2,2,2,2,1,2,1,2,2,2,2,2,2,2,1,2,2,0,0,0
2008,39,167,2,390713,1,5,1,1,1,2,1,3,1,1,2,2,1,2,1,2,2,2,2,2,2,2,2,2,2,2,2,2,2,1,2,0,0,0
2008,39,157,1,390714,1,5,1,2,1,1,3,1,4,1,2,2,2,1,2,2,2,2,2,2,2,2,2,2,2,2,2,2,2,2,2,0,0,0
2008,39,157,1,390715,1,5,1,1,2,2,1,3,1,1,1,2,1,2,2,2,2,2,1,2,2,2,2,2,2,1,2,2,1,2,2,0,0,0
2008,39,143,1,390716,1,5,1,2,1,1,3,1,4,1,1,2,2,1,2,2,2,2,2,2,2,2,2,2,2,1,2,2,2,2,2,0,0,0
2008,39,49,1,390717,1,5,1,1,4,2,1,3,1,2,2,2,1,2,2,1,2,2,1,2,3,2,2,2,2,2,2,2,1,2,2,0,0,0
2008,39,65,2,390718,1,5,1,2,4,2,6,2,1,2,2,2,1,2,2,1,2,2,2,2,3,1,1,1,1,2,2,1,1,2,2,0,0,0
2008,39,169,1,390719,1,5,2,2,1,2,4,2,3,1,1,2,2,2,2,1,2,2,2,2,2,2,2,2,2,2,2,2,1,2,2,0,0,0
2008,39,73,1,390720,1,5,2,2,1,1,5,1,4,1,2,2,2,2,1,2,2,2,2,2,3,2,2,2,2,2,2,2,2,2,2,0,0,0
2008,39,23,1,390721,1,5,1,2,3,2,3,2,1,1,1,2,1,2,2,2,2,2,2,2,2,2,2,2,2,2,2,2,1,2,2,0,0,0
2008,39,99,1,390722,1,5,1,2,4,2,6,2,1,1,1,2,1,2,2,2,2,2,2,2,1,2,2,2,2,1,2,2,1,2,2,0,0,0
2008,39,113,1,390723,1,5,2,2,4,2,3,2,1,2,2,2,2,2,2,2,2,2,2,2,3,2,2,2,2,1,2,2,1,2,2,0,0,0
2008,39,71,2,390724,1,5,1,2,1,2,4,2,4,1,1,2,2,2,2,2,2,2,2,2,3,2,2,2,2,1,2,2,1,2,2,0,0,0
2008,39,81,1,390725,1,5,1,2,4,2,3,2,1,2,1,2,1,2,2,2,2,2,1,2,2,2,2,2,2,2,2,2,1,2,2,0,0,0
2008,39,3,1,390726,1,5,1,2,4,2,5,2,1,2,1,2,1,2,1,1,2,2,2,2,2,2,2,2,2,2,1,1,1,2,2,0,0,0
2008,39,15,1,390727,1,5,1,2,4,2,3,2,1,2,2,2,1,2,2,2,2,2,1,2,1,2,2,2,2,2,2,2,1,2,2,0,0,0
2008,39,69,1,390728,1,5,1,2,1,1,3,1,5,1,1,2,2,1,2,2,2,2,2,2,3,2,2,2,2,2,2,2,2,2,2,0,0,0
2008,39,95,1,390729,1,5,2,2,1,2,2,2,2,2,2,2,2,2,1,2,2,2,2,2,1,2,2,2,2,2,1,1,2,2,2,0,0,0
2008,39,49,1,390730,1,5,2,2,1,1,4,1,1,2,2,2,2,2,2,2,1,2,2,2,3,1,1,1,1,2,2,1,2,2,2,0,0,0
2008,39,13,1,390731,1,5,2,2,4,2,4,2,1,1,2,2,1,2,1,2,2,2,2,2,1,2,2,2,2,2,2,2,1,1,2,0,0,0
2008,39,113,1,390732,1,5,2,2,1,2,3,2,1,1,1,1,1,2,2,2,1,2,2,2,3,2,2,2,2,2,2,2,2,2,2,0,0,0
2008,39,155,1,390733,1,5,1,2,4,2,5,2,1,2,2,2,1,2,2,2,2,2,2,2,1,2,2,2,2,2,2,2,1,2,2,0,0,0
2008,39,169,1,390734,1,5,1,2,4,2,5,2,1,1,2,2,1,1,2,2,2,2,1,2,2,2,2,2,2,2,2,2,1,2,2,0,0,0
2008,39,147,1,390735,1,5,1,2,1,1,5,1,4,2,1,2,2,2,2,2,2,2,2,2,1,2,2,2,2,2,1,1,2,2,2,0,0,0
2008,39,171,1,390736,1,5,1,1,4,2,1,2,1,1,1,2,1,1,2,2,2,2,1,2,1,2,2,2,2,2,2,2,1,2,2,0,0,0
2008,39,13,1,390737,1,5,1,2,4,2,5,2,1,2,1,2,1,2,2,2,2,2,2,2,1,2,2,1,1,2,2,1,1,2,2,0,0,0
2008,39,137,1,390738,1,5,1,2,4,2,6,2,1,1,2,2,1,2,2,2,2,2,1,2,1,2,2,2,2,2,2,2,1,2,2,0,0,0
2008,39,35,1,390739,1,5,2,1,1,2,1,3,4,2,1,1,2,2,2,2,2,2,1,2,1,2,2,2,2,2,1,1,2,2,2,0,0,0
2008,39,43,1,390740,1,5,1,2,4,2,6,2,1,1,1,2,1,2,2,1,2,2,2,2,2,1,1,1,1,2,2,1,1,2,2,0,0,0
2008,39,169,1,390741,1,5,1,2,1,2,3,3,4,2,1,2,2,2,1,2,2,2,2,2,2,2,2,2,2,2,2,2,2,2,2,0,0,0
2008,39,127,1,390742,1,5,1,2,4,2,5,2,1,2,2,2,1,2,2,2,2,2,2,2,1,2,2,2,2,2,2,2,1,2,2,0,0,0
2008,39,55,1,390743,1,5,1,2,1,1,5,1,4,1,1,2,2,2,2,2,2,2,2,2,2,2,2,2,2,2,2,2,2,2,2,0,0,0
2008,39,123,1,390745,1,5,1,2,1,2,3,2,2,1,1,2,2,1,2,2,2,2,2,2,2,2,2,2,2,2,2,2,2,2,2,0,0,0
2008,39,147,1,390746,1,5,1,2,1,2,5,3,2,1,1,2,2,2,2,2,2,2,2,2,3,1,1,1,1,2,2,1,2,2,2,0,0,0
2008,39,127,1,390747,1,5,1,2,2,2,3,2,1,2,1,2,1,2,2,2,2,2,2,2,1,2,2,2,2,2,1,1,1,2,2,0,0,0
2008,39,41,1,390748,1,5,1,2,1,2,5,2,5,1,2,2,3,1,2,2,2,2,2,2,3,2,2,2,2,1,1,1,1,2,2,0,0,0
2008,39,147,1,390749,1,5,1,2,1,1,5,1,4,2,1,2,2,2,2,2,2,2,2,2,3,2,2,2,2,2,1,1,2,2,2,0,0,0
2008,39,151,1,390751,1,5,1,2,4,2,5,2,1,1,1,2,1,2,2,2,2,2,2,2,3,2,2,2,2,2,2,2,1,2,2,0,0,0
2008,39,7,1,390752,1,5,1,2,4,2,6,2,1,1,2,2,1,2,2,1,2,2,1,2,1,2,2,2,2,2,2,2,1,2,2,0,0,0
2008,39,63,1,390753,1,5,1,2,1,1,6,1,5,2,2,2,2,2,2,2,2,2,2,2,1,2,2,2,2,2,2,2,2,2,2,0,0,0
2008,39,33,1,390754,1,5,1,2,1,2,5,2,4,1,1,2,2,2,2,2,2,2,2,2,3,2,2,2,2,2,2,2,2,2,2,0,0,0
2008,39,49,1,390755,1,5,2,2,1,1,3,1,4,1,1,2,2,2,2,2,2,2,2,2,3,2,2,2,2,1,2,2,2,2,2,0,0,0
2008,39,31,1,390756,1,5,1,2,4,2,5,2,1,1,2,2,1,2,2,2,2,2,1,2,2,2,2,2,2,2,2,2,1,2,2,0,0,0
2008,39,97,1,390757,1,5,1,1,4,2,1,3,1,2,1,2,1,2,2,2,2,2,1,2,1,2,2,2,2,2,2,2,1,2,2,0,0,0
2008,39,25,1,390758,1,5,1,2,1,1,5,1,4,1,1,2,2,1,2,2,2,2,2,2,2,1,1,1,1,2,2,1,2,2,2,0,0,0
2008,39,41,1,390759,1,5,1,2,1,1,4,1,4,1,2,2,2,2,2,2,2,2,2,2,2,2,2,2,2,2,2,2,2,2,2,0,0,0
2008,39,103,1,390760,1,5,1,2,1,1,3,1,4,1,1,2,2,2,1,2,2,2,2,2,3,2,2,2,2,1,2,2,2,2,2,0,0,0
2008,39,7,1,390761,1,5,1,2,1,1,6,1,1,1,1,2,1,2,2,2,2,2,2,2,2,2,2,2,2,2,1,1,2,2,2,0,0,0
2008,39,95,1,390762,1,5,2,2,1,2,6,2,3,1,1,2,2,2,2,2,2,2,2,2,3,2,2,2,2,1,2,2,1,2,2,0,0,0
2008,39,23,1,390763,1,5,1,1,4,2,1,3,1,2,2,2,1,2,2,2,2,2,1,2,2,2,2,2,2,2,2,2,1,2,2,0,0,0
2008,39,21,1,390764,1,5,1,2,4,2,6,2,1,1,2,2,1,2,2,2,2,2,2,2,2,1,1,1,1,2,2,1,1,2,2,0,0,0
2008,39,145,1,390765,1,5,1,2,4,2,5,2,1,1,1,2,1,2,2,1,2,2,1,2,2,2,2,2,2,2,2,2,1,2,2,0,0,0
2008,39,153,1,390766,1,5,2,1,4,2,1,2,1,2,2,1,1,2,2,2,1,2,2,2,3,1,1,1,1,2,2,1,1,2,2,0,0,0
2008,39,85,1,390767,1,5,2,2,1,1,4,1,4,1,2,2,2,2,2,2,2,2,2,2,3,2,2,2,2,1,2,2,2,2,2,0,0,0
2008,39,61,1,390768,1,5,2,2,1,2,2,2,5,1,2,1,2,2,2,2,2,2,2,2,3,2,2,2,2,1,2,2,2,2,2,0,0,0
2008,39,31,1,390769,1,5,1,2,1,2,5,3,5,2,2,2,2,2,1,2,2,2,2,2,1,2,2,2,2,2,2,2,2,2,2,0,0,0
2008,39,169,1,390770,1,5,1,2,4,2,5,2,1,2,1,2,1,2,2,2,2,2,1,2,2,2,2,2,2,2,1,1,1,2,2,0,0,0
2008,39,35,1,390771,1,5,2,1,2,2,1,2,5,2,1,2,1,2,2,2,2,2,2,2,1,2,2,2,2,2,1,1,1,2,2,0,0,0
2008,39,33,1,390772,1,5,1,2,1,1,6,1,5,1,1,2,2,2,2,2,2,2,2,2,3,2,2,2,2,2,1,1,2,2,2,0,0,0
2008,39,35,1,390773,1,5,2,2,1,2,5,2,5,1,1,2,2,2,2,2,2,2,2,2,3,2,2,2,2,2,2,2,1,2,2,0,0,0
2008,39,73,1,390774,1,5,1,2,4,2,6,2,1,2,2,2,1,2,2,1,2,2,2,2,1,2,2,2,2,2,2,2,1,2,2,0,0,0
2008,39,155,1,390775,1,5,1,2,1,2,5,2,1,1,1,2,1,2,2,2,1,2,2,2,3,2,2,2,2,2,2,2,2,2,2,0,0,0
2008,39,29,1,390776,1,5,1,2,1,2,5,2,3,1,1,2,3,2,2,2,2,2,2,2,1,2,2,2,2,2,1,1,1,2,2,0,0,0
2008,39,137,1,390777,1,5,1,2,4,2,6,2,1,2,2,2,1,2,2,2,2,2,1,2,1,2,2,2,2,2,2,2,1,2,2,0,0,0
2008,39,163,1,390778,1,5,1,2,2,2,5,2,1,1,1,2,1,1,2,2,2,2,1,2,2,2,2,2,2,2,2,2,1,2,2,0,0,0
2008,39,9,1,390779,1,5,1,2,4,2,5,2,1,2,1,2,1,2,2,2,2,2,2,2,2,2,2,2,2,2,2,2,1,2,2,0,0,0
2008,39,5,1,390780,1,5,1,2,1,2,3,3,1,1,1,2,2,2,1,2,2,2,2,2,3,2,2,2,2,2,2,2,2,2,2,0,0,0
2008,39,151,1,390781,1,5,1,2,4,2,6,2,1,2,1,2,1,2,2,1,2,2,2,2,1,2,2,2,2,2,2,2,1,2,2,0,0,0
2008,39,113,1,390782,1,5,1,2,4,2,5,3,1,2,1,2,1,2,1,1,2,2,2,2,1,2,2,2,2,2,2,2,1,2,2,0,0,0
2008,39,31,1,390783,1,5,1,2,1,2,4,2,3,1,1,2,2,2,2,2,2,2,2,2,2,2,2,2,2,1,2,2,1,2,2,0,0,0
2008,39,137,1,390784,1,5,1,2,4,2,4,2,1,2,2,2,1,2,2,1,2,2,2,2,2,1,1,1,1,2,2,1,1,2,2,0,0,0
2008,39,57,1,390785,1,5,1,2,4,2,5,2,1,2,2,2,1,2,2,1,2,2,1,2,1,2,2,2,2,2,2,2,1,2,2,0,0,0
2008,39,133,1,390787,1,5,1,2,1,2,6,3,4,1,1,2,2,2,1,2,2,2,2,2,2,2,2,2,2,2,2,2,1,2,2,0,0,0
2008,39,149,1,390788,1,5,2,2,1,2,4,3,4,1,1,2,3,2,2,2,2,2,2,2,3,1,1,1,1,1,2,1,2,2,2,0,0,0
2008,39,49,2,390789,1,5,2,2,1,1,4,1,4,1,1,2,3,2,2,2,2,2,2,2,3,2,2,2,2,1,1,1,2,2,2,0,0,0
2008,39,9,2,390790,1,5,1,2,1,2,3,2,3,1,1,2,3,2,2,2,2,2,2,2,3,1,1,1,1,2,1,1,1,2,2,0,0,0
2008,39,59,1,390791,1,5,1,1,2,2,1,3,1,2,2,2,1,2,2,2,2,2,2,2,2,2,2,2,2,2,2,2,1,2,1,0,0,0
2008,39,49,1,390793,1,5,2,2,1,2,2,2,1,2,2,1,1,2,2,2,1,2,2,2,3,2,2,2,2,2,2,2,2,2,2,0,0,0
2008,39,1,1,390794,1,5,1,2,4,2,5,2,1,1,1,2,1,2,2,1,2,2,1,2,2,1,1,1,1,2,2,1,1,2,2,0,0,0
2008,39,157,1,390795,1,5,1,2,1,2,5,2,3,1,1,2,2,2,2,2,2,2,2,2,2,1,1,1,1,2,2,1,1,2,2,0,0,0
2008,39,13,1,390796,1,5,1,2,4,2,4,2,1,1,1,2,1,1,2,1,2,2,1,2,3,2,2,2,2,1,2,2,1,2,2,0,0,0
2008,39,35,2,390797,1,5,2,2,1,2,3,2,3,1,1,2,2,1,2,2,2,2,2,2,3,2,2,2,2,1,2,2,1,2,2,0,0,0
2008,39,21,1,390798,1,5,1,2,4,2,6,2,1,2,2,2,1,2,2,2,2,2,1,2,1,2,2,2,2,2,2,2,1,2,2,0,0,0
2008,39,173,2,390799,1,5,1,2,1,2,5,2,2,2,2,1,2,2,2,2,2,2,1,2,1,1,1,1,1,2,2,1,2,2,2,0,0,0
2008,39,33,1,390800,1,5,1,2,4,2,5,2,1,1,2,2,1,2,2,1,2,2,2,2,2,2,2,2,2,2,2,2,1,2,2,0,0,0
2008,39,113,1,390801,1,5,2,2,4,2,6,2,1,1,1,2,1,2,1,1,2,2,2,2,1,2,2,2,2,2,2,2,1,2,2,0,0,0
2008,39,35,1,390802,1,5,2,2,1,2,2,2,4,2,2,2,2,2,1,2,2,2,2,2,1,2,2,2,2,2,2,2,1,2,2,0,0,0
2008,39,51,1,390803,1,5,1,2,4,2,5,2,1,2,1,2,1,2,2,2,2,2,2,2,1,2,2,2,2,2,2,2,1,2,2,0,0,0
2008,39,133,1,390804,1,5,1,2,4,2,5,2,1,2,2,2,1,2,2,1,2,2,1,2,1,2,2,2,2,2,2,2,1,2,2,0,0,0
2008,39,159,1,390805,1,5,1,2,4,2,5,2,1,1,1,2,1,2,1,2,2,2,2,2,2,2,2,2,2,2,2,2,1,2,2,0,0,0
2008,39,35,1,390806,1,5,2,2,4,2,6,2,1,1,1,2,1,2,1,2,2,2,2,2,2,1,1,1,1,2,2,1,1,2,2,0,0,0
2008,39,35,1,390807,1,5,2,2,4,2,2,3,1,2,2,2,1,2,1,2,2,2,2,2,1,2,2,2,2,2,2,2,1,2,2,0,0,0
2008,39,49,1,390808,1,5,2,2,4,2,5,2,1,1,1,2,1,2,2,2,2,2,2,2,1,2,2,2,2,1,2,2,1,2,2,0,0,0
2008,39,89,1,390809,1,5,1,1,4,2,1,3,1,1,1,2,1,1,2,1,2,2,1,2,2,2,2,2,2,2,2,2,1,2,2,0,0,0
2008,39,93,1,390810,1,5,2,2,1,1,6,1,4,1,1,2,2,2,1,1,2,2,2,2,3,2,2,2,2,2,2,2,2,2,2,0,0,0
2008,39,71,1,390811,1,5,1,2,4,2,4,2,1,2,2,2,1,2,2,2,2,2,1,2,1,2,2,2,2,2,2,2,1,2,2,0,0,0
2008,39,49,1,390812,1,5,2,2,1,1,6,1,2,1,2,2,2,2,1,2,2,2,2,2,3,2,2,2,2,2,1,1,2,2,2,0,0,0
2008,39,37,2,390813,1,5,1,2,1,1,6,1,4,1,1,2,2,2,2,2,2,2,2,2,3,2,2,2,2,2,2,2,2,2,2,0,0,0
2008,39,35,1,390814,1,5,2,2,1,1,6,1,1,1,1,2,1,1,2,2,2,1,2,2,2,2,2,2,2,2,2,2,2,2,2,0,0,0
2008,39,35,1,390815,1,5,2,2,4,2,4,2,1,2,2,2,1,2,2,2,2,2,2,2,2,2,2,2,2,2,2,2,1,2,2,0,0,0
2008,39,141,1,390816,1,5,1,2,1,2,6,2,3,1,2,2,2,2,2,2,2,2,2,2,2,2,2,2,2,2,1,1,1,2,2,0,0,0
2008,39,131,1,390817,1,5,1,2,4,2,6,2,1,2,1,2,1,2,2,1,2,2,1,2,3,2,2,2,2,2,2,2,1,2,2,0,0,0
2008,39,113,1,390818,1,5,1,2,1,2,5,3,2,2,2,2,2,2,1,2,2,2,2,2,1,2,2,2,2,2,2,2,2,2,2,0,0,0
2008,39,7,1,390819,1,5,1,2,1,1,5,1,4,1,1,2,2,1,2,2,2,2,2,2,3,2,2,2,2,1,2,2,2,2,2,0,0,0
2008,39,49,1,390820,1,5,1,2,4,2,5,2,1,1,2,2,1,2,2,2,2,2,1,2,2,2,2,2,2,2,2,2,1,2,2,0,0,0
2008,39,123,1,390821,1,5,1,2,4,2,5,3,1,1,2,2,1,2,1,1,2,2,2,2,2,2,2,2,2,2,2,2,1,2,2,0,0,0
2008,39,165,1,390822,1,5,1,2,4,2,5,2,1,1,2,2,1,2,1,2,2,2,2,2,1,2,2,2,2,2,2,2,1,2,2,0,0,0
2008,39,145,1,390823,1,5,1,2,1,2,3,2,5,1,2,2,2,2,1,2,2,2,2,2,3,2,2,2,2,2,2,2,2,1,2,0,0,0
2008,39,25,1,390824,1,5,1,2,1,1,5,1,4,1,2,2,2,2,2,2,2,2,2,2,3,1,1,1,1,2,2,1,2,2,2,0,0,0
2008,39,113,2,390825,1,5,1,2,4,2,5,2,1,1,2,2,1,2,2,2,2,2,2,2,2,2,2,2,2,2,2,2,1,2,2,0,0,0
2008,39,9,1,390826,1,5,1,2,4,2,5,2,1,1,2,2,1,2,1,2,2,2,2,2,3,2,2,2,2,2,2,2,2,2,2,0,0,0
2008,39,59,2,390827,1,5,1,1,1,2,1,2,4,1,2,2,2,1,2,2,2,2,2,2,2,2,2,2,2,1,2,2,1,2,1,0,0,0
2008,39,101,1,390828,1,5,1,2,4,2,5,2,1,2,2,2,1,2,2,2,2,2,1,2,1,2,2,2,2,2,2,2,1,2,2,0,0,0
2008,39,93,1,390829,1,5,1,2,1,1,5,1,4,1,1,2,2,2,2,2,2,2,1,2,3,1,1,1,1,2,2,1,2,2,2,0,0,0
2008,39,165,1,390830,1,5,1,2,4,2,6,2,1,1,1,2,1,2,1,2,2,2,2,2,2,2,2,2,2,2,2,2,2,2,2,0,0,0
2008,39,21,1,390831,1,5,1,2,4,2,6,2,1,2,1,2,1,2,1,2,2,2,2,2,1,2,2,2,2,2,2,2,1,2,2,0,0,0
2008,39,61,1,390832,1,5,1,2,2,2,6,2,1,2,1,2,1,2,2,2,2,2,2,2,1,2,2,2,2,2,2,2,1,1,2,0,0,0
2008,39,157,1,390833,1,5,1,2,4,2,5,2,1,1,2,2,1,2,1,2,2,2,2,2,2,2,2,2,2,1,2,2,2,2,2,0,0,0
2008,39,17,2,390834,1,5,2,2,1,2,6,3,1,1,2,2,1,2,2,2,2,2,2,2,2,2,2,2,2,2,2,2,2,2,2,0,0,0
2008,39,95,1,390835,1,5,2,2,1,1,6,1,1,1,1,2,1,2,2,2,1,2,2,2,3,2,2,2,2,1,2,2,2,2,2,0,0,0
2008,39,37,1,390836,1,5,1,2,1,2,4,2,4,2,2,2,2,1,2,2,2,2,2,2,2,2,2,2,2,2,2,2,1,2,2,0,0,0
2008,39,29,1,390837,1,5,1,2,1,2,6,2,4,2,1,2,2,2,2,1,2,2,2,2,1,2,2,2,2,2,2,2,2,1,2,0,0,0
2008,39,35,1,390838,1,5,2,1,4,2,1,3,1,2,2,2,1,2,2,2,2,2,2,2,1,2,2,2,2,2,2,2,1,1,2,0,0,0
2008,39,1,1,390839,1,5,1,2,1,2,5,2,3,1,1,2,2,1,2,2,2,2,2,2,2,2,2,2,2,1,2,2,1,2,2,0,0,0
2008,39,35,1,390840,1,5,2,2,4,2,5,2,1,1,1,2,1,2,2,2,2,2,2,2,2,2,2,2,2,2,2,2,1,2,2,0,0,0
2008,39,45,2,390841,1,5,1,2,1,2,4,2,3,1,2,2,3,2,2,2,2,2,2,2,3,2,2,2,2,2,2,2,1,2,2,0,0,0
2008,39,153,1,390842,1,5,1,2,1,2,5,3,4,1,1,2,2,2,1,2,2,2,2,2,3,1,1,1,1,2,2,1,2,2,2,0,0,0
2008,39,89,1,390843,1,5,1,2,4,2,5,2,1,2,2,2,1,2,1,1,2,2,2,2,1,2,2,2,2,2,2,2,1,2,2,0,0,0
2008,39,93,1,390844,1,5,1,2,1,2,3,2,1,1,1,2,1,1,2,2,2,1,2,2,2,2,2,2,2,2,2,2,2,2,2,0,0,0
2008,39,99,1,390845,1,5,2,2,1,1,4,1,4,1,1,2,2,2,2,2,2,2,2,2,3,2,2,2,2,1,2,2,2,2,2,0,0,0
2008,39,61,1,390846,1,5,1,2,1,2,5,2,1,2,2,2,1,2,2,2,1,2,2,2,3,2,2,2,2,2,1,1,2,2,2,0,0,0
2008,39,73,1,390847,1,5,1,2,1,2,5,2,3,1,1,2,2,2,2,2,2,2,2,2,3,1,1,1,1,2,2,1,1,2,2,0,0,0
2008,39,103,2,390848,1,5,1,2,1,1,3,1,4,2,2,2,2,2,2,1,2,2,1,2,3,1,1,1,1,1,2,1,2,2,2,0,0,0
2008,39,49,1,390849,1,5,2,2,1,1,3,1,3,2,2,2,3,2,1,2,2,2,2,2,1,2,2,2,2,1,2,2,1,2,2,0,0,0
2008,39,29,2,390850,1,5,1,2,1,2,4,2,3,1,1,2,2,2,2,2,2,2,2,2,2,1,1,1,1,2,2,1,1,2,2,0,0,0
2008,39,127,1,390851,1,5,1,2,4,2,6,2,1,1,1,2,1,2,2,1,2,2,1,2,2,1,1,1,1,2,2,1,1,2,2,0,0,0
2008,39,49,1,390852,1,5,2,2,1,2,4,2,1,2,2,2,1,2,2,2,1,2,2,2,3,2,2,2,2,2,2,2,2,2,2,0,0,0
2008,39,113,1,390853,1,5,2,2,1,1,5,1,4,1,2,2,2,2,2,2,2,2,2,2,3,2,2,2,2,2,2,2,2,2,2,0,0,0
2008,39,155,1,390854,1,5,1,2,1,2,5,2,2,1,1,2,2,1,2,2,2,2,2,2,3,2,2,2,2,1,2,2,2,2,2,0,0,0
2008,39,61,1,390855,1,5,2,2,1,1,3,1,1,2,1,2,1,2,2,2,1,2,2,2,2,2,2,2,2,2,2,2,2,2,2,0,0,0
2008,39,49,1,390856,1,5,2,2,1,2,6,2,1,2,2,2,1,2,1,2,2,2,2,2,1,1,1,1,1,2,2,1,2,2,2,0,0,0
2008,39,61,1,390857,1,5,1,2,1,2,5,2,1,1,1,2,1,2,2,2,2,1,2,2,3,2,2,2,2,2,2,2,2,1,2,0,0,0
2008,39,49,1,390858,1,5,2,2,1,2,3,2,1,2,2,2,1,2,2,2,1,2,2,2,3,2,2,2,2,2,2,2,2,2,2,0,0,0
2008,39,113,1,390859,1,5,2,2,1,1,4,1,4,1,1,2,2,2,2,2,2,2,2,2,3,2,2,2,2,1,1,1,2,2,2,0,0,0
2008,39,145,1,390860,1,5,2,2,4,2,4,2,1,2,2,2,1,2,2,1,2,2,2,2,1,2,2,2,2,2,2,2,1,2,2,0,0,0
2008,39,1,1,390861,1,5,1,2,1,2,5,2,1,2,1,1,1,2,2,2,1,2,2,2,3,2,2,2,2,2,2,2,2,2,2,0,0,0
2008,39,49,1,390862,1,5,2,1,4,2,1,2,1,2,2,2,1,2,2,1,2,2,2,2,1,2,2,2,2,2,1,1,1,2,2,0,0,0
2008,39,61,1,390863,1,5,1,2,1,1,5,1,1,1,1,2,1,2,2,2,1,2,2,2,3,1,1,1,1,2,2,1,2,2,2,0,0,0
2008,39,119,1,390864,1,5,1,2,1,2,3,2,5,2,2,2,3,2,2,2,2,2,2,2,1,1,1,1,1,2,2,1,2,2,2,0,0,0
2008,39,155,2,390865,1,5,1,2,1,1,6,1,4,1,2,2,2,2,1,1,2,2,2,2,3,2,2,2,2,2,2,2,2,2,2,0,0,0
2008,39,109,1,390866,1,5,1,2,4,2,5,2,1,2,2,2,1,2,2,1,2,2,1,2,1,2,2,2,2,2,2,2,1,2,2,0,0,0
2008,39,167,1,390867,1,5,1,2,4,2,4,2,1,2,1,2,1,2,2,2,2,2,2,2,2,2,2,2,2,2,2,2,1,2,2,0,0,0
2008,39,79,1,390868,1,5,1,2,4,2,3,2,1,1,2,2,1,2,1,2,2,2,2,2,2,2,2,2,2,2,2,2,1,2,2,0,0,0
2008,39,155,1,390869,1,5,1,2,1,1,4,1,4,1,1,2,2,1,1,2,2,2,2,2,1,2,2,2,2,2,2,2,2,2,2,0,0,0
2008,39,173,1,390870,1,5,1,2,4,2,5,2,1,2,2,2,1,2,2,2,2,2,1,2,1,2,2,2,2,2,2,2,1,2,2,0,0,0
2008,39,137,1,390871,1,5,1,2,4,2,6,2,1,2,1,2,1,2,2,2,2,2,1,2,1,2,2,2,2,2,2,2,1,2,2,0,0,0
2008,39,95,1,390872,1,5,2,2,1,2,4,3,1,2,2,2,1,2,2,1,2,2,2,2,3,2,2,2,2,2,1,1,2,2,2,0,0,0
2008,39,157,1,390873,1,5,1,2,1,2,3,3,2,1,1,2,2,2,1,2,2,2,2,2,2,2,2,2,2,2,2,2,1,2,2,0,0,0
2008,39,153,1,390874,1,5,2,2,1,2,3,2,1,2,2,1,1,2,2,1,1,2,2,2,3,2,2,2,2,2,2,2,2,2,2,0,0,0
2008,39,33,1,390875,1,5,1,2,1,2,4,2,3,2,1,2,2,1,2,2,2,2,2,2,1,2,2,2,2,2,2,2,1,2,2,0,0,0
2008,39,39,1,390876,1,5,1,2,1,2,3,2,1,2,2,2,1,2,2,2,1,2,2,2,2,2,2,2,2,2,2,2,2,2,2,0,0,0
2008,39,35,1,390877,1,5,2,1,4,2,1,3,1,2,1,2,1,2,2,1,2,2,1,1,1,1,1,1,1,2,2,1,1,2,2,0,0,0
2008,39,103,1,390878,1,5,1,2,1,2,3,2,3,1,1,2,3,2,1,2,2,2,2,2,1,2,2,2,2,2,2,2,1,2,2,0,0,0
2008,39,25,1,390880,1,5,1,2,4,2,6,2,1,1,1,2,1,2,2,1,2,2,2,2,3,2,2,2,2,2,2,2,1,2,2,0,0,0
2008,39,145,1,390881,1,5,1,2,4,2,5,2,1,1,2,2,1,2,2,2,2,2,1,2,2,2,2,2,2,2,2,2,1,2,2,0,0,0
2008,39,159,1,390882,1,5,1,2,1,2,6,2,4,1,2,2,2,2,2,2,2,2,2,2,3,2,2,2,2,1,1,1,1,2,2,0,0,0
2008,39,93,2,390883,1,5,1,2,4,2,6,2,1,1,1,2,1,2,2,1,2,2,1,2,2,1,1,1,1,2,2,1,1,2,2,0,0,0
2008,39,171,1,390884,1,5,1,2,1,1,5,1,4,1,1,2,2,1,2,2,2,2,1,2,2,2,2,2,2,2,2,2,2,2,2,0,0,0
2008,39,89,1,390885,1,5,2,2,4,2,2,3,1,2,2,2,1,2,2,2,2,2,1,2,1,2,2,2,2,2,1,1,1,2,2,0,0,0
2008,39,35,1,390886,1,5,2,1,2,2,1,3,1,2,1,2,1,2,2,2,2,2,1,2,2,2,2,2,2,1,2,2,1,2,2,0,0,0
2008,39,95,1,390887,1,5,2,2,1,2,3,2,2,2,2,1,3,2,1,1,2,2,2,2,1,1,1,1,1,2,2,1,2,1,2,0,0,0
2008,39,3,1,390888,1,5,1,2,1,1,5,1,4,1,1,2,2,1,2,2,2,2,2,2,2,2,2,2,2,1,1,1,2,2,2,0,0,0
2008,39,153,1,390889,1,5,2,2,1,1,4,1,1,2,2,1,1,2,2,1,1,2,2,2,1,2,2,2,2,2,1,1,2,2,2,0,0,0
2008,39,95,2,390890,1,5,1,2,1,1,5,1,4,1,1,2,3,1,2,2,2,2,1,2,3,2,2,2,2,2,2,2,2,2,2,0,0,0
2008,39,35,1,390891,1,5,2,2,4,1,6,1,1,2,1,2,1,2,2,2,2,2,2,2,1,2,2,2,2,2,1,1,2,2,2,0,0,0
2008,39,25,1,390892,1,5,1,2,4,2,4,2,1,1,2,2,1,2,2,2,2,2,2,2,1,2,2,2,2,2,2,2,1,2,2,0,0,0
2008,39,49,2,390894,1,5,2,2,1,2,4,2,4,2,2,2,3,2,2,2,2,2,1,2,3,1,1,1,1,2,2,1,1,2,2,0,0,0
2008,39,135,1,390895,1,5,1,2,4,2,5,2,1,2,1,2,1,2,2,1,2,2,2,2,2,1,1,1,1,2,2,1,1,2,2,0,0,0
2008,39,49,1,390896,1,5,2,2,4,1,5,1,1,2,1,2,1,2,2,2,2,2,2,2,2,2,2,2,2,1,2,2,2,2,2,0,0,0
2008,39,59,1,390897,1,5,1,2,4,2,6,2,1,1,2,2,1,2,2,2,2,2,2,2,3,1,1,1,1,2,2,1,1,2,2,0,0,0
2008,39,85,1,390898,1,5,2,2,4,2,3,2,1,2,1,2,1,2,1,2,2,2,2,2,2,2,2,2,2,2,2,2,1,2,2,0,0,0
2008,39,85,1,390899,1,5,1,2,1,2,5,2,3,1,1,2,2,2,1,2,2,2,2,2,3,2,2,2,2,2,2,2,2,1,2,0,0,0
2008,39,133,1,390900,1,5,2,2,1,1,3,1,4,1,2,2,2,2,2,2,2,2,2,2,3,2,2,1,1,1,2,1,2,2,2,0,0,0
2008,39,17,1,390902,1,5,1,2,4,2,5,2,1,2,1,2,1,2,1,2,2,2,2,2,2,1,1,1,1,2,2,1,1,2,2,0,0,0
2008,39,93,1,390903,1,5,2,2,1,2,3,2,1,2,2,1,1,2,2,2,1,2,2,2,3,2,2,2,2,2,2,2,2,2,2,0,0,0
2008,39,149,1,390904,1,5,2,2,4,2,4,2,1,1,2,1,1,2,2,2,2,2,2,2,3,2,2,2,2,2,2,2,1,2,2,0,0,0
2008,39,35,1,390905,1,5,2,1,2,2,1,2,1,2,1,2,1,2,2,1,2,2,1,2,1,2,2,2,2,2,1,1,1,2,2,0,0,0
2008,39,93,1,390906,1,5,2,2,2,2,3,2,1,1,2,2,1,2,2,2,2,2,2,2,1,1,1,1,1,2,2,1,1,1,2,0,0,0
2008,39,95,1,390907,1,5,2,2,1,2,5,2,3,1,1,2,2,2,2,2,2,2,2,2,3,2,2,2,2,2,2,2,1,2,2,0,0,0
2008,39,61,1,390908,1,5,2,2,4,2,4,2,1,2,1,2,1,2,1,1,2,2,2,1,2,2,2,2,2,2,2,2,1,2,2,0,0,0
2008,39,39,1,390910,1,5,1,2,4,2,6,2,1,1,2,2,1,2,2,2,2,2,1,2,1,2,2,2,2,2,2,2,1,2,2,0,0,0
2008,39,49,1,390911,1,5,1,1,1,1,1,1,3,2,1,2,2,1,2,1,2,2,2,2,2,2,2,2,2,2,2,2,2,2,2,0,0,0
2008,39,113,1,390912,1,5,2,2,4,2,5,2,1,2,1,2,1,2,2,2,2,2,2,2,2,2,2,2,2,2,2,2,1,2,2,0,0,0
2008,39,35,1,390913,1,5,2,2,4,2,4,2,1,2,1,2,1,2,1,2,2,2,2,2,1,2,2,2,2,2,2,2,1,2,2,0,0,0
2008,39,35,1,390914,1,5,2,2,1,2,4,2,1,2,2,2,1,2,2,2,1,2,2,2,2,2,2,2,2,2,2,2,1,2,2,0,0,0
2008,39,35,1,390915,1,5,2,2,4,2,3,2,1,2,1,2,1,2,2,1,2,2,2,2,3,2,2,2,2,2,2,2,1,2,2,0,0,0
2008,39,153,1,390916,1,5,2,2,2,2,3,2,1,2,2,2,1,2,2,1,2,2,2,2,1,2,2,2,2,2,2,2,1,2,2,0,0,0
2008,39,93,1,390917,1,5,2,2,4,2,6,2,4,2,1,2,1,2,2,1,2,2,2,2,1,2,2,2,2,2,2,2,2,2,2,0,0,0
2008,39,49,1,390918,1,5,1,2,1,2,4,2,3,1,1,2,2,2,2,2,2,2,2,2,3,2,2,2,2,2,2,2,1,2,2,0,0,0
2008,39,107,1,390919,1,5,1,2,1,2,5,2,3,1,1,2,3,2,2,2,2,2,1,2,1,2,2,2,2,2,1,1,1,2,2,0,0,0
2008,39,131,1,390922,1,5,1,2,1,1,5,1,3,2,2,2,2,2,2,2,2,2,2,2,1,2,2,2,2,2,2,2,2,2,2,0,0,0
2008,39,95,2,390923,1,5,2,2,1,2,2,2,3,1,1,2,3,2,2,2,2,2,2,2,3,2,2,2,2,2,2,2,1,2,2,0,0,0
2008,39,107,1,390924,1,5,1,2,1,2,5,2,4,1,1,2,2,2,2,2,2,2,2,2,1,2,2,2,2,2,2,2,1,2,2,0,0,0
2008,39,25,1,390925,1,5,1,2,1,1,3,1,4,2,2,2,2,1,2,2,2,2,1,2,2,2,2,2,2,2,1,1,2,2,2,0,0,0
2008,39,25,1,390926,1,5,1,2,1,2,5,2,2,2,1,2,2,1,2,2,2,2,2,2,2,2,2,2,2,2,2,2,2,2,2,0,0,0
2008,39,35,1,390927,1,5,2,1,4,2,1,2,1,1,1,2,1,2,2,1,2,2,2,2,2,2,2,2,2,2,2,2,1,2,2,0,0,0
2008,39,17,1,390928,1,5,1,2,4,2,5,2,1,1,2,2,1,2,1,2,2,2,2,2,2,2,2,2,2,2,2,2,1,2,2,0,0,0
2008,39,153,1,390929,1,5,1,2,4,2,5,2,1,1,2,2,1,2,1,2,2,2,2,2,2,2,2,2,2,2,2,2,1,2,2,0,0,0
2008,39,113,1,390930,1,5,2,2,4,2,6,2,1,2,1,2,1,2,2,2,2,2,2,2,1,2,2,2,2,2,1,1,1,2,2,0,0,0
2008,39,7,1,390931,1,5,1,2,4,2,6,2,1,2,1,2,1,2,1,1,2,2,2,2,2,2,2,2,2,2,2,2,1,2,2,0,0,0
2008,39,91,1,390932,1,5,1,2,1,2,5,2,1,2,1,2,1,2,2,2,1,2,2,2,2,2,2,1,1,2,2,1,2,2,2,0,0,0
2008,39,25,1,390933,1,5,1,2,4,2,6,2,1,1,2,2,1,2,1,2,2,2,2,2,1,2,2,2,2,2,2,2,1,2,2,0,0,0
2008,39,123,1,390934,1,5,1,2,4,2,6,2,1,2,2,2,1,2,2,2,2,2,2,2,1,2,2,2,2,2,2,2,1,2,2,0,0,0
2008,39,61,1,390935,1,5,2,2,4,2,4,2,1,2,2,2,1,2,2,2,2,2,2,2,1,2,2,2,2,2,2,2,1,2,2,0,0,0
2008,39,169,1,390936,1,5,1,2,1,1,5,1,4,1,1,2,2,2,2,2,2,2,1,2,3,2,2,2,2,2,2,2,2,2,2,0,0,0
2008,39,7,1,390937,1,5,1,2,1,2,6,2,1,1,1,2,1,2,2,2,1,2,2,2,3,2,2,2,2,1,2,2,2,2,2,0,0,0
2008,39,141,1,390938,1,5,1,2,1,2,5,2,3,1,2,2,2,2,2,1,2,2,2,2,3,1,1,1,1,2,2,1,1,2,2,0,0,0
2008,39,89,1,390939,1,5,1,2,1,2,6,2,3,1,2,2,2,2,2,2,2,2,2,2,2,2,2,2,2,1,2,2,1,2,2,0,0,0
2008,39,5,1,390940,1,5,1,2,4,2,4,2,1,1,1,2,1,2,2,2,2,2,2,2,2,2,2,2,2,1,2,2,1,2,2,0,0,0
2008,39,165,1,390941,1,5,1,2,4,2,5,2,1,1,2,2,1,2,2,1,2,2,1,2,2,2,2,2,2,2,2,2,1,2,2,0,0,0
2008,39,137,1,390942,1,5,2,2,1,2,4,3,1,2,2,2,1,2,2,2,2,2,2,2,1,2,2,2,2,1,2,2,2,2,2,0,0,0
2008,39,151,1,390943,1,5,1,2,1,2,3,2,4,2,1,2,2,2,2,2,2,2,2,2,1,2,2,2,2,2,2,2,1,2,2,0,0,0
2008,39,169,1,390944,1,5,1,2,1,1,3,1,4,1,1,2,2,2,1,2,2,2,2,2,3,2,2,2,2,1,2,2,2,2,2,0,0,0
2008,39,81,1,390945,1,5,1,2,4,2,5,2,1,1,1,2,1,2,1,1,2,2,2,2,2,2,2,2,2,2,2,2,1,2,2,0,0,0
2008,39,27,2,390946,1,5,1,2,1,2,6,2,3,1,1,2,2,2,2,2,2,2,2,2,3,2,2,2,2,2,1,1,1,2,2,0,0,0
2008,39,35,1,390947,1,5,2,2,1,1,4,1,4,2,2,2,2,2,1,2,2,2,2,1,1,2,2,2,2,2,2,2,2,2,2,0,0,0
2008,39,35,1,390949,1,5,2,1,4,2,1,3,1,1,1,2,1,2,2,2,2,2,1,2,2,2,2,2,2,2,2,2,1,2,2,0,0,0
2008,39,35,1,390950,1,5,2,2,4,2,6,2,1,2,1,2,1,2,2,2,2,2,2,2,1,2,2,1,1,2,2,1,1,2,2,0,0,0
2008,39,35,1,390951,1,5,2,2,1,1,2,1,1,1,1,2,1,2,2,2,1,2,2,2,2,2,2,2,2,2,2,2,2,1,2,0,0,0
2008,39,153,1,390953,1,5,1,2,4,2,6,2,1,2,2,2,1,2,2,2,2,2,2,2,1,2,2,2,2,2,2,2,1,2,2,0,0,0
2008,39,123,1,390954,1,5,1,2,4,2,5,2,1,1,1,2,1,2,1,2,2,2,2,2,2,2,2,2,2,2,2,2,1,2,2,0,0,0
2008,39,147,1,390955,1,5,1,2,4,2,4,2,1,2,1,2,1,2,1,2,2,2,2,2,1,2,2,2,2,2,2,2,1,1,2,0,0,0
2008,39,95,1,390956,1,5,1,2,1,2,3,2,4,1,2,2,3,1,2,1,2,2,2,2,3,2,2,2,2,2,2,2,1,2,2,0,0,0
2008,39,35,1,390957,1,5,2,2,4,2,6,2,3,2,1,2,1,2,1,1,2,2,2,2,2,1,1,1,1,2,2,1,2,2,2,0,0,0
2008,39,35,1,390958,1,5,2,2,4,2,4,2,1,1,1,2,1,2,2,1,2,2,2,2,2,2,2,2,2,1,2,2,1,2,2,0,0,0
2008,39,35,1,390959,1,5,2,2,1,2,4,2,1,2,2,2,1,2,2,2,2,1,2,2,3,2,2,2,2,2,2,2,2,1,2,0,0,0
2008,39,153,1,390960,1,5,1,2,2,2,4,2,1,1,1,2,1,2,1,2,2,2,2,2,1,2,2,2,2,2,2,2,1,2,2,0,0,0
2008,39,35,1,390961,1,5,2,1,1,2,1,2,2,2,1,2,3,2,2,2,2,2,2,2,3,2,2,2,2,2,2,2,2,2,2,0,0,0
2008,39,155,1,390962,1,5,2,2,4,2,4,2,1,2,2,2,2,2,2,2,2,2,2,2,3,2,2,2,2,2,2,2,1,1,2,0,0,0
2008,39,113,1,390963,1,5,2,2,1,1,6,1,4,1,2,1,2,2,2,2,2,2,1,2,1,2,2,2,2,2,2,2,2,2,2,0,0,0
2008,39,35,1,390964,1,5,2,2,4,2,6,3,1,2,2,2,1,2,2,2,2,2,2,1,1,2,2,2,2,2,2,2,1,2,2,0,0,0
2008,39,47,1,390965,1,5,1,2,1,2,4,2,5,1,1,2,2,2,2,2,2,2,2,2,3,1,1,1,1,2,2,1,1,2,2,0,0,0
2008,39,165,1,390966,1,5,1,2,4,2,5,2,1,2,2,2,1,2,2,1,2,2,2,2,2,2,2,1,1,2,2,1,1,2,2,0,0,0
2008,39,63,1,390967,1,5,1,2,1,2,3,2,4,1,2,2,2,2,2,2,2,2,2,2,3,2,2,2,2,2,2,2,1,2,2,0,0,0
2008,39,49,1,390968,1,5,2,2,1,2,4,3,4,1,2,2,2,2,2,2,2,2,2,2,1,2,2,2,2,1,2,2,2,2,2,0,0,0
2008,39,173,1,390969,1,5,1,2,1,2,3,2,3,2,1,2,2,2,2,2,2,2,2,2,3,2,2,2,2,2,2,2,1,2,2,0,0,0
2008,39,35,1,390970,1,5,2,2,1,2,4,2,2,1,1,2,3,2,2,2,2,2,2,2,3,2,2,2,2,1,2,2,2,2,2,0,0,0
2008,39,5,1,390971,1,5,1,2,1,1,5,1,4,1,2,2,2,2,2,2,2,2,1,2,2,2,2,2,2,1,2,2,2,2,2,0,0,0
2008,39,173,1,390972,1,5,1,2,4,2,3,3,1,2,2,2,1,2,2,1,2,2,1,2,1,2,2,2,2,2,2,2,1,2,2,0,0,0
2008,39,35,1,390973,1,5,2,1,4,2,1,2,1,2,2,2,1,2,2,2,2,2,2,2,1,1,1,1,1,2,2,1,1,2,2,0,0,0
2008,39,61,2,390974,1,5,2,1,4,2,1,2,1,1,1,2,2,2,2,2,2,2,2,2,3,2,2,2,2,2,2,2,1,2,2,0,0,0
2008,39,101,1,390975,1,5,1,2,1,2,5,2,5,2,1,2,2,2,2,1,2,2,2,2,3,1,1,1,1,2,2,1,2,2,2,0,0,0
2008,39,63,1,390976,1,5,1,2,1,2,3,2,2,2,1,2,2,1,2,1,2,2,1,2,1,2,2,2,2,2,1,1,2,2,2,0,0,0
2008,39,17,1,390978,1,5,2,2,1,2,4,3,4,1,2,2,2,2,1,2,2,2,2,2,3,2,2,2,2,2,2,2,2,2,2,0,0,0
2008,39,17,2,390979,1,5,1,2,4,2,5,2,1,2,2,2,1,2,2,1,2,2,1,2,1,2,2,2,2,2,2,2,1,2,2,0,0,0
2008,39,77,1,390980,1,5,1,2,4,2,5,2,1,2,2,2,1,2,2,2,2,2,1,2,1,1,1,1,1,2,2,1,1,2,2,0,0,0
2008,39,113,1,390981,1,5,2,2,4,2,3,2,1,1,1,2,1,2,2,2,2,2,2,2,2,2,2,2,2,2,2,2,1,2,2,0,0,0
2008,39,109,1,390982,1,5,1,2,4,2,5,2,1,2,2,2,1,2,2,1,2,2,1,2,2,1,1,1,1,2,2,1,1,2,2,0,0,0
2008,39,35,1,390983,1,5,2,2,4,2,4,2,1,2,2,2,1,2,2,2,2,2,2,2,2,2,2,2,2,2,2,2,1,2,2,0,0,0
2008,39,29,1,390984,1,5,1,2,1,2,5,2,2,2,1,2,2,2,2,2,2,2,2,2,3,2,2,2,2,2,2,2,2,2,2,0,0,0
2008,39,41,2,390985,1,5,1,2,1,2,4,2,2,1,1,2,2,1,2,2,2,2,2,2,3,2,2,2,2,1,2,2,2,2,2,0,0,0
2008,39,29,1,390986,1,5,1,2,1,2,3,2,3,2,2,1,2,2,2,2,2,2,2,2,1,2,2,2,2,2,2,2,1,2,2,0,0,0
2008,39,125,1,390987,1,5,1,2,4,2,6,2,1,1,1,2,1,2,2,2,2,2,1,2,3,2,2,2,2,2,1,1,1,2,2,0,0,0
2008,39,69,1,390988,1,5,1,2,4,2,3,2,1,1,1,2,1,2,2,1,2,2,2,2,3,1,1,1,1,2,2,1,1,2,2,0,0,0
2008,39,61,1,390989,1,5,1,2,2,2,5,2,1,2,1,2,1,2,2,1,2,2,2,2,2,1,1,1,1,2,2,1,1,2,2,0,0,0
2008,39,35,1,390993,1,5,2,2,1,1,4,1,4,2,2,1,2,2,1,2,2,2,2,2,1,2,2,2,2,2,2,2,2,2,2,0,0,0
2008,39,49,1,390994,1,5,2,2,1,2,4,2,1,2,2,1,1,2,2,2,1,2,2,2,1,2,2,2,2,2,2,2,2,2,2,0,0,0
2008,39,103,1,390995,1,5,1,2,1,2,3,2,4,1,1,2,2,2,2,1,2,2,2,2,3,2,2,2,2,1,2,2,1,2,2,0,0,0
2008,39,105,1,390996,1,5,1,2,1,2,3,2,3,2,1,2,3,2,2,2,2,2,2,2,3,2,2,2,2,2,1,1,1,2,2,0,0,0
2008,39,93,1,390997,1,5,1,2,1,2,5,2,1,1,1,2,1,2,2,2,1,2,2,2,2,2,2,2,2,2,2,2,2,2,2,0,0,0
2008,39,23,1,390998,1,5,1,2,1,1,5,1,4,1,2,2,3,2,2,2,2,2,2,2,3,1,1,1,1,2,2,1,2,2,2,0,0,0
2008,39,165,1,390999,1,5,1,2,4,2,6,2,1,1,1,2,1,2,2,2,2,2,2,2,2,2,2,2,2,1,2,2,1,2,2,0,0,0
2008,39,173,1,391000,1,5,1,2,1,2,3,2,3,1,1,2,2,2,2,2,2,2,1,2,3,2,2,2,2,1,2,2,1,2,2,0,0,0
2008,39,129,1,391001,1,5,1,2,4,2,5,2,1,1,2,2,1,1,2,2,2,2,1,2,2,2,2,2,2,2,2,2,1,2,2,0,0,0
2008,39,113,1,391002,1,5,2,2,4,2,3,2,1,2,2,2,1,2,2,2,2,2,2,2,1,2,2,2,2,2,1,1,1,2,2,0,0,0
2008,39,35,1,391003,1,5,2,2,1,1,4,1,1,2,1,1,1,2,2,2,2,1,2,2,1,2,2,2,2,2,2,2,2,2,2,0,0,0
2008,39,151,1,391004,1,5,1,2,4,2,5,2,1,2,2,2,1,2,2,2,2,2,1,2,1,2,2,2,2,2,2,2,1,2,2,0,0,0
2008,39,135,1,391005,1,5,1,2,4,2,5,2,1,2,2,2,1,2,2,2,2,2,1,2,3,1,1,1,1,2,2,1,1,2,2,0,0,0
2008,39,33,1,391006,1,5,1,2,4,2,3,2,1,2,2,2,1,1,2,2,2,2,2,2,2,2,2,2,2,2,2,2,1,2,2,0,0,0
2008,39,121,1,391007,1,5,1,2,4,2,4,2,1,1,2,2,1,2,2,2,2,2,1,2,3,2,2,2,2,1,2,2,1,2,2,0,0,0
2008,39,113,1,391008,1,5,1,2,1,2,5,2,3,2,1,2,2,2,2,2,2,2,2,2,3,2,2,2,2,2,2,2,1,2,2,0,0,0
2008,39,35,1,391009,1,5,2,2,4,2,6,2,1,1,1,2,1,2,2,2,2,2,2,2,2,2,2,2,2,2,2,2,1,2,2,0,0,0
2008,39,61,1,391010,1,5,2,2,4,2,2,2,1,1,2,2,1,2,2,2,2,2,2,2,3,2,2,2,2,2,2,2,1,2,2,0,0,0
2008,39,57,1,391011,1,5,1,2,1,2,5,2,4,2,2,2,2,2,2,2,2,2,2,2,1,1,1,1,1,2,1,1,1,2,2,0,0,0
2008,39,37,1,391012,1,5,1,2,1,2,4,2,3,2,2,2,2,2,2,2,2,2,2,2,3,1,1,1,1,2,2,1,1,2,2,0,0,0
2008,39,15,1,391013,1,5,1,2,1,2,3,2,4,2,1,2,3,2,2,2,2,2,2,2,2,2,2,2,2,2,2,2,1,2,2,0,0,0
2008,39,133,1,391014,1,5,2,2,1,2,4,2,4,1,1,2,3,2,2,2,2,2,2,2,3,2,2,2,2,1,1,1,1,2,2,0,0,0
2008,39,113,1,391015,1,5,2,2,1,1,4,1,4,1,1,2,2,2,2,2,2,2,2,2,3,2,2,2,2,2,2,2,2,2,2,0,0,0
2008,39,153,1,391016,1,5,2,2,2,2,5,2,1,1,1,2,1,2,2,2,2,2,2,2,1,2,2,2,2,2,2,2,1,2,2,0,0,0
2008,39,17,1,391018,1,5,1,2,4,2,5,2,1,1,2,1,1,2,2,1,1,2,2,2,3,1,1,1,1,2,2,1,1,2,1,0,0,0
2008,39,5,1,391019,1,5,1,1,1,2,1,2,4,1,1,2,2,2,2,1,2,2,2,2,3,1,1,1,1,2,2,1,1,2,2,0,0,0
2008,39,57,1,391020,1,5,2,2,4,2,4,2,1,2,2,2,1,2,1,2,2,2,2,2,1,2,2,2,2,2,2,2,1,2,2,0,0,0
2008,39,49,1,391021,1,5,2,2,1,1,6,1,1,1,1,1,1,2,2,2,2,1,2,2,3,2,2,2,2,2,2,2,2,2,2,0,0,0
2008,39,17,1,391022,1,5,2,2,4,2,3,2,1,2,2,2,1,2,2,1,2,2,2,2,1,1,2,1,2,2,2,2,1,2,2,0,0,0
2008,39,153,1,391023,1,5,1,2,1,1,4,1,4,2,1,2,2,2,2,2,2,2,1,2,3,1,1,1,1,2,2,1,2,2,2,0,0,0
2008,39,135,2,391024,1,5,1,2,1,2,6,2,1,1,2,2,1,2,1,2,2,2,2,2,2,2,2,2,2,2,2,2,2,2,2,0,0,0
2008,39,93,1,391025,1,5,2,2,1,2,4,2,1,2,1,2,1,2,2,2,1,2,2,2,3,2,2,2,2,2,2,2,2,2,2,0,0,0
2008,39,113,1,391026,1,5,2,2,1,2,5,2,5,1,1,2,2,2,2,2,2,2,2,2,3,2,2,2,2,1,2,2,1,2,2,0,0,0
2008,39,113,1,391027,1,5,2,2,1,1,3,1,4,2,2,1,3,2,2,2,2,2,2,2,3,2,2,2,2,2,1,1,2,2,2,0,0,0
2008,39,153,1,391028,1,5,2,2,1,2,2,3,5,2,2,1,2,2,2,2,2,2,2,2,3,2,2,2,2,2,2,2,2,2,2,0,0,0
2008,39,155,1,391029,1,5,2,2,1,1,3,1,1,2,1,1,2,2,2,2,1,2,2,2,3,2,2,2,2,1,2,2,2,2,2,0,0,0
2008,39,17,1,391030,1,5,1,2,1,2,3,2,3,2,1,2,2,2,2,2,2,2,2,2,3,2,2,2,2,2,2,2,1,2,2,0,0,0
2008,39,133,1,391031,1,5,2,2,1,1,4,1,4,1,1,2,2,2,2,2,2,2,2,2,3,2,2,2,2,1,2,2,2,2,2,0,0,0
2008,39,33,1,391033,1,5,1,2,4,2,5,2,1,1,2,2,1,2,2,2,2,2,2,2,1,2,2,2,2,2,2,2,1,2,2,0,0,0
2008,39,95,1,391034,1,5,2,2,1,2,5,3,1,2,1,2,1,2,2,2,2,2,2,2,2,2,2,2,2,2,2,2,2,2,2,0,0,0
2008,39,71,1,391035,1,5,1,2,4,2,6,2,1,2,2,2,1,2,2,1,2,2,1,2,1,2,2,2,2,2,1,1,1,2,2,0,0,0
2008,39,15,1,391036,1,5,1,2,1,2,6,2,1,2,2,2,1,2,2,2,1,2,2,2,2,2,2,2,2,2,2,2,2,2,2,0,0,0
2008,39,151,1,391037,1,5,1,2,1,1,6,1,4,1,1,2,2,2,2,2,2,2,1,2,1,2,2,2,2,1,2,2,2,2,2,0,0,0
2008,39,41,1,391038,1,5,1,2,1,2,4,2,4,2,1,2,2,2,2,2,2,2,2,2,3,2,2,2,2,2,2,2,1,2,2,0,0,0
2008,39,23,1,391039,1,5,1,2,4,2,6,2,1,2,2,2,1,2,2,2,2,2,2,2,1,2,2,2,2,2,2,2,1,2,2,0,0,0
2008,39,5,1,391040,1,5,1,1,4,2,1,3,1,1,2,2,1,2,2,1,2,2,1,2,2,2,2,2,2,2,2,2,1,2,2,0,0,0
2008,39,103,1,391041,1,5,1,2,1,2,5,2,4,1,2,2,2,2,2,1,2,2,2,2,3,1,1,1,1,2,2,1,1,2,2,0,0,0
2008,39,103,1,391042,1,5,2,2,4,2,4,2,1,2,2,2,1,2,2,2,2,2,2,2,1,2,2,2,2,2,2,2,1,2,2,0,0,0
2008,39,61,1,391043,1,5,1,2,1,1,3,1,3,1,2,2,3,2,2,2,2,2,2,2,3,2,2,2,2,2,2,2,2,2,2,0,0,0
2008,39,145,1,391044,1,5,2,2,2,2,4,2,1,1,1,2,1,2,2,1,2,2,1,2,3,2,2,2,2,2,2,2,1,2,2,0,0,0
2008,39,13,1,391045,1,5,2,2,1,1,4,1,2,2,1,2,2,2,1,1,2,2,2,2,3,1,1,1,1,2,1,1,2,2,2,0,0,0
2008,39,97,1,391046,1,5,1,2,4,2,5,2,1,2,2,2,1,2,2,1,2,2,1,2,1,2,2,1,1,2,2,1,1,2,2,0,0,0
2008,39,153,1,391047,1,5,2,2,1,1,3,1,1,1,2,2,1,1,2,2,1,2,2,2,3,2,2,2,2,2,2,2,2,2,2,0,0,0
2008,39,139,1,391048,1,5,1,2,4,2,5,2,1,2,1,2,1,2,2,2,2,2,2,2,2,2,2,2,2,1,2,2,1,2,2,0,0,0
2008,39,95,1,391049,1,5,2,2,1,1,3,1,1,2,1,2,1,2,2,2,1,2,2,2,3,2,2,2,2,1,2,2,2,2,2,0,0,0
2008,39,49,1,391050,1,5,2,2,1,1,5,1,1,1,1,2,1,2,2,2,1,2,2,2,3,2,2,2,2,2,2,2,2,2,2,0,0,0
2008,39,125,1,391052,1,5,1,2,1,1,5,1,4,1,2,2,2,2,2,2,2,2,2,2,3,2,2,2,2,1,2,2,2,2,2,0,0,0
2008,39,5,1,391053,1,5,1,2,4,2,3,2,1,1,2,2,1,2,2,2,2,2,1,2,2,2,2,2,2,2,2,2,1,2,2,0,0,0
2008,39,91,1,391054,1,5,1,2,1,2,6,2,5,1,1,2,2,1,2,2,2,2,2,2,3,2,2,2,2,2,2,2,1,2,2,0,0,0
2008,39,155,1,391055,1,5,1,2,1,2,5,2,1,2,1,2,1,2,2,2,1,2,2,2,2,2,2,2,2,2,2,2,2,2,2,0,0,0
2008,39,29,1,391056,1,5,1,2,1,1,5,1,4,2,1,2,2,2,2,2,2,2,2,2,2,2,2,2,2,2,1,1,2,2,2,0,0,0
2008,39,89,1,391057,1,5,1,2,1,2,5,2,5,1,1,2,3,2,2,2,2,2,2,2,3,1,1,1,1,2,2,1,1,2,2,0,0,0
2008,39,165,1,391058,1,5,1,1,3,2,1,2,1,1,2,2,1,2,2,1,2,2,1,2,2,2,2,2,2,1,2,2,1,2,2,0,0,0
2008,39,59,1,391059,1,5,1,1,1,2,1,3,2,1,2,2,1,2,2,2,2,2,2,2,3,2,2,2,2,2,2,2,2,2,2,0,0,0
2008,39,57,1,391060,1,5,1,2,4,2,5,2,1,1,1,2,1,2,2,2,2,2,1,2,2,2,2,2,2,2,2,2,1,2,2,0,0,0
2008,39,109,1,391061,1,5,1,2,4,2,6,2,1,2,2,2,1,2,2,1,2,2,2,2,1,2,2,2,2,2,1,1,1,2,2,0,0,0
2008,39,103,1,391062,1,5,1,2,4,2,4,2,1,1,1,2,1,2,2,2,2,2,1,2,2,2,2,2,2,2,2,2,1,1,2,0,0,0
2008,39,151,1,391063,1,5,1,2,1,2,5,2,4,1,1,2,2,2,2,2,2,2,2,2,1,1,1,1,1,2,2,1,2,2,2,0,0,0
2008,39,63,1,391064,1,5,2,2,1,2,4,2,1,2,1,2,2,2,2,2,2,1,2,2,3,1,1,1,1,2,1,1,2,2,2,0,0,0
2008,39,17,1,391065,1,5,1,2,2,2,6,2,1,1,1,2,1,2,2,2,2,2,2,2,2,2,2,2,2,1,2,2,1,2,2,0,0,0
2008,39,109,1,391066,1,5,1,2,1,1,5,1,4,1,1,2,2,2,2,2,2,2,2,2,3,2,2,2,2,1,2,2,2,2,2,0,0,0
2008,39,49,1,391067,1,5,2,2,1,1,3,1,4,1,1,2,2,2,1,2,2,2,2,2,3,2,2,1,1,2,2,1,2,2,2,0,0,0
2008,39,35,1,391068,1,5,2,1,4,2,1,3,1,1,1,2,1,2,2,2,2,2,2,2,3,2,2,2,2,1,2,2,1,2,2,0,0,0
2008,39,63,1,391069,1,5,1,2,1,2,4,2,4,1,1,2,3,1,2,2,2,2,2,2,3,2,2,2,2,1,2,2,1,2,2,0,0,0
2008,39,75,1,391070,1,5,1,2,4,2,6,2,1,1,1,2,1,2,2,2,2,2,1,2,2,1,1,1,1,2,2,1,1,2,2,0,0,0
2008,39,169,1,391071,1,5,1,2,1,2,5,3,4,2,2,2,2,2,2,2,2,2,2,2,3,2,2,2,2,1,2,2,2,2,2,0,0,0
2008,39,31,2,391072,1,5,1,2,1,2,5,2,4,2,2,2,2,2,2,1,2,2,2,2,1,2,2,1,1,2,2,1,1,2,2,0,0,0
2008,39,25,1,391074,1,5,1,2,1,1,3,1,4,1,1,2,2,2,2,2,2,2,2,2,3,2,2,2,2,2,2,2,2,2,2,0,0,0
2008,39,25,1,391075,1,5,1,2,1,2,4,2,3,2,1,2,2,2,2,2,2,2,2,2,2,2,2,2,2,2,2,2,1,2,2,0,0,0
2008,39,119,1,391076,1,5,1,2,4,2,4,2,4,1,1,2,3,1,2,2,2,2,2,2,3,2,2,2,2,1,2,2,1,2,2,0,0,0
2008,39,13,1,391077,1,5,1,1,1,2,1,3,6,2,1,2,2,1,2,1,2,2,2,2,1,2,2,2,2,2,2,2,2,2,2,0,0,0
2008,39,167,1,391078,1,5,1,2,1,2,5,2,4,1,1,2,2,2,2,1,2,2,2,2,3,2,2,1,1,2,2,1,1,2,2,0,0,0
2008,39,95,1,391079,1,5,2,2,1,1,4,1,4,1,1,2,2,2,2,2,2,2,2,2,3,2,2,2,2,1,2,2,2,2,2,0,0,0
2008,39,25,1,391080,1,5,1,2,4,2,5,2,1,2,2,2,1,2,2,1,2,2,1,2,1,2,2,2,2,2,2,2,1,2,2,0,0,0
2008,39,23,1,391081,1,5,2,2,4,2,6,2,1,2,1,2,1,2,2,2,2,2,2,2,1,2,2,2,2,2,2,2,1,2,2,0,0,0
2008,39,141,1,391082,1,5,1,2,4,2,5,2,1,1,1,2,1,2,2,2,2,2,2,2,2,2,2,2,2,1,2,2,1,2,2,0,0,0
2008,39,35,1,391083,1,5,2,2,4,1,6,1,1,1,1,1,1,2,2,2,1,2,2,2,3,1,2,1,2,2,2,2,2,2,2,0,0,0
2008,39,77,1,391084,1,5,1,2,1,1,3,1,4,2,2,2,2,2,2,2,2,2,2,2,1,1,1,1,1,2,1,1,2,2,2,0,0,0
2008,39,49,1,391085,1,5,2,1,2,2,1,3,6,2,1,2,1,2,2,2,1,2,2,2,2,2,2,2,2,2,2,2,1,2,2,0,0,0
2008,39,155,1,391086,1,5,1,2,1,2,3,2,1,2,1,2,1,2,2,2,1,2,2,2,2,2,2,2,2,2,2,2,2,2,2,0,0,0
2008,39,169,1,391087,1,5,1,2,1,2,3,3,2,1,1,2,2,1,2,2,2,2,1,2,3,2,2,2,2,2,2,2,2,2,2,0,0,0
2008,39,83,1,391088,1,5,1,2,1,1,5,1,4,1,1,2,2,2,2,2,2,2,1,2,3,2,2,2,2,2,1,1,2,2,2,0,0,0
2008,39,105,1,391089,1,5,1,2,1,2,5,2,3,1,2,2,2,2,2,2,2,2,2,2,2,1,1,1,1,2,2,1,1,2,2,0,0,0
2008,39,173,1,391090,1,5,1,1,2,2,1,3,1,1,2,2,1,2,2,2,2,2,1,2,3,2,2,2,2,2,2,2,1,2,1,0,0,0
2008,39,101,1,391091,1,5,1,2,1,2,4,2,3,1,1,2,3,1,2,1,2,2,2,2,3,2,2,2,2,2,1,1,1,2,2,0,0,0
2008,39,35,1,391092,1,5,2,2,4,1,4,1,1,2,1,2,1,2,2,2,2,2,2,1,3,2,2,2,2,2,2,2,2,2,2,0,0,0
2008,39,35,1,391094,1,5,2,2,4,2,5,2,1,2,1,2,1,2,2,1,2,2,2,2,1,2,2,2,2,2,2,2,1,2,2,0,0,0
2008,39,49,1,391095,1,5,1,2,1,2,5,2,3,2,2,2,2,2,2,2,2,2,2,2,1,2,2,2,2,2,2,2,1,2,2,0,0,0
2008,39,79,1,391096,1,5,1,2,4,2,6,2,1,1,1,2,1,2,2,1,2,2,1,2,1,2,2,2,2,2,2,2,1,2,2,0,0,0
2008,39,35,1,391097,1,5,2,2,4,2,4,2,1,2,2,2,1,2,2,2,2,2,1,2,3,1,1,1,1,2,2,1,1,2,2,0,0,0
2008,39,35,1,391098,1,5,2,2,4,2,4,2,1,2,1,2,1,2,2,2,2,2,2,2,2,2,2,2,2,1,2,2,1,2,2,0,0,0
2008,39,101,1,391099,1,5,1,2,1,2,3,2,4,2,1,2,2,1,2,2,2,2,2,2,2,2,2,2,2,2,1,1,1,2,2,0,0,0
2008,39,49,1,391100,1,5,2,2,2,2,6,2,2,2,1,1,2,2,2,2,2,2,2,2,3,2,2,2,2,1,2,2,2,1,2,0,0,0
2008,39,59,1,391101,1,5,2,2,2,2,5,2,1,2,1,2,1,2,2,2,2,2,2,2,2,2,2,2,2,2,2,2,1,2,2,0,0,0
2008,39,7,1,391102,1,5,2,2,1,2,4,2,1,1,1,2,1,2,2,2,1,2,2,2,2,2,2,2,2,2,2,2,2,2,2,0,0,0
2008,39,61,1,391103,1,5,1,2,4,2,6,2,1,2,2,2,1,2,2,2,2,2,2,2,1,1,1,1,1,2,2,1,1,2,2,0,0,0
2008,39,153,1,391104,1,5,2,2,1,2,4,2,1,2,1,2,1,2,2,2,1,2,2,2,3,2,2,2,2,2,2,2,2,2,2,0,0,0
2008,39,93,1,391105,1,5,1,2,1,2,5,2,4,2,1,2,2,2,2,1,2,2,2,2,1,2,2,2,2,2,2,2,1,2,2,0,0,0
2008,39,155,1,391106,1,5,2,2,1,2,6,2,1,2,1,2,1,2,2,2,2,1,2,2,3,2,2,2,2,2,2,2,2,2,2,0,0,0
2008,39,87,1,391107,1,5,1,2,4,2,6,2,1,2,1,2,1,2,2,2,2,2,2,2,3,1,1,1,1,2,2,1,1,2,2,0,0,0
2008,39,119,1,391108,1,5,1,2,1,2,5,2,1,2,2,2,1,2,2,2,2,2,2,2,2,2,2,2,2,2,2,2,2,2,2,0,0,0
2008,39,35,1,391109,1,5,2,2,1,2,4,2,1,2,2,2,1,2,2,1,2,2,2,2,1,2,2,1,1,2,2,1,2,2,2,0,0,0
2008,39,155,1,391110,1,5,1,2,4,2,5,2,1,2,2,2,1,2,2,1,2,2,1,2,1,2,2,2,2,2,2,2,1,2,2,0,0,0
2008,39,35,1,391111,1,5,2,2,1,2,2,2,2,3,3,2,2,2,2,2,2,2,2,2,3,2,2,2,2,2,2,2,2,2,2,0,0,0
2008,39,133,1,391112,1,5,2,2,4,2,4,2,1,2,1,2,1,2,2,2,2,2,1,2,1,2,2,2,2,2,2,2,1,2,2,0,0,0
2008,39,153,1,391113,1,5,2,2,4,2,6,2,1,2,2,2,1,2,2,2,2,2,2,2,1,2,2,2,2,2,2,2,1,2,2,0,0,0
2008,39,61,1,391114,1,5,2,2,4,2,3,2,1,1,1,2,2,2,2,2,2,2,2,2,1,2,2,2,2,2,2,2,1,2,2,0,0,0
2008,39,129,1,391115,1,5,1,2,1,2,6,2,1,1,1,2,1,2,2,2,1,2,2,2,2,2,2,2,2,2,2,2,2,2,2,0,0,0
2008,39,77,1,391116,1,5,1,2,4,2,6,2,1,2,1,2,1,2,2,2,2,2,1,2,1,1,1,1,1,2,2,1,1,2,2,0,0,0
2008,39,145,1,391117,1,5,1,2,2,2,6,2,1,1,2,2,1,2,1,1,2,2,2,2,2,2,2,2,2,1,2,2,1,2,2,0,0,0
2008,39,35,1,391118,1,5,2,1,3,2,1,2,1,2,2,2,1,2,2,2,2,2,2,2,1,2,2,2,2,2,2,2,1,2,2,0,0,0
2008,39,83,1,391119,1,5,1,2,4,2,6,2,1,2,2,2,1,2,2,1,2,2,1,2,2,2,2,2,2,1,2,2,1,2,2,0,0,0
2008,39,35,1,391120,1,5,2,2,1,2,4,2,1,1,1,1,1,2,2,2,1,2,2,2,3,2,2,2,2,2,2,2,2,1,2,0,0,0
2008,39,85,1,391121,1,5,2,2,4,2,4,2,1,1,2,2,1,2,2,2,2,2,1,2,1,2,2,2,2,2,2,2,1,2,2,0,0,0
2008,39,99,1,391122,1,5,2,2,1,1,2,1,4,1,1,2,2,1,2,2,2,2,2,2,3,2,2,2,2,1,2,2,2,2,2,0,0,0
2008,39,61,1,391123,1,5,2,2,1,1,4,1,1,1,1,2,1,2,2,2,1,2,2,2,2,2,2,2,2,2,2,2,2,1,2,0,0,0
2008,39,85,1,391125,1,5,1,1,1,2,1,3,4,2,1,2,2,1,2,1,2,2,2,2,2,2,2,2,2,2,2,2,1,2,2,0,0,0
2008,39,61,1,391126,1,5,1,2,1,2,5,2,3,1,1,2,2,2,2,2,2,2,2,2,3,2,2,2,2,2,1,1,1,2,2,0,0,0
2008,39,49,1,391127,1,5,2,2,1,1,3,1,2,1,1,2,3,1,2,2,2,2,2,2,3,2,2,2,2,1,2,2,2,2,2,0,0,0
2008,39,89,1,391128,1,5,1,2,4,2,5,2,1,1,1,2,1,2,2,2,2,2,1,2,3,2,2,2,2,2,2,2,1,2,2,0,0,0
2008,39,149,1,391129,1,5,1,2,4,2,5,2,1,1,1,2,1,2,2,2,2,2,2,2,3,2,2,2,2,2,2,2,1,2,2,0,0,0
2008,39,35,1,391130,1,5,2,2,1,1,4,1,2,1,1,2,2,2,2,2,2,2,2,2,3,2,2,2,2,1,2,2,2,1,2,0,0,0
2008,39,153,1,391131,1,5,2,1,1,2,1,2,5,2,1,2,3,2,2,2,2,2,2,2,3,2,2,2,2,2,2,2,2,2,2,0,0,0
2008,39,139,1,391132,1,5,2,2,1,2,4,2,5,2,2,2,2,2,2,1,2,2,2,2,1,2,2,2,2,2,2,2,2,2,2,0,0,0
2008,39,99,1,391133,1,5,2,2,1,2,4,2,1,2,2,1,1,2,2,1,1,2,2,2,3,2,2,2,2,2,2,2,2,2,2,0,0,0
2008,39,3,2,391134,1,5,1,2,4,2,6,2,1,2,1,2,1,2,2,1,2,2,1,2,2,1,1,1,1,2,2,1,1,2,2,0,0,0
2008,39,95,1,391135,1,5,2,2,1,1,5,1,3,1,1,2,3,2,2,2,2,2,2,2,1,2,2,2,2,1,2,2,2,2,2,0,0,0
2008,39,153,1,391137,1,5,1,1,3,2,1,2,1,1,1,2,1,2,2,2,2,2,2,2,2,2,2,2,2,2,1,1,1,2,2,0,0,0
2008,39,139,1,391138,1,5,1,2,4,2,3,3,1,2,2,2,1,2,2,1,2,2,2,2,1,2,2,2,2,2,2,2,1,2,2,0,0,0
2008,39,133,1,391139,1,5,1,2,4,2,6,2,2,1,1,2,1,2,2,1,2,2,2,2,2,1,1,1,1,2,2,1,1,2,2,0,0,0
2008,39,133,1,391140,1,5,1,1,1,2,1,2,1,2,1,2,3,1,2,2,2,2,2,2,2,2,2,2,2,2,2,2,2,2,2,0,0,0
2008,39,51,1,391141,1,5,1,2,1,2,3,2,4,1,1,2,2,2,2,1,2,2,2,2,3,1,1,1,1,2,1,1,1,2,2,0,0,0
2008,39,85,1,391142,1,5,2,2,1,1,4,1,5,1,2,2,2,2,2,2,2,2,2,2,3,2,2,2,2,1,2,2,2,2,2,0,0,0
2008,39,97,1,391143,1,5,2,2,4,2,5,3,1,2,2,2,1,2,2,2,2,2,2,2,1,2,2,2,2,2,2,2,2,2,2,0,0,0
2008,39,95,1,391144,1,5,1,2,1,1,5,1,4,1,1,2,2,2,2,2,2,2,1,2,3,2,2,2,2,1,2,2,2,2,2,0,0,0
2008,39,45,1,391145,1,5,1,2,4,2,5,2,1,2,2,2,1,2,2,2,2,2,1,2,1,2,2,2,2,2,1,1,1,2,2,0,0,0
2008,39,153,1,391146,1,5,2,2,4,2,4,2,1,1,1,2,1,1,2,2,2,2,1,2,2,2,2,2,2,2,2,2,2,2,2,0,0,0
2008,39,49,1,391148,1,5,2,1,1,1,1,1,4,2,1,2,3,2,2,2,2,2,2,2,3,2,2,2,2,2,2,2,2,2,2,0,0,0
2008,39,49,1,391149,1,5,2,1,1,2,1,2,5,1,1,2,3,1,2,2,1,2,1,2,3,2,2,2,2,1,2,2,2,2,2,0,0,0
2008,39,129,1,391150,1,5,1,2,4,2,6,2,1,1,1,2,1,2,2,2,2,2,2,2,2,2,2,2,2,2,2,2,1,2,2,0,0,0
2008,39,23,1,391151,1,5,2,1,1,2,1,3,1,1,1,2,1,2,2,2,2,2,2,2,3,2,2,2,2,2,2,2,2,2,2,0,0,0
2008,39,87,1,391152,1,5,2,2,4,2,4,2,1,1,2,2,1,2,2,2,2,2,1,2,3,2,2,2,2,1,2,2,1,2,2,0,0,0
2008,39,43,1,391153,1,5,1,1,1,2,1,2,2,2,1,2,2,1,2,2,2,2,2,2,3,2,2,2,2,2,2,2,2,2,2,0,0,0
2008,39,61,1,391154,1,5,2,2,1,1,5,1,5,1,1,1,2,2,2,2,2,2,2,2,3,2,2,2,2,1,2,2,2,1,2,0,0,0
2008,39,13,1,391155,1,5,2,2,1,2,5,2,1,2,1,1,1,2,2,2,1,2,2,2,1,2,2,2,2,2,1,1,2,1,2,0,0,0
2008,40,99,1,400001,1,6,1,1,3,2,1,2,1,1,1,2,1,2,2,1,2,2,1,2,2,2,2,2,2,2,2,2,1,1,2,0,0,0
2008,40,111,1,400002,1,6,1,2,4,2,5,2,1,2,1,2,1,2,2,2,2,2,1,2,1,2,2,2,2,2,1,1,1,1,2,0,0,0
2008,40,15,1,400003,1,6,1,2,4,2,4,2,1,1,1,2,1,2,2,1,2,2,1,2,2,2,2,2,2,1,2,2,1,1,2,0,0,0
2008,40,21,1,400004,1,6,1,2,4,2,5,2,1,2,2,2,1,2,2,2,2,2,1,2,1,2,2,2,2,2,1,1,1,1,2,0,0,0
2008,40,139,1,400005,1,6,1,2,4,2,6,2,1,2,2,2,1,2,2,1,2,2,1,2,1,2,2,2,2,2,2,2,1,2,2,0,0,0
2008,40,35,1,400006,1,6,1,2,1,2,4,2,4,1,1,2,2,2,2,2,2,2,1,2,3,2,2,2,2,1,2,2,1,1,2,0,0,0
2008,40,47,1,400007,1,6,2,2,1,1,3,1,4,2,2,2,2,2,1,2,2,2,2,2,2,1,1,1,1,2,2,1,2,2,2,0,0,0
2008,40,51,1,400008,1,6,1,2,1,1,3,1,4,1,1,2,2,2,2,2,2,2,2,2,3,2,2,2,2,2,2,2,2,1,2,0,0,0
2008,40,99,1,400009,1,6,1,1,1,2,1,2,1,1,1,2,1,2,2,2,2,2,1,2,2,2,2,2,2,2,2,2,2,2,2,0,0,0
2008,40,37,2,400010,1,6,1,2,1,2,4,2,3,2,2,2,2,2,2,2,2,2,2,2,1,2,2,2,2,2,2,2,1,1,2,0,0,0
2008,40,31,2,400011,1,6,1,2,4,2,5,2,1,2,2,2,1,2,2,1,2,2,1,2,1,1,1,1,1,2,2,1,1,1,2,0,0,0
2008,40,143,1,400012,1,6,2,2,4,2,6,2,1,2,2,2,1,2,2,1,2,2,1,2,1,2,2,2,2,2,2,2,1,1,2,0,0,0
2008,40,131,1,400013,1,6,2,2,4,2,4,2,1,2,1,2,1,2,2,2,2,2,1,2,3,2,2,2,2,2,2,2,1,2,2,0,0,0
2008,40,31,1,400014,1,6,1,2,4,2,5,2,1,2,2,2,1,2,2,2,2,2,1,2,1,2,2,2,2,2,1,1,1,1,2,0,0,0
2008,40,9,2,400015,1,6,1,1,1,2,1,2,4,2,2,2,2,1,2,2,2,2,2,2,1,2,2,2,2,2,2,2,1,1,2,0,0,0
2008,40,81,1,400016,1,6,1,2,4,2,6,2,1,1,2,2,1,2,2,1,2,2,2,2,1,2,2,1,1,2,2,1,1,2,2,0,0,0
2008,40,71,1,400017,1,6,1,2,1,2,4,2,4,1,1,2,2,1,2,2,2,2,2,2,3,2,2,2,2,2,2,2,2,1,2,0,0,0
2008,40,15,1,400018,1,6,1,2,4,2,6,2,1,1,1,2,1,2,2,1,2,2,1,2,1,2,2,2,2,2,1,1,1,2,2,0,0,0
2008,40,1,1,400019,1,6,1,2,4,2,5,2,1,1,1,2,1,2,2,1,2,2,2,2,1,2,2,2,2,2,2,2,1,2,2,0,0,0
2008,40,49,2,400020,1,6,2,1,4,2,1,2,1,1,1,2,1,2,2,1,2,2,1,2,2,2,2,2,2,2,2,2,1,2,2,0,0,0
2008,40,123,2,400021,1,6,1,2,1,2,3,2,3,1,1,2,3,1,2,2,2,2,1,2,3,1,1,1,1,2,2,1,1,1,2,0,0,0
2008,40,35,1,400022,1,6,2,2,1,2,3,3,4,1,2,2,2,2,2,2,2,2,2,2,2,2,2,2,2,1,2,2,2,1,2,0,0,0
2008,40,121,1,400023,1,6,1,2,4,2,4,2,1,1,2,2,2,2,2,2,2,2,2,2,3,2,2,2,2,2,2,2,1,1,2,0,0,0
2008,40,109,1,400024,1,6,2,2,1,1,5,1,4,2,2,2,2,2,2,2,2,2,2,2,3,2,2,2,2,2,2,2,2,2,2,0,0,0
2008,40,31,1,400025,1,6,2,2,1,1,3,1,4,1,1,2,2,2,2,2,2,2,2,2,3,2,2,2,2,2,2,2,2,2,2,0,0,0
2008,40,115,1,400026,1,6,1,1,4,2,1,2,1,1,1,2,1,2,2,2,2,2,2,2,1,2,2,2,2,2,2,2,1,1,2,0,0,0
2008,40,63,1,400027,1,6,1,2,1,2,4,2,4,1,1,2,2,1,2,2,2,2,1,2,3,2,2,2,2,2,2,2,1,1,2,0,0,0
2008,40,73,1,400028,1,6,1,2,1,2,5,2,4,1,1,2,2,1,2,2,2,2,2,2,3,2,2,2,2,2,2,2,1,1,2,0,0,0
2008,40,121,1,400029,1,6,1,2,1,2,5,2,3,2,2,2,2,1,2,2,2,2,1,2,1,2,2,2,2,2,2,2,1,2,2,0,0,0
2008,40,147,1,400030,1,6,1,2,1,2,3,3,4,2,2,2,3,1,2,2,2,2,2,2,3,2,2,1,1,2,2,1,1,1,2,0,0,0
2008,40,9,1,400031,1,6,2,2,1,2,4,2,1,2,1,2,1,2,2,1,1,2,2,2,3,2,2,2,2,2,2,2,1,2,2,0,0,0
2008,40,127,1,400032,1,6,1,2,4,2,3,2,1,2,1,2,1,2,2,2,2,2,1,2,1,2,2,2,2,2,2,2,1,2,2,0,0,0
2008,40,101,1,400033,1,6,1,2,4,1,6,1,1,1,1,2,1,2,2,2,2,2,1,2,2,2,2,2,2,2,2,2,2,2,2,0,0,0
2008,40,83,1,400034,1,6,1,2,4,2,6,2,1,1,1,2,1,2,2,1,2,2,2,2,3,2,2,2,2,2,2,2,1,1,2,0,0,0
2008,40,15,1,400035,1,6,1,2,1,2,5,2,3,1,1,2,2,1,2,2,2,2,1,2,3,2,2,2,2,2,2,2,1,2,2,0,0,0
2008,40,109,1,400036,1,6,2,2,1,2,4,2,2,2,1,2,2,2,2,2,2,2,2,2,3,2,2,2,2,1,2,2,2,1,2,0,0,0
2008,40,143,1,400037,1,6,2,2,4,2,5,2,1,2,2,2,1,2,2,1,2,2,1,2,1,2,2,2,2,2,2,2,1,1,2,0,0,0
2008,40,91,1,400038,1,6,1,2,1,2,3,2,4,1,1,2,2,1,2,1,2,2,2,2,3,2,2,2,2,2,2,2,1,2,2,0,0,0
2008,40,23,1,400039,1,6,1,2,4,2,6,2,1,1,2,2,1,2,2,2,2,2,1,2,2,2,2,2,2,1,2,2,1,2,2,0,0,0
2008,40,109,1,400040,1,6,2,2,4,2,6,2,1,2,2,2,1,2,2,1,2,2,1,2,1,1,1,1,1,2,2,1,1,2,2,0,0,0
2008,40,125,1,400041,1,6,1,2,1,1,4,1,4,1,2,2,2,1,2,1,2,2,2,2,2,2,2,2,2,1,2,2,2,1,2,0,0,0
2008,40,13,2,400042,1,6,1,2,1,2,3,2,3,1,1,2,2,2,2,2,2,2,2,2,1,2,2,2,2,2,2,2,1,2,2,0,0,0
2008,40,17,1,400043,1,6,2,1,1,2,1,2,4,2,1,2,2,1,2,2,2,2,2,2,1,2,2,2,2,2,2,2,2,1,2,0,0,0
2008,40,131,1,400045,1,6,1,1,3,2,1,2,1,1,1,2,2,1,2,1,2,2,2,2,2,2,2,2,2,1,2,2,1,1,2,0,0,0
2008,40,89,1,400046,1,6,1,2,4,2,3,2,1,1,1,2,1,2,2,2,2,2,2,2,2,2,2,2,2,1,2,2,1,2,2,0,0,0
2008,40,79,1,400047,1,6,1,2,1,2,4,2,4,2,2,2,2,2,2,2,2,2,2,2,2,2,2,2,2,2,2,2,1,1,2,0,0,0
2008,40,31,1,400048,1,6,1,2,4,2,6,2,1,1,1,2,1,2,2,1,2,2,1,2,2,2,2,2,2,2,2,2,1,2,2,0,0,0
2008,40,17,1,400049,1,6,2,2,4,2,6,2,1,2,1,2,1,2,2,1,2,2,1,2,1,2,2,2,2,2,1,1,1,2,2,0,0,0
2008,40,143,1,400050,1,6,2,2,1,1,4,1,2,1,1,2,3,2,2,1,2,2,2,2,3,2,2,1,1,2,2,1,2,1,2,0,0,0
2008,40,143,1,400051,1,6,2,2,1,2,2,2,1,2,2,2,2,2,2,2,1,2,2,2,3,2,2,2,2,2,2,2,2,2,2,0,0,0
2008,40,109,1,400052,1,6,2,2,4,2,5,2,1,2,2,2,1,2,2,1,2,2,2,2,1,2,2,2,2,2,1,1,1,2,2,0,0,0
2008,40,109,1,400053,1,6,2,2,1,1,3,1,1,2,2,2,1,2,2,2,1,2,2,2,3,2,2,2,2,2,2,2,2,2,2,0,0,0
2008,40,85,1,400054,1,6,1,2,4,2,5,2,1,2,1,2,1,2,2,1,2,2,2,2,1,2,2,2,2,2,2,2,1,2,2,0,0,0
2008,40,125,1,400055,1,6,1,1,4,2,1,2,1,2,1,2,1,1,2,2,2,2,2,2,2,2,2,2,2,2,2,2,1,2,2,0,0,0
2008,40,9,1,400056,1,6,1,1,4,2,1,2,1,1,1,2,1,2,2,2,2,2,1,2,2,1,1,1,1,2,2,1,1,1,2,0,0,0
2008,40,131,1,400057,1,6,1,2,4,2,6,2,1,1,1,2,1,2,2,2,2,2,1,2,2,2,2,2,2,2,2,2,1,2,2,0,0,0
2008,40,59,1,400058,1,6,1,2,4,1,4,1,1,2,1,2,1,2,2,1,2,2,1,2,1,2,2,2,2,2,2,2,2,1,2,0,0,0
2008,40,81,1,400059,1,6,1,2,4,2,6,2,1,1,1,2,1,2,2,2,2,2,2,2,2,2,2,2,2,2,2,2,1,1,2,0,0,0
2008,40,85,1,400060,1,6,1,1,3,2,1,2,1,2,2,2,1,2,2,2,2,2,2,2,3,2,2,2,2,2,2,2,1,1,2,0,0,0
2008,40,27,1,400061,1,6,1,2,4,2,6,2,1,1,2,2,1,2,2,2,2,2,1,2,1,2,2,2,2,2,2,2,1,1,2,0,0,0
2008,40,17,1,400062,1,6,1,2,4,2,6,2,1,2,2,2,1,2,2,1,2,2,1,2,1,1,1,1,1,2,2,1,1,1,2,0,0,0
2008,40,41,1,400063,1,6,1,2,4,2,6,2,1,1,2,2,2,2,2,2,2,2,2,2,3,2,2,1,1,2,2,1,1,2,2,0,0,0
2008,40,37,1,400064,1,6,1,2,1,2,5,2,3,1,2,2,2,2,2,1,2,2,1,2,2,2,2,2,2,2,2,2,1,2,2,0,0,0
2008,40,61,4,400065,1,6,1,2,1,2,5,2,3,1,2,2,2,2,2,2,2,2,1,2,2,2,2,2,2,1,2,2,1,2,2,0,0,0
2008,40,91,2,400066,1,6,1,2,1,2,6,3,1,1,1,2,1,2,2,2,2,2,2,2,2,1,1,1,1,2,2,1,2,2,2,0,0,0
2008,40,21,2,400067,1,6,1,2,1,1,4,1,4,1,1,2,2,2,2,2,2,2,2,2,3,2,2,1,1,1,2,1,2,1,2,0,0,0
2008,40,109,1,400068,1,6,2,2,1,2,6,2,5,1,1,2,3,2,2,2,2,2,1,2,3,2,2,2,2,1,2,2,1,1,2,0,0,0
2008,40,109,1,400069,1,6,2,2,4,2,2,3,1,1,1,2,3,2,2,2,2,2,1,1,3,2,2,2,2,2,2,2,1,2,2,0,0,0
2008,40,109,1,400070,1,6,2,2,4,2,5,2,1,1,1,2,1,2,2,1,2,2,2,2,2,1,1,1,1,2,2,1,1,2,2,0,0,0
2008,40,19,1,400071,1,6,1,2,4,2,6,2,1,2,1,2,1,2,2,1,2,2,1,2,1,2,2,2,2,2,2,2,1,2,2,0,0,0
2008,40,37,1,400072,1,6,1,2,4,2,4,2,1,1,1,2,1,2,2,2,2,2,1,2,2,1,1,1,1,2,2,1,1,1,2,0,0,0
2008,40,101,1,400073,1,6,2,2,1,2,2,2,1,2,2,2,1,2,2,2,1,2,2,2,2,2,2,2,2,2,2,2,2,1,2,0,0,0
2008,40,15,1,400074,1,6,1,2,4,2,4,2,1,2,2,2,1,2,2,2,2,2,1,2,1,2,2,2,2,2,1,1,1,1,2,0,0,0
2008,40,145,1,400075,1,6,1,2,4,2,5,2,1,2,2,2,1,2,2,1,2,2,1,2,1,2,2,2,2,2,2,2,1,2,2,0,0,0
2008,40,153,1,400076,1,6,1,2,4,2,4,2,1,1,2,2,1,2,2,2,2,2,1,2,3,2,2,2,2,2,2,2,1,1,2,0,0,0
2008,40,11,1,400077,1,6,1,2,4,2,6,2,1,1,2,2,1,2,2,1,2,2,1,2,2,2,2,2,2,2,2,2,1,1,2,0,0,0
2008,40,121,1,400078,1,6,1,2,4,2,4,2,1,2,2,2,1,2,2,2,2,2,2,2,1,2,2,2,2,2,2,2,1,2,2,0,0,0
2008,40,31,1,400079,1,6,1,2,4,2,5,2,1,2,2,2,1,2,1,1,2,2,2,2,1,2,2,2,2,2,2,2,1,2,2,0,0,0
2008,40,125,1,400080,1,6,2,2,4,2,2,2,1,1,2,2,1,2,2,2,2,2,2,2,2,2,2,1,1,2,2,1,1,2,1,0,0,0
2008,40,115,1,400081,1,6,1,2,1,2,4,2,4,1,2,2,2,2,2,2,2,2,1,2,2,2,2,2,2,1,2,2,1,2,2,0,0,0
2008,40,133,1,400082,1,6,1,2,1,1,5,1,4,2,2,2,3,2,2,2,2,2,2,2,3,1,1,1,1,2,2,1,2,1,2,0,0,0
2008,40,41,2,400083,1,6,1,2,4,2,5,2,1,2,2,2,1,2,2,2,2,2,1,2,1,2,2,1,1,2,2,1,1,2,2,0,0,0
2008,40,143,1,400084,1,6,2,2,1,2,4,2,4,1,1,2,2,1,2,2,2,2,2,2,3,2,2,2,2,2,2,2,1,1,2,0,0,0
2008,40,79,1,400085,1,6,1,2,4,2,3,2,1,3,1,2,1,1,2,2,2,2,1,2,2,2,2,2,2,2,2,2,1,2,2,0,0,0
2008,40,19,2,400086,1,6,1,2,2,2,3,2,2,1,1,2,2,1,2,2,2,2,2,2,3,2,2,2,2,2,1,1,1,1,2,0,0,0
2008,40,95,1,400087,1,6,1,2,1,2,5,2,3,2,2,2,2,2,2,2,2,2,1,2,2,2,2,2,2,1,2,2,1,1,2,0,0,0
2008,40,81,2,400088,1,6,1,2,1,1,5,1,4,2,2,2,2,2,2,2,2,2,1,2,2,1,1,1,1,1,2,1,2,1,2,0,0,0
2008,40,133,2,400089,1,6,1,2,4,2,5,2,1,2,2,2,1,2,2,2,2,2,1,2,1,1,1,1,1,2,2,1,1,2,2,0,0,0
2008,40,97,4,400090,1,6,2,2,1,1,3,1,2,1,2,2,2,1,2,2,2,2,2,2,2,2,2,2,2,2,2,2,2,1,2,0,0,0
2008,40,131,3,400091,1,6,1,2,1,2,5,2,3,1,2,2,2,2,2,2,2,2,2,2,2,1,1,1,1,1,2,1,1,1,2,0,0,0
2008,40,41,1,400092,1,6,1,2,4,2,4,2,1,3,3,2,1,2,2,2,2,2,1,2,1,1,1,1,1,2,2,1,1,1,2,0,0,0
2008,40,115,1,400093,1,6,1,1,2,2,1,2,1,1,1,2,1,2,2,2,2,2,1,2,1,2,2,2,2,2,2,2,1,1,2,0,0,0
2008,40,109,1,400094,1,6,2,2,1,2,3,2,1,2,1,2,1,2,2,2,1,2,2,2,2,2,2,2,2,2,2,2,2,2,2,0,0,0
2008,40,11,1,400095,1,6,1,2,1,2,5,2,1,1,1,2,2,1,2,1,2,2,1,2,3,2,2,2,2,1,2,2,2,1,2,0,0,0
2008,40,143,1,400096,1,6,2,2,2,2,4,2,1,2,1,2,1,2,2,2,1,2,2,2,3,2,2,2,2,2,2,2,1,1,2,0,0,0
2008,40,97,1,400097,1,6,1,2,1,1,3,1,4,1,1,2,2,2,2,2,2,2,2,2,3,2,2,2,2,2,2,2,2,2,2,0,0,0
2008,40,49,1,400098,1,6,1,2,4,2,5,2,1,2,2,2,1,2,2,2,2,2,2,2,2,1,1,1,1,2,2,1,1,2,2,0,0,0
2008,40,113,1,400099,1,6,1,2,4,2,4,2,1,1,1,2,1,2,2,2,2,2,1,2,2,2,2,2,2,2,2,2,1,2,2,0,0,0
2008,40,31,1,400100,1,6,1,2,4,2,6,2,1,2,1,2,1,2,2,2,2,2,1,2,1,2,2,2,2,2,2,2,1,2,2,0,0,0
2008,40,71,1,400101,1,6,2,2,1,2,4,2,3,2,1,2,2,1,2,2,2,2,2,2,3,2,2,2,2,1,2,2,1,1,2,0,0,0
2008,40,1,1,400102,1,6,1,2,4,2,6,2,1,2,1,2,1,2,2,1,2,2,2,2,2,2,2,2,2,2,2,2,1,2,2,0,0,0
2008,40,13,1,400103,1,6,1,2,1,1,3,1,4,1,1,2,2,2,2,2,2,2,2,2,3,2,2,2,2,1,2,2,2,2,2,0,0,0
2008,40,53,1,400104,1,6,1,2,4,2,4,2,1,2,2,2,1,2,2,2,2,2,1,2,1,2,2,2,2,1,2,2,1,1,2,0,0,0
2008,40,45,1,400105,1,6,1,2,4,2,5,2,1,2,1,2,1,2,2,2,2,2,1,2,1,2,2,1,1,2,2,1,1,1,2,0,0,0
2008,40,91,1,400107,1,6,1,2,1,2,6,2,1,1,1,2,1,2,2,2,2,2,1,2,2,2,2,2,2,2,2,2,1,1,2,0,0,0
2008,40,21,1,400108,1,6,1,2,4,2,5,2,1,2,1,2,1,2,2,2,2,2,1,2,1,2,2,1,1,2,2,1,1,1,2,0,0,0
2008,40,71,1,400109,1,6,1,2,1,2,4,2,3,2,1,2,2,1,2,2,2,2,2,2,1,2,2,2,2,2,2,2,1,1,2,0,0,0
2008,40,19,1,400110,1,6,1,2,1,2,4,2,1,1,1,2,1,2,2,1,2,2,1,2,1,2,2,2,2,2,2,2,1,2,2,0,0,0
2008,40,143,1,400111,1,6,2,2,1,2,3,2,3,1,1,2,3,2,2,2,2,2,2,2,3,2,2,2,2,1,2,2,2,1,2,0,0,0
2008,40,143,1,400112,1,6,2,2,4,2,4,2,1,1,1,2,1,2,2,2,2,2,1,2,2,1,1,1,1,2,2,1,1,1,2,0,0,0
2008,40,131,1,400113,1,6,1,2,1,2,4,3,2,1,1,2,2,1,2,2,2,2,2,2,3,2,2,2,2,2,2,2,2,1,1,0,0,0
2008,40,125,1,400114,1,6,2,2,1,2,2,2,2,1,1,2,2,1,2,2,2,2,2,2,3,2,2,2,2,2,2,2,2,1,2,0,0,0
2008,40,147,2,400115,1,6,1,2,1,1,5,1,4,1,1,2,2,2,2,2,2,2,1,2,3,1,1,1,1,2,2,1,2,1,2,0,0,0
2008,40,37,1,400116,1,6,1,2,4,2,6,2,1,2,2,2,1,2,2,1,2,2,1,2,2,2,2,2,2,2,2,2,1,2,2,0,0,0
2008,40,21,1,400117,1,6,1,2,4,2,5,2,1,1,2,2,1,2,2,1,2,2,1,2,1,1,1,1,1,2,2,1,1,2,2,0,0,0
2008,40,9,1,400118,1,6,1,2,4,2,6,2,1,2,2,2,1,2,1,1,2,2,2,2,1,2,2,2,2,2,1,1,1,1,2,0,0,0
2008,40,27,1,400119,1,6,2,1,3,2,1,2,1,2,2,2,2,2,2,2,2,2,2,2,3,2,2,2,2,2,2,2,1,1,2,0,0,0
2008,40,125,1,400120,1,6,1,2,4,2,6,2,1,2,2,2,1,2,2,1,2,2,1,2,1,2,2,2,2,2,1,1,1,2,2,0,0,0
2008,40,143,1,400121,1,6,2,1,1,2,1,2,1,2,2,2,1,2,2,2,1,2,2,2,2,2,2,2,2,2,2,2,2,1,2,0,0,0
2008,40,89,1,400122,1,6,1,2,1,2,3,2,3,1,1,2,2,2,2,2,2,2,2,2,2,1,1,1,1,1,2,1,1,1,2,0,0,0
2008,40,125,1,400123,1,6,2,2,1,2,2,2,3,1,1,2,3,2,2,2,2,2,2,2,3,2,2,2,2,1,2,2,1,2,2,0,0,0
2008,40,81,1,400124,1,6,1,2,4,2,6,2,1,1,1,2,1,2,2,1,2,2,1,2,1,2,2,2,2,1,2,2,1,2,2,0,0,0
2008,40,121,1,400125,1,6,1,2,1,2,3,2,4,1,1,2,2,2,2,1,2,2,2,2,3,2,2,2,2,2,1,1,1,2,2,0,0,0
2008,40,109,1,400126,1,6,2,2,1,1,3,1,2,2,2,2,2,2,1,2,2,2,2,2,3,2,2,2,2,2,2,2,2,1,2,0,0,0
2008,40,135,1,400127,1,6,1,2,4,2,5,2,1,2,2,2,1,2,2,2,2,2,1,2,1,1,1,1,1,2,2,1,1,1,2,0,0,0
2008,40,143,1,400128,1,6,2,2,1,2,3,2,2,1,1,2,2,1,2,2,2,2,2,2,2,2,2,2,2,1,2,2,1,2,2,0,0,0
2008,40,73,1,400129,1,6,1,2,4,2,6,2,1,2,2,2,1,2,2,2,2,2,1,2,2,2,2,2,2,2,2,2,1,1,2,0,0,0
2008,40,47,1,400130,1,6,2,2,1,1,3,1,3,1,1,2,2,2,1,1,2,2,2,2,2,2,2,2,2,2,1,1,2,2,2,0,0,0
2008,40,81,1,400131,1,6,1,2,1,2,4,2,2,2,1,2,2,1,2,1,2,2,2,2,2,2,2,2,2,1,2,2,2,2,2,0,0,0
2008,40,95,1,400132,1,6,1,3,4,2,7,2,1,2,2,2,1,2,2,1,2,2,2,2,1,2,2,2,2,2,1,1,1,1,2,0,0,0
2008,40,69,1,400133,1,6,1,2,4,2,5,2,1,2,1,2,1,2,2,1,2,2,1,2,1,2,2,2,2,2,2,2,1,2,2,0,0,0
2008,40,15,1,400134,1,6,1,2,4,2,4,2,1,1,1,2,1,2,2,1,2,2,2,2,2,2,2,2,2,2,2,2,1,1,2,0,0,0
2008,40,19,1,400135,1,6,1,2,1,2,4,2,4,2,2,2,2,1,2,2,2,2,1,2,3,2,2,1,1,2,2,1,2,1,2,0,0,0
2008,40,119,1,400136,1,6,1,2,2,2,4,2,3,1,2,2,2,2,2,2,2,2,2,2,2,2,2,2,2,1,2,2,1,1,2,0,0,0
2008,40,63,1,400137,1,6,1,2,1,2,4,2,3,2,2,2,2,1,2,2,2,2,2,2,3,2,2,2,2,2,2,2,1,1,2,0,0,0
2008,40,9,2,400138,1,6,1,2,1,2,5,2,3,1,1,2,2,2,2,2,2,2,2,2,2,2,2,2,2,2,1,1,1,2,1,0,0,0
2008,40,81,1,400139,1,6,1,2,2,2,4,2,4,1,1,2,2,1,2,2,2,2,2,2,3,2,2,2,2,2,2,2,1,1,2,0,0,0
2008,40,143,1,400140,1,6,2,2,1,2,2,2,2,2,1,2,3,1,2,1,2,2,2,2,1,1,1,1,1,2,1,1,2,2,2,0,0,0
2008,40,147,1,400141,1,6,2,2,4,1,3,1,3,2,1,2,1,2,2,1,2,2,2,1,1,2,2,2,2,2,2,2,2,1,2,0,0,0
2008,40,117,1,400142,1,6,1,2,1,1,4,1,4,1,1,2,2,1,2,2,2,2,2,2,3,2,2,2,2,2,2,2,2,1,2,0,0,0
2008,40,121,1,400143,1,6,1,3,4,2,7,2,1,3,1,2,1,2,2,1,2,2,2,2,2,2,2,2,2,2,2,2,1,2,2,0,0,0
2008,40,119,1,400144,1,6,2,2,1,2,5,2,4,2,1,2,2,2,2,2,2,2,2,2,1,1,1,1,1,2,2,1,1,1,2,0,0,0
2008,40,143,1,400145,1,6,2,2,1,2,3,2,1,2,1,2,1,2,2,2,1,2,2,2,2,2,2,2,2,2,2,2,2,2,2,0,0,0
2008,40,9,1,400146,1,6,2,2,1,1,4,1,4,1,1,2,2,2,2,2,2,2,2,2,3,1,1,1,1,1,2,1,2,1,2,0,0,0
2008,40,5,1,400147,1,6,1,2,1,1,3,1,3,2,2,2,2,2,1,2,2,2,2,2,3,1,1,1,1,2,1,1,2,2,2,0,0,0
2008,40,125,1,400148,1,6,1,2,1,2,5,2,3,2,2,2,2,2,2,2,2,2,2,2,3,2,2,2,2,2,1,1,1,1,2,0,0,0
2008,40,113,1,400149,1,6,1,2,4,2,6,2,1,2,2,2,1,2,2,2,2,2,1,2,1,2,2,2,2,2,2,2,1,2,2,0,0,0
2008,40,143,1,400150,1,6,2,2,1,1,4,1,4,1,1,2,2,1,1,2,2,2,2,2,2,2,2,2,2,2,2,2,2,2,2,0,0,0
2008,40,101,1,400151,1,6,1,2,1,2,4,2,4,2,2,2,2,2,2,2,2,2,1,2,1,2,2,2,2,2,2,2,1,2,2,0,0,0
2008,40,143,2,400152,1,6,2,2,1,2,2,2,4,1,1,2,2,2,2,1,2,2,2,2,3,2,2,2,2,2,2,2,1,1,2,0,0,0
2008,40,147,1,400153,1,6,2,2,4,2,6,2,1,2,1,2,1,2,2,2,2,2,1,2,1,2,2,2,2,2,2,2,1,2,1,0,0,0
2008,40,51,1,400154,1,6,1,2,1,2,5,2,3,1,1,2,2,1,2,2,2,2,2,2,2,2,2,2,2,1,2,2,1,2,2,0,0,0
2008,40,97,1,400155,1,6,1,2,1,2,5,2,1,2,1,1,1,2,2,2,1,2,2,2,3,2,2,2,2,2,2,2,2,2,2,0,0,0
2008,40,109,1,400156,1,6,2,1,1,2,1,2,1,1,1,2,1,2,2,2,1,2,2,2,2,2,2,2,2,2,2,2,2,1,2,0,0,0
2008,40,119,1,400157,1,6,1,2,1,2,4,2,1,2,1,2,1,2,2,2,1,2,2,2,2,2,2,2,2,2,2,2,2,1,2,0,0,0
2008,40,91,1,400158,1,6,1,3,1,2,7,2,1,2,2,1,1,2,2,2,1,2,2,2,3,2,2,2,2,2,2,2,2,2,2,0,0,0
2008,40,17,2,400159,1,6,2,2,1,2,3,2,4,2,2,2,2,2,2,2,2,2,2,2,1,2,2,2,2,2,2,2,2,2,2,0,0,0
2008,40,119,1,400160,1,6,1,2,4,2,6,2,1,2,2,2,1,2,2,2,2,2,1,2,1,2,2,2,2,2,2,2,1,2,2,0,0,0
2008,40,109,1,400161,1,6,2,2,1,2,3,2,6,1,2,2,2,2,1,2,2,2,2,2,3,2,2,2,2,2,2,2,1,2,2,0,0,0
2008,40,33,1,400162,1,6,1,2,4,2,5,2,1,1,2,2,1,2,2,1,2,2,1,2,2,2,2,2,2,1,2,2,1,2,2,0,0,0
2008,40,143,1,400163,1,6,2,2,1,1,3,1,4,2,2,2,2,2,2,2,2,2,2,2,1,2,2,2,2,2,2,2,2,1,2,0,0,0
2008,40,151,1,400164,1,6,1,2,4,2,4,2,4,1,1,2,2,2,2,2,2,2,1,2,2,2,2,2,2,2,1,1,1,1,2,0,0,0
2008,40,131,1,400165,1,6,1,2,1,1,4,1,6,1,1,2,2,2,1,2,2,2,2,2,2,2,2,2,2,1,2,2,2,1,2,0,0,0
2008,40,61,1,400166,1,6,1,2,4,2,5,2,1,2,1,2,1,2,2,1,2,2,2,2,2,2,2,2,2,2,2,2,1,2,2,0,0,0
2008,40,29,1,400167,1,6,1,2,4,2,5,2,1,1,2,2,1,2,2,2,2,2,1,2,1,2,2,2,2,2,1,1,1,2,2,0,0,0
2008,40,19,1,400168,1,6,2,3,1,2,7,2,3,1,1,2,2,2,2,2,2,2,2,2,3,1,1,1,1,1,2,1,2,1,2,0,0,0
2008,40,125,1,400169,1,6,1,2,4,2,5,2,1,1,1,2,1,2,2,2,2,2,1,2,2,2,2,2,2,1,2,2,1,2,2,0,0,0
2008,40,15,1,400170,1,6,1,2,1,2,5,2,3,1,1,2,2,1,2,2,2,2,2,2,2,2,2,2,2,1,2,2,2,1,2,0,0,0
2008,40,31,1,400171,1,6,1,2,1,2,3,2,3,1,1,2,2,1,2,2,2,2,2,2,3,2,2,2,2,2,2,2,1,1,2,0,0,0
2008,40,143,1,400172,1,6,2,2,3,2,2,2,1,1,2,2,1,2,2,2,2,2,1,2,2,2,2,2,2,2,2,2,1,1,2,0,0,0
2008,40,145,1,400173,1,6,2,3,1,2,7,2,1,2,1,2,1,2,2,2,2,2,1,2,1,2,2,2,2,2,2,2,2,2,2,0,0,0
2008,40,47,1,400174,1,6,1,2,1,2,5,2,1,1,1,2,1,2,2,2,2,1,2,2,2,2,2,2,2,1,2,2,2,1,2,0,0,0
2008,40,81,1,400175,1,6,1,2,4,2,5,2,1,1,1,2,1,2,2,1,2,2,2,2,2,2,2,2,2,1,2,2,1,2,2,0,0,0
2008,40,37,1,400176,1,6,1,2,4,2,5,2,1,2,1,2,1,2,2,2,2,2,1,2,1,1,1,1,1,2,2,1,1,1,2,0,0,0
2008,40,143,1,400177,1,6,2,1,1,2,1,3,1,1,2,2,1,2,1,1,2,2,2,2,2,2,2,2,2,2,2,2,2,1,2,0,0,0
2008,40,17,1,400178,1,6,1,2,4,2,5,2,1,2,1,2,1,2,2,1,2,2,1,2,2,2,2,1,1,2,2,1,1,2,2,0,0,0
2008,40,125,1,400179,1,6,2,2,1,1,2,1,4,2,1,2,2,1,2,1,2,2,2,2,2,2,2,2,2,2,1,1,2,1,2,0,0,0
2008,40,143,1,400180,1,6,1,2,1,1,5,1,4,2,1,2,2,2,1,2,2,2,2,2,2,1,1,1,1,2,2,1,2,1,2,0,0,0
2008,40,143,1,400181,1,6,2,1,1,2,1,2,2,1,1,2,3,2,2,1,2,2,2,2,3,2,2,2,2,2,2,2,2,1,2,0,0,0
2008,40,79,1,400182,1,6,1,2,4,2,5,2,1,1,1,2,1,2,1,1,2,2,2,2,2,2,2,2,2,2,2,2,1,2,2,0,0,0
2008,40,31,1,400183,1,6,1,2,1,1,4,1,4,2,1,2,2,2,2,2,2,2,2,2,3,1,1,1,1,2,2,1,2,1,2,0,0,0
2008,40,143,1,400184,1,6,3,3,1,2,7,2,1,1,1,2,1,2,1,2,2,2,2,2,2,2,2,2,2,2,1,1,2,1,2,0,0,0
2008,40,97,1,400185,1,6,1,2,4,2,5,2,1,1,2,2,1,2,2,2,2,2,2,2,2,2,2,2,2,1,2,2,1,1,2,0,0,0
2008,40,27,1,400186,1,6,2,2,1,2,4,2,2,1,1,2,3,2,2,2,2,2,2,2,3,2,2,2,2,1,2,2,2,1,2,0,0,0
2008,40,115,1,400187,1,6,1,2,1,2,4,2,4,1,1,2,2,2,2,2,2,2,2,2,3,2,2,2,2,2,1,1,1,1,1,0,0,0
2008,40,143,1,400188,1,6,2,2,4,2,4,2,4,1,1,2,1,2,2,2,2,2,2,2,2,2,2,2,2,1,2,2,1,2,2,0,0,0
2008,40,79,1,400189,1,6,1,2,1,2,5,2,6,1,2,2,3,2,1,1,2,2,2,2,3,2,2,2,2,1,2,2,1,1,2,0,0,0
2008,40,143,1,400190,1,6,2,2,1,2,2,2,7,1,2,2,2,2,1,2,2,2,2,2,2,1,1,1,1,2,2,1,1,2,2,0,0,0
2008,40,143,1,400191,1,6,2,2,1,2,3,2,3,2,2,2,2,2,2,2,2,2,2,2,1,2,2,2,2,1,1,1,2,2,2,0,0,0
2008,40,109,1,400192,1,6,1,2,1,2,6,2,1,1,1,2,1,1,2,2,1,2,2,2,2,2,2,2,2,2,2,2,2,2,2,0,0,0
2008,40,131,1,400193,1,6,1,2,1,2,3,2,1,1,1,2,1,1,2,2,1,2,2,2,3,2,2,2,2,2,2,2,2,1,2,0,0,0
2008,40,89,1,400194,1,6,1,2,4,2,3,2,1,2,2,2,1,2,1,2,2,2,2,2,1,2,2,2,2,2,2,2,1,1,2,0,0,0
2008,40,143,2,400195,1,6,2,1,1,2,1,2,6,2,2,2,2,2,2,2,2,2,2,2,1,2,2,2,2,1,1,1,2,2,2,0,0,0
2008,40,15,1,400196,1,6,1,1,3,2,1,2,1,1,1,2,1,2,2,1,2,2,1,2,2,2,2,2,2,2,2,2,1,2,2,0,0,0
2008,40,29,1,400197,1,6,1,2,4,2,6,2,1,2,2,2,1,2,2,1,2,2,1,2,2,2,2,2,2,2,2,2,1,1,2,0,0,0
2008,40,87,1,400198,1,6,1,2,4,2,6,2,1,1,2,2,1,2,1,2,2,2,2,2,1,2,2,2,2,2,2,2,1,2,2,0,0,0
2008,40,135,1,400199,1,6,1,1,4,2,1,2,1,2,2,2,1,2,1,1,2,2,2,2,1,2,2,2,2,2,2,2,1,2,2,0,0,0
2008,40,89,1,400200,1,6,1,2,4,2,3,2,1,1,1,2,1,2,2,2,2,2,1,2,1,2,2,2,2,2,2,2,1,2,2,0,0,0
2008,40,3,1,400201,1,6,1,2,4,2,6,2,1,1,2,2,1,2,2,2,2,2,1,2,3,2,2,2,2,2,2,2,1,2,2,0,0,0
2008,40,27,1,400202,1,6,2,2,1,1,3,1,4,2,2,1,2,2,2,2,2,2,2,2,3,2,2,2,2,2,2,2,2,2,2,0,0,0
2008,40,55,1,400203,1,6,1,2,4,2,4,2,1,2,2,2,1,2,2,2,2,2,1,2,1,2,2,2,2,2,2,2,1,1,2,0,0,0
2008,40,17,1,400204,1,6,1,2,1,1,5,1,4,2,2,2,2,2,2,2,2,2,1,2,3,2,2,2,2,2,2,2,2,2,2,0,0,0
2008,40,99,1,400205,1,6,1,2,1,2,6,2,3,2,2,2,2,2,1,2,2,2,2,2,1,1,1,1,1,2,2,1,2,1,2,0,0,0
2008,40,91,1,400206,1,6,1,2,4,2,5,2,1,2,1,2,1,2,1,1,2,2,2,2,1,2,2,2,2,2,2,2,1,2,2,0,0,0
2008,40,35,1,400207,1,6,1,1,2,2,1,2,1,1,1,2,1,2,2,2,1,2,2,2,2,2,2,2,2,2,2,2,1,1,2,0,0,0
2008,40,135,1,400208,1,6,1,1,1,2,1,2,1,2,2,2,1,2,2,2,1,2,2,2,3,2,2,2,2,2,2,2,2,1,2,0,0,0
2008,40,101,1,400209,1,6,1,2,1,2,3,2,4,2,1,2,2,1,2,2,2,2,2,2,3,2,2,2,2,1,2,2,2,2,2,0,0,0
2008,40,109,1,400210,1,6,1,2,1,1,5,1,4,1,1,2,2,2,1,2,2,2,2,2,3,2,2,2,2,2,2,2,2,1,2,0,0,0
2008,40,147,1,400211,1,6,1,2,1,2,3,2,3,2,2,2,2,2,2,2,2,2,1,2,3,2,2,2,2,2,2,2,2,2,2,0,0,0
2008,40,11,1,400212,1,6,1,2,1,1,4,1,4,1,1,2,2,2,2,2,2,2,2,2,2,2,2,2,2,2,2,2,2,1,2,0,0,0
2008,40,27,2,400213,1,6,2,2,1,1,6,1,4,1,1,2,2,2,2,1,2,2,1,2,2,2,2,2,2,2,2,2,2,1,2,0,0,0
2008,40,95,3,400214,1,6,1,2,1,2,3,2,4,1,2,2,2,1,2,2,2,2,1,2,1,2,2,2,2,2,2,2,1,2,2,0,0,0
2008,40,109,1,400215,1,6,2,2,1,1,6,1,3,1,1,2,2,2,2,2,2,2,1,2,3,2,2,2,2,1,2,2,2,2,2,0,0,0
2008,40,103,1,400216,1,6,1,1,3,2,1,2,1,1,1,2,1,2,2,2,2,2,2,2,2,2,2,2,2,2,2,2,1,2,2,0,0,0
2008,40,83,1,400217,1,6,1,2,1,1,5,1,4,1,2,2,2,2,1,1,2,2,2,2,3,2,2,2,2,2,2,2,2,1,2,0,0,0
2008,40,87,1,400218,1,6,1,2,1,1,5,1,2,2,2,2,3,2,1,1,2,2,2,2,3,2,2,2,2,2,1,1,2,2,2,0,0,0
2008,40,109,1,400219,1,6,2,2,1,1,3,1,4,2,2,1,2,2,2,2,2,2,1,2,3,2,2,2,2,2,2,2,2,2,2,0,0,0
2008,40,27,1,400220,1,6,1,2,4,2,5,2,1,1,1,2,1,2,1,2,2,2,2,2,2,1,2,1,2,2,2,2,1,2,2,0,0,0
2008,40,19,1,400221,1,6,1,2,1,2,4,2,2,1,1,2,2,2,1,1,2,2,2,2,2,2,2,2,2,1,2,2,2,1,2,0,0,0
2008,40,5,1,400222,1,6,1,2,1,1,3,1,4,2,1,2,2,1,2,2,2,2,2,2,1,2,2,2,2,2,2,2,2,1,2,0,0,0
2008,40,113,1,400223,1,6,1,2,4,2,5,2,1,2,2,2,1,2,2,2,2,2,1,2,3,1,1,1,1,2,2,1,1,1,2,0,0,0
2008,40,17,1,400224,1,6,2,2,4,2,6,2,1,2,1,1,1,2,2,1,2,2,2,2,3,2,2,2,2,2,2,2,1,1,2,0,0,0
2008,40,109,1,400225,1,6,2,2,1,2,3,2,1,2,1,1,2,2,2,2,1,2,2,2,3,2,2,2,2,2,2,2,2,2,2,0,0,0
2008,40,131,1,400226,1,6,1,2,1,2,3,2,2,2,1,2,2,1,2,2,2,2,2,2,2,2,2,2,2,2,2,2,2,1,2,0,0,0
2008,40,27,1,400227,1,6,1,2,4,2,6,2,1,1,1,2,1,2,2,2,2,2,1,2,2,2,2,2,2,2,2,2,1,2,1,0,0,0
2008,40,39,1,400228,1,6,1,1,1,2,1,2,1,2,1,2,1,1,2,2,2,2,1,2,2,2,2,2,2,2,2,2,1,1,2,0,0,0
2008,40,109,1,400229,1,6,2,1,1,2,1,2,2,1,1,2,3,1,2,2,2,2,2,2,3,2,2,2,2,2,1,1,2,1,2,0,0,0
2008,40,121,1,400230,1,6,1,2,4,2,6,2,1,2,2,2,1,2,2,1,2,2,1,2,2,2,2,2,2,2,2,2,1,2,2,0,0,0
2008,40,61,2,400231,1,6,1,2,1,1,6,1,4,1,1,2,2,2,2,2,2,2,1,2,1,2,2,2,2,2,1,1,2,2,2,0,0,0
2008,40,133,1,400232,1,6,1,2,1,2,5,2,1,1,1,2,1,2,2,2,2,2,2,2,2,2,2,2,2,2,2,2,2,1,2,0,0,0
2008,40,5,1,400233,1,6,1,2,1,2,6,2,4,2,1,2,2,2,2,1,2,2,1,2,3,1,1,1,1,2,2,1,1,1,2,0,0,0
2008,40,43,1,400234,1,6,1,2,4,2,6,2,1,2,1,2,1,2,2,2,2,2,1,2,3,2,2,2,2,2,2,2,1,1,2,0,0,0
2008,40,41,1,400235,1,6,1,2,1,2,5,3,4,2,2,2,2,2,1,2,2,2,2,2,3,2,2,2,2,2,2,2,2,1,1,0,0,0
2008,40,85,1,400236,1,6,1,2,4,2,5,2,1,2,1,2,1,2,1,1,2,2,2,2,1,2,2,2,2,2,2,2,1,2,2,0,0,0
2008,40,109,1,400237,1,6,2,1,4,2,1,3,1,1,1,2,1,2,2,2,2,2,2,2,2,2,2,2,2,1,2,2,1,1,2,0,0,0
2008,40,109,1,400238,1,6,2,1,1,2,1,3,1,1,2,2,1,2,1,1,2,2,2,2,2,2,2,2,2,2,2,2,2,2,2,0,0,0
2008,40,149,1,400239,1,6,1,1,1,2,1,2,4,1,1,2,2,2,2,1,2,2,1,2,2,2,2,1,1,2,2,1,2,1,2,0,0,0
2008,40,37,1,400240,1,6,1,2,4,2,6,2,1,1,2,2,1,2,2,1,2,2,1,2,2,1,1,1,1,2,2,1,1,1,2,0,0,0
2008,40,143,1,400241,1,6,2,2,1,2,4,3,1,1,2,2,1,2,2,2,1,2,2,2,2,2,2,2,2,1,2,2,2,2,2,0,0,0
2008,40,143,1,400242,1,6,2,2,1,2,2,2,3,1,1,2,3,2,2,1,2,2,1,2,3,2,2,2,2,2,2,2,1,1,2,0,0,0
2008,40,39,1,400243,1,6,1,1,2,2,1,2,1,1,1,2,1,2,2,2,2,2,1,2,2,2,2,2,2,2,1,1,1,2,1,0,0,0
2008,40,97,1,400244,1,6,1,2,4,2,6,2,1,1,1,2,1,2,1,1,2,2,2,2,1,2,2,2,2,2,2,2,1,2,2,0,0,0
2008,40,111,1,400245,1,6,1,2,4,2,5,2,1,1,1,2,1,2,2,1,2,2,2,2,1,2,2,2,2,2,1,1,1,2,2,0,0,0
2008,40,45,1,400246,1,6,1,2,4,2,6,2,1,2,1,2,1,2,1,1,2,2,2,2,1,2,2,2,2,2,2,2,1,2,2,0,0,0
2008,40,111,1,400247,1,6,1,2,3,2,3,2,1,2,1,2,1,1,2,2,2,2,1,2,2,2,2,2,2,2,2,2,1,2,1,0,0,0
2008,40,9,1,400248,1,6,2,2,1,1,3,1,4,1,1,2,2,1,2,2,2,2,2,2,1,2,2,2,2,2,2,2,2,1,2,0,0,0
2008,40,27,1,400249,1,6,2,2,1,1,4,1,4,1,2,2,3,2,2,2,2,2,1,2,3,1,1,1,1,2,2,1,2,2,2,0,0,0
2008,40,53,1,400250,1,6,1,2,4,2,4,2,1,1,1,2,1,2,2,2,2,2,1,2,2,2,2,2,2,1,2,2,1,2,2,0,0,0
2008,40,87,1,400251,1,6,1,1,1,2,1,2,2,1,1,2,3,1,2,2,2,2,2,2,3,2,2,2,2,2,1,1,2,1,2,0,0,0
2008,40,143,1,400252,1,6,2,2,1,1,4,1,4,1,1,2,2,2,1,2,2,2,2,2,3,2,2,2,2,1,1,1,2,2,2,0,0,0
2008,40,121,1,400253,1,6,1,2,1,1,4,1,4,1,2,2,3,1,2,2,2,2,1,2,3,2,2,2,2,2,2,2,2,1,2,0,0,0
2008,40,133,1,400254,1,6,1,2,4,2,4,2,1,1,1,2,1,2,2,1,2,2,1,2,2,2,2,2,2,1,2,2,1,2,2,0,0,0
2008,40,13,1,400255,1,6,1,2,4,2,3,2,1,1,1,2,1,2,2,1,2,2,1,2,3,2,2,2,2,2,2,2,1,1,2,0,0,0
2008,40,109,1,400256,1,6,2,1,1,2,1,2,1,2,1,2,1,2,2,2,1,2,2,2,3,1,1,1,1,2,2,1,2,1,2,0,0,0
2008,40,71,1,400257,1,6,1,2,4,2,6,2,1,3,1,2,1,2,2,2,2,2,1,2,1,2,2,2,2,2,2,2,1,1,2,0,0,0
2008,40,77,1,400258,1,6,1,2,1,2,5,2,3,1,1,2,2,2,2,2,2,2,2,2,3,1,1,1,1,1,2,1,1,1,2,0,0,0
2008,40,137,1,400259,1,6,1,2,1,2,3,3,4,1,1,2,2,2,2,2,2,2,2,2,3,2,2,2,2,2,2,2,2,1,2,0,0,0
2008,40,87,1,400260,1,6,1,2,4,2,6,2,1,2,2,2,1,2,1,1,2,2,2,2,2,1,1,1,1,2,2,1,1,1,2,0,0,0
2008,40,149,1,400261,1,6,1,2,1,1,5,1,4,1,2,2,2,2,2,2,2,2,2,2,1,2,2,2,2,1,2,2,2,2,2,0,0,0
2008,40,109,1,400262,1,6,1,1,1,2,1,2,4,2,1,2,2,1,2,2,2,2,2,2,3,2,2,2,2,2,2,2,2,1,2,0,0,0
2008,40,113,1,400263,1,6,1,2,4,2,5,2,1,1,2,2,1,2,2,2,2,2,2,2,1,2,2,2,2,2,2,2,1,2,2,0,0,0
2008,40,143,1,400264,1,6,2,2,4,2,2,3,1,2,2,2,1,2,1,2,2,2,2,2,1,2,2,2,2,2,2,2,1,2,2,0,0,0
2008,40,109,1,400265,1,6,1,2,1,1,5,1,4,2,2,2,2,2,2,2,2,2,1,2,3,1,1,1,1,2,2,1,2,2,2,0,0,0
2008,40,151,1,400266,1,6,1,2,4,2,5,2,1,2,1,2,1,1,2,2,2,2,1,2,2,2,2,2,2,1,2,2,1,1,2,0,0,0
2008,40,15,1,400267,1,6,1,2,4,2,5,2,1,2,1,2,1,2,2,1,2,2,1,2,1,1,1,1,1,2,2,1,1,1,2,0,0,0
2008,40,79,1,400268,1,6,1,2,4,2,5,2,1,2,1,2,1,2,2,2,2,2,1,2,1,1,1,1,1,2,2,1,1,2,2,0,0,0
2008,40,131,1,400269,1,6,1,2,1,2,5,2,5,2,1,2,3,1,2,2,2,2,2,2,3,2,2,2,2,2,2,2,2,1,2,0,0,0
2008,40,137,1,400270,1,6,2,2,2,2,3,2,1,1,2,2,1,2,1,2,2,2,2,2,2,2,2,2,2,2,2,2,1,1,2,0,0,0
2008,40,9,1,400271,1,6,1,2,4,2,5,2,1,3,2,2,1,2,1,2,2,2,2,2,1,2,2,2,2,2,2,2,1,2,2,0,0,0
2008,40,83,1,400272,1,6,1,1,1,2,1,2,2,1,2,2,2,2,2,2,2,2,1,2,2,2,2,2,2,2,2,2,2,1,2,0,0,0
2008,40,15,2,400273,1,6,1,2,4,2,5,2,1,1,2,2,1,2,2,2,2,2,1,2,1,1,1,1,1,2,2,1,1,1,2,0,0,0
2008,40,9,1,400274,1,6,1,2,4,2,6,2,1,1,2,2,1,2,2,2,2,2,2,2,2,2,2,2,2,2,2,2,1,2,2,0,0,0
2008,40,125,1,400275,1,6,1,2,4,2,5,2,1,2,2,2,1,2,2,1,2,2,1,2,1,2,2,2,2,2,2,2,1,1,2,0,0,0
2008,40,143,1,400276,1,6,2,2,4,2,4,2,1,1,1,2,1,2,2,2,2,2,2,2,2,2,2,2,2,1,2,2,1,2,2,0,0,0
2008,40,109,1,400277,1,6,2,2,3,2,5,2,1,2,2,2,1,2,2,1,2,2,1,1,2,2,2,2,2,2,1,1,1,1,2,0,0,0
2008,40,127,1,400278,1,6,1,2,4,2,3,2,1,1,1,2,1,2,2,1,2,2,1,2,2,1,1,1,1,2,2,1,1,1,2,0,0,0
2008,40,11,2,400279,1,6,1,2,4,2,5,2,1,2,1,2,1,2,2,1,2,2,1,2,1,2,2,2,2,2,2,2,1,2,2,0,0,0
2008,40,79,1,400280,1,6,1,2,1,2,6,2,1,2,1,2,1,2,2,2,1,2,2,2,2,2,2,2,2,2,1,1,2,2,2,0,0,0
2008,40,87,1,400281,1,6,1,1,1,2,1,2,2,1,1,2,3,1,2,1,2,2,2,2,3,2,2,2,2,1,2,2,2,2,2,0,0,0
2008,40,111,1,400282,1,6,1,2,2,2,3,2,1,1,1,2,1,1,2,2,2,2,1,2,3,2,2,2,2,2,2,2,1,2,1,0,0,0
2008,40,109,1,400283,1,6,2,1,1,2,1,2,4,2,1,2,2,1,2,2,2,2,2,2,3,1,1,1,1,2,2,1,1,1,1,0,0,0
2008,40,103,1,400284,1,6,1,2,1,1,5,1,4,2,1,2,2,2,2,2,2,2,2,2,1,2,2,1,1,2,2,1,2,1,2,0,0,0
2008,40,109,1,400285,1,6,2,2,1,1,4,1,4,1,1,2,2,2,2,1,2,2,2,2,3,2,2,2,2,2,2,2,2,1,2,0,0,0
2008,40,123,1,400286,1,6,1,2,4,2,4,2,1,2,2,2,1,2,1,2,2,2,2,2,2,2,2,1,1,2,2,1,1,1,2,0,0,0
2008,40,37,1,400287,1,6,2,1,1,2,1,3,3,1,1,2,2,2,1,1,2,2,2,2,3,2,2,2,2,2,1,1,2,1,2,0,0,0
2008,40,13,1,400288,1,6,1,2,4,2,5,2,1,2,1,2,1,2,2,2,2,2,1,2,1,1,1,1,1,2,2,1,1,2,2,0,0,0
2008,40,27,1,400289,1,6,1,2,4,2,5,2,1,1,1,2,1,2,2,2,2,2,1,2,2,2,2,2,2,2,2,2,1,2,2,0,0,0
2008,40,79,2,400290,1,6,1,2,1,2,3,2,4,1,2,2,2,2,2,1,2,2,1,2,1,2,2,2,2,2,1,1,2,1,2,0,0,0
2008,40,101,2,400291,1,6,1,1,1,2,1,2,1,2,2,2,1,2,2,2,2,2,1,2,2,2,2,2,2,2,2,2,1,1,2,0,0,0
2008,40,113,1,400292,1,6,2,2,1,1,6,1,4,2,2,2,2,2,1,1,2,2,2,2,1,2,2,2,2,2,2,2,2,2,2,0,0,0
2008,40,37,1,400293,1,6,1,2,4,2,5,2,1,2,2,2,1,2,1,1,2,2,2,2,2,2,2,2,2,2,2,2,1,1,2,0,0,0
2008,40,141,2,400294,1,6,1,2,4,2,5,2,1,2,2,2,1,2,2,1,2,2,1,2,3,2,2,2,2,2,2,2,1,1,2,0,0,0
2008,40,125,2,400295,1,6,1,2,1,2,4,2,3,1,1,2,3,2,2,2,2,2,2,2,3,2,2,2,2,1,2,2,1,1,2,0,0,0
2008,40,143,1,400296,1,6,2,1,4,2,1,3,1,2,1,2,1,2,1,2,2,2,2,2,1,2,2,2,2,2,2,2,1,2,2,0,0,0
2008,40,15,1,400297,1,6,1,2,1,2,5,2,1,2,1,2,1,2,1,2,2,2,2,2,1,2,2,2,2,2,2,2,2,2,2,0,0,0
2008,40,111,1,400298,1,6,2,2,1,2,2,2,4,1,1,2,2,2,1,2,2,2,2,2,3,2,2,2,2,2,2,2,2,1,2,0,0,0
2008,40,109,1,400299,1,6,2,2,4,2,3,2,1,2,1,2,1,2,2,2,2,2,2,2,2,1,1,1,1,2,2,1,1,2,2,0,0,0
2008,40,51,1,400300,1,6,1,2,1,1,5,1,4,1,1,2,2,1,2,2,2,2,1,2,3,2,2,2,2,2,1,1,2,2,2,0,0,0
2008,40,147,1,400301,1,6,1,2,4,2,5,2,1,2,1,2,1,2,2,1,2,2,2,2,1,2,2,2,2,2,2,2,1,2,2,0,0,0
2008,40,63,1,400302,1,6,1,2,1,2,4,2,3,1,1,2,2,1,2,2,2,2,1,2,3,1,1,1,1,2,2,1,1,1,2,0,0,0
2008,40,111,1,400303,1,6,1,2,4,2,6,2,1,2,1,2,1,2,2,1,2,2,1,2,1,2,2,2,2,2,2,2,1,1,2,0,0,0
2008,40,127,1,400304,1,6,1,2,1,2,3,2,1,1,1,2,2,1,1,2,2,2,2,2,2,2,2,2,2,2,2,2,2,2,2,0,0,0
2008,40,143,1,400305,1,6,2,1,1,2,1,2,4,1,1,2,2,1,2,1,2,2,2,2,3,2,2,2,2,2,1,1,1,1,2,0,0,0
2008,40,149,1,400306,1,6,1,2,4,2,5,2,1,2,1,2,1,2,2,1,2,2,1,2,1,2,2,2,2,2,2,2,1,2,2,0,0,0
2008,40,113,1,400307,1,6,1,2,4,2,6,2,1,2,2,2,1,2,2,1,2,2,2,2,1,1,1,1,1,2,2,1,1,2,2,0,0,0
2008,40,19,1,400308,1,6,1,2,4,2,5,2,1,2,1,2,1,2,2,1,2,2,1,2,1,2,2,2,2,2,2,2,1,1,2,0,0,0
2008,40,39,2,400309,1,6,1,2,4,2,6,2,1,1,1,2,1,2,2,1,2,2,1,2,1,2,2,2,2,2,2,2,1,2,2,0,0,0
2008,40,15,1,400310,1,6,1,2,4,2,4,2,1,2,2,2,1,2,2,2,2,2,1,2,1,2,2,2,2,2,2,2,1,2,2,0,0,0
2008,40,15,1,400311,1,6,1,2,4,2,5,2,1,1,2,2,1,2,2,2,2,2,1,2,1,2,2,2,2,2,2,2,1,2,2,0,0,0
2008,40,113,1,400312,1,6,1,2,4,2,3,2,1,1,2,2,1,2,2,2,2,2,1,2,1,2,2,2,2,2,1,1,1,1,2,0,0,0
2008,40,19,1,400313,1,6,1,2,4,2,6,2,1,1,2,2,1,2,2,2,2,2,1,2,1,2,2,2,2,2,2,2,1,2,2,0,0,0
2008,40,13,1,400314,1,6,1,2,4,2,5,2,1,2,2,2,1,2,2,2,2,2,2,2,3,2,2,2,2,2,2,2,1,2,2,0,0,0
2008,40,51,1,400315,1,6,1,2,1,2,6,2,1,2,2,1,1,2,2,2,1,2,2,2,1,2,2,1,1,2,2,1,2,2,2,0,0,0
2008,40,39,3,400316,1,6,1,2,4,2,5,2,1,2,1,2,1,2,2,2,2,2,1,2,1,2,2,2,2,2,2,2,2,2,2,0,0,0
2008,40,115,1,400317,1,6,1,2,1,2,6,2,1,1,1,2,1,2,2,2,2,2,2,2,1,2,2,2,2,2,2,2,2,2,2,0,0,0
2008,40,123,1,400318,1,6,2,2,4,2,3,2,1,2,2,2,1,2,2,2,2,2,1,2,2,2,2,2,2,1,2,2,1,1,2,0,0,0
2008,40,61,1,400319,1,6,1,2,4,2,5,2,1,1,1,2,1,2,2,2,2,2,2,2,1,2,2,2,2,2,2,2,1,2,2,0,0,0
2008,40,93,1,400320,1,6,1,2,1,2,3,2,3,1,1,2,2,1,2,2,2,2,2,2,2,1,1,1,1,2,1,1,1,1,1,0,0,0
2008,40,35,1,400321,1,6,2,2,1,2,6,3,1,1,1,2,1,2,2,2,2,2,1,2,2,2,2,2,2,2,2,2,2,1,2,0,0,0
2008,40,143,1,400322,1,6,2,2,3,2,2,2,1,1,2,2,1,2,2,2,2,2,1,2,2,2,2,2,2,2,1,1,1,1,2,0,0,0
2008,40,89,1,400323,1,6,1,2,1,1,3,1,4,2,1,2,2,2,2,2,2,2,1,2,1,2,2,2,2,2,1,1,2,1,2,0,0,0
2008,40,133,2,400324,1,6,1,1,1,2,1,2,3,2,2,2,2,2,2,2,2,2,2,2,1,2,2,1,1,2,2,1,2,1,2,0,0,0
2008,40,109,1,400325,1,6,1,2,4,2,5,2,1,2,2,2,1,2,2,2,2,2,1,2,1,2,2,2,2,2,2,2,1,2,2,0,0,0
2008,40,119,1,400326,1,6,1,2,4,2,6,2,1,1,1,2,1,2,2,1,2,2,1,2,2,2,2,2,2,2,2,2,1,1,2,0,0,0
2008,40,109,1,400327,1,6,2,2,1,1,3,1,4,1,1,2,3,1,2,2,2,2,2,2,3,2,2,1,1,2,2,1,2,1,2,0,0,0
2008,40,145,3,400328,1,6,1,2,4,2,5,2,1,2,1,2,1,2,2,1,2,2,1,2,1,1,1,1,1,2,2,1,1,1,2,0,0,0
2008,40,15,1,400329,1,6,1,2,4,2,5,2,1,1,2,2,1,2,2,2,2,2,2,2,2,2,2,2,2,2,2,2,1,2,1,0,0,0
2008,40,71,1,400330,1,6,1,2,1,1,5,1,4,1,2,2,2,2,2,2,2,2,2,2,3,1,1,1,1,2,2,1,2,1,2,0,0,0
2008,40,51,1,400331,1,6,1,2,4,2,5,2,1,3,3,2,1,2,2,2,2,2,1,2,1,2,2,2,2,2,2,2,1,2,2,0,0,0
2008,40,83,1,400332,1,6,1,2,4,2,6,3,1,2,2,2,1,2,2,2,2,2,1,2,1,2,2,2,2,2,1,1,1,2,2,0,0,0
2008,40,145,1,400333,1,6,1,2,1,2,5,3,2,1,2,2,2,2,1,1,2,2,2,2,3,2,2,2,2,2,2,2,2,2,2,0,0,0
2008,40,17,2,400334,1,6,2,2,4,2,4,2,1,2,2,2,1,2,2,1,2,2,2,2,2,1,1,1,1,2,2,1,1,1,2,0,0,0
2008,40,27,1,400335,1,6,1,2,4,2,6,2,1,2,1,2,1,2,2,1,2,2,1,2,1,2,2,2,2,2,2,2,1,1,2,0,0,0
2008,40,47,1,400336,1,6,1,2,3,2,3,2,1,1,1,2,1,2,2,2,2,2,1,2,2,2,2,2,2,2,2,2,1,1,2,0,0,0
2008,40,87,1,400337,1,6,1,2,4,2,5,2,1,1,1,2,1,2,1,1,2,2,2,2,2,1,1,1,1,2,2,1,1,2,2,0,0,0
2008,40,87,1,400338,1,6,1,2,4,2,5,2,1,1,1,2,1,2,2,2,2,2,1,2,1,2,2,2,2,2,2,2,1,2,2,0,0,0
2008,40,69,1,400339,1,6,1,2,1,1,5,1,4,2,2,2,2,2,2,2,2,2,2,2,1,1,1,1,1,2,2,1,2,1,2,0,0,0
2008,40,23,1,400340,1,6,1,3,1,2,7,2,4,2,1,2,2,2,2,1,2,2,1,2,1,2,2,2,2,2,2,2,1,2,2,0,0,0
2008,40,19,1,400341,1,6,1,2,1,1,5,1,1,2,1,2,1,2,2,1,2,2,1,2,2,2,2,2,2,2,1,1,2,2,2,0,0,0
2008,40,109,1,400342,1,6,2,2,1,2,3,2,3,1,1,2,2,2,2,2,2,2,2,2,3,2,2,2,2,1,2,2,1,2,2,0,0,0
2008,40,79,1,400343,1,6,1,2,4,2,5,2,1,1,1,2,1,2,1,1,2,2,2,2,2,2,2,2,2,2,2,2,1,1,2,0,0,0
2008,40,15,1,400344,1,6,1,2,1,2,5,3,6,1,1,2,2,2,1,2,2,2,2,2,2,1,1,1,1,2,2,1,2,2,2,0,0,0
2008,40,143,1,400345,1,6,2,1,2,2,1,2,2,2,2,2,2,2,1,1,2,2,2,2,3,2,2,2,2,2,2,2,2,2,2,0,0,0
2008,40,11,1,400346,1,6,1,2,1,2,4,2,6,1,1,2,3,2,1,1,2,2,2,2,2,2,2,2,2,2,2,2,2,1,2,0,0,0
2008,40,89,1,400347,1,6,1,2,1,2,4,2,2,2,2,1,2,2,2,2,2,2,1,2,3,2,2,2,2,2,2,2,2,1,2,0,0,0
2008,40,7,1,400348,1,6,1,2,1,2,5,2,3,2,2,2,2,2,2,2,2,2,2,2,2,2,2,1,1,2,2,1,2,1,2,0,0,0
2008,40,109,1,400349,1,6,2,1,2,2,1,2,1,2,2,2,1,2,1,1,2,2,2,2,1,2,2,2,2,2,2,2,1,2,2,0,0,0
2008,40,79,1,400350,1,6,1,2,4,2,5,2,1,1,2,2,1,2,2,2,2,2,2,2,1,2,2,2,2,2,1,1,1,2,2,0,0,0
2008,40,109,1,400351,1,6,2,2,1,1,4,1,4,2,2,2,2,2,1,2,2,2,2,2,3,2,2,2,2,2,1,1,2,1,2,0,0,0
2008,40,127,1,400352,1,6,1,2,4,2,6,2,1,2,2,2,1,2,2,2,2,2,1,2,1,2,2,2,2,2,2,2,1,2,2,0,0,0
2008,40,91,1,400353,1,6,1,1,4,2,1,2,1,1,2,2,1,2,2,2,2,2,1,2,2,2,2,2,2,2,2,2,1,2,2,0,0,0
2008,40,109,2,400354,1,6,2,1,1,2,1,2,1,2,2,2,1,2,2,2,1,2,2,2,3,2,2,2,2,2,2,2,2,1,2,0,0,0
2008,40,119,1,400355,1,6,2,2,4,2,3,2,1,2,1,2,1,2,2,2,2,2,1,2,1,2,2,2,2,2,2,2,1,1,2,0,0,0
2008,40,143,1,400356,1,6,2,1,2,2,1,3,1,2,1,2,1,2,2,1,2,2,1,2,2,1,1,1,1,2,2,1,1,1,2,0,0,0
2008,40,143,1,400357,1,6,2,2,1,1,3,1,4,1,1,2,2,2,2,2,2,2,2,2,3,2,2,2,2,2,2,2,2,1,2,0,0,0
2008,40,27,1,400358,1,6,1,2,1,1,4,1,4,1,2,2,2,2,2,2,2,2,2,2,3,2,2,2,2,1,2,2,2,2,2,0,0,0
2008,40,71,1,400359,1,6,1,2,1,1,5,1,4,2,1,2,2,2,2,2,2,2,2,2,3,1,1,1,1,2,2,1,2,1,2,0,0,0
2008,40,127,1,400360,1,6,1,2,1,2,3,2,2,1,1,2,3,1,1,1,2,2,2,2,3,2,2,2,2,1,2,2,2,1,2,0,0,0
2008,40,143,1,400361,1,6,2,1,3,2,1,3,1,2,2,1,1,2,2,2,2,2,2,2,3,2,2,2,2,2,2,2,1,2,2,0,0,0
2008,40,143,1,400362,1,6,2,1,1,2,1,3,2,1,2,2,2,2,2,2,2,2,1,2,3,2,2,2,2,2,1,1,2,1,2,0,0,0
2008,40,83,1,400363,1,6,1,2,4,1,5,1,1,1,2,2,1,2,2,1,2,2,2,2,1,2,2,2,2,2,2,2,2,1,2,0,0,0
2008,40,109,1,400364,1,6,2,2,4,2,4,2,1,1,2,2,1,2,2,2,2,2,1,2,1,2,2,2,2,2,2,2,1,2,2,0,0,0
2008,40,15,1,400365,1,6,1,2,4,2,5,2,1,2,2,2,1,2,1,1,2,2,2,2,3,2,2,2,2,1,2,2,1,2,2,0,0,0
2008,40,143,1,400366,1,6,2,2,1,2,3,2,3,1,2,2,2,2,2,2,2,2,2,2,3,2,2,2,2,1,1,1,1,1,2,0,0,0
2008,40,81,1,400367,1,6,1,2,4,2,6,2,1,2,2,2,1,2,2,2,2,2,1,2,2,2,2,2,2,2,2,2,1,2,2,0,0,0
2008,40,143,1,400368,1,6,2,2,1,1,4,1,4,1,1,1,2,2,1,2,2,2,2,2,3,2,2,2,2,2,2,2,2,2,2,0,0,0
2008,40,9,1,400369,1,6,1,2,4,2,5,2,1,2,1,2,1,2,2,2,2,2,2,2,2,2,2,2,2,2,2,2,1,1,2,0,0,0
2008,40,143,1,400370,1,6,2,2,2,2,2,2,2,1,1,2,1,2,2,2,2,2,2,2,2,2,2,2,2,2,2,2,1,1,2,0,0,0
2008,40,131,1,400371,1,6,1,1,1,2,1,3,4,1,1,2,2,1,2,1,2,2,2,2,3,1,1,1,1,2,2,1,1,1,2,0,0,0
2008,40,125,1,400372,1,6,2,2,3,2,3,2,1,2,1,2,1,2,2,2,2,2,1,2,1,2,2,2,2,2,2,2,1,1,2,0,0,0
2008,40,7,1,400373,1,6,1,2,1,2,4,2,3,1,1,2,2,1,2,2,2,2,1,2,1,2,2,2,2,2,2,2,1,1,2,0,0,0
2008,40,111,2,400374,1,6,1,1,1,2,1,2,3,2,1,2,2,1,2,2,2,2,2,2,1,2,2,2,2,2,1,1,2,1,2,0,0,0
2008,40,119,1,400375,1,6,1,2,4,1,5,1,1,2,2,2,1,2,1,1,2,2,2,1,2,1,1,1,1,2,2,1,2,2,2,0,0,0
2008,40,109,1,400376,1,6,2,2,4,2,4,2,1,2,2,2,1,2,2,1,2,2,1,2,1,2,2,2,2,2,2,2,1,1,2,0,0,0
2008,40,5,1,400377,1,6,1,2,4,2,5,2,1,2,2,2,1,2,2,2,2,2,1,2,1,2,2,2,2,2,2,2,1,2,2,0,0,0
2008,40,13,1,400378,1,6,1,2,1,2,5,2,1,2,2,1,1,2,2,2,1,2,2,2,3,2,2,2,2,2,2,2,2,2,2,0,0,0
2008,40,143,1,400379,1,6,2,2,1,2,2,2,3,2,2,2,3,2,2,2,2,2,2,2,1,1,1,1,1,2,1,1,2,1,2,0,0,0
2008,40,125,1,400380,1,6,1,2,1,2,3,2,3,1,2,2,2,1,2,2,2,2,2,2,3,2,2,2,2,1,2,2,1,1,2,0,0,0
2008,40,109,1,400381,1,6,2,2,1,1,3,1,4,1,2,1,3,2,2,2,2,2,2,2,3,2,2,2,2,2,1,1,2,1,2,0,0,0
2008,40,113,1,400382,1,6,1,2,1,2,5,2,3,1,2,2,2,2,1,2,2,2,2,2,3,2,2,2,2,2,2,2,1,1,2,0,0,0
2008,40,121,1,400383,1,6,1,2,4,2,3,2,1,1,1,2,1,1,2,2,2,2,2,2,2,2,2,2,2,2,2,2,1,1,2,0,0,0
2008,40,79,1,400384,1,6,1,2,1,2,5,2,1,1,1,2,1,2,2,2,2,2,2,2,2,2,2,2,2,2,2,2,2,1,2,0,0,0
2008,40,21,1,400385,1,6,1,2,1,2,5,2,4,1,1,2,3,2,1,2,2,2,2,2,3,2,2,2,2,2,1,1,1,1,2,0,0,0
2008,40,109,1,400386,1,6,2,1,3,2,1,2,1,1,1,2,2,2,2,2,2,2,1,2,1,2,2,2,2,1,2,2,1,1,2,0,0,0
2008,40,129,1,400387,1,6,1,2,4,2,5,2,1,1,1,2,1,2,2,2,2,2,1,2,2,1,1,1,1,2,2,1,1,2,2,0,0,0
2008,40,143,1,400388,1,6,1,2,1,2,5,2,3,2,1,2,2,1,2,2,2,2,2,2,1,2,2,2,2,2,2,2,2,1,2,0,0,0
2008,40,47,1,400389,1,6,1,2,1,1,6,1,4,1,1,2,2,2,2,2,2,2,1,2,2,1,1,1,1,2,2,1,2,1,2,0,0,0
2008,40,95,1,400390,1,6,1,2,1,1,5,1,4,1,1,2,2,2,2,2,2,2,2,2,1,2,2,2,2,2,2,2,2,1,2,0,0,0
2008,40,93,1,400391,1,6,1,2,1,1,3,1,4,1,1,2,3,1,2,2,2,2,2,2,3,2,2,2,2,2,2,2,2,1,2,0,0,0
2008,40,109,1,400392,1,6,2,2,1,2,3,2,3,2,2,2,2,2,2,1,2,2,2,2,1,2,2,2,2,2,1,1,1,1,2,0,0,0
2008,40,101,1,400393,1,6,2,2,4,2,6,2,1,2,2,2,1,2,2,1,2,2,1,2,1,2,2,2,2,2,2,2,1,2,2,0,0,0
2008,40,145,1,400394,1,6,1,2,2,2,5,2,1,2,2,2,1,2,2,2,2,2,2,2,1,2,2,2,2,2,1,1,1,2,2,0,0,0
2008,40,31,1,400395,1,6,1,1,1,2,1,2,1,2,2,2,1,2,2,2,1,2,2,2,3,2,2,2,2,2,2,2,2,2,2,0,0,0
2008,40,11,1,400396,1,6,1,2,2,2,5,2,4,1,2,2,2,1,2,2,2,2,1,2,2,2,2,2,2,2,2,2,1,1,2,0,0,0
2008,40,19,1,400397,1,6,1,2,1,2,5,2,1,2,2,2,1,2,2,2,1,2,2,2,2,2,2,2,2,2,2,2,2,1,2,0,0,0
2008,40,139,2,400398,1,6,1,2,1,1,6,1,4,1,2,2,2,1,2,2,2,2,1,2,3,2,2,2,2,2,2,2,2,1,2,0,0,0
2008,40,135,4,400399,1,6,1,2,4,2,6,2,1,2,1,2,1,2,2,2,2,2,2,2,1,2,2,2,2,2,2,2,1,2,2,0,0,0
2008,40,115,1,400400,1,6,2,2,1,2,6,2,1,2,1,1,1,2,2,2,1,2,2,2,2,2,2,2,2,2,2,2,2,2,2,0,0,0
2008,40,119,1,400401,1,6,1,2,4,2,6,2,1,1,1,2,1,2,2,1,2,2,1,2,1,2,2,2,2,2,2,2,1,1,2,0,0,0
2008,40,79,1,400402,1,6,2,2,1,1,3,1,4,1,1,2,2,2,2,2,2,2,2,2,3,1,1,1,1,2,2,1,2,1,2,0,0,0
2008,40,19,1,400403,1,6,2,2,1,1,6,1,1,1,1,2,2,2,1,2,2,2,2,2,3,2,2,2,2,2,2,2,2,1,2,0,0,0
2008,40,91,1,400404,1,6,1,2,2,2,5,2,1,1,1,2,1,2,1,2,2,2,2,2,1,2,2,2,2,1,2,2,1,2,2,0,0,0
2008,40,53,3,400405,1,6,1,2,1,2,4,3,1,1,1,2,1,1,2,2,2,2,2,2,2,2,2,2,2,2,2,2,2,1,2,0,0,0
2008,40,35,1,400406,1,6,1,1,1,2,1,2,1,2,2,2,1,2,2,2,1,2,2,2,3,2,2,2,2,2,2,2,2,1,2,0,0,0
2008,40,71,1,400407,1,6,1,2,1,2,4,2,4,1,1,2,2,2,2,2,2,2,2,2,3,2,2,2,2,1,2,2,2,1,2,0,0,0
2008,40,73,1,400408,1,6,1,2,4,2,6,2,1,2,2,2,1,2,2,2,2,2,1,2,2,2,2,2,2,1,2,2,1,1,2,0,0,0
2008,40,101,1,400409,1,6,2,2,4,2,4,2,1,2,2,2,1,2,2,2,2,2,1,2,1,2,2,2,2,2,2,2,1,2,2,0,0,0
2008,40,145,1,400410,1,6,1,2,4,2,6,2,1,1,2,2,1,2,2,1,2,2,2,2,1,2,2,2,2,2,2,2,1,2,2,0,0,0
2008,40,117,1,400411,1,6,1,2,1,2,4,2,1,2,2,2,1,2,2,2,1,2,2,2,2,2,2,2,2,2,2,2,2,1,2,0,0,0
2008,40,103,3,400412,1,6,1,2,2,2,4,2,3,1,2,2,2,2,2,2,2,2,2,2,3,2,2,2,2,2,1,1,1,1,2,0,0,0
2008,40,19,1,400413,1,6,1,1,1,2,1,2,1,1,2,2,1,2,2,2,2,2,1,2,2,2,2,2,2,2,2,2,1,2,2,0,0,0
2008,40,11,1,400414,1,6,1,2,1,1,3,1,4,1,1,2,2,2,2,2,2,2,2,2,3,2,2,2,2,1,1,1,2,2,2,0,0,0
2008,40,69,1,400415,1,6,1,2,4,2,5,2,1,1,1,2,1,2,2,2,2,2,2,2,3,2,2,2,2,1,2,2,1,1,1,0,0,0
2008,40,109,1,400416,1,6,2,2,1,2,3,2,6,2,1,2,2,2,2,2,2,2,2,2,1,2,2,2,2,2,1,1,2,1,2,0,0,0
2008,40,109,1,400417,1,6,2,2,1,1,2,1,4,1,1,2,2,2,2,2,2,2,2,2,3,2,2,2,2,1,2,2,2,2,2,0,0,0
2008,40,89,1,400418,1,6,1,2,4,2,5,2,1,1,1,2,1,2,2,1,2,2,2,2,2,2,2,2,2,2,2,2,1,2,2,0,0,0
2008,40,133,1,400419,1,6,1,2,1,1,5,1,4,2,1,2,2,2,2,2,2,2,2,2,1,2,2,2,2,2,2,2,2,1,2,0,0,0
2008,40,77,1,400420,1,6,1,2,4,2,5,2,1,1,1,2,1,2,2,1,2,2,2,2,2,2,2,2,2,2,2,2,1,1,2,0,0,0
2008,40,69,1,400421,1,6,1,2,4,2,6,2,1,2,2,2,1,2,2,2,1,2,2,2,1,2,2,2,2,2,2,2,1,2,2,0,0,0
2008,40,17,1,400422,1,6,1,1,3,2,1,2,1,1,1,2,1,2,2,2,2,2,1,2,3,2,2,2,2,1,2,2,1,2,2,0,0,0
2008,40,143,1,400423,1,6,2,2,2,2,2,2,1,2,2,2,1,2,2,2,2,2,1,2,3,2,2,2,2,2,2,2,1,1,2,0,0,0
2008,40,19,1,400424,1,6,1,2,4,2,3,2,1,2,2,2,1,2,2,2,2,2,1,2,1,1,1,1,1,2,2,1,1,1,1,0,0,0
2008,40,21,1,400425,1,6,1,3,4,2,7,2,1,2,2,2,1,2,2,1,2,2,1,2,1,2,2,2,2,2,2,2,1,1,2,0,0,0
2008,40,83,1,400426,1,6,1,2,1,1,4,1,3,1,2,2,2,2,1,2,2,2,2,2,2,2,2,2,2,2,2,2,2,1,2,0,0,0
2008,40,143,1,400427,1,6,2,2,4,2,4,2,1,2,1,2,1,2,2,1,2,2,1,2,1,2,2,1,1,2,2,1,1,1,2,0,0,0
2008,40,31,1,400428,1,6,1,2,4,2,3,2,1,2,2,2,1,2,2,2,2,2,2,2,3,2,2,2,2,2,2,2,2,1,2,0,0,0
2008,40,143,1,400429,1,6,1,2,1,2,3,2,2,2,2,2,2,2,2,1,2,2,2,2,1,2,2,2,2,2,2,2,2,1,2,0,0,0
2008,40,113,1,400430,1,6,1,2,1,2,4,2,3,1,2,2,2,1,2,2,2,2,1,2,2,2,2,2,2,2,2,2,1,1,2,0,0,0
2008,40,145,1,400431,1,6,1,2,4,2,6,2,1,1,2,2,1,2,2,1,2,2,1,2,3,1,1,1,1,2,2,1,1,2,2,0,0,0
2008,40,97,1,400432,1,6,1,2,1,2,4,2,6,1,2,2,2,2,1,2,2,2,2,2,3,2,2,2,2,2,1,1,1,1,2,0,0,0
2008,40,109,1,400433,1,6,2,2,1,2,3,2,1,2,2,2,1,2,2,1,2,2,2,1,2,1,1,1,1,2,2,1,1,2,2,0,0,0
2008,40,143,1,400434,1,6,2,1,4,2,1,3,1,2,2,2,1,2,1,1,2,2,2,2,1,2,2,2,2,2,1,1,1,1,2,0,0,0
2008,40,83,1,400435,1,6,2,2,1,2,3,3,4,1,1,2,2,1,2,2,2,2,2,2,2,2,2,2,2,2,2,2,2,1,2,0,0,0
2008,40,51,1,400436,1,6,1,2,1,2,4,2,6,2,1,2,2,1,2,2,2,2,1,2,3,1,1,1,1,2,2,1,1,2,2,0,0,0
2008,40,109,1,400437,1,6,2,1,1,2,1,2,4,1,1,2,2,2,2,1,2,2,1,2,3,2,2,2,2,2,2,2,2,1,2,0,0,0
2008,40,89,1,400438,1,6,1,3,4,2,7,2,1,2,1,2,1,2,2,1,2,2,1,2,2,2,2,2,2,1,2,2,1,2,2,0,0,0
2008,40,153,1,400439,1,6,1,2,1,2,5,2,1,1,1,2,1,2,2,2,2,2,1,2,3,1,1,1,1,2,2,1,1,1,2,0,0,0
2008,40,131,1,400440,1,6,1,2,1,1,5,1,4,1,1,2,2,2,1,2,2,2,2,2,2,2,2,2,2,2,2,2,2,1,2,0,0,0
2008,40,137,2,400441,1,6,1,2,4,2,5,2,1,2,2,2,1,2,2,1,2,2,1,2,2,1,1,1,1,2,2,1,1,1,2,0,0,0
2008,40,113,1,400442,1,6,1,2,4,2,3,2,1,2,2,2,1,2,2,2,2,2,1,2,3,1,1,1,1,2,2,1,1,1,2,0,0,0
2008,40,149,1,400443,1,6,1,1,1,2,1,2,2,1,2,2,2,1,2,2,2,2,2,2,2,2,2,2,2,2,2,2,2,1,2,0,0,0
2008,40,135,2,400444,1,6,1,2,1,2,5,2,3,1,2,2,2,2,2,2,2,2,2,2,2,2,2,2,2,1,2,2,1,1,2,0,0,0
2008,40,61,2,400445,1,6,1,2,4,2,6,2,1,2,2,2,1,2,2,2,2,2,2,2,1,1,1,1,1,2,2,1,1,1,2,0,0,0
2008,40,131,1,400446,1,6,1,2,1,2,5,2,4,1,1,2,2,2,2,2,2,2,2,2,3,2,2,2,2,2,1,1,2,1,2,0,0,0
2008,40,121,1,400447,1,6,1,2,4,2,6,2,1,2,2,2,1,2,2,1,2,2,1,2,3,2,2,2,2,2,2,2,1,2,2,0,0,0
2008,40,47,1,400448,1,6,2,2,1,1,4,1,1,2,1,2,1,2,2,1,2,2,1,1,1,2,2,2,2,2,1,1,2,1,2,0,0,0
2008,40,25,1,400449,1,6,1,2,4,2,5,2,1,1,1,2,1,2,2,2,2,2,1,2,1,2,2,2,2,2,2,2,1,1,2,0,0,0
2008,40,109,1,400450,1,6,2,2,4,2,3,2,1,1,1,2,1,2,2,1,2,2,2,2,2,2,2,2,2,2,1,1,1,2,2,0,0,0
2008,40,101,1,400451,1,6,1,2,1,2,6,2,1,1,1,2,1,1,2,2,2,2,1,2,2,2,2,2,2,2,2,2,2,2,2,0,0,0
2008,40,45,1,400452,1,6,1,2,1,2,5,2,5,1,1,2,2,1,2,2,2,2,1,2,3,2,2,2,2,2,2,2,1,1,2,0,0,0
2008,40,29,1,400453,1,6,1,2,1,2,3,2,4,1,1,2,2,2,2,2,2,2,2,2,3,2,2,2,2,2,2,2,1,1,2,0,0,0
2008,40,109,1,400454,1,6,2,1,4,2,1,3,1,2,2,2,1,2,1,1,2,2,2,2,1,2,2,2,2,2,2,2,1,2,2,0,0,0
2008,40,71,1,400455,1,6,1,2,1,1,6,1,4,1,2,2,2,2,2,2,2,2,1,2,3,2,2,2,2,1,2,2,2,1,2,0,0,0
2008,40,61,1,400456,1,6,1,2,1,2,5,2,1,1,2,2,1,2,2,2,2,2,1,2,2,2,2,2,2,2,2,2,1,1,2,0,0,0
2008,40,27,1,400457,1,6,2,2,1,2,3,2,1,2,2,2,1,2,2,2,2,1,2,2,3,2,2,2,2,2,2,2,2,1,2,0,0,0
2008,40,143,1,400458,1,6,2,2,4,1,3,1,1,1,1,2,1,2,2,2,2,2,1,2,2,2,2,2,2,2,2,2,2,1,2,0,0,0
2008,40,9,1,400459,1,6,1,2,3,2,5,2,1,2,1,2,1,2,2,2,2,2,1,2,3,2,2,2,2,2,2,2,2,2,2,0,0,0
2008,40,149,1,400460,1,6,1,2,2,2,5,2,3,1,1,2,2,2,2,2,2,2,1,2,3,1,1,1,1,2,2,1,1,1,2,0,0,0
2008,40,111,1,400461,1,6,2,2,1,2,6,2,1,2,2,2,1,2,2,2,1,2,2,2,1,2,2,2,2,2,2,2,2,1,2,0,0,0
2008,40,115,1,400462,1,6,1,2,1,1,5,1,4,1,2,2,2,2,1,1,2,2,2,2,2,1,1,1,1,1,2,1,2,1,2,0,0,0
2008,40,97,1,400463,1,6,1,2,4,2,5,2,1,1,2,2,1,2,1,1,2,2,2,2,2,2,2,2,2,2,2,2,1,2,2,0,0,0
2008,40,87,2,400464,1,6,1,2,4,2,4,2,1,2,2,2,1,2,2,1,2,2,1,2,1,2,2,2,2,2,2,2,1,1,2,0,0,0
2008,40,121,1,400465,1,6,1,2,2,2,3,2,2,2,2,2,1,1,2,2,2,2,1,2,2,2,2,2,2,2,2,2,1,1,1,0,0,0
2008,40,131,2,400466,1,6,1,1,1,2,1,2,4,2,2,2,2,1,2,2,2,2,1,2,3,2,2,2,2,2,1,1,2,1,2,0,0,0
2008,40,135,1,400467,1,6,1,2,4,2,5,2,1,1,1,2,1,2,2,2,2,2,1,2,2,2,2,2,2,2,2,2,1,1,2,0,0,0
2008,40,1,1,400468,1,6,1,2,4,2,5,2,1,2,1,2,1,2,2,1,2,2,2,2,2,2,2,2,2,2,2,2,1,2,2,0,0,0
2008,40,143,1,400469,1,6,2,2,1,1,3,1,4,1,1,2,2,1,2,2,2,2,2,2,2,2,2,1,1,2,2,1,2,2,2,0,0,0
2008,40,97,1,400470,1,6,1,2,4,2,5,2,1,2,1,2,1,2,2,1,2,2,2,2,1,2,2,2,2,2,2,2,1,1,2,0,0,0
2008,40,5,1,400471,1,6,2,2,1,2,3,3,6,1,1,2,2,2,2,2,2,2,2,2,3,2,2,2,2,1,2,2,2,1,2,0,0,0
2008,40,49,1,400472,1,6,1,2,1,1,5,1,4,1,1,2,2,2,2,2,2,2,2,2,3,1,1,1,1,2,2,1,2,2,2,0,0,0
2008,40,135,1,400473,1,6,1,2,4,2,6,2,1,1,1,2,1,2,2,2,2,2,1,2,1,2,2,2,2,2,2,2,1,2,2,0,0,0
2008,40,147,1,400474,1,6,2,2,1,2,3,2,1,1,1,1,1,2,2,2,2,1,2,2,1,2,2,2,2,2,2,2,1,1,2,0,0,0
2008,40,71,1,400475,1,6,1,2,1,2,4,2,1,2,2,2,1,2,2,2,1,2,2,2,3,2,2,2,2,2,2,2,2,1,2,0,0,0
2008,40,95,1,400476,1,6,1,2,1,2,6,2,1,2,2,2,1,2,2,2,2,2,1,2,1,2,2,2,2,2,2,2,1,2,2,0,0,0
2008,40,19,1,400477,1,6,1,2,4,2,5,2,1,2,2,2,1,2,2,1,2,2,1,2,1,2,2,2,2,2,2,2,1,1,2,0,0,0
2008,40,21,1,400478,1,6,1,2,4,2,5,2,1,1,2,2,1,2,2,2,2,2,2,2,1,2,2,2,2,2,2,2,1,2,1,0,0,0
2008,40,143,1,400479,1,6,2,1,2,2,1,3,1,2,2,2,1,2,2,1,2,2,1,2,1,2,2,2,2,2,2,2,1,1,2,0,0,0
2008,40,9,2,400480,1,6,1,1,1,2,1,2,1,2,1,2,1,2,1,2,2,2,2,2,2,2,2,2,2,1,2,2,2,2,2,0,0,0
2008,40,11,1,400481,1,6,1,2,1,1,6,1,4,1,1,2,2,2,1,1,2,2,2,2,2,1,1,1,1,2,1,1,2,2,2,0,0,0
2008,40,21,1,400482,1,6,1,2,4,2,4,2,1,2,1,2,1,2,2,2,2,2,2,2,1,1,1,1,1,2,2,1,1,1,2,0,0,0
2008,40,81,1,400483,1,6,1,1,1,2,1,2,2,1,1,2,2,2,2,2,2,2,1,2,3,2,2,2,2,1,2,2,2,1,2,0,0,0
2008,40,1,1,400484,1,6,1,2,1,2,3,2,3,1,2,2,2,2,2,2,2,2,2,2,3,2,2,2,2,2,2,2,1,2,2,0,0,0
2008,40,123,1,400485,1,6,1,2,4,2,5,2,1,1,1,2,1,2,2,2,2,2,1,2,2,2,2,2,2,2,2,2,1,1,2,0,0,0
2008,40,71,1,400486,1,6,2,2,1,1,3,1,4,1,1,2,2,2,2,2,2,2,2,2,3,2,2,2,2,1,2,2,2,2,2,0,0,0
2008,40,1,1,400487,1,6,1,2,1,2,5,2,3,1,1,2,2,2,2,2,2,2,2,2,3,2,2,2,2,1,2,2,1,2,2,0,0,0
2008,40,109,1,400488,1,6,2,2,1,1,3,1,1,1,1,2,1,2,2,2,1,2,2,2,3,2,2,2,2,1,2,2,2,2,2,0,0,0
2008,40,109,1,400489,1,6,2,1,4,2,1,2,1,2,2,2,1,2,2,1,2,2,1,2,1,1,1,1,1,2,2,1,1,1,2,0,0,0
2008,40,67,1,400490,1,6,1,2,4,2,5,2,1,1,2,2,1,2,2,1,2,2,1,2,1,2,2,2,2,2,2,2,1,2,2,0,0,0
2008,40,131,1,400491,1,6,1,2,1,2,5,2,2,1,1,2,2,1,2,2,2,2,2,2,3,2,2,2,2,1,2,2,2,1,1,0,0,0
2008,40,71,1,400492,1,6,1,2,1,2,4,2,3,1,1,2,2,2,2,2,2,2,2,2,3,2,2,2,2,1,2,2,1,1,2,0,0,0
2008,40,49,2,400493,1,6,1,2,4,1,6,1,1,2,1,2,1,2,2,1,2,2,1,2,1,2,2,2,2,2,2,2,2,1,2,0,0,0
2008,40,47,1,400494,1,6,1,2,1,1,5,1,4,1,1,2,2,2,2,1,2,2,1,2,2,1,1,1,1,2,2,1,2,1,2,0,0,0
2008,40,133,1,400495,1,6,1,2,4,2,3,2,1,1,1,2,1,1,2,2,2,2,2,2,2,2,2,2,2,1,2,2,2,1,2,0,0,0
2008,40,27,1,400496,1,6,1,2,1,2,5,2,1,2,2,2,1,2,2,1,2,2,1,2,1,2,2,2,2,2,2,2,1,2,2,0,0,0
2008,40,21,3,400497,1,6,1,2,1,2,5,2,3,1,1,2,2,2,2,2,2,2,2,2,1,2,2,2,2,2,2,2,1,2,2,0,0,0
2008,40,5,1,400498,1,6,1,2,1,2,3,2,2,1,1,2,3,2,2,1,2,2,2,2,3,1,1,1,1,1,2,1,2,1,2,0,0,0
2008,40,13,1,400499,1,6,1,2,4,2,6,2,1,1,1,2,1,2,2,1,2,2,1,2,3,2,2,2,2,2,1,1,1,1,2,0,0,0
2008,40,141,1,400500,1,6,1,2,4,2,5,2,1,2,1,2,1,2,2,2,2,2,1,2,2,2,2,2,2,2,2,2,1,1,2,0,0,0
2008,40,143,1,400501,1,6,1,2,4,2,4,2,4,1,1,2,2,1,2,2,2,2,1,2,3,2,2,2,2,2,2,2,2,1,2,0,0,0
2008,40,1,1,400502,1,6,1,2,1,2,3,2,2,1,1,2,2,2,2,2,2,2,2,2,3,2,2,2,2,2,2,2,2,2,2,0,0,0
2008,40,1,1,400503,1,6,1,2,4,2,3,2,1,1,1,2,1,2,1,2,2,2,2,2,1,2,2,2,2,2,2,2,1,1,2,0,0,0
2008,40,149,1,400504,1,6,1,2,4,2,3,2,1,2,1,2,1,2,1,2,2,2,2,2,1,2,2,2,2,2,2,2,1,2,2,0,0,0
2008,40,119,1,400505,1,6,1,2,4,2,4,2,1,2,2,2,1,2,2,1,2,2,2,2,1,2,2,2,2,2,2,2,1,2,2,0,0,0
2008,40,109,1,400506,1,6,2,2,1,1,3,1,4,1,1,1,2,2,2,2,2,2,1,2,3,2,2,2,2,2,1,1,2,2,2,0,0,0
2008,40,131,1,400507,1,6,1,2,1,2,5,2,4,1,1,2,2,2,2,2,2,2,1,2,3,2,2,2,2,1,2,2,2,2,2,0,0,0
2008,40,145,1,400508,1,6,1,2,1,2,4,2,3,1,1,2,2,1,2,2,2,2,2,2,3,2,2,2,2,2,2,2,2,1,2,0,0,0
2008,40,117,2,400509,1,6,1,2,1,1,4,1,4,2,1,2,2,2,2,2,2,2,2,2,1,2,2,2,2,2,2,2,2,1,2,0,0,0
2008,40,143,1,400510,1,6,2,1,1,2,1,2,1,1,1,2,2,2,2,2,1,2,2,2,2,2,2,2,2,2,2,2,2,1,2,0,0,0
2008,40,79,1,400511,1,6,1,2,4,2,6,2,1,2,2,2,1,2,2,1,2,2,2,2,1,2,2,2,2,2,2,2,1,2,2,0,0,0
2008,40,109,1,400512,1,6,2,2,3,2,4,2,1,2,2,2,1,2,2,1,2,2,1,1,1,2,2,2,2,2,1,1,1,1,2,0,0,0
2008,40,27,1,400513,1,6,2,2,1,2,3,2,4,1,2,2,2,2,2,2,2,2,2,2,3,2,2,2,2,1,2,2,2,1,2,0,0,0
2008,40,125,1,400514,1,6,1,2,1,2,5,2,4,1,1,2,2,1,2,2,2,2,2,2,3,2,2,2,2,2,1,1,2,2,2,0,0,0
2008,40,109,1,400515,1,6,2,1,1,2,1,2,4,2,2,2,2,2,2,2,2,2,2,2,1,2,2,2,2,2,1,1,2,1,2,0,0,0
2008,40,143,1,400516,1,6,2,1,1,2,1,3,1,2,2,2,1,2,2,2,2,2,1,2,1,2,2,2,2,2,2,2,2,2,2,0,0,0
2008,40,23,2,400517,1,6,1,2,1,2,3,3,4,2,2,2,2,2,1,2,2,2,2,2,3,2,2,2,2,2,2,2,2,1,2,0,0,0
2008,40,1,1,400518,1,6,1,2,4,2,4,2,1,1,2,2,1,2,2,1,2,2,1,2,3,2,2,2,2,2,2,2,1,1,2,0,0,0
2008,40,109,1,400519,1,6,2,2,4,2,4,2,1,1,2,2,1,2,1,1,2,2,2,2,2,2,2,2,2,2,1,1,1,2,2,0,0,0
2008,40,67,1,400520,1,6,1,2,1,1,4,1,3,1,2,2,2,2,2,2,2,2,1,2,3,2,2,2,2,2,2,2,2,2,2,0,0,0
2008,40,45,1,400521,1,6,1,2,4,2,5,2,1,1,1,2,1,1,2,2,2,2,1,2,2,2,2,2,2,2,2,2,1,1,2,0,0,0
2008,40,47,1,400522,1,6,1,2,4,2,3,2,1,2,1,2,1,2,2,1,2,2,1,2,3,2,2,2,2,1,2,2,1,1,2,0,0,0
2008,40,145,1,400523,1,6,1,2,1,2,5,2,1,2,1,2,1,2,2,2,1,2,2,2,2,2,2,2,2,2,2,2,2,1,2,0,0,0
2008,40,143,1,400524,1,6,2,2,4,2,4,2,1,3,1,2,1,2,2,2,2,2,2,2,1,2,2,2,2,2,1,1,1,2,2,0,0,0
2008,40,109,1,400525,1,6,2,2,1,2,3,2,1,2,1,2,1,2,2,2,1,2,2,2,3,2,2,1,1,2,2,1,2,1,2,0,0,0
2008,40,143,1,400526,1,6,2,2,1,1,4,1,4,2,1,2,2,2,2,2,2,2,2,2,3,2,2,2,2,2,2,2,2,1,2,0,0,0
2008,40,47,1,400527,1,6,1,2,2,2,3,2,1,2,2,2,1,2,2,1,2,2,2,2,1,2,2,2,2,2,2,2,1,2,2,0,0,0
2008,40,31,1,400528,1,6,2,2,1,2,2,2,1,2,2,2,1,2,2,2,1,2,2,2,3,2,2,2,2,2,2,2,2,1,2,0,0,0
2008,40,31,1,400529,1,6,1,2,1,1,6,1,4,1,2,2,2,2,2,2,2,2,2,2,3,2,2,2,2,1,2,2,2,1,2,0,0,0
2008,40,27,1,400530,1,6,1,2,1,2,5,2,1,2,2,1,1,2,2,2,1,2,2,2,1,2,2,2,2,2,1,1,2,2,2,0,0,0
2008,40,75,1,400531,1,6,1,2,4,2,4,2,1,1,2,2,1,2,2,1,2,2,1,2,2,2,2,2,2,2,2,2,1,1,2,0,0,0
2008,40,59,1,400532,1,6,1,2,1,2,4,2,4,1,1,2,2,1,2,1,2,2,2,2,2,2,2,1,1,2,2,1,2,2,2,0,0,0
2008,40,125,1,400533,1,6,1,2,4,2,5,2,1,1,1,2,1,2,2,1,2,2,1,2,2,2,2,2,2,2,2,2,1,2,2,0,0,0
2008,40,147,1,400534,1,6,2,2,1,2,3,2,3,1,1,2,2,2,2,2,2,2,2,2,3,2,2,2,2,1,2,2,2,1,2,0,0,0
2008,40,49,1,400535,1,6,1,2,4,2,5,2,1,1,1,2,1,2,2,2,2,2,1,2,2,2,2,2,2,2,2,2,1,1,2,0,0,0
2008,40,121,1,400536,1,6,1,2,1,1,5,1,2,1,1,2,3,2,2,1,2,2,2,2,3,2,2,2,2,2,1,1,2,1,2,0,0,0
2008,40,153,1,400537,1,6,1,2,1,2,3,2,4,1,1,2,2,1,2,2,2,2,2,2,3,2,2,2,2,2,2,2,1,1,2,0,0,0
2008,40,109,1,400538,1,6,2,1,2,2,1,2,1,2,1,2,1,2,1,1,2,2,2,2,1,2,2,2,2,2,2,2,1,2,2,0,0,0
2008,40,87,1,400539,1,6,1,1,1,2,1,2,5,1,1,2,3,1,2,2,2,2,1,2,3,2,2,2,2,1,2,2,1,1,2,0,0,0
2008,40,109,1,400540,1,6,2,1,1,2,1,2,2,2,2,1,3,2,2,1,2,2,1,2,3,2,2,2,2,2,1,1,2,1,2,0,0,0
2008,40,131,1,400541,1,6,1,2,4,2,6,2,1,2,2,2,1,2,2,1,2,2,1,2,2,1,2,1,2,2,2,2,1,2,2,0,0,0
2008,40,11,1,400542,1,6,1,2,4,1,6,1,1,2,1,2,1,2,2,1,2,2,1,2,1,1,1,1,1,2,2,1,2,1,2,0,0,0
2008,40,111,1,400543,1,6,2,2,1,1,3,1,4,2,2,2,2,2,2,2,2,2,1,2,1,2,2,2,2,2,2,2,2,1,2,0,0,0
2008,40,65,1,400544,1,6,2,2,1,2,4,2,1,2,2,2,1,2,2,2,2,1,2,2,2,2,2,2,2,2,2,2,2,1,2,0,0,0
2008,40,41,1,400545,1,6,1,2,4,2,4,2,1,1,2,2,1,2,2,1,2,2,1,2,1,2,2,1,1,2,2,1,1,2,2,0,0,0
2008,40,61,1,400546,1,6,1,2,4,2,6,2,1,1,1,2,1,2,2,2,2,2,1,2,2,2,2,2,2,2,2,2,1,2,2,0,0,0
2008,40,121,1,400547,1,6,1,2,1,2,3,2,1,2,1,2,1,1,2,2,1,2,2,2,3,2,2,2,2,2,2,2,2,1,2,0,0,0
2008,40,1,1,400548,1,6,1,2,4,2,5,2,1,1,1,2,1,2,2,2,2,2,1,2,2,2,2,2,2,2,2,2,1,1,2,0,0,0
2008,40,21,1,400549,1,6,1,2,1,2,4,2,1,2,1,2,1,2,2,2,1,2,2,2,3,2,2,2,2,2,2,2,2,1,2,0,0,0
2008,40,109,1,400550,1,6,2,1,1,2,1,2,1,2,1,2,1,2,2,2,2,2,1,2,2,2,2,1,1,2,2,1,1,2,2,0,0,0
2008,40,137,1,400551,1,6,1,2,4,2,6,2,1,1,2,2,1,2,2,1,2,2,1,2,1,2,2,2,2,2,2,2,1,1,2,0,0,0
2008,40,113,1,400552,1,6,1,2,4,2,4,2,1,1,2,2,1,2,2,2,2,2,1,2,2,2,2,2,2,2,1,1,1,2,1,0,0,0
2008,40,123,1,400553,1,6,1,2,1,2,6,3,1,1,2,2,1,2,2,2,2,2,2,2,2,2,2,2,2,1,2,2,1,2,2,0,0,0
2008,40,143,1,400554,1,6,2,1,1,2,1,3,1,2,1,2,1,2,2,2,1,2,2,2,3,2,2,2,2,2,2,2,2,1,2,0,0,0
2008,40,135,1,400555,1,6,1,2,1,1,5,1,4,1,1,2,2,2,1,2,2,2,2,2,2,2,2,2,2,1,2,2,2,2,2,0,0,0
2008,40,27,1,400556,1,6,2,1,1,1,1,1,4,2,1,2,2,2,2,2,2,2,2,2,3,2,2,2,2,2,2,2,2,2,2,0,0,0
2008,40,81,2,400557,1,6,1,2,4,2,4,2,1,2,1,2,1,2,2,2,2,2,1,2,2,2,2,2,2,2,2,2,2,2,2,0,0,0
2008,40,95,1,400558,1,6,1,2,1,2,4,2,1,1,1,2,1,2,2,2,1,2,2,2,2,2,2,2,2,2,2,2,2,2,2,0,0,0
2008,40,143,1,400559,1,6,2,1,2,2,1,2,1,1,1,2,1,2,2,1,2,2,1,2,1,2,2,2,2,2,2,2,1,2,2,0,0,0
2008,40,109,1,400560,1,6,2,2,1,2,5,2,3,2,1,1,2,2,2,2,2,2,2,2,1,2,2,2,2,2,1,1,1,2,2,0,0,0
2008,40,71,1,400562,1,6,1,2,1,1,6,1,4,1,1,2,2,2,2,2,2,2,1,2,3,2,2,2,2,1,2,2,2,1,2,0,0,0
2008,40,123,1,400563,1,6,1,2,1,2,3,2,3,2,2,2,2,2,2,2,2,2,2,2,3,2,2,2,2,2,2,2,1,1,2,0,0,0
2008,40,145,1,400564,1,6,1,2,1,2,5,2,1,1,2,2,1,2,2,2,2,2,1,2,2,2,2,2,2,2,1,1,1,2,1,0,0,0
2008,40,113,1,400565,1,6,1,2,4,2,4,2,1,2,2,2,1,2,2,2,2,2,1,2,1,2,2,2,2,2,1,1,1,1,2,0,0,0
2008,40,51,1,400566,1,6,2,2,2,2,3,2,1,1,2,2,1,2,2,2,2,2,1,2,2,2,2,2,2,2,2,2,1,2,1,0,0,0
2008,40,147,2,400567,1,6,2,2,2,2,4,2,1,2,2,2,1,2,2,2,2,2,1,2,2,1,1,1,1,2,2,1,1,1,2,0,0,0
2008,40,67,1,400568,1,6,1,2,4,2,3,2,1,2,2,2,1,2,2,2,2,2,2,2,2,2,2,2,2,2,2,2,1,2,2,0,0,0
2008,40,119,2,400569,1,6,1,2,4,2,3,2,1,2,2,2,1,2,2,2,2,2,1,2,2,2,2,2,2,2,2,2,1,1,2,0,0,0
2008,40,125,1,400570,1,6,1,2,4,2,5,2,1,2,1,2,1,2,2,1,2,2,2,2,2,1,1,1,1,2,2,1,1,2,2,0,0,0
2008,40,17,1,400571,1,6,2,2,1,1,5,1,4,2,2,2,2,2,2,2,2,2,2,2,3,2,2,2,2,2,2,2,2,1,2,0,0,0
2008,40,109,1,400572,1,6,2,2,1,1,3,1,1,2,1,2,1,2,2,2,1,2,2,2,2,2,2,2,2,2,2,2,2,2,2,0,0,0
2008,40,133,1,400573,1,6,1,2,1,2,4,2,2,1,1,2,3,2,2,2,2,2,2,2,3,2,2,2,2,1,2,2,2,1,2,0,0,0
2008,40,95,1,400574,1,6,1,2,1,2,4,2,3,2,2,2,3,2,2,2,2,2,1,2,2,2,2,2,2,2,2,2,1,2,2,0,0,0
2008,40,21,1,400575,1,6,1,2,2,2,5,2,1,1,1,2,2,1,2,2,2,2,1,2,3,2,2,2,2,2,2,2,1,2,2,0,0,0
2008,40,139,1,400576,1,6,1,2,4,2,6,2,1,1,1,2,1,2,2,2,2,2,1,2,2,1,1,1,1,2,2,1,1,1,2,0,0,0
2008,40,117,2,400577,1,6,1,2,4,2,5,2,1,2,1,2,1,2,2,1,2,2,1,2,3,1,1,1,1,2,2,1,1,2,2,0,0,0
2008,40,153,1,400578,1,6,1,2,1,1,3,1,4,1,1,2,2,1,2,2,2,2,2,2,2,2,2,2,2,2,2,2,2,1,2,0,0,0
2008,40,39,1,400579,1,6,1,2,1,2,6,2,4,2,1,2,2,2,2,1,2,2,2,2,3,2,2,2,2,1,2,2,2,2,2,0,0,0
2008,40,117,1,400580,1,6,1,2,4,2,3,2,1,1,2,2,1,2,2,2,2,2,1,2,2,2,2,2,2,1,2,2,1,2,2,0,0,0
2008,40,109,3,400581,1,6,2,1,1,2,1,2,3,2,2,2,3,2,2,2,2,2,2,2,1,2,2,2,2,2,2,2,1,1,2,0,0,0
2008,40,21,2,400582,1,6,1,2,4,2,5,2,1,2,1,2,1,2,2,1,2,2,1,2,2,1,1,1,1,2,2,1,1,1,2,0,0,0
2008,40,149,1,400583,1,6,1,1,3,2,1,2,1,1,1,2,1,2,2,1,2,2,1,2,2,2,2,2,2,2,2,2,1,1,2,0,0,0
2008,40,37,1,400584,1,6,1,2,1,2,4,2,4,1,1,2,2,2,2,1,2,2,2,2,3,2,2,2,2,1,1,1,1,1,2,0,0,0
2008,40,81,2,400585,1,6,1,2,1,2,6,2,3,1,1,2,2,2,2,2,2,2,2,2,2,2,2,2,2,2,2,2,2,1,2,0,0,0
2008,40,19,1,400586,1,6,2,2,1,2,6,2,3,1,1,2,2,2,2,2,2,2,2,2,3,2,2,2,2,1,2,2,2,1,2,0,0,0
2008,40,109,1,400587,1,6,2,2,4,2,4,2,1,2,1,2,1,2,2,2,2,2,1,2,1,2,2,2,2,2,2,2,1,1,2,0,0,0
2008,40,51,1,400588,1,6,1,1,1,2,1,2,4,2,2,2,2,2,2,2,2,2,2,2,1,1,1,1,1,2,2,1,2,1,2,0,0,0
2008,40,91,1,400589,1,6,1,1,4,2,1,2,1,1,2,2,1,2,2,1,2,2,1,2,2,2,2,2,2,1,2,2,1,2,2,0,0,0
2008,40,107,1,400590,1,6,1,1,3,2,1,2,1,2,2,2,1,2,2,2,2,2,1,2,2,2,2,2,2,2,2,2,1,1,1,0,0,0
2008,40,71,1,400591,1,6,1,1,1,2,1,2,1,2,1,2,1,1,2,2,1,2,2,2,2,2,2,2,2,1,2,2,2,1,2,0,0,0
2008,40,17,1,400592,1,6,2,2,1,2,3,2,4,1,1,2,2,2,2,2,2,2,2,2,3,1,2,1,2,2,2,2,1,1,2,0,0,0
2008,40,7,1,400593,1,6,1,2,1,2,4,2,4,2,1,2,2,2,2,1,2,2,2,2,3,2,2,2,2,2,2,2,2,1,2,0,0,0
2008,40,27,1,400594,1,6,2,2,4,2,4,2,1,2,2,2,1,2,2,1,2,2,2,2,2,2,2,2,2,1,2,2,1,1,2,0,0,0
2008,40,143,1,400595,1,6,2,2,4,2,4,2,1,2,1,2,1,2,2,2,2,2,2,2,2,2,2,2,2,2,1,1,1,2,2,0,0,0
2008,40,31,1,400596,1,6,1,2,1,1,6,1,1,1,1,2,1,2,1,2,2,2,2,2,2,2,2,2,2,1,2,2,2,2,2,0,0,0
2008,40,97,1,400597,1,6,2,1,2,2,1,2,1,2,2,2,2,1,2,1,2,2,2,2,2,2,2,2,2,1,2,2,1,1,2,0,0,0
2008,40,133,1,400598,1,6,1,2,1,2,5,2,1,2,2,2,1,2,2,2,2,2,2,2,2,2,2,2,2,2,2,2,2,1,2,0,0,0
2008,40,129,1,400599,1,6,1,2,4,2,4,2,1,3,3,2,1,2,2,2,2,2,1,2,2,2,2,2,2,2,2,2,1,1,2,0,0,0
2008,40,135,2,400600,1,6,1,2,4,2,5,2,1,1,1,2,1,2,2,1,2,2,1,2,2,1,1,1,1,2,2,1,1,2,2,0,0,0
2008,40,5,1,400601,1,6,1,2,4,2,3,2,1,1,1,2,1,2,2,1,2,2,1,2,2,2,2,2,2,1,2,2,1,2,2,0,0,0
2008,40,15,1,400602,1,6,1,2,1,2,4,2,4,2,1,2,2,2,2,1,2,2,2,2,2,2,2,2,2,2,2,2,1,1,2,0,0,0
2008,40,33,1,400603,1,6,1,2,4,2,5,2,1,1,1,2,1,2,2,1,2,2,2,2,2,2,2,2,2,2,2,2,1,1,2,0,0,0
2008,40,123,1,400604,1,6,1,2,1,2,3,2,3,1,1,2,2,1,2,2,2,2,1,2,3,2,2,2,2,2,2,2,1,1,2,0,0,0
2008,40,41,1,400605,1,6,1,2,4,2,6,2,1,1,1,2,1,2,2,1,2,2,2,2,3,2,2,2,2,1,2,2,1,2,2,0,0,0
2008,40,1,1,400606,1,6,1,2,4,2,3,2,1,1,1,2,1,2,2,2,2,2,2,2,2,2,2,2,2,2,2,2,1,2,2,0,0,0
2008,40,9,1,400607,1,6,1,1,1,2,1,2,1,1,1,2,3,1,2,1,2,2,1,2,2,2,2,2,2,2,2,2,1,1,2,0,0,0
2008,40,121,1,400608,1,6,1,2,1,2,3,2,3,1,1,2,2,1,2,2,2,2,2,2,3,1,1,1,1,2,2,1,2,2,2,0,0,0
2008,40,27,1,400609,1,6,2,1,2,2,1,2,1,2,1,2,1,2,2,2,2,2,2,2,3,2,2,2,2,2,2,2,1,2,2,0,0,0
2008,40,79,1,400610,1,6,1,2,4,2,5,2,1,2,2,2,1,2,2,1,2,2,1,2,1,2,2,2,2,2,2,2,1,2,2,0,0,0
2008,40,51,1,400611,1,6,1,2,4,2,5,2,1,1,2,2,1,2,2,1,2,2,1,2,1,1,1,1,1,2,2,1,1,2,2,0,0,0
2008,40,93,1,400612,1,6,1,2,1,1,4,1,4,1,2,2,2,1,2,2,2,2,2,2,3,2,2,2,2,1,2,2,2,1,2,0,0,0
2008,40,93,1,400613,1,6,1,2,1,1,4,1,4,1,2,2,2,2,2,2,2,2,2,2,1,2,2,2,2,1,2,2,2,1,2,0,0,0
2008,40,125,1,400614,1,6,1,2,4,2,5,2,1,2,2,2,1,2,2,2,2,2,1,2,1,2,2,2,2,2,2,2,1,1,2,0,0,0
2008,40,19,1,400615,1,6,2,2,4,2,3,2,1,1,1,2,1,2,2,1,2,2,1,2,2,2,2,2,2,2,2,2,1,1,2,0,0,0
2008,40,67,1,400616,1,6,1,2,1,2,5,2,3,1,1,2,2,2,2,1,2,2,2,2,3,2,2,2,2,1,2,2,1,1,2,0,0,0
2008,40,109,1,400617,1,6,2,1,1,2,1,2,4,2,1,2,2,2,2,1,2,2,1,2,1,2,2,2,2,2,1,1,1,2,2,0,0,0
2008,40,109,1,400618,1,6,2,2,4,2,3,2,1,1,1,2,1,2,2,1,2,2,1,2,1,2,2,2,2,2,2,2,1,2,2,0,0,0
2008,40,55,1,400619,1,6,1,2,4,2,5,2,1,2,1,2,1,2,2,2,2,2,2,2,1,1,1,1,1,2,2,1,1,1,2,0,0,0
2008,40,81,1,400620,1,6,1,1,1,2,1,2,1,2,1,2,2,2,2,2,1,2,2,2,1,2,2,2,2,2,2,2,2,1,2,0,0,0
2008,40,125,1,400621,1,6,2,2,1,1,4,1,1,1,1,2,1,2,2,2,1,2,2,2,3,2,2,2,2,1,2,2,2,2,2,0,0,0
2008,40,17,1,400622,1,6,2,1,1,2,1,2,6,1,1,2,3,1,2,1,2,2,2,2,3,2,2,2,2,1,2,2,1,1,2,0,0,0
2008,40,41,1,400623,1,6,1,2,4,2,6,2,1,1,2,2,1,2,1,1,2,2,2,2,3,2,2,2,2,2,2,2,1,2,2,0,0,0
2008,40,51,1,400624,1,6,1,2,4,2,6,2,1,1,2,2,1,2,2,2,2,2,1,2,1,2,2,2,2,2,1,1,1,1,2,0,0,0
2008,40,47,1,400625,1,6,2,2,1,2,4,2,3,2,1,2,2,2,2,2,2,2,2,2,2,1,1,1,1,2,2,1,1,1,2,0,0,0
2008,40,17,1,400626,1,6,1,2,4,2,5,2,1,2,1,2,1,2,2,2,2,2,2,2,1,1,1,1,1,2,2,1,1,2,1,0,0,0
2008,40,97,1,400627,1,6,1,2,1,1,3,1,4,1,1,2,2,2,2,2,2,2,2,2,3,2,2,2,2,1,2,2,2,2,2,0,0,0
2008,40,19,1,400628,1,6,1,2,4,2,6,2,1,1,2,2,1,2,2,1,2,2,1,2,3,2,2,2,2,1,2,2,1,1,2,0,0,0
2008,40,121,1,400629,1,6,1,2,1,2,3,2,4,1,2,2,3,2,2,1,2,2,1,2,1,2,2,2,2,1,2,2,1,1,2,0,0,0
2008,40,109,2,400630,1,6,2,2,1,2,3,2,3,1,2,2,3,2,2,2,2,2,2,2,3,2,2,2,2,2,2,2,1,2,2,0,0,0
2008,40,125,1,400631,1,6,1,2,4,2,3,2,1,2,2,2,1,2,2,2,2,2,1,2,1,2,2,1,1,2,2,1,1,1,2,0,0,0
2008,40,113,2,400632,1,6,1,2,1,2,3,2,3,1,1,2,2,2,2,1,2,2,2,2,3,2,2,2,2,1,2,2,1,2,2,0,0,0
2008,40,27,1,400633,1,6,2,2,4,2,6,2,1,2,2,2,1,2,2,2,2,2,1,2,1,2,2,2,2,2,2,2,1,2,2,0,0,0
2008,40,37,1,400634,1,6,1,2,4,1,6,1,1,2,2,2,1,2,1,1,2,2,2,2,2,2,2,2,2,2,2,2,2,2,2,0,0,0
2008,40,123,1,400635,1,6,1,2,1,2,6,3,1,1,1,2,1,2,2,2,2,2,1,2,1,2,2,2,2,2,2,2,2,1,2,0,0,0
2008,40,125,1,400636,1,6,1,2,4,2,5,2,1,1,1,2,1,2,2,2,2,2,2,2,2,2,2,2,2,1,2,2,1,1,2,0,0,0
2008,40,79,3,400637,1,6,2,2,1,1,3,1,4,1,1,2,2,1,2,2,2,2,2,2,3,1,1,1,1,2,2,1,2,1,2,0,0,0
2008,40,143,1,400638,1,6,2,2,4,2,4,2,1,2,1,2,1,2,2,2,2,2,2,2,2,1,1,1,1,2,2,1,1,1,2,0,0,0
2008,40,31,1,400639,1,6,1,2,2,2,6,2,1,1,1,2,1,2,2,1,2,2,1,2,3,1,1,1,1,2,2,1,1,1,2,0,0,0
2008,40,97,1,400640,1,6,1,2,1,2,5,2,3,1,1,2,2,2,2,2,2,2,1,2,2,1,1,1,1,2,2,1,1,1,2,0,0,0
2008,40,143,1,400641,1,6,2,2,1,2,2,2,1,1,1,2,1,1,2,2,2,2,1,2,2,2,2,2,2,2,2,2,1,2,2,0,0,0
2008,40,143,1,400642,1,6,2,2,4,2,2,2,1,1,1,2,1,2,2,1,2,2,1,2,3,2,2,2,2,2,1,1,1,2,2,0,0,0
2008,40,125,1,400643,1,6,2,2,4,2,6,2,1,1,1,2,1,2,2,2,2,2,2,2,3,2,2,2,2,1,2,2,1,2,2,0,0,0
2008,40,143,1,400644,1,6,2,2,1,2,4,2,1,3,2,2,1,2,2,2,2,2,2,2,3,2,2,2,2,2,2,2,2,2,2,0,0,0
2008,40,19,1,400645,1,6,1,2,1,1,3,1,4,1,2,2,2,1,2,2,2,2,1,2,2,2,2,2,2,2,2,2,2,2,2,0,0,0
2008,40,109,1,400646,1,6,2,2,1,2,4,2,1,2,1,1,1,2,2,2,1,2,2,2,3,2,2,2,2,2,2,2,2,2,2,0,0,0
2008,40,125,1,400647,1,6,1,2,1,1,5,1,4,1,1,2,2,2,1,2,2,2,2,2,2,1,1,1,1,2,2,1,2,1,2,0,0,0
2008,40,109,1,400648,1,6,2,2,4,2,3,2,1,2,1,2,1,2,1,2,2,2,2,2,1,2,2,2,2,2,2,2,1,1,2,0,0,0
2008,40,39,1,400649,1,6,2,2,1,2,4,3,4,2,1,2,2,2,1,1,2,2,2,2,1,2,2,2,2,2,1,1,2,2,2,0,0,0
2008,40,27,1,400650,1,6,2,2,1,2,4,3,4,2,1,2,2,2,1,2,2,2,2,2,3,2,2,1,1,2,2,1,2,2,2,0,0,0
2008,40,119,1,400651,1,6,1,2,4,2,6,2,1,2,2,2,1,2,2,2,2,2,1,2,1,2,2,2,2,2,2,2,1,1,2,0,0,0
2008,40,13,1,400652,1,6,1,2,1,1,3,1,4,1,2,2,2,2,2,2,2,2,2,2,3,2,2,2,2,1,2,2,2,2,2,0,0,0
2008,40,143,1,400653,1,6,2,2,1,1,3,1,2,2,2,2,3,2,2,2,2,2,2,2,3,2,2,2,2,1,2,2,2,2,2,0,0,0
2008,40,109,1,400654,1,6,2,2,1,1,3,1,4,1,1,2,3,2,2,2,2,2,2,2,3,2,2,1,1,2,2,1,2,2,2,0,0,0
2008,40,109,1,400655,1,6,2,2,1,2,3,2,3,2,2,2,2,2,2,2,2,2,2,2,1,2,2,2,2,2,1,1,1,1,2,0,0,0
2008,40,109,1,400656,1,6,2,1,1,2,1,2,1,1,2,2,1,2,2,2,2,2,2,2,3,2,2,2,2,2,2,2,2,1,2,0,0,0
2008,40,109,1,400657,1,6,2,2,1,2,3,2,2,1,2,2,3,2,2,2,2,2,2,2,3,2,2,2,2,1,2,2,2,1,2,0,0,0
2008,40,109,1,400658,1,6,2,2,4,1,4,1,1,1,1,2,1,2,2,2,2,2,2,2,2,2,2,1,1,2,2,1,2,2,2,0,0,0
2008,40,71,2,400659,1,6,2,2,2,2,4,2,1,1,1,2,1,2,2,2,2,2,1,2,1,2,2,2,2,2,2,2,1,1,2,0,0,0
2008,40,99,1,400661,1,6,1,2,1,1,5,1,4,1,1,2,2,2,1,1,2,2,2,2,3,1,1,1,1,2,2,1,2,2,2,0,0,0
2008,40,47,1,400662,1,6,2,2,4,1,6,1,1,2,2,2,1,2,1,2,2,2,2,2,1,2,2,2,2,2,2,2,2,2,2,0,0,0
2008,40,27,1,400663,1,6,2,2,1,2,4,3,4,1,2,2,2,2,2,1,2,2,2,2,3,2,2,2,2,1,2,2,1,1,2,0,0,0
2008,40,121,1,400664,1,6,2,2,1,1,5,1,3,1,1,2,2,2,2,2,2,2,2,2,3,1,1,1,1,1,2,1,2,2,2,0,0,0
2008,40,5,1,400665,1,6,1,2,1,2,3,3,4,1,1,2,3,2,2,2,2,2,2,2,3,2,2,2,2,2,2,2,2,1,2,0,0,0
2008,40,143,1,400666,1,6,2,2,4,2,6,2,1,2,2,2,1,2,2,2,1,2,1,2,3,2,2,1,1,2,2,1,1,2,2,0,0,0
2008,40,143,1,400667,1,6,2,2,1,2,2,3,1,2,1,2,1,2,2,2,1,2,2,2,3,2,2,2,2,2,2,2,2,1,2,0,0,0
2008,40,143,2,400668,1,6,2,2,3,2,2,2,2,2,1,2,1,2,2,2,2,2,2,2,1,2,2,2,2,2,2,2,1,2,2,0,0,0
2008,40,143,1,400670,1,6,2,2,1,1,4,1,1,2,1,2,1,2,2,1,1,2,2,2,3,2,2,1,1,2,2,1,2,2,2,0,0,0
2008,40,143,1,400671,1,6,2,2,6,2,2,2,1,1,1,2,1,2,2,2,2,2,2,2,2,2,2,2,2,2,2,2,1,2,2,0,0,0
2008,40,27,1,400672,1,6,2,2,4,2,6,2,2,2,1,2,1,2,1,2,2,2,2,2,1,2,2,2,2,2,1,1,2,2,2,0,0,0
2008,40,107,1,400673,1,6,1,2,4,2,6,2,1,1,2,2,1,2,1,2,2,2,2,2,2,2,2,2,2,2,1,1,1,2,2,0,0,0
2008,40,27,1,400674,1,6,2,2,1,1,3,1,4,1,1,2,2,2,1,2,2,2,2,2,2,2,2,2,2,2,2,2,2,1,2,0,0,0
2008,40,143,1,400675,1,6,2,2,1,2,4,3,1,2,1,2,2,2,1,1,2,2,2,2,1,2,2,2,2,2,2,2,2,2,2,0,0,0
2008,40,143,1,400676,1,6,2,2,1,1,2,1,4,1,1,2,2,2,2,2,2,2,1,2,2,1,1,1,1,2,2,1,2,2,2,0,0,0
2008,40,143,1,400677,1,6,2,2,1,1,4,1,4,1,1,2,2,2,2,2,2,2,2,2,3,2,2,2,2,1,2,2,2,1,2,0,0,0
2008,41,29,1,410001,1,10,1,2,1,2,5,2,3,2,1,2,3,2,2,1,2,2,2,2,3,2,2,1,1,1,2,1,1,2,2,0,0,0
2008,41,31,1,410002,1,10,1,2,4,2,5,2,1,2,1,2,1,2,2,2,2,2,1,2,1,2,2,2,2,2,2,2,1,2,2,0,0,0
2008,41,29,1,410003,1,10,1,2,1,2,6,2,1,1,1,2,1,2,2,2,2,2,2,2,3,2,2,2,2,2,2,2,2,2,2,0,0,0
2008,41,5,1,410004,1,10,1,2,1,2,4,2,4,1,1,2,2,2,2,2,2,2,2,2,3,2,2,1,1,2,2,1,1,2,2,0,0,0
2008,41,5,1,410005,1,10,1,2,1,2,3,2,3,2,2,2,2,2,2,2,2,2,1,2,1,2,2,2,2,1,2,2,1,2,2,0,0,0
2008,41,43,1,410006,1,10,1,2,1,2,3,2,4,1,2,2,2,2,2,1,2,2,2,2,3,2,2,2,2,2,2,2,1,2,2,0,0,0
2008,41,51,1,410007,1,10,2,2,1,2,5,3,4,1,1,2,2,2,2,2,2,2,2,2,3,2,2,2,2,1,2,2,2,2,2,0,0,0
2008,41,67,1,410008,1,10,2,2,6,2,5,2,1,3,1,1,1,2,2,2,1,2,2,2,3,2,2,2,2,2,2,2,2,2,2,0,0,0
2008,41,67,2,410009,1,10,2,2,4,1,5,1,1,2,1,2,1,2,2,1,2,2,1,2,1,2,2,2,2,2,2,2,2,2,2,0,0,0
2008,41,47,1,410010,1,10,2,1,1,2,1,2,1,2,1,2,2,2,2,2,1,2,2,2,3,2,2,2,2,2,2,2,2,2,2,0,0,0
2008,41,39,1,410011,1,10,1,2,4,2,5,2,1,3,3,2,1,2,2,2,2,2,1,2,2,1,1,1,1,2,2,1,1,2,2,0,0,0
2008,41,11,1,410012,1,10,1,2,1,2,4,2,4,1,1,2,2,1,2,1,2,2,2,2,3,2,2,2,2,2,2,2,1,2,2,0,0,0
2008,41,17,1,410013,1,10,1,2,4,2,6,2,1,1,1,2,1,2,2,1,2,2,1,2,1,1,1,1,1,2,2,1,1,2,2,0,0,0
2008,41,47,1,410014,1,10,1,2,1,2,3,2,3,1,1,2,2,2,2,2,2,2,2,2,3,2,2,2,2,2,2,2,1,2,2,0,0,0
2008,41,17,1,410015,1,10,1,2,4,2,4,2,1,3,3,2,1,2,2,2,2,2,1,2,1,2,2,1,1,2,2,1,1,2,2,0,0,0
2008,41,47,1,410016,1,10,2,1,1,2,1,2,1,2,2,2,2,2,2,2,1,2,2,2,3,2,2,2,2,2,1,1,2,2,2,0,0,0
2008,41,43,1,410017,1,10,1,2,4,2,5,3,4,2,1,2,1,2,2,1,2,2,2,1,3,2,2,2,2,2,1,1,1,2,2,0,0,0
2008,41,5,1,410018,1,10,1,2,1,2,5,2,3,1,2,2,2,2,2,1,2,2,2,2,3,2,2,2,2,2,1,1,1,2,2,0,0,0
2008,41,51,1,410019,1,10,1,1,1,2,1,2,2,1,2,2,3,1,2,1,2,2,2,2,1,2,2,2,2,1,2,2,2,2,2,0,0,0
2008,41,9,1,410020,1,10,1,2,1,2,3,2,3,2,2,2,3,2,2,2,2,2,2,2,1,2,2,2,2,2,2,2,1,2,2,0,0,0
2008,41,35,2,410021,1,10,2,2,1,2,3,2,4,1,1,2,2,2,2,1,2,2,2,2,3,2,2,2,2,1,2,2,1,2,2,0,0,0
2008,41,53,1,410022,1,10,2,2,1,1,5,1,1,1,1,2,1,2,2,2,1,2,2,2,2,2,2,2,2,2,2,2,2,2,2,0,0,0
2008,41,51,1,410023,1,10,1,2,4,2,5,2,1,2,2,2,1,2,2,1,2,2,2,2,1,2,2,2,2,2,2,2,1,2,2,0,0,0
2008,41,57,1,410024,1,10,1,2,1,2,3,2,3,2,2,2,2,2,2,1,2,2,2,2,3,1,1,1,1,2,2,1,1,2,2,0,0,0
2008,41,53,1,410025,1,10,1,2,1,2,4,2,4,1,1,2,2,2,2,2,2,2,2,2,3,2,2,1,1,2,2,1,2,2,2,0,0,0
2008,41,67,2,410026,1,10,1,2,4,2,4,2,1,2,2,2,2,2,2,1,2,2,2,2,3,1,1,1,1,2,2,1,1,2,2,0,0,0
2008,41,43,1,410027,1,10,1,2,1,2,5,2,4,1,2,2,2,2,2,1,2,2,2,2,3,2,2,2,2,2,2,2,1,2,2,0,0,0
2008,41,39,1,410028,1,10,1,2,4,2,4,2,1,1,1,2,1,2,2,1,2,2,1,2,3,2,2,2,2,2,2,2,1,2,2,0,0,0
2008,41,1,1,410029,1,10,1,1,4,2,1,2,1,1,2,2,1,2,2,1,2,2,1,2,2,2,2,2,2,2,2,2,1,2,2,0,0,0
2008,41,47,1,410030,1,10,2,2,1,2,3,2,4,1,1,2,2,2,2,1,2,2,2,2,3,2,2,2,2,2,2,2,1,2,2,0,0,0
2008,41,7,1,410031,1,10,2,2,1,2,3,2,1,2,1,2,1,2,2,2,1,2,2,2,1,2,2,2,2,2,2,2,2,2,2,0,0,0
2008,41,67,1,410032,1,10,1,2,1,2,4,2,3,1,1,2,2,2,2,1,2,2,2,2,3,2,2,2,2,2,1,1,1,2,2,0,0,0
2008,41,29,1,410033,1,10,2,2,1,1,3,1,1,2,2,2,1,2,2,2,1,2,2,2,2,2,2,2,2,2,2,2,2,2,2,0,0,0
2008,41,7,3,410034,1,10,1,2,1,2,3,2,3,1,2,2,2,2,2,2,2,2,1,2,3,2,2,2,2,2,1,1,1,2,2,0,0,0
2008,41,39,1,410035,1,10,1,2,4,2,3,2,1,2,1,2,1,2,2,2,2,2,2,2,1,2,2,2,2,2,2,2,1,2,2,0,0,0
2008,41,67,1,410036,1,10,2,2,1,1,3,1,1,1,1,2,1,2,2,2,2,1,2,2,2,2,2,2,2,2,2,2,2,2,2,0,0,0
2008,41,3,1,410037,1,10,1,2,1,2,3,2,1,2,1,2,1,2,1,2,2,2,2,2,2,2,2,2,2,2,2,2,2,2,2,0,0,0
2008,41,29,1,410038,1,10,1,2,1,2,5,2,1,2,1,2,2,2,2,2,1,2,2,2,3,2,2,2,2,2,2,2,2,2,2,0,0,0
2008,41,47,1,410039,1,10,2,2,1,2,3,2,1,2,1,2,1,2,2,2,1,2,2,2,2,2,2,2,2,2,1,1,2,2,2,0,0,0
2008,41,31,1,410040,1,10,1,2,1,2,3,2,4,1,2,2,3,2,2,1,2,2,1,2,3,2,2,1,1,2,2,1,2,2,2,0,0,0
2008,41,3,1,410041,1,10,2,2,4,2,4,2,1,2,2,2,1,2,1,1,2,2,2,1,1,2,2,2,2,2,1,1,1,2,2,0,0,0
2008,41,47,1,410042,1,10,2,2,1,2,3,2,4,2,1,2,2,2,2,1,2,2,2,2,1,2,2,2,2,2,1,1,1,2,2,0,0,0
2008,41,45,1,410043,1,10,1,2,1,2,3,2,1,1,1,2,1,2,2,1,2,2,1,2,2,2,2,2,2,2,1,1,1,2,2,0,0,0
2008,41,67,1,410044,1,10,2,2,1,2,3,2,1,2,1,2,1,2,2,2,1,2,2,2,3,2,2,2,2,2,2,2,2,2,2,0,0,0
2008,41,17,1,410045,1,10,1,2,4,2,3,2,1,1,2,2,1,2,2,2,2,2,2,2,2,2,2,2,2,1,2,2,1,2,2,0,0,0
2008,41,29,1,410046,1,10,2,2,1,1,3,1,1,1,1,2,1,2,2,2,1,2,2,2,2,2,2,2,2,2,2,2,2,2,2,0,0,0
2008,41,35,1,410047,1,10,2,2,1,2,5,2,1,2,2,2,1,2,2,1,1,2,2,2,1,2,2,2,2,2,2,2,2,2,2,0,0,0
2008,41,5,1,410048,1,10,1,2,1,2,4,3,4,1,1,2,2,1,2,2,2,2,2,2,1,2,2,2,2,1,2,2,2,2,2,0,0,0
2008,41,61,1,410049,1,10,1,2,1,2,5,2,4,1,2,2,2,1,2,1,2,2,2,2,3,2,2,2,2,2,2,2,1,2,2,0,0,0
2008,41,5,2,410050,1,10,1,2,1,2,3,2,3,1,2,2,2,2,2,2,2,2,2,2,3,2,2,2,2,2,1,1,1,2,2,0,0,0
2008,41,39,1,410051,1,10,1,2,1,2,4,2,3,2,1,2,2,2,2,1,2,2,1,2,1,2,2,2,2,2,1,1,1,2,2,0,0,0
2008,41,39,1,410052,1,10,2,2,1,1,3,1,1,2,1,2,1,2,1,1,2,2,2,2,2,2,2,2,2,2,2,2,2,2,2,0,0,0
2008,41,19,2,410053,1,10,1,2,4,2,6,2,1,3,3,2,1,2,2,2,2,2,1,2,1,2,2,2,2,2,1,1,1,2,2,0,0,0
2008,41,51,1,410054,1,10,1,2,1,1,3,1,4,2,1,2,3,2,2,2,2,2,1,2,3,2,2,2,2,1,2,2,2,2,2,0,0,0
2008,41,57,1,410055,1,10,1,2,4,2,3,2,1,1,1,2,1,1,2,2,2,2,2,2,2,2,2,2,2,2,2,2,1,2,2,0,0,0
2008,41,39,1,410056,1,10,1,2,4,2,5,2,1,2,1,2,1,2,2,2,2,2,1,2,2,2,2,2,2,2,2,2,1,2,2,0,0,0
2008,41,39,1,410057,1,10,1,2,4,2,5,2,1,2,2,2,1,2,2,2,2,2,2,2,2,2,2,2,2,2,2,2,1,2,2,0,0,0
2008,41,19,1,410058,1,10,1,1,4,2,1,2,1,1,2,2,1,2,2,2,2,2,1,2,2,2,2,2,2,2,2,2,1,2,2,0,0,0
2008,41,17,1,410059,1,10,1,2,1,1,5,1,1,2,1,2,1,2,1,2,2,2,2,2,1,2,2,2,2,2,2,2,2,2,2,0,0,0
2008,41,17,1,410060,1,10,1,2,1,2,3,2,4,1,1,2,2,2,2,2,2,2,2,2,3,2,2,2,2,1,2,2,1,2,2,0,0,0
2008,41,15,1,410061,1,10,1,2,1,2,3,2,4,2,1,2,2,2,2,1,2,2,2,2,3,2,2,2,2,2,2,2,1,2,2,0,0,0
2008,41,29,1,410062,1,10,2,2,1,1,4,1,3,1,1,2,2,2,2,2,2,2,2,2,2,2,2,2,2,1,2,2,2,2,2,0,0,0
2008,41,39,1,410063,1,10,2,2,1,1,5,1,1,1,1,2,1,2,2,2,1,2,2,2,3,2,2,2,2,2,2,2,2,2,2,0,0,0
2008,41,71,5,410064,1,10,2,2,4,2,4,2,1,1,1,2,1,2,2,1,2,2,2,2,2,2,2,1,1,2,2,1,1,2,2,0,0,0
2008,41,33,5,410065,1,10,1,2,4,2,5,2,1,1,1,2,1,2,2,1,2,2,2,2,1,2,2,2,2,2,2,2,1,2,2,0,0,0
2008,41,19,2,410066,1,10,2,2,4,2,4,2,1,2,2,2,1,2,2,1,2,2,1,2,1,1,2,1,2,2,2,2,1,2,2,0,0,0
2008,41,29,1,410067,1,10,1,2,4,2,3,2,1,1,1,2,1,2,2,1,2,2,1,2,2,2,2,2,2,1,2,2,1,2,2,0,0,0
2008,41,51,1,410068,1,10,2,2,4,2,4,2,1,2,2,2,1,2,1,1,2,2,2,2,1,2,2,2,2,2,2,2,1,2,2,0,0,0
2008,41,11,1,410069,1,10,2,2,1,2,5,2,1,1,1,2,1,2,2,2,1,2,2,2,3,2,2,2,2,1,2,2,2,2,2,0,0,0
2008,41,33,1,410070,1,10,1,3,4,1,7,1,1,2,1,2,1,2,2,2,2,2,2,2,1,2,2,2,2,2,2,2,2,2,2,0,0,0
2008,41,5,1,410071,1,10,1,2,1,2,5,2,3,2,2,2,3,2,2,1,2,2,1,2,3,1,1,1,1,2,2,1,1,2,2,0,0,0
2008,41,39,1,410072,1,10,1,2,4,2,5,2,1,2,1,2,1,2,2,1,2,2,1,2,1,2,2,2,2,2,2,2,1,2,2,0,0,0
2008,41,39,1,410073,1,10,1,2,4,1,5,1,1,2,1,2,1,2,1,1,2,2,2,1,1,2,2,2,2,2,2,2,2,2,2,0,0,0
2008,41,39,1,410074,1,10,2,1,4,2,1,2,6,2,1,2,1,2,2,1,2,2,2,2,1,2,2,2,2,2,2,2,1,2,2,0,0,0
2008,41,31,1,410075,1,10,2,2,1,1,5,1,4,1,2,2,2,2,1,2,2,2,2,2,3,2,2,2,2,2,2,2,2,2,2,0,0,0
2008,41,39,1,410076,1,10,1,2,1,2,3,2,3,1,2,2,2,2,1,2,2,2,2,2,3,2,2,2,2,2,2,2,1,2,2,0,0,0
2008,41,29,1,410077,1,10,2,2,1,2,4,2,1,2,2,1,1,2,2,2,1,2,2,2,3,2,2,2,2,2,2,2,2,2,2,0,0,0
2008,41,11,1,410078,1,10,2,3,4,2,7,2,1,1,1,2,1,2,2,2,2,2,2,2,3,2,2,2,2,1,2,2,1,2,2,0,0,0
2008,41,47,1,410079,1,10,2,2,1,2,3,2,2,2,1,2,2,2,2,1,2,2,2,2,2,2,2,2,2,1,1,1,2,2,2,0,0,0
2008,41,45,1,410080,1,10,1,2,4,2,3,2,1,2,1,2,1,2,2,1,2,2,1,2,1,2,2,2,2,2,2,2,1,2,2,0,0,0
2008,41,5,1,410081,1,10,1,2,4,2,4,2,1,3,2,2,1,2,2,2,2,2,2,2,1,2,2,2,2,2,2,2,1,2,2,0,0,0
2008,41,21,2,410082,1,10,1,1,1,2,1,2,1,1,2,2,1,2,2,2,2,2,1,2,2,2,2,2,2,2,2,2,1,2,2,0,0,0
2008,41,55,1,410083,1,10,1,2,4,2,5,2,1,1,2,2,1,2,2,1,2,2,1,2,1,2,2,2,2,2,2,2,1,2,2,0,0,0
2008,41,67,1,410084,1,10,1,2,1,2,4,2,4,2,2,2,2,2,2,2,2,2,2,2,3,2,2,2,2,2,1,1,1,2,2,0,0,0
2008,41,1,1,410085,1,10,1,1,3,2,1,2,1,1,1,2,1,2,2,1,2,2,1,2,2,2,2,2,2,2,2,2,1,2,2,0,0,0
2008,41,49,1,410086,1,10,1,1,4,2,1,2,1,1,1,2,1,2,2,2,2,2,1,2,3,2,2,2,2,2,2,2,1,2,2,0,0,0
2008,41,51,1,410087,1,10,2,2,1,2,3,3,4,2,1,2,2,2,2,2,2,2,2,2,3,2,2,2,2,1,1,1,2,2,2,0,0,0
2008,41,47,1,410088,1,10,1,2,4,2,5,2,1,1,1,2,1,2,2,2,2,2,1,2,2,2,2,2,2,2,2,2,1,2,2,0,0,0
2008,41,19,1,410089,1,10,1,2,4,2,5,2,1,1,2,2,1,2,2,2,2,2,2,2,1,2,2,2,2,2,2,2,1,2,2,0,0,0
2008,41,5,1,410090,1,10,2,2,1,1,2,1,4,2,1,2,2,1,2,2,2,2,2,2,2,2,2,2,2,2,1,1,2,2,2,0,0,0
2008,41,51,1,410091,1,10,1,1,4,2,1,2,1,1,2,2,1,2,1,2,2,2,2,2,2,2,2,2,2,2,2,2,1,2,2,0,0,0
2008,41,65,1,410092,1,10,2,1,1,2,1,2,1,2,2,2,1,2,2,2,1,2,2,2,2,2,2,2,2,1,2,2,2,2,2,0,0,0
2008,41,35,1,410093,1,10,1,2,1,2,3,2,3,2,1,2,2,1,2,2,2,2,2,2,3,2,2,2,2,1,2,2,1,2,2,0,0,0
2008,41,17,1,410094,1,10,1,2,1,2,3,2,3,2,2,2,2,2,2,2,2,2,2,2,2,2,2,1,1,2,2,1,1,2,2,0,0,0
2008,41,19,2,410095,1,10,1,1,1,2,1,2,3,2,2,2,2,2,2,2,2,2,2,2,1,2,2,2,2,2,1,1,2,2,2,0,0,0
2008,41,3,1,410096,1,10,1,2,4,2,5,2,1,3,3,2,1,2,1,2,2,2,2,2,1,2,2,2,2,2,2,2,1,2,2,0,0,0
2008,41,71,1,410097,1,10,1,2,4,2,5,2,1,2,1,2,1,2,2,1,2,2,1,2,3,1,1,1,1,2,2,1,1,2,2,0,0,0
2008,41,43,1,410098,1,10,1,2,1,2,3,2,1,2,1,2,1,2,2,2,1,2,2,2,2,2,2,2,2,2,2,2,2,2,2,0,0,0
2008,41,41,1,410099,1,10,1,2,4,2,4,2,1,2,1,2,1,2,2,1,2,2,1,2,1,2,2,2,2,2,2,2,1,2,2,0,0,0
2008,41,9,1,410100,1,10,1,2,1,2,3,2,3,1,1,2,2,2,2,2,2,2,2,2,2,2,2,2,2,2,2,2,1,2,2,0,0,0
2008,41,71,1,410101,1,10,1,2,1,2,3,2,3,1,2,2,3,2,2,1,2,2,2,2,1,2,2,2,2,2,2,2,1,1,2,0,0,0
2008,41,47,1,410102,1,10,1,2,4,2,5,2,1,1,2,2,1,2,2,2,2,2,1,2,1,2,2,2,2,1,2,2,1,2,2,0,0,0
2008,41,29,1,410103,1,10,1,2,4,2,5,2,1,2,1,2,1,2,2,1,2,2,1,2,1,2,2,2,2,2,2,2,1,2,2,0,0,0
2008,41,19,1,410104,1,10,1,2,1,2,5,2,4,1,1,2,2,2,2,2,2,2,2,2,2,2,2,2,2,2,1,1,1,2,2,0,0,0
2008,41,53,1,410105,1,10,1,2,1,2,4,2,4,1,1,2,3,1,2,2,2,2,2,2,3,2,2,2,2,2,1,1,1,2,2,0,0,0
2008,41,51,1,410106,1,10,2,2,4,1,4,1,1,2,1,2,1,2,2,1,2,2,2,2,2,2,2,2,2,2,2,2,2,1,2,0,0,0
2008,41,51,1,410107,1,10,2,2,1,2,4,2,1,2,1,2,1,2,2,2,1,2,2,2,3,2,2,2,2,2,2,2,2,2,2,0,0,0
2008,41,5,1,410108,1,10,1,2,2,2,4,2,1,3,3,1,1,2,2,2,1,2,2,2,3,2,2,2,2,2,2,2,2,2,2,0,0,0
2008,41,67,1,410109,1,10,1,2,1,2,4,3,4,1,1,2,2,2,1,2,2,2,2,2,3,2,2,2,2,2,1,1,2,2,2,0,0,0
2008,41,71,1,410110,1,10,1,2,2,2,5,2,1,1,2,2,1,2,2,2,1,2,2,2,2,2,2,2,2,2,2,2,1,2,2,0,0,0
2008,41,33,1,410111,1,10,1,2,4,2,3,2,1,1,1,2,1,2,1,2,2,2,2,2,1,2,2,2,2,2,2,2,1,2,2,0,0,0
2008,41,11,1,410112,1,10,1,2,4,2,6,2,1,2,1,2,1,2,2,1,2,2,2,2,1,1,1,1,1,2,2,1,1,2,2,0,0,0
2008,41,57,1,410113,1,10,1,2,4,2,6,2,1,1,1,2,1,2,2,2,2,2,2,2,1,2,2,2,2,2,2,2,1,2,2,0,0,0
2008,41,39,1,410114,1,10,1,2,1,2,3,2,4,1,2,2,3,2,2,2,2,2,2,2,1,2,2,2,2,2,2,2,1,2,2,0,0,0
2008,41,39,2,410115,1,10,1,2,1,2,3,2,2,1,2,2,2,2,1,2,2,2,2,2,3,2,2,2,2,2,2,2,2,1,2,0,0,0
2008,41,51,1,410116,1,10,1,2,4,2,3,2,1,2,2,2,1,2,2,1,2,2,2,2,1,2,2,2,2,2,1,1,1,2,2,0,0,0
2008,41,43,1,410117,1,10,1,2,4,2,5,2,1,2,2,2,1,2,2,2,2,2,1,2,1,2,2,2,2,2,1,1,1,2,2,0,0,0
2008,41,67,1,410118,1,10,2,2,4,2,5,2,1,1,1,2,1,2,2,2,2,2,2,2,2,2,2,1,1,2,2,1,1,2,2,0,0,0
2008,41,35,1,410119,1,10,2,2,1,1,3,1,3,2,1,2,2,2,2,2,2,2,2,2,3,2,2,2,2,2,2,2,2,2,2,0,0,0
2008,41,17,1,410120,1,10,1,2,1,1,5,1,3,1,1,2,2,2,2,1,2,2,2,2,3,2,2,2,2,1,1,1,2,2,2,0,0,0
2008,41,43,1,410121,1,10,1,2,4,2,6,2,1,2,2,2,1,2,2,2,2,2,2,2,1,2,2,2,2,2,2,2,1,2,2,0,0,0
2008,41,41,1,410122,1,10,1,2,1,2,5,2,4,1,1,2,2,1,1,1,2,2,2,2,2,2,2,2,2,2,2,2,1,2,2,0,0,0
2008,41,51,1,410123,1,10,2,2,1,1,3,1,4,1,1,2,2,2,1,1,2,2,2,2,3,2,2,2,2,1,2,2,2,2,2,0,0,0
2008,41,19,1,410124,1,10,1,2,4,2,5,2,1,2,1,2,1,2,2,1,2,2,2,2,1,2,2,2,2,2,2,2,1,2,2,0,0,0
2008,41,57,1,410125,1,10,1,2,4,2,6,2,1,2,2,2,1,2,2,2,2,2,1,2,3,2,2,2,2,2,2,2,2,2,2,0,0,0
2008,41,65,1,410126,1,10,2,1,1,2,1,2,1,2,1,2,1,2,2,2,2,2,2,2,3,2,2,2,2,2,2,2,2,2,2,0,0,0
2008,41,5,2,410127,1,10,1,2,4,2,5,2,1,3,2,2,1,2,2,1,2,2,2,2,2,2,2,2,2,2,1,1,1,2,2,0,0,0
2008,41,27,1,410128,1,10,1,2,4,2,5,2,1,3,2,2,1,2,2,2,2,2,2,2,1,2,2,2,2,2,2,2,1,2,2,0,0,0
2008,41,19,1,410129,1,10,1,2,4,2,5,2,1,2,2,2,1,2,2,2,2,2,1,2,1,2,2,2,2,2,2,2,1,2,2,0,0,0
2008,41,39,1,410130,1,10,2,2,1,1,4,1,1,1,1,2,1,2,2,2,2,1,2,2,2,2,2,2,2,2,2,2,2,2,2,0,0,0
2008,41,51,1,410131,1,10,2,2,4,1,5,1,1,2,2,2,1,2,2,1,2,2,2,2,2,2,2,2,2,2,1,1,2,2,2,0,0,0
2008,41,19,1,410132,1,10,1,2,1,2,5,2,4,2,1,2,2,2,2,2,2,2,1,2,1,2,2,2,2,1,2,2,1,2,2,0,0,0
2008,41,39,1,410133,1,10,1,2,1,2,5,2,1,2,1,2,1,2,2,2,1,2,2,2,3,2,2,2,2,1,2,2,2,2,2,0,0,0
2008,41,43,1,410134,1,10,1,2,4,2,5,2,1,1,1,2,1,2,2,2,2,2,1,2,2,2,2,2,2,1,2,2,1,2,2,0,0,0
2008,41,43,1,410135,1,10,1,1,2,2,1,2,2,1,1,2,1,2,2,2,2,2,1,2,3,2,2,1,1,2,2,1,1,2,1,0,0,0
2008,41,67,1,410136,1,10,2,2,1,2,3,2,1,1,1,2,1,2,2,1,1,2,2,2,3,2,2,2,2,2,2,2,2,2,2,0,0,0
2008,41,19,1,410137,1,10,1,1,2,2,1,2,2,2,1,2,1,2,2,2,2,2,2,2,2,2,2,2,2,2,2,2,1,2,1,0,0,0
2008,41,55,2,410138,1,10,1,2,4,2,3,2,1,2,2,2,1,2,1,2,2,2,2,2,1,2,2,2,2,2,2,2,1,2,2,0,0,0
2008,41,11,1,410139,1,10,1,2,1,2,3,2,1,1,1,2,3,1,2,2,2,2,2,2,3,2,2,2,2,1,2,2,2,2,2,0,0,0
2008,41,19,1,410140,1,10,1,2,1,2,3,2,1,1,2,2,1,2,1,2,2,2,2,2,2,2,2,2,2,1,2,2,2,2,2,0,0,0
2008,41,59,1,410141,1,10,1,2,4,2,5,2,1,2,2,2,1,2,2,1,2,2,1,2,1,2,2,2,2,2,2,2,1,2,2,0,0,0
2008,41,29,1,410142,1,10,1,1,1,2,1,2,1,1,2,2,1,2,2,2,2,2,1,2,2,2,2,2,2,2,2,2,1,2,2,0,0,0
2008,41,67,1,410143,1,10,2,2,4,1,5,1,1,2,1,2,1,2,2,1,2,2,2,2,2,2,2,2,2,2,2,2,2,2,2,0,0,0
2008,41,35,1,410144,1,10,1,2,4,2,3,2,1,1,1,2,1,2,2,1,2,2,1,2,3,2,2,2,2,2,2,2,1,2,2,0,0,0
2008,41,59,1,410145,1,10,2,2,4,2,4,3,4,2,1,2,1,2,2,1,2,2,1,2,2,1,1,1,1,2,2,1,1,2,2,0,0,0
2008,41,29,1,410146,1,10,1,2,4,2,5,2,1,2,1,2,1,2,2,1,2,2,1,2,2,1,1,1,1,2,2,1,1,2,2,0,0,0
2008,41,29,1,410147,1,10,1,2,4,2,5,2,1,1,1,2,1,2,2,2,2,2,1,2,2,2,2,2,2,1,2,2,1,2,2,0,0,0
2008,41,39,1,410148,1,10,1,2,4,2,5,2,1,2,2,2,1,2,2,2,2,2,1,2,2,1,1,1,1,2,2,1,1,1,2,0,0,0
2008,41,67,1,410149,1,10,2,2,1,1,5,1,1,2,2,1,1,2,2,2,1,2,2,2,1,2,2,2,2,2,1,1,2,2,2,0,0,0
2008,41,33,2,410150,1,10,1,2,1,2,3,2,3,2,2,2,2,2,2,1,2,2,2,2,1,2,2,2,2,2,1,1,1,2,2,0,0,0
2008,41,17,1,410151,1,10,2,2,1,2,5,3,1,1,1,2,1,2,2,2,2,1,2,2,3,2,2,2,2,2,2,2,2,2,2,0,0,0
2008,41,47,1,410152,1,10,1,2,4,2,5,2,1,1,1,2,1,2,2,2,2,2,2,2,2,2,2,2,2,1,2,2,1,2,2,0,0,0
2008,41,15,1,410153,1,10,1,2,4,2,6,2,1,2,2,2,1,2,2,1,2,2,1,2,1,1,1,1,1,2,2,1,1,2,2,0,0,0
2008,41,53,1,410154,1,10,1,2,1,2,4,2,2,2,1,2,3,2,1,2,2,2,2,2,3,2,2,2,2,2,2,2,2,2,2,0,0,0
2008,41,51,1,410155,1,10,2,2,1,1,4,1,4,2,1,2,3,2,2,2,2,2,2,2,3,2,2,2,2,2,2,2,2,2,2,0,0,0
2008,41,59,1,410156,1,10,2,2,4,2,5,2,1,2,2,2,1,2,2,2,2,2,1,2,1,2,2,2,2,2,2,2,1,2,2,0,0,0
2008,41,43,1,410158,1,10,1,2,4,2,3,2,1,2,1,2,1,2,2,2,2,2,1,2,1,2,2,2,2,2,2,2,1,2,2,0,0,0
2008,41,43,1,410159,1,10,2,2,1,2,4,2,4,2,1,2,2,1,2,2,2,2,2,2,3,2,2,2,2,2,2,2,2,2,2,0,0,0
2008,41,39,1,410160,1,10,2,2,1,2,3,2,1,2,1,2,1,2,2,2,2,2,2,2,3,2,2,2,2,2,2,2,2,2,2,0,0,0
2008,41,43,1,410161,1,10,1,2,4,2,5,2,1,2,2,2,1,2,1,1,2,2,2,2,2,2,2,2,2,2,2,2,1,2,2,0,0,0
2008,41,11,1,410162,1,10,1,2,4,2,5,2,1,2,2,2,1,2,2,2,2,2,1,2,1,2,2,2,2,2,2,2,1,2,2,0,0,0
2008,41,5,1,410163,1,10,1,2,4,2,5,2,1,2,2,2,1,2,2,1,2,2,2,2,1,2,2,2,2,2,2,2,1,2,2,0,0,0
2008,41,51,1,410164,1,10,2,3,4,2,7,3,1,1,2,2,1,2,2,1,2,2,1,2,2,2,2,2,2,2,1,1,1,2,2,0,0,0
2008,41,39,1,410165,1,10,1,2,4,2,6,2,1,2,1,2,1,2,2,2,2,2,1,2,1,2,2,2,2,2,2,2,1,2,2,0,0,0
2008,41,47,1,410166,1,10,2,2,1,2,5,3,4,1,1,2,2,2,2,2,2,2,2,2,1,2,2,2,2,1,2,2,2,2,2,0,0,0
2008,41,5,1,410167,1,10,1,2,1,2,5,2,2,2,1,2,2,2,1,2,2,2,2,2,3,2,2,2,2,2,2,2,2,2,2,0,0,0
2008,41,49,1,410168,1,10,1,2,1,1,3,1,4,1,1,2,2,2,1,2,2,2,2,2,3,2,2,2,2,2,2,2,2,2,2,0,0,0
2008,41,67,1,410169,1,10,2,1,2,2,1,2,1,2,2,2,1,2,1,2,2,2,2,2,2,2,2,2,2,2,2,2,2,2,2,0,0,0
2008,41,19,1,410170,1,10,1,1,1,2,1,2,2,1,2,2,3,2,2,2,2,2,2,2,3,2,2,2,2,1,2,2,2,1,2,0,0,0
2008,41,43,1,410171,1,10,1,2,4,2,5,2,1,2,1,2,1,2,2,1,2,2,1,2,1,2,2,2,2,2,1,1,1,2,2,0,0,0
2008,41,45,1,410172,1,10,1,2,4,1,5,1,1,1,2,2,1,2,2,2,2,2,1,2,2,2,2,2,2,2,2,2,1,2,2,0,0,0
2008,41,21,1,410173,1,10,1,1,1,2,1,2,3,2,2,2,2,2,2,1,2,2,1,2,2,2,2,2,2,2,2,2,2,2,2,0,0,0
2008,41,71,1,410174,1,10,1,2,1,2,3,2,2,1,1,2,2,2,2,2,2,2,2,2,3,2,2,2,2,2,2,2,2,2,2,0,0,0
2008,41,71,1,410175,1,10,1,2,4,2,4,2,1,1,2,2,1,2,2,2,2,2,2,2,2,2,2,2,2,1,2,2,1,2,2,0,0,0
2008,41,43,1,410176,1,10,1,2,4,2,5,2,1,3,2,2,1,2,2,2,2,2,1,2,1,2,2,2,2,2,2,2,1,2,2,0,0,0
2008,41,59,1,410177,1,10,1,2,4,1,6,1,1,2,2,2,1,2,2,1,2,2,1,2,1,2,2,2,2,2,2,2,2,2,2,0,0,0
2008,41,3,1,410178,1,10,1,2,1,2,4,2,4,2,1,2,2,2,2,2,2,2,1,2,1,2,2,2,2,2,1,1,1,2,1,0,0,0
2008,41,27,1,410179,1,10,2,1,1,2,1,2,2,2,1,2,2,1,2,1,2,2,2,2,3,2,2,2,2,2,1,1,2,2,2,0,0,0
2008,41,39,1,410180,1,10,1,2,4,2,5,2,1,3,2,2,1,2,1,2,2,2,2,2,1,2,2,2,2,2,2,2,1,2,2,0,0,0
2008,41,47,1,410181,1,10,1,2,4,2,4,2,1,2,1,2,1,2,2,2,2,2,2,2,2,2,2,2,2,2,2,2,1,2,2,0,0,0
2008,41,59,1,410182,1,10,1,2,1,1,3,1,4,1,2,2,2,2,1,1,2,2,2,2,1,2,2,2,2,2,2,2,2,1,2,0,0,0
2008,41,39,1,410183,1,10,1,2,1,2,5,2,3,2,2,2,2,2,2,1,2,2,1,2,1,2,2,2,2,2,1,1,2,2,2,0,0,0
2008,41,67,1,410184,1,10,1,2,1,2,5,2,3,2,2,2,2,1,2,1,2,2,2,2,1,2,2,2,2,2,1,1,1,2,2,0,0,0
2008,41,51,1,410185,1,10,2,2,4,2,6,2,5,2,2,2,1,2,2,1,2,2,2,2,2,2,2,2,2,2,2,2,1,2,2,0,0,0
2008,41,51,1,410186,1,10,2,2,1,2,3,2,4,1,1,2,3,2,2,2,2,2,2,2,3,2,2,2,2,2,1,1,1,2,2,0,0,0
2008,41,47,1,410187,1,10,2,2,1,1,3,1,4,1,1,2,2,2,2,2,2,2,2,2,2,2,2,2,2,1,1,1,2,2,2,0,0,0
2008,41,47,1,410188,1,10,1,2,1,2,5,2,3,1,1,2,3,1,1,1,2,2,2,2,3,2,2,2,2,1,2,2,1,2,2,0,0,0
2008,41,43,1,410189,1,10,1,2,1,1,5,1,4,1,1,2,2,1,2,2,2,2,2,2,2,1,1,1,1,2,2,1,2,2,2,0,0,0
2008,41,67,1,410190,1,10,2,2,1,1,4,1,4,1,1,2,3,2,2,2,2,2,2,2,3,2,2,2,2,2,2,2,2,2,2,0,0,0
2008,41,5,1,410191,1,10,1,2,4,2,4,2,1,1,1,2,1,2,1,2,2,2,2,2,2,2,2,2,2,2,2,2,1,2,2,0,0,0
2008,41,15,1,410192,1,10,1,2,4,2,6,2,1,2,1,2,1,2,2,1,2,2,1,1,3,2,2,2,2,2,2,2,1,2,2,0,0,0
2008,41,47,1,410193,1,10,1,2,4,2,5,2,1,2,2,2,1,2,2,1,2,2,1,2,1,2,2,2,2,2,2,2,1,2,2,0,0,0
2008,41,27,1,410194,1,10,1,2,1,2,3,2,3,2,2,2,2,1,2,2,2,2,2,2,1,2,2,2,2,2,1,1,1,2,2,0,0,0
2008,41,47,1,410195,1,10,1,2,4,2,6,2,1,2,1,2,1,2,2,2,2,2,1,2,2,2,2,1,1,2,2,1,1,2,2,0,0,0
2008,41,11,2,410196,1,10,1,2,1,2,3,2,4,1,1,2,2,2,2,2,2,2,2,2,2,2,2,2,2,1,2,2,1,2,2,0,0,0
2008,41,19,1,410197,1,10,1,1,3,2,1,2,1,2,2,2,1,2,2,2,2,2,1,2,2,2,2,2,2,2,2,2,1,2,1,0,0,0
2008,41,5,1,410198,1,10,1,2,1,2,5,2,1,2,2,2,1,2,2,2,1,2,2,2,2,2,2,2,2,2,2,2,2,2,2,0,0,0
2008,41,31,2,410199,1,10,1,2,4,2,6,2,1,3,2,2,1,2,2,1,2,2,2,2,2,1,1,1,1,2,2,1,1,2,2,1,0,1
2008,41,71,1,410200,1,10,1,2,1,1,5,1,4,1,2,2,2,2,1,1,2,2,2,2,2,2,2,2,2,2,2,2,2,2,2,0,0,0
2008,41,17,1,410201,1,10,2,2,2,2,6,2,1,1,1,2,1,2,2,2,2,1,2,2,2,2,2,2,2,2,2,2,1,2,2,0,0,0
2008,41,5,2,410203,1,10,1,2,1,2,5,3,1,2,2,2,1,2,2,2,2,2,2,2,2,2,2,2,2,2,2,2,2,2,2,0,0,0
2008,41,63,1,410204,1,10,1,2,4,2,6,2,1,1,1,2,1,2,2,2,2,2,2,2,3,1,1,1,1,2,2,1,1,2,2,0,0,0
2008,41,19,2,410205,1,10,1,2,4,2,5,2,1,3,2,2,1,2,1,2,2,2,2,2,1,2,2,2,2,2,2,2,1,2,2,0,0,0
2008,41,29,1,410206,1,10,1,2,4,2,4,2,1,1,2,2,1,2,2,1,2,2,1,2,1,1,1,1,1,2,2,1,1,2,2,0,0,0
2008,41,31,1,410207,1,10,1,2,1,2,3,2,3,2,2,2,2,2,2,2,2,2,2,2,1,2,2,2,2,2,2,2,1,2,1,0,0,0
2008,41,31,1,410208,1,10,1,2,1,2,5,2,4,1,1,2,2,2,2,2,2,2,2,2,1,1,1,1,1,2,2,1,1,2,2,0,0,0
2008,41,35,1,410209,1,10,1,2,1,2,3,2,1,1,1,2,1,2,2,2,2,2,1,2,2,2,2,2,2,1,2,2,1,2,2,0,0,0
2008,41,5,1,410210,1,10,1,2,1,1,4,1,4,1,1,2,2,1,2,2,2,2,2,2,2,2,2,2,2,2,2,2,2,2,2,0,0,0
2008,41,35,2,410211,1,10,1,2,1,2,3,2,3,1,2,2,2,2,2,2,2,2,2,2,3,2,2,2,2,1,2,2,1,2,2,0,0,0
2008,41,47,1,410212,1,10,1,2,4,2,4,2,1,1,1,2,1,2,2,2,2,2,2,2,2,2,2,2,2,2,1,1,1,2,2,0,0,0
2008,41,3,3,410213,1,10,2,2,4,2,3,2,1,2,2,2,1,2,2,2,2,2,1,2,2,2,2,2,2,2,2,2,1,2,2,0,0,0
2008,41,63,1,410214,1,10,1,2,1,2,5,2,2,1,2,2,2,2,1,2,2,2,2,2,3,2,2,2,2,2,2,2,2,2,2,0,0,0
2008,41,9,2,410215,1,10,1,2,4,2,5,2,1,2,2,2,1,2,2,1,2,2,2,2,1,2,2,2,2,2,1,1,1,2,2,0,0,0
2008,41,35,1,410216,1,10,2,2,1,1,5,1,4,1,1,2,2,2,2,2,2,2,2,2,3,2,2,2,2,2,2,2,2,2,2,0,0,0
2008,41,29,1,410217,1,10,1,2,4,2,3,2,1,1,1,2,1,2,1,2,2,2,2,2,2,2,2,2,2,2,2,2,1,2,2,0,0,0
2008,41,47,1,410218,1,10,1,2,4,2,3,2,1,2,1,2,1,2,2,2,2,2,1,2,2,2,2,2,2,2,1,1,1,2,2,0,0,0
2008,41,33,2,410219,1,10,1,2,4,2,6,2,1,1,1,2,1,2,2,1,2,2,2,2,1,2,2,2,2,2,2,2,1,2,2,0,0,0
2008,41,9,1,410220,1,10,1,2,1,1,3,1,2,1,1,2,2,1,2,1,2,2,2,2,2,2,2,2,2,2,2,2,2,2,2,0,0,0
2008,41,19,1,410221,1,10,1,2,4,2,5,2,1,1,1,2,1,2,2,2,2,2,1,2,1,2,2,2,2,2,2,2,1,2,2,0,0,0
2008,41,67,1,410222,1,10,1,2,4,2,3,2,1,2,1,2,1,2,2,2,2,2,2,2,1,2,2,2,2,2,2,2,1,2,2,0,0,0
2008,41,47,1,410223,1,10,1,2,4,2,6,2,1,1,1,2,1,2,1,2,2,2,2,2,2,2,2,2,2,2,2,2,1,2,2,0,0,0
2008,41,41,1,410224,1,10,1,2,1,2,3,2,3,1,1,2,2,2,2,1,2,2,2,2,1,2,2,2,2,2,2,2,1,2,2,0,0,0
2008,41,5,1,410225,1,10,1,2,4,2,5,2,1,2,2,2,1,2,2,1,2,2,1,2,1,2,2,2,2,2,2,2,1,2,2,0,0,0
2008,41,67,2,410226,1,10,2,2,4,1,5,1,1,2,2,2,1,2,2,2,2,2,2,2,2,2,2,2,2,2,2,2,2,2,2,0,0,0
2008,41,37,1,410227,1,10,1,2,4,2,3,2,1,1,2,2,1,2,2,1,2,2,1,2,1,2,2,2,2,2,2,2,1,2,2,0,0,0
2008,41,51,2,410228,1,10,2,2,1,1,4,1,1,2,2,2,1,2,2,1,2,2,1,2,1,2,2,2,2,2,2,2,2,2,2,0,0,0
2008,41,23,1,410229,1,10,1,2,4,2,5,2,1,1,2,2,1,2,2,2,2,2,1,2,2,2,2,2,2,2,2,2,1,2,2,0,0,0
2008,41,71,1,410230,1,10,1,2,4,2,5,2,1,1,2,2,1,2,2,1,2,2,2,2,1,2,2,2,2,2,2,2,1,2,2,0,0,0
2008,41,19,1,410231,1,10,1,2,4,2,3,2,1,1,2,2,1,2,2,2,2,2,2,2,2,2,2,2,2,2,2,2,1,2,2,0,0,0
2008,41,31,1,410232,1,10,1,2,4,2,3,2,1,1,2,2,1,2,2,2,2,2,1,2,3,2,2,2,2,2,1,1,1,2,2,0,0,0
2008,41,13,1,410233,1,10,1,2,4,2,6,2,1,3,3,2,1,2,2,2,2,2,1,2,2,2,2,2,2,2,2,2,1,2,2,0,0,0
2008,41,17,1,410234,1,10,2,2,1,1,5,1,4,1,2,2,2,2,2,2,2,2,2,2,3,2,2,2,2,1,2,2,2,2,2,0,0,0
2008,41,5,1,410235,1,10,1,2,4,2,6,2,1,2,2,2,1,2,2,1,2,2,2,2,1,2,2,2,2,2,2,2,1,2,2,0,0,0
2008,41,11,1,410236,1,10,1,2,1,2,3,2,1,1,2,2,1,2,2,2,2,2,2,2,2,2,2,2,2,2,2,2,2,2,2,0,0,0
2008,41,9,1,410237,1,10,1,2,4,2,5,2,1,1,1,1,1,2,2,2,2,2,2,2,1,1,1,1,1,2,2,1,1,2,2,0,0,0
2008,41,15,1,410238,1,10,1,2,1,2,3,2,1,2,1,1,1,2,2,2,1,2,2,2,3,2,2,2,2,2,2,2,2,2,2,0,0,0
2008,41,47,1,410239,1,10,1,1,3,2,1,2,1,1,1,2,1,2,1,2,2,2,2,2,2,2,2,2,2,2,2,2,1,2,2,0,0,0
2008,41,29,1,410240,1,10,1,2,4,2,4,2,1,2,2,2,1,2,2,1,2,2,2,2,1,2,2,2,2,2,2,2,1,2,2,0,0,0
2008,41,39,1,410241,1,10,1,2,4,2,5,2,1,2,2,2,1,2,1,1,2,2,2,2,1,2,2,2,2,2,2,2,1,2,2,0,0,0
2008,41,61,1,410242,1,10,1,1,4,2,1,2,1,2,1,1,1,2,2,1,2,2,1,2,2,1,1,1,1,2,2,1,1,2,1,0,0,0
2008,41,11,1,410243,1,10,1,2,4,2,4,2,1,2,2,2,1,2,1,1,2,2,2,2,1,2,2,2,2,2,2,2,1,2,2,0,0,0
2008,41,29,1,410244,1,10,1,2,1,2,4,2,1,1,2,2,1,2,1,2,2,2,2,2,2,2,2,2,2,1,2,2,2,2,2,0,0,0
2008,41,71,1,410245,1,10,1,2,4,1,6,1,1,1,1,2,1,2,2,2,2,2,1,2,2,2,2,2,2,2,1,1,2,2,2,0,0,0
2008,41,5,1,410246,1,10,1,2,4,2,5,2,1,2,1,2,1,2,2,1,2,2,2,2,2,2,2,2,2,2,2,2,1,2,2,0,0,0
2008,41,33,1,410247,1,10,2,2,1,2,3,2,1,2,2,2,3,2,2,2,1,2,2,2,3,2,2,2,2,1,2,2,2,2,2,0,0,0
2008,41,37,1,410248,1,10,1,2,4,2,5,2,1,2,2,2,1,2,2,1,2,2,1,2,1,2,2,2,2,2,2,2,1,2,2,0,0,0
2008,41,67,1,410249,1,10,1,2,4,2,5,2,1,2,1,2,1,2,2,2,2,2,2,2,2,2,2,2,2,2,2,2,1,2,2,0,0,0
2008,41,19,1,410250,1,10,2,1,1,2,1,2,1,2,1,2,1,2,2,2,1,2,2,2,2,2,2,2,2,1,2,2,2,2,2,0,0,0
2008,41,53,1,410251,1,10,1,2,1,2,4,2,3,1,1,2,2,1,2,1,2,2,2,2,2,1,1,1,1,2,2,1,1,2,2,0,0,0
2008,41,17,1,410252,1,10,1,2,4,2,3,2,1,1,1,2,1,2,2,2,2,2,2,2,2,2,2,2,2,2,2,2,1,2,2,0,0,0
2008,41,43,1,410253,1,10,1,2,4,2,5,2,1,2,1,2,1,2,1,2,2,2,2,2,1,2,2,2,2,2,2,2,1,2,2,0,0,0
2008,41,11,1,410254,1,10,1,2,1,1,3,1,4,1,1,2,2,1,2,2,2,2,2,2,2,2,2,2,2,1,2,2,2,2,2,0,0,0
2008,41,47,1,410255,1,10,2,2,1,1,3,1,1,1,1,2,1,2,2,2,1,2,2,2,3,2,2,2,2,1,2,2,2,2,2,0,0,0
2008,41,57,1,410256,1,10,1,2,4,2,3,2,1,1,1,2,2,1,2,2,2,2,2,2,2,2,2,2,2,1,2,2,1,2,2,0,0,0
2008,41,29,1,410257,1,10,1,1,4,2,1,2,2,1,1,2,1,1,2,2,1,2,2,2,2,2,2,2,2,2,2,2,1,2,2,0,0,0
2008,41,67,1,410258,1,10,1,2,1,1,5,1,1,2,1,2,1,2,2,2,1,2,2,2,3,2,2,2,2,2,2,2,2,2,2,0,0,0
2008,41,19,1,410259,1,10,1,2,4,2,5,2,1,2,2,2,1,2,2,1,2,2,2,2,1,2,2,2,2,2,2,2,1,2,2,0,0,0
2008,41,23,1,410260,1,10,1,3,4,2,7,2,1,2,2,2,1,2,2,2,2,2,1,2,1,2,2,2,2,2,2,2,1,2,2,0,0,0
2008,41,57,1,410261,1,10,1,2,4,2,5,2,1,2,2,2,1,2,2,1,2,2,1,2,2,1,1,1,1,2,2,1,1,2,2,0,0,0
2008,41,71,1,410262,1,10,1,2,1,2,4,2,3,1,2,2,2,2,1,2,2,2,2,2,3,2,2,2,2,2,2,2,1,2,2,0,0,0
2008,41,17,1,410263,1,10,1,2,4,2,3,2,1,1,2,2,1,2,2,2,2,2,1,2,2,2,2,1,1,2,2,1,1,2,2,0,0,0
2008,41,39,1,410264,1,10,1,2,4,2,3,2,1,1,2,2,1,2,1,1,2,2,2,1,2,2,2,2,2,2,2,2,1,2,2,0,0,0
2008,41,51,1,410265,1,10,2,2,4,1,5,1,1,2,1,2,1,2,1,1,2,2,2,2,2,2,2,2,2,2,1,1,2,2,2,0,0,0
2008,41,29,1,410266,1,10,1,2,1,2,5,2,1,2,1,2,1,2,1,2,2,2,2,2,1,2,2,2,2,1,2,2,2,2,2,0,0,0
2008,41,57,1,410267,1,10,1,2,1,2,3,2,3,1,1,2,2,2,2,2,2,2,2,2,3,2,2,2,2,1,2,2,1,2,1,0,0,0
2008,41,51,1,410268,1,10,2,2,1,1,5,1,1,2,1,2,1,1,2,2,1,2,2,2,2,2,2,2,2,2,2,2,2,2,2,0,0,0
2008,41,3,1,410269,1,10,1,2,1,1,5,1,1,1,1,2,1,1,2,2,2,1,2,2,2,2,2,2,2,2,2,2,2,2,2,0,0,0
2008,41,33,1,410270,1,10,1,2,1,2,5,2,1,2,2,2,1,2,2,2,1,2,2,2,2,2,2,2,2,2,2,2,2,2,2,0,0,0
2008,41,19,1,410271,1,10,1,2,1,2,4,2,4,1,1,2,2,2,2,1,2,2,2,2,2,2,2,2,2,1,2,2,1,1,2,0,0,0
2008,41,19,1,410272,1,10,1,2,4,2,3,2,1,1,1,2,1,2,2,2,2,2,1,2,2,2,2,2,2,2,2,2,1,2,2,0,0,0
2008,41,51,1,410273,1,10,2,2,4,1,3,1,1,2,2,2,1,2,2,1,2,2,2,2,1,2,2,2,2,2,2,2,2,2,2,0,0,0
2008,41,35,1,410274,1,10,1,2,1,2,3,2,3,2,2,2,2,1,2,2,2,2,2,2,2,2,2,2,2,2,2,2,1,2,1,0,0,0
2008,41,19,1,410275,1,10,1,2,1,2,4,2,1,2,2,2,2,2,2,2,2,2,2,2,3,2,2,2,2,2,1,1,2,2,2,0,0,0
2008,41,67,1,410276,1,10,2,2,1,1,3,1,4,2,2,2,2,2,2,2,2,2,2,2,3,2,2,2,2,2,2,2,2,2,2,0,0,0
2008,41,29,1,410277,1,10,2,2,1,1,5,1,4,1,1,2,2,2,1,2,2,2,2,2,2,2,2,2,2,1,2,2,2,2,2,0,0,0
2008,41,63,2,410278,1,10,1,2,4,2,6,2,1,1,1,2,1,2,2,2,2,2,1,2,1,2,2,2,2,1,2,2,1,2,2,0,0,0
2008,41,53,1,410279,1,10,2,2,4,2,3,2,1,2,2,2,1,2,2,1,2,2,2,2,1,2,2,2,2,2,2,2,1,2,2,0,0,0
2008,41,67,2,410280,1,10,2,2,4,2,5,2,1,2,1,2,1,2,2,1,2,2,1,2,1,2,2,2,2,2,1,1,1,2,2,0,0,0
2008,41,5,1,410281,1,10,2,2,1,1,4,1,4,2,2,2,2,2,2,1,2,2,1,2,1,2,2,2,2,2,1,1,2,2,2,0,0,0
2008,41,53,1,410282,1,10,1,2,4,2,4,2,1,2,1,2,1,2,2,2,2,2,2,2,2,2,2,2,2,2,2,2,1,2,2,0,0,0
2008,41,57,3,410283,1,10,1,2,4,2,5,2,1,2,2,2,1,2,2,1,1,2,2,2,1,2,2,2,2,2,1,1,1,2,2,0,0,0
2008,41,3,1,410284,1,10,2,2,1,1,4,1,1,1,1,2,1,2,2,2,1,1,2,2,2,2,2,2,2,2,2,2,2,2,2,0,0,0
2008,41,43,1,410285,1,10,1,2,4,2,5,2,1,2,1,2,1,2,2,2,2,2,2,2,1,2,2,2,2,2,1,1,1,2,2,0,0,0
2008,41,5,1,410286,1,10,1,2,1,2,3,2,3,1,2,2,2,2,1,1,2,2,2,2,3,2,2,2,2,2,2,2,1,2,2,0,0,0
2008,41,59,4,410287,1,10,1,1,2,2,1,2,2,2,2,2,1,2,2,1,2,2,2,2,1,2,2,2,2,2,2,2,1,2,2,1,0,1
2008,41,39,1,410288,1,10,1,2,4,2,6,2,1,1,1,2,1,2,2,1,2,2,1,2,1,2,2,2,2,2,2,2,1,2,2,0,0,0
2008,41,39,1,410289,1,10,1,2,4,2,3,2,1,2,2,2,1,1,2,2,2,2,2,2,1,2,2,2,2,2,2,2,1,2,2,0,0,0
2008,41,5,1,410290,1,10,1,2,4,2,5,2,1,1,1,2,1,2,2,1,2,2,1,2,1,2,2,2,2,2,2,2,1,2,2,0,0,0
2008,41,29,1,410291,1,10,1,2,4,2,6,2,1,2,2,2,1,2,1,1,2,2,2,2,1,2,2,2,2,1,2,2,1,2,2,0,0,0
2008,41,19,1,410292,1,10,1,2,4,2,6,2,1,2,2,2,1,2,2,2,2,2,1,2,1,2,2,2,2,2,2,2,1,2,2,0,0,0
2008,41,9,1,410293,1,10,1,2,4,2,5,2,1,2,2,2,1,2,2,2,2,2,1,2,1,2,2,2,2,2,2,2,1,2,2,0,0,0
2008,41,23,1,410294,1,10,1,2,1,2,6,2,1,1,2,2,1,2,2,2,2,2,1,2,3,2,2,2,2,2,2,2,1,2,2,0,0,0
2008,41,41,1,410295,1,10,1,2,1,2,5,2,1,2,2,1,1,2,2,2,1,2,2,2,3,2,2,2,2,2,2,2,2,2,2,0,0,0
2008,41,39,1,410296,1,10,2,2,3,2,3,2,1,1,1,2,1,2,2,2,2,2,1,2,2,2,2,2,2,2,2,2,1,2,2,0,0,0
2008,41,63,1,410297,1,10,1,2,4,2,6,2,1,1,1,2,1,2,2,2,2,2,1,2,2,2,2,2,2,1,2,2,1,2,2,0,0,0
2008,41,29,1,410298,1,10,1,2,4,1,5,1,1,2,2,2,1,2,2,2,2,2,2,2,1,2,2,2,2,2,2,2,2,2,2,0,0,0
2008,41,53,2,410299,1,10,1,2,1,1,3,1,4,1,1,2,2,2,2,2,2,2,2,2,3,2,2,2,2,1,2,2,2,2,2,0,0,0
2008,41,67,1,410300,1,10,2,2,2,2,3,2,2,2,2,2,1,2,2,2,2,2,1,2,2,2,2,2,2,2,2,2,1,2,2,0,0,0
2008,41,39,1,410301,1,10,2,2,1,1,3,1,4,1,2,2,2,2,2,2,2,2,2,2,3,2,2,2,2,1,2,2,2,2,2,0,0,0
2008,41,13,1,410302,1,10,1,2,1,2,6,2,1,1,1,2,1,2,2,2,2,2,2,2,2,2,2,2,2,1,2,2,2,2,2,0,0,0
2008,41,37,2,410303,1,10,1,2,4,2,6,2,1,3,2,2,1,2,2,1,2,2,1,2,1,2,2,2,2,2,1,1,1,2,2,0,0,0
2008,41,1,1,410304,1,10,1,2,4,2,5,2,1,2,2,2,1,2,2,2,2,2,1,2,1,2,2,2,2,2,2,2,1,2,2,0,0,0
2008,41,41,1,410305,1,10,2,2,1,2,3,2,1,2,2,2,1,2,2,2,1,2,2,2,2,2,2,2,2,2,2,2,2,2,2,0,0,0
2008,41,45,1,410306,1,10,1,2,2,2,6,2,2,1,1,2,1,2,2,2,2,2,2,2,3,2,2,2,2,2,2,2,1,2,2,0,0,0
2008,41,51,1,410307,1,10,2,2,1,2,5,2,1,1,1,2,1,2,2,2,1,2,2,2,3,2,2,2,2,2,2,2,2,2,2,0,0,0
2008,41,67,1,410308,1,10,2,2,1,1,5,1,1,1,1,2,1,2,2,2,2,1,2,2,2,2,2,2,2,2,2,2,2,2,2,0,0,0
2008,41,5,1,410309,1,10,2,2,1,1,3,1,1,2,1,2,1,2,2,2,2,1,2,2,3,2,2,2,2,2,2,2,2,2,2,0,0,0
2008,41,47,1,410310,1,10,2,2,1,1,5,1,1,2,1,2,1,2,2,2,1,2,2,2,3,2,2,2,2,2,2,2,2,2,2,0,0,0
2008,41,41,1,410311,1,10,1,2,4,2,3,2,1,2,2,2,1,2,2,2,2,2,2,2,2,2,2,2,2,2,2,2,1,2,2,0,0,0
2008,41,47,1,410312,1,10,1,2,1,2,4,2,3,1,2,2,2,2,2,2,2,2,2,2,2,2,2,2,2,2,1,1,1,2,2,0,0,0
2008,41,19,1,410313,1,10,2,2,1,2,3,2,1,2,2,2,1,2,2,2,1,2,2,2,2,2,2,2,2,1,2,2,2,2,2,0,0,0
2008,41,33,1,410314,1,10,1,2,4,2,5,2,1,3,3,2,1,2,2,2,2,2,1,2,2,1,1,1,1,2,2,1,1,2,2,0,0,0
2008,41,35,2,410315,1,10,1,2,1,2,3,2,4,1,1,2,3,1,2,2,2,2,2,2,3,2,2,2,2,2,1,1,1,2,2,0,0,0
2008,41,1,2,410316,1,10,1,2,1,2,3,2,4,1,2,2,2,2,1,2,2,2,2,2,1,2,2,2,2,2,2,2,1,2,2,0,0,0
2008,41,39,1,410317,1,10,2,2,4,2,4,2,1,1,2,2,1,2,2,2,2,2,1,2,1,2,2,2,2,2,1,1,1,2,2,0,0,0
2008,41,29,1,410318,1,10,1,2,1,2,4,2,1,2,1,2,1,2,2,2,1,2,2,2,3,2,2,2,2,2,2,2,2,2,2,0,0,0
2008,41,17,1,410319,1,10,1,2,4,2,6,2,1,2,2,2,1,2,2,2,2,2,1,2,1,2,2,2,2,2,2,2,1,2,2,0,0,0
2008,41,1,1,410320,1,10,1,1,3,2,1,2,1,1,1,2,1,2,2,2,2,2,1,2,2,2,2,2,2,2,2,2,1,2,2,0,0,0
2008,41,47,1,410321,1,10,2,1,1,2,1,2,3,2,1,2,2,2,2,2,2,2,2,2,3,2,2,2,2,1,2,2,2,2,2,0,0,0
2008,41,39,1,410322,1,10,1,2,4,2,5,2,1,2,2,2,1,2,2,2,2,2,2,2,1,2,2,2,2,2,2,2,1,2,2,0,0,0
2008,41,33,1,410323,1,10,1,2,4,2,5,2,1,1,1,2,1,2,2,2,2,2,1,2,2,2,2,2,2,2,2,2,1,2,2,0,0,0
2008,41,29,1,410324,1,10,2,2,4,2,5,2,1,2,1,2,1,2,2,1,2,2,2,2,1,2,2,2,2,2,2,2,1,2,2,0,0,0
2008,41,53,2,410325,1,10,1,2,1,2,4,2,4,1,1,2,3,2,2,2,2,2,2,2,3,2,2,1,1,2,2,1,2,2,2,0,0,0
2008,41,43,1,410326,1,10,1,2,1,2,3,2,3,1,1,2,2,1,2,2,2,2,2,2,2,2,2,2,2,2,2,2,1,2,2,0,0,0
2008,41,53,1,410327,1,10,1,2,1,2,3,2,3,1,1,2,3,2,2,2,2,2,2,2,2,2,2,2,2,2,2,2,1,2,2,0,0,0
2008,41,39,1,410328,1,10,1,2,4,2,5,2,1,1,2,2,1,2,2,2,2,2,1,2,2,2,2,2,2,2,2,2,1,2,2,0,0,0
2008,41,33,1,410329,1,10,1,2,1,1,3,1,1,2,2,2,1,2,2,2,2,1,2,2,2,2,2,2,2,2,2,2,2,2,2,0,0,0
2008,41,5,1,410330,1,10,1,2,1,2,5,3,4,1,1,2,2,2,1,2,2,2,2,2,3,2,2,2,2,2,2,2,2,2,2,0,0,0
2008,41,9,1,410331,1,10,1,2,2,2,3,2,1,1,1,2,1,2,2,2,2,2,1,2,3,2,2,2,2,2,2,2,1,2,2,0,0,0
2008,41,47,1,410332,1,10,1,1,1,2,1,2,1,1,1,2,1,2,2,2,1,2,2,2,2,2,2,2,2,2,1,1,2,2,2,0,0,0
2008,41,51,1,410334,1,10,2,1,4,2,1,2,1,2,2,2,1,2,2,1,2,2,1,2,1,2,2,2,2,2,1,1,1,2,2,0,0,0
2008,41,17,2,410335,1,10,1,2,1,2,3,2,3,1,1,2,2,2,2,2,2,2,2,2,2,2,2,2,2,2,2,2,1,2,2,0,0,0
2008,41,71,1,410336,1,10,1,2,1,1,3,1,2,1,1,2,3,1,2,2,2,2,2,2,2,2,2,2,2,2,2,2,2,2,2,0,0,0
2008,41,53,1,410337,1,10,1,2,1,2,4,2,3,1,1,2,2,2,2,2,2,2,2,2,2,2,2,2,2,2,2,2,1,2,2,0,0,0
2008,41,39,1,410338,1,10,1,2,4,2,5,2,1,2,1,2,1,2,2,1,2,2,2,2,1,2,2,2,2,2,2,2,1,2,2,0,0,0
2008,41,43,1,410339,1,10,1,2,1,1,3,1,4,1,1,2,2,2,2,2,2,2,2,2,3,2,2,2,2,1,2,2,2,2,2,0,0,0
2008,41,3,1,410340,1,10,1,2,1,2,5,2,3,1,1,2,2,1,2,2,2,2,2,2,2,2,2,2,2,2,2,2,1,2,2,0,0,0
2008,41,51,1,410341,1,10,2,2,1,1,4,1,1,1,1,2,1,2,2,2,1,2,2,2,3,2,2,2,2,2,2,2,2,2,2,0,0,0
2008,41,59,1,410342,1,10,2,2,1,1,3,1,1,1,1,2,1,2,2,2,1,2,2,2,3,2,2,2,2,2,2,2,2,2,2,0,0,0
2008,41,17,2,410343,1,10,2,2,1,1,3,1,4,2,2,2,2,1,2,2,2,2,2,2,1,2,2,2,2,2,1,1,2,2,2,0,0,0
2008,41,51,1,410344,1,10,2,2,1,1,4,1,1,2,2,2,1,2,2,2,1,2,2,2,1,2,2,2,2,2,2,2,2,2,2,0,0,0
2008,41,29,1,410345,1,10,1,2,4,2,5,2,1,1,1,2,1,2,2,2,2,2,2,2,2,2,2,2,2,1,2,2,1,2,2,0,0,0
2008,41,33,1,410346,1,10,2,2,1,1,5,1,1,1,1,2,1,1,2,2,2,1,2,2,2,2,2,2,2,1,2,2,2,2,2,0,0,0
2008,41,11,1,410347,1,10,2,2,1,2,5,2,1,2,2,2,1,2,2,2,1,2,2,2,3,2,2,2,2,1,2,2,2,2,2,0,0,0
2008,41,37,1,410348,1,10,1,2,4,2,5,2,1,1,1,2,1,2,2,2,2,2,1,2,2,2,2,2,2,2,2,2,1,2,2,0,0,0
2008,41,57,1,410349,1,10,1,2,4,2,5,2,1,3,1,2,1,2,2,2,2,2,1,2,1,2,2,2,2,2,2,2,1,2,2,0,0,0
2008,41,51,1,410350,1,10,2,2,1,2,5,2,1,1,1,2,1,2,2,2,1,2,2,2,2,2,2,2,2,2,2,2,2,2,2,0,0,0
2008,41,51,1,410351,1,10,2,1,3,2,1,2,1,2,1,2,3,2,2,1,2,2,2,2,1,2,2,2,2,2,1,1,1,2,2,0,0,0
2008,41,33,1,410352,1,10,2,2,1,1,4,1,1,1,1,1,1,2,2,2,1,2,2,2,3,2,2,2,2,2,2,2,2,2,2,0,0,0
2008,41,35,1,410353,1,10,2,2,1,2,3,2,5,2,2,2,2,1,2,2,2,2,2,2,1,2,2,2,2,2,2,2,1,2,2,0,0,0
2008,41,17,1,410354,1,10,1,2,4,2,3,2,1,1,1,2,1,2,2,1,2,2,1,2,2,2,2,2,2,2,2,2,1,2,2,0,0,0
2008,41,13,1,410355,1,10,1,2,4,2,6,2,1,2,2,2,1,2,2,1,2,2,1,2,3,2,2,2,2,2,1,1,1,2,2,0,0,0
2008,41,59,1,410356,1,10,2,2,1,1,6,1,1,1,1,2,1,1,2,2,1,2,2,2,2,2,2,2,2,2,2,2,2,2,2,0,0,0
2008,41,57,1,410357,1,10,1,2,4,2,3,2,1,3,2,2,1,2,2,2,2,2,1,2,2,2,2,2,2,2,1,1,1,2,2,0,0,0
2008,41,71,1,410358,1,10,1,2,1,2,5,2,1,1,1,2,1,2,2,2,1,2,2,2,2,2,2,2,2,2,2,2,2,2,2,0,0,0
2008,41,61,1,410359,1,10,1,1,2,2,1,2,2,1,2,2,1,2,2,1,2,2,2,2,2,2,2,2,2,2,2,2,1,2,2,0,0,0
2008,41,47,1,410360,1,10,2,2,1,2,3,2,4,1,2,2,2,2,2,1,2,2,2,2,2,2,2,2,2,2,2,2,1,2,2,0,0,0
2008,41,5,1,410361,1,10,1,2,4,2,6,2,1,1,2,2,1,2,2,1,2,2,1,2,1,2,2,2,2,2,2,2,1,2,2,0,0,0
2008,41,29,1,410362,1,10,1,2,4,2,4,2,1,2,1,2,1,2,2,1,2,2,1,2,1,2,2,2,2,2,1,1,1,2,2,0,0,0
2008,41,15,1,410363,1,10,1,2,4,2,6,2,1,2,1,2,1,2,2,2,2,2,1,2,1,2,2,2,2,2,2,2,1,2,2,0,0,0
2008,41,5,1,410364,1,10,2,2,1,2,3,2,1,2,2,2,1,2,2,2,1,2,2,2,3,2,2,2,2,2,1,1,2,2,2,0,0,0
2008,41,41,1,410365,1,10,1,2,4,2,3,2,1,2,2,2,2,2,2,2,2,2,2,2,3,2,2,2,2,2,2,2,1,2,2,0,0,0
2008,41,33,1,410366,1,10,1,2,2,1,6,1,3,2,2,2,1,2,2,2,1,2,2,2,1,2,2,2,2,1,2,2,2,2,2,0,0,0
2008,41,5,1,410367,1,10,2,1,4,2,1,3,1,2,2,2,1,1,2,1,2,2,1,2,1,2,2,2,2,2,2,2,1,2,2,0,0,0
2008,41,33,1,410368,1,10,1,2,4,2,6,2,1,1,1,2,1,2,2,1,2,2,1,2,1,2,2,2,2,2,2,2,1,2,2,0,0,0
2008,41,35,1,410369,1,10,1,2,4,2,3,2,1,1,1,2,1,2,2,2,2,2,1,2,2,2,2,2,2,1,2,2,1,2,2,0,0,0
2008,41,57,1,410370,1,10,1,2,1,2,5,2,1,1,1,2,1,2,2,2,2,1,2,2,2,2,2,2,2,2,2,2,2,2,1,0,0,0
2008,41,71,1,410372,1,10,1,2,1,2,4,2,4,1,2,2,3,2,2,1,2,2,2,2,3,2,2,2,2,2,1,1,1,2,2,0,0,0
2008,41,39,1,410373,1,10,2,2,4,2,4,2,1,1,1,2,1,2,2,2,2,2,2,2,3,2,2,2,2,1,2,2,1,2,2,0,0,0
2008,42,11,1,420001,1,2,1,2,4,2,5,2,1,2,2,2,1,2,2,1,2,2,2,2,1,2,2,2,2,2,2,2,1,2,2,0,0,0
2008,42,125,1,420002,1,2,2,1,2,2,1,2,1,1,1,2,1,2,1,1,2,2,2,2,2,2,2,2,2,2,2,2,1,2,2,0,0,0
2008,42,19,1,420003,1,2,1,1,2,2,1,2,1,1,1,2,1,1,2,1,2,2,1,2,2,2,2,2,2,2,2,2,1,2,2,0,0,0
2008,42,121,1,420004,1,2,1,2,2,2,5,2,1,1,1,2,1,2,2,1,2,2,1,2,3,2,2,2,2,2,2,2,1,1,2,0,0,0
2008,42,111,1,420005,1,2,1,2,2,2,5,2,1,1,1,2,1,2,2,2,1,2,2,2,1,2,2,2,2,2,2,2,1,2,2,0,0,0
2008,42,129,1,420006,1,2,1,2,4,2,4,2,1,2,1,2,1,2,2,1,2,2,1,2,1,2,2,2,2,2,1,1,1,2,2,0,0,0
2008,42,129,2,420007,1,2,2,2,4,2,4,2,1,2,1,2,1,2,2,1,2,2,1,2,1,2,2,2,2,2,1,1,1,2,2,0,0,0
2008,42,35,1,420008,1,2,1,2,4,2,5,2,1,2,1,2,1,2,2,1,2,2,1,2,1,2,2,2,2,2,2,2,1,2,2,0,0,0
2008,42,107,1,420009,1,2,1,2,2,2,5,2,1,2,1,2,1,2,2,1,2,2,2,2,1,2,2,2,2,2,1,1,1,2,2,0,0,0
2008,42,57,1,420010,1,2,1,2,4,2,4,2,1,1,1,2,1,2,2,1,2,2,1,2,2,2,2,2,2,2,1,1,1,1,2,0,0,0
2008,42,11,1,420011,1,2,2,1,4,2,1,3,1,2,1,2,1,2,2,1,2,2,1,2,1,2,2,2,2,2,2,2,1,2,2,0,0,0
2008,42,69,1,420012,1,2,1,2,4,2,5,2,1,1,1,2,2,2,2,2,2,2,1,2,1,2,2,2,2,2,2,2,1,2,2,0,0,0
2008,42,105,1,420013,1,2,1,2,4,2,4,2,1,1,1,2,1,2,2,1,2,2,1,2,2,2,2,2,2,2,2,2,1,2,2,0,0,0
2008,42,31,1,420014,1,2,1,2,1,2,3,2,4,2,2,2,2,2,2,1,2,2,2,2,3,2,2,2,2,1,2,2,2,2,2,0,0,0
2008,42,121,1,420015,1,2,1,2,4,2,4,2,1,1,1,2,1,2,2,1,2,2,2,2,2,2,2,2,2,2,2,2,1,2,2,0,0,0
2008,42,89,1,420016,1,2,1,1,3,2,1,2,1,1,1,2,1,2,2,1,2,2,1,2,2,1,1,1,1,2,2,1,1,2,2,0,0,0
2008,42,71,1,420017,1,2,1,2,1,2,4,2,1,1,1,2,1,2,2,2,1,2,2,2,2,2,2,2,2,2,2,2,2,2,2,0,0,0
2008,42,43,1,420018,1,2,2,2,1,1,6,1,1,2,2,1,1,2,2,2,1,2,2,2,3,2,2,2,2,2,2,2,2,2,2,0,0,0
2008,42,47,1,420019,1,2,1,2,1,2,3,2,4,1,1,2,2,2,2,1,2,2,2,2,3,2,2,2,2,1,2,2,1,2,2,0,0,0
2008,42,33,1,420020,1,2,1,2,1,2,3,2,3,2,1,2,2,2,2,2,2,2,2,2,3,1,1,1,1,2,2,1,1,2,2,0,0,0
2008,42,19,1,420021,1,2,1,1,1,2,1,2,4,1,1,2,2,1,2,1,2,2,1,2,2,2,2,2,2,2,2,2,2,1,2,0,0,0
2008,42,49,1,420022,1,2,1,2,4,2,3,2,1,1,1,2,1,2,2,1,2,2,2,2,2,2,2,2,2,2,2,2,1,2,2,0,0,0
2008,42,99,1,420023,1,2,2,2,4,2,5,2,1,2,2,2,1,2,2,1,2,2,1,2,1,2,2,2,2,2,1,1,1,2,2,0,0,0
2008,42,1,1,420024,1,2,1,2,4,2,5,2,1,2,2,2,1,2,2,1,2,2,1,2,1,2,2,2,2,2,2,2,1,2,2,0,0,0
2008,42,117,1,420025,1,2,1,2,4,2,5,2,1,2,2,2,1,2,2,1,2,2,1,2,1,2,2,2,2,2,2,2,1,2,2,0,0,0
2008,42,79,1,420026,1,2,1,2,4,2,5,2,1,2,1,2,1,2,2,1,2,2,2,2,2,1,1,1,1,2,2,1,1,2,2,0,0,0
2008,42,25,1,420027,1,2,1,2,4,2,6,2,1,2,2,2,1,2,2,1,2,2,2,2,1,2,2,2,2,2,2,2,1,2,2,0,0,0
2008,42,95,1,420028,1,2,1,2,4,2,5,2,1,2,1,2,1,2,2,2,2,2,1,2,1,2,2,2,2,2,1,1,1,2,2,0,0,0
2008,42,133,1,420029,1,2,1,2,4,1,6,1,1,1,2,2,1,2,2,1,2,2,1,2,1,2,2,2,2,2,2,2,2,2,2,0,0,0
2008,42,55,1,420030,1,2,1,2,4,2,6,2,1,2,2,2,1,2,2,1,2,2,1,2,1,2,2,2,2,2,2,2,1,2,2,0,0,0
2008,42,95,1,420031,1,2,2,2,4,2,6,2,1,2,2,2,1,2,2,1,2,2,2,2,3,1,1,1,1,2,2,1,1,2,2,0,0,0
2008,42,109,1,420032,1,2,2,2,1,2,3,2,3,2,1,2,2,2,2,2,2,2,2,2,1,2,2,2,2,2,2,2,1,2,2,0,0,0
2008,42,11,1,420033,1,2,2,2,1,2,3,2,1,2,2,2,1,2,2,2,1,2,2,2,3,2,2,2,2,2,2,2,2,1,2,0,0,0
2008,42,1,1,420034,1,2,1,2,4,2,6,2,1,3,2,2,1,2,2,1,2,2,1,2,1,2,2,2,2,2,2,2,1,2,2,0,0,0
2008,42,9,1,420035,1,2,1,2,2,2,5,2,1,1,1,2,2,1,2,1,2,2,2,2,2,2,2,2,2,2,1,1,1,2,2,0,0,0
2008,42,79,2,420036,1,2,2,2,1,2,4,2,4,2,1,2,2,2,2,1,2,2,2,2,3,2,2,2,2,1,1,1,1,2,2,0,0,0
2008,42,111,1,420037,1,2,2,2,1,2,4,2,3,1,1,2,2,2,2,1,2,2,1,2,2,2,2,2,2,2,1,1,1,2,2,0,0,0
2008,42,51,1,420038,1,2,1,2,4,2,6,2,1,1,1,2,1,2,2,1,2,2,1,2,1,2,2,2,2,2,1,1,1,2,2,0,0,0
2008,42,101,1,420039,1,2,2,2,1,1,4,1,1,1,1,2,1,2,2,2,1,2,2,2,3,2,2,2,2,2,1,1,2,2,2,0,0,0
2008,42,107,1,420040,1,2,2,2,1,2,3,2,1,1,1,2,2,2,2,2,1,2,2,2,3,2,2,2,2,2,2,2,2,2,2,0,0,0
2008,42,101,1,420041,1,2,2,2,1,2,4,2,1,2,2,2,1,2,2,2,1,2,2,2,3,2,2,2,2,2,2,2,2,2,2,0,0,0
2008,42,101,1,420042,1,2,2,2,1,1,3,1,1,1,2,2,1,2,2,2,1,2,2,2,3,2,2,2,2,2,2,2,2,2,2,0,0,0
2008,42,29,1,420043,1,2,2,2,1,1,5,1,1,2,2,2,1,2,2,1,2,2,2,2,2,2,2,2,2,2,2,2,2,2,2,0,0,0
2008,42,17,1,420044,1,2,2,2,4,2,3,2,1,2,2,2,1,2,2,1,2,2,1,2,1,2,2,2,2,2,1,1,1,2,2,0,0,0
2008,42,17,1,420045,1,2,1,2,1,2,5,2,1,2,1,2,1,2,2,1,2,2,1,2,2,1,1,1,1,2,2,1,1,2,2,0,0,0
2008,42,49,1,420046,1,2,2,2,4,2,3,2,1,2,1,2,1,2,2,1,2,2,2,2,3,2,2,2,2,2,1,1,1,2,2,0,0,0
2008,42,49,1,420047,1,2,1,2,1,2,4,2,4,1,1,2,2,2,2,2,2,2,2,2,3,1,1,1,1,2,2,1,1,2,2,0,0,0
2008,42,79,1,420048,1,2,1,1,3,2,1,2,1,1,1,2,1,2,2,1,2,2,1,2,2,2,2,2,2,2,2,2,1,2,2,0,0,0
2008,42,133,1,420049,1,2,2,2,1,2,5,2,1,2,2,2,1,2,2,2,1,2,2,2,2,2,2,2,2,2,2,2,2,2,2,0,0,0
2008,42,13,1,420050,1,2,2,2,1,2,3,2,1,2,2,2,1,2,2,2,1,2,2,2,2,2,2,2,2,2,2,2,2,2,2,0,0,0
2008,42,71,1,420051,1,2,2,2,2,2,4,2,1,2,2,2,1,2,2,2,2,2,1,2,1,2,2,2,2,2,1,1,1,2,2,0,0,0
2008,42,33,1,420052,1,2,1,1,4,2,1,2,1,2,2,2,2,2,2,1,2,2,2,2,3,1,1,1,1,1,2,1,1,2,2,0,0,0
2008,42,125,1,420053,1,2,2,2,1,2,4,2,1,2,2,2,1,2,2,2,1,2,2,2,3,2,2,2,2,2,2,2,2,1,2,0,0,0
2008,42,101,1,420054,1,2,2,2,1,2,3,2,1,1,1,2,1,2,2,2,1,2,2,2,3,2,2,2,2,2,2,2,2,2,2,0,0,0
2008,42,69,1,420055,1,2,1,2,4,2,5,2,1,2,2,2,1,2,2,1,2,2,1,2,1,1,1,1,1,2,2,1,1,2,2,0,0,0
2008,42,89,1,420056,1,2,2,2,1,1,4,1,1,2,1,2,1,2,2,2,1,2,2,2,1,2,2,2,2,2,2,2,2,2,2,0,0,0
2008,42,129,1,420057,1,2,2,2,4,2,6,2,1,2,1,2,1,2,2,1,2,2,1,2,1,2,2,2,2,2,2,2,1,2,2,0,0,0
2008,42,101,1,420058,1,2,2,2,4,1,3,1,1,1,1,2,1,2,2,2,2,2,2,2,3,2,2,2,2,1,2,2,2,2,2,0,0,0
2008,42,49,1,420059,1,2,1,2,1,2,6,2,2,1,2,2,2,1,2,1,2,2,2,2,1,2,2,2,2,2,2,2,2,2,2,0,0,0
2008,42,7,1,420060,1,2,1,2,1,2,4,2,4,2,1,2,2,2,2,1,2,2,2,2,2,2,2,2,2,2,2,2,1,2,2,0,0,0
2008,42,129,1,420061,1,2,1,2,1,2,4,2,4,1,2,2,2,2,2,1,2,2,2,2,3,1,1,1,1,2,2,1,1,2,2,0,0,0
2008,42,41,2,420062,1,2,1,2,1,1,5,1,4,1,1,2,2,2,2,2,2,2,2,2,3,1,1,1,1,1,2,1,2,2,2,0,0,0
2008,42,59,1,420063,1,2,1,2,4,2,4,2,1,2,2,2,1,2,2,1,2,2,1,2,1,2,2,2,2,2,2,2,1,2,2,0,0,0
2008,42,17,1,420064,1,2,1,2,1,2,6,2,4,2,1,2,2,1,2,1,2,2,2,2,2,2,2,2,2,2,1,1,1,2,2,0,0,0
2008,42,59,1,420065,1,2,1,2,4,2,6,2,1,2,2,2,1,2,2,1,2,2,2,2,1,2,2,2,2,2,2,2,1,2,2,0,0,0
2008,42,101,1,420066,1,2,2,2,1,1,4,1,4,1,2,2,2,2,2,2,2,2,2,2,3,2,2,2,2,2,1,1,2,2,2,0,0,0
2008,42,29,1,420067,1,2,2,2,1,2,3,3,4,1,2,2,2,2,2,2,2,2,2,2,1,2,2,2,2,1,2,2,2,2,2,0,0,0
2008,42,129,1,420068,1,2,2,2,1,2,3,2,5,1,1,2,2,1,2,2,2,2,1,2,3,2,2,2,2,2,2,2,1,2,2,0,0,0
2008,42,45,1,420069,1,2,2,2,1,2,4,2,4,1,1,2,2,2,1,1,2,2,2,2,3,2,2,2,2,2,1,1,2,2,2,0,0,0
2008,42,85,1,420070,1,2,1,2,1,2,4,2,4,1,1,2,2,1,2,1,2,2,2,2,1,2,2,2,2,2,2,2,1,2,2,0,0,0
2008,42,77,1,420071,1,2,1,2,1,2,3,2,4,1,1,2,3,1,2,2,2,2,1,2,3,2,2,2,2,2,2,2,1,2,2,0,0,0
2008,42,41,1,420072,1,2,1,2,1,2,4,2,4,1,1,2,2,2,2,1,2,2,2,2,1,2,2,2,2,2,2,2,1,2,2,0,0,0
2008,42,3,1,420073,1,2,2,1,1,2,1,2,4,1,1,2,2,1,2,1,2,2,2,2,3,2,2,2,2,2,2,2,1,2,2,0,0,0
2008,42,1,1,420074,1,2,1,2,4,2,6,2,2,2,1,2,1,2,2,2,2,2,2,2,2,2,2,2,2,2,2,2,2,2,2,0,0,0
2008,42,101,3,420075,1,2,2,2,1,1,6,1,4,2,2,1,2,2,2,1,2,2,2,2,3,1,1,1,1,2,2,1,2,2,2,0,0,0
2008,42,107,1,420076,1,2,2,2,1,1,3,1,2,1,1,2,3,2,2,2,2,2,1,2,3,1,1,1,1,1,2,1,2,2,2,0,0,0
2008,42,107,1,420077,1,2,1,2,4,2,5,2,1,1,2,2,1,2,2,2,2,2,2,2,2,2,2,2,2,2,2,2,1,2,2,0,0,0
2008,42,103,1,420078,1,2,1,2,4,2,4,2,1,2,2,2,1,2,2,2,2,2,2,2,3,2,2,2,2,2,2,2,1,2,2,0,0,0
2008,42,77,1,420079,1,2,2,2,1,2,3,2,5,1,1,2,3,2,2,2,2,2,2,2,2,2,2,2,2,1,2,2,2,2,2,0,0,0
2008,42,85,1,420080,1,2,1,2,4,2,5,2,1,2,2,2,1,2,2,1,2,2,2,2,1,2,2,1,1,2,2,1,1,2,2,0,0,0
2008,42,115,1,420081,1,2,1,2,4,2,4,2,1,2,1,2,1,2,2,1,2,2,1,2,3,2,2,2,2,2,2,2,1,2,2,0,0,0
2008,42,75,1,420082,1,2,2,2,1,1,5,1,4,1,1,2,3,2,2,1,2,2,2,2,3,2,2,2,2,1,2,2,2,1,2,0,0,0
2008,42,127,1,420083,1,2,1,2,4,2,5,2,1,1,2,2,1,2,2,1,2,2,2,2,3,2,2,2,2,1,2,2,1,2,2,0,0,0
2008,42,33,1,420084,1,2,1,2,1,1,4,1,4,1,1,2,3,2,2,2,2,2,2,2,3,1,1,1,1,2,2,1,2,2,2,0,0,0
2008,42,115,1,420085,1,2,1,2,4,2,5,2,1,1,1,2,1,2,2,2,2,2,2,2,2,2,2,2,2,1,2,2,1,2,2,0,0,0
2008,42,25,1,420086,1,2,1,2,4,2,4,2,1,1,1,2,1,2,2,1,2,2,2,2,2,2,2,2,2,2,2,2,1,2,2,0,0,0
2008,42,39,1,420087,1,2,1,2,4,2,5,2,1,1,1,2,1,2,2,1,2,2,1,2,2,2,2,2,2,2,1,1,1,2,2,0,0,0
2008,42,17,1,420088,1,2,2,2,1,2,4,2,1,2,1,2,1,2,2,2,1,2,2,2,3,2,2,2,2,2,2,2,2,2,2,0,0,0
2008,42,33,1,420089,1,2,1,1,1,2,1,3,4,1,1,2,2,1,2,2,2,2,2,2,3,2,2,2,2,2,2,2,2,2,2,0,0,0
2008,42,43,1,420090,1,2,2,2,4,2,3,2,1,1,2,2,1,2,2,1,2,2,1,2,2,2,2,2,2,2,2,2,1,2,2,0,0,0
2008,42,95,1,420091,1,2,2,1,1,2,1,2,2,2,1,2,2,1,2,2,2,2,1,2,3,2,2,2,2,2,2,2,2,2,2,0,0,0
2008,42,77,1,420092,1,2,1,2,1,1,4,1,4,2,2,2,2,2,2,1,2,2,2,2,1,1,1,1,1,2,2,1,2,2,2,0,0,0
2008,42,3,1,420093,1,2,1,2,1,2,5,2,3,1,1,2,2,1,2,2,2,2,2,2,2,2,2,2,2,2,2,2,1,1,2,0,0,0
2008,42,25,1,420094,1,2,2,2,1,2,5,2,4,1,1,2,2,1,2,1,2,2,2,2,3,2,2,2,2,2,1,1,1,2,2,0,0,0
2008,42,65,1,420095,1,2,1,2,4,2,5,2,1,2,2,2,1,2,2,1,2,2,2,2,1,2,2,2,2,2,2,2,1,2,2,0,0,0
2008,42,79,1,420096,1,2,1,1,1,2,1,2,2,1,2,2,2,1,2,1,2,2,2,2,2,2,2,2,2,2,1,1,2,2,2,0,0,0
2008,42,115,1,420097,1,2,1,2,2,2,5,2,1,2,2,2,1,2,2,1,2,2,1,2,1,2,2,2,2,2,2,2,1,2,2,0,0,0
2008,42,33,1,420098,1,2,1,2,2,2,4,2,1,2,2,2,1,2,2,1,2,2,1,2,3,2,2,2,2,2,2,2,1,2,2,0,0,0
2008,42,131,2,420099,1,2,1,2,1,2,4,2,4,2,2,2,2,2,2,1,2,2,1,2,1,2,2,2,2,2,1,1,1,2,2,0,0,0
2008,42,43,1,420100,1,2,2,2,1,2,3,2,5,2,1,2,3,2,2,2,2,2,2,2,3,2,2,2,2,2,2,2,1,2,2,0,0,0
2008,42,29,1,420101,1,2,1,2,1,2,5,2,3,2,2,2,2,2,2,2,2,2,2,2,1,2,2,2,2,2,2,2,1,2,2,0,0,0
2008,42,83,1,420102,1,2,2,2,1,2,5,2,4,1,1,2,2,2,2,1,2,2,2,2,3,1,1,1,1,1,2,1,1,2,2,0,0,0
2008,42,133,1,420103,1,2,2,2,1,1,4,1,4,1,1,2,3,2,2,2,2,2,2,2,3,2,2,2,2,2,2,2,2,1,2,0,0,0
2008,42,121,1,420104,1,2,2,2,1,2,5,2,1,1,1,2,1,1,2,2,2,2,2,2,3,2,2,2,2,2,2,2,2,2,2,0,0,0
2008,42,49,1,420105,1,2,1,2,2,2,5,2,1,2,2,2,1,2,2,1,2,2,2,2,1,2,2,2,2,2,1,1,1,2,2,0,0,0
2008,42,71,1,420106,1,2,2,2,1,2,5,3,2,2,1,2,2,1,2,2,2,2,2,2,3,2,2,1,1,2,2,1,2,2,2,0,0,0
2008,42,3,1,420107,1,2,2,2,1,2,3,2,4,1,1,2,2,2,2,1,2,2,2,2,3,2,2,2,2,2,2,2,1,2,2,0,0,0
2008,42,91,1,420108,1,2,1,2,1,2,6,2,4,1,1,2,2,2,2,1,2,2,2,2,3,1,1,1,1,2,2,1,1,2,2,0,0,0
2008,42,91,1,420109,1,2,2,2,1,2,4,2,4,2,1,2,2,2,2,1,2,2,2,2,3,1,1,1,1,2,2,1,1,2,2,0,0,0
2008,42,3,1,420110,1,2,2,2,1,2,4,2,3,2,1,2,2,2,2,2,2,2,2,2,1,2,2,2,2,2,1,1,1,2,2,0,0,0
2008,42,129,1,420111,1,2,2,2,1,2,3,2,4,2,2,2,2,1,2,2,2,2,2,2,1,2,2,2,2,2,2,2,1,2,2,0,0,0
2008,42,101,1,420112,1,2,2,2,4,2,6,2,4,2,2,2,2,2,2,2,2,2,2,2,3,2,2,2,2,2,2,2,2,2,2,0,0,0
2008,42,71,1,420113,1,2,2,2,4,2,4,2,4,2,2,2,1,2,2,2,2,2,2,2,3,2,2,2,2,2,1,1,1,2,2,0,0,0
2008,42,31,1,420114,1,2,1,1,1,2,1,2,4,1,1,2,3,1,2,1,2,2,1,2,3,2,2,2,2,2,2,2,1,2,2,0,0,0
2008,42,79,1,420115,1,2,1,2,1,1,6,1,4,1,1,2,2,2,2,2,2,2,2,2,1,2,2,2,2,2,2,2,2,2,2,0,0,0
2008,42,35,1,420116,1,2,1,1,2,2,1,2,1,1,1,2,1,2,2,2,2,2,2,2,2,2,2,2,2,1,2,2,1,2,2,0,0,0
2008,42,33,1,420117,1,2,2,2,1,2,4,2,3,2,1,2,2,1,2,2,2,2,2,2,3,2,2,2,2,2,1,1,2,2,2,0,0,0
2008,42,95,1,420118,1,2,2,2,1,2,5,2,2,1,1,2,2,2,2,1,2,2,1,2,3,1,1,1,1,2,2,1,2,2,2,0,0,0
2008,42,21,1,420119,1,2,1,2,1,2,5,2,5,1,1,2,3,1,2,1,2,2,1,2,3,2,2,2,2,2,2,2,1,2,2,0,0,0
2008,42,27,1,420120,1,2,2,2,1,2,3,2,4,1,1,2,2,1,2,2,2,2,2,2,3,2,2,2,2,2,2,2,1,2,2,0,0,0
2008,42,101,1,420121,1,2,2,2,1,1,6,1,4,1,1,2,2,2,2,2,2,2,2,2,3,2,2,2,2,2,2,2,2,2,2,0,0,0
2008,42,101,1,420122,1,2,2,2,1,1,4,1,4,1,2,2,3,2,2,2,2,2,2,2,3,2,2,2,2,2,2,2,2,2,2,0,0,0
2008,42,89,1,420123,1,2,1,2,1,2,5,2,3,1,1,2,2,2,2,2,2,2,2,2,3,2,2,2,2,2,2,2,1,2,2,0,0,0
2008,42,49,1,420124,1,2,1,2,2,2,4,2,1,1,1,2,2,2,2,1,2,2,2,2,3,2,2,2,2,1,2,2,1,2,2,0,0,0
2008,42,121,1,420125,1,2,1,1,4,2,1,2,1,1,2,2,1,2,2,1,2,2,1,2,3,1,2,1,2,2,2,2,1,2,2,0,0,0
2008,42,19,1,420126,1,2,1,2,1,1,3,1,4,1,1,2,2,1,2,2,2,2,2,2,2,2,2,2,2,1,2,2,2,2,2,0,0,0
2008,42,129,1,420127,1,2,2,2,2,2,6,2,3,1,1,2,1,2,2,2,2,2,2,2,1,2,2,2,2,2,2,2,1,2,2,0,0,0
2008,42,115,1,420128,1,2,1,2,1,2,4,2,4,1,2,2,2,2,2,1,2,2,2,2,3,2,2,2,2,1,2,2,1,2,2,0,0,0
2008,42,75,1,420129,1,2,2,2,1,2,3,2,4,2,2,2,2,1,2,1,2,2,2,2,1,2,2,2,2,2,2,2,1,2,2,0,0,0
2008,42,101,2,420130,1,2,2,1,1,2,1,2,2,2,2,2,2,2,2,1,1,2,2,2,3,2,2,2,2,2,2,2,2,2,2,0,0,0
2008,42,75,1,420131,1,2,1,2,1,2,6,2,4,2,1,2,2,2,2,1,2,2,2,2,3,1,1,1,1,1,2,1,1,2,2,0,0,0
2008,42,9,1,420132,1,2,1,2,4,2,5,2,1,1,1,2,1,2,2,2,2,2,2,2,2,2,2,2,2,1,2,2,1,2,2,0,0,0
2008,42,63,1,420133,1,2,1,2,2,2,5,2,1,1,1,2,1,2,2,2,2,2,1,2,3,2,2,2,2,1,2,2,1,2,1,0,0,0
2008,42,5,1,420134,1,2,1,2,2,2,4,2,1,2,2,2,1,2,2,1,2,2,1,2,3,2,2,2,2,1,2,2,1,2,2,0,0,0
2008,42,11,1,420135,1,2,1,1,2,2,1,2,1,1,1,2,2,1,2,2,2,2,2,2,1,2,2,2,2,2,1,1,1,2,2,0,0,0
2008,42,77,1,420136,1,2,1,2,4,2,6,2,1,2,2,2,1,2,2,1,2,2,2,2,2,2,2,2,2,1,2,2,1,2,2,0,0,0
2008,42,125,1,420137,1,2,1,2,2,2,4,2,1,2,1,2,1,2,2,1,2,2,1,2,2,2,2,2,2,1,2,2,1,2,2,0,0,0
2008,42,107,1,420138,1,2,1,2,4,2,6,2,1,2,1,2,1,1,2,1,2,2,1,2,2,2,2,2,2,2,2,2,1,2,2,0,0,0
2008,42,15,1,420139,1,2,1,2,4,2,6,2,1,2,2,2,1,2,2,1,2,2,1,2,1,2,2,2,2,2,2,2,1,2,2,0,0,0
2008,42,5,1,420140,1,2,1,2,4,1,4,1,1,2,1,2,1,2,2,1,2,2,1,2,1,2,2,2,2,2,1,1,2,2,2,0,0,0
2008,42,15,1,420141,1,2,1,2,4,2,3,2,1,2,1,2,1,2,2,1,2,2,2,2,2,2,2,2,2,2,2,2,1,2,2,0,0,0
2008,42,59,1,420142,1,2,2,2,1,2,4,2,1,2,1,1,1,2,2,2,1,2,2,2,1,2,2,2,2,2,1,1,2,2,2,0,0,0
2008,42,53,1,420143,1,2,1,2,2,2,3,2,1,1,1,2,1,2,2,1,2,2,1,2,2,2,2,2,2,1,2,2,1,2,2,0,0,0
2008,42,95,1,420144,1,2,2,2,4,2,4,2,1,1,1,2,1,2,2,2,2,2,2,2,2,1,1,1,1,2,2,1,1,2,2,0,0,0
2008,42,3,1,420145,1,2,2,2,1,2,4,2,1,2,1,2,1,2,2,2,1,2,2,2,3,2,2,2,2,1,2,2,2,2,2,0,0,0
2008,42,7,1,420146,1,2,2,2,1,2,6,3,1,1,1,2,1,2,2,2,2,2,2,2,3,2,2,2,2,2,2,2,2,2,2,0,0,0
2008,42,89,1,420147,1,2,1,2,4,2,3,2,1,1,1,2,1,2,2,1,2,2,1,2,2,2,2,2,2,2,2,2,1,2,2,0,0,0
2008,42,121,1,420148,1,2,1,2,2,2,3,2,1,1,1,2,2,2,2,1,2,2,2,2,3,2,2,2,2,2,2,2,1,2,2,0,0,0
2008,42,77,1,420149,1,2,1,2,4,2,6,2,1,1,1,2,1,2,2,1,2,2,2,2,3,2,2,2,2,2,2,2,1,2,2,0,0,0
2008,42,133,1,420150,1,2,1,2,4,2,6,2,1,2,1,2,1,2,2,1,2,2,2,2,1,2,2,2,2,2,1,1,1,2,2,0,0,0
2008,42,17,1,420151,1,2,1,2,1,2,6,2,1,2,1,2,1,2,2,2,1,2,2,2,3,2,2,2,2,2,1,1,2,2,2,0,0,0
2008,42,1,1,420152,1,2,2,2,1,2,3,2,4,2,2,2,2,2,2,2,2,2,1,2,1,2,2,2,2,2,2,2,1,2,2,0,0,0
2008,42,119,1,420153,1,2,1,2,1,2,5,3,4,1,1,2,2,2,2,2,2,2,2,2,3,2,2,2,2,2,2,2,2,2,2,0,0,0
2008,42,29,1,420154,1,2,1,2,4,2,6,2,1,2,2,2,1,2,2,2,2,2,1,2,1,2,2,2,2,2,1,1,1,2,2,0,0,0
2008,42,1,1,420155,1,2,1,2,2,2,5,2,1,2,2,2,1,2,1,2,2,2,2,2,2,2,2,2,2,2,2,2,1,2,2,0,0,0
2008,42,105,1,420156,1,2,1,2,4,2,6,2,1,3,1,2,1,2,2,1,2,2,1,2,1,2,2,2,2,2,2,2,1,2,2,0,0,0
2008,42,43,1,420157,1,2,1,2,1,1,4,1,1,1,1,2,2,2,1,2,2,2,2,2,3,2,2,2,2,1,1,1,2,2,2,0,0,0
2008,42,103,1,420158,1,2,1,1,1,2,1,2,4,1,1,2,2,1,2,1,2,2,2,2,3,2,2,2,2,2,2,2,2,2,2,0,0,0
2008,42,91,1,420159,1,2,1,2,4,2,6,2,1,1,1,2,1,2,2,1,2,2,2,2,3,2,2,2,2,2,2,2,1,2,2,0,0,0
2008,42,77,1,420160,1,2,2,2,4,2,4,2,1,2,2,2,1,2,2,1,2,2,2,2,3,2,2,2,2,2,2,2,1,2,2,0,0,0
2008,42,107,1,420161,1,2,1,2,4,2,5,2,1,1,1,2,1,2,2,2,2,2,1,2,3,2,2,2,2,1,2,2,1,2,1,0,0,0
2008,42,43,1,420162,1,2,2,2,1,1,3,1,4,1,1,2,2,2,1,1,2,2,2,2,3,2,2,2,2,2,2,2,2,2,2,0,0,0
2008,42,17,1,420163,1,2,2,2,4,2,3,3,1,2,1,2,1,2,2,1,2,2,1,2,1,2,2,2,2,2,1,1,1,2,2,0,0,0
2008,42,41,1,420164,1,2,1,2,4,2,6,2,1,1,2,2,1,2,2,1,2,2,1,2,1,2,2,2,2,2,2,2,1,2,2,0,0,0
2008,42,3,1,420165,1,2,2,2,1,2,3,2,1,2,2,2,1,2,2,2,1,2,2,2,3,2,2,2,2,2,2,2,2,2,2,0,0,0
2008,42,87,1,420166,1,2,1,2,4,2,3,2,1,3,3,2,1,2,2,2,2,2,1,2,2,2,2,2,2,2,1,1,1,2,2,0,0,0
2008,42,29,1,420167,1,2,2,2,1,2,4,2,3,1,1,2,2,2,2,2,2,2,2,2,3,2,2,2,2,2,2,2,1,2,2,0,0,0
2008,42,87,1,420168,1,2,1,2,4,2,5,2,1,1,1,2,1,2,2,2,2,2,2,2,3,2,2,2,2,2,2,2,1,2,2,0,0,0
2008,42,51,1,420169,1,2,1,2,1,2,3,2,3,1,1,2,2,2,2,2,2,2,2,2,3,2,2,2,2,1,2,2,2,2,2,0,0,0
2008,42,63,1,420170,1,2,2,2,3,2,2,2,1,1,2,2,1,2,2,2,2,2,1,2,2,2,2,2,2,2,2,2,1,1,2,0,0,0
2008,42,43,1,420171,1,2,1,2,2,2,4,2,1,1,2,2,1,2,2,1,2,2,1,2,3,2,2,2,2,2,2,2,1,2,2,0,0,0
2008,42,1,1,420172,1,2,1,2,4,2,5,2,1,2,2,2,1,2,2,1,2,2,1,2,1,2,2,1,1,2,2,1,1,2,2,0,0,0
2008,42,13,1,420173,1,2,1,1,1,2,1,3,4,1,1,2,2,1,2,2,2,2,2,2,3,2,2,2,2,1,2,2,2,2,2,0,0,0
2008,42,103,1,420174,1,2,1,1,3,2,1,2,1,2,1,2,1,1,2,2,2,2,2,2,2,2,2,2,2,2,2,2,1,2,2,0,0,0
2008,42,103,1,420175,1,2,1,2,1,2,5,2,1,2,1,2,1,2,2,2,1,2,2,2,3,2,2,2,2,2,2,2,2,2,2,0,0,0
2008,42,99,1,420176,1,2,1,2,2,2,5,2,1,1,2,2,1,2,2,2,2,2,2,2,1,2,2,2,2,2,2,2,1,2,2,0,0,0
2008,42,11,1,420177,1,2,2,2,4,2,3,2,1,2,1,2,1,2,2,1,2,2,2,2,1,2,2,2,2,2,2,2,1,2,2,0,0,0
2008,42,9,1,420178,1,2,1,2,4,2,6,2,1,1,2,2,1,2,2,1,2,2,2,2,3,2,2,2,2,2,2,2,1,2,2,0,0,0
2008,42,55,1,420179,1,2,1,2,4,2,6,2,1,1,1,2,1,2,2,1,2,2,1,2,1,2,2,2,2,2,1,1,1,2,2,0,0,0
2008,42,19,1,420180,1,2,1,2,1,2,3,2,1,2,1,2,1,2,2,2,1,2,2,2,3,2,2,2,2,2,2,2,2,2,2,0,0,0
2008,42,109,1,420181,1,2,1,2,1,2,3,2,4,1,1,2,2,2,2,2,2,2,2,2,3,2,2,1,1,1,2,1,1,2,2,0,0,0
2008,42,33,1,420182,1,2,1,2,4,2,5,2,1,1,2,2,1,2,2,2,2,2,1,2,1,2,2,2,2,2,2,2,1,2,2,0,0,0
2008,42,61,1,420183,1,2,1,2,1,1,5,1,4,1,2,2,2,2,2,2,2,2,2,2,3,2,2,1,1,1,2,1,2,2,2,0,0,0
2008,42,3,1,420184,1,2,2,2,4,2,3,2,1,1,1,2,1,2,2,2,2,2,2,2,2,2,2,2,2,1,2,2,1,2,2,0,0,0
2008,42,75,1,420185,1,2,1,2,4,2,3,2,1,1,2,2,1,2,2,2,2,2,1,2,2,2,2,2,2,2,2,2,1,2,2,0,0,0
2008,42,121,1,420186,1,2,2,2,4,2,5,2,1,2,2,2,1,2,2,1,2,2,2,2,3,2,2,2,2,2,2,2,1,2,2,0,0,0
2008,42,129,2,420187,1,2,1,2,4,2,4,2,1,2,1,2,1,2,2,1,2,2,2,1,1,2,2,2,2,2,1,1,1,2,2,0,0,0
2008,42,117,1,420188,1,2,1,2,1,2,4,2,4,2,1,2,2,2,2,1,2,2,2,2,3,2,2,2,2,2,2,2,1,2,2,0,0,0
2008,42,47,1,420189,1,2,1,2,1,1,3,1,4,1,2,2,2,1,2,2,2,2,2,2,1,2,2,2,2,2,2,2,2,2,2,0,0,0
2008,42,109,1,420190,1,2,1,2,4,2,6,2,1,1,1,2,1,2,2,1,2,2,2,2,2,2,2,2,2,2,2,2,1,2,2,0,0,0
2008,42,127,1,420191,1,2,1,2,4,2,5,2,1,1,1,2,1,2,2,1,2,2,2,2,1,2,2,2,2,1,2,2,1,2,2,0,0,0
2008,42,81,1,420192,1,2,2,2,4,2,4,2,1,1,2,2,1,2,2,1,2,2,1,2,3,2,2,2,2,2,2,2,1,2,2,0,0,0
2008,42,11,1,420193,1,2,1,2,4,2,5,2,1,2,1,2,1,2,2,2,2,2,1,2,1,2,2,2,2,2,2,2,1,2,2,0,0,0
2008,42,69,1,420194,1,2,2,1,2,2,1,2,1,2,2,2,1,1,2,2,2,2,2,2,2,2,2,2,2,2,2,2,1,2,2,0,0,0
2008,42,21,2,420195,1,2,1,2,4,2,5,2,1,1,2,2,1,2,2,1,2,2,1,2,3,1,1,1,1,2,2,1,1,2,2,0,0,0
2008,42,63,1,420196,1,2,1,2,4,2,3,2,1,2,2,2,1,2,2,1,2,2,1,2,1,2,2,2,2,2,1,1,1,2,2,0,0,0
2008,42,123,1,420197,1,2,1,2,2,2,5,2,1,1,1,2,1,2,2,2,2,2,1,2,3,2,2,2,2,2,2,2,1,1,2,0,0,0
2008,42,107,2,420198,1,2,1,2,4,2,6,2,1,2,2,2,1,2,2,1,2,2,1,2,2,1,1,1,1,2,2,1,1,2,2,0,0,0
2008,42,67,1,420199,1,2,1,2,1,1,5,1,4,1,1,2,2,2,2,2,2,2,2,2,3,2,2,1,1,1,2,1,2,2,2,0,0,0
2008,42,89,1,420200,1,2,1,2,1,1,5,1,4,1,1,2,2,2,2,2,2,2,2,2,3,2,2,2,2,2,2,2,2,2,2,0,0,0
2008,42,59,1,420201,1,2,2,2,1,2,4,2,4,1,1,2,2,1,2,1,2,2,2,2,3,2,2,2,2,2,1,1,1,2,2,0,0,0
2008,42,5,1,420202,1,2,1,2,1,2,4,2,1,2,2,2,2,2,2,2,1,2,2,2,3,2,2,2,2,1,2,2,2,2,2,0,0,0
2008,42,39,1,420203,1,2,1,2,4,2,5,2,1,2,1,2,1,2,2,2,2,2,1,2,1,2,2,2,2,1,2,2,1,2,2,0,0,0
2008,42,25,1,420204,1,2,1,2,4,2,5,2,1,2,2,2,1,2,2,1,2,2,1,2,1,2,2,2,2,2,1,1,1,2,2,0,0,0
2008,42,133,1,420205,1,2,1,2,4,2,6,2,1,2,2,2,1,2,2,1,2,2,2,2,2,1,1,1,1,2,2,1,1,2,2,0,0,0
2008,42,115,1,420206,1,2,1,2,2,1,5,1,4,2,2,2,2,2,2,1,2,2,2,2,1,2,2,2,2,2,2,2,2,2,2,0,0,0
2008,42,55,1,420207,1,2,1,2,4,2,4,2,1,2,2,2,1,2,2,1,2,2,1,2,1,2,2,2,2,2,2,2,1,2,2,0,0,0
2008,42,129,2,420208,1,2,1,2,1,2,3,2,4,1,1,2,2,2,2,1,2,2,2,2,2,2,2,2,2,2,2,2,1,2,2,0,0,0
2008,42,5,1,420209,1,2,2,2,1,1,4,1,4,1,1,2,2,1,2,2,2,2,1,2,3,1,1,1,1,2,2,1,2,2,2,0,0,0
2008,42,19,1,420210,1,2,2,2,4,2,4,2,1,2,1,2,1,2,2,1,2,2,1,2,1,2,2,2,2,2,2,2,1,2,2,0,0,0
2008,42,29,1,420211,1,2,2,2,4,2,5,2,1,2,1,2,1,2,2,2,2,2,1,2,1,2,2,2,2,2,1,1,1,2,2,0,0,0
2008,42,3,1,420212,1,2,2,1,2,2,1,2,1,2,2,2,2,2,2,1,2,2,2,2,1,2,2,2,2,2,2,2,1,2,2,0,0,0
2008,42,73,1,420213,1,2,1,2,1,1,4,1,4,2,2,2,2,2,2,1,2,2,1,2,1,2,2,2,2,1,2,2,2,2,2,0,0,0
2008,42,99,1,420214,1,2,1,2,1,2,3,2,2,1,1,2,2,1,2,1,2,2,2,2,2,2,2,2,2,2,2,2,2,1,2,0,0,0
2008,42,55,1,420215,1,2,2,2,2,2,6,2,1,2,1,2,1,2,2,1,2,2,2,2,1,2,2,2,2,2,1,1,1,2,2,0,0,0
2008,42,133,1,420216,1,2,1,2,1,2,4,2,3,1,1,2,2,1,2,2,2,2,2,2,3,2,2,2,2,2,2,2,1,2,2,0,0,0
2008,42,71,1,420217,1,2,1,2,4,2,4,2,1,1,2,2,1,2,2,1,2,2,1,2,3,2,2,2,2,1,2,2,1,2,2,0,0,0
2008,42,75,1,420218,1,2,1,2,4,2,5,2,1,2,1,2,1,2,2,1,2,2,1,2,3,2,2,2,2,2,1,1,1,2,2,0,0,0
2008,42,99,1,420219,1,2,1,2,1,2,4,2,4,1,1,2,2,2,2,2,2,2,2,2,3,2,2,2,2,2,2,2,1,2,2,0,0,0
2008,42,133,1,420220,1,2,2,2,4,2,3,2,4,2,1,2,1,2,2,1,2,2,2,2,1,2,2,2,2,2,2,2,1,2,2,0,0,0
2008,42,55,1,420221,1,2,2,2,4,2,4,2,1,2,1,2,1,2,2,1,2,2,2,1,1,2,2,2,2,2,2,2,1,2,2,0,0,0
2008,42,71,1,420222,1,2,2,2,4,2,5,2,1,1,2,2,1,2,1,2,2,2,2,2,1,2,2,2,2,2,2,2,1,2,2,0,0,0
2008,42,85,1,420223,1,2,2,2,4,2,6,2,1,2,1,2,1,2,2,2,2,2,1,2,1,2,2,2,2,2,2,2,1,2,2,0,0,0
2008,42,17,1,420224,1,2,1,2,4,1,6,1,1,1,1,1,1,2,2,2,2,2,2,2,3,2,2,2,2,2,2,2,2,2,2,0,0,0
2008,42,133,1,420225,1,2,2,2,4,1,6,1,1,1,2,2,1,2,2,2,2,2,2,2,1,2,2,2,2,2,2,2,2,2,2,0,0,0
2008,42,111,1,420226,1,2,1,2,2,2,3,2,1,1,1,2,1,2,2,2,2,2,1,2,2,2,2,2,2,2,2,2,1,2,2,0,0,0
2008,42,17,1,420227,1,2,1,2,1,2,3,2,5,1,1,2,2,2,2,2,2,2,2,2,3,2,2,1,1,2,2,1,1,1,2,0,0,0
2008,42,3,1,420228,1,2,2,2,1,2,4,2,2,1,1,2,2,2,2,1,2,2,2,2,3,2,2,2,2,1,1,1,2,2,2,0,0,0
2008,42,41,1,420229,1,2,2,2,4,2,6,2,1,1,1,2,1,2,2,1,2,2,1,2,1,2,2,2,2,2,1,1,1,2,2,0,0,0
2008,42,101,1,420230,1,2,2,2,1,2,6,2,1,2,1,1,1,2,2,2,1,2,2,2,3,2,2,2,2,2,2,2,2,2,2,0,0,0
2008,42,133,1,420231,1,2,1,2,4,2,3,2,1,1,2,2,1,2,2,1,2,2,1,2,1,2,2,2,2,2,1,1,1,2,2,0,0,0
2008,42,13,1,420232,1,2,2,2,4,2,5,2,1,1,1,2,1,2,2,2,1,2,2,2,3,1,1,1,1,2,2,1,1,2,2,0,0,0
2008,42,91,1,420233,1,2,2,2,1,2,3,2,2,2,2,2,2,1,2,1,2,2,2,2,1,2,2,2,2,2,1,1,2,2,2,0,0,0
2008,42,71,3,420234,1,2,2,2,1,2,2,2,3,2,1,2,2,2,2,2,2,2,1,2,1,2,2,2,2,2,1,1,2,2,2,0,0,0
2008,42,101,1,420235,1,2,2,2,1,2,3,2,1,2,2,2,1,2,2,2,1,2,2,2,3,2,2,2,2,2,2,2,2,2,2,0,0,0
2008,42,129,1,420236,1,2,2,2,1,2,2,2,3,2,2,2,3,2,2,2,2,2,2,2,1,2,2,2,2,2,2,2,2,2,2,0,0,0
2008,42,3,1,420237,1,2,2,2,1,1,3,1,1,2,2,1,1,2,2,2,1,2,2,2,3,2,2,2,2,2,2,2,2,2,2,0,0,0
2008,42,71,1,420238,1,2,1,2,1,2,3,2,5,2,1,2,2,2,2,2,1,2,2,2,3,2,2,2,2,2,2,2,2,2,2,0,0,0
2008,42,101,1,420239,1,2,2,2,1,2,3,2,1,2,1,2,1,2,2,2,1,2,2,2,3,2,2,2,2,2,2,2,2,2,2,0,0,0
2008,42,101,1,420240,1,2,2,1,2,2,1,3,1,2,2,2,1,2,2,2,2,2,1,2,2,2,2,2,2,2,2,2,1,2,2,0,0,0
2008,42,29,1,420241,1,2,1,2,1,2,3,2,5,2,1,2,3,2,2,1,2,2,1,2,1,2,2,2,2,2,1,1,1,2,2,0,0,0
2008,42,111,1,420242,1,2,1,2,2,2,3,2,1,1,1,2,1,2,2,2,1,2,2,2,3,2,2,2,2,2,2,2,1,2,2,0,0,0
2008,42,129,1,420243,1,2,2,2,2,2,3,2,1,2,2,1,1,2,2,2,1,2,2,2,3,2,2,2,2,2,2,2,1,1,2,0,0,0
2008,42,21,1,420244,1,2,1,2,4,2,5,2,1,2,2,2,1,2,2,1,2,2,2,2,1,2,2,2,2,2,2,2,1,2,2,0,0,0
2008,42,89,1,420245,1,2,1,2,1,2,5,2,3,2,1,2,2,2,2,2,2,2,2,2,1,2,2,2,2,2,2,2,2,2,2,0,0,0
2008,42,3,1,420246,1,2,2,2,1,2,3,2,3,2,1,2,3,2,2,2,2,2,2,2,3,2,2,2,2,2,2,2,1,2,2,0,0,0
2008,42,11,2,420247,1,2,1,1,4,2,1,2,1,1,1,2,1,2,2,2,2,2,1,2,2,2,2,2,2,1,2,2,1,2,2,0,0,0
2008,42,119,1,420248,1,2,1,1,4,2,1,2,1,1,2,2,1,2,2,2,2,2,2,2,3,2,2,2,2,2,2,2,1,2,2,0,0,0
2008,42,95,2,420249,1,2,1,2,1,1,4,1,2,1,2,2,3,2,1,1,2,2,2,2,3,2,2,2,2,1,1,1,2,2,2,0,0,0
2008,42,85,1,420250,1,2,1,1,2,2,1,2,1,1,1,2,1,2,2,2,2,2,2,2,3,2,2,2,2,1,2,2,1,2,2,0,0,0
2008,42,83,1,420251,1,2,1,2,4,2,4,2,1,2,1,2,1,2,2,2,2,2,1,2,3,2,2,2,2,2,2,2,1,2,2,0,0,0
2008,42,81,1,420252,1,2,2,1,4,2,1,2,1,1,1,2,1,2,2,1,2,2,1,2,3,1,1,1,1,2,2,1,1,2,2,0,0,0
2008,42,25,1,420253,1,2,2,2,4,2,5,2,1,2,1,2,1,2,2,1,2,2,2,2,2,2,2,2,2,2,2,2,1,2,2,0,0,0
2008,42,89,1,420254,1,2,2,2,1,2,4,2,3,1,1,2,3,2,2,2,2,2,2,2,3,2,2,1,1,2,1,1,1,2,2,0,0,0
2008,42,63,1,420255,1,2,1,2,1,2,5,2,1,2,2,2,1,2,1,2,2,2,2,2,1,2,2,2,2,2,2,2,2,2,2,0,0,0
2008,42,49,1,420256,1,2,1,2,1,2,5,2,1,1,2,2,1,2,1,2,2,2,2,2,3,2,2,2,2,2,2,2,1,2,2,0,0,0
2008,42,41,1,420257,1,2,2,2,1,1,5,1,4,1,2,2,3,2,2,2,2,2,1,2,3,1,1,1,1,2,2,1,2,2,2,0,0,0
2008,42,103,1,420258,1,2,1,2,4,2,5,2,1,2,1,2,1,2,2,2,2,2,2,2,2,2,2,2,2,2,1,1,1,2,2,0,0,0
2008,42,129,1,420259,1,2,1,2,2,2,4,2,1,2,1,2,1,2,2,1,2,2,2,2,3,2,2,2,2,2,2,2,1,1,2,0,0,0
2008,42,65,2,420260,1,2,1,2,1,2,3,2,3,2,2,2,2,2,2,1,2,2,1,2,1,2,2,2,2,2,2,2,1,2,2,0,0,0
2008,42,33,1,420261,1,2,1,2,2,2,4,2,1,2,2,2,1,2,2,1,2,2,2,2,1,2,2,2,2,2,2,2,1,2,2,0,0,0
2008,42,49,1,420262,1,2,1,2,4,2,4,2,1,2,1,2,1,2,2,2,2,2,1,2,2,2,2,2,2,2,1,1,1,2,2,0,0,0
2008,42,71,1,420263,1,2,1,2,1,2,3,2,5,1,1,2,2,1,2,2,2,2,2,2,2,2,2,2,2,2,2,2,1,2,2,0,0,0
2008,42,71,2,420264,1,2,1,2,1,2,4,2,4,1,1,2,2,2,2,1,2,2,2,2,3,1,1,1,1,2,2,1,1,2,2,0,0,0
2008,42,61,1,420265,1,2,1,2,4,2,6,2,1,2,2,2,1,2,2,2,2,2,1,2,1,2,2,2,2,2,1,1,1,2,2,0,0,0
2008,42,33,1,420266,1,2,1,2,2,2,4,2,1,2,2,2,1,2,2,1,2,2,1,2,1,2,2,2,2,2,1,1,1,2,2,0,0,0
2008,42,71,1,420267,1,2,2,2,1,2,3,3,4,1,1,2,2,2,1,2,2,2,2,2,3,1,1,1,1,1,2,1,2,2,2,0,0,0
2008,42,129,1,420268,1,2,2,2,1,2,3,3,4,2,2,2,2,2,1,2,2,2,2,2,1,2,2,2,2,2,2,2,2,2,2,0,0,0
2008,42,17,1,420269,1,2,2,2,1,2,4,2,4,1,1,2,3,1,2,2,2,2,2,2,3,2,2,2,2,1,2,2,1,2,2,0,0,0
2008,42,31,1,420270,1,2,1,1,1,2,1,2,4,2,2,2,2,1,2,1,2,2,1,2,1,2,2,1,1,2,2,1,2,1,2,0,0,0
2008,42,81,1,420271,1,2,2,2,4,2,5,2,1,1,1,2,1,2,2,1,2,2,2,2,2,2,2,2,2,1,2,2,1,2,2,0,0,0
2008,42,51,1,420272,1,2,1,2,4,2,4,2,1,2,2,2,1,2,2,1,2,2,1,2,1,2,2,2,2,2,1,1,1,2,2,0,0,0
2008,42,59,1,420273,1,2,1,1,1,2,1,2,1,1,2,2,1,1,2,2,1,2,2,2,3,2,2,2,2,2,2,2,2,2,2,0,0,0
2008,42,125,5,420274,1,2,1,2,1,1,4,1,4,1,1,2,2,1,2,2,2,2,1,2,3,2,2,2,2,2,2,2,2,2,2,0,0,0
2008,42,9,1,420275,1,2,1,2,4,2,6,2,1,1,2,2,1,2,1,1,2,2,2,2,2,1,1,1,1,2,2,1,1,2,2,0,0,0
2008,42,3,1,420276,1,2,2,1,3,2,1,3,1,1,1,2,1,2,2,2,2,2,2,2,2,2,2,2,2,2,2,2,1,2,2,0,0,0
2008,42,131,1,420277,1,2,1,2,1,2,5,2,1,1,1,2,2,2,1,1,2,2,2,2,3,2,2,2,2,2,2,2,1,2,2,0,0,0
2008,42,11,1,420278,1,2,1,1,1,2,1,2,5,2,2,2,2,1,2,2,2,2,2,2,1,2,2,2,2,2,2,2,2,2,2,0,0,0
2008,42,21,1,420279,1,2,2,2,2,2,3,2,1,2,1,2,1,2,2,2,1,2,2,2,2,2,2,2,2,2,2,2,1,2,1,0,0,0
2008,42,51,1,420280,1,2,2,2,2,2,2,2,1,1,1,2,1,2,2,1,2,2,1,2,2,1,1,1,1,2,2,1,1,2,2,0,0,0
2008,42,55,1,420281,1,2,1,2,4,2,5,2,1,2,2,2,1,2,2,1,2,2,2,2,3,2,2,2,2,1,2,2,1,2,2,0,0,0
2008,42,1,1,420282,1,2,1,2,4,2,6,2,1,1,1,2,1,2,2,1,2,2,1,2,2,1,1,1,1,2,2,1,1,2,2,0,0,0
2008,42,41,1,420283,1,2,1,2,4,2,4,2,1,2,2,2,1,2,2,1,2,2,2,2,1,2,2,2,2,2,2,2,1,2,2,0,0,0
2008,42,41,1,420284,1,2,2,1,3,2,1,2,1,2,1,2,1,2,1,1,2,2,2,2,2,2,2,2,2,2,1,1,1,2,2,0,0,0
2008,42,9,1,420285,1,2,1,2,4,1,4,1,1,1,1,2,1,1,2,1,2,2,1,2,2,2,2,2,2,1,2,2,2,2,2,0,0,0
2008,42,1,1,420286,1,2,1,2,4,2,5,2,1,2,2,2,1,2,1,2,2,2,2,2,1,2,2,2,2,2,2,2,1,2,2,0,0,0
2008,42,37,1,420287,1,2,1,2,1,2,6,2,1,2,2,2,1,2,1,2,2,2,2,2,1,2,2,2,2,2,2,2,1,2,2,0,0,0
2008,42,79,1,420288,1,2,1,2,2,2,5,2,1,1,1,2,1,2,2,2,2,2,1,2,1,2,2,2,2,2,2,2,1,2,2,0,0,0
2008,42,71,1,420289,1,2,1,2,1,2,6,2,1,2,1,2,1,2,2,2,2,2,1,2,3,2,2,2,2,2,2,2,2,2,2,0,0,0
2008,42,7,1,420290,1,2,1,2,2,2,6,2,4,2,2,2,2,2,2,1,2,2,1,2,3,1,1,1,1,2,2,1,1,2,2,0,0,0
2008,42,7,1,420291,1,2,2,2,1,2,3,3,2,2,2,2,2,1,2,1,2,2,2,2,3,2,2,2,2,2,2,2,2,2,2,0,0,0
2008,42,83,1,420292,1,2,1,2,4,2,4,2,1,2,1,2,1,2,2,1,2,2,2,2,3,2,2,1,1,2,2,1,1,2,2,0,0,0
2008,42,27,1,420293,1,2,1,2,4,2,3,2,1,2,1,2,1,2,2,2,2,2,2,2,1,2,2,2,2,2,2,2,1,2,2,0,0,0
2008,42,133,1,420294,1,2,2,2,4,2,3,2,1,2,1,2,1,2,2,1,2,2,2,2,1,2,2,2,2,2,2,2,1,2,2,0,0,0
2008,42,91,1,420295,1,2,2,2,1,1,5,1,1,2,2,2,1,2,1,1,2,2,2,2,1,2,2,2,2,2,2,2,2,2,2,0,0,0
2008,42,125,1,420296,1,2,1,2,4,2,5,2,1,2,1,2,1,2,1,2,2,2,2,2,2,2,2,2,2,2,2,2,1,2,2,0,0,0
2008,42,13,1,420297,1,2,1,2,4,2,5,2,1,2,2,2,1,2,2,1,2,2,2,2,1,2,2,2,2,2,2,2,1,2,2,0,0,0
2008,42,85,1,420298,1,2,2,2,4,2,3,2,1,2,1,2,2,2,2,2,2,2,2,2,1,2,2,2,2,2,2,2,1,2,2,0,0,0
2008,42,29,1,420299,1,2,1,2,4,2,6,2,1,1,1,2,1,2,1,2,2,2,2,2,2,2,2,2,2,1,2,2,1,2,2,0,0,0
2008,42,77,1,420300,1,2,2,2,1,1,3,1,1,2,2,2,1,2,2,2,1,2,2,2,1,2,2,2,2,2,2,2,2,2,2,0,0,0
2008,42,133,1,420301,1,2,1,2,4,2,5,2,1,2,2,2,1,2,2,2,2,2,2,2,1,2,2,2,2,2,2,2,1,2,2,0,0,0
2008,42,107,1,420302,1,2,1,2,1,2,5,2,2,1,1,2,2,1,1,2,2,2,2,2,2,2,2,2,2,1,2,2,2,2,2,0,0,0
2008,42,91,1,420303,1,2,2,2,1,2,4,2,4,1,1,2,2,1,2,2,2,2,2,2,2,2,2,2,2,2,2,2,1,2,2,0,0,0
2008,42,97,2,420304,1,2,2,2,1,1,3,1,4,1,1,2,2,1,2,2,2,2,2,2,3,2,2,2,2,1,2,2,2,2,2,0,0,0
2008,42,55,1,420305,1,2,2,2,4,2,4,2,1,1,1,2,1,2,2,2,2,2,1,2,3,2,2,2,2,2,2,2,1,2,2,0,0,0
2008,42,91,1,420306,1,2,1,2,1,1,6,1,5,1,1,2,3,2,2,2,2,2,2,2,1,2,2,2,2,2,1,1,2,1,2,0,0,0
2008,42,75,1,420307,1,2,1,2,4,2,3,2,1,2,2,2,1,2,2,1,2,2,1,2,2,2,2,2,2,2,2,2,1,2,2,0,0,0
2008,42,39,1,420308,1,2,2,2,4,2,4,2,1,1,1,2,1,2,2,2,2,2,1,2,3,2,2,2,2,2,2,2,1,2,2,0,0,0
2008,42,3,1,420309,1,2,2,2,1,2,6,2,3,2,2,2,2,2,2,1,2,2,2,2,1,1,1,1,1,2,2,1,1,2,2,0,0,0
2008,42,39,1,420310,1,2,1,2,1,2,4,2,2,1,2,2,2,2,1,2,2,2,2,2,3,2,2,2,2,1,2,2,2,2,2,0,0,0
2008,42,79,1,420311,1,2,2,2,1,2,5,2,4,1,1,2,2,2,2,2,2,2,1,2,1,2,2,2,2,1,1,1,1,2,2,0,0,0
2008,42,119,1,420312,1,2,1,1,1,2,1,2,2,2,1,2,2,2,2,1,2,2,1,2,3,2,2,2,2,1,2,2,2,2,2,0,0,0
2008,42,11,1,420313,1,2,2,1,1,2,1,2,4,2,2,2,2,1,2,1,2,2,1,2,1,2,2,2,2,2,2,2,2,2,2,0,0,0
2008,42,79,1,420314,1,2,2,1,1,2,1,3,4,1,2,2,2,2,1,2,2,2,2,2,3,2,2,2,2,1,2,2,2,2,2,0,0,0
2008,42,77,1,420315,1,2,2,2,1,2,3,2,5,1,1,2,2,2,2,2,2,2,2,2,3,2,2,2,2,1,2,2,2,2,2,0,0,0
2008,42,85,1,420316,1,2,1,2,1,1,5,1,4,1,1,2,2,2,2,2,2,2,2,2,3,2,2,2,2,1,2,2,2,1,2,0,0,0
2008,42,123,1,420317,1,2,2,2,1,2,3,3,4,2,2,2,2,1,2,2,2,2,2,2,1,1,1,1,1,2,2,1,2,2,2,0,0,0
2008,42,59,2,420318,1,2,1,1,1,2,1,2,2,1,1,2,3,1,2,2,2,2,2,2,3,2,2,2,2,2,2,2,2,1,2,0,0,0
2008,42,3,1,420319,1,2,1,2,4,2,6,2,1,2,1,2,1,2,2,2,2,2,1,2,1,2,2,2,2,2,2,2,1,1,2,0,0,0
2008,42,3,1,420320,1,2,2,2,1,1,6,1,1,1,2,2,1,2,2,2,1,2,2,2,2,2,2,2,2,2,2,2,2,1,2,0,0,0
2008,42,13,1,420321,1,2,1,2,4,2,6,2,1,1,2,2,1,2,2,1,2,2,2,2,3,2,2,2,2,2,2,2,1,2,2,0,0,0
2008,42,101,1,420322,1,2,2,2,2,2,6,2,1,2,1,2,1,2,2,2,2,2,2,2,2,2,2,2,2,2,2,2,1,2,2,0,0,0
2008,42,101,1,420323,1,2,2,2,1,1,3,1,4,2,1,2,2,2,1,2,2,2,2,2,1,2,2,2,2,2,1,1,2,2,2,0,0,0
2008,42,91,1,420324,1,2,2,1,1,2,1,3,4,2,1,2,3,1,2,1,2,2,2,2,3,2,2,2,2,2,1,1,2,2,2,0,0,0
2008,42,75,1,420325,1,2,1,2,4,2,6,2,1,1,1,2,1,2,2,2,2,2,2,2,3,1,1,1,1,2,2,1,1,1,2,0,0,0
2008,42,41,1,420326,1,2,1,2,4,2,5,2,1,2,1,2,1,2,2,1,2,2,1,2,2,1,1,1,1,2,2,1,1,2,2,0,0,0
2008,42,71,1,420327,1,2,2,2,3,2,2,2,1,2,1,2,1,2,2,2,2,2,1,2,1,2,2,2,2,2,1,1,1,2,2,0,0,0
2008,42,97,1,420328,1,2,1,2,1,2,4,2,4,2,1,2,2,2,2,2,2,2,2,2,3,2,2,2,2,2,2,2,1,2,2,0,0,0
2008,42,111,1,420329,1,2,1,2,4,2,3,2,1,1,2,2,1,2,1,1,2,2,2,1,1,2,2,2,2,2,2,2,1,2,2,0,0,0
2008,42,5,1,420330,1,2,1,2,4,2,4,2,1,2,2,2,1,2,2,1,2,2,1,2,1,2,2,2,2,2,2,2,1,2,2,0,0,0
2008,42,77,1,420331,1,2,2,2,1,1,3,1,1,2,2,2,1,2,2,2,1,2,2,2,3,2,2,1,1,2,2,1,2,2,2,0,0,0
2008,42,91,1,420332,1,2,2,1,4,2,1,2,1,1,2,2,2,1,2,1,2,2,2,2,1,1,1,1,1,2,2,1,1,2,2,0,0,0
2008,42,13,1,420333,1,2,1,2,4,2,6,2,1,2,1,2,1,2,2,2,2,2,2,2,1,2,2,2,2,2,2,2,1,2,2,0,0,0
2008,42,77,1,420334,1,2,2,2,1,2,6,2,1,2,2,1,1,2,2,2,1,2,2,2,3,2,2,2,2,2,2,2,2,2,2,0,0,0
2008,42,101,1,420335,1,2,2,2,4,2,3,2,1,2,2,2,1,2,2,1,2,2,2,2,1,2,2,2,2,2,2,2,1,2,2,0,0,0
2008,42,11,1,420336,1,2,2,2,1,1,6,1,1,2,1,1,1,2,2,2,1,2,2,2,3,2,2,2,2,2,1,1,2,2,2,0,0,0
2008,42,73,1,420337,1,2,2,2,4,2,5,2,1,1,1,2,1,2,2,1,2,2,1,2,1,2,2,2,2,2,1,1,1,2,2,0,0,0
2008,42,91,1,420338,1,2,2,2,4,2,3,2,1,2,1,2,1,2,2,1,2,2,1,2,1,2,2,2,2,2,2,2,1,2,2,0,0,0
2008,42,41,1,420339,1,2,1,2,4,2,5,2,1,2,1,2,1,2,2,1,2,2,2,2,1,2,2,2,2,2,2,2,1,2,2,0,0,0
2008,42,101,1,420340,1,2,2,2,1,1,3,1,1,2,2,1,1,2,2,1,1,2,2,2,3,2,2,2,2,2,2,2,2,2,2,0,0,0
2008,42,63,1,420341,1,2,1,2,2,2,5,2,1,1,1,2,1,2,1,1,2,2,2,2,2,2,2,2,2,2,2,2,1,2,2,0,0,0
2008,42,71,1,420342,1,2,1,1,2,2,1,3,1,1,2,2,1,2,1,1,2,2,2,2,3,2,2,2,2,2,2,2,1,2,2,0,0,0
2008,42,3,1,420343,1,2,2,2,1,1,3,1,3,1,2,2,2,2,2,1,2,2,2,1,3,2,2,1,1,2,2,1,2,2,2,0,0,0
2008,42,63,1,420344,1,2,1,2,1,1,4,1,4,1,1,2,2,2,2,2,2,2,2,2,3,2,2,2,2,1,2,2,2,2,2,0,0,0
2008,42,11,2,420345,1,2,1,1,1,2,1,2,2,2,2,2,2,1,2,2,2,2,2,2,1,1,1,1,1,2,2,1,2,1,2,0,0,0
2008,42,47,1,420346,1,2,1,2,1,2,4,2,4,1,1,2,2,2,2,1,2,2,2,2,3,2,2,2,2,2,2,2,1,2,2,0,0,0
2008,42,129,1,420347,1,2,2,2,1,2,4,2,3,2,2,2,2,2,2,2,2,2,1,2,1,2,2,2,2,2,2,2,1,2,2,0,0,0
2008,42,71,1,420348,1,2,1,2,1,2,5,2,4,1,1,2,2,1,2,2,2,2,2,2,1,2,2,2,2,1,2,2,1,2,2,0,0,0
2008,42,41,1,420349,1,2,1,1,2,2,1,2,2,1,1,2,2,1,2,2,2,2,2,2,2,2,2,2,2,2,2,2,1,2,2,0,0,0
2008,42,29,1,420350,1,2,2,2,1,1,3,1,4,1,1,2,3,2,2,1,2,2,2,2,1,2,2,2,2,2,2,2,2,2,2,0,0,0
2008,42,29,1,420351,1,2,2,2,1,2,3,2,5,1,2,2,3,2,2,1,2,2,2,2,1,2,2,2,2,2,1,1,1,2,2,0,0,0
2008,42,133,1,420352,1,2,2,2,1,2,4,2,1,2,2,2,1,2,2,2,1,2,2,2,1,2,2,2,2,2,1,1,2,2,2,0,0,0
2008,42,101,1,420353,1,2,2,2,1,1,6,1,1,1,1,1,1,1,2,2,1,2,2,2,3,2,2,2,2,2,2,2,2,2,2,0,0,0
2008,42,101,1,420354,1,2,2,2,4,2,3,2,1,2,1,2,1,2,1,1,2,2,2,2,2,2,2,2,2,2,1,1,1,2,2,0,0,0
2008,42,133,2,420355,1,2,2,1,2,2,1,2,1,2,1,2,2,2,2,1,2,2,2,2,3,1,1,1,1,2,2,1,1,2,2,0,0,0
2008,42,101,1,420356,1,2,2,2,1,1,3,1,1,1,1,2,1,2,2,2,1,2,2,2,3,2,2,2,2,2,1,1,2,2,2,0,0,0
2008,42,101,1,420357,1,2,2,2,4,2,6,2,1,3,1,2,1,2,2,2,2,2,2,2,2,2,2,2,2,1,2,2,1,2,2,0,0,0
2008,42,71,1,420358,1,2,1,2,1,2,5,3,4,1,1,2,2,2,2,2,2,2,2,2,3,2,2,2,2,1,2,2,2,2,2,0,0,0
2008,42,119,1,420359,1,2,1,2,1,1,5,1,4,1,1,2,2,1,2,2,2,2,2,2,3,1,1,1,1,1,2,1,2,1,2,0,0,0
2008,42,91,1,420360,1,2,2,2,1,2,6,2,1,2,1,1,1,2,2,2,1,2,2,2,3,2,2,2,2,2,2,2,2,2,2,0,0,0
2008,42,97,1,420361,1,2,1,2,4,2,5,2,1,1,1,2,1,2,2,2,2,2,2,2,1,2,2,2,2,1,2,2,1,2,2,0,0,0
2008,42,99,1,420362,1,2,1,2,2,2,4,2,2,2,1,2,1,2,2,2,2,2,2,2,1,2,2,2,2,2,2,2,1,2,2,0,0,0
2008,42,7,1,420363,1,2,2,2,1,2,4,3,2,1,1,2,2,2,2,2,2,2,2,2,3,2,2,2,2,2,2,2,2,1,2,0,0,0
2008,42,107,1,420364,1,2,1,2,4,2,5,2,1,2,2,2,1,2,2,1,2,2,1,2,1,1,1,1,1,2,2,1,1,2,2,0,0,0
2008,42,125,1,420365,1,2,1,1,3,2,1,2,1,2,1,2,1,2,2,2,2,2,1,2,3,2,2,2,2,1,2,2,1,2,2,0,0,0
2008,42,31,1,420366,1,2,1,2,4,2,6,2,1,2,1,2,1,2,2,1,2,2,1,2,1,2,2,2,2,2,2,2,1,2,2,0,0,0
2008,42,49,1,420367,1,2,1,2,1,2,4,2,3,1,1,2,2,1,2,2,2,2,2,2,3,1,1,1,1,2,2,1,1,2,2,0,0,0
2008,42,19,1,420368,1,2,1,2,1,1,3,1,4,1,1,2,2,2,2,2,2,2,2,2,3,1,1,1,1,2,2,1,2,2,2,0,0,0
2008,42,57,1,420369,1,2,1,2,1,2,4,3,4,2,1,2,2,2,2,2,2,2,2,2,3,2,2,2,2,1,2,2,2,2,2,0,0,0
2008,42,105,1,420370,1,2,1,2,4,2,6,2,1,2,1,2,1,1,2,1,2,2,2,2,1,2,2,2,2,1,2,2,1,2,2,0,0,0
2008,42,7,1,420371,1,2,2,2,1,2,6,2,4,1,1,2,2,2,1,1,2,2,2,2,3,1,1,1,1,1,2,1,1,2,2,0,0,0
2008,42,55,1,420372,1,2,1,1,2,2,1,2,2,1,1,2,1,2,2,1,1,2,2,2,2,2,2,1,1,2,2,1,1,2,1,0,0,0
2008,42,127,1,420373,1,2,1,2,4,2,4,2,1,2,2,2,1,2,2,2,2,2,1,2,1,2,2,2,2,2,1,1,1,2,2,0,0,0
2008,42,103,1,420374,1,2,1,2,4,2,6,2,1,2,1,2,1,2,2,2,2,2,2,2,3,1,1,1,1,2,2,1,1,1,2,0,0,0
2008,42,7,1,420375,1,2,2,2,1,2,2,2,1,2,1,2,1,2,1,2,2,2,2,2,3,2,2,2,2,2,2,2,2,2,2,0,0,0
2008,42,133,1,420376,1,2,1,2,1,1,4,1,4,1,2,2,2,2,2,2,2,2,2,2,1,2,2,2,2,2,2,2,2,2,2,0,0,0
2008,42,27,1,420377,1,2,1,2,4,2,5,2,1,2,2,2,1,2,2,1,2,2,1,2,2,1,1,1,1,2,2,1,1,2,2,0,0,0
2008,42,65,1,420378,1,2,1,2,4,2,4,2,1,1,1,2,1,2,2,2,2,2,2,2,2,2,2,2,2,2,2,2,1,2,2,0,0,0
2008,42,27,1,420379,1,2,1,2,4,2,6,2,1,2,1,2,1,2,2,1,2,2,1,2,1,2,2,2,2,2,1,1,1,2,2,0,0,0
2008,42,133,1,420380,1,2,1,1,1,2,1,2,4,2,1,2,2,2,2,1,2,2,2,2,3,2,2,2,2,2,2,2,1,2,2,0,0,0
2008,42,125,1,420381,1,2,1,2,4,2,5,2,1,2,2,2,1,2,2,1,2,2,1,2,1,2,2,2,2,2,2,2,1,2,2,0,0,0
2008,42,73,2,420382,1,2,1,2,4,2,5,2,1,2,1,2,1,2,2,1,2,2,2,2,1,2,2,2,2,2,2,2,1,2,2,0,0,0
2008,42,25,1,420383,1,2,1,2,1,1,5,1,3,1,2,2,2,2,2,2,2,2,2,2,3,2,2,2,2,1,2,2,2,2,2,0,0,0
2008,42,113,1,420384,1,2,1,2,4,2,6,2,1,2,2,2,1,2,2,1,2,2,2,2,1,2,2,2,2,2,2,2,1,2,2,0,0,0
2008,42,77,1,420385,1,2,2,2,1,2,2,2,5,2,2,1,2,2,2,1,2,2,2,2,1,2,2,2,2,2,1,1,2,2,2,0,0,0
2008,42,89,1,420386,1,2,1,2,4,2,4,2,1,2,1,2,1,2,2,2,2,2,2,2,2,2,2,2,2,2,1,1,1,1,2,0,0,0
2008,42,37,1,420387,1,2,2,2,1,2,4,2,1,1,1,2,1,2,2,2,1,2,2,2,2,1,1,1,1,2,2,1,2,2,2,0,0,0
2008,42,77,1,420388,1,2,2,2,1,2,5,2,1,2,2,2,1,2,1,2,2,2,2,2,2,2,2,2,2,2,2,2,2,2,2,0,0,0
2008,42,51,1,420389,1,2,2,2,1,1,4,1,4,1,1,2,2,2,2,1,2,2,2,2,3,1,1,1,1,2,2,1,2,2,2,0,0,0
2008,42,51,1,420390,1,2,2,2,1,1,3,1,4,2,2,2,2,2,2,2,2,2,2,2,3,2,2,2,2,1,2,2,2,2,2,0,0,0
2008,42,111,1,420391,1,2,1,2,4,2,4,2,1,2,2,2,1,2,2,2,2,2,2,2,1,1,1,1,1,2,2,1,1,2,2,0,0,0
2008,42,101,1,420392,1,2,2,2,1,2,3,2,1,2,1,2,2,2,1,2,1,2,2,2,3,2,2,2,2,2,2,2,2,2,2,0,0,0
2008,42,13,1,420393,1,2,1,2,4,2,5,2,1,1,2,2,1,2,2,1,2,2,1,2,3,2,2,2,2,2,2,2,1,2,2,0,0,0
2008,42,71,1,420394,1,2,1,2,4,2,6,2,1,1,1,2,1,2,2,1,2,2,2,2,3,2,2,2,2,1,2,2,1,2,2,0,0,0
2008,42,55,1,420395,1,2,1,2,1,1,5,1,4,1,1,2,2,2,2,2,2,2,1,2,3,2,2,2,2,1,2,2,2,2,2,0,0,0
2008,42,129,1,420396,1,2,1,2,1,2,4,3,4,1,1,2,2,1,2,2,2,2,1,2,2,2,2,2,2,1,2,2,2,2,2,0,0,0
2008,42,41,1,420397,1,2,1,2,4,2,4,2,1,1,1,2,1,2,2,2,2,2,2,2,3,2,2,2,2,2,2,2,1,2,1,0,0,0
2008,42,33,1,420398,1,2,1,2,2,2,5,2,1,2,2,2,1,2,2,1,2,2,1,2,1,2,2,2,2,2,2,2,1,2,2,0,0,0
2008,42,11,2,420399,1,2,2,2,1,2,3,2,5,1,1,2,2,1,2,2,2,2,2,2,3,2,2,2,2,2,2,2,1,2,1,0,0,0
2008,42,49,1,420400,1,2,1,2,4,2,5,2,1,2,2,2,1,2,2,1,2,2,2,2,1,2,2,2,2,2,1,1,1,2,2,0,0,0
2008,42,111,1,420401,1,2,1,2,1,2,3,2,3,1,2,2,2,2,2,2,2,2,2,2,3,2,2,2,2,2,2,2,2,2,2,0,0,0
2008,42,69,1,420402,1,2,1,1,3,2,1,2,1,2,2,2,1,2,2,2,2,2,2,2,2,2,2,2,2,2,2,2,1,2,2,0,0,0
2008,42,117,1,420403,1,2,1,2,4,2,4,2,1,2,1,2,1,2,1,1,2,2,2,2,1,2,2,2,2,2,2,2,1,2,2,0,0,0
2008,42,129,2,420404,1,2,2,2,1,2,2,2,3,1,1,2,2,2,2,2,2,2,1,2,2,1,1,1,1,2,2,1,1,2,2,0,0,0
2008,42,133,1,420405,1,2,1,2,1,2,5,2,3,1,1,2,2,2,2,1,2,2,2,2,3,1,1,1,1,2,1,1,1,2,2,0,0,0
2008,42,11,1,420406,1,2,2,2,4,2,5,2,1,2,2,2,1,2,1,1,2,2,2,2,1,2,2,2,2,2,1,1,1,2,2,0,0,0
2008,42,79,1,420407,1,2,1,2,4,2,6,2,1,1,1,2,1,2,2,1,2,2,1,2,2,2,2,2,2,1,2,2,1,2,2,0,0,0
2008,42,107,1,420408,1,2,1,2,4,2,6,2,1,1,1,2,1,2,2,2,2,2,2,2,3,2,2,2,2,1,2,2,1,2,2,0,0,0
2008,42,95,1,420409,1,2,2,2,1,1,4,1,4,1,1,2,2,2,2,2,2,2,2,2,3,2,2,2,2,1,2,2,2,2,2,0,0,0
2008,42,63,2,420410,1,2,1,2,1,2,3,2,3,2,2,2,2,2,2,1,2,2,2,2,1,2,2,2,2,2,2,2,1,2,2,0,0,0
2008,42,49,6,420411,1,2,1,1,1,2,1,2,1,1,2,2,2,2,2,2,2,2,1,2,3,2,2,2,2,2,2,2,1,2,2,0,0,0
2008,42,43,1,420412,1,2,1,2,1,2,6,2,3,2,2,2,2,2,1,1,2,2,2,2,1,2,2,2,2,2,1,1,1,2,2,0,0,0
2008,42,45,1,420413,1,2,2,2,1,1,3,1,4,1,1,2,2,2,2,2,2,2,2,2,3,2,2,2,2,1,2,2,2,2,2,0,0,0
2008,42,71,1,420414,1,2,2,2,1,1,6,1,4,1,1,2,2,2,2,2,2,2,2,2,2,2,2,2,2,1,2,2,2,2,2,0,0,0
2008,42,85,1,420415,1,2,1,2,4,2,6,2,1,2,2,2,1,2,2,1,2,2,1,2,2,1,1,1,1,2,2,1,1,2,2,0,0,0
2008,42,71,1,420416,1,2,1,2,1,1,6,1,4,1,1,2,2,2,2,2,2,2,2,2,3,2,2,2,2,1,2,2,2,2,2,0,0,0
2008,42,29,1,420417,1,2,2,2,1,2,4,2,3,1,2,2,2,2,2,2,2,2,2,2,3,2,2,2,2,2,1,1,1,1,2,0,0,0
2008,42,17,1,420418,1,2,2,2,1,1,4,1,5,1,1,2,2,2,2,2,2,2,2,2,3,2,2,2,2,2,2,2,2,2,2,0,0,0
2008,42,111,1,420419,1,2,1,2,4,2,4,2,1,1,2,2,1,2,1,2,2,2,2,2,1,2,2,2,2,2,2,2,1,2,2,0,0,0
2008,42,3,1,420420,1,2,2,2,2,2,6,2,4,1,1,2,1,2,2,1,2,2,2,2,1,2,2,2,2,2,2,2,2,2,2,0,0,0
2008,42,17,1,420421,1,2,1,2,1,2,4,2,1,1,1,2,1,2,2,2,2,2,1,2,2,2,2,2,2,2,2,2,2,2,2,0,0,0
2008,42,69,1,420422,1,2,2,2,1,2,4,2,1,1,2,2,2,2,2,2,2,2,1,2,3,2,2,2,2,2,2,2,2,2,2,0,0,0
2008,42,17,1,420423,1,2,2,2,1,1,3,1,4,2,1,2,2,2,2,2,2,2,2,2,3,2,2,2,2,2,2,2,2,2,2,0,0,0
2008,42,71,1,420424,1,2,2,2,1,2,5,2,3,1,1,2,2,2,2,1,2,2,2,2,3,2,2,2,2,2,2,2,1,2,2,0,0,0
2008,42,71,1,420425,1,2,1,2,1,2,5,2,3,2,2,2,2,2,2,2,2,2,2,2,3,1,1,1,1,2,2,1,1,2,2,0,0,0
2008,42,91,1,420426,1,2,2,2,1,1,6,1,4,2,1,2,2,2,1,2,2,2,2,2,3,2,2,2,2,2,1,1,2,2,2,0,0,0
2008,42,107,1,420427,1,2,1,2,4,2,6,2,1,2,2,2,1,2,2,2,2,2,2,2,1,2,2,2,2,2,1,1,1,2,2,0,0,0
2008,42,93,1,420428,1,2,1,1,1,2,1,2,2,2,1,2,3,1,2,1,2,2,2,2,3,2,2,2,2,2,2,2,2,2,2,0,0,0
2008,42,77,1,420429,1,2,2,2,4,2,3,2,1,2,2,2,1,2,2,1,2,2,2,2,3,2,2,2,2,2,2,2,1,2,2,0,0,0
2008,42,91,1,420430,1,2,2,2,1,1,3,1,1,1,1,2,1,2,2,2,1,2,2,2,3,2,2,2,2,2,2,2,2,2,2,0,0,0
2008,42,69,1,420431,1,2,2,2,1,2,6,2,1,1,1,2,1,2,2,2,1,2,2,2,3,2,2,2,2,2,2,2,2,1,2,0,0,0
2008,42,3,1,420432,1,2,2,2,1,1,6,1,1,1,1,2,1,2,2,2,1,2,2,2,3,2,2,2,2,2,2,2,2,2,2,0,0,0
2008,42,91,1,420433,1,2,2,2,1,1,6,1,1,2,2,1,1,2,2,2,1,2,2,2,3,2,2,2,2,2,2,2,2,2,2,0,0,0
2008,42,21,1,420434,1,2,1,2,1,1,3,1,2,2,2,2,2,1,2,1,2,2,2,2,1,2,2,2,2,2,1,1,2,2,2,0,0,0
2008,42,77,1,420435,1,2,2,2,1,2,4,2,5,1,1,2,3,1,2,2,2,2,2,2,3,2,2,2,2,1,2,2,1,2,2,0,0,0
2008,42,133,1,420436,1,2,1,2,1,2,6,2,1,1,2,2,1,2,1,1,2,2,2,2,1,2,2,2,2,2,2,2,2,2,2,0,0,0
2008,42,101,1,420437,1,2,2,2,1,1,3,1,4,2,2,2,2,2,1,2,2,2,2,2,1,2,2,2,2,2,1,1,2,2,2,0,0,0
2008,42,17,1,420438,1,2,2,2,1,1,3,1,1,1,1,2,2,2,1,2,2,2,2,2,3,1,1,1,1,2,2,1,2,2,2,0,0,0
2008,42,89,1,420439,1,2,1,2,2,2,5,2,1,1,2,2,1,2,1,2,2,2,2,2,1,2,2,2,2,2,2,2,1,2,2,0,0,0
2008,42,71,1,420440,1,2,1,2,1,2,4,3,4,2,2,2,3,2,1,2,2,2,2,2,1,2,2,2,2,2,2,2,2,2,2,0,0,0
2008,42,17,1,420441,1,2,2,2,2,2,3,2,1,2,2,2,1,2,2,1,2,2,2,2,1,2,2,2,2,2,2,2,1,2,2,0,0,0
2008,42,27,1,420442,1,2,2,2,2,2,4,2,1,1,2,2,2,2,2,1,2,2,2,2,3,2,2,2,2,2,2,2,1,2,2,0,0,0
2008,42,11,1,420443,1,2,2,2,1,2,2,2,5,1,1,2,3,2,2,1,2,2,2,2,3,2,2,2,2,2,1,1,2,2,2,0,0,0
2008,42,79,1,420444,1,2,2,2,2,2,4,2,1,2,1,2,1,2,2,2,2,2,2,2,2,2,2,2,2,2,2,2,1,2,2,0,0,0
2008,42,45,1,420445,1,2,2,2,1,2,6,2,2,2,2,2,2,2,1,1,2,2,2,2,1,2,2,2,2,2,1,1,2,2,2,0,0,0
2008,42,133,1,420446,1,2,1,2,1,1,3,1,4,1,1,2,2,2,2,2,2,2,2,2,2,2,2,2,2,2,2,2,2,2,2,0,0,0
2008,42,75,1,420447,1,2,1,2,2,2,5,2,1,2,2,2,1,2,1,2,2,2,2,2,1,2,2,2,2,2,2,2,1,2,2,0,0,0
2008,42,11,2,420448,1,2,1,2,1,2,4,2,3,1,2,2,2,1,1,2,2,2,2,2,1,2,2,2,2,2,2,2,1,2,2,0,0,0
2008,42,117,1,420449,1,2,1,2,1,1,3,1,4,2,1,2,2,2,1,2,2,2,2,2,3,2,2,2,2,1,2,2,2,2,2,0,0,0
2008,42,83,2,420450,1,2,1,2,4,2,5,2,1,2,2,2,1,2,2,1,2,2,2,2,1,1,1,1,1,2,2,1,1,2,2,0,0,0
2008,42,29,1,420451,1,2,2,2,1,2,3,2,1,2,1,2,1,2,2,2,2,1,2,2,1,2,2,2,2,2,1,1,2,2,2,0,0,0
2008,42,131,3,420452,1,2,1,2,4,2,5,2,1,2,2,2,1,2,2,1,2,2,1,2,2,1,1,1,1,2,2,1,1,2,2,0,0,0
2008,42,43,1,420453,1,2,2,2,1,2,3,2,1,1,1,2,1,2,2,2,1,2,2,2,3,2,2,2,2,2,2,2,2,2,2,0,0,0
2008,42,33,2,420454,1,2,1,2,1,1,5,1,4,1,1,2,3,1,2,2,2,2,1,2,3,1,1,1,1,2,2,1,2,2,2,0,0,0
2008,42,61,1,420455,1,2,1,2,1,2,5,2,1,1,2,2,1,2,1,2,2,2,2,2,3,2,2,2,2,2,2,2,2,2,2,0,0,0
2008,42,17,1,420456,1,2,2,1,2,2,1,2,1,2,2,2,1,2,2,1,2,2,2,2,1,2,2,2,2,2,2,2,1,2,2,0,0,0
2008,42,81,1,420457,1,2,2,2,1,2,3,3,1,2,2,2,2,2,1,2,2,2,2,2,1,2,2,2,2,1,2,2,2,2,2,0,0,0
2008,42,101,1,420458,1,2,2,2,1,1,3,1,1,2,2,2,1,2,2,2,2,1,2,2,3,2,2,2,2,2,2,2,2,2,2,0,0,0
2008,42,23,1,420459,1,2,1,2,4,2,6,2,1,1,2,2,1,2,2,1,2,2,2,2,2,1,1,1,1,2,2,1,1,2,2,0,0,0
2008,42,53,1,420460,1,2,1,2,2,2,3,2,1,1,2,2,1,2,1,1,2,2,2,2,1,2,2,2,2,2,2,2,1,2,2,0,0,0
2008,42,49,1,420461,1,2,1,2,4,2,6,2,1,1,2,2,1,2,2,1,2,2,1,2,1,2,2,2,2,2,2,2,1,2,2,0,0,0
2008,42,127,1,420462,1,2,1,2,4,2,6,2,1,2,1,2,1,2,2,1,2,2,2,2,1,2,2,2,2,2,2,2,1,2,2,0,0,0
2008,42,61,1,420463,1,2,1,2,4,2,4,2,1,1,1,2,1,2,2,2,2,2,2,2,2,2,2,2,2,1,2,2,1,2,2,0,0,0
2008,42,85,1,420464,1,2,1,1,3,2,1,2,1,2,2,2,1,2,2,1,2,2,1,2,1,2,2,2,2,2,2,2,1,2,2,0,0,0
2008,42,129,2,420465,1,2,1,2,4,2,5,2,1,1,1,2,1,2,2,2,2,2,2,2,3,2,2,2,2,2,2,2,1,1,2,0,0,0
2008,42,27,1,420466,1,2,1,2,1,2,5,2,1,2,2,2,1,2,2,2,2,2,2,2,3,2,2,2,2,2,2,2,2,2,2,0,0,0
2008,42,11,1,420467,1,2,2,2,1,1,3,1,4,2,2,2,2,1,2,2,2,2,2,2,3,2,2,2,2,2,2,2,2,2,2,0,0,0
2008,42,31,1,420468,1,2,1,2,4,2,3,2,1,1,1,2,1,2,2,2,2,2,1,2,2,2,2,2,2,2,2,2,1,1,2,0,0,0
2008,42,83,1,420469,1,2,1,2,2,2,5,2,1,2,2,2,1,2,1,1,2,2,2,2,3,2,2,2,2,2,2,2,1,2,2,0,0,0
2008,42,85,1,420470,1,2,1,2,1,2,5,2,5,1,1,2,2,1,2,2,2,2,1,2,3,2,2,2,2,1,2,2,1,2,2,0,0,0
2008,42,29,1,420471,1,2,2,2,4,2,3,2,1,2,1,2,1,2,2,2,2,2,2,2,2,1,1,1,1,2,2,1,1,2,2,0,0,0
2008,42,19,1,420472,1,2,1,2,1,2,4,2,3,1,1,2,2,1,2,2,2,2,2,2,3,2,2,2,2,2,2,2,1,2,2,0,0,0
2008,42,43,1,420473,1,2,1,2,1,2,3,2,1,2,1,2,1,2,2,2,2,2,2,2,1,2,2,2,2,1,2,2,2,2,2,0,0,0
2008,42,83,1,420474,1,2,1,2,4,2,3,2,1,2,2,2,1,2,2,1,2,2,2,2,1,2,2,2,2,2,1,1,1,2,2,0,0,0
2008,42,133,1,420475,1,2,2,2,1,2,4,2,3,1,1,2,2,2,2,2,2,2,2,2,3,1,1,1,1,2,1,1,1,2,2,0,0,0
2008,42,75,1,420476,1,2,1,2,1,1,6,1,4,2,2,2,2,2,2,2,2,2,1,2,1,2,2,2,2,2,1,1,2,2,2,0,0,0
2008,42,43,1,420477,1,2,1,1,2,2,1,3,2,2,1,2,1,2,2,2,2,2,2,2,3,2,2,2,2,2,2,2,1,2,1,0,0,0
2008,42,101,1,420478,1,2,2,2,1,2,4,2,1,2,2,1,1,2,2,2,1,2,2,2,3,2,2,2,2,2,2,2,2,2,2,0,0,0
2008,42,43,1,420479,1,2,2,1,1,2,1,2,1,2,1,2,1,1,2,2,1,2,2,2,3,2,2,2,2,2,2,2,2,2,2,0,0,0
2008,42,127,1,420480,1,2,1,2,4,2,6,2,1,2,2,2,1,2,1,2,2,2,2,1,1,2,2,2,2,2,1,1,1,2,2,0,0,0
2008,42,123,1,420481,1,2,1,2,1,2,3,2,4,2,2,2,2,2,2,2,2,2,1,2,1,2,2,2,2,2,1,1,1,2,2,0,0,0
2008,42,107,1,420482,1,2,1,1,3,2,1,2,1,1,2,2,1,2,2,2,2,2,1,2,2,2,2,2,2,2,1,1,1,2,2,0,0,0
2008,42,33,1,420483,1,2,1,1,1,2,1,2,5,2,1,2,2,1,2,1,2,2,2,2,3,2,2,2,2,2,2,2,2,2,2,0,0,0
2008,42,69,1,420484,1,2,2,2,2,2,4,2,1,1,2,2,1,2,2,1,2,2,1,2,2,2,2,2,2,2,2,2,1,2,2,0,0,0
2008,42,69,1,420485,1,2,2,1,3,2,1,2,1,2,1,2,1,1,2,2,2,2,2,2,1,2,2,2,2,2,2,2,1,2,2,0,0,0
2008,42,9,1,420486,1,2,1,2,4,2,5,2,1,1,2,2,1,2,2,1,2,2,2,2,3,1,1,1,1,2,2,1,1,2,2,0,0,0
2008,42,89,1,420487,1,2,1,2,4,1,4,1,1,2,1,2,1,2,1,2,2,2,2,2,3,2,2,2,2,2,2,2,2,1,2,0,0,0
2008,42,17,1,420488,1,2,1,2,1,2,5,2,1,1,1,2,1,1,2,2,2,2,1,2,3,2,2,2,2,1,2,2,2,2,2,0,0,0
2008,42,17,1,420489,1,2,2,2,4,2,4,2,1,2,2,2,1,2,2,1,2,2,2,2,1,2,2,2,2,2,1,1,1,2,2,0,0,0
2008,42,75,2,420490,1,2,1,2,1,1,4,1,4,1,1,2,2,2,2,2,2,2,1,2,2,2,2,2,2,2,2,2,2,2,2,0,0,0
2008,42,17,1,420491,1,2,2,2,1,2,3,2,1,1,2,2,1,2,1,1,2,2,2,2,2,2,2,2,2,2,1,1,2,2,2,0,0,0
2008,42,69,1,420492,1,2,1,2,4,2,5,2,1,1,2,2,1,2,1,1,2,2,2,2,3,2,2,2,2,2,2,2,1,2,2,0,0,0
2008,42,33,1,420493,1,2,1,2,4,1,6,1,1,2,2,2,1,2,2,2,2,2,2,2,1,2,2,2,2,2,2,2,2,2,2,0,0,0
2008,42,29,1,420494,1,2,1,2,4,2,6,2,1,2,2,2,1,2,2,1,2,2,1,2,1,2,2,2,2,2,1,1,1,2,2,0,0,0
2008,42,51,1,420495,1,2,2,2,1,2,3,3,2,2,2,2,2,2,1,1,2,2,2,2,1,2,2,2,2,2,2,2,2,2,2,0,0,0
2008,42,17,1,420496,1,2,2,2,4,2,5,2,1,1,1,2,1,2,1,2,2,2,2,2,3,2,2,2,2,2,2,2,1,2,2,0,0,0
2008,42,3,1,420497,1,2,1,2,1,2,6,2,1,2,2,2,1,2,2,2,1,2,2,2,3,2,2,2,2,2,2,2,2,2,2,0,0,0
2008,42,101,1,420498,1,2,2,2,1,1,3,1,2,2,2,2,3,2,2,1,2,2,2,2,3,2,2,2,2,2,1,1,2,2,2,0,0,0
2008,42,95,1,420499,1,2,2,2,4,2,3,2,1,2,2,2,1,2,2,1,2,2,2,2,1,2,2,2,2,2,2,2,1,2,2,0,0,0
2008,42,1,1,420500,1,2,2,2,1,1,3,1,1,2,2,2,1,2,1,1,2,2,2,2,1,2,2,2,2,2,2,2,2,2,2,0,0,0
2008,42,13,1,420501,1,2,2,2,1,2,6,2,1,1,1,2,1,2,2,2,1,2,2,2,2,2,2,2,2,2,2,2,2,2,2,0,0,0
2008,42,3,1,420502,1,2,2,2,3,2,4,2,1,2,2,2,1,2,1,2,2,2,2,2,3,2,2,2,2,2,2,2,1,2,2,0,0,0
2008,42,91,1,420503,1,2,2,2,1,1,3,1,2,1,1,2,3,1,2,2,2,2,2,2,2,2,2,2,2,2,2,2,2,2,2,0,0,0
2008,42,89,1,420504,1,2,1,1,1,2,1,2,5,1,1,2,3,1,2,1,2,2,2,2,3,1,1,1,1,2,2,1,2,1,2,0,0,0
2008,42,19,1,420505,1,2,2,2,1,2,4,2,4,1,2,2,3,2,2,1,2,2,2,2,3,2,2,2,2,2,2,2,1,2,2,0,0,0
2008,42,3,1,420506,1,2,2,2,4,2,3,2,1,2,2,2,1,2,2,2,2,2,1,2,1,2,2,2,2,2,2,2,1,2,2,0,0,0
2008,42,101,1,420507,1,2,2,2,1,2,3,2,1,2,1,2,1,2,1,1,2,2,2,2,2,2,2,2,2,2,1,1,2,1,2,0,0,0
2008,42,91,1,420508,1,2,2,2,3,2,3,2,1,2,1,2,1,2,2,1,2,2,2,2,2,1,1,1,1,2,2,1,1,2,2,0,0,0
2008,42,101,1,420509,1,2,2,2,4,2,3,2,1,1,1,2,1,2,2,2,2,2,2,2,3,2,2,2,2,1,2,2,1,2,2,0,0,0
2008,42,77,1,420510,1,2,2,2,4,2,4,2,1,2,1,2,1,2,2,2,2,2,2,2,1,2,2,2,2,2,2,2,1,2,2,0,0,0
2008,42,111,1,420511,1,2,1,2,4,2,3,2,1,1,1,2,1,2,2,1,2,2,2,2,2,1,1,1,1,2,2,1,1,2,2,0,0,0
2008,42,25,1,420512,1,2,2,2,2,2,3,2,1,2,2,2,1,2,1,1,2,2,2,2,1,2,2,2,2,2,2,2,1,2,2,0,0,0
2008,42,125,1,420513,1,2,2,2,1,1,3,1,4,1,2,2,2,2,2,2,2,2,2,2,3,2,2,2,2,2,2,2,2,2,2,0,0,0
2008,42,11,1,420514,1,2,1,2,1,2,5,3,4,1,1,2,3,2,1,1,2,2,2,2,3,1,1,1,1,2,1,1,2,2,2,0,0,0
2008,42,11,2,420515,1,2,2,2,1,1,3,1,4,1,2,2,3,1,2,2,2,2,2,2,3,1,1,1,1,2,2,1,2,1,2,0,0,0
2008,42,133,1,420516,1,2,1,2,4,2,6,2,1,2,1,2,1,2,2,1,2,2,2,2,2,2,2,2,2,1,2,2,1,2,2,0,0,0
2008,42,107,1,420517,1,2,2,2,4,2,3,2,1,2,2,2,1,2,1,1,2,2,2,2,1,2,2,2,2,2,2,2,1,2,2,0,0,0
2008,42,125,1,420518,1,2,1,2,1,1,4,1,3,2,1,2,2,2,2,2,2,2,2,2,1,2,2,2,2,2,2,2,2,1,2,0,0,0
2008,42,109,1,420519,1,2,2,2,4,2,3,2,1,2,2,2,2,1,2,1,2,2,2,2,1,2,2,2,2,2,1,1,1,2,2,0,0,0
2008,42,37,1,420520,1,2,1,2,1,1,4,1,4,1,1,2,2,1,2,2,2,2,2,2,3,1,1,1,1,2,2,1,2,1,2,0,0,0
2008,42,79,1,420521,1,2,2,2,1,1,3,1,3,1,1,2,2,2,1,2,2,2,2,2,3,2,2,2,2,2,2,2,2,2,2,0,0,0
2008,42,91,2,420522,1,2,1,2,4,2,6,2,5,2,2,2,1,2,2,1,2,2,2,2,1,2,2,2,2,2,1,1,1,2,2,0,0,0
2008,42,45,1,420523,1,2,2,2,4,2,3,2,1,2,1,2,1,2,2,2,2,2,2,2,2,2,2,2,2,1,2,2,1,2,2,0,0,0
2008,42,89,1,420524,1,2,1,2,4,2,6,2,1,1,2,2,1,2,2,2,2,2,2,2,3,2,2,2,2,1,2,2,1,2,1,0,0,0
2008,42,45,1,420525,1,2,2,2,4,2,3,2,1,2,1,2,1,2,2,1,2,2,2,2,1,2,2,2,2,2,2,2,1,2,2,0,0,0
2008,42,43,1,420526,1,2,2,2,1,1,4,1,4,1,1,2,2,2,2,2,2,2,2,2,3,2,2,2,2,1,1,1,2,2,2,0,0,0
2008,42,43,1,420527,1,2,2,2,1,1,5,1,4,1,2,2,2,2,2,2,2,2,1,2,1,2,2,2,2,2,2,2,2,2,2,0,0,0
2008,42,51,1,420528,1,2,1,2,4,2,5,2,1,2,1,2,1,2,2,1,2,2,1,2,1,2,2,2,2,2,1,1,1,2,2,0,0,0
2008,42,7,1,420529,1,2,1,2,4,2,4,2,2,1,2,2,1,2,2,1,1,2,2,2,3,2,2,2,2,2,2,2,1,2,2,0,0,0
2008,42,89,1,420530,1,2,1,2,4,2,4,2,1,2,1,2,1,2,2,2,2,2,1,2,1,2,2,2,2,2,2,2,1,2,2,0,0,0
2008,42,91,1,420531,1,2,2,2,2,2,4,2,1,2,1,2,2,2,1,1,2,2,2,2,3,2,2,2,2,2,1,1,1,2,2,0,0,0
2008,42,3,1,420532,1,2,2,1,3,2,1,2,1,2,1,2,1,2,1,1,2,2,2,2,2,2,2,2,2,2,2,2,1,2,2,0,0,0
2008,42,129,2,420533,1,2,2,2,4,2,4,2,1,2,1,2,1,2,2,2,2,2,1,2,1,1,1,1,1,2,2,1,1,2,2,0,0,0
2008,42,33,1,420534,1,2,1,2,4,2,6,2,1,2,2,2,1,2,2,1,2,2,2,2,1,2,2,2,2,2,2,2,1,2,2,0,0,0
2008,42,97,1,420535,1,2,2,2,4,2,3,2,1,2,2,2,1,2,2,1,2,2,1,2,2,2,2,2,2,2,1,1,1,2,2,0,0,0
2008,42,101,1,420536,1,2,2,2,4,2,4,2,1,2,1,2,1,2,2,2,2,2,2,2,3,2,2,2,2,2,2,2,1,2,2,0,0,0
2008,42,79,1,420537,1,2,2,2,1,2,3,3,1,2,2,2,1,2,2,2,1,2,2,2,3,2,2,2,2,2,2,2,2,2,2,0,0,0
2008,42,71,1,420538,1,2,2,2,1,1,4,1,6,1,1,2,2,2,2,2,2,2,2,2,3,2,2,2,2,1,2,2,2,2,2,0,0,0
2008,42,125,1,420539,1,2,2,2,4,2,5,2,1,1,2,2,1,2,2,2,2,2,1,2,1,2,2,2,2,2,2,2,1,2,2,0,0,0
2008,42,47,1,420540,1,2,1,2,4,2,5,2,1,1,1,2,1,2,2,1,2,2,2,2,3,2,2,2,2,1,2,2,1,2,2,0,0,0
2008,42,17,1,420541,1,2,1,2,4,1,6,1,1,2,2,2,1,2,1,1,2,2,2,2,3,1,1,1,1,2,2,1,2,2,2,0,0,0
2008,42,101,1,420542,1,2,2,2,1,1,6,1,1,1,1,2,1,2,2,2,1,2,2,2,3,2,2,2,2,2,2,2,2,2,2,0,0,0
2008,42,11,1,420543,1,2,2,2,2,2,4,2,1,2,1,2,1,2,1,1,2,2,2,2,1,2,2,2,2,2,2,2,1,2,2,0,0,0
2008,42,3,1,420544,1,2,2,2,1,2,4,2,4,2,2,1,2,2,1,2,2,2,2,2,1,2,2,2,2,1,2,2,1,2,2,0,0,0
2008,42,3,1,420545,1,2,2,1,1,2,1,2,3,2,1,2,2,2,2,2,2,2,2,2,2,2,2,2,2,2,2,2,2,2,2,0,0,0
2008,42,29,1,420546,1,2,2,2,1,1,5,1,4,1,1,2,2,2,2,2,2,2,2,2,3,1,1,1,1,1,2,1,2,2,2,0,0,0
2008,42,3,1,420547,1,2,2,2,1,2,3,2,4,1,1,2,2,2,2,2,2,2,2,2,3,2,2,2,2,1,2,2,1,2,2,0,0,0
2008,42,17,1,420548,1,2,2,2,1,1,4,1,4,1,1,2,2,2,2,2,2,2,2,2,3,1,1,1,1,2,2,1,2,1,2,0,0,0
2008,42,45,1,420549,1,2,2,2,4,2,3,2,1,1,2,2,1,2,2,2,2,2,2,2,2,2,2,2,2,2,2,2,1,2,2,0,0,0
2008,42,77,1,420550,1,2,2,2,1,1,6,1,4,1,1,2,2,2,1,2,2,2,2,2,3,2,2,2,2,2,2,2,2,2,2,0,0,0
2008,42,3,1,420551,1,2,2,2,1,2,3,3,4,1,1,2,2,2,2,2,2,2,1,2,3,2,2,2,2,1,2,2,2,2,2,0,0,0
2008,42,79,1,420552,1,2,1,2,1,1,4,1,6,1,1,2,2,1,1,2,2,2,2,2,3,2,2,2,2,2,2,2,2,2,2,0,0,0
2008,42,85,1,420553,1,2,1,2,1,1,3,1,4,1,2,2,2,2,2,1,2,2,2,2,3,2,2,2,2,1,2,2,2,2,2,0,0,0
2008,42,89,1,420554,1,2,1,2,1,2,4,2,3,2,1,2,2,2,2,2,2,2,2,2,3,2,2,2,2,1,2,2,1,2,2,0,0,0
2008,42,71,1,420555,1,2,1,2,1,2,4,2,1,2,1,2,1,1,2,2,1,2,2,2,2,2,2,2,2,2,2,2,2,2,2,0,0,0
2008,42,29,1,420556,1,2,2,2,1,2,5,3,1,2,1,2,1,1,2,2,1,2,2,2,3,2,2,2,2,2,1,1,2,2,2,0,0,0
2008,42,133,1,420557,1,2,1,2,1,1,3,1,4,2,2,2,2,2,1,2,2,2,2,2,2,2,2,2,2,2,2,2,2,2,2,0,0,0
2008,42,133,1,420558,1,2,1,2,1,2,6,2,5,1,1,2,2,2,2,1,2,2,1,2,1,1,1,1,1,2,2,1,1,2,2,0,0,0
2008,42,101,1,420559,1,2,2,2,1,1,6,1,4,2,2,2,2,2,1,2,2,2,2,2,1,2,2,2,2,2,2,2,2,2,2,0,0,0
2008,42,101,1,420560,1,2,2,2,4,2,6,2,4,1,1,2,1,2,1,2,2,2,2,2,1,2,2,2,2,2,2,2,2,2,2,0,0,0
2008,42,71,1,420561,1,2,2,2,1,1,3,1,4,2,1,2,2,2,2,2,2,2,2,2,3,2,2,2,2,2,2,2,2,2,2,0,0,0
2008,42,17,1,420562,1,2,2,2,4,2,3,2,1,2,1,2,2,2,2,2,1,2,2,2,3,2,2,2,2,2,1,1,2,2,2,0,0,0
2008,42,129,1,420563,1,2,2,2,1,2,3,2,4,2,2,2,2,2,2,2,2,2,2,2,3,2,2,2,2,2,2,2,1,2,1,0,0,0
2008,42,79,1,420564,1,2,1,2,1,2,5,3,4,1,1,2,2,1,1,1,2,2,2,2,3,2,2,2,2,2,1,1,2,2,2,0,0,0
2008,42,3,1,420565,1,2,2,2,4,2,4,2,1,2,2,2,1,2,2,2,2,2,2,2,3,2,2,2,2,2,2,2,1,2,2,0,0,0
2008,42,17,1,420566,1,2,2,2,1,1,3,1,1,2,2,1,1,2,2,2,1,2,2,2,3,2,2,1,1,2,2,1,2,2,2,0,0,0
2008,42,101,1,420567,1,2,2,2,3,2,3,2,1,1,2,2,1,2,2,2,2,2,1,2,1,2,2,2,2,2,1,1,1,2,2,0,0,0
2008,42,3,1,420568,1,2,2,2,4,2,6,2,1,2,2,2,1,2,2,2,1,2,2,2,1,2,2,2,2,2,2,2,1,2,2,0,0,0
2008,42,101,1,420569,1,2,2,2,1,2,3,2,1,2,2,1,1,2,2,2,1,2,2,2,3,2,2,2,2,2,2,2,2,2,2,0,0,0
2008,42,101,1,420570,1,2,2,2,4,2,6,2,1,1,1,2,1,2,1,1,2,2,2,2,2,2,2,2,2,2,2,2,1,2,2,0,0,0
2008,42,27,1,420571,1,2,1,2,4,2,6,2,1,2,2,2,1,2,2,1,2,2,2,2,1,2,2,1,1,2,2,1,1,2,2,0,0,0
2008,42,11,1,420572,1,2,2,2,1,2,5,3,1,1,1,2,1,2,2,2,1,2,2,2,3,2,2,2,2,2,1,1,2,2,2,0,0,0
2008,42,89,1,420573,1,2,1,2,1,2,4,2,3,1,1,2,3,2,2,2,2,2,2,2,1,2,2,2,2,2,2,2,1,2,2,0,0,0
2008,42,107,1,420574,1,2,1,1,1,2,1,3,2,1,1,2,3,1,2,1,2,2,2,2,3,2,2,2,2,2,1,1,2,2,2,0,0,0
2008,42,71,1,420575,1,2,1,2,1,2,6,2,1,2,1,2,1,2,1,1,2,1,2,2,3,2,2,2,2,2,1,1,1,2,2,0,0,0
2008,42,71,1,420576,1,2,1,2,4,2,6,2,1,1,2,2,1,2,1,1,2,2,2,2,2,1,1,1,1,2,2,1,1,2,2,0,0,0
2008,42,3,1,420577,1,2,2,2,4,2,2,3,1,1,2,2,1,2,1,1,2,2,2,2,2,2,2,2,2,2,2,2,1,2,2,0,0,0
2008,42,29,1,420578,1,2,2,2,1,1,3,1,4,1,1,2,2,1,2,2,2,2,2,2,3,2,2,2,2,2,2,2,2,2,2,0,0,0
2008,42,45,1,420579,1,2,2,1,2,2,1,3,1,2,2,2,1,2,1,1,2,2,2,2,2,2,2,2,2,2,2,2,1,2,2,0,0,0
2008,42,129,1,420580,1,2,2,2,4,2,5,2,1,1,2,2,1,2,1,1,2,2,2,2,1,2,2,2,2,2,2,2,1,2,2,0,0,0
2008,42,99,1,420581,1,2,1,2,4,2,6,2,1,2,1,2,1,2,2,1,2,2,2,2,1,2,2,2,2,1,2,2,1,2,2,0,0,0
2008,42,3,1,420582,1,2,2,2,1,1,6,1,1,1,1,2,1,2,2,2,1,2,2,2,3,2,2,2,2,2,2,2,2,2,2,0,0,0
2008,42,101,1,420583,1,2,2,2,1,1,3,1,4,1,1,2,2,2,1,2,2,2,2,2,1,2,2,2,2,1,2,2,2,2,2,0,0,0
2008,42,3,2,420584,1,2,2,2,1,1,3,1,4,1,1,2,2,2,2,2,2,2,1,2,3,2,2,2,2,1,2,2,2,2,2,0,0,0
2008,42,133,1,420585,1,2,2,2,1,2,5,2,3,1,1,2,2,1,2,2,2,2,2,2,3,2,2,2,2,1,2,2,1,2,2,0,0,0
2008,42,17,1,420586,1,2,2,2,1,2,3,3,4,1,1,2,2,2,1,1,2,2,2,2,3,2,2,2,2,2,1,1,2,2,2,0,0,0
2008,42,101,1,420587,1,2,2,2,1,1,4,1,4,2,2,2,2,2,1,2,2,2,2,2,3,2,2,2,2,2,2,2,2,2,2,0,0,0
2008,42,51,1,420588,1,2,2,2,2,1,2,1,1,2,2,2,1,2,2,2,2,2,1,2,3,2,2,2,2,1,2,2,1,2,2,0,0,0
2008,42,43,1,420589,1,2,1,2,4,2,4,2,1,2,1,2,1,2,2,1,2,2,1,2,1,2,2,2,2,2,1,1,1,2,2,0,0,0
2008,42,79,1,420590,1,2,2,2,1,2,4,2,3,1,1,2,3,2,2,2,2,2,2,2,3,2,2,2,2,1,2,2,2,2,2,0,0,0
2008,42,27,1,420591,1,2,1,2,1,2,3,2,2,1,1,2,3,1,2,2,2,2,2,2,3,2,2,2,2,2,2,2,2,2,2,0,0,0
2008,42,95,1,420592,1,2,2,2,1,2,4,2,3,2,1,2,2,2,2,2,2,2,2,2,1,2,2,2,2,2,2,2,1,2,2,0,0,0
2008,42,47,1,420593,1,2,1,2,1,2,3,3,2,1,1,2,3,2,2,1,2,2,2,2,3,2,2,2,2,2,2,2,2,2,2,0,0,0
2008,42,119,1,420594,1,2,1,2,4,2,6,2,1,2,1,2,1,2,2,1,2,2,2,2,1,2,2,2,2,2,2,2,1,2,2,0,0,0
2008,42,125,1,420595,1,2,1,2,1,2,5,2,1,1,2,2,1,2,1,2,2,2,2,2,1,2,2,2,2,2,2,2,1,2,2,0,0,0
2008,42,39,1,420596,1,2,1,2,4,1,5,1,1,2,2,2,1,2,1,1,2,2,2,2,2,2,2,2,2,2,2,2,2,2,2,0,0,0
2008,42,49,1,420597,1,2,1,2,4,2,6,2,1,1,1,2,1,2,2,1,2,2,2,2,2,2,2,2,2,2,2,2,1,2,2,0,0,0
2008,42,103,1,420598,1,2,1,1,3,2,1,2,1,1,1,2,1,2,2,1,2,2,2,2,2,2,2,2,2,2,2,2,1,2,2,0,0,0
2008,42,129,2,420599,1,2,1,2,2,2,4,2,1,2,2,2,1,2,2,1,2,2,1,2,1,1,1,1,1,2,2,1,1,2,2,0,0,0
2008,42,117,1,420600,1,2,1,2,4,2,6,2,1,2,2,2,1,2,2,2,2,2,1,2,2,2,2,2,2,2,2,2,1,2,2,0,0,0
2008,42,109,1,420601,1,2,2,2,1,2,3,2,1,2,2,2,1,2,2,2,1,2,2,2,2,1,1,1,1,2,2,1,2,2,2,0,0,0
2008,42,127,1,420602,1,2,1,2,4,2,5,2,1,2,1,2,1,2,2,1,2,2,2,2,1,2,2,2,2,2,1,1,1,2,2,0,0,0
2008,42,103,1,420603,1,2,1,2,1,2,5,2,1,1,2,2,1,2,2,1,2,2,1,2,2,2,2,1,1,2,2,1,1,2,2,0,0,0
2008,42,13,1,420604,1,2,1,2,4,2,5,2,1,2,2,2,1,2,1,2,2,2,2,2,3,2,2,2,2,2,2,2,1,2,2,0,0,0
2008,42,41,1,420605,1,2,1,2,1,2,6,2,2,2,1,2,2,2,1,1,2,2,2,2,3,2,2,2,2,2,1,1,2,2,2,0,0,0
2008,42,17,1,420606,1,2,2,1,1,2,1,2,2,1,1,2,2,2,1,1,2,2,2,2,3,2,2,2,2,2,2,2,2,2,2,0,0,0
2008,42,63,1,420607,1,2,1,2,1,2,3,2,4,2,1,2,2,1,2,2,2,2,2,2,1,2,2,1,1,2,2,1,1,2,2,0,0,0
2008,42,81,1,420608,1,2,1,2,2,2,5,2,1,1,2,2,1,2,1,1,2,2,2,2,2,2,2,2,2,2,2,2,1,2,2,0,0,0
2008,42,65,1,420609,1,2,1,2,2,2,6,2,1,2,2,2,1,2,1,1,2,2,2,2,1,2,2,2,2,2,2,2,1,2,2,0,0,0
2008,42,27,1,420610,1,2,2,2,4,2,3,2,1,1,1,2,1,2,2,2,2,2,2,2,3,2,2,2,2,2,2,2,1,1,2,0,0,0
2008,42,49,2,420611,1,2,1,2,4,2,4,2,1,2,2,2,1,2,1,1,2,2,2,2,2,2,2,2,2,2,2,2,1,2,2,0,0,0
2008,42,27,1,420612,1,2,1,2,4,2,4,2,1,2,1,2,1,2,2,1,2,2,2,2,1,2,2,2,2,2,1,1,1,1,2,0,0,0
2008,42,51,1,420613,1,2,1,2,4,2,5,2,1,2,1,2,1,2,2,1,2,2,2,2,1,2,2,2,2,2,1,1,1,2,2,0,0,0
2008,42,11,1,420614,1,2,1,2,4,2,4,2,1,1,2,2,1,2,1,1,2,2,2,2,2,2,2,2,2,2,2,2,1,2,2,0,0,0
2008,42,129,1,420615,1,2,1,2,1,2,4,2,4,1,2,2,2,2,2,2,2,2,2,2,3,1,1,1,1,2,2,1,1,2,1,0,0,0
2008,42,11,1,420616,1,2,1,2,2,2,5,2,1,1,1,2,1,2,1,1,2,2,2,2,1,2,2,2,2,2,2,2,1,2,2,0,0,0
2008,42,129,1,420617,1,2,1,2,4,2,5,2,1,2,2,2,1,2,2,1,2,2,2,2,3,2,2,1,1,2,2,1,1,2,2,0,0,0
2008,42,51,1,420618,1,2,1,2,3,2,3,2,1,1,2,2,1,2,1,2,2,2,2,2,2,2,2,2,2,1,2,2,1,2,2,0,0,0
2008,42,83,1,420619,1,2,1,2,1,2,3,2,4,2,1,2,2,2,2,1,2,2,1,2,1,2,2,2,2,1,2,2,1,2,2,0,0,0
2008,42,39,1,420620,1,2,1,2,1,2,5,2,1,2,2,2,1,2,1,2,2,2,2,2,1,2,2,2,2,2,2,2,2,2,2,0,0,0
2008,42,129,1,420621,1,2,1,2,4,2,6,2,1,2,1,2,1,2,2,1,2,2,2,2,3,2,2,2,2,2,2,2,1,2,2,0,0,0
2008,42,45,1,420622,1,2,2,2,1,1,5,1,4,1,2,2,2,2,2,2,2,2,2,2,3,2,2,2,2,1,2,2,2,2,2,0,0,0
2008,42,89,1,420623,1,2,1,2,1,2,5,2,4,1,1,2,2,2,2,1,2,2,2,2,3,1,1,1,1,2,2,1,1,2,2,0,0,0
2008,42,129,1,420624,1,2,1,2,1,1,6,1,4,1,2,2,2,2,2,2,2,2,2,2,3,2,2,2,2,1,2,2,2,2,2,0,0,0
2008,42,29,1,420625,1,2,1,2,4,2,5,2,1,1,2,2,1,2,1,2,2,2,2,2,2,2,2,2,2,2,2,2,1,2,2,0,0,0
2008,42,77,1,420626,1,2,1,2,4,2,6,2,1,2,2,2,1,2,2,1,2,2,2,2,1,2,2,2,2,2,2,2,1,2,2,0,0,0
2008,42,21,4,420627,1,2,1,2,1,2,6,2,4,2,2,2,2,2,2,1,2,2,2,2,1,2,2,2,2,2,1,1,1,1,2,0,0,0
2008,42,17,1,420628,1,2,1,2,4,2,5,2,1,2,2,2,1,2,2,2,2,2,2,2,3,1,1,1,1,2,2,1,1,1,2,0,0,0
2008,42,51,1,420629,1,2,1,2,2,2,5,2,1,1,2,2,1,2,2,1,2,2,2,2,1,2,2,2,2,2,2,2,1,2,2,0,0,0
2008,42,9,1,420630,1,2,1,2,1,2,5,2,4,1,1,2,2,1,2,1,2,2,2,2,3,2,2,1,1,2,2,1,1,2,2,0,0,0
2008,42,49,1,420631,1,2,1,2,1,1,3,1,4,1,2,2,2,2,2,2,2,2,2,2,3,2,2,2,2,1,2,2,2,2,2,0,0,0
2008,42,107,1,420632,1,2,1,2,1,2,5,2,4,1,1,2,2,2,2,1,2,2,2,2,3,2,2,2,2,1,2,2,1,2,2,0,0,0
2008,42,131,1,420633,1,2,1,2,4,2,4,2,1,2,1,2,1,2,1,2,2,2,2,2,1,2,2,2,2,2,2,2,1,2,2,0,0,0
2008,42,99,1,420634,1,2,1,2,1,1,3,1,4,1,1,2,2,1,2,2,2,2,2,2,3,2,2,2,2,2,2,2,2,2,2,0,0,0
2008,42,19,1,420635,1,2,1,2,1,2,4,3,2,1,2,2,2,2,1,2,2,2,2,2,3,1,1,1,1,2,2,1,2,1,2,0,0,0
2008,42,71,1,420636,1,2,1,2,4,1,6,1,1,1,2,2,1,2,2,1,2,2,2,2,3,2,2,2,2,2,1,1,2,2,2,0,0,0
2008,42,61,1,420637,1,2,2,2,4,2,6,2,1,2,2,2,1,2,2,2,2,2,2,1,1,2,2,2,2,2,1,1,1,2,2,0,0,0
2008,42,95,1,420638,1,2,2,1,3,2,1,2,1,2,1,2,2,2,2,2,2,2,1,2,3,2,2,1,1,2,2,1,1,2,2,0,0,0
2008,42,41,1,420639,1,2,1,2,1,2,5,2,1,2,2,2,2,2,1,2,2,2,2,2,1,2,2,2,2,2,2,2,1,2,2,0,0,0
2008,42,45,1,420640,1,2,2,2,1,2,3,2,1,1,1,2,1,2,2,2,1,2,2,2,3,2,2,2,2,2,2,2,2,2,2,0,0,0
2008,42,1,1,420641,1,2,1,2,1,2,4,2,3,2,1,2,3,1,2,2,2,2,2,2,3,1,1,1,1,1,2,1,2,2,2,0,0,0
2008,42,3,1,420642,1,2,2,2,1,2,3,2,5,1,2,2,2,2,2,2,2,2,1,2,3,2,2,2,2,1,2,2,1,2,2,0,0,0
2008,42,127,1,420643,1,2,1,2,1,2,4,2,4,1,1,2,2,2,1,1,2,2,2,2,1,1,1,1,1,2,2,1,1,2,2,0,0,0
2008,42,11,1,420644,1,2,2,2,1,2,3,2,1,2,1,2,1,1,2,2,1,2,2,2,3,2,2,2,2,2,2,2,2,2,2,0,0,0
2008,42,101,1,420645,1,2,2,2,1,2,3,3,4,1,2,2,2,2,1,1,2,2,2,2,3,2,2,2,2,2,2,2,2,2,2,0,0,0
2008,42,73,1,420646,1,2,2,2,3,2,3,3,1,2,1,2,1,2,1,2,2,2,2,2,1,2,2,2,2,1,2,2,1,2,2,0,0,0
2008,42,9,1,420648,1,2,1,2,4,2,6,2,1,1,2,2,1,2,1,1,2,2,2,2,2,2,2,2,2,2,2,2,1,2,2,0,0,0
2008,42,133,1,420650,1,2,2,1,1,2,1,2,2,2,1,2,2,2,1,1,2,2,2,2,3,2,2,2,2,2,2,2,2,2,2,0,0,0
2008,42,51,1,420651,1,2,2,2,1,2,5,3,4,2,1,2,2,2,1,2,2,2,1,2,1,2,2,1,1,2,2,1,2,2,2,0,0,0
2008,42,69,1,420652,1,2,2,1,3,2,1,2,1,2,2,2,1,2,2,1,2,2,1,2,3,2,2,2,2,2,2,2,1,2,2,0,0,0
2008,42,57,1,420653,1,2,1,2,1,2,5,2,4,2,1,2,2,2,2,2,2,2,1,2,1,2,2,2,2,2,1,1,1,2,2,0,0,0
2008,42,49,1,420654,1,2,1,2,1,1,5,1,4,1,1,2,2,2,1,2,2,2,2,2,3,2,2,2,2,2,1,1,2,2,2,0,0,0
2008,42,133,1,420655,1,2,2,2,1,1,4,1,5,2,1,2,2,1,1,1,2,2,2,2,3,2,2,2,2,2,1,1,2,1,2,0,0,0
2008,42,133,1,420656,1,2,2,2,1,1,6,1,4,1,1,2,2,2,2,2,2,2,2,2,3,2,2,2,2,1,2,2,2,2,2,0,0,0
2008,42,91,1,420657,1,2,2,2,1,1,4,1,4,2,2,2,2,2,1,2,2,2,2,2,3,2,2,2,2,2,1,1,2,2,2,0,0,0
2008,42,107,1,420658,1,2,1,2,2,2,6,2,1,2,1,2,1,2,2,2,2,2,1,2,3,2,2,2,2,2,2,2,1,2,2,0,0,0
2008,42,33,1,420659,1,2,1,2,1,2,6,2,1,2,2,2,1,2,2,2,2,2,1,2,3,2,2,2,2,2,2,2,2,2,2,0,0,0
2008,42,91,1,420660,1,2,2,2,1,2,3,2,3,1,2,2,2,2,2,2,2,2,2,2,3,2,2,2,2,1,2,2,1,2,2,0,0,0
2008,42,133,1,420661,1,2,2,2,1,2,2,2,2,2,2,1,2,2,1,2,2,2,2,2,1,2,2,2,2,2,2,2,2,2,2,0,0,0
2008,42,3,2,420662,1,2,2,2,1,2,3,2,5,2,2,1,2,2,1,2,2,2,2,2,1,2,2,2,2,2,2,2,2,2,2,0,0,0
2008,42,107,1,420663,1,2,1,2,1,1,3,1,4,1,1,2,2,1,2,2,2,2,2,2,3,1,1,1,1,2,2,1,2,2,2,0,0,0
2008,42,49,1,420664,1,2,2,2,4,2,3,2,1,2,2,2,1,2,2,2,2,2,1,2,2,2,2,2,2,1,2,2,1,2,2,0,0,0
2008,42,3,1,420665,1,2,1,2,4,2,6,2,4,2,2,2,1,2,1,1,2,2,2,2,1,2,2,2,2,2,1,1,1,2,2,0,0,0
2008,42,73,1,420666,1,2,1,2,1,1,6,1,4,1,1,2,2,2,2,2,2,2,2,2,3,2,2,2,2,1,2,2,2,2,2,0,0,0
2008,42,9,1,420667,1,2,1,2,1,2,4,2,3,2,1,1,2,2,2,2,2,2,2,2,3,2,2,2,2,2,2,2,1,2,2,0,0,0
2008,42,3,1,420668,1,2,2,2,1,2,4,3,1,1,1,2,2,1,1,1,2,2,2,2,2,2,2,2,2,2,2,2,2,2,2,0,0,0
2008,42,9,1,420669,1,2,1,2,1,2,4,2,3,1,1,2,2,2,2,2,2,2,1,2,1,1,1,1,1,1,2,1,1,1,2,0,0,0
2008,42,73,1,420670,1,2,1,2,4,2,6,2,1,2,2,2,1,2,2,1,2,2,2,2,2,2,2,2,2,2,2,2,1,2,2,0,0,0
2008,42,91,1,420671,1,2,2,2,2,2,4,2,1,2,1,2,1,2,1,1,2,2,2,2,1,2,2,2,2,2,2,2,1,2,2,0,0,0
2008,42,99,1,420672,1,2,1,2,4,2,6,2,1,2,2,2,1,2,2,1,2,2,1,2,1,2,2,2,2,2,1,1,1,2,2,0,0,0
2008,42,85,1,420673,1,2,2,2,1,1,4,1,4,1,1,2,2,2,2,2,2,2,2,2,3,2,2,2,2,1,2,2,2,2,2,0,0,0
2008,42,129,1,420674,1,2,2,1,4,2,1,2,2,2,1,2,1,2,2,2,2,2,2,2,1,2,2,2,2,2,2,2,1,2,2,0,0,0
2008,42,3,1,420675,1,2,1,2,1,2,6,2,1,1,1,2,1,1,2,1,2,2,1,2,1,2,2,2,2,2,2,2,1,2,2,0,0,0
2008,42,15,1,420676,1,2,1,2,4,2,6,2,1,2,1,2,1,2,2,1,2,2,1,2,3,2,2,2,2,1,2,2,1,2,2,0,0,0
2008,42,125,1,420677,1,2,2,2,1,2,6,3,1,1,1,2,1,1,2,2,2,2,2,2,2,2,2,2,2,2,2,2,2,2,2,0,0,0
2008,42,91,1,420678,1,2,2,2,2,2,4,2,1,2,1,2,1,2,1,1,2,2,2,2,3,2,2,2,2,2,2,2,1,2,2,0,0,0
2008,42,129,1,420679,1,2,2,2,3,2,2,2,1,2,1,2,1,2,2,2,2,2,1,2,2,2,2,2,2,2,2,2,1,1,2,0,0,0
2008,42,27,1,420680,1,2,1,2,4,2,5,2,1,2,2,2,1,2,2,1,2,2,2,2,1,2,2,2,2,2,2,2,1,2,2,0,0,0
2008,42,29,1,420681,1,2,2,2,1,2,3,3,4,1,1,2,2,2,1,1,2,2,2,2,3,2,2,2,2,1,2,2,2,2,2,0,0,0
2008,42,101,1,420682,1,2,2,2,1,2,3,3,4,2,1,2,2,2,1,1,2,2,2,2,3,2,2,2,2,2,2,2,2,2,2,0,0,0
2008,42,119,1,420683,1,2,2,2,4,2,3,2,1,2,2,2,1,2,2,1,2,2,1,2,1,2,2,2,2,2,1,1,1,2,1,0,0,0
2008,42,129,1,420684,1,2,2,2,2,2,6,2,1,1,2,2,1,2,1,1,2,2,2,2,3,2,2,2,2,2,2,2,1,2,2,0,0,0
2008,42,11,1,420685,1,2,1,2,2,2,6,2,1,1,1,2,1,2,2,1,2,2,2,2,2,2,2,2,2,2,2,2,1,1,2,0,0,0
2008,42,107,1,420686,1,2,1,2,4,1,3,1,1,1,2,2,1,2,1,1,2,2,2,2,3,2,2,2,2,2,2,2,2,2,2,0,0,0
2008,42,45,1,420687,1,2,1,2,4,2,6,2,1,1,1,2,1,2,1,1,2,2,2,2,2,2,2,2,2,2,1,1,1,2,2,0,0,0
2008,42,71,1,420688,1,2,2,2,4,1,4,1,1,2,1,2,1,2,2,1,2,2,1,2,1,2,2,2,2,2,2,2,2,2,2,0,0,0
2008,42,129,1,420689,1,2,1,2,1,2,3,2,4,2,2,2,3,2,2,2,2,2,2,2,1,2,2,2,2,2,2,2,1,2,2,0,0,0
2008,42,101,1,420690,1,2,2,2,1,1,3,1,1,2,1,2,1,2,2,2,1,2,2,2,3,1,1,1,1,2,2,1,2,2,2,0,0,0
2008,42,17,1,420691,1,2,2,2,4,2,4,2,1,1,1,2,1,2,2,2,2,2,2,2,3,2,2,1,1,2,2,1,1,2,2,0,0,0
2008,42,129,1,420692,1,2,1,2,1,2,6,2,5,1,2,2,2,2,2,1,2,2,2,2,3,1,1,1,1,1,2,1,1,2,2,0,0,0
2008,42,19,1,420693,1,2,1,2,1,2,3,3,4,1,2,2,3,2,1,2,2,2,2,2,1,2,2,2,2,2,2,2,2,2,2,0,0,0
2008,42,101,1,420694,1,2,2,2,1,2,3,2,1,1,1,2,1,2,2,2,1,2,2,2,3,2,2,2,2,2,2,2,2,2,2,0,0,0
2008,42,95,1,420695,1,2,2,2,2,2,5,2,1,2,2,2,1,2,1,1,2,2,2,2,1,2,2,2,2,2,2,2,1,2,2,0,0,0
2008,42,133,1,420696,1,2,2,1,2,2,1,2,1,2,1,2,1,2,2,1,2,2,1,2,1,2,2,2,2,2,2,2,1,2,2,0,0,0
2008,42,33,2,420697,1,2,1,2,1,2,6,2,3,2,2,2,2,2,2,1,2,2,2,2,1,2,2,2,2,2,2,2,1,2,2,0,0,0
2008,42,79,1,420698,1,2,2,2,1,2,4,2,3,1,1,2,2,1,2,2,2,2,2,2,3,2,2,2,2,2,2,2,1,1,2,0,0,0
2008,42,101,2,420699,1,2,2,2,1,2,4,2,3,1,1,2,3,2,2,2,2,2,2,2,3,2,2,2,2,2,2,2,1,2,2,0,0,0
2008,42,89,1,420700,1,2,1,2,1,1,5,1,4,1,2,2,2,2,2,2,2,2,2,2,3,2,2,1,1,2,2,1,2,2,2,0,0,0
2008,42,91,1,420701,1,2,2,2,4,2,6,2,1,2,1,2,1,2,2,1,2,2,2,2,3,1,1,1,1,2,2,1,1,1,2,0,0,0
2008,42,3,1,420702,1,2,2,2,4,2,3,3,4,1,2,2,1,2,2,1,2,2,2,2,2,1,1,1,1,2,2,1,1,2,2,0,0,0
2008,42,39,1,420703,1,2,1,2,1,1,3,1,4,1,1,2,3,2,2,2,2,2,2,2,3,2,2,2,2,1,2,2,2,2,2,0,0,0
2008,42,11,1,420704,1,2,2,2,4,2,5,2,1,2,1,2,1,2,2,1,2,2,2,2,3,2,2,2,2,2,1,1,1,2,2,0,0,0
2008,42,31,1,420705,1,2,1,2,1,2,4,2,5,1,2,2,3,2,2,2,2,2,2,2,3,1,1,1,1,1,2,1,1,2,2,0,0,0
2008,42,45,1,420706,1,2,2,2,1,2,3,2,5,2,1,2,3,1,2,2,2,2,2,2,3,2,2,2,2,2,2,2,1,2,2,0,0,0
2008,42,43,1,420707,1,2,2,2,4,1,6,1,1,2,1,2,1,2,1,1,2,2,2,2,1,2,2,2,2,2,2,2,2,2,2,0,0,0
2008,42,9,1,420708,1,2,1,2,1,2,5,2,1,2,2,2,1,2,2,2,2,2,2,2,3,1,1,1,1,2,2,1,2,2,2,0,0,0
2008,42,29,1,420709,1,2,2,2,2,2,2,2,1,2,2,2,1,2,2,1,2,2,1,2,2,2,2,2,2,2,2,2,1,2,2,0,0,0
2008,42,35,3,420710,1,2,1,1,1,2,1,2,3,2,2,2,3,2,2,2,2,2,1,2,1,2,2,2,2,2,2,2,2,2,2,0,0,0
2008,42,101,1,420711,1,2,2,1,1,2,1,2,2,1,1,2,2,1,2,1,1,2,2,2,3,2,2,2,2,2,1,1,2,2,2,0,0,0
2008,42,11,1,420712,1,2,1,2,4,2,5,2,1,2,1,2,1,2,1,2,2,2,2,2,2,2,2,2,2,2,2,2,1,2,2,0,0,0
2008,42,27,1,420713,1,2,2,2,4,2,6,2,1,2,2,2,1,2,1,1,2,2,2,2,1,2,2,2,2,2,1,1,1,2,2,0,0,0
2008,42,85,1,420714,1,2,1,1,1,2,1,2,5,2,1,2,2,2,2,1,2,2,1,2,3,1,1,1,1,2,2,1,2,1,2,0,0,0
2008,42,25,1,420715,1,2,1,2,4,2,5,2,1,2,1,2,1,2,2,1,2,2,2,2,1,2,2,2,2,2,2,2,1,2,2,0,0,0
2008,42,17,1,420716,1,2,1,2,4,2,6,2,1,1,1,2,1,2,2,1,2,2,2,2,2,2,2,2,2,2,2,2,1,2,2,0,0,0
2008,42,107,1,420717,1,2,1,1,4,2,1,2,1,1,2,2,1,1,2,2,2,2,1,2,2,2,2,2,2,2,2,2,1,2,2,0,0,0
2008,42,85,1,420718,1,2,1,2,4,2,4,2,1,1,1,2,1,2,2,1,2,2,1,2,3,2,2,2,2,2,1,1,1,2,2,0,0,0
2008,42,19,1,420719,1,2,2,2,1,2,3,2,4,1,1,2,3,2,2,2,2,2,2,2,3,2,2,1,1,2,1,1,1,1,2,0,0,0
2008,42,15,1,420720,1,2,1,2,1,2,6,2,1,2,2,2,1,2,2,2,2,2,1,2,3,2,2,2,2,2,2,2,2,2,2,0,0,0
2008,42,7,1,420721,1,2,1,2,4,2,4,2,1,2,2,2,1,2,2,1,2,2,1,2,1,2,2,2,2,2,2,2,1,2,2,0,0,0
2008,42,101,1,420722,1,2,2,2,1,1,6,1,4,2,1,2,2,2,2,2,1,2,2,2,3,2,2,2,2,2,2,2,2,2,2,0,0,0
2008,42,7,1,420723,1,2,2,2,1,2,3,2,5,1,1,2,3,1,2,1,2,2,2,2,3,2,2,2,2,1,2,2,2,2,2,0,0,0
2008,42,33,1,420724,1,2,1,2,1,2,3,2,5,1,1,1,3,1,2,1,2,2,2,2,3,2,2,2,2,2,1,1,2,2,2,0,0,0
2008,42,43,1,420725,1,2,1,2,1,1,4,1,4,1,2,2,2,2,2,2,2,2,2,2,3,2,2,2,2,1,2,2,2,2,2,0,0,0
2008,42,49,1,420726,1,2,2,2,1,1,3,1,4,1,1,2,3,1,2,2,2,2,2,2,3,2,2,2,2,2,2,2,2,2,2,0,0,0
2008,42,109,1,420727,1,2,1,2,4,2,6,2,1,1,1,2,1,2,2,1,2,2,1,2,2,1,1,1,1,2,2,1,1,2,2,0,0,0
2008,42,77,1,420728,1,2,1,2,4,2,5,2,1,2,1,2,1,2,2,1,2,2,2,2,2,2,2,2,2,2,2,2,1,2,2,0,0,0
2008,42,117,1,420729,1,2,1,2,4,2,5,2,1,1,1,2,1,2,2,1,2,2,1,2,3,2,2,2,2,1,2,2,1,2,2,0,0,0
2008,42,49,1,420730,1,2,1,2,4,2,4,2,1,1,1,2,1,2,1,1,2,2,2,2,2,2,2,2,2,2,2,2,1,2,2,0,0,0
2008,42,89,2,420731,1,2,2,2,4,1,4,1,1,2,1,2,1,2,2,1,2,2,2,2,1,1,1,1,1,2,2,1,2,2,2,0,0,0
2008,42,115,2,420732,1,2,1,2,4,2,5,2,1,2,2,2,1,2,2,1,2,2,2,2,1,2,2,2,2,2,2,2,1,2,2,0,0,0
2008,42,51,1,420733,1,2,2,2,1,2,5,2,5,1,1,2,2,2,2,1,2,2,2,2,1,2,2,2,2,2,2,2,1,2,2,0,0,0
2008,42,29,1,420734,1,2,2,2,1,2,3,2,4,2,2,2,2,2,2,1,2,2,2,1,1,2,2,2,2,2,2,2,1,1,2,0,0,0
2008,42,69,1,420735,1,2,1,2,4,2,5,2,1,1,1,2,1,2,1,2,2,2,2,2,3,2,2,2,2,2,2,2,1,2,2,0,0,0
2008,42,63,1,420736,1,2,1,2,2,2,4,2,1,2,2,2,1,2,1,2,2,2,2,2,1,2,2,2,2,2,2,2,1,2,2,0,0,0
2008,42,97,1,420737,1,2,1,2,4,2,6,2,1,2,1,2,1,2,2,1,2,2,2,2,1,2,2,1,1,2,2,1,1,2,2,0,0,0
2008,42,21,1,420738,1,2,1,2,1,2,4,2,4,1,1,2,2,1,2,1,2,2,2,2,3,2,2,2,2,1,2,2,1,2,2,0,0,0
2008,42,133,1,420739,1,2,1,2,1,2,4,2,1,1,2,2,1,2,1,1,2,2,2,2,2,1,1,1,1,2,2,1,2,2,2,0,0,0
2008,42,129,1,420740,1,2,1,1,2,2,1,2,1,2,2,2,1,1,2,1,2,2,1,2,2,2,2,2,2,2,2,2,1,2,1,0,0,0
2008,42,1,1,420741,1,2,1,2,1,1,4,1,1,1,1,2,2,2,1,2,2,2,2,2,3,2,2,2,2,2,2,2,2,2,2,0,0,0
2008,42,75,1,420742,1,2,2,2,1,1,3,1,2,1,2,2,2,2,2,2,2,2,2,2,3,2,2,2,2,1,2,2,2,1,2,0,0,0
2008,42,51,1,420743,1,2,1,2,2,2,3,2,1,2,2,2,1,2,1,1,2,2,2,2,1,2,2,2,2,2,1,1,1,2,2,0,0,0
2008,42,37,1,420744,1,2,2,2,4,2,3,2,1,1,1,2,1,2,2,1,2,2,2,2,2,2,2,2,2,2,2,2,1,2,2,0,0,0
2008,42,51,1,420745,1,2,1,2,1,1,6,1,1,2,2,2,1,2,2,2,2,2,2,2,3,2,2,2,2,2,2,2,2,2,2,0,0,0
2008,42,3,1,420746,1,2,2,2,4,2,6,2,1,1,2,2,2,1,1,2,2,2,2,2,1,2,2,2,2,2,2,2,1,2,2,0,0,0
2008,42,73,1,420747,1,2,1,2,1,1,4,1,3,1,1,2,2,2,2,2,2,2,2,2,3,1,1,1,1,1,2,1,2,1,2,0,0,0
2008,42,11,1,420748,1,2,2,2,1,1,4,1,4,1,2,2,2,2,1,1,2,2,2,2,3,2,2,2,2,2,2,2,2,2,2,0,0,0
2008,42,43,1,420749,1,2,2,2,2,2,4,2,1,2,1,2,1,2,1,1,2,2,2,2,2,2,2,2,2,2,1,1,1,2,2,0,0,0
2008,42,71,1,420750,1,2,1,1,1,2,1,2,1,1,1,2,1,2,2,2,1,2,2,2,3,2,2,2,2,2,2,2,2,2,2,0,0,0
2008,42,69,1,420751,1,2,2,2,1,2,4,2,1,1,2,2,1,2,2,2,1,2,2,2,3,2,2,2,2,2,2,2,2,2,2,0,0,0
2008,42,11,1,420752,1,2,2,2,4,2,5,2,1,1,2,2,1,2,1,1,2,2,2,2,2,2,2,2,2,2,2,2,1,2,2,0,0,0
2008,42,133,1,420753,1,2,1,2,1,2,6,2,1,1,2,2,1,2,2,1,2,2,1,2,2,2,2,1,1,2,2,1,1,2,2,0,0,0
2008,42,19,1,420754,1,2,2,2,1,2,5,2,1,1,2,2,2,2,1,1,2,2,2,2,3,2,2,2,2,2,2,2,1,2,2,0,0,0
2008,42,3,1,420755,1,2,2,2,4,2,3,2,1,2,2,2,1,2,1,1,2,2,2,2,2,2,2,2,2,1,2,2,1,2,2,0,0,0
2008,42,79,1,420756,1,2,1,2,4,2,5,2,1,3,2,2,1,2,1,2,2,2,2,2,1,2,2,2,2,2,2,2,1,2,2,0,0,0
2008,42,83,1,420757,1,2,1,2,2,2,5,2,1,2,1,2,1,2,1,2,2,2,2,2,1,2,2,2,2,2,2,2,1,2,2,0,0,0
2008,42,71,1,420758,1,2,2,2,1,1,6,1,1,1,2,2,1,2,2,2,2,1,2,2,2,2,2,2,2,2,2,2,2,2,2,0,0,0
2008,42,89,2,420759,1,2,1,2,1,2,4,2,3,2,1,2,2,2,2,2,2,2,2,2,3,2,2,2,2,2,2,2,1,2,2,0,0,0
2008,42,107,1,420760,1,2,1,1,1,2,1,2,2,1,1,2,2,1,2,1,2,2,2,2,3,2,2,2,2,1,2,2,2,2,2,0,0,0
2008,42,33,1,420761,1,2,1,2,2,2,4,2,4,2,2,2,2,2,2,2,2,2,2,2,3,2,2,2,2,2,2,2,1,2,2,0,0,0
2008,42,123,1,420762,1,2,2,2,4,1,6,1,1,2,1,2,1,2,1,2,2,2,2,2,3,2,2,2,2,2,1,1,2,1,2,0,0,0
2008,42,91,1,420763,1,2,2,2,2,2,6,2,1,2,2,2,1,2,2,1,2,2,1,2,1,2,2,2,2,2,2,2,1,2,2,0,0,0
2008,42,107,1,420764,1,2,1,2,2,2,4,2,1,2,1,2,1,2,1,2,2,2,2,2,3,2,2,2,2,2,2,2,1,2,2,0,0,0
2008,42,57,1,420765,1,2,1,2,4,2,6,2,1,2,2,2,1,2,2,2,2,2,1,2,1,1,1,1,1,2,2,1,1,2,2,0,0,0
2008,42,127,1,420766,1,2,1,2,4,2,4,2,1,2,2,2,1,2,2,2,2,2,1,2,1,2,2,2,2,2,2,2,1,2,2,0,0,0
2008,42,49,1,420767,1,2,1,2,4,2,6,2,1,1,1,2,1,2,1,1,2,2,2,2,3,2,2,2,2,2,2,2,1,2,2,0,0,0
2008,42,85,1,420768,1,2,1,2,4,2,3,2,1,1,1,2,1,2,1,1,2,2,2,2,1,2,2,2,2,2,2,2,1,2,2,0,0,0
2008,42,19,1,420769,1,2,1,2,1,2,4,2,1,2,1,2,1,2,2,2,1,2,2,2,3,2,2,2,2,2,2,2,2,2,2,0,0,0
2008,42,69,1,420770,1,2,1,1,1,2,1,3,1,2,2,1,1,2,2,2,1,2,2,2,3,2,2,2,2,2,2,2,2,2,2,0,0,0
2008,42,127,1,420771,1,2,1,2,4,2,6,2,1,2,2,2,1,2,2,1,2,2,2,2,1,2,2,2,2,2,2,2,1,2,2,0,0,0
2008,42,129,1,420772,1,2,1,2,4,1,5,1,1,1,2,2,1,2,2,1,2,2,2,2,1,2,2,2,2,2,2,2,2,2,2,0,0,0
2008,42,79,2,420773,1,2,1,2,1,2,6,2,4,2,1,2,2,2,2,2,2,2,2,2,1,2,2,2,2,2,2,2,1,2,2,0,0,0
2008,42,69,2,420774,1,2,2,2,1,2,4,2,3,2,2,2,2,2,1,2,2,2,2,2,1,2,2,2,2,2,1,1,1,2,2,0,0,0
2008,42,111,1,420775,1,2,1,2,4,2,5,2,1,1,1,2,1,2,2,1,2,2,2,2,2,2,2,2,2,2,2,2,1,2,2,0,0,0
2008,42,25,1,420776,1,2,1,2,1,2,6,2,1,2,1,2,1,2,1,1,2,2,2,2,2,2,2,2,2,2,2,2,2,2,2,0,0,0
2008,42,7,1,420777,1,2,2,2,1,2,6,3,1,2,1,2,1,2,2,2,2,2,2,2,1,2,2,2,2,2,2,2,2,2,2,0,0,0
2008,42,7,1,420778,1,2,2,2,4,2,3,2,1,2,1,2,1,2,1,1,2,2,2,2,3,2,2,2,2,2,2,2,1,2,2,0,0,0
2008,42,61,1,420779,1,2,1,2,4,2,6,2,1,2,1,2,1,2,2,1,2,2,2,2,1,2,2,2,2,2,2,2,1,1,2,0,0,0
2008,42,57,1,420780,1,2,1,2,4,2,4,2,1,1,2,2,1,2,1,2,2,2,2,2,1,2,2,2,2,2,2,2,1,1,2,0,0,0
2008,42,61,1,420781,1,2,1,2,1,2,5,2,1,2,1,2,1,2,1,2,2,2,2,2,3,2,2,2,2,2,2,2,2,2,2,0,0,0
2008,42,43,1,420782,1,2,2,2,4,2,4,2,1,2,2,2,1,2,2,1,2,2,2,2,1,2,2,2,2,2,1,1,1,2,2,0,0,0
2008,42,29,1,420783,1,2,2,2,4,2,5,2,1,2,1,2,1,2,2,1,2,2,1,2,1,2,2,2,2,2,2,2,1,2,2,0,0,0
2008,42,33,1,420784,1,2,1,2,1,2,6,2,3,1,2,2,2,2,2,2,2,2,2,2,1,2,2,2,2,2,2,2,2,2,2,0,0,0
2008,42,3,3,420785,1,2,2,2,3,2,3,2,1,2,1,2,1,2,2,1,2,2,2,2,3,1,1,1,1,2,2,1,1,2,2,0,0,0
2008,42,79,1,420786,1,2,2,2,1,2,4,3,4,1,1,2,2,2,1,2,2,2,2,2,3,1,1,1,1,2,2,1,2,2,2,0,0,0
2008,42,39,2,420787,1,2,1,2,1,1,4,1,4,2,1,2,2,1,2,2,2,2,1,2,1,2,2,2,2,2,2,2,2,2,2,0,0,0
2008,42,117,1,420788,1,2,1,2,2,2,5,2,1,1,2,2,1,2,1,2,2,2,2,2,1,2,2,2,2,2,2,2,1,2,2,0,0,0
2008,42,101,1,420789,1,2,2,2,1,1,3,1,1,1,1,2,1,2,2,2,1,2,2,2,3,2,2,2,2,2,2,2,2,2,2,0,0,0
2008,42,85,1,420790,1,2,1,2,1,2,4,2,1,1,2,2,1,2,2,2,1,2,2,2,2,1,1,1,1,2,2,1,2,2,2,0,0,0
2008,42,45,1,420791,1,2,2,2,4,2,5,2,1,2,1,2,1,2,2,1,2,2,1,2,1,2,2,2,2,2,2,2,1,2,2,0,0,0
2008,42,97,1,420792,1,2,1,1,1,2,1,3,2,1,2,2,2,1,2,1,2,2,2,2,3,2,2,2,2,2,2,2,2,2,2,0,0,0
2008,42,105,1,420793,1,2,1,2,1,2,5,2,4,2,2,2,2,2,2,1,2,2,2,2,3,1,1,1,1,1,2,1,1,2,2,0,0,0
2008,42,41,1,420794,1,2,2,1,1,2,1,2,2,1,1,2,3,1,2,1,2,2,2,2,3,2,2,2,2,2,2,2,2,2,1,0,0,0
2008,42,129,1,420795,1,2,2,2,3,2,3,2,1,1,1,2,1,2,1,2,2,2,2,2,2,2,2,2,2,2,2,2,1,2,2,0,0,0
2008,42,21,1,420796,1,2,2,2,1,2,2,2,1,1,2,2,1,2,2,1,2,2,1,2,2,2,2,2,2,2,2,2,1,2,2,0,0,0
2008,42,17,1,420797,1,2,1,2,4,2,6,2,1,2,1,2,1,2,2,1,2,2,1,2,1,2,2,2,2,2,1,1,1,2,2,0,0,0
2008,42,29,1,420798,1,2,2,2,1,1,5,1,4,1,2,2,2,2,1,2,2,2,2,2,2,2,2,2,2,1,2,2,2,2,2,0,0,0
2008,42,51,1,420799,1,2,1,2,4,2,6,2,1,2,2,2,1,2,2,1,2,2,2,2,1,2,2,2,2,2,2,2,1,2,2,0,0,0
2008,42,77,1,420800,1,2,2,2,4,2,6,2,1,1,1,2,1,2,2,2,2,2,2,2,1,2,2,2,2,2,2,2,1,2,2,0,0,0
2008,42,85,1,420801,1,2,1,2,1,1,3,1,4,1,2,2,2,2,1,2,2,2,2,2,3,2,2,2,2,2,2,2,2,2,2,0,0,0
2008,42,101,1,420802,1,2,2,1,1,2,1,2,4,1,1,2,3,2,2,1,2,2,1,2,3,2,2,2,2,2,2,2,2,2,2,0,0,0
2008,42,101,1,420803,1,2,2,1,1,2,1,2,1,1,1,2,3,1,2,2,2,2,2,2,3,2,2,2,2,2,2,2,2,2,2,0,0,0
2008,42,3,1,420804,1,2,1,2,4,2,6,2,1,2,2,2,1,2,1,2,2,2,2,2,2,2,2,2,2,2,2,2,1,2,2,0,0,0
2008,42,77,1,420805,1,2,2,2,4,2,6,2,1,2,2,1,1,2,2,1,2,2,1,2,3,2,2,2,2,2,1,1,1,2,2,0,0,0
2008,42,11,1,420806,1,2,2,2,1,1,4,1,1,1,1,2,1,2,2,2,1,2,2,2,3,2,2,2,2,1,2,2,2,2,2,0,0,0
2008,42,133,1,420807,1,2,2,2,1,2,5,3,4,1,1,2,2,1,1,1,2,2,2,2,1,2,2,2,2,2,2,2,2,2,2,0,0,0
2008,42,117,1,420808,1,2,1,2,4,2,5,2,1,2,2,2,1,2,2,2,2,2,1,2,1,2,2,2,2,2,2,2,1,2,2,0,0,0
2008,42,15,1,420809,1,2,1,2,2,2,4,2,1,2,2,2,1,2,2,1,2,2,2,2,1,2,2,2,2,2,2,2,1,2,2,0,0,0
2008,42,1,1,420810,1,2,1,2,1,1,4,1,3,1,1,2,2,2,2,2,2,2,2,2,3,2,2,2,2,2,2,2,2,2,1,0,0,0
2008,42,91,1,420811,1,2,2,1,2,2,1,3,1,1,1,2,1,2,1,1,2,2,2,2,2,2,2,2,2,2,2,2,1,2,2,0,0,0
2008,42,11,1,420812,1,2,2,2,1,2,6,2,1,1,1,2,1,2,2,1,1,2,2,2,3,2,2,2,2,2,2,2,2,2,2,0,0,0
2008,42,91,1,420813,1,2,2,2,4,2,5,2,1,2,2,2,1,2,1,1,2,2,2,2,1,2,2,2,2,2,1,1,1,1,2,0,0,0
2008,42,3,1,420814,1,2,2,2,4,2,3,2,1,2,2,2,1,2,1,1,2,2,2,2,1,2,2,2,2,2,2,2,1,2,2,0,0,0
2008,42,101,1,420815,1,2,2,2,1,1,6,1,2,1,1,2,2,1,2,2,2,2,2,2,3,2,2,2,2,2,2,2,2,2,2,0,0,0
2008,42,1,1,420816,1,2,1,2,2,2,3,2,1,1,1,2,1,2,2,2,2,2,1,2,3,2,2,2,2,2,2,2,1,2,2,0,0,0
2008,42,101,1,420817,1,2,2,2,1,1,3,1,4,1,2,2,2,2,2,2,2,2,2,2,3,2,2,2,2,2,2,2,2,2,2,0,0,0
2008,42,89,1,420818,1,2,1,2,2,2,4,2,1,2,1,2,1,2,2,1,2,2,1,2,3,2,2,2,2,2,1,1,1,2,2,0,0,0
2008,42,61,1,420819,1,2,1,2,4,2,5,2,1,2,2,2,2,2,2,1,2,2,1,2,3,1,1,1,1,2,2,1,1,2,2,0,0,0
2008,42,101,1,420820,1,2,2,2,1,1,4,1,4,1,1,2,2,2,1,1,2,2,2,2,3,2,2,2,2,2,2,2,2,2,2,0,0,0
2008,42,107,1,420821,1,2,2,2,4,1,5,1,1,2,1,2,1,2,1,2,2,2,2,2,1,2,2,2,2,2,2,2,2,2,2,0,0,0
2008,42,31,1,420822,1,2,1,2,4,2,4,2,1,2,1,2,1,2,2,1,2,2,1,2,1,2,2,2,2,2,1,1,1,2,2,0,0,0
2008,42,85,1,420823,1,2,1,1,2,2,1,2,1,1,1,2,1,2,1,1,2,2,2,2,3,2,2,2,2,2,2,2,1,2,2,0,0,0
2008,42,77,1,420824,1,2,2,2,1,2,4,2,1,1,2,2,1,2,2,2,1,2,2,2,3,2,2,2,2,2,2,2,2,1,2,0,0,0
2008,42,81,1,420825,1,2,1,2,2,2,4,2,1,2,2,2,1,2,2,1,2,2,1,2,3,2,2,2,2,2,1,1,1,2,2,0,0,0
2008,42,27,1,420826,1,2,1,2,1,2,5,2,1,1,1,2,1,2,1,2,2,2,2,2,2,2,2,2,2,2,2,2,2,2,2,0,0,0
2008,42,61,1,420827,1,2,1,2,4,2,6,2,1,2,2,2,1,2,2,1,2,2,1,2,1,2,2,2,2,2,2,2,1,2,2,0,0,0
2008,42,95,1,420828,1,2,2,2,4,2,6,2,1,2,1,2,1,2,2,1,2,2,1,2,1,2,2,2,2,2,1,1,1,2,2,0,0,0
2008,42,47,2,420829,1,2,1,2,4,2,5,2,1,2,2,2,1,1,2,1,2,2,2,2,1,2,2,2,2,2,1,1,1,2,2,0,0,0
2008,42,51,1,420830,1,2,2,2,4,2,4,2,1,2,2,2,1,2,2,1,2,2,1,2,1,2,2,2,2,2,2,2,1,2,2,0,0,0
2008,42,117,2,420831,1,2,1,2,4,2,5,2,1,1,2,2,1,2,1,2,2,2,2,2,2,2,2,2,2,2,2,2,1,2,2,0,0,0
2008,42,21,1,420832,1,2,1,2,4,2,5,2,1,2,1,2,1,2,1,2,2,2,2,2,1,2,2,2,2,2,2,2,1,2,2,0,0,0
2008,42,97,1,420833,1,2,1,2,4,2,4,2,1,1,1,2,1,2,2,1,2,2,2,2,1,2,2,2,2,2,2,2,1,2,2,0,0,0
2008,42,71,1,420834,1,2,2,2,4,2,3,2,1,1,1,2,1,2,2,2,2,2,1,2,2,2,2,2,2,1,2,2,1,2,2,0,0,0
2008,42,43,1,420835,1,2,1,2,1,2,6,2,1,2,2,2,1,2,1,2,2,2,2,2,2,2,2,2,2,2,2,2,2,2,2,0,0,0
2008,42,55,1,420836,1,2,1,2,4,2,5,2,1,2,2,2,1,2,2,1,2,2,2,2,1,2,2,2,2,2,2,2,1,2,2,0,0,0
2008,42,99,1,420837,1,2,1,2,2,2,5,2,1,1,1,2,1,2,1,1,2,2,2,2,1,2,2,2,2,2,2,2,1,2,2,0,0,0
2008,42,1,1,420838,1,2,1,2,1,2,5,2,1,2,1,2,1,2,1,2,2,2,2,2,2,2,2,2,2,2,2,2,2,2,2,0,0,0
2008,42,103,1,420839,1,2,1,2,4,2,5,2,1,2,1,2,1,2,2,1,2,2,1,2,1,2,2,2,2,2,2,2,1,2,2,0,0,0
2008,42,81,1,420840,1,2,1,2,1,2,5,2,4,1,1,2,2,2,2,1,2,2,2,2,3,1,1,1,1,2,1,1,2,2,2,0,0,0
2008,42,69,3,420841,1,2,1,1,3,2,1,2,1,2,2,2,1,2,2,2,2,2,1,2,2,2,2,2,2,2,2,2,1,2,1,0,0,0
2008,42,19,1,420842,1,2,1,2,1,2,5,2,3,1,1,2,2,1,2,1,2,2,2,2,3,2,2,1,1,1,2,1,1,2,2,0,0,0
2008,42,77,1,420843,1,2,2,2,1,1,4,1,4,2,2,2,2,2,1,1,2,2,2,2,3,2,2,1,1,2,2,1,2,2,2,0,0,0
2008,42,89,1,420844,1,2,1,2,4,2,6,2,1,1,1,2,1,2,2,1,2,2,2,2,3,2,2,2,2,2,2,2,1,2,2,0,0,0
2008,42,23,1,420845,1,2,1,2,1,2,4,2,5,2,2,2,2,2,2,2,2,2,1,2,1,1,1,1,1,2,2,1,2,2,2,0,0,0
2008,42,77,1,420846,1,2,2,1,1,2,1,2,4,1,1,2,2,2,2,2,2,2,1,2,2,2,2,2,2,2,2,2,1,2,2,0,0,0
2008,42,89,1,420847,1,2,1,2,4,2,5,2,1,2,2,2,1,2,2,1,2,2,2,2,3,2,2,2,2,2,1,1,1,2,2,0,0,0
2008,42,47,2,420848,1,2,1,2,4,2,4,2,1,1,1,2,2,2,2,1,2,2,1,2,1,2,2,2,2,2,2,2,1,2,2,0,0,0
2008,42,19,1,420849,1,2,1,2,4,2,6,2,1,2,2,2,1,2,2,1,2,2,2,2,1,2,2,2,2,2,1,1,1,2,2,0,0,0
2008,42,91,1,420850,1,2,2,2,2,2,3,2,1,2,1,2,1,2,1,1,2,2,2,2,2,2,2,2,2,2,2,2,1,2,2,0,0,0
2008,42,43,1,420851,1,2,1,2,2,1,4,1,1,2,1,2,1,2,1,2,2,2,2,2,1,2,2,2,2,2,2,2,2,2,2,0,0,0
2008,42,91,1,420852,1,2,2,1,1,2,1,2,4,2,1,2,2,2,2,2,2,2,2,2,1,2,2,2,2,2,1,1,2,2,2,0,0,0
2008,42,133,1,420853,1,2,2,2,1,2,3,3,3,2,1,2,2,1,2,1,2,2,2,2,1,2,2,2,2,2,2,2,2,2,2,0,0,0
2008,42,129,1,420854,1,2,2,2,4,2,6,2,1,2,2,2,1,2,2,2,2,2,2,2,2,1,1,1,1,2,2,1,1,2,2,0,0,0
2008,42,71,1,420855,1,2,1,2,4,2,6,2,1,2,1,2,1,2,2,1,2,2,1,2,1,2,2,2,2,2,1,1,1,2,2,0,0,0
2008,42,129,2,420856,1,2,1,2,1,2,4,2,4,1,2,2,2,2,2,1,2,2,2,2,3,1,1,1,1,2,2,1,1,1,2,0,0,0
2008,42,43,1,420857,1,2,2,2,1,1,3,1,1,1,1,2,2,2,1,1,2,2,2,2,3,2,2,2,2,1,2,2,2,2,2,0,0,0
2008,42,29,1,420858,1,2,1,1,1,2,1,2,2,2,1,2,2,1,2,2,2,2,2,2,3,2,2,2,2,2,2,2,2,2,2,0,0,0
2008,42,71,1,420859,1,2,2,2,2,2,5,2,1,2,2,2,1,2,2,1,2,2,1,2,1,2,2,2,2,2,1,1,1,2,2,0,0,0
2008,42,91,1,420860,1,2,1,2,2,2,6,2,1,2,2,2,1,2,2,1,2,2,2,2,1,2,2,2,2,2,2,2,1,2,2,0,0,0
2008,42,45,1,420861,1,2,2,2,2,2,5,2,1,2,1,2,1,2,2,1,2,2,1,2,1,2,2,2,2,2,2,2,1,2,2,0,0,0
2008,42,129,2,420862,1,2,2,2,1,1,3,1,3,1,1,2,2,1,2,2,2,2,2,2,2,2,2,2,2,2,1,1,2,2,2,0,0,0
2008,42,131,2,420863,1,2,1,2,1,2,3,2,4,1,1,2,3,2,2,2,2,2,2,2,1,2,2,2,2,1,2,2,1,2,2,0,0,0
2008,42,101,1,420864,1,2,2,2,4,2,6,2,5,2,1,2,1,2,2,1,2,2,2,2,1,2,2,2,2,2,2,2,2,2,2,0,0,0
2008,42,101,1,420865,1,2,2,2,1,1,3,1,3,2,1,2,3,2,2,2,2,2,2,2,3,2,2,2,2,2,2,2,2,2,2,0,0,0
2008,42,11,1,420866,1,2,2,2,1,2,2,2,5,2,1,2,3,2,1,1,2,2,2,2,3,2,2,2,2,2,2,2,2,2,2,0,0,0
2008,42,17,1,420867,1,2,2,2,1,1,3,1,2,1,1,2,2,2,2,2,2,2,2,2,2,2,2,2,2,2,2,2,2,2,2,0,0,0
2008,42,71,1,420868,1,2,2,2,1,1,4,1,1,1,1,2,1,2,2,2,1,2,2,2,3,2,2,2,2,2,2,2,2,2,2,0,0,0
2008,42,51,1,420869,1,2,1,2,2,2,3,2,1,1,1,2,1,2,2,2,2,2,2,2,2,2,2,2,2,1,2,2,1,2,2,0,0,0
2008,42,77,1,420870,1,2,1,2,1,1,4,1,2,1,1,2,2,1,2,1,2,2,2,2,3,2,2,2,2,2,2,2,2,2,2,0,0,0
2008,42,77,1,420871,1,2,1,2,1,2,6,2,4,1,2,2,2,2,1,1,2,2,1,2,1,2,2,2,2,2,2,2,1,2,2,0,0,0
2008,42,89,1,420872,1,2,1,2,1,2,6,2,3,2,2,2,2,2,1,1,2,2,2,2,1,2,2,1,1,2,2,1,1,2,2,0,0,0
2008,42,79,1,420873,1,2,2,2,2,2,2,2,1,2,1,2,1,2,2,1,2,2,2,2,2,2,2,2,2,2,1,1,1,2,2,0,0,0
2008,42,71,1,420874,1,2,1,2,1,1,3,1,4,2,1,2,2,2,1,2,2,2,2,2,2,2,2,2,2,2,2,2,2,2,2,0,0,0
2008,42,83,1,420875,1,2,1,2,1,2,4,2,3,1,1,2,3,2,1,2,2,2,2,2,3,2,2,2,2,1,2,2,1,2,2,0,0,0
2008,42,91,1,420876,1,2,2,2,1,2,4,2,4,2,2,2,2,2,2,1,2,2,2,2,1,2,2,2,2,2,2,2,1,2,2,0,0,0
2008,42,71,1,420877,1,2,1,2,4,2,6,2,1,2,2,2,1,2,2,1,2,2,1,2,1,2,2,2,2,2,1,1,1,2,2,0,0,0
2008,42,89,1,420878,1,2,1,2,2,2,5,2,1,2,1,2,1,2,2,1,2,2,2,2,3,2,2,2,2,2,2,2,1,1,2,0,0,0
2008,42,67,1,420879,1,2,1,2,1,1,5,1,4,2,2,2,3,2,1,1,2,2,2,2,1,2,2,1,1,2,2,1,2,2,2,0,0,0
2008,42,11,1,420880,1,2,1,2,1,2,5,3,4,2,1,2,2,2,1,1,2,2,2,2,3,2,2,2,2,2,1,1,2,2,2,0,0,0
2008,42,129,1,420881,1,2,2,1,2,2,1,3,1,2,1,2,1,2,2,2,2,2,1,2,1,2,2,2,2,2,2,2,1,2,2,0,0,0
2008,42,115,1,420882,1,2,2,1,3,2,1,2,1,1,2,2,1,2,2,2,2,2,1,2,3,2,2,2,2,1,2,2,1,2,2,0,0,0
2008,42,125,1,420883,1,2,1,2,1,2,3,2,1,1,1,2,1,2,2,2,2,2,1,2,3,1,1,1,1,2,2,1,1,2,2,0,0,0
2008,42,3,1,420884,1,2,2,2,1,2,3,2,4,2,2,2,2,2,2,2,2,2,2,2,1,2,2,2,2,2,2,2,1,2,2,0,0,0
2008,42,3,1,420885,1,2,2,2,1,1,3,1,2,1,1,2,3,2,2,2,2,2,2,2,3,2,2,1,1,2,1,1,2,2,2,0,0,0
2008,42,45,1,420886,1,2,2,2,4,1,6,1,1,1,2,2,1,2,2,2,2,2,2,2,3,2,2,2,2,2,2,2,2,1,2,0,0,0
2008,42,71,1,420887,1,2,2,2,1,1,3,1,4,1,1,2,2,1,1,2,2,2,2,2,2,2,2,2,2,2,2,2,2,2,2,0,0,0
2008,42,91,1,420888,1,2,1,2,1,2,6,2,1,1,2,2,1,2,1,2,2,2,2,2,3,2,2,2,2,2,2,2,2,2,2,0,0,0
2008,42,101,1,420889,1,2,2,2,1,2,3,2,1,2,1,2,1,2,2,2,2,1,2,2,3,2,2,2,2,2,2,2,2,2,2,0,0,0
2008,42,21,1,420890,1,2,1,2,4,2,5,2,1,2,2,2,1,2,1,2,2,2,2,2,1,2,2,2,2,2,2,2,1,2,2,0,0,0
2008,42,119,1,420891,1,2,2,2,1,2,3,3,4,1,1,2,2,2,2,1,2,2,2,2,3,2,2,2,2,2,1,1,2,2,2,0,0,0
2008,42,73,1,420892,1,2,1,2,1,1,3,1,4,1,1,2,2,1,2,2,2,2,2,2,1,2,2,2,2,1,2,2,2,2,2,0,0,0
2008,42,101,1,420893,1,2,2,2,1,1,3,1,4,2,2,2,2,2,1,2,2,2,2,2,3,2,2,2,2,2,2,2,2,2,2,0,0,0
2008,42,125,1,420894,1,2,2,2,4,2,4,2,1,2,1,2,1,2,1,2,2,2,2,2,1,2,2,2,2,2,2,2,1,2,2,0,0,0
2008,42,123,2,420895,1,2,1,2,4,1,4,1,1,2,1,2,1,2,2,1,2,2,1,2,1,2,2,2,2,2,2,2,2,2,2,0,0,0
2008,42,37,1,420896,1,2,1,2,4,2,5,2,1,1,2,2,1,2,2,2,2,2,1,2,2,2,2,2,2,2,2,2,1,2,2,0,0,0
2008,42,101,1,420897,1,2,2,2,1,2,6,2,1,2,1,2,1,2,2,2,1,2,2,2,3,2,2,2,2,2,2,2,2,2,2,0,0,0
2008,42,101,1,420898,1,2,2,2,1,1,3,1,1,2,2,2,1,2,2,1,2,1,2,2,3,2,2,2,2,2,2,2,2,2,2,0,0,0
2008,42,41,1,420899,1,2,1,2,4,2,6,2,1,1,2,2,1,2,2,2,1,2,2,2,3,2,2,2,2,2,2,2,2,2,2,0,0,0
2008,42,101,1,420900,1,2,2,2,1,2,6,2,1,2,2,2,1,2,2,2,1,2,2,2,3,2,2,2,2,2,2,2,2,2,2,0,0,0
2008,42,101,1,420901,1,2,2,2,1,1,6,1,1,2,2,1,1,2,2,2,1,2,2,2,1,2,2,2,2,2,2,2,2,2,2,0,0,0
2008,42,71,1,420902,1,2,2,2,1,2,4,2,1,2,2,2,1,2,2,1,2,2,2,2,1,2,2,2,2,2,2,2,1,2,2,0,0,0
2008,42,107,1,420903,1,2,1,2,2,2,4,2,1,1,1,2,2,2,2,1,2,2,2,2,3,2,2,2,2,2,2,2,1,2,2,0,0,0
2008,42,117,1,420904,1,2,1,2,1,1,4,1,1,2,1,2,1,2,2,2,2,1,2,2,3,2,2,2,2,1,2,2,2,2,2,0,0,0
2008,42,89,1,420905,1,2,1,1,4,2,1,2,1,2,1,2,1,2,2,2,2,2,2,2,1,2,2,2,2,2,2,2,1,2,2,0,0,0
2008,42,107,1,420906,1,2,1,2,1,1,4,1,4,1,1,2,2,1,2,2,2,2,2,2,2,1,1,1,1,2,2,1,2,1,2,0,0,0
2008,42,75,1,420907,1,2,2,2,1,2,6,2,1,2,1,1,1,2,2,1,1,2,2,2,3,2,2,2,2,2,2,2,2,2,2,0,0,0
2008,42,13,1,420908,1,2,2,2,1,2,4,2,3,1,2,2,2,2,2,2,2,2,2,2,1,2,2,2,2,1,2,2,1,2,2,0,0,0
2008,42,3,1,420909,1,2,2,1,2,2,1,2,1,2,1,1,2,2,1,1,2,2,2,2,2,2,2,2,2,2,2,2,1,2,2,0,0,0
2008,42,49,1,420910,1,2,1,2,4,2,4,2,1,1,2,2,1,2,1,1,2,2,2,2,1,2,2,2,2,2,2,2,1,2,2,0,0,0
2008,42,43,1,420911,1,2,2,1,1,2,1,2,1,2,2,2,1,2,2,2,1,2,2,2,3,2,2,2,2,2,2,2,2,2,2,0,0,0
2008,42,67,1,420912,1,2,1,2,4,2,6,2,1,1,1,2,1,2,2,1,2,2,1,2,1,1,1,1,1,2,2,1,1,2,2,0,0,0
2008,42,107,1,420913,1,2,1,2,1,1,4,1,4,1,1,2,2,1,2,2,2,2,2,2,3,2,2,2,2,2,2,2,2,2,2,0,0,0
2008,42,77,1,420914,1,2,2,2,2,2,3,2,1,2,2,2,1,1,2,2,2,2,1,2,2,2,2,2,2,2,2,2,1,2,2,0,0,0
2008,42,101,1,420915,1,2,2,2,1,1,3,1,1,1,1,2,1,2,2,2,1,2,2,2,3,2,2,2,2,2,2,2,2,2,2,0,0,0
2008,42,11,2,420916,1,2,2,2,1,2,3,2,4,1,1,2,2,2,2,2,2,2,2,2,2,1,1,1,1,2,2,1,1,2,2,0,0,0
2008,42,41,1,420917,1,2,2,1,2,2,1,2,1,1,1,2,1,1,2,1,1,2,2,2,2,2,2,2,2,2,2,2,1,2,2,0,0,0
2008,42,43,1,420918,1,2,1,2,2,2,3,2,1,2,2,2,1,2,2,1,2,2,2,2,2,2,2,2,2,2,2,2,1,2,2,0,0,0
2008,42,131,1,420919,1,2,1,2,4,2,5,2,1,2,2,2,1,2,2,2,2,2,1,2,3,2,2,2,2,2,2,2,1,2,2,0,0,0
2008,42,19,1,420920,1,2,1,2,1,2,3,2,4,1,1,2,2,1,2,2,2,2,2,2,3,2,2,2,2,2,2,2,1,2,2,0,0,0
2008,42,89,1,420921,1,2,1,1,2,2,1,3,5,2,1,1,1,2,2,2,1,2,2,2,3,2,2,2,2,2,2,2,1,2,2,0,0,0
2008,42,91,1,420922,1,2,1,2,4,2,6,2,1,1,1,2,1,2,2,2,2,2,2,2,1,2,2,2,2,1,2,2,1,2,2,0,0,0
2008,42,71,1,420923,1,2,1,2,2,2,6,2,1,2,1,2,1,2,2,2,2,2,2,2,1,2,2,2,2,2,2,2,1,2,2,0,0,0
2008,42,1,2,420924,1,2,1,2,1,2,4,2,3,1,2,2,2,2,2,1,2,2,2,2,2,2,2,2,2,1,2,2,1,2,2,0,0,0
2008,42,15,1,420925,1,2,1,2,4,2,5,2,1,2,2,2,1,2,2,1,2,2,1,2,1,2,2,2,2,2,2,2,1,2,2,0,0,0
2008,42,43,1,420926,1,2,2,2,2,2,6,2,1,1,1,2,1,1,2,2,2,2,2,2,3,2,2,2,2,2,2,2,1,2,2,0,0,0
2008,42,37,1,420927,1,2,2,1,1,2,1,2,1,2,2,2,1,2,2,1,2,2,1,2,2,1,1,1,1,2,2,1,1,2,2,0,0,0
2008,42,91,1,420928,1,2,2,1,4,2,1,2,1,2,1,2,1,2,2,2,2,2,1,2,2,2,2,2,2,2,2,2,1,2,2,0,0,0
2008,42,77,1,420929,1,2,2,2,4,2,6,2,1,1,2,2,1,2,2,2,2,2,1,2,2,2,2,2,2,1,2,2,1,2,2,0,0,0
2008,42,3,1,420930,1,2,2,2,4,2,3,2,1,2,2,2,2,2,2,2,2,2,2,2,3,2,2,2,2,1,2,2,1,2,2,0,0,0
2008,42,43,1,420931,1,2,2,2,3,2,4,2,1,2,2,2,2,2,2,1,2,2,1,2,3,2,2,2,2,2,2,2,1,2,2,0,0,0
2008,42,101,1,420932,1,2,2,2,3,2,3,2,1,2,1,2,1,2,2,2,2,2,2,2,1,2,2,2,2,2,2,2,1,2,2,0,0,0
2008,42,101,1,420933,1,2,2,2,1,2,6,2,1,1,2,2,1,2,2,2,1,2,2,2,3,2,2,2,2,1,2,2,2,2,2,0,0,0
2008,42,29,1,420934,1,2,2,2,4,2,5,2,1,2,1,1,1,2,2,1,2,2,2,2,2,2,2,2,2,2,2,2,1,2,2,0,0,0
2008,42,17,1,420935,1,2,2,1,2,2,1,3,1,1,1,2,1,2,1,1,2,2,2,2,2,2,2,2,2,2,2,2,1,2,2,0,0,0
2008,42,29,1,420936,1,2,1,2,1,2,6,2,5,1,1,2,2,2,1,1,2,2,2,2,3,2,2,2,2,2,2,2,1,2,2,0,0,0
2008,42,69,1,420937,1,2,1,1,2,2,1,2,2,1,1,2,1,2,2,1,2,2,2,2,2,2,2,2,2,2,1,1,2,2,2,0,0,0
2008,42,51,1,420938,1,2,2,2,1,1,5,1,4,2,1,2,2,2,2,2,2,2,2,2,1,2,2,2,2,2,1,1,2,2,2,0,0,0
2008,42,71,1,420939,1,2,1,2,1,1,5,1,4,1,1,2,2,1,2,2,2,2,2,2,2,2,2,2,2,1,2,2,2,2,2,0,0,0
2008,42,9,1,420940,1,2,1,2,1,2,3,2,4,1,1,2,2,2,2,1,2,2,2,2,3,2,2,2,2,1,2,2,1,2,2,0,0,0
2008,42,15,1,420941,1,2,1,2,4,2,5,2,1,2,2,2,1,2,2,1,2,2,1,2,2,2,2,2,2,2,1,1,1,2,2,0,0,0
2008,42,91,1,420942,1,2,1,2,4,2,6,2,1,2,2,2,1,2,2,1,2,2,2,2,2,2,2,2,2,1,2,2,1,2,2,0,0,0
2008,42,115,1,420943,1,2,1,2,2,2,5,2,1,1,1,2,1,2,2,2,2,2,1,2,1,2,2,2,2,2,2,2,1,2,2,0,0,0
2008,42,99,1,420944,1,2,1,2,4,2,6,2,1,1,1,2,1,2,2,1,2,2,2,2,2,2,2,2,2,1,2,2,1,2,2,0,0,0
2008,42,129,1,420945,1,2,1,2,2,2,6,2,1,2,2,2,1,2,2,1,2,2,1,2,1,2,2,2,2,2,1,1,1,2,2,0,0,0
2008,42,101,1,420946,1,2,2,2,1,1,3,1,4,2,1,2,2,2,1,2,2,2,2,2,1,2,2,2,2,2,2,2,2,2,2,0,0,0
2008,42,31,3,420947,1,2,1,2,4,2,6,2,1,1,1,2,1,2,2,1,2,2,1,2,3,1,1,1,1,2,2,1,1,2,2,0,0,0
2008,42,89,1,420948,1,2,2,2,4,1,4,1,1,2,2,2,1,2,2,2,1,2,2,2,1,2,2,2,2,2,2,2,2,2,2,0,0,0
2008,42,33,1,420949,1,2,1,2,1,2,6,2,4,2,2,2,2,2,2,1,2,2,2,2,3,2,2,1,1,2,2,1,2,2,2,0,0,0
2008,42,71,1,420950,1,2,1,2,1,1,5,1,4,1,1,2,2,2,2,2,2,2,2,2,3,2,2,2,2,2,2,2,2,2,2,0,0,0
2008,42,49,1,420951,1,2,1,1,1,2,1,2,2,2,1,2,2,1,2,1,2,2,2,2,1,2,2,2,2,2,2,2,2,2,2,0,0,0
2008,42,7,1,420952,1,2,1,2,4,2,4,2,1,2,2,2,1,2,2,2,2,2,1,2,1,2,2,2,2,2,2,2,1,2,2,0,0,0
2008,42,25,1,420953,1,2,1,2,4,2,5,2,1,2,1,2,1,2,2,1,2,2,1,2,1,2,2,2,2,2,2,2,1,2,2,0,0,0
2008,42,55,1,420954,1,2,1,2,4,2,6,2,1,2,2,2,1,2,2,1,2,2,2,2,1,2,2,2,2,2,2,2,1,2,2,0,0,0
2008,42,3,1,420955,1,2,2,2,1,1,4,1,4,1,1,2,2,2,1,1,2,2,2,2,3,2,2,2,2,2,2,2,2,2,2,0,0,0
2008,42,111,1,420956,1,2,1,2,1,2,4,2,3,1,1,2,2,2,1,2,2,2,2,2,3,2,2,1,1,1,2,1,1,2,2,0,0,0
2008,42,115,1,420957,1,2,1,2,4,2,6,2,1,1,1,2,1,2,2,1,2,2,2,2,2,2,2,2,2,2,1,1,1,2,2,0,0,0
2008,42,73,1,420958,1,2,1,2,4,2,4,2,1,2,2,2,1,2,2,1,2,2,2,2,2,2,2,2,2,2,2,2,1,2,2,0,0,0
2008,42,91,1,420959,1,2,2,2,4,2,2,2,1,1,2,2,1,2,2,2,2,2,1,1,2,2,2,2,2,2,2,2,1,2,2,0,0,0
2008,42,71,1,420960,1,2,1,2,2,2,6,2,1,2,1,2,1,2,1,1,2,2,2,2,1,2,2,2,2,2,2,2,1,2,2,0,0,0
2008,42,91,1,420961,1,2,2,2,1,2,3,2,3,2,2,2,2,2,2,1,2,2,1,2,3,2,2,2,2,1,2,2,2,2,2,0,0,0
2008,42,101,1,420962,1,2,2,2,4,2,3,2,1,1,1,2,1,2,2,1,2,2,2,2,3,2,2,2,2,2,1,1,1,2,2,0,0,0
2008,42,11,1,420963,1,2,2,2,4,2,2,3,1,2,1,2,1,2,2,1,2,2,1,2,1,2,2,2,2,2,2,2,1,2,2,0,0,0
2008,42,99,1,420964,1,2,1,2,1,2,4,2,1,1,2,2,1,2,2,1,2,2,2,2,3,2,2,2,2,2,2,2,2,2,2,0,0,0
2008,42,79,1,420965,1,2,1,2,1,2,3,2,4,2,2,2,2,1,2,1,2,2,2,2,1,2,2,1,1,2,2,1,2,2,2,0,0,0
2008,42,69,1,420966,1,2,2,2,4,2,6,2,1,2,1,2,1,2,2,2,2,2,1,2,1,2,2,2,2,2,2,2,1,2,2,0,0,0
2008,42,133,1,420967,1,2,1,2,4,2,3,2,1,2,1,2,1,2,1,1,2,2,2,2,1,2,2,2,2,2,2,2,1,2,2,0,0,0
2008,42,35,1,420968,1,2,1,2,4,2,4,2,1,1,1,2,1,2,2,2,2,2,1,2,1,2,2,2,2,2,2,2,1,2,2,0,0,0
2008,42,93,1,420969,1,2,1,2,1,1,3,1,2,2,1,2,2,1,2,1,2,2,2,2,1,2,2,2,2,2,1,1,2,2,2,0,0,0
2008,42,45,1,420970,1,2,2,2,1,1,3,1,1,2,2,1,1,2,2,2,1,2,2,2,3,2,2,2,2,2,2,2,2,2,2,0,0,0
2008,42,89,2,420971,1,2,1,2,4,2,6,2,1,2,2,2,1,2,1,1,2,2,2,2,2,2,2,2,2,2,2,2,1,2,2,0,0,0
2008,42,43,1,420972,1,2,2,2,2,2,3,2,1,2,2,1,1,2,2,2,2,2,2,2,3,2,2,2,2,2,2,2,1,2,2,0,0,0
2008,42,3,1,420973,1,2,2,2,1,1,6,1,1,1,1,2,1,2,2,2,1,2,2,2,3,2,2,2,2,2,2,2,2,2,2,0,0,0
2008,42,59,1,420974,1,2,2,2,1,2,3,3,4,2,1,2,2,2,1,1,2,2,2,2,2,2,2,2,2,2,1,1,2,1,2,0,0,0
2008,42,37,2,420975,1,2,1,2,4,2,6,2,1,2,1,2,1,2,2,1,2,2,2,2,3,1,1,1,1,2,2,1,1,2,2,0,0,0
2008,42,81,1,420976,1,2,2,2,4,2,6,2,1,2,2,2,1,2,2,2,2,2,1,2,1,2,2,2,2,2,2,2,1,2,2,0,0,0
2008,42,83,1,420977,1,2,1,2,4,2,3,2,1,1,2,2,1,2,2,2,2,2,2,2,2,2,2,2,2,1,2,2,1,2,2,0,0,0
2008,42,77,1,420978,1,2,2,2,1,1,4,1,4,2,1,2,2,2,2,2,2,2,1,2,3,2,2,2,2,2,1,1,2,2,2,0,0,0
2008,42,39,1,420979,1,2,1,2,4,2,5,2,1,2,2,2,1,2,2,2,2,2,2,2,2,2,2,2,2,2,2,2,1,2,2,0,0,0
2008,42,77,1,420980,1,2,2,2,4,2,4,2,1,1,2,2,1,2,2,2,2,2,2,2,3,2,2,2,2,2,2,2,1,2,1,0,0,0
2008,42,33,1,420981,1,2,1,1,3,2,1,2,1,2,1,2,1,1,2,2,2,2,2,2,2,2,2,2,2,2,2,2,1,2,2,0,0,0
2008,42,129,1,420982,1,2,2,2,1,1,4,1,4,2,2,2,2,2,2,2,2,2,2,2,3,2,2,2,2,1,2,2,2,2,2,0,0,0
2008,42,3,1,420983,1,2,2,2,4,2,6,2,1,1,2,2,1,2,2,2,1,2,2,2,3,1,2,1,2,2,2,2,2,2,2,0,0,0
2008,42,77,1,420984,1,2,2,2,1,1,4,1,2,1,1,2,3,2,2,1,2,2,2,2,3,2,2,2,2,1,2,2,2,2,2,0,0,0
2008,42,95,2,420985,1,2,2,2,1,2,2,2,3,1,1,2,3,2,2,1,2,2,1,1,3,2,2,2,2,2,2,2,2,2,2,0,0,0
2008,42,129,1,420986,1,2,2,2,4,2,6,2,1,1,1,2,1,2,2,2,2,2,2,2,3,2,2,2,2,1,2,2,1,2,2,0,0,0
2008,42,101,1,420987,1,2,2,2,1,1,4,1,1,1,1,2,1,2,2,2,1,2,2,2,3,2,2,2,2,2,2,2,2,2,2,0,0,0
2008,42,19,1,420988,1,2,1,2,2,2,3,2,1,2,2,2,1,2,2,1,2,2,1,2,1,2,2,2,2,2,2,2,1,2,2,0,0,0
2008,42,75,1,420989,1,2,1,1,1,2,1,2,3,2,2,2,2,2,2,2,2,2,2,2,1,2,2,2,2,2,2,2,2,2,2,0,0,0
2008,42,21,1,420990,1,2,1,2,4,2,3,2,1,2,2,2,1,2,2,2,2,2,1,2,2,2,2,2,2,2,1,1,1,2,1,0,0,0
2008,42,125,1,420991,1,2,1,2,4,2,6,2,1,2,1,2,1,2,2,1,2,2,2,2,1,2,2,2,2,2,1,1,1,2,2,0,0,0
2008,42,67,1,420992,1,2,1,2,4,2,5,2,1,2,2,2,1,2,2,1,2,2,1,2,1,2,2,2,2,2,2,2,1,2,2,0,0,0
2008,42,19,1,420993,1,2,2,2,1,1,4,1,2,1,2,2,2,2,2,1,2,2,2,2,3,2,2,2,2,1,2,2,2,2,2,0,0,0
2008,42,85,1,420994,1,2,1,1,1,2,1,2,4,1,1,2,3,1,2,2,2,2,2,2,3,2,2,2,2,2,1,1,1,2,2,0,0,0
2008,42,67,1,420995,1,2,1,2,1,2,6,2,1,1,2,2,1,2,2,1,2,2,1,2,2,1,1,1,1,2,2,1,1,2,2,0,0,0
2008,42,21,1,420996,1,2,1,2,1,2,4,2,5,2,2,2,3,2,2,2,2,2,1,2,2,2,2,2,2,2,1,1,1,2,1,0,0,0
2008,42,27,1,420997,1,2,1,2,1,2,5,2,3,1,2,2,2,2,1,1,2,2,2,2,3,2,2,2,2,2,2,2,1,2,2,0,0,0
2008,42,55,1,420998,1,2,1,2,1,2,5,2,4,1,1,2,2,1,2,2,2,2,2,2,3,2,2,2,2,2,2,2,1,2,2,0,0,0
2008,42,99,1,420999,1,2,1,2,1,2,4,2,1,2,2,2,1,2,2,2,1,2,2,2,3,2,2,2,2,2,1,1,2,2,2,0,0,0
2008,42,103,1,421000,1,2,1,2,4,2,5,2,1,2,2,2,1,2,2,2,2,2,2,2,1,2,2,2,2,2,2,2,1,2,2,0,0,0
2008,42,1,1,421001,1,2,1,2,4,2,6,2,1,1,2,2,1,2,2,1,2,2,2,2,1,2,2,2,2,2,2,2,1,2,2,0,0,0
2008,42,1,1,421002,1,2,1,2,4,2,4,2,1,1,1,2,1,2,2,2,2,2,1,2,2,2,2,2,2,2,2,2,1,2,2,0,0,0
2008,42,1,1,421003,1,2,1,2,1,2,4,2,4,1,2,2,2,2,1,1,2,2,2,2,2,2,2,2,2,2,2,2,1,1,2,0,0,0
2008,42,101,1,421004,1,2,2,1,2,2,1,3,1,1,2,2,1,2,1,1,2,2,2,2,2,2,2,2,2,2,1,1,1,1,2,0,0,0
2008,42,17,1,421005,1,2,2,2,1,1,3,1,4,2,1,2,3,1,2,2,2,2,2,2,3,2,2,2,2,2,2,2,2,2,2,0,0,0
2008,42,27,1,421006,1,2,1,2,1,1,3,1,4,1,2,2,2,1,1,2,2,2,2,2,3,2,2,2,2,2,2,2,2,2,2,0,0,0
2008,42,13,1,421007,1,2,1,2,1,1,3,1,2,1,1,2,3,2,2,2,2,2,2,2,3,2,2,2,2,1,2,2,2,1,2,0,0,0
2008,42,13,1,421008,1,2,1,2,4,2,4,2,1,2,2,2,1,2,2,2,2,2,1,2,1,2,2,2,2,2,2,2,1,2,2,0,0,0
2008,42,129,1,421009,1,2,1,2,4,2,5,2,1,2,2,2,1,2,1,1,2,2,2,2,1,2,2,2,2,2,2,2,1,2,2,0,0,0
2008,42,11,1,421010,1,2,2,2,4,2,3,2,1,2,1,2,1,2,2,1,2,2,2,2,1,2,2,2,2,2,1,1,1,2,2,0,0,0
2008,42,39,1,421011,1,2,1,2,4,2,6,2,1,2,1,2,1,2,2,2,2,2,1,2,1,2,2,2,2,2,2,2,1,2,2,0,0,0
2008,42,77,1,421012,1,2,1,2,4,2,5,2,1,2,1,2,1,2,2,1,2,2,2,2,2,1,1,1,1,2,2,1,1,2,2,0,0,0
2008,42,79,1,421013,1,2,1,2,1,2,4,2,1,2,1,1,1,2,2,2,1,2,2,2,1,2,2,2,2,2,2,2,1,2,2,0,0,0
2008,42,41,1,421014,1,2,1,2,1,2,4,3,2,1,1,2,3,2,2,2,2,2,2,2,3,2,2,1,1,1,2,1,2,2,2,0,0,0
2008,42,29,1,421015,1,2,2,2,1,2,2,2,4,2,2,2,3,2,2,1,2,2,1,2,3,2,2,2,2,2,2,2,2,2,2,0,0,0
2008,42,129,1,421016,1,2,1,2,1,2,4,2,3,2,1,2,3,2,2,2,2,2,2,2,3,1,1,1,1,1,2,1,1,2,2,0,0,0
2008,42,91,1,421017,1,2,2,2,1,2,3,2,1,1,1,2,1,2,2,2,1,2,2,2,3,2,2,2,2,2,2,2,2,2,2,0,0,0
2008,42,13,1,421018,1,2,2,2,1,2,3,3,4,1,1,2,2,2,2,2,2,2,1,2,3,2,2,2,2,2,1,1,2,2,2,0,0,0
2008,42,3,1,421019,1,2,1,2,4,2,6,3,1,1,1,2,1,2,2,1,2,2,2,2,2,1,1,1,1,2,2,1,1,2,2,0,0,0
2008,42,55,1,421020,1,2,1,2,1,2,3,2,3,1,1,2,2,1,2,2,2,2,2,2,2,2,2,2,2,1,2,2,1,2,2,0,0,0
2008,42,55,1,421021,1,2,2,2,1,2,4,3,3,1,1,2,2,1,2,2,2,2,2,2,3,2,2,2,2,1,2,2,1,2,2,0,0,0
2008,42,79,1,421022,1,2,2,2,1,2,6,3,1,1,2,2,1,2,2,2,1,2,2,2,3,2,2,2,2,2,2,2,2,2,2,0,0,0
2008,42,3,1,421023,1,2,2,2,1,2,6,3,1,1,1,2,1,2,2,2,1,2,2,2,3,2,2,2,2,2,2,2,2,2,2,0,0,0
2008,42,71,1,421024,1,2,2,2,1,2,4,2,3,1,1,2,2,1,2,2,2,2,2,2,3,2,2,2,2,1,2,2,1,2,2,0,0,0
2008,42,129,1,421025,1,2,2,2,1,1,3,1,4,2,1,2,2,2,2,2,2,2,2,2,3,2,2,2,2,2,2,2,2,2,2,0,0,0
2008,42,21,1,421026,1,2,1,2,4,2,6,2,1,1,1,2,1,2,2,2,2,2,2,2,2,2,2,2,2,2,2,2,1,2,2,0,0,0
2008,42,119,1,421027,1,2,1,2,1,2,4,2,1,1,2,2,1,2,2,2,1,2,2,2,3,2,2,2,2,1,2,2,2,2,2,0,0,0
2008,42,11,1,421028,1,2,1,2,4,2,5,2,1,1,2,2,1,2,2,2,2,2,1,2,3,2,2,2,2,1,2,2,1,2,1,0,0,0
2008,42,17,1,421029,1,2,1,2,1,1,5,1,4,2,2,2,2,2,2,2,2,2,2,2,3,2,2,2,2,2,2,2,2,1,2,0,0,0
2008,42,43,1,421030,1,2,1,2,4,2,6,2,1,1,1,2,1,2,1,1,2,2,2,2,2,2,2,2,2,2,1,1,1,2,2,0,0,0
2008,42,33,1,421031,1,2,1,2,4,2,6,2,1,1,1,2,1,2,2,1,2,2,1,2,1,2,2,2,2,2,2,2,1,2,2,0,0,0
2008,42,51,1,421032,1,2,2,2,1,2,4,2,4,2,2,1,2,2,2,1,2,2,2,2,1,2,2,2,2,2,2,2,1,2,2,0,0,0
2008,42,133,1,421033,1,2,2,2,1,2,4,2,1,2,2,2,1,2,1,2,2,2,2,2,1,2,2,2,2,2,2,2,2,2,2,0,0,0
2008,42,11,1,421034,1,2,2,2,2,2,2,2,1,1,2,2,1,2,1,1,2,2,2,2,2,2,2,2,2,2,2,2,1,2,2,0,0,0
2008,42,3,1,421035,1,2,2,2,4,2,3,2,1,2,2,2,1,2,1,1,2,2,2,2,1,2,2,2,2,2,2,2,1,2,2,0,0,0
2008,42,59,1,421036,1,2,1,2,1,2,4,2,4,1,1,2,2,1,2,2,2,2,2,2,3,1,1,1,1,2,2,1,1,2,2,0,0,0
2008,42,133,1,421037,1,2,2,2,1,2,5,2,1,1,1,2,1,2,2,2,2,2,2,2,3,1,1,1,1,2,2,1,2,2,2,0,0,0
2008,42,17,1,421038,1,2,2,2,4,2,5,2,1,2,1,2,1,2,2,1,2,2,2,2,1,2,2,2,2,2,2,2,1,2,2,0,0,0
2008,42,45,1,421039,1,2,1,2,4,2,6,2,1,1,2,2,1,2,2,1,2,2,1,2,2,2,2,2,2,2,1,1,1,2,2,0,0,0
2008,42,13,1,421040,1,2,1,2,1,1,5,1,5,2,1,2,2,1,2,1,2,2,2,2,3,2,2,2,2,1,2,2,2,2,2,0,0,0
2008,42,101,1,421041,1,2,2,2,2,2,3,2,2,1,1,2,1,2,2,1,2,2,2,2,2,2,2,2,2,2,2,2,1,2,2,0,0,0
2008,42,133,1,421042,1,2,2,2,1,1,5,1,4,1,1,2,2,2,2,2,2,2,2,2,3,2,2,2,2,1,2,2,2,2,2,0,0,0
2008,42,107,1,421043,1,2,2,2,1,2,3,3,4,2,1,2,2,1,2,2,2,2,2,2,3,2,2,2,2,1,2,2,2,2,2,0,0,0
2008,42,17,1,421044,1,2,2,2,1,2,2,2,1,1,1,2,1,2,2,2,1,2,2,2,3,2,2,2,2,2,2,2,2,2,2,0,0,0
2008,42,79,1,421045,1,2,2,2,1,2,4,2,1,2,1,1,1,2,2,2,1,2,2,2,2,1,1,1,1,2,2,1,2,1,2,0,0,0
2008,42,81,1,421046,1,2,1,2,1,2,4,2,4,1,1,2,2,2,2,1,2,2,2,2,3,1,1,1,1,2,2,1,1,2,2,0,0,0
2008,42,17,1,421047,1,2,1,2,1,2,6,3,4,1,1,2,2,2,1,2,2,2,2,2,2,2,2,2,2,2,2,2,2,2,2,0,0,0
2008,42,21,1,421048,1,2,2,2,2,2,2,3,1,1,2,2,1,2,1,1,2,2,2,2,2,2,2,2,2,2,1,1,1,2,2,0,0,0
2008,42,77,1,421049,1,2,2,2,1,2,4,3,4,1,1,2,2,1,2,1,2,2,2,2,3,2,2,2,2,2,2,2,2,2,2,0,0,0
2008,42,27,1,421050,1,2,2,2,1,2,3,2,1,2,2,2,2,2,2,2,2,2,2,2,3,2,2,2,2,2,1,1,2,2,2,0,0,0
2008,42,71,1,421051,1,2,2,2,1,2,4,2,4,1,2,2,2,2,2,1,2,2,2,2,3,1,1,1,1,2,2,1,1,2,2,0,0,0
2008,42,17,1,421052,1,2,1,2,1,2,3,3,4,1,1,2,2,1,1,1,2,2,2,2,2,2,2,2,2,2,2,2,2,2,2,0,0,0
2008,42,11,1,421053,1,2,2,2,4,2,4,2,1,2,1,2,1,2,2,1,2,2,1,2,1,2,2,2,2,2,2,2,1,2,2,0,0,0
2008,42,101,1,421054,1,2,2,1,1,2,1,2,5,2,2,2,2,2,1,2,2,2,2,2,3,2,2,2,2,2,2,2,2,2,2,0,0,0
2008,42,71,1,421055,1,2,1,2,1,1,4,1,4,1,1,2,2,1,2,2,2,2,1,2,2,1,1,1,1,2,2,1,2,2,2,0,0,0
2008,42,3,1,421056,1,2,2,2,4,2,3,2,1,2,2,2,1,2,2,1,2,2,2,2,1,2,2,2,2,2,2,2,1,2,2,0,0,0
2008,42,133,2,421057,1,2,1,2,1,1,5,1,4,1,1,2,2,2,2,1,2,2,2,2,1,2,2,2,2,1,2,2,2,2,2,0,0,0
2008,42,41,2,421058,1,2,1,1,3,2,1,2,1,1,2,2,2,1,2,1,2,2,2,2,2,2,2,2,2,2,2,2,1,2,2,0,0,0
2008,42,101,1,421059,1,2,2,2,1,1,3,1,4,2,2,1,2,2,2,2,2,2,2,2,3,2,2,2,2,2,2,2,2,2,2,0,0,0
2008,42,101,1,421060,1,2,2,2,1,1,4,1,4,2,2,2,2,2,1,1,2,2,2,2,3,2,2,2,2,2,2,2,2,2,2,0,0,0
2008,42,7,1,421061,1,2,2,2,1,2,6,2,1,2,1,2,1,2,1,2,2,2,2,2,3,2,2,2,2,2,2,2,1,2,2,0,0,0
2008,42,65,1,421062,1,2,1,1,3,2,1,2,1,1,2,2,1,2,2,1,2,2,1,2,3,2,2,2,2,2,2,2,1,2,2,0,0,0
2008,42,35,1,421063,1,2,1,2,2,2,6,2,1,1,2,2,1,2,2,1,2,2,1,2,1,2,2,2,2,2,2,2,1,2,2,0,0,0
2008,42,29,1,421064,1,2,2,2,4,2,5,2,1,1,1,1,1,2,2,2,2,2,2,1,2,2,2,2,2,2,1,1,1,2,2,0,0,0
2008,42,29,2,421065,1,2,1,2,1,2,5,2,4,2,2,2,2,2,2,1,2,2,2,2,1,1,1,1,1,2,2,1,1,2,2,0,0,0
2008,42,101,1,421066,1,2,2,2,1,1,5,1,1,1,2,2,1,2,2,2,1,2,2,2,3,2,2,2,2,2,2,2,2,2,2,0,0,0
2008,42,17,1,421067,1,2,2,2,1,2,5,2,4,2,1,2,2,2,2,1,2,2,2,2,1,2,2,2,2,2,1,1,1,2,2,0,0,0
2008,42,7,1,421068,1,2,1,2,4,2,4,2,1,1,1,2,1,2,2,2,2,2,1,2,3,2,2,2,2,2,2,2,1,2,2,0,0,0
2008,42,43,1,421069,1,2,1,2,4,2,5,2,1,1,2,2,1,2,2,1,2,2,2,2,3,2,2,2,2,2,2,2,1,2,2,0,0,0
2008,42,69,1,421070,1,2,1,1,3,2,1,2,1,2,1,2,1,2,2,1,2,2,1,2,3,2,2,1,1,2,2,1,1,2,2,0,0,0
2008,42,53,1,421071,1,2,1,2,4,2,6,2,1,1,2,2,1,2,2,1,2,2,2,2,2,2,2,2,2,2,2,2,1,2,2,0,0,0
2008,42,71,1,421072,1,2,1,2,4,2,4,2,1,2,1,2,1,2,2,1,2,2,2,2,1,2,2,2,2,2,1,1,1,2,2,0,0,0
2008,42,101,1,421073,1,2,2,2,1,1,3,1,6,1,1,2,2,2,1,2,2,2,2,2,3,2,2,2,2,2,2,2,2,2,2,0,0,0
2008,42,27,1,421074,1,2,1,2,4,2,5,2,1,1,2,2,1,2,2,1,2,2,1,2,3,1,1,1,1,2,2,1,1,2,2,0,0,0
2008,42,103,1,421075,1,2,1,2,4,2,6,2,1,2,2,2,1,2,2,2,2,2,2,2,1,2,2,2,2,2,2,2,1,2,2,0,0,0
2008,42,125,1,421076,1,2,1,2,1,2,4,2,3,1,1,2,2,2,2,2,2,2,2,2,1,2,2,2,2,2,2,2,1,2,2,0,0,0
2008,42,27,1,421077,1,2,1,1,2,2,1,2,1,1,1,2,1,2,2,1,2,2,1,2,2,2,2,2,2,2,2,2,1,2,2,0,0,0
2008,42,67,1,421078,1,2,1,2,4,2,5,2,1,2,2,2,1,2,2,2,2,2,1,2,1,2,2,2,2,2,2,2,1,2,2,0,0,0
2008,42,45,1,421079,1,2,2,1,3,2,1,2,1,2,2,2,1,2,2,1,2,2,1,2,1,2,2,2,2,2,1,1,1,2,2,0,0,0
2008,42,49,3,421080,1,2,1,1,4,2,1,2,1,2,1,2,1,2,2,1,2,2,2,2,2,2,2,2,2,2,2,2,1,2,2,0,0,0
2008,42,49,1,421081,1,2,2,2,4,2,3,2,1,2,2,2,1,2,2,1,2,2,2,2,1,2,2,2,2,2,2,2,1,2,2,0,0,0
2008,42,43,1,421082,1,2,2,2,1,1,3,1,4,2,1,2,2,2,2,1,2,2,2,2,1,2,2,2,2,2,1,1,2,2,2,0,0,0
2008,42,77,1,421083,1,2,1,2,2,2,5,2,1,2,2,2,2,2,2,1,2,2,2,2,3,2,2,1,1,2,2,1,1,2,2,0,0,0
2008,42,103,1,421084,1,2,1,2,4,2,5,2,1,1,1,2,1,2,2,1,2,2,1,2,3,1,1,1,1,2,2,1,1,2,2,0,0,0
2008,42,11,1,421085,1,2,1,2,4,2,5,2,1,1,2,2,1,2,2,1,2,2,1,2,2,2,2,2,2,2,2,2,1,2,2,0,0,0
2008,42,49,1,421086,1,2,2,2,1,2,3,2,4,2,2,2,2,2,2,1,2,2,2,2,3,2,2,2,2,1,2,2,1,2,2,0,0,0
2008,42,39,1,421087,1,2,1,2,1,2,4,2,4,1,1,2,2,2,2,1,2,2,2,2,3,2,2,2,2,2,2,2,1,1,2,0,0,0
2008,42,97,1,421088,1,2,2,2,4,2,4,2,1,2,1,2,1,2,2,1,2,2,2,2,2,1,1,1,1,2,2,1,1,2,2,0,0,0
2008,42,5,2,421089,1,2,1,2,4,2,5,2,1,1,1,2,1,2,2,1,2,2,2,2,2,2,2,2,2,1,2,2,1,2,2,0,0,0
2008,42,109,1,421090,1,2,1,2,1,1,3,1,2,1,1,2,2,2,2,1,2,2,2,2,3,2,2,2,2,1,2,2,2,2,2,0,0,0
2008,42,111,1,421091,1,2,1,2,1,1,5,1,4,1,1,2,2,2,1,2,2,2,2,2,1,2,2,2,2,1,2,2,2,2,2,0,0,0
2008,42,77,1,421092,1,2,2,1,1,2,1,2,5,2,1,2,2,2,2,1,2,2,1,2,3,1,1,1,1,1,2,1,2,1,2,0,0,0
2008,42,11,1,421093,1,2,1,2,4,2,6,2,1,1,1,2,1,2,1,1,2,2,2,2,1,2,2,2,2,2,2,2,1,2,2,0,0,0
2008,42,49,1,421094,1,2,1,2,1,2,4,2,1,2,2,2,1,2,1,2,2,2,2,2,3,2,2,2,2,2,2,2,2,2,2,0,0,0
2008,42,123,1,421095,1,2,1,2,1,2,6,2,1,2,2,2,1,2,2,2,1,2,2,2,2,2,2,1,1,2,2,1,2,2,2,0,0,0
2008,42,19,1,421096,1,2,1,2,1,2,5,2,4,2,1,2,2,2,2,1,2,2,2,2,3,1,1,1,1,2,2,1,1,2,2,0,0,0
2008,42,53,1,421097,1,2,1,2,1,1,3,1,4,1,1,2,2,2,1,1,2,2,2,2,3,2,2,2,2,1,2,2,2,2,2,0,0,0
2008,42,79,1,421098,1,2,2,2,1,1,4,1,4,1,2,2,2,2,2,2,2,2,2,2,3,2,2,2,2,1,2,2,2,2,2,0,0,0
2008,42,125,1,421099,1,2,1,1,4,2,1,3,1,2,1,2,1,2,2,2,2,2,2,2,3,2,2,2,2,2,2,2,1,2,2,0,0,0
2008,42,123,1,421100,1,2,1,2,1,2,6,2,1,2,1,2,1,2,2,2,1,2,2,2,2,2,2,2,2,2,2,2,2,2,2,0,0,0
2008,42,129,1,421101,1,2,1,2,1,1,3,1,1,2,1,2,1,2,2,2,1,2,2,2,3,2,2,2,2,2,2,2,2,2,2,0,0,0
2008,42,97,1,421102,1,2,1,2,4,2,4,2,1,1,1,2,2,1,2,1,2,2,2,2,3,2,2,2,2,2,1,1,1,2,2,0,0,0
2008,42,121,1,421103,1,2,1,2,1,2,4,2,1,2,2,2,1,2,2,1,2,2,2,2,3,2,2,2,2,2,2,2,2,2,2,0,0,0
2008,42,55,1,421104,1,2,1,2,1,2,4,2,3,2,1,2,2,2,2,1,2,2,2,2,3,1,1,1,1,2,2,1,1,2,2,0,0,0
2008,42,33,1,421105,1,2,1,2,4,2,5,2,1,1,1,2,1,2,2,1,2,2,1,2,2,2,2,2,2,1,2,2,1,2,2,0,0,0
2008,42,27,1,421106,1,2,2,1,4,2,1,2,1,1,1,2,1,2,2,1,2,2,1,2,1,2,2,2,2,2,2,2,1,2,2,0,0,0
2008,42,89,1,421107,1,2,1,2,1,2,3,2,1,1,1,2,1,1,2,2,1,2,2,2,2,2,2,2,2,2,2,2,2,2,2,0,0,0
2008,42,133,1,421108,1,2,1,2,4,2,5,2,1,2,2,2,1,2,2,1,2,2,1,2,1,2,2,2,2,2,1,1,1,2,2,0,0,0
2008,42,11,1,421109,1,2,1,2,2,2,5,2,1,2,1,2,1,2,1,2,2,2,2,2,1,2,2,2,2,2,2,2,1,2,2,0,0,0
2008,42,125,2,421110,1,2,2,1,4,2,1,2,1,1,1,2,1,1,2,1,1,2,2,2,2,2,2,2,2,2,2,2,1,2,2,0,0,0
2008,42,3,1,421111,1,2,1,2,4,2,6,2,1,2,2,2,1,2,2,1,2,2,2,2,1,2,2,2,2,2,1,1,1,2,2,0,0,0
2008,42,9,1,421112,1,2,1,2,4,2,3,2,1,2,2,2,1,2,2,2,2,2,1,2,1,1,1,1,1,2,2,1,1,2,2,0,0,0
2008,42,25,1,421113,1,2,2,2,4,2,6,2,4,1,1,2,1,2,2,2,2,2,2,2,2,2,2,2,2,1,2,2,1,2,1,0,0,0
2008,42,93,2,421114,1,2,1,2,1,2,6,2,3,1,1,2,2,2,2,2,2,2,2,2,3,2,2,2,2,2,1,1,1,2,2,0,0,0
2008,42,115,1,421115,1,2,1,2,1,2,4,2,3,1,1,1,3,2,2,1,2,2,1,2,3,2,2,2,2,1,2,2,2,2,2,0,0,0
2008,42,89,1,421116,1,2,2,2,1,2,3,2,3,2,2,2,3,2,2,2,2,2,2,2,3,2,2,2,2,1,1,1,1,1,2,0,0,0
2008,42,75,1,421117,1,2,2,2,4,2,4,2,1,2,2,2,1,2,2,1,2,2,2,2,1,2,2,2,2,2,1,1,1,2,2,0,0,0
2008,42,11,1,421118,1,2,1,1,2,2,1,3,2,2,2,2,1,2,2,1,2,2,2,2,1,2,2,2,2,2,2,2,2,2,2,0,0,0
2008,42,75,1,421119,1,2,2,2,4,2,5,2,1,2,1,2,1,2,2,1,2,2,2,2,2,2,2,2,2,2,2,2,1,2,2,0,0,0
2008,42,107,1,421120,1,2,2,2,1,2,4,2,4,1,1,2,2,2,2,2,2,2,2,2,3,2,2,2,2,2,2,2,1,1,2,0,0,0
2008,42,51,1,421121,1,2,1,2,1,2,3,2,3,2,1,2,2,2,2,2,2,2,2,2,3,2,2,2,2,1,1,1,2,2,2,0,0,0
2008,42,1,1,421122,1,2,1,2,4,2,5,2,1,1,1,2,1,2,2,1,2,2,2,2,2,1,1,1,1,2,2,1,1,1,2,0,0,0
2008,42,77,1,421123,1,2,2,2,1,1,3,1,4,1,1,2,2,1,2,2,2,2,2,2,3,2,2,2,2,1,2,2,2,2,2,0,0,0
2008,42,95,1,421124,1,2,1,2,1,1,4,1,4,1,1,2,2,2,2,2,2,2,2,2,3,1,1,1,1,1,2,1,2,2,2,0,0,0
2008,42,81,1,421125,1,2,1,2,4,2,4,2,1,2,2,2,1,2,2,1,2,2,1,2,1,2,2,2,2,2,2,2,1,2,2,0,0,0
2008,42,109,1,421126,1,2,2,2,1,2,3,2,4,2,2,2,3,2,2,2,2,2,2,2,1,2,2,2,2,1,2,2,1,2,2,0,0,0
2008,42,129,1,421127,1,2,2,2,4,2,5,2,1,2,2,2,1,2,2,1,2,2,1,2,1,2,2,2,2,2,1,1,1,2,2,0,0,0
2008,42,107,1,421128,1,2,1,2,1,2,5,2,4,1,1,2,2,2,2,2,2,2,2,2,3,2,2,2,2,1,2,2,2,2,2,0,0,0
2008,42,55,1,421129,1,2,1,1,2,2,1,2,2,1,1,2,2,1,2,2,2,2,2,2,3,1,1,1,1,1,2,1,1,1,2,0,0,0
2008,42,99,3,421130,1,2,1,2,2,2,3,3,4,1,1,2,2,2,2,1,2,2,1,2,3,2,2,2,2,1,2,2,1,2,2,0,0,0
2008,42,11,1,421131,1,2,1,2,1,1,4,1,4,1,1,2,2,2,2,2,2,2,2,2,3,2,2,2,2,1,2,2,2,2,2,0,0,0
2008,42,99,1,421132,1,2,2,2,4,2,4,2,1,2,1,2,1,2,2,2,2,2,2,2,1,2,2,2,2,2,2,2,1,2,2,0,0,0
2008,42,133,1,421133,1,2,2,2,1,1,5,1,4,1,1,2,2,2,2,2,2,2,2,2,3,2,2,2,2,2,2,2,2,2,2,0,0,0
2008,42,11,1,421134,1,2,2,2,1,1,3,1,4,1,1,2,2,2,2,2,2,2,2,2,3,2,2,2,2,2,2,2,2,2,2,0,0,0
2008,42,73,1,421135,1,2,1,2,4,2,4,2,1,2,1,2,1,2,2,1,2,2,2,2,1,2,2,2,2,2,1,1,1,1,2,0,0,0
2008,42,71,1,421136,1,2,1,2,1,2,6,2,3,1,1,2,2,2,2,1,2,2,2,2,3,1,1,1,1,2,2,1,1,2,2,0,0,0
2008,42,11,1,421137,1,2,2,2,1,2,6,2,1,2,1,1,1,2,2,2,1,2,2,2,3,2,2,2,2,2,2,2,2,2,2,0,0,0
2008,42,29,1,421138,1,2,2,2,1,1,4,1,4,1,2,2,2,2,2,2,2,2,2,2,3,2,2,2,2,1,2,2,2,2,2,0,0,0
2008,42,101,1,421139,1,2,2,2,1,2,4,2,1,2,2,2,1,2,2,2,1,2,2,2,3,2,2,2,2,2,2,2,2,2,2,0,0,0
2008,42,3,1,421140,1,2,2,2,1,2,4,2,5,1,2,2,2,2,1,2,2,2,2,2,3,2,2,2,2,2,2,2,1,2,2,0,0,0
2008,42,79,1,421141,1,2,1,2,4,2,6,2,1,1,1,2,1,2,2,1,2,2,2,2,3,2,2,2,2,1,2,2,1,2,2,0,0,0
2008,42,91,1,421142,1,2,1,2,4,2,6,2,1,2,1,1,1,2,2,2,2,2,2,2,2,2,2,1,1,2,2,1,1,2,2,0,0,0
2008,42,125,2,421143,1,2,1,2,4,2,6,2,1,2,2,2,1,2,2,1,2,2,2,2,1,2,2,2,2,2,2,2,1,2,2,0,0,0
2008,42,77,1,421144,1,2,2,2,1,2,2,3,1,2,1,2,3,1,2,2,2,2,2,2,3,2,2,2,2,2,2,2,2,2,2,0,0,0
2008,42,29,2,421145,1,2,1,1,6,2,1,2,5,2,2,2,2,2,2,2,2,2,2,2,3,2,2,2,2,2,2,2,2,2,2,0,0,0
2008,42,25,3,421146,1,2,1,2,1,2,3,2,3,1,2,2,3,2,2,2,2,2,2,2,3,2,2,2,2,1,2,2,1,2,2,0,0,0
2008,42,21,1,421147,1,2,2,2,4,1,3,1,1,1,1,2,1,2,2,2,2,2,2,2,2,2,2,2,2,1,2,2,2,2,2,0,0,0
2008,42,17,1,421148,1,2,2,2,1,1,3,1,1,2,2,2,1,2,2,2,1,2,2,2,3,2,2,2,2,2,2,2,2,2,2,0,0,0
2008,42,75,1,421149,1,2,2,2,4,2,5,2,1,2,2,2,1,2,2,1,2,2,2,2,1,2,2,2,2,2,2,2,1,2,2,0,0,0
2008,42,15,1,421150,1,2,1,2,1,2,5,2,4,1,1,2,2,2,2,1,2,2,2,2,3,1,1,1,1,1,2,1,1,2,2,0,0,0
2008,42,9,1,421151,1,2,1,2,1,2,3,2,4,1,1,2,2,2,2,1,2,2,2,2,3,2,2,2,2,1,2,2,1,2,2,0,0,0
2008,42,77,2,421152,1,2,1,2,1,2,5,2,4,2,2,2,2,2,2,1,2,2,1,2,1,2,2,2,2,1,2,2,1,1,2,0,0,0
2008,42,7,1,421153,1,2,2,2,2,2,6,2,1,2,2,2,1,2,2,2,2,2,1,2,1,2,2,2,2,2,2,2,1,2,2,0,0,0
2008,42,13,1,421154,1,2,2,2,1,1,5,1,1,1,1,2,1,1,2,2,2,2,2,2,2,2,2,2,2,2,2,2,2,2,2,0,0,0
2008,42,91,1,421155,1,2,1,2,1,2,6,2,1,1,1,2,1,2,2,2,1,2,2,2,3,2,2,2,2,2,2,2,2,2,2,0,0,0
2008,42,77,1,421156,1,2,2,2,1,2,3,2,3,2,2,2,2,2,2,1,2,2,2,2,3,2,2,2,2,2,2,2,1,2,2,0,0,0
2008,42,45,1,421157,1,2,1,2,4,1,6,1,1,2,2,2,1,2,2,1,2,2,1,2,1,2,2,2,2,2,1,1,2,2,2,0,0,0
2008,42,125,1,421158,1,2,2,2,1,2,4,2,1,2,1,2,1,2,2,2,1,2,2,2,3,2,2,2,2,2,2,2,2,2,2,0,0,0
2008,42,21,1,421159,1,2,2,2,4,2,4,2,1,2,1,2,1,2,2,1,2,2,2,2,1,2,2,2,2,2,1,1,1,2,2,0,0,0
2008,42,11,1,421160,1,2,1,2,2,2,4,2,1,2,2,2,1,2,2,2,2,2,1,2,1,2,2,2,2,2,2,2,1,2,2,0,0,0
2008,42,101,1,421161,1,2,2,2,1,2,2,2,1,2,2,2,1,2,2,2,1,2,2,2,3,2,2,2,2,2,2,2,2,2,2,0,0,0
2008,42,101,1,421162,1,2,2,2,1,1,3,1,4,2,2,2,2,2,2,2,2,2,2,2,3,2,2,2,2,2,2,2,2,2,2,0,0,0
2008,42,3,1,421163,1,2,2,2,1,2,3,3,2,1,1,2,3,2,2,1,2,2,2,2,3,2,2,1,1,2,1,1,1,2,2,0,0,0
2008,42,17,1,421164,1,2,2,2,1,2,3,2,5,1,1,2,3,2,2,2,2,2,2,2,3,2,2,2,2,2,2,2,1,2,2,0,0,0
2008,42,39,1,421165,1,2,1,2,1,2,4,3,2,1,1,2,2,2,2,1,2,2,2,2,3,2,2,2,2,1,2,2,2,2,2,0,0,0
2008,42,55,1,421166,1,2,1,2,4,2,6,2,1,1,2,2,1,2,2,1,2,2,2,2,2,1,2,1,2,2,2,2,1,2,2,0,0,0
2008,42,55,1,421167,1,2,1,2,1,2,4,2,3,1,1,2,2,2,1,2,2,2,2,2,2,2,2,2,2,1,2,2,1,2,1,0,0,0
2008,42,133,1,421168,1,2,1,2,1,2,4,2,4,1,1,2,2,1,2,1,2,2,2,2,3,2,2,2,2,2,1,1,1,2,2,0,0,0
2008,42,133,1,421169,1,2,2,1,1,2,1,2,3,2,2,2,2,2,2,2,2,2,2,2,3,2,2,2,2,1,1,1,2,2,2,0,0,0
2008,42,3,1,421170,1,2,2,2,2,2,6,2,1,2,2,2,1,2,2,1,2,2,1,2,1,2,2,2,2,2,1,1,1,2,2,0,0,0
2008,42,71,1,421171,1,2,1,2,4,2,5,2,1,2,1,2,1,2,1,1,2,2,2,2,1,2,2,2,2,2,2,2,1,2,2,0,0,0
2008,42,19,1,421172,1,2,1,2,1,2,4,2,4,1,1,2,2,1,2,1,2,2,2,2,3,2,2,2,2,2,2,2,1,2,2,0,0,0
2008,42,95,1,421173,1,2,2,2,1,1,4,1,4,1,2,2,2,2,2,2,2,2,2,2,3,2,2,2,2,1,2,2,2,2,2,0,0,0
2008,42,77,1,421174,1,2,1,2,1,2,5,2,2,2,1,1,2,2,1,1,2,2,2,2,3,2,2,2,2,2,2,2,2,2,2,0,0,0
2008,42,71,1,421175,1,2,2,2,4,1,4,1,1,2,1,2,1,2,2,2,2,2,2,2,2,2,2,2,2,2,1,1,2,2,2,0,0,0
2008,42,43,1,421176,1,2,2,2,4,2,2,3,1,2,2,2,2,2,2,1,2,2,1,2,1,2,2,2,2,2,2,2,1,2,2,0,0,0
2008,42,19,2,421177,1,2,2,2,1,2,4,2,4,2,2,2,2,2,2,1,2,2,2,2,3,1,1,1,1,2,2,1,1,2,2,0,0,0
2008,42,71,1,421178,1,2,1,2,1,2,5,2,5,2,2,2,2,2,2,2,2,2,2,2,2,2,2,2,2,1,2,2,2,2,2,0,0,0
2008,42,3,1,421179,1,2,2,2,4,1,5,1,1,2,1,2,1,2,2,2,2,2,1,2,3,2,2,2,2,1,2,2,2,1,2,0,0,0
2008,42,3,1,421180,1,2,2,2,4,2,3,2,1,2,2,2,1,2,1,1,2,2,2,2,1,2,2,2,2,2,2,2,1,2,2,0,0,0
2008,42,81,2,421181,1,2,1,2,4,1,5,1,1,2,1,1,1,2,2,1,2,2,1,2,1,2,2,2,2,2,2,2,1,2,2,0,0,0
2008,42,3,1,421182,1,2,2,2,1,1,3,1,1,1,1,2,1,2,2,2,1,2,2,2,3,2,2,2,2,2,1,1,2,2,2,0,0,0
2008,42,125,1,421183,1,2,1,2,1,1,4,1,3,1,1,2,2,2,1,2,2,2,2,2,3,2,2,2,2,2,2,2,2,2,2,0,0,0
2008,42,117,1,421184,1,2,1,2,4,2,4,2,1,2,1,2,1,2,2,1,2,2,2,2,2,2,2,2,2,2,2,2,1,2,2,0,0,0
2008,42,29,1,421185,1,2,2,2,1,2,3,2,1,1,1,2,1,2,2,2,1,2,2,2,3,2,2,2,2,1,2,2,2,2,2,0,0,0
2008,42,49,1,421186,1,2,2,1,2,2,1,2,4,1,1,2,2,1,2,1,2,2,2,2,3,2,2,2,2,2,1,1,1,1,2,0,0,0
2008,42,51,1,421187,1,2,2,2,1,2,4,2,4,1,1,2,2,2,2,2,2,2,2,2,3,2,2,2,2,1,2,2,1,2,2,0,0,0
2008,42,123,1,421188,1,2,2,2,1,2,4,2,1,1,2,2,1,2,2,2,2,2,2,2,3,2,2,2,2,2,2,2,2,2,2,0,0,0
2008,42,105,1,421189,1,2,1,2,4,2,6,2,5,2,2,2,1,2,2,2,2,2,2,2,1,2,2,2,2,2,2,2,1,2,2,0,0,0
2008,42,51,1,421190,1,2,2,2,4,2,5,2,1,2,1,2,1,2,2,1,2,2,1,2,1,2,2,2,2,2,2,2,1,2,2,0,0,0
2008,42,45,1,421191,1,2,2,2,1,1,3,1,4,1,2,2,2,2,1,2,2,2,2,2,1,1,1,1,1,2,2,1,2,2,2,0,0,0
2008,42,51,1,421192,1,2,1,2,4,2,5,2,1,2,1,2,1,2,2,1,2,2,2,2,3,1,1,1,1,2,2,1,1,2,2,0,0,0
2008,42,63,1,421193,1,2,1,2,4,2,6,2,1,1,1,2,1,2,2,1,2,2,2,2,2,2,2,2,2,2,2,2,1,2,2,0,0,0
2008,42,63,1,421194,1,2,1,2,4,2,4,2,1,2,1,2,1,2,2,1,2,2,1,2,1,2,2,2,2,2,2,2,1,2,2,0,0,0
2008,42,101,1,421195,1,2,2,1,1,2,1,2,2,2,1,2,2,1,2,2,2,2,2,2,2,2,2,2,2,2,1,1,2,2,2,0,0,0
2008,42,79,1,421196,1,2,2,2,1,2,3,3,4,1,1,2,2,1,2,2,2,2,2,2,3,2,2,2,2,1,2,2,2,2,2,0,0,0
2008,42,17,1,421197,1,2,2,2,1,2,5,2,1,2,2,2,1,2,2,2,1,2,2,2,3,2,2,2,2,2,1,1,2,2,2,0,0,0
2008,42,1,1,421198,1,2,1,2,4,2,4,2,1,2,2,2,1,2,2,2,2,2,2,2,1,2,2,2,2,2,2,2,1,2,2,0,0,0
2008,42,129,1,421199,1,2,1,2,4,2,5,2,1,1,2,2,1,2,2,2,2,2,2,2,1,2,2,2,2,2,2,2,1,2,2,0,0,0
2008,42,61,1,421200,1,2,1,2,4,2,4,2,1,2,2,2,1,2,2,1,2,2,1,2,1,2,2,2,2,2,2,2,1,2,2,0,0,0
2008,42,29,2,421201,1,2,1,2,4,2,6,2,1,2,1,2,1,2,2,1,2,2,1,2,1,1,1,1,1,2,2,1,1,2,2,0,0,0
2008,42,129,1,421202,1,2,2,2,1,2,2,3,1,2,2,2,1,2,2,1,2,2,1,2,1,2,2,2,2,2,2,2,1,2,1,0,0,0
2008,42,95,1,421203,1,2,2,1,1,2,1,2,2,2,1,2,2,1,2,1,2,2,2,2,3,2,2,2,2,2,2,2,2,2,2,0,0,0
2008,42,49,1,421204,1,2,1,2,4,2,4,2,1,2,2,2,1,2,2,1,2,2,1,2,1,2,2,2,2,2,2,2,1,2,2,0,0,0
2008,42,19,1,421205,1,2,1,2,4,2,4,2,1,2,2,2,1,2,2,1,2,2,2,2,2,2,2,2,2,2,2,2,1,2,2,0,0,0
2008,42,79,1,421206,1,2,1,1,1,2,1,2,3,1,1,2,2,2,2,2,2,2,2,2,3,2,2,2,2,1,2,2,2,2,2,0,0,0
2008,42,39,1,421207,1,2,1,2,4,2,6,2,1,2,2,2,1,2,2,1,2,2,1,2,1,2,2,2,2,2,1,1,1,2,2,0,0,0
2008,42,85,1,421208,1,2,1,1,4,2,1,2,1,1,1,2,1,1,2,2,2,2,1,2,2,2,2,2,2,2,2,2,1,2,2,0,0,0
2008,42,3,2,421209,1,2,2,1,4,2,1,2,1,2,1,2,1,2,2,1,2,2,2,2,2,2,2,2,2,1,2,2,1,2,2,0,0,0
2008,42,89,1,421210,1,2,1,2,1,2,4,3,4,1,1,2,3,2,1,2,2,2,2,2,3,2,2,2,2,1,2,2,2,2,2,0,0,0
2008,42,75,3,421211,1,2,1,1,1,2,1,2,5,2,1,2,2,1,2,1,2,2,1,2,3,2,2,2,2,2,2,2,2,2,2,0,0,0
2008,42,101,1,421212,1,2,2,1,3,2,1,3,1,2,2,2,1,2,2,1,2,2,1,2,1,2,2,2,2,2,2,2,1,2,2,0,0,0
2008,42,77,1,421213,1,2,2,2,4,2,3,2,1,1,1,2,1,2,2,2,2,2,1,2,2,2,2,2,2,1,2,2,1,2,2,0,0,0
2008,42,103,1,421214,1,2,1,2,4,2,6,2,1,2,1,2,1,2,2,1,2,2,2,2,3,2,2,1,1,2,2,1,1,2,2,0,0,0
2008,42,11,2,421215,1,2,2,2,1,1,3,1,4,1,1,2,2,2,2,2,2,2,2,2,3,2,2,2,2,1,2,2,2,2,2,0,0,0
2008,42,55,1,421216,1,2,2,2,2,2,3,3,4,1,1,2,2,2,2,1,2,2,2,2,3,2,2,1,1,2,2,1,1,2,2,0,0,0
2008,42,49,1,421217,1,2,2,2,1,1,3,1,4,2,1,2,2,2,1,2,2,2,2,2,1,2,2,2,2,2,2,2,2,1,2,0,0,0
2008,42,107,1,421218,1,2,2,2,1,2,3,2,4,2,1,2,2,1,2,1,2,2,2,2,3,2,2,2,2,2,1,1,1,2,2,0,0,0
2008,42,71,1,421219,1,2,2,2,1,2,2,2,2,2,2,2,3,2,2,2,2,2,1,2,1,2,2,2,2,2,1,1,2,2,2,0,0,0
2008,42,1,1,421220,1,2,1,2,1,2,3,2,1,2,2,1,3,2,2,2,1,2,2,2,3,2,2,2,2,2,2,2,2,2,2,0,0,0
2008,42,17,1,421221,1,2,2,2,1,1,3,1,1,2,2,2,1,2,2,2,2,1,2,2,1,2,2,2,2,2,2,2,2,2,2,0,0,0
2008,42,11,1,421222,1,2,1,2,1,1,6,1,5,1,2,2,2,2,1,2,2,2,2,2,1,2,2,2,2,2,2,2,2,2,2,0,0,0
2008,42,107,1,421223,1,2,1,1,1,2,1,3,2,1,1,2,2,2,2,1,2,2,2,2,3,1,1,1,1,2,2,1,2,2,2,0,0,0
2008,42,133,1,421224,1,2,1,1,1,2,1,2,5,2,1,2,2,2,2,2,2,2,1,2,1,1,1,1,1,2,2,1,2,2,2,0,0,0
2008,42,75,1,421225,1,2,1,2,1,2,5,2,3,2,1,2,2,2,2,2,2,2,2,2,1,2,2,2,2,2,2,2,2,2,2,0,0,0
2008,42,107,1,421226,1,2,2,2,1,1,5,1,1,1,1,2,1,2,2,2,1,2,2,2,3,2,2,2,2,1,2,2,2,2,2,0,0,0
2008,42,61,1,421227,1,2,1,2,4,2,5,2,1,2,1,2,1,2,2,1,2,2,1,2,3,1,1,1,1,2,2,1,1,2,2,0,0,0
2008,42,133,1,421228,1,2,2,1,3,2,1,2,1,2,1,2,1,2,2,1,2,2,1,2,1,2,2,2,2,2,2,2,1,2,2,0,0,0
2008,42,11,1,421229,1,2,1,2,1,1,5,1,4,1,2,2,2,2,2,1,2,2,2,2,3,2,2,2,2,2,2,2,2,2,2,0,0,0
2008,42,129,2,421230,1,2,2,1,3,2,1,2,1,2,1,2,1,2,2,1,2,2,1,2,1,2,2,2,2,2,1,1,1,2,2,0,0,0
2008,42,25,1,421231,1,2,1,2,1,2,4,2,3,1,1,2,2,1,2,1,2,2,2,2,1,2,2,2,2,2,2,2,1,2,2,0,0,0
2008,42,49,1,421232,1,2,2,2,1,2,3,3,4,1,1,2,2,1,2,2,2,2,1,2,1,2,2,2,2,1,2,2,2,2,2,0,0,0
2008,42,123,1,421233,1,2,1,2,1,2,5,2,4,1,1,2,2,1,2,1,2,2,2,2,3,2,2,2,2,2,1,1,1,2,2,0,0,0
2008,42,37,1,421234,1,2,1,2,4,2,6,2,1,2,1,2,1,2,2,1,2,2,1,2,1,2,2,2,2,2,2,2,1,2,2,0,0,0
2008,42,71,1,421235,1,2,1,2,2,1,5,1,1,2,2,2,1,2,2,2,2,2,2,2,1,2,2,2,2,1,2,2,2,2,2,0,0,0
2008,42,85,2,421236,1,2,1,2,4,2,3,2,1,1,1,2,1,2,2,1,2,2,2,2,2,2,2,2,2,1,2,2,1,2,2,0,0,0
2008,42,55,1,421237,1,2,1,2,4,2,6,2,1,2,1,2,1,2,2,1,2,2,1,2,1,2,2,1,1,2,2,1,1,1,2,0,0,0
2008,42,133,1,421238,1,2,1,2,1,2,3,2,1,1,1,2,1,2,2,1,1,2,2,2,2,2,2,2,2,2,2,2,2,1,2,0,0,0
2008,42,9,1,421239,1,2,1,2,1,2,3,2,4,1,1,2,2,2,1,1,2,2,2,2,3,2,2,2,2,2,2,2,1,2,2,0,0,0
2008,42,45,1,421240,1,2,2,2,4,2,3,2,1,2,1,2,1,2,2,1,2,2,1,2,1,2,2,2,2,2,2,2,1,2,2,0,0,0
2008,42,91,1,421241,1,2,1,2,1,2,6,2,1,1,1,2,1,1,2,2,2,2,2,2,2,2,2,2,2,2,2,2,2,1,2,0,0,0
2008,42,43,1,421242,1,2,2,2,3,2,3,2,1,2,1,2,1,2,2,1,2,2,2,2,2,2,2,2,2,2,2,2,1,2,2,0,0,0
2008,42,91,1,421243,1,2,2,2,3,2,3,2,1,2,2,2,1,2,2,2,2,2,2,1,1,2,2,2,2,2,2,2,1,2,2,0,0,0
2008,42,85,1,421244,1,2,1,2,4,2,4,2,1,1,1,2,1,2,2,2,2,2,2,2,2,2,2,2,2,1,2,2,1,2,2,0,0,0
2008,42,71,1,421245,1,2,1,2,1,1,6,1,4,2,1,2,2,2,2,1,2,2,2,2,3,1,1,1,1,1,2,1,2,2,2,0,0,0
2008,42,83,1,421246,1,2,1,2,4,2,6,2,1,1,1,2,1,2,2,1,2,2,2,2,2,2,2,2,2,2,2,2,1,2,2,0,0,0
2008,42,29,1,421247,1,2,2,2,3,2,3,3,1,2,2,2,1,2,2,1,2,2,1,2,1,2,2,2,2,2,2,2,1,2,2,0,0,0
2008,42,7,1,421248,1,2,2,2,1,2,4,2,2,1,1,2,2,1,2,1,2,2,2,2,1,2,2,2,2,2,2,2,2,2,2,0,0,0
2008,42,133,1,421249,1,2,1,2,1,2,5,2,5,1,2,2,2,1,2,2,2,2,2,2,3,1,1,1,1,2,2,1,1,2,1,0,0,0
2008,42,17,1,421250,1,2,2,2,4,1,3,1,1,1,1,2,1,2,2,2,2,2,2,2,2,2,2,2,2,2,2,2,2,2,2,0,0,0
2008,42,37,1,421251,1,2,1,2,1,2,5,2,1,2,1,2,1,2,1,2,2,2,2,2,1,2,2,2,2,2,2,2,2,2,2,0,0,0
2008,42,133,1,421252,1,2,1,2,1,2,5,2,3,1,2,2,2,2,2,1,2,2,2,2,1,2,2,2,2,2,2,2,1,2,2,0,0,0
2008,42,85,1,421253,1,2,1,2,4,2,5,2,1,1,1,2,1,2,2,1,2,2,1,2,2,2,2,2,2,2,1,1,1,2,2,0,0,0
2008,42,125,1,421254,1,2,1,2,4,2,4,2,1,2,1,2,1,2,2,1,2,2,1,2,1,2,2,2,2,2,2,2,1,2,2,0,0,0
2008,42,43,2,421255,1,2,2,2,1,1,3,1,1,1,2,2,1,2,2,1,1,2,2,2,2,2,2,2,2,2,2,2,2,1,2,0,0,0
2008,42,99,1,421256,1,2,1,2,1,1,6,1,4,1,1,2,2,2,1,2,2,2,2,2,3,2,2,2,2,2,2,2,2,2,2,0,0,0
2008,42,11,1,421257,1,2,1,2,4,2,6,2,1,1,1,2,1,2,2,1,2,2,2,2,2,2,2,2,2,2,2,2,1,2,2,0,0,0
2008,42,3,1,421258,1,2,2,2,2,2,3,2,1,2,2,2,1,2,1,2,2,2,2,2,1,2,2,2,2,2,2,2,1,2,2,0,0,0
2008,42,107,1,421259,1,2,1,2,1,2,5,2,4,1,1,2,2,2,2,1,2,2,2,2,3,2,2,2,2,2,2,2,1,2,2,0,0,0
2008,42,17,1,421260,1,2,1,2,4,2,6,2,1,1,1,2,1,2,2,1,2,2,2,2,3,2,2,2,2,2,2,2,1,2,2,0,0,0
2008,42,43,1,421261,1,2,1,2,4,2,6,2,1,1,1,2,1,2,2,2,2,2,2,2,2,2,2,2,2,2,2,2,1,2,2,0,0,0
2008,42,95,1,421262,1,2,2,2,4,2,5,2,1,2,2,2,1,2,2,2,2,2,2,2,2,2,2,2,2,2,2,2,1,2,2,0,0,0
2008,42,3,1,421263,1,2,2,2,1,2,3,2,5,2,1,2,2,2,2,1,2,2,1,2,3,2,2,2,2,2,1,1,2,2,2,0,0,0
2008,42,3,1,421264,1,2,2,2,1,1,3,1,4,1,2,2,2,2,2,2,2,2,2,2,3,1,1,1,1,2,2,1,2,2,2,0,0,0
2008,42,7,1,421265,1,2,2,2,1,2,4,2,3,1,1,2,2,2,1,2,2,2,2,2,2,1,1,1,1,2,2,1,1,2,1,0,0,0
2008,42,101,1,421266,1,2,2,2,3,1,3,1,1,2,2,2,1,2,2,2,2,2,1,2,1,2,2,2,2,2,2,2,2,2,2,0,0,0
2008,42,133,1,421267,1,2,1,2,1,1,3,1,4,1,2,2,2,2,2,2,2,2,2,2,3,2,2,2,2,2,2,2,2,2,2,0,0,0
2008,42,69,1,421268,1,2,1,2,4,2,5,2,1,2,1,2,1,2,2,1,2,2,2,2,3,2,2,1,1,2,2,1,1,2,2,0,0,0
2008,42,133,1,421269,1,2,2,2,1,2,6,3,1,1,1,2,1,2,2,2,2,2,1,2,2,2,2,2,2,2,2,2,2,2,2,0,0,0
2008,42,11,2,421270,1,2,1,2,1,2,5,2,3,1,2,2,2,2,2,2,2,2,2,2,2,2,2,2,2,1,2,2,1,2,2,0,0,0
2008,42,17,1,421271,1,2,2,2,1,2,5,2,1,1,1,1,1,2,2,2,1,2,2,2,3,2,2,2,2,2,1,1,2,2,2,0,0,0
2008,42,41,1,421272,1,2,1,2,4,2,5,2,1,1,1,2,1,2,2,2,2,2,2,2,2,2,2,2,2,1,2,2,1,2,2,0,0,0
2008,42,85,1,421273,1,2,1,2,1,2,6,2,2,1,2,2,3,2,2,1,1,2,2,2,3,2,2,2,2,2,2,2,2,2,2,0,0,0
2008,42,11,1,421274,1,2,1,2,1,2,6,2,3,2,2,2,2,2,2,1,2,2,1,2,1,2,2,2,2,2,2,2,1,2,2,0,0,0
2008,42,17,1,421275,1,2,2,2,1,1,3,1,4,1,2,2,2,2,2,2,2,2,2,2,3,2,2,2,2,1,2,2,2,2,2,0,0,0
2008,42,91,1,421276,1,2,1,2,2,2,6,2,1,1,1,2,1,2,2,1,2,2,2,2,2,1,1,1,1,2,2,1,1,2,2,0,0,0
2008,42,17,1,421277,1,2,2,2,4,2,4,2,1,2,1,2,1,2,2,1,2,2,1,2,1,1,1,1,1,2,2,1,1,2,2,0,0,0
2008,42,3,1,421278,1,2,2,2,1,2,4,2,4,1,1,2,2,2,2,1,2,2,2,2,2,1,1,1,1,2,2,1,1,2,2,0,0,0
2008,42,51,1,421279,1,2,2,2,2,2,2,3,1,2,2,2,1,2,2,2,2,2,1,2,1,2,2,2,2,1,2,2,1,2,2,0,0,0
2008,42,37,1,421280,1,2,2,2,4,2,5,2,1,2,2,2,1,2,2,1,2,2,2,2,3,1,1,1,1,2,2,1,1,2,2,0,0,0
2008,42,97,1,421281,1,2,1,2,4,2,5,2,1,1,1,2,1,2,2,1,2,2,2,2,2,1,1,1,1,2,2,1,1,2,2,0,0,0
2008,42,11,1,421282,1,2,1,2,1,2,4,2,4,1,1,2,3,2,2,2,2,2,2,2,3,2,2,2,2,2,2,2,2,2,2,0,0,0
2008,42,37,1,421283,1,2,1,2,1,2,5,2,5,1,1,2,3,2,2,1,2,2,1,2,3,2,2,2,2,2,2,2,1,2,2,0,0,0
2008,42,91,1,421284,1,2,1,2,4,2,6,2,1,1,1,2,1,2,2,1,2,2,2,2,2,2,2,2,2,1,2,2,1,2,2,0,0,0
2008,42,89,1,421285,1,2,1,2,4,2,6,2,1,2,1,2,1,2,2,2,2,2,2,2,3,2,2,2,2,1,2,2,1,2,2,0,0,0
2008,42,7,1,421286,1,2,2,2,1,1,3,1,4,1,1,2,2,2,2,2,2,2,2,2,3,2,2,2,2,1,2,2,2,2,2,0,0,0
2008,42,41,1,421287,1,2,2,2,1,2,4,2,1,1,1,2,1,2,2,2,1,2,2,2,3,2,2,2,2,2,2,2,2,2,2,0,0,0
2008,42,125,1,421288,1,2,1,2,1,2,3,2,1,1,1,2,3,2,2,2,2,2,2,2,3,1,1,1,1,1,2,1,2,2,2,0,0,0
2008,42,17,1,421289,1,2,2,2,1,2,5,2,1,1,1,1,1,2,2,2,1,2,2,2,3,2,2,2,2,2,2,2,2,2,2,0,0,0
2008,42,101,1,421290,1,2,2,2,1,2,6,2,1,2,1,2,1,2,2,2,1,2,2,2,3,2,2,2,2,2,2,2,2,2,2,0,0,0
2008,42,17,1,421291,1,2,2,2,1,1,3,1,4,2,2,2,2,2,2,1,2,2,2,2,3,2,2,2,2,2,2,2,2,2,2,0,0,0
2008,42,17,1,421292,1,2,2,2,1,1,3,1,4,1,1,2,2,1,2,2,2,2,2,2,3,2,2,2,2,1,2,2,2,2,2,0,0,0
2008,42,101,1,421293,1,2,2,2,1,2,6,2,4,2,2,2,3,2,2,2,2,2,2,2,3,2,2,2,2,2,2,2,2,2,2,0,0,0
2008,42,71,1,421294,1,2,1,2,4,2,6,2,1,2,1,2,1,2,2,2,2,2,2,2,1,2,2,2,2,2,2,2,1,2,2,0,0,0
2008,42,71,1,421295,1,2,2,2,4,2,4,2,1,2,1,2,1,2,2,1,2,2,2,2,1,2,2,2,2,2,2,2,1,2,2,0,0,0
2008,42,133,1,421296,1,2,1,2,2,2,6,2,1,2,2,2,1,2,2,1,2,2,1,2,2,1,1,1,1,2,2,1,1,2,2,0,0,0
2008,42,3,1,421297,1,2,2,2,1,2,4,2,3,1,1,2,2,2,2,2,2,2,2,2,3,2,2,2,2,1,2,2,1,2,2,0,0,0
2008,42,11,1,421298,1,2,1,1,1,2,1,2,4,1,1,2,2,1,2,1,2,2,2,2,3,1,1,1,1,2,2,1,2,2,2,0,0,0
2008,42,11,1,421299,1,2,2,2,1,2,3,2,3,2,2,2,3,2,2,2,2,2,2,2,1,1,1,1,1,2,2,1,2,2,2,0,0,0
2008,42,45,1,421300,1,2,2,2,4,2,6,3,1,2,1,2,1,2,2,2,1,2,2,2,2,2,2,2,2,2,2,2,2,2,2,0,0,0
2008,42,101,1,421301,1,2,2,1,2,2,1,2,1,2,2,2,1,2,2,1,2,2,1,2,1,2,2,2,2,2,1,1,1,1,2,0,0,0
2008,42,101,1,421302,1,2,2,2,1,2,6,2,1,2,1,1,1,2,2,2,1,2,2,2,3,1,2,1,2,2,2,2,2,2,2,0,0,0
2008,42,95,2,421303,1,2,2,2,1,2,4,2,5,2,1,2,2,2,1,2,2,2,2,2,1,2,2,2,2,2,2,2,2,2,2,0,0,0
2008,42,57,1,421304,1,2,1,1,3,2,1,2,1,2,1,2,1,2,2,1,2,2,1,2,3,2,2,2,2,2,2,2,1,2,2,0,0,0
2008,42,87,1,421305,1,2,1,2,1,1,3,1,1,2,2,2,1,2,2,1,2,2,2,2,1,2,2,2,2,2,2,2,2,2,2,0,0,0
2008,42,29,1,421306,1,2,1,2,4,2,6,2,1,1,2,2,1,2,2,1,2,2,1,2,2,2,2,2,2,2,2,2,1,2,2,0,0,0
2008,42,75,1,421307,1,2,2,2,1,2,3,2,3,1,1,2,2,2,2,2,2,2,2,2,1,2,2,2,2,2,2,2,1,2,2,0,0,0
2008,42,61,1,421308,1,2,1,2,4,2,6,2,1,2,2,2,1,2,2,1,2,2,2,2,1,2,2,2,2,2,2,2,1,2,2,0,0,0
2008,42,51,1,421309,1,2,2,2,1,1,5,1,4,1,1,2,2,1,2,2,2,2,2,2,3,2,2,2,2,2,2,2,2,2,2,0,0,0
2008,42,17,1,421310,1,2,2,2,1,1,4,1,4,1,1,2,3,2,2,2,2,2,2,2,1,2,2,2,2,1,2,2,2,2,2,0,0,0
2008,42,17,1,421311,1,2,2,2,4,1,2,1,1,3,1,2,1,2,2,2,2,2,1,2,1,2,2,2,2,2,2,2,2,2,2,0,0,0
2008,42,39,1,421312,1,2,1,2,1,2,5,2,4,1,1,2,2,2,2,1,2,2,2,2,3,2,2,2,2,2,2,2,1,2,2,0,0,0
2008,42,71,1,421313,1,2,2,2,1,2,5,3,4,1,2,2,2,2,2,2,2,2,2,2,3,1,1,1,1,1,2,1,2,2,2,0,0,0
2008,42,43,1,421314,1,2,1,2,4,2,6,2,1,1,2,2,1,2,1,1,2,2,2,2,2,2,2,2,2,2,2,2,1,2,2,0,0,0
2008,42,37,2,421315,1,2,1,2,4,2,6,2,1,2,2,2,1,2,2,1,2,2,2,2,3,1,1,1,1,2,2,1,1,2,2,0,0,0
2008,42,89,1,421316,1,2,2,2,4,2,4,2,1,2,2,2,1,2,2,2,2,2,2,2,1,2,2,2,2,2,2,2,1,2,2,0,0,0
2008,42,125,1,421317,1,2,2,2,1,2,6,3,1,1,1,2,1,2,2,2,2,2,2,2,2,2,2,2,2,1,2,2,2,2,2,0,0,0
2008,42,5,1,421318,1,2,1,2,2,2,4,2,1,1,1,2,1,2,2,1,2,2,1,2,2,2,2,2,2,2,2,2,1,2,2,0,0,0
2008,42,17,1,421319,1,2,2,2,1,2,3,2,3,1,2,2,2,2,2,2,2,2,2,2,3,2,2,2,2,2,1,1,1,2,2,0,0,0
2008,42,73,1,421320,1,2,1,2,1,1,3,1,4,2,1,2,3,1,2,2,2,2,2,2,3,1,1,1,1,2,1,1,2,2,2,0,0,0
2008,42,95,1,421321,1,2,2,2,1,1,3,1,4,2,1,2,3,2,2,1,2,2,1,2,1,2,2,2,2,2,2,2,2,2,2,0,0,0
2008,42,79,1,421322,1,2,2,2,4,2,6,2,1,1,1,2,1,2,2,2,2,2,2,2,2,2,2,2,2,2,2,2,1,2,2,0,0,0
2008,42,27,1,421323,1,2,1,2,4,2,5,2,1,1,2,2,1,2,2,1,2,2,2,2,3,2,2,2,2,1,2,2,1,2,2,0,0,0
2008,42,5,1,421324,1,2,1,2,2,2,3,2,1,1,2,2,1,2,2,1,2,2,2,2,2,2,2,2,2,2,2,2,1,2,2,0,0,0
2008,42,71,1,421325,1,2,1,2,1,2,5,3,1,1,1,2,1,2,2,2,2,2,2,2,2,1,1,1,1,2,2,1,2,2,2,0,0,0
2008,42,133,1,421326,1,2,2,2,1,2,4,3,4,1,1,2,2,2,2,2,2,2,2,2,3,2,2,2,2,1,1,1,2,2,2,0,0,0
2008,42,79,1,421327,1,2,2,2,1,1,3,1,1,2,1,1,3,2,2,2,1,2,2,2,3,2,2,2,2,2,1,1,2,2,2,0,0,0
2008,42,71,1,421328,1,2,2,2,1,2,3,2,4,1,1,2,2,2,2,2,2,2,2,2,3,2,2,2,2,1,2,2,1,2,2,0,0,0
2008,42,125,1,421329,1,2,1,2,1,1,4,1,4,1,1,2,2,2,2,1,2,2,2,2,3,2,2,2,2,1,2,2,2,2,2,0,0,0
2008,42,3,1,421330,1,2,1,2,4,2,6,2,1,1,1,2,1,2,2,2,2,2,2,2,2,2,2,2,2,2,2,2,1,2,2,0,0,0
2008,42,87,3,421331,1,2,1,2,4,2,5,2,1,2,2,2,1,2,2,1,2,2,1,2,2,1,1,1,1,2,2,1,1,2,2,0,0,0
2008,42,81,1,421332,1,2,1,2,4,2,4,2,1,1,1,2,1,2,2,1,2,2,1,2,3,2,2,2,2,2,2,2,1,1,1,0,0,0
2008,42,35,1,421333,1,2,1,2,4,2,4,2,1,2,1,2,1,2,2,1,2,2,1,2,3,2,2,2,2,2,2,2,1,2,2,0,0,0
2008,42,97,1,421334,1,2,1,2,4,2,3,2,1,1,1,2,1,2,2,1,2,2,2,2,3,2,2,2,2,2,1,1,1,2,2,0,0,0
2008,42,25,1,421335,1,2,1,2,1,2,5,2,4,1,1,2,2,1,2,1,2,2,1,2,3,2,2,2,2,2,2,2,1,1,2,0,0,0
2008,42,71,1,421336,1,2,2,2,1,2,4,2,2,1,2,2,2,2,1,1,2,2,2,2,3,2,2,2,2,2,2,2,2,1,2,0,0,0
2008,42,71,2,421337,1,2,2,2,1,2,4,2,3,1,1,2,3,2,2,1,2,2,1,2,3,1,1,1,1,2,2,1,2,2,2,0,0,0
2008,42,37,1,421338,1,2,2,2,1,2,3,2,1,2,2,2,1,2,2,2,1,2,2,2,2,2,2,2,2,2,2,2,2,2,2,0,0,0
2008,42,109,1,421339,1,2,1,2,1,1,6,1,4,1,1,2,2,2,2,2,2,2,2,2,3,2,2,2,2,1,2,2,2,2,2,0,0,0
2008,42,101,1,421340,1,2,2,2,1,2,3,3,4,1,2,2,2,2,1,2,2,2,2,2,3,2,2,2,2,1,2,2,2,2,2,0,0,0
2008,42,41,1,421341,1,2,2,1,2,2,1,3,1,1,2,2,1,2,2,1,2,2,2,1,2,2,2,2,2,2,2,2,1,2,2,0,0,0
2008,42,71,1,421342,1,2,2,2,2,2,2,2,1,1,1,2,3,1,2,2,2,2,2,2,3,2,2,2,2,2,1,1,1,2,2,0,0,0
2008,42,29,1,421343,1,2,1,2,1,2,4,2,4,1,1,2,2,1,2,2,2,2,2,2,3,2,2,2,2,2,2,2,1,2,2,0,0,0
2008,42,117,1,421344,1,2,1,2,1,2,4,3,4,1,1,2,2,2,2,2,2,2,2,2,3,2,2,2,2,1,2,2,2,2,2,0,0,0
2008,42,93,1,421345,1,2,1,2,1,2,3,2,1,2,1,2,1,2,2,2,1,2,2,2,3,2,2,2,2,2,2,2,2,2,2,0,0,0
2008,42,85,1,421346,1,2,2,2,1,2,4,2,4,2,2,2,2,2,2,1,2,2,1,2,1,2,2,2,2,2,2,2,1,2,2,0,0,0
2008,42,3,1,421347,1,2,2,2,1,2,3,2,1,2,1,2,1,2,2,2,1,2,2,2,3,2,2,2,2,2,2,2,2,2,2,0,0,0
2008,42,133,1,421348,1,2,2,2,4,2,5,2,1,2,2,2,1,2,1,1,2,2,2,2,1,2,2,2,2,2,2,2,1,2,2,0,0,0
2008,42,29,1,421349,1,2,2,2,1,1,3,1,4,2,2,2,2,2,2,1,2,2,2,2,1,1,1,1,1,2,1,1,2,2,2,0,0,0
2008,42,101,1,421350,1,2,2,2,1,2,4,2,5,2,2,2,2,2,2,1,2,2,2,2,3,1,1,1,1,2,1,1,2,2,2,0,0,0
2008,42,101,1,421351,1,2,2,2,4,2,6,2,1,2,2,2,1,2,2,2,2,2,2,2,1,2,2,2,2,2,2,2,1,2,2,0,0,0
2008,42,101,1,421352,1,2,2,2,1,1,6,1,1,2,2,2,1,2,2,2,1,2,2,2,3,2,2,2,2,2,2,2,2,2,2,0,0,0
2008,42,3,1,421353,1,2,2,2,1,2,3,3,4,1,2,2,2,2,2,2,2,2,2,2,2,2,2,2,2,1,1,1,2,2,2,0,0,0
2008,42,49,1,421354,1,2,2,2,4,2,4,2,1,2,2,2,1,2,2,1,2,2,2,2,1,2,2,2,2,2,2,2,1,2,2,0,0,0
2008,42,89,1,421355,1,2,1,2,1,2,5,2,1,2,2,2,1,2,2,2,2,2,1,2,3,2,2,2,2,2,2,2,1,2,2,0,0,0
2008,42,77,1,421356,1,2,2,2,4,2,4,2,1,2,2,2,1,2,2,2,2,2,2,2,1,2,2,2,2,2,1,1,1,2,2,0,0,0
2008,42,17,1,421357,1,2,2,2,2,2,3,2,1,2,1,1,1,2,2,2,2,2,2,2,3,2,2,2,2,2,2,2,1,2,2,0,0,0
2008,42,91,1,421358,1,2,2,2,1,1,3,1,4,2,1,2,2,2,2,2,2,2,2,2,3,2,2,2,2,1,2,2,2,2,2,0,0,0
2008,42,101,1,421359,1,2,2,2,1,1,3,1,4,2,1,2,2,2,2,1,2,2,2,1,3,2,2,2,2,2,2,2,2,2,2,0,0,0
2008,42,3,1,421360,1,2,2,2,4,2,6,2,1,2,1,2,1,2,2,2,1,2,2,2,3,2,2,2,2,2,2,2,2,2,2,0,0,0
2008,44,7,1,440001,1,1,2,2,4,2,6,2,1,2,2,2,1,2,2,2,2,2,2,2,2,2,2,2,2,2,1,1,1,2,2,0,0,0
2008,44,3,1,440002,1,1,2,1,1,2,1,2,1,2,1,2,2,2,2,2,1,2,2,2,3,2,2,2,2,2,2,2,2,2,2,0,0,0
2008,44,7,1,440003,1,1,1,2,4,2,5,2,1,2,2,2,1,2,2,2,2,2,2,2,1,2,2,2,2,2,1,1,1,1,2,0,0,0
2008,44,9,1,440004,1,1,1,2,4,2,4,2,1,1,2,2,1,2,2,2,2,2,1,2,1,2,2,2,2,2,2,2,1,1,2,0,0,0
2008,44,9,1,440005,1,1,2,2,4,2,6,2,1,2,2,2,1,2,2,1,2,2,1,2,1,2,2,2,2,2,1,1,1,2,2,0,0,0
2008,44,3,2,440006,1,1,2,2,4,2,6,2,1,2,1,2,1,2,2,1,2,2,2,2,1,2,2,2,2,2,1,1,1,2,2,0,0,0
2008,44,7,1,440007,1,1,1,2,1,2,4,2,4,1,1,2,2,1,2,2,2,2,1,2,3,2,2,2,2,2,1,1,1,2,2,0,0,0
2008,44,7,1,440008,1,1,2,2,4,2,6,2,1,2,2,2,1,2,2,1,2,2,2,2,3,2,2,2,2,2,1,1,1,2,2,0,0,0
2008,44,7,1,440009,1,1,2,1,1,2,1,2,4,2,2,2,1,2,2,2,1,2,2,2,3,2,2,2,2,2,2,2,2,1,2,0,0,0
2008,44,7,1,440010,1,1,2,2,1,1,6,1,1,2,2,1,1,2,2,2,1,2,2,2,3,2,2,2,2,2,2,2,2,2,2,0,0,0
2008,44,7,1,440011,1,1,2,2,4,2,6,2,1,1,2,2,1,2,2,2,2,2,2,2,2,1,1,1,1,2,2,1,1,1,2,0,0,0
2008,44,3,1,440012,1,1,2,1,1,2,1,2,3,2,1,2,2,2,2,2,2,2,1,2,1,2,2,2,2,2,1,1,2,2,2,0,0,0
2008,44,7,1,440013,1,1,2,2,4,2,6,2,4,2,1,2,1,2,2,1,2,2,1,2,1,2,2,1,1,2,2,1,1,2,2,0,0,0
2008,44,3,1,440014,1,1,2,2,1,1,3,1,4,2,1,2,2,2,2,1,2,2,2,2,3,1,1,1,1,2,2,1,2,2,2,0,0,0
2008,44,3,1,440015,1,1,2,2,1,2,6,2,4,2,1,2,2,1,2,2,2,2,1,2,2,2,2,2,2,2,2,2,1,2,2,0,0,0
2008,44,9,1,440016,1,1,2,2,1,2,3,2,1,2,2,2,1,2,2,1,1,2,2,2,3,2,2,2,2,2,2,2,2,1,2,0,0,0
2008,44,7,1,440017,1,1,2,2,4,2,3,2,1,2,2,2,1,2,2,2,2,2,1,2,2,2,2,2,2,2,2,2,1,2,2,0,0,0
2008,44,9,1,440018,1,1,2,2,4,2,3,2,1,2,1,2,1,2,2,2,2,2,2,2,3,2,2,2,2,2,2,2,1,2,2,0,0,0
2008,44,7,1,440019,1,1,2,2,4,2,6,2,1,1,1,2,1,2,2,2,2,2,2,2,2,2,2,2,2,1,2,2,1,2,2,0,0,0
2008,44,7,1,440020,1,1,2,2,1,1,6,1,1,1,2,1,1,2,2,2,1,2,2,2,1,2,2,2,2,1,2,2,2,2,2,0,0,0
2008,44,7,1,440021,1,1,1,2,1,1,3,1,4,1,2,2,2,2,2,2,2,2,2,2,3,2,2,2,2,1,2,2,2,2,2,0,0,0
2008,44,3,1,440022,1,1,2,2,1,1,6,1,1,1,1,2,1,2,2,2,2,1,2,2,3,2,2,2,2,2,2,2,2,2,2,0,0,0
2008,44,7,1,440023,1,1,2,1,1,2,1,2,1,2,1,2,1,2,2,2,1,2,2,2,3,2,2,2,2,2,2,2,2,2,2,0,0,0
2008,44,7,1,440024,1,1,2,2,2,2,4,2,1,2,1,2,1,2,1,2,2,2,2,2,2,1,1,1,1,2,2,1,1,2,2,0,0,0
2008,44,7,1,440025,1,1,2,3,2,2,7,2,1,2,2,2,1,2,1,2,2,2,2,2,1,2,2,2,2,2,2,2,1,2,2,0,0,0
2008,44,7,2,440026,1,1,2,2,2,2,3,3,1,2,1,2,1,2,2,1,2,2,1,2,1,2,2,2,2,2,2,2,1,2,2,0,0,0
2008,44,7,1,440027,1,1,2,2,2,2,2,3,1,1,2,2,1,2,2,2,2,2,1,2,3,2,2,2,2,2,2,2,1,2,2,0,0,0
2008,44,7,1,440028,1,1,2,2,2,2,3,2,1,2,2,2,1,2,1,2,2,2,2,2,3,2,2,2,2,2,2,2,1,2,2,0,0,0
2008,44,9,1,440029,1,1,1,1,2,2,1,2,2,2,2,2,2,2,2,2,2,2,1,2,3,2,2,2,2,2,2,2,2,2,1,0,0,0
2008,44,9,1,440030,1,1,1,2,1,2,3,2,1,2,1,2,1,2,1,1,2,2,2,2,1,2,2,2,2,2,2,2,2,2,2,0,0,0
2008,44,3,1,440031,1,1,2,2,1,2,6,2,1,2,1,2,1,2,2,1,2,2,2,2,2,2,2,2,2,2,1,1,2,2,2,0,0,0
2008,44,5,1,440032,1,1,2,2,4,2,6,2,1,2,2,2,1,2,2,2,2,2,2,2,3,2,2,2,2,1,2,2,1,2,1,0,0,0
2008,44,3,1,440033,1,1,2,2,1,2,6,2,1,2,2,1,1,2,2,2,1,2,2,2,3,2,2,2,2,2,2,2,2,2,2,0,0,0
2008,44,7,1,440034,1,1,1,2,4,2,5,2,1,1,2,2,1,2,2,2,2,2,2,2,3,2,2,2,2,1,2,2,1,2,2,0,0,0
2008,44,7,1,440035,1,1,2,2,1,2,6,2,4,1,1,2,2,2,2,2,2,2,2,2,3,2,2,2,2,1,2,2,2,2,2,0,0,0
2008,44,7,1,440036,1,1,2,2,1,2,4,2,4,2,2,2,2,2,1,2,2,2,2,2,3,1,1,1,1,2,2,1,2,2,2,0,0,0
2008,44,7,1,440037,1,1,2,2,1,1,2,1,4,1,1,2,3,2,2,2,2,2,2,2,3,2,2,2,2,1,2,2,1,2,1,0,0,0
2008,44,7,1,440038,1,1,1,3,4,2,7,2,1,1,2,2,1,2,2,2,2,2,1,2,1,2,2,2,2,1,2,2,1,2,2,0,0,0
2008,44,1,1,440039,1,1,2,2,2,2,2,2,1,2,2,2,2,2,2,1,2,2,2,2,1,2,2,2,2,2,1,1,1,2,2,0,0,0
2008,44,5,1,440040,1,1,2,2,1,1,3,1,4,1,1,2,2,2,2,2,2,2,1,2,3,1,1,1,1,2,2,1,2,2,2,0,0,0
2008,44,3,1,440041,1,1,1,2,4,2,6,2,1,2,1,2,1,2,2,2,2,2,1,2,2,1,1,1,1,2,2,1,1,2,2,0,0,0
2008,44,9,1,440042,1,1,2,3,4,2,7,2,1,2,2,2,1,2,2,1,2,2,2,2,1,2,2,2,2,2,2,2,1,2,2,0,0,0
2008,44,5,1,440043,1,1,2,2,2,2,3,3,1,1,2,2,1,2,1,1,2,2,2,2,2,2,2,2,2,1,2,2,1,2,2,0,0,0
2008,44,7,1,440044,1,1,2,2,4,1,3,1,1,2,2,2,1,2,2,1,2,2,1,2,1,2,2,2,2,2,1,1,2,2,2,0,0,0
2008,44,7,1,440045,1,1,1,2,3,2,3,2,1,2,2,2,1,2,2,2,2,2,2,2,1,2,2,2,2,2,2,2,1,2,1,0,0,0
2008,44,7,1,440046,1,1,1,2,1,1,5,1,1,1,1,2,1,2,2,2,1,2,2,2,3,2,2,2,2,2,2,2,2,1,2,0,0,0
2008,44,9,1,440047,1,1,2,2,4,2,6,2,1,2,2,2,1,2,2,1,2,2,1,2,1,2,2,2,2,2,2,2,1,2,2,0,0,0
2008,44,9,1,440048,1,1,1,1,2,2,1,2,1,2,1,2,1,2,2,2,2,2,2,2,2,2,2,2,2,2,1,1,1,2,2,0,0,0
2008,44,7,1,440049,1,1,2,2,1,1,6,1,4,1,1,2,2,2,2,2,2,2,2,2,3,1,1,1,1,1,2,1,2,2,2,0,0,0
2008,44,7,1,440050,1,1,2,2,1,2,3,2,1,1,1,2,1,2,2,2,1,2,2,2,3,2,2,2,2,1,2,2,2,2,2,0,0,0
2008,44,7,1,440051,1,1,2,2,1,2,6,2,1,1,1,2,1,2,2,2,1,2,2,2,3,2,2,2,2,2,2,2,2,2,2,0,0,0
2008,44,9,1,440052,1,1,2,2,1,2,2,2,1,1,2,2,1,2,1,1,2,2,2,2,2,2,2,2,2,2,1,1,2,2,2,0,0,0
2008,44,7,1,440053,1,1,2,2,2,1,6,1,1,1,1,2,1,2,2,2,2,2,2,2,1,2,2,2,2,1,2,2,2,2,2,0,0,0
2008,44,7,1,440054,1,1,2,1,2,2,1,3,1,2,2,2,1,2,2,2,2,2,1,2,1,2,2,2,2,2,2,2,1,2,2,0,0,0
2008,44,3,1,440055,1,1,1,2,1,2,6,3,4,1,1,2,2,2,2,2,2,2,2,2,3,2,2,2,2,1,2,2,2,2,2,0,0,0
2008,44,7,1,440056,1,1,2,2,1,2,6,2,1,2,1,1,1,2,2,2,1,2,2,2,3,2,2,2,2,2,2,2,2,2,2,0,0,0
2008,44,7,1,440057,1,1,2,2,4,2,3,2,1,2,2,2,1,2,2,1,2,2,2,2,1,2,2,2,2,2,2,2,2,2,2,0,0,0
2008,44,3,1,440058,1,1,2,2,2,2,2,2,1,2,2,2,1,2,2,2,2,2,2,2,1,2,2,2,2,2,2,2,1,2,2,0,0,0
2008,44,7,1,440059,1,1,2,2,4,2,3,3,1,1,1,2,1,2,2,2,2,2,2,2,3,2,2,2,2,1,2,2,1,2,2,0,0,0
2008,44,5,1,440060,1,1,2,2,1,1,3,1,2,2,1,2,3,2,2,1,2,2,2,2,3,2,2,2,2,2,2,2,2,2,2,0,0,0
2008,44,7,1,440061,1,1,2,2,2,1,6,1,1,2,2,2,2,2,2,1,2,2,1,2,3,2,2,2,2,2,2,2,2,2,2,0,0,0
2008,44,7,1,440062,1,1,2,2,1,2,3,2,1,2,1,2,1,2,2,2,1,2,2,2,3,2,2,2,2,2,2,2,2,2,2,0,0,0
2008,44,9,1,440063,1,1,1,2,4,2,5,2,1,2,2,2,1,2,2,2,2,2,2,2,3,2,2,1,1,2,2,1,1,1,1,0,0,0
2008,45,63,1,450001,1,4,2,1,1,2,1,2,3,2,1,2,2,2,2,2,2,2,2,2,3,2,2,2,2,2,1,1,2,2,2,0,0,0
2008,45,59,1,450002,1,4,1,2,4,2,5,2,1,2,1,2,1,2,2,1,2,2,1,2,1,2,2,2,2,2,2,2,1,2,2,0,0,0
2008,45,23,1,450003,1,4,1,2,4,2,4,2,1,2,2,2,1,2,2,2,2,2,1,2,2,1,1,1,1,2,2,1,1,1,2,0,0,0
2008,45,83,1,450004,1,4,2,2,1,1,4,1,4,1,2,2,3,2,1,1,2,2,1,2,3,1,2,1,1,2,2,1,2,2,2,0,0,0
2008,45,63,2,450005,1,4,2,1,1,2,1,2,3,2,2,2,2,2,2,2,2,2,2,2,1,2,2,1,1,2,2,1,1,2,2,0,0,0
2008,45,19,1,450006,1,4,1,2,1,2,3,2,1,2,2,1,1,2,2,2,2,1,2,2,3,2,2,2,2,2,1,1,2,2,2,0,0,0
2008,45,3,1,450007,1,4,2,2,1,1,3,1,4,1,2,2,2,2,2,2,2,2,2,2,3,2,2,2,2,1,2,2,2,2,2,0,0,0
2008,45,91,1,450008,1,4,1,2,4,2,5,2,1,2,2,2,1,2,2,1,2,2,1,2,1,2,2,2,2,2,2,2,1,2,2,0,0,0
2008,45,19,1,450009,1,4,2,2,2,2,2,3,1,2,2,2,1,2,1,1,2,2,2,2,1,2,2,2,2,2,1,1,1,2,2,0,0,0
2008,45,91,1,450010,1,4,1,2,4,2,5,2,1,2,2,2,1,2,2,1,2,2,1,2,1,2,2,2,2,2,2,2,1,2,2,0,0,0
2008,45,41,1,450011,1,4,1,2,4,2,4,2,1,2,2,2,1,2,2,2,2,2,2,2,1,2,2,2,2,2,2,2,1,2,2,0,0,0
2008,45,9,1,450012,1,4,1,2,1,2,3,2,1,1,1,2,1,2,2,2,2,1,2,2,3,2,2,2,2,1,2,2,2,2,2,0,0,0
2008,45,71,1,450013,1,4,1,2,4,2,5,2,1,2,1,2,1,2,2,1,2,2,2,2,1,1,1,1,1,2,2,1,1,2,2,0,0,0
2008,45,91,1,450014,1,4,1,2,1,2,4,2,3,2,1,2,2,2,2,2,2,2,2,2,3,2,2,2,2,2,1,1,1,2,2,0,0,0
2008,45,79,2,450015,1,4,1,2,1,2,3,2,4,1,1,2,3,2,2,1,2,2,1,2,1,1,1,1,1,2,2,1,2,2,2,0,0,0
2008,45,31,1,450016,1,4,1,2,1,1,4,1,4,2,1,2,2,1,2,2,2,2,2,2,1,2,2,2,2,2,2,2,2,2,2,0,0,0
2008,45,45,1,450017,1,4,1,2,1,1,3,1,4,2,2,2,2,1,2,2,2,2,2,2,3,2,2,1,1,2,2,1,2,2,2,0,0,0
2008,45,45,2,450018,1,4,1,2,1,2,4,2,4,1,1,2,2,2,2,2,2,2,2,2,3,2,2,2,2,1,2,2,1,1,2,0,0,0
2008,45,77,1,450019,1,4,1,2,1,2,4,2,3,1,1,2,2,2,2,2,2,2,2,2,3,2,2,2,2,2,1,1,1,2,2,0,0,0
2008,45,61,1,450020,1,4,1,2,1,2,3,2,1,2,2,2,1,2,2,2,1,2,2,2,3,2,2,2,2,2,2,2,2,2,2,0,0,0
2008,45,19,1,450021,1,4,2,2,4,2,3,2,1,2,1,2,1,2,2,1,2,2,2,2,1,2,2,2,2,2,2,2,1,2,2,0,0,0
2008,45,67,1,450022,1,4,1,2,4,2,5,2,1,1,2,2,1,2,2,1,2,2,1,2,1,2,2,2,2,2,2,2,1,2,2,0,0,0
2008,45,25,1,450023,1,4,1,2,4,2,5,2,1,1,2,2,1,2,2,1,2,2,2,2,1,2,2,2,2,2,2,2,1,2,2,0,0,0
2008,45,43,1,450024,1,4,1,2,4,2,5,2,1,2,2,2,1,2,2,2,2,2,2,2,1,1,1,1,1,2,2,1,1,2,2,0,0,0
2008,45,7,1,450025,1,4,1,2,2,2,5,2,1,2,2,2,1,2,2,2,2,2,1,2,2,2,2,2,2,2,2,2,1,2,2,0,0,0
2008,45,45,1,450026,1,4,1,2,4,2,5,2,1,1,2,2,1,2,2,1,2,2,1,2,2,2,2,2,2,2,2,2,1,2,2,0,0,0
2008,45,25,1,450027,1,4,1,2,1,2,4,2,1,2,2,2,1,2,2,2,1,2,2,2,3,2,2,2,2,2,2,2,2,2,2,0,0,0
2008,45,29,1,450028,1,4,1,2,4,2,4,2,1,1,1,2,1,2,2,1,2,2,2,2,2,2,2,2,2,1,2,2,1,2,2,0,0,0
2008,45,69,1,450029,1,4,1,2,4,2,5,2,1,2,1,2,1,2,2,1,2,2,2,2,3,2,2,2,2,2,2,2,1,2,2,0,0,0
2008,45,89,1,450030,1,4,1,2,4,2,5,2,1,2,2,2,1,2,2,1,2,2,1,2,1,2,2,2,2,2,2,2,1,2,2,0,0,0
2008,45,45,1,450031,1,4,1,2,1,1,5,1,4,1,1,2,2,2,2,2,2,2,2,2,3,2,2,2,2,2,2,2,2,2,2,0,0,0
2008,45,25,1,450032,1,4,1,2,4,2,5,2,1,1,1,2,1,2,2,1,2,2,2,2,3,1,1,1,1,2,2,1,1,2,2,0,0,0
2008,45,13,1,450033,1,4,1,2,1,1,3,1,4,1,1,2,3,2,2,2,2,2,2,2,3,2,2,2,2,1,2,2,2,2,2,0,0,0
2008,45,15,1,450034,1,4,1,2,1,2,5,3,1,2,1,2,1,2,2,2,2,2,2,2,1,2,2,2,2,2,2,2,2,1,2,0,0,0
2008,45,19,1,450035,1,4,1,2,4,2,5,2,1,2,1,2,1,2,2,1,2,2,2,2,1,2,2,2,2,2,1,1,1,2,1,0,0,0
2008,45,77,1,450036,1,4,1,2,4,2,3,2,1,2,1,2,1,2,2,1,2,2,1,2,3,2,2,2,2,2,2,2,1,2,2,0,0,0
2008,45,31,1,450037,1,4,1,2,1,2,5,2,1,2,1,1,1,2,2,2,1,2,2,2,3,2,2,2,2,2,2,2,2,2,2,0,0,0
2008,45,5,1,450038,1,4,1,2,4,2,5,2,1,1,1,2,1,2,2,1,2,2,1,2,2,2,2,2,2,2,2,2,1,2,2,0,0,0
2008,45,33,1,450039,1,4,1,2,1,2,4,2,4,2,2,2,2,1,2,2,2,2,2,2,3,2,2,2,2,2,2,2,1,1,2,0,0,0
2008,45,35,1,450040,1,4,1,1,2,2,1,2,1,1,1,2,1,2,2,2,2,2,2,2,3,2,2,2,2,1,2,2,1,1,2,0,0,0
2008,45,63,2,450041,1,4,1,2,1,1,4,1,4,2,2,2,2,2,2,2,2,2,2,2,1,2,2,2,2,2,2,2,2,2,2,0,0,0
2008,45,35,1,450042,1,4,1,2,4,2,4,2,1,2,2,2,1,2,2,1,2,2,2,2,1,2,2,1,1,2,2,1,1,2,2,0,0,0
2008,45,63,2,450043,1,4,1,2,1,2,5,2,1,2,1,2,1,2,2,1,2,2,1,2,1,1,1,1,1,2,2,1,1,2,2,0,0,0
2008,45,29,1,450044,1,4,1,2,1,1,5,1,4,1,1,2,2,1,2,2,2,2,2,2,3,2,2,2,2,2,2,2,2,2,2,0,0,0
2008,45,19,1,450045,1,4,1,1,1,2,1,2,1,2,1,2,1,2,2,2,2,2,1,2,1,2,2,2,2,2,2,2,1,2,2,0,0,0
2008,45,7,1,450046,1,4,1,2,4,2,5,2,1,2,1,2,1,2,2,2,2,2,1,2,1,2,2,2,2,2,2,2,1,2,2,0,0,0
2008,45,15,1,450047,1,4,1,2,2,2,4,2,1,2,1,2,1,2,2,1,2,2,2,2,1,2,2,2,2,2,2,2,1,2,2,0,0,0
2008,45,91,1,450048,1,4,1,2,4,2,5,2,1,2,1,2,1,2,2,1,2,2,2,2,3,2,2,2,2,2,1,1,1,2,2,0,0,0
2008,45,85,1,450049,1,4,1,2,1,2,3,2,1,2,1,2,1,1,2,2,1,2,2,2,3,2,2,2,2,2,2,2,2,2,2,0,0,0
2008,45,3,1,450050,1,4,1,2,4,2,3,2,1,2,1,2,1,2,2,2,2,2,1,2,1,2,2,2,2,2,2,2,1,2,2,0,0,0
2008,45,9,1,450051,1,4,1,2,1,2,3,2,1,1,1,2,3,1,2,2,2,2,1,2,3,2,2,2,2,2,2,2,2,2,2,0,0,0
2008,45,41,1,450052,1,4,1,2,4,2,5,2,1,1,1,2,1,2,2,1,2,2,2,2,1,2,2,2,2,2,1,1,1,2,2,0,0,0
2008,45,41,1,450053,1,4,1,2,4,2,5,2,1,2,2,2,1,2,2,1,2,2,1,2,1,2,2,2,2,2,2,2,1,2,2,0,0,0
2008,45,45,1,450054,1,4,1,2,4,2,4,2,1,2,2,2,1,2,2,1,2,2,2,2,1,2,2,2,2,2,2,2,1,2,2,0,0,0
2008,45,63,3,450055,1,4,1,2,4,2,5,2,1,2,2,2,1,2,1,2,2,2,2,2,1,2,2,2,2,2,2,2,1,2,2,0,0,0
2008,45,67,1,450056,1,4,1,2,4,2,5,2,1,2,2,2,1,2,2,2,2,2,1,2,1,2,2,2,2,2,2,2,1,2,2,0,0,0
2008,45,77,1,450057,1,4,1,2,1,2,4,2,5,1,1,2,2,2,2,2,2,2,2,2,3,2,2,2,2,2,2,2,1,2,2,0,0,0
2008,45,49,1,450058,1,4,1,2,4,2,5,2,1,2,2,2,1,2,2,1,2,2,1,2,1,2,2,2,2,2,2,2,1,2,2,0,0,0
2008,45,51,1,450059,1,4,1,2,1,2,4,2,2,2,1,2,1,2,2,1,1,2,2,2,3,1,1,1,1,2,2,1,2,2,2,0,0,0
2008,45,83,1,450060,1,4,1,2,1,1,3,1,4,1,1,2,2,2,2,2,2,2,2,2,3,2,2,2,2,2,2,2,2,2,2,0,0,0
2008,45,15,1,450061,1,4,1,2,1,2,5,2,1,2,1,2,1,1,2,2,1,2,2,2,3,2,2,2,2,2,2,2,2,2,2,0,0,0
2008,45,63,1,450062,1,4,1,2,2,2,5,2,1,2,1,2,1,2,1,1,2,2,2,2,1,2,2,2,2,2,2,2,1,2,2,0,0,0
2008,45,35,1,450063,1,4,1,1,1,2,1,2,1,2,1,2,1,2,2,2,1,2,2,2,3,2,2,2,2,2,2,2,2,2,2,0,0,0
2008,45,15,1,450064,1,4,1,2,1,2,5,2,3,1,1,2,2,2,2,2,2,2,2,2,3,2,2,2,2,1,2,2,1,1,2,0,0,0
2008,45,75,1,450065,1,4,1,2,4,2,3,2,1,1,1,2,1,2,2,2,2,2,2,2,3,2,2,2,2,1,2,2,1,2,2,0,0,0
2008,45,79,2,450066,1,4,1,2,4,2,4,2,1,1,1,2,1,2,2,1,2,2,1,2,2,2,2,2,2,1,2,2,1,2,2,0,0,0
2008,45,47,1,450067,1,4,1,2,4,2,5,2,1,2,1,2,1,2,2,2,2,2,2,2,2,2,2,2,2,2,2,2,1,2,2,0,0,0
2008,45,77,1,450068,1,4,1,2,4,2,5,2,1,2,2,2,1,2,2,1,2,2,1,2,3,1,1,1,1,2,2,1,1,2,2,0,0,0
2008,45,45,1,450069,1,4,1,2,4,2,3,2,1,1,2,2,1,2,2,2,2,2,2,2,2,2,2,2,2,1,2,2,1,2,2,0,0,0
2008,45,55,1,450070,1,4,1,2,1,2,5,2,2,1,1,2,2,2,2,1,2,2,2,2,3,2,2,2,2,2,2,2,2,1,2,0,0,0
2008,45,63,1,450071,1,4,1,2,4,2,5,2,1,1,2,2,1,2,2,2,2,2,1,2,1,2,2,2,2,2,2,2,1,2,2,0,0,0
2008,45,91,1,450072,1,4,1,2,4,2,5,2,1,1,2,2,1,2,2,1,2,2,1,2,3,1,1,1,1,2,2,1,1,1,2,0,0,0
2008,45,43,1,450073,1,4,1,2,4,2,5,2,1,1,2,2,1,2,2,1,2,2,2,2,1,2,2,2,2,2,2,2,1,2,2,0,0,0
2008,45,7,1,450074,1,4,1,2,4,2,5,2,1,1,2,2,1,2,2,1,2,2,2,2,1,2,2,2,2,2,1,1,1,2,2,0,0,0
2008,45,83,1,450075,1,4,1,2,4,2,5,2,1,2,1,2,1,2,2,2,2,2,2,2,1,2,2,2,2,2,1,1,1,2,2,0,0,0
2008,45,75,1,450076,1,4,1,2,1,2,3,2,1,1,1,2,2,2,2,2,1,2,2,2,3,2,2,2,2,2,2,2,2,2,2,0,0,0
2008,45,87,1,450077,1,4,1,2,4,2,5,2,1,1,1,2,1,2,2,1,2,2,1,2,3,2,2,2,2,2,1,1,1,2,2,0,0,0
2008,45,79,1,450078,1,4,1,2,4,2,5,2,1,1,1,2,1,2,2,1,2,2,1,2,2,2,2,2,2,2,1,1,1,2,2,0,0,0
2008,45,27,1,450079,1,4,1,2,4,2,3,2,1,2,1,2,1,2,2,2,2,2,1,2,3,2,2,2,2,2,2,2,1,2,2,0,0,0
2008,45,15,1,450080,1,4,1,1,4,2,1,2,1,1,1,2,1,2,2,2,2,2,2,2,3,2,2,2,2,2,2,2,1,2,2,0,0,0
2008,45,11,1,450081,1,4,1,2,4,2,5,2,1,1,1,2,1,2,2,1,2,2,2,2,1,2,2,2,2,2,2,2,1,2,2,0,0,0
2008,45,3,1,450082,1,4,1,2,4,2,5,2,1,2,1,2,1,2,2,2,2,2,2,2,1,2,2,2,2,2,1,1,1,2,2,0,0,0
2008,45,59,1,450083,1,4,1,2,4,2,5,2,1,2,2,2,1,2,2,2,2,2,1,2,1,2,2,2,2,2,2,2,1,2,2,0,0,0
2008,45,15,1,450084,1,4,1,1,1,2,1,2,4,2,2,2,2,2,2,2,2,2,2,2,3,1,1,1,1,2,2,1,1,2,2,0,0,0
2008,45,63,1,450085,1,4,1,2,4,2,5,2,1,1,2,2,1,2,2,1,2,2,1,2,1,2,2,2,2,2,2,2,1,2,2,0,0,0
2008,45,3,1,450086,1,4,1,2,4,2,5,2,1,2,2,2,1,2,2,2,2,2,1,2,1,2,2,2,2,2,2,2,1,2,2,0,0,0
2008,45,45,1,450087,1,4,1,2,1,2,3,2,1,2,2,2,1,2,2,2,1,2,2,2,3,2,2,2,2,2,1,1,2,2,2,0,0,0
2008,45,27,1,450088,1,4,1,2,4,2,5,2,1,1,2,2,1,2,2,1,2,2,1,2,3,2,2,2,2,2,1,1,1,2,2,0,0,0
2008,45,89,1,450089,1,4,1,2,1,2,5,3,4,2,1,2,2,2,1,2,2,2,2,2,1,2,2,2,2,2,2,2,2,2,2,0,0,0
2008,45,79,1,450090,1,4,2,2,1,2,4,2,4,2,1,2,2,2,2,2,2,2,2,2,3,1,1,1,1,2,2,1,1,2,2,0,0,0
2008,45,15,1,450091,1,4,1,2,4,2,5,2,1,2,2,2,1,2,2,1,2,2,2,2,3,2,2,2,2,2,2,2,1,2,2,0,0,0
2008,45,3,1,450092,1,4,2,2,1,1,4,1,3,2,2,2,2,2,2,2,2,2,1,2,3,2,2,2,2,2,1,1,2,2,2,0,0,0
2008,45,57,1,450093,1,4,1,2,1,1,4,1,3,2,2,2,2,2,2,2,2,2,2,2,1,2,2,2,2,2,2,2,2,2,2,0,0,0
2008,45,11,1,450094,1,4,1,3,4,2,7,2,1,2,2,2,1,2,2,1,2,2,2,2,1,2,2,2,2,2,2,2,1,2,2,0,0,0
2008,45,19,1,450095,1,4,1,1,1,2,1,3,1,2,2,2,1,2,1,1,2,2,2,2,1,2,2,2,2,2,2,2,2,2,2,0,0,0
2008,45,15,1,450096,1,4,1,2,1,1,3,1,4,2,2,2,2,2,2,1,2,2,2,2,3,2,2,2,2,2,2,2,2,2,2,0,0,0
2008,45,51,1,450097,1,4,1,2,1,2,5,2,5,1,1,2,2,2,2,2,2,2,2,2,3,1,1,1,1,2,2,1,1,2,2,0,0,0
2008,45,13,1,450098,1,4,1,2,1,1,3,1,4,2,2,2,2,2,2,2,2,2,2,2,3,2,2,2,2,2,2,2,2,2,2,0,0,0
2008,45,67,3,450099,1,4,1,2,4,2,5,2,1,2,1,1,1,2,2,2,2,2,2,2,3,2,2,2,2,2,1,1,1,2,2,0,0,0
2008,45,13,1,450100,1,4,1,2,4,2,3,2,1,2,2,2,1,2,2,2,2,2,1,2,1,2,2,2,2,2,2,2,1,1,2,0,0,0
2008,45,41,1,450101,1,4,1,2,4,2,5,2,1,2,2,2,1,2,2,1,2,2,1,2,3,2,2,2,2,2,2,2,1,2,2,0,0,0
2008,45,53,1,450102,1,4,1,2,4,2,3,2,1,1,2,2,1,2,2,2,2,2,2,2,3,2,2,2,2,2,1,1,1,2,2,0,0,0
2008,45,75,1,450103,1,4,1,2,4,2,4,2,1,2,1,2,1,2,2,1,2,2,1,2,2,2,2,2,2,2,2,2,1,2,2,0,0,0
2008,45,85,1,450104,1,4,1,2,1,2,3,2,1,2,2,2,1,2,2,2,1,2,2,2,3,2,2,2,2,2,2,2,2,2,2,0,0,0
2008,45,19,1,450105,1,4,1,2,1,2,5,2,1,1,2,2,1,2,1,1,2,2,2,2,1,2,2,2,2,2,2,2,2,1,2,0,0,0
2008,45,19,1,450106,1,4,1,2,1,1,3,1,4,2,2,2,2,2,1,2,2,2,2,2,1,2,2,2,2,2,2,2,2,2,2,0,0,0
2008,45,45,1,450107,1,4,1,2,1,2,4,2,1,2,2,2,1,2,2,2,1,2,2,2,3,2,2,2,2,2,2,2,2,2,2,0,0,0
2008,45,83,1,450108,1,4,1,2,4,2,5,2,1,2,2,2,1,2,2,1,2,2,2,2,1,2,2,1,1,2,2,1,1,2,2,0,0,0
2008,45,83,1,450109,1,4,1,2,4,2,5,2,1,2,2,2,1,2,2,1,2,2,1,2,1,2,2,2,2,2,1,1,1,2,2,0,0,0
2008,45,19,1,450110,1,4,1,2,1,2,3,2,1,2,1,1,1,2,2,2,1,2,2,2,2,2,2,2,2,2,2,2,2,2,2,0,0,0
2008,45,37,1,450111,1,4,1,2,4,2,4,2,1,2,2,2,1,2,2,2,2,2,1,2,1,2,2,2,2,2,2,2,1,2,2,0,0,0
2008,45,63,1,450112,1,4,1,2,2,2,3,2,1,2,2,2,1,2,2,1,2,2,2,2,1,2,2,2,2,2,2,2,1,2,2,0,0,0
2008,45,79,1,450113,1,4,1,2,4,2,4,2,1,2,2,2,1,2,2,2,2,2,2,2,1,2,2,2,2,2,2,2,1,2,2,0,0,0
2008,45,75,1,450114,1,4,1,3,4,2,7,2,1,1,2,2,1,2,2,1,2,2,1,2,3,2,2,2,2,2,2,2,1,2,2,0,0,0
2008,45,53,1,450115,1,4,1,1,4,2,1,2,1,1,2,2,1,2,2,2,2,2,2,2,2,2,2,2,2,2,2,2,1,2,1,0,0,0
2008,45,89,2,450116,1,4,1,2,2,2,4,2,4,1,1,2,3,1,2,1,2,2,2,2,3,2,2,2,2,2,2,2,2,2,2,0,0,0
2008,45,31,1,450117,1,4,1,2,1,2,5,2,4,1,1,2,2,1,2,2,2,2,2,2,3,2,2,2,2,2,2,2,1,2,2,0,0,0
2008,45,75,1,450118,1,4,1,2,1,2,3,2,2,2,2,2,2,2,2,1,2,2,2,2,1,2,2,2,2,2,2,2,2,2,2,0,0,0
2008,45,3,1,450119,1,4,1,2,1,2,5,2,3,1,1,2,2,2,1,2,2,2,2,2,1,2,2,2,2,2,2,2,1,2,2,0,0,0
2008,45,41,1,450120,1,4,1,1,4,2,1,2,1,1,1,2,1,2,2,1,2,2,2,2,2,2,2,2,2,1,2,2,1,2,2,0,0,0
2008,45,85,1,450121,1,4,2,2,1,2,4,2,2,1,1,2,2,1,2,2,2,2,2,2,3,2,2,2,2,2,2,2,2,2,2,0,0,0
2008,45,19,1,450122,1,4,2,2,2,2,5,2,1,2,1,2,1,2,2,1,2,2,1,2,1,2,2,2,2,2,1,1,1,2,2,0,0,0
2008,45,21,1,450123,1,4,1,1,1,2,1,2,1,2,1,2,1,1,2,2,1,2,2,2,3,2,2,2,2,2,2,2,2,2,2,0,0,0
2008,45,41,1,450124,1,4,1,2,1,2,3,2,4,2,1,2,2,1,2,2,2,2,2,2,3,2,2,2,2,2,2,2,2,2,2,0,0,0
2008,45,71,1,450125,1,4,1,2,4,2,4,2,1,1,2,2,1,2,2,1,2,2,1,2,2,2,2,2,2,1,2,2,1,1,2,0,0,0
2008,45,5,2,450126,1,4,1,2,1,1,3,1,4,2,2,2,2,1,2,2,2,2,2,2,1,2,2,2,2,2,2,2,2,2,2,0,0,0
2008,45,51,1,450127,1,4,1,2,4,2,5,2,1,2,1,2,1,2,2,1,2,2,2,2,1,2,2,2,2,2,2,2,1,2,2,0,0,0
2008,45,19,1,450128,1,4,1,2,4,2,3,2,1,2,2,2,1,2,2,2,2,2,2,2,1,2,2,2,2,2,2,2,1,2,2,0,0,0
2008,45,91,1,450129,1,4,1,2,4,2,5,2,1,2,1,2,1,2,2,2,2,2,2,2,1,1,1,1,1,2,2,1,1,1,2,0,0,0
2008,45,63,1,450130,1,4,1,2,1,2,5,2,1,2,2,2,1,2,2,2,1,2,2,2,3,2,2,2,2,2,2,2,2,2,2,0,0,0
2008,45,25,1,450131,1,4,1,2,1,2,3,2,1,2,2,2,1,2,2,2,2,2,2,2,3,1,1,1,1,2,2,1,2,2,2,0,0,0
2008,45,15,1,450132,1,4,1,2,1,1,5,1,4,2,1,2,2,1,2,2,2,2,2,2,3,2,2,2,2,2,2,2,2,2,2,0,0,0
2008,45,3,1,450133,1,4,1,2,4,2,5,2,1,2,2,2,1,2,2,2,2,2,1,2,3,2,2,2,2,2,2,2,1,2,2,0,0,0
2008,45,75,1,450134,1,4,1,2,4,2,5,2,1,1,2,2,1,2,2,1,2,2,1,2,1,2,2,2,2,2,2,2,1,2,2,0,0,0
2008,45,13,1,450135,1,4,1,2,4,2,3,2,1,2,2,2,1,2,2,2,2,2,1,2,3,1,1,1,1,2,2,1,1,2,1,0,0,0
2008,45,35,1,450136,1,4,1,2,4,2,5,2,1,2,1,2,1,2,2,1,2,2,1,2,1,2,2,2,2,2,1,1,1,2,2,0,0,0
2008,45,63,1,450137,1,4,1,1,4,2,1,2,1,2,2,2,1,2,2,1,2,2,2,2,2,1,1,1,1,2,2,1,1,2,2,0,0,0
2008,45,77,1,450138,1,4,1,2,1,2,3,2,1,1,2,2,1,2,2,2,1,2,2,2,3,2,2,2,2,2,1,1,2,2,2,0,0,0
2008,45,63,1,450139,1,4,1,1,1,2,1,2,2,2,2,2,2,2,2,2,2,2,2,2,1,1,1,1,1,2,2,1,2,2,2,0,0,0
2008,45,45,1,450140,1,4,1,2,4,2,5,2,1,1,1,2,1,2,2,1,2,2,1,2,2,1,1,1,1,2,2,1,1,2,2,0,0,0
2008,45,27,1,450141,1,4,1,2,4,2,5,2,1,2,1,2,1,2,2,1,2,2,1,2,3,2,2,2,2,2,2,2,1,2,2,0,0,0
2008,45,63,1,450142,1,4,1,3,4,2,7,2,1,2,1,2,1,2,1,2,2,2,2,2,1,2,2,2,2,2,2,2,1,2,2,0,0,0
2008,45,29,1,450143,1,4,1,2,4,2,5,2,1,2,1,2,1,2,2,1,2,2,1,2,1,2,2,2,2,2,2,2,1,2,2,0,0,0
2008,45,19,1,450144,1,4,1,2,1,2,5,2,1,2,1,2,1,2,2,2,1,2,2,2,3,2,2,2,2,2,2,2,2,2,2,0,0,0
2008,45,63,3,450145,1,4,1,1,4,2,1,2,1,1,1,2,1,2,2,2,2,2,1,2,3,2,2,2,2,2,1,1,1,2,2,0,0,0
2008,45,15,2,450146,1,4,1,2,4,2,5,2,1,2,1,2,1,2,2,1,2,2,2,2,1,2,2,2,2,2,1,1,1,2,2,0,0,0
2008,45,35,1,450147,1,4,1,1,4,2,1,2,1,2,2,2,1,2,2,1,2,2,2,2,2,1,1,1,1,2,2,1,1,2,2,0,0,0
2008,45,75,1,450148,1,4,1,2,1,2,3,2,1,2,2,2,1,2,2,2,1,2,2,2,3,2,2,2,2,2,2,2,2,2,2,0,0,0
2008,45,75,1,450149,1,4,1,2,1,1,4,1,4,2,2,2,2,2,1,1,2,2,2,2,3,2,2,2,2,1,1,1,2,2,2,0,0,0
2008,45,31,1,450150,1,4,1,2,1,1,4,1,4,1,1,2,2,2,2,2,2,2,2,2,3,2,2,2,2,1,1,1,2,2,2,0,0,0
2008,45,19,1,450151,1,4,1,2,4,2,4,2,1,2,2,2,1,2,2,1,2,2,2,2,1,2,2,2,2,2,2,2,1,2,2,0,0,0
2008,45,43,1,450152,1,4,1,2,1,2,3,2,2,1,1,2,2,2,1,1,2,2,2,2,3,2,2,2,2,2,2,2,2,2,2,0,0,0
2008,45,7,1,450153,1,4,1,2,1,2,5,2,1,2,1,2,1,2,1,2,2,2,2,2,2,2,2,2,2,2,2,2,2,2,2,0,0,0
2008,45,83,1,450154,1,4,1,2,4,2,5,2,1,2,1,2,1,2,2,1,2,2,2,2,1,2,2,2,2,2,2,2,1,2,2,0,0,0
2008,45,15,1,450155,1,4,1,2,4,1,5,1,1,2,1,2,1,1,2,1,2,2,2,2,2,2,2,2,2,2,2,2,2,2,2,0,0,0
2008,45,67,1,450156,1,4,1,2,4,2,3,2,1,2,1,2,1,2,2,1,2,2,2,2,3,2,2,2,2,2,2,2,1,2,2,0,0,0
2008,45,41,1,450157,1,4,1,2,4,2,4,2,1,1,1,2,1,2,2,2,2,2,1,2,2,2,2,2,2,2,2,2,1,2,2,0,0,0
2008,45,43,1,450158,1,4,1,2,4,2,4,2,1,2,2,2,1,2,2,2,2,2,1,2,1,2,2,2,2,2,1,1,1,2,2,0,0,0
2008,45,79,1,450159,1,4,2,1,1,2,1,2,2,2,1,2,2,2,2,2,2,2,2,2,3,2,2,2,2,2,2,2,2,2,2,0,0,0
2008,45,91,1,450160,1,4,1,2,4,2,5,2,1,2,1,2,1,2,2,1,2,2,2,2,1,1,1,1,1,2,2,1,1,2,2,0,0,0
2008,45,67,1,450161,1,4,1,2,1,1,3,1,4,2,2,2,2,2,2,2,2,2,1,2,3,1,1,1,1,2,2,1,2,2,2,0,0,0
2008,45,45,2,450162,1,4,1,2,1,1,4,1,4,2,2,2,2,2,2,2,2,2,2,2,1,1,1,1,1,2,2,1,2,2,2,0,0,0
2008,45,83,1,450163,1,4,1,2,4,2,5,2,1,1,1,2,1,2,2,1,2,2,1,2,2,2,2,2,2,2,2,2,1,2,2,0,0,0
2008,45,25,1,450164,1,4,1,2,1,2,5,2,1,1,1,2,1,2,2,1,2,2,1,2,3,2,2,2,2,2,2,2,1,2,2,0,0,0
2008,45,19,1,450165,1,4,1,2,4,2,5,2,1,2,2,2,1,2,2,1,2,2,2,2,1,2,2,2,2,2,2,2,1,2,2,0,0,0
2008,45,5,1,450166,1,4,1,2,4,2,5,2,1,1,1,2,1,2,2,1,2,2,1,2,1,2,2,2,2,2,2,2,1,2,2,0,0,0
2008,45,3,1,450167,1,4,1,2,4,2,4,2,1,2,1,2,1,2,2,1,2,2,1,2,2,1,1,1,1,2,2,1,1,2,2,0,0,0
2008,45,45,1,450168,1,4,1,2,4,2,5,2,1,1,1,2,1,2,1,1,2,2,2,2,2,2,2,2,2,2,1,1,1,2,2,0,0,0
2008,45,59,1,450169,1,4,1,2,4,2,4,2,1,2,1,2,1,2,2,2,2,2,2,2,1,2,2,2,2,2,2,2,1,2,2,0,0,0
2008,45,31,1,450170,1,4,1,2,1,2,5,2,2,2,1,1,2,2,2,1,2,2,2,2,1,2,2,2,2,2,2,2,2,2,2,0,0,0
2008,45,69,1,450171,1,4,1,2,1,2,4,2,1,2,1,2,1,2,2,2,1,2,2,2,3,2,2,2,2,2,2,2,2,2,2,0,0,0
2008,45,23,2,450172,1,4,1,2,1,2,4,2,3,1,1,2,2,2,2,2,2,2,2,2,1,2,2,2,2,1,2,2,1,2,2,0,0,0
2008,45,15,2,450173,1,4,1,2,1,1,3,1,4,2,1,2,2,2,2,2,2,2,2,2,3,2,2,2,2,2,2,2,2,2,2,0,0,0
2008,45,33,1,450174,1,4,1,2,1,2,5,2,1,2,1,2,1,2,2,2,1,2,2,2,3,2,2,2,2,2,2,2,2,2,2,0,0,0
2008,45,53,1,450175,1,4,1,2,1,2,4,2,3,2,1,2,2,2,2,2,2,2,2,2,3,2,2,2,2,2,2,2,1,2,2,0,0,0
2008,45,59,1,450176,1,4,1,1,4,2,1,2,1,1,1,2,1,2,2,1,2,2,2,2,2,2,2,2,2,2,2,2,1,2,2,0,0,0
2008,45,75,1,450177,1,4,1,2,1,2,3,2,1,1,1,2,2,2,2,2,1,2,2,2,1,2,2,2,2,1,2,2,2,2,2,0,0,0
2008,45,71,1,450178,1,4,1,1,4,2,1,2,1,2,1,2,1,2,2,1,2,2,2,2,1,2,2,1,1,2,2,1,1,2,2,0,0,0
2008,45,15,1,450179,1,4,1,2,2,2,5,2,1,2,2,2,1,2,1,2,2,2,2,2,1,2,2,2,2,2,2,2,1,2,2,0,0,0
2008,45,79,1,450180,1,4,1,2,4,2,5,2,1,1,1,2,1,2,2,1,2,2,1,2,3,2,2,2,2,2,1,1,1,2,2,0,0,0
2008,45,63,1,450181,1,4,1,2,4,2,5,2,1,2,2,2,1,2,2,1,2,2,2,2,1,2,2,2,2,2,2,2,1,2,2,0,0,0
2008,45,79,1,450182,1,4,2,2,1,1,4,1,4,1,2,2,2,2,1,2,2,2,2,2,1,2,2,2,2,2,2,2,2,2,2,0,0,0
2008,45,75,1,450183,1,4,1,2,4,2,4,2,1,2,2,2,1,2,2,1,2,2,1,2,1,2,2,2,2,2,2,2,1,2,2,0,0,0
2008,45,29,1,450184,1,4,1,2,1,2,5,2,1,1,2,2,1,2,1,2,2,2,2,2,3,2,2,2,2,2,2,2,2,2,2,0,0,0
2008,45,79,1,450185,1,4,1,2,4,2,3,2,1,2,1,2,1,2,2,1,2,2,1,2,1,2,2,2,2,1,2,2,1,2,2,0,0,0
2008,45,91,1,450186,1,4,2,2,2,2,5,2,1,2,2,2,1,2,1,1,2,2,2,2,3,1,1,1,1,2,2,1,1,1,2,0,0,0
2008,45,3,1,450187,1,4,1,2,4,2,5,2,1,1,2,2,1,2,2,1,2,2,2,2,2,2,2,2,2,2,2,2,1,2,2,0,0,0
2008,45,91,1,450188,1,4,2,2,1,2,3,2,3,2,2,2,2,2,2,1,2,2,2,2,3,1,1,1,1,2,2,1,1,2,2,0,0,0
2008,45,19,1,450189,1,4,1,2,1,1,3,1,4,1,1,2,2,2,2,2,2,2,2,2,3,2,2,2,2,2,1,1,2,2,2,0,0,0
2008,45,89,1,450190,1,4,1,2,1,2,4,2,1,2,2,1,1,2,2,2,1,2,2,2,3,2,2,2,2,2,2,2,2,2,2,0,0,0
2008,45,55,1,450191,1,4,1,2,4,2,4,2,1,1,1,2,1,2,2,2,2,2,1,2,1,2,2,2,2,2,2,2,1,2,2,0,0,0
2008,45,85,1,450192,1,4,1,2,1,1,3,1,4,1,1,2,2,2,2,2,2,2,2,2,3,2,2,2,2,1,2,2,2,2,2,0,0,0
2008,45,63,1,450193,1,4,1,2,1,1,5,1,4,1,1,2,3,2,2,2,2,2,2,2,3,2,2,2,2,2,2,2,2,2,2,0,0,0
2008,45,51,1,450194,1,4,1,2,1,1,5,1,4,1,1,2,2,2,2,2,2,2,2,2,3,2,2,2,2,1,2,2,2,2,2,0,0,0
2008,45,15,1,450195,1,4,2,2,2,2,3,2,1,2,2,2,1,2,1,1,2,2,2,2,1,2,2,2,2,2,2,2,1,2,2,0,0,0
2008,45,79,1,450196,1,4,1,2,4,2,4,2,1,2,2,2,1,2,2,1,2,2,1,2,2,2,2,2,2,2,2,2,1,2,2,0,0,0
2008,45,19,1,450197,1,4,1,2,1,1,5,1,4,1,1,2,2,1,2,1,2,2,2,2,3,2,2,2,2,2,1,1,2,2,2,0,0,0
2008,45,51,1,450198,1,4,1,2,1,2,3,2,1,2,1,2,1,2,2,2,1,2,2,2,3,2,2,2,2,2,2,2,2,2,2,0,0,0
2008,45,83,1,450199,1,4,1,2,1,2,5,2,1,2,1,2,1,2,2,2,1,2,2,2,3,2,2,2,2,2,2,2,2,2,2,0,0,0
2008,45,53,1,450200,1,4,1,2,1,2,4,2,3,1,1,2,2,1,2,2,2,2,2,2,3,2,2,2,2,1,2,2,2,2,2,0,0,0
2008,45,51,2,450201,1,4,1,2,1,1,5,1,4,1,1,2,2,1,2,1,2,2,2,2,3,2,2,2,2,1,2,2,2,2,2,0,0,0
2008,45,41,1,450202,1,4,1,2,2,2,3,2,1,1,1,2,2,2,2,2,2,2,2,2,3,2,2,2,2,2,2,2,1,2,2,0,0,0
2008,45,73,1,450203,1,4,1,2,1,2,4,2,3,1,1,2,3,2,2,1,2,2,2,2,3,2,2,2,2,1,1,1,1,2,2,0,0,0
2008,45,7,1,450204,1,4,1,2,4,2,3,2,1,2,2,2,1,2,2,2,2,2,2,2,1,2,2,2,2,2,2,2,1,2,2,0,0,0
2008,45,55,1,450205,1,4,1,2,4,2,4,2,1,2,2,2,1,2,2,2,2,2,1,2,1,2,2,2,2,2,2,2,1,2,2,0,0,0
2008,45,59,1,450206,1,4,1,2,4,2,5,2,1,2,2,2,1,2,2,1,2,2,1,2,1,2,2,2,2,2,1,1,1,2,2,0,0,0
2008,45,69,1,450207,1,4,1,2,4,2,4,2,1,2,1,2,1,2,2,1,2,2,1,2,3,2,2,2,2,2,2,2,1,2,2,0,0,0
2008,45,27,1,450208,1,4,1,1,1,2,1,2,4,2,2,2,3,2,2,2,2,2,2,2,1,2,2,2,2,2,2,2,2,2,2,0,0,0
2008,45,45,1,450209,1,4,1,1,3,2,1,2,1,2,2,2,1,2,2,1,2,2,1,2,1,2,2,2,2,2,1,1,1,2,2,0,0,0
2008,45,63,1,450210,1,4,1,2,1,2,5,2,3,1,1,2,2,2,2,2,2,2,2,2,3,2,2,2,2,2,2,2,1,2,2,0,0,0
2008,45,91,1,450211,1,4,1,2,4,2,5,2,1,2,2,2,1,2,2,1,2,2,1,2,1,2,2,2,2,2,2,2,1,2,2,0,0,0
2008,45,39,1,450212,1,4,1,2,4,2,5,2,1,1,2,2,1,2,2,1,2,2,2,2,3,2,2,2,2,2,2,2,1,2,2,0,0,0
2008,45,87,1,450213,1,4,1,2,4,2,5,2,1,2,2,2,1,2,2,1,2,2,1,2,3,2,2,2,2,2,1,1,1,2,2,0,0,0
2008,45,51,1,450214,1,4,1,2,1,2,5,2,4,2,2,2,2,2,2,2,2,2,2,2,3,1,1,1,1,2,2,1,1,2,2,0,0,0
2008,45,41,1,450215,1,4,1,1,4,2,1,2,2,2,1,2,2,2,1,2,2,2,2,2,3,2,2,2,2,2,2,2,1,1,2,0,0,0
2008,45,41,1,450216,1,4,2,2,1,2,3,2,4,2,1,2,2,1,2,2,2,2,2,2,1,2,2,1,1,2,2,1,1,2,2,0,0,0
2008,45,73,1,450217,1,4,1,2,1,2,4,2,4,1,1,2,2,1,2,1,2,2,2,2,3,2,2,2,2,2,2,2,1,2,2,0,0,0
2008,45,41,2,450218,1,4,1,2,4,2,3,2,1,2,2,2,1,2,2,2,2,2,2,2,3,2,2,2,2,2,1,1,1,2,2,0,0,0
2008,45,11,1,450219,1,4,2,2,1,1,4,1,4,1,1,2,2,2,2,2,2,2,2,2,3,2,2,2,2,1,2,2,2,2,2,0,0,0
2008,45,31,1,450220,1,4,1,1,1,2,1,2,2,1,1,2,2,1,2,1,2,2,1,2,3,2,2,2,2,2,2,2,2,2,2,0,0,0
2008,45,63,1,450221,1,4,1,2,1,2,3,2,3,1,1,2,2,1,2,2,2,2,2,2,1,2,2,2,2,2,2,2,1,2,2,0,0,0
2008,45,19,1,450222,1,4,1,2,4,2,5,2,1,2,1,2,1,2,2,1,2,2,2,2,3,2,2,2,2,2,1,1,1,2,2,0,0,0
2008,45,19,1,450223,1,4,1,2,1,2,4,2,1,2,2,2,1,2,2,2,2,2,1,2,3,2,2,2,2,2,2,2,1,2,2,0,0,0
2008,45,19,1,450225,1,4,1,2,1,1,3,1,4,2,2,2,2,2,2,2,2,2,2,2,3,1,1,1,1,2,2,1,2,2,2,0,0,0
2008,45,81,1,450226,1,4,1,2,1,1,5,1,4,1,1,2,2,2,2,2,2,2,2,2,3,1,1,1,1,1,2,1,2,2,2,0,0,0
2008,45,35,1,450227,1,4,1,2,4,2,3,2,1,2,1,2,1,2,2,2,2,2,2,2,1,2,2,2,2,2,2,2,1,2,2,0,0,0
2008,45,7,1,450228,1,4,1,1,1,2,1,2,5,2,1,2,2,1,1,2,2,2,2,2,1,2,2,2,2,2,2,2,2,2,2,0,0,0
2008,45,35,2,450229,1,4,1,2,1,1,4,1,4,1,1,2,2,2,1,2,2,2,2,2,3,2,2,1,1,2,2,1,2,2,2,0,0,0
2008,45,57,1,450230,1,4,1,2,4,2,5,2,1,1,1,2,1,2,1,1,2,2,2,2,3,2,2,2,2,2,1,1,1,2,2,0,0,0
2008,45,23,1,450231,1,4,1,2,4,2,4,2,1,2,1,2,1,2,2,2,2,2,2,2,1,2,2,2,2,2,2,2,1,2,2,0,0,0
2008,45,41,1,450232,1,4,1,2,4,2,4,2,1,1,1,2,1,2,2,2,2,2,1,2,2,1,1,1,1,2,2,1,1,1,2,0,0,0
2008,45,21,2,450233,1,4,1,1,4,2,1,2,1,2,2,2,1,2,2,1,2,2,1,2,3,1,1,1,1,2,2,1,1,2,1,0,0,0
2008,45,13,1,450234,1,4,1,2,4,2,3,2,1,2,2,2,1,2,2,2,2,2,1,2,1,2,2,2,2,2,2,2,1,2,2,0,0,0
2008,45,41,1,450235,1,4,1,2,4,2,5,2,1,2,2,2,1,2,1,1,2,2,2,2,1,2,2,2,2,2,2,2,1,2,2,0,0,0
2008,45,23,1,450236,1,4,1,2,4,2,5,2,1,2,2,2,1,2,2,2,2,2,2,2,1,2,2,2,2,2,1,1,1,2,2,0,0,0
2008,45,25,1,450237,1,4,1,2,4,2,5,2,1,2,1,2,1,2,2,1,2,2,1,2,1,2,2,2,2,2,2,2,1,2,2,0,0,0
2008,45,11,1,450238,1,4,1,2,1,2,3,2,1,2,1,2,1,2,2,2,2,1,2,2,3,2,2,2,2,2,2,2,2,2,2,0,0,0
2008,45,31,1,450239,1,4,1,2,4,2,5,2,1,1,1,2,1,2,2,1,2,2,2,2,2,2,2,2,2,2,2,2,1,2,2,0,0,0
2008,45,69,1,450240,1,4,1,2,1,1,4,1,4,1,2,2,2,2,1,2,2,2,2,2,3,2,2,2,2,2,2,2,2,2,2,0,0,0
2008,45,83,1,450241,1,4,1,2,1,2,5,2,1,2,1,2,1,2,2,2,2,2,2,2,3,2,2,2,2,2,2,2,2,2,2,0,0,0
2008,45,45,1,450242,1,4,1,2,1,2,3,2,1,2,1,2,2,2,2,2,1,2,2,2,3,2,2,2,2,2,2,2,2,2,2,0,0,0
2008,45,63,1,450243,1,4,1,2,1,2,5,2,1,2,2,2,1,2,2,1,2,2,1,2,1,2,2,2,2,2,2,2,2,2,2,0,0,0
2008,45,27,1,450244,1,4,1,2,4,2,5,2,1,1,2,2,1,2,2,1,2,2,1,2,3,2,2,2,2,1,2,2,1,2,2,0,0,0
2008,45,85,1,450245,1,4,1,2,4,2,5,2,1,2,1,2,1,2,2,1,2,2,1,2,2,2,2,2,2,2,2,2,1,2,2,0,0,0
2008,45,63,1,450246,1,4,1,2,4,2,5,2,1,2,2,2,1,2,2,2,2,2,1,2,1,2,2,2,2,2,2,2,1,2,2,0,0,0
2008,45,61,3,450247,1,4,1,2,1,2,4,2,3,1,2,2,2,2,2,2,2,2,2,2,3,2,2,2,2,2,2,2,2,2,2,0,0,0
2008,45,63,1,450248,1,4,1,1,3,2,1,2,1,2,2,2,1,2,1,2,2,2,2,2,1,2,2,2,2,2,2,2,1,2,2,0,0,0
2008,45,15,2,450249,1,4,1,2,1,1,3,1,4,1,2,2,2,2,1,2,2,2,1,2,1,2,2,2,2,2,2,2,2,2,2,0,0,0
2008,45,15,1,450250,1,4,1,1,4,2,1,2,1,1,1,2,1,1,2,2,2,2,2,2,3,2,2,2,2,2,2,2,2,2,2,0,0,0
2008,45,45,1,450251,1,4,1,2,1,2,3,2,1,2,1,1,1,2,2,2,1,2,2,2,3,2,2,2,2,2,2,2,2,2,2,0,0,0
2008,45,83,1,450252,1,4,1,2,4,2,5,2,1,1,1,2,1,2,1,1,2,2,2,2,2,2,2,2,2,2,2,2,1,2,2,0,0,0
2008,45,73,2,450253,1,4,1,2,1,2,4,3,4,2,2,2,2,2,1,2,2,2,2,2,1,2,2,2,2,2,2,2,2,2,2,0,0,0
2008,45,29,1,450254,1,4,1,2,4,2,5,2,1,1,2,2,1,2,2,1,2,2,1,2,1,2,2,2,2,2,2,2,1,2,2,0,0,0
2008,45,15,1,450255,1,4,1,2,4,2,5,2,1,2,1,2,1,2,2,1,2,2,1,2,3,2,2,2,2,2,2,2,1,2,2,0,0,0
2008,45,23,1,450256,1,4,1,2,4,2,4,2,1,2,2,2,1,2,2,2,2,2,2,2,2,2,2,2,2,2,2,2,1,2,2,0,0,0
2008,45,87,1,450257,1,4,1,2,4,2,4,2,1,2,1,2,1,2,2,1,2,2,2,2,3,1,1,1,1,2,2,1,1,2,2,0,0,0
2008,45,91,1,450258,1,4,1,2,4,2,4,2,1,2,1,2,1,2,2,2,2,2,2,2,2,2,2,2,2,2,2,2,1,2,2,0,0,0
2008,45,21,1,450259,1,4,1,2,4,2,5,2,1,2,2,2,1,2,2,2,2,2,2,2,2,2,2,2,2,2,2,2,1,2,2,0,0,0
2008,45,59,1,450260,1,4,1,2,4,2,5,2,1,2,2,2,1,1,2,2,2,2,2,2,1,2,2,2,2,2,2,2,1,2,2,0,0,0
2008,45,63,1,450261,1,4,1,2,1,2,3,2,1,2,2,2,1,2,2,2,1,2,2,2,3,2,2,2,2,1,2,2,2,2,2,0,0,0
2008,45,83,1,450262,1,4,1,2,1,2,4,2,1,1,1,2,1,2,2,1,1,2,2,2,3,1,1,1,1,2,2,1,2,2,2,0,0,0
2008,45,45,1,450263,1,4,1,2,1,1,3,1,4,2,1,2,2,2,2,2,2,2,2,2,1,2,2,2,2,2,2,2,2,2,2,0,0,0
2008,45,83,1,450264,1,4,1,2,1,2,5,2,1,2,2,2,1,2,2,2,2,2,1,2,3,2,2,2,2,2,1,1,1,2,2,0,0,0
2008,45,29,1,450265,1,4,1,1,4,2,1,2,1,1,1,2,1,2,2,2,2,2,1,2,2,2,2,2,2,1,2,2,1,2,2,0,0,0
2008,45,19,1,450266,1,4,2,1,4,2,1,3,1,1,1,2,1,2,2,1,2,2,2,2,1,2,2,2,2,2,2,2,1,2,2,0,0,0
2008,45,51,1,450267,1,4,1,2,4,2,4,2,1,2,2,2,1,2,1,1,2,2,2,2,3,2,2,2,2,2,2,2,1,2,2,0,0,0
2008,45,31,1,450268,1,4,1,2,1,2,3,2,1,1,2,2,1,2,2,2,1,2,2,2,3,2,2,2,2,2,2,2,2,2,2,0,0,0
2008,45,31,1,450269,1,4,1,2,4,2,5,2,1,1,1,2,1,2,2,1,2,2,1,2,1,2,2,2,2,2,2,2,1,2,2,0,0,0
2008,45,85,1,450270,1,4,1,2,4,2,3,2,1,2,1,2,1,2,2,1,2,2,2,2,1,2,2,2,2,2,2,2,1,2,2,0,0,0
2008,45,45,1,450271,1,4,1,2,1,2,3,2,1,2,1,2,1,1,2,2,2,1,2,2,3,2,2,2,2,2,2,2,2,2,2,0,0,0
2008,45,79,1,450272,1,4,2,1,1,2,1,2,2,2,1,2,2,1,2,2,2,2,2,2,3,2,2,2,2,2,2,2,2,2,2,0,0,0
2008,45,75,1,450273,1,4,1,2,4,2,5,2,1,1,1,2,1,2,2,1,2,2,2,2,3,1,1,1,1,2,2,1,1,2,1,0,0,0
2008,45,3,1,450274,1,4,1,2,1,2,4,2,5,1,1,2,2,1,2,2,2,2,2,2,3,2,2,2,2,2,2,2,1,2,2,0,0,0
2008,45,15,1,450275,1,4,1,2,1,2,5,2,1,2,2,2,1,2,2,2,1,2,2,2,3,2,2,2,2,2,2,2,2,2,2,0,0,0
2008,45,51,1,450276,1,4,1,2,4,2,5,2,1,1,1,2,1,2,2,1,2,2,1,2,1,2,2,2,2,2,2,2,1,2,2,0,0,0
2008,45,83,1,450277,1,4,1,2,4,2,5,2,1,2,1,2,1,2,2,1,2,2,1,2,2,2,2,2,2,2,2,2,1,2,2,0,0,0
2008,45,75,1,450278,1,4,1,2,4,2,5,2,1,1,1,2,1,2,2,1,2,2,2,2,2,2,2,2,2,2,2,2,1,2,2,0,0,0
2008,45,85,1,450279,1,4,1,2,1,2,3,2,1,1,1,2,1,2,2,2,1,2,2,2,3,2,2,2,2,2,2,2,2,2,2,0,0,0
2008,45,41,1,450280,1,4,1,2,1,1,3,1,4,1,1,2,2,2,2,2,2,2,2,2,3,2,2,2,2,1,2,2,2,2,2,0,0,0
2008,45,89,1,450281,1,4,1,2,1,2,3,2,3,1,1,2,2,1,2,1,2,2,2,2,3,2,2,2,2,2,2,2,1,2,2,0,0,0
2008,45,83,1,450282,1,4,1,2,4,2,5,2,1,1,1,2,1,2,1,1,2,2,2,2,1,1,1,1,1,2,2,1,1,2,2,0,0,0
2008,45,53,1,450283,1,4,1,1,4,2,1,2,1,2,1,2,1,1,2,2,2,2,2,2,3,2,2,2,2,2,2,2,1,2,2,0,0,0
2008,45,77,1,450284,1,4,1,2,1,1,4,1,4,2,1,2,2,2,1,2,2,2,2,2,3,2,2,2,2,2,2,2,2,2,2,0,0,0
2008,45,29,1,450285,1,4,1,2,1,2,4,2,1,2,1,2,1,2,2,2,1,2,2,2,3,2,2,2,2,2,2,2,2,2,2,0,0,0
2008,45,57,1,450286,1,4,1,2,1,1,4,1,4,1,2,2,2,2,2,2,2,2,2,2,3,2,2,2,2,1,2,2,2,2,2,0,0,0
2008,45,59,1,450287,1,4,1,2,4,2,5,2,1,1,1,2,1,2,2,1,2,2,1,2,3,1,1,1,1,2,2,1,1,2,2,0,0,0
2008,45,45,1,450288,1,4,1,2,4,2,5,2,1,2,1,2,1,2,2,1,2,2,2,2,1,2,2,2,2,2,1,1,1,2,2,0,0,0
2008,45,67,1,450289,1,4,1,2,1,1,4,1,4,1,1,2,2,1,2,2,2,2,2,2,3,1,1,1,1,2,2,1,2,2,2,0,0,0
2008,45,51,1,450290,1,4,1,2,1,1,3,1,4,2,2,2,2,2,1,2,2,2,2,2,1,2,2,2,2,2,2,2,2,2,2,0,0,0
2008,45,7,1,450291,1,4,1,1,4,2,1,2,1,1,2,2,1,2,2,1,2,2,2,2,3,2,2,2,2,2,2,2,1,2,2,0,0,0
2008,45,67,1,450292,1,4,1,2,4,2,5,2,1,2,2,2,1,2,2,1,2,2,2,2,3,2,2,2,2,2,1,1,1,2,2,0,0,0
2008,45,33,1,450293,1,4,1,2,6,2,5,2,1,1,2,1,1,2,2,2,1,2,2,2,3,2,2,2,2,2,2,2,2,2,2,0,0,0
2008,45,83,1,450294,1,4,1,2,4,2,5,2,1,1,2,2,1,2,2,1,2,2,2,2,1,2,2,2,2,2,2,2,1,2,2,0,0,0
2008,45,51,1,450295,1,4,1,2,1,2,3,2,1,2,2,2,3,2,1,1,2,2,2,2,1,2,2,2,2,2,2,2,2,2,2,0,0,0
2008,45,45,2,450296,1,4,2,2,1,1,4,1,4,2,2,2,2,2,2,2,2,2,2,2,3,2,2,2,2,2,2,2,2,2,2,0,0,0
2008,45,15,1,450297,1,4,1,2,1,2,3,2,5,1,1,2,3,2,2,2,2,2,2,2,3,2,2,2,2,2,2,2,1,2,2,0,0,0
2008,45,41,1,450298,1,4,1,1,2,2,1,2,2,2,1,2,2,2,2,2,2,2,2,2,3,2,2,2,2,2,2,2,1,2,1,0,0,0
2008,45,67,2,450299,1,4,1,2,4,2,5,2,1,1,1,2,1,2,2,1,2,2,2,2,2,2,2,2,2,2,2,2,1,2,2,0,0,0
2008,45,33,1,450300,1,4,1,2,3,2,4,2,1,2,1,2,1,2,1,1,2,2,2,2,2,2,2,2,2,2,2,2,1,2,2,0,0,0
2008,45,15,1,450301,1,4,1,2,4,2,5,2,1,1,1,2,1,2,2,1,2,2,1,2,2,1,1,1,1,2,2,1,1,2,2,0,0,0
2008,45,51,2,450302,1,4,1,2,4,2,5,2,1,2,1,2,1,2,2,2,2,2,2,2,3,2,2,2,2,2,2,2,1,2,2,0,0,0
2008,45,51,1,450303,1,4,1,2,4,2,4,2,1,2,2,2,1,2,2,1,2,2,1,2,1,2,2,2,2,2,1,1,1,2,2,0,0,0
2008,45,19,1,450304,1,4,1,2,1,2,5,2,1,2,2,2,1,2,2,2,1,2,2,2,3,2,2,2,2,2,1,1,2,2,2,0,0,0
2008,45,51,1,450305,1,4,1,2,3,2,5,2,1,1,2,2,1,2,1,1,2,2,2,2,1,2,2,2,2,2,2,2,1,2,2,0,0,0
2008,45,73,1,450306,1,4,1,2,4,2,4,2,1,2,2,2,1,2,2,1,2,2,1,2,1,2,2,2,2,2,2,2,1,2,2,0,0,0
2008,45,3,1,450307,1,4,1,2,4,2,5,2,1,1,2,2,1,2,2,2,2,2,2,2,1,2,2,2,2,2,2,2,1,2,2,0,0,0
2008,45,75,1,450308,1,4,1,2,4,2,5,2,1,2,2,2,1,2,2,1,2,2,1,2,1,2,2,2,2,2,2,2,1,2,2,0,0,0
2008,45,77,1,450309,1,4,1,2,4,2,5,2,1,2,2,2,1,2,2,1,2,2,2,2,1,2,2,2,2,2,1,1,1,2,2,0,0,0
2008,45,77,1,450310,1,4,1,2,1,2,4,2,1,2,1,2,1,2,2,2,1,2,2,2,3,2,2,2,2,1,2,2,2,2,2,0,0,0
2008,45,3,1,450311,1,4,1,2,4,2,3,2,1,1,1,2,1,2,2,1,2,2,1,2,2,2,2,2,2,2,2,2,1,1,2,0,0,0
2008,45,51,1,450312,1,4,1,2,3,2,5,2,1,2,1,2,1,2,1,1,2,2,2,2,2,2,2,2,2,2,2,2,1,2,2,0,0,0
2008,45,21,2,450313,1,4,1,2,4,2,5,2,1,2,2,2,1,2,2,1,2,2,1,2,1,2,2,2,2,2,2,2,1,2,2,0,0,0
2008,45,57,3,450314,1,4,1,2,4,2,4,2,1,2,1,2,1,2,2,2,2,2,2,2,3,2,2,2,2,2,2,2,1,2,1,0,0,0
2008,45,19,2,450315,1,4,1,1,1,2,1,2,4,1,1,2,2,1,2,2,2,2,1,2,3,1,2,1,2,2,2,2,2,2,2,0,0,0
2008,45,43,1,450316,1,4,1,2,4,2,3,2,1,2,1,2,1,2,2,2,2,2,1,2,1,2,2,2,2,2,2,2,1,2,2,0,0,0
2008,45,13,1,450317,1,4,1,2,4,2,5,2,1,1,1,2,1,2,2,2,2,2,2,2,1,2,2,2,2,1,2,2,1,2,2,0,0,0
2008,45,51,1,450318,1,4,1,2,4,2,5,2,1,1,1,2,1,2,2,1,2,2,1,2,1,2,2,2,2,2,2,2,1,2,2,0,0,0
2008,45,19,2,450319,1,4,2,1,4,2,1,2,1,1,1,2,1,2,2,2,2,2,2,2,3,2,2,2,2,2,2,2,1,2,2,0,0,0
2008,45,27,1,450320,1,4,1,2,4,2,3,2,1,1,1,2,1,2,2,1,2,2,1,2,3,2,2,2,2,2,2,2,1,2,2,0,0,0
2008,45,85,1,450321,1,4,1,2,4,2,5,2,1,2,2,2,1,2,2,2,2,2,1,2,1,2,2,2,2,2,2,2,1,2,2,0,0,0
2008,45,85,1,450322,1,4,1,2,4,2,3,2,1,1,1,2,1,2,2,2,2,2,2,2,2,2,2,2,2,2,2,2,1,2,2,0,0,0
2008,45,55,1,450323,1,4,1,2,4,2,4,2,1,2,2,2,1,2,2,1,2,2,1,2,3,1,1,1,1,2,2,1,1,2,2,0,0,0
2008,45,11,1,450324,1,4,1,2,2,2,5,2,1,2,1,2,1,2,2,2,2,2,1,2,1,2,2,2,2,2,2,2,1,2,2,0,0,0
2008,45,41,1,450325,1,4,1,2,4,2,4,2,1,2,2,2,1,2,2,2,2,2,1,2,1,2,2,2,2,2,1,1,1,2,2,0,0,0
2008,45,81,1,450326,1,4,1,2,4,2,5,2,1,1,2,2,1,2,2,2,2,2,1,2,1,2,2,2,2,2,2,2,1,2,2,0,0,0
2008,45,79,1,450327,1,4,2,2,4,2,5,2,1,2,2,2,1,2,2,1,2,2,2,2,1,2,2,2,2,2,2,2,1,2,2,0,0,0
2008,45,79,1,450328,1,4,1,2,1,2,4,2,1,2,2,2,1,2,2,2,2,1,2,2,3,2,2,2,2,2,1,1,2,2,2,0,0,0
2008,45,75,1,450329,1,4,1,2,4,2,5,2,1,1,1,2,1,2,2,2,2,2,1,2,3,2,2,2,2,2,2,2,1,2,2,0,0,0
2008,45,79,1,450330,1,4,1,2,1,1,3,1,4,2,1,2,2,2,1,2,2,2,2,2,3,2,2,2,2,2,2,2,2,2,2,0,0,0
2008,45,47,1,450331,1,4,1,2,1,2,5,2,1,2,1,2,1,2,2,2,1,2,2,2,3,2,2,2,2,2,1,1,2,2,2,0,0,0
2008,45,41,1,450332,1,4,1,2,1,2,5,2,3,1,2,2,2,2,2,2,2,2,1,2,3,2,2,2,2,2,1,1,1,2,1,0,0,0
2008,45,25,1,450333,1,4,1,2,1,2,5,2,3,2,1,2,2,2,1,1,2,2,2,2,1,2,2,2,2,2,2,2,1,2,2,0,0,0
2008,45,91,1,450334,1,4,2,1,4,2,1,2,1,1,2,2,1,2,1,2,2,2,2,2,1,2,2,2,2,2,2,2,1,2,2,0,0,0
2008,45,63,1,450335,1,4,2,2,1,1,3,1,4,1,1,2,2,2,1,1,2,2,2,2,3,1,1,1,1,2,2,1,2,2,2,0,0,0
2008,45,61,1,450336,1,4,1,2,4,2,5,2,1,1,1,2,1,2,2,1,2,2,1,2,3,2,2,2,2,2,2,2,1,2,2,0,0,0
2008,45,45,1,450337,1,4,1,2,4,2,5,2,1,2,2,2,1,2,1,2,2,2,2,2,1,2,2,2,2,2,2,2,1,2,2,0,0,0
2008,45,3,1,450338,1,4,1,2,4,2,4,2,1,2,1,2,1,2,2,2,2,2,2,2,2,2,2,2,2,2,2,2,1,2,2,0,0,0
2008,45,79,1,450339,1,4,1,2,1,2,3,2,2,2,1,2,2,2,2,1,2,2,2,2,3,2,2,2,2,2,2,2,2,2,2,0,0,0
2008,45,85,1,450340,1,4,1,2,1,1,4,1,4,2,1,2,2,2,2,2,2,2,2,2,3,2,2,2,2,2,2,2,2,2,2,0,0,0
2008,45,19,1,450341,1,4,2,2,1,2,3,2,1,2,2,2,1,2,2,2,2,1,2,2,3,2,2,2,2,2,2,2,2,2,2,0,0,0
2008,45,51,1,450342,1,4,1,2,1,2,4,2,3,1,1,2,2,2,2,2,2,2,1,2,3,2,2,2,2,2,2,2,1,2,2,0,0,0
2008,45,35,1,450343,1,4,1,1,2,2,1,2,1,1,1,2,1,1,2,1,1,2,2,2,3,2,2,2,2,2,2,2,1,2,2,0,0,0
2008,45,43,1,450344,1,4,1,2,4,2,5,2,1,2,2,2,1,2,2,1,2,2,1,2,1,1,1,1,1,2,2,1,1,2,2,0,0,0
2008,45,33,1,450345,1,4,1,2,4,2,5,2,1,2,2,2,1,2,1,1,2,2,2,2,2,2,2,2,2,2,2,2,1,2,2,0,0,0
2008,45,83,1,450346,1,4,1,2,4,2,4,2,1,2,2,2,1,2,2,1,2,2,1,2,1,2,2,1,1,2,2,1,1,2,2,0,0,0
2008,45,13,1,450347,1,4,1,2,4,2,4,2,1,2,2,2,1,2,2,2,2,2,2,2,1,2,2,2,2,2,2,2,1,2,2,0,0,0
2008,45,83,1,450348,1,4,1,1,4,2,1,2,1,1,1,2,1,2,2,1,2,2,1,2,2,2,2,2,2,2,2,2,1,2,1,0,0,0
2008,45,19,1,450349,1,4,1,2,1,2,4,2,3,2,1,2,2,2,2,2,2,2,2,2,1,2,2,2,2,2,2,2,1,2,2,0,0,0
2008,45,7,1,450350,1,4,1,2,1,2,3,2,1,2,1,1,1,2,2,1,1,2,2,2,3,2,2,2,2,2,1,1,2,2,2,0,0,0
2008,45,57,2,450351,1,4,1,2,1,2,5,2,5,1,1,2,3,2,2,1,2,2,2,2,3,1,1,1,1,2,2,1,1,2,2,0,0,0
2008,45,19,1,450352,1,4,1,2,4,2,4,2,1,2,1,2,1,2,2,2,2,2,1,2,2,2,2,2,2,2,2,2,1,2,2,0,0,0
2008,45,85,1,450353,1,4,1,2,1,1,3,1,1,2,2,2,1,2,2,2,1,2,2,2,3,2,2,2,2,2,2,2,2,2,2,0,0,0
2008,45,39,1,450354,1,4,1,2,4,2,5,2,1,2,2,2,1,2,2,2,2,2,2,2,1,2,2,2,2,2,1,1,1,2,2,0,0,0
2008,45,7,1,450355,1,4,1,2,4,2,4,2,1,1,1,2,1,2,2,1,2,2,2,2,3,2,2,2,2,2,2,2,1,2,2,0,0,0
2008,45,25,1,450356,1,4,1,2,1,1,4,1,4,1,1,2,2,2,2,2,2,2,2,2,3,2,2,2,2,1,2,2,2,2,2,0,0,0
2008,45,83,1,450357,1,4,1,2,4,2,4,2,1,2,2,2,1,2,2,2,2,2,2,2,2,2,2,2,2,2,1,1,1,2,2,0,0,0
2008,45,35,1,450358,1,4,2,2,4,2,4,2,1,2,2,2,1,2,2,1,2,2,2,2,3,2,2,2,2,2,2,2,1,2,2,0,0,0
2008,45,63,1,450359,1,4,1,2,1,2,5,2,5,2,2,2,3,2,2,2,2,2,2,2,1,2,2,2,2,2,2,2,1,2,2,0,0,0
2008,45,7,1,450360,1,4,1,1,4,2,1,2,1,1,1,2,1,2,2,1,2,2,1,2,3,1,1,1,1,2,2,1,1,2,2,0,0,0
2008,45,7,1,450361,1,4,1,2,4,2,5,2,1,2,2,2,1,2,2,2,2,2,2,2,1,2,2,2,2,2,2,2,1,2,2,0,0,0
2008,45,23,1,450362,1,4,1,1,3,2,1,2,1,1,1,2,1,2,2,2,2,2,2,2,2,2,2,2,2,2,2,2,1,1,2,0,0,0
2008,45,15,1,450363,1,4,1,2,1,1,5,1,4,1,1,2,2,1,2,2,2,2,2,2,3,2,2,2,2,2,2,2,2,2,2,0,0,0
2008,45,41,1,450364,1,4,1,2,4,2,5,2,1,1,1,2,1,2,2,1,2,2,1,2,1,2,2,2,2,1,2,2,1,2,2,0,0,0
2008,45,29,1,450365,1,4,1,2,1,2,4,2,2,1,1,2,2,1,2,1,2,2,2,2,3,2,2,2,2,1,2,2,2,2,2,0,0,0
2008,45,63,1,450366,1,4,1,2,4,2,3,2,1,1,2,2,1,2,2,1,2,2,1,2,1,2,2,2,2,2,2,2,1,2,2,0,0,0
2008,45,69,1,450367,1,4,1,2,4,2,3,2,1,2,2,2,1,2,2,1,2,2,1,2,1,2,2,2,2,2,1,1,1,2,2,0,0,0
2008,45,77,1,450368,1,4,1,2,1,2,4,2,1,1,1,2,2,2,1,2,2,2,2,2,3,2,2,2,2,1,2,2,1,2,2,0,0,0
2008,45,91,1,450369,1,4,1,2,4,2,5,2,1,2,1,2,1,2,1,2,2,2,2,2,3,2,2,2,2,2,2,2,1,2,2,0,0,0
2008,45,11,2,450370,1,4,1,2,1,2,4,2,3,2,1,2,2,2,2,2,2,2,2,2,2,2,2,2,2,2,1,1,1,1,2,0,0,0
2008,45,41,1,450371,1,4,1,2,4,2,5,2,1,2,1,2,1,2,1,2,2,2,2,2,3,2,2,2,2,2,2,2,1,2,2,0,0,0
2008,45,45,1,450372,1,4,1,2,4,2,4,2,1,2,1,2,1,2,1,1,2,2,2,2,1,2,2,2,2,2,2,2,1,2,2,0,0,0
2008,45,51,1,450373,1,4,1,2,4,2,5,2,1,2,1,2,1,2,1,1,2,2,2,2,1,2,2,2,2,2,1,1,1,2,2,0,0,0
2008,45,57,1,450374,1,4,1,2,4,2,5,2,1,2,2,2,1,2,2,2,2,2,1,2,1,2,2,2,2,2,2,2,1,2,2,0,0,0
2008,45,45,2,450375,1,4,1,2,1,1,3,1,4,2,1,2,2,1,2,2,2,2,2,1,1,2,2,2,2,2,1,1,2,2,2,0,0,0
2008,45,79,1,450376,1,4,1,1,1,2,1,2,1,2,1,2,1,2,2,2,1,2,2,2,3,2,2,2,2,2,2,2,2,2,2,0,0,0
2008,45,35,1,450377,1,4,1,2,1,2,5,2,4,2,2,2,2,2,2,2,2,2,1,2,1,1,1,1,1,2,1,1,2,2,2,0,0,0
2008,45,63,2,450378,1,4,1,2,4,2,5,2,1,2,2,2,1,2,2,1,2,2,1,2,1,2,2,2,2,2,2,2,1,2,2,0,0,0
2008,45,59,1,450379,1,4,1,2,4,2,5,2,1,2,1,2,1,2,2,2,2,2,2,2,1,2,2,2,2,2,2,2,1,2,2,0,0,0
2008,45,13,1,450380,1,4,1,2,1,2,5,2,1,2,2,2,1,2,2,2,2,1,2,2,3,2,2,2,2,2,2,2,2,2,2,0,0,0
2008,45,87,1,450381,1,4,1,2,4,2,5,2,1,2,1,2,1,2,2,1,2,2,1,2,3,2,2,2,2,2,2,2,1,2,2,0,0,0
2008,45,41,1,450382,1,4,1,1,4,2,1,2,1,2,1,2,1,2,2,2,2,2,2,2,3,2,2,2,2,2,2,2,1,2,2,0,0,0
2008,45,63,1,450383,1,4,1,2,4,2,5,2,1,1,1,2,1,2,2,2,2,2,2,2,1,2,2,2,2,2,2,2,1,2,2,0,0,0
2008,45,55,2,450384,1,4,1,2,4,2,5,2,1,2,2,2,1,2,2,2,2,2,1,2,2,2,2,2,2,2,2,2,1,2,2,0,0,0
2008,45,55,1,450385,1,4,1,2,1,2,5,2,4,1,1,2,2,2,2,2,2,2,2,2,3,2,2,2,2,2,2,2,2,2,2,0,0,0
2008,45,47,1,450386,1,4,1,2,1,2,4,2,2,1,2,2,2,2,1,1,2,2,2,2,3,2,2,1,1,2,2,1,2,2,2,0,0,0
2008,45,45,1,450387,1,4,1,2,1,1,4,1,4,1,1,2,2,2,2,2,2,2,2,2,3,2,2,2,2,2,2,2,2,2,2,0,0,0
2008,45,51,1,450388,1,4,1,2,1,2,3,2,1,2,1,2,1,2,2,2,1,2,2,2,3,2,2,2,2,2,2,2,2,2,2,0,0,0
2008,45,83,1,450389,1,4,1,2,4,2,5,2,1,2,2,2,1,2,1,2,2,2,2,2,1,2,2,2,2,2,2,2,1,2,2,0,0,0
2008,45,73,1,450390,1,4,1,2,1,2,3,2,3,1,1,2,2,2,2,2,2,2,2,2,3,2,2,2,2,2,2,2,1,2,2,0,0,0
2008,45,45,1,450391,1,4,1,2,1,2,5,2,1,2,1,2,1,2,2,2,1,2,2,2,3,2,2,2,2,2,2,2,2,2,2,0,0,0
2008,45,83,1,450392,1,4,1,2,4,2,5,2,1,2,1,2,1,2,2,2,2,2,2,2,3,1,1,1,1,2,2,1,1,2,2,0,0,0
2008,45,45,1,450393,1,4,1,2,4,2,5,2,1,2,1,2,1,2,1,1,2,2,2,2,1,2,2,2,2,2,2,2,1,1,2,0,0,0
2008,45,45,1,450394,1,4,1,2,1,2,3,2,1,2,2,1,1,2,2,2,1,2,2,2,3,2,2,2,2,2,2,2,2,2,2,0,0,0
2008,45,29,1,450395,1,4,1,2,1,2,5,2,4,1,2,2,2,2,2,1,2,2,2,2,3,1,1,1,1,2,2,1,1,1,2,0,0,0
2008,45,73,1,450396,1,4,1,2,1,2,5,2,3,1,1,2,2,2,2,2,2,2,2,2,1,2,2,2,2,2,2,2,1,2,2,0,0,0
2008,45,75,1,450397,1,4,1,1,4,2,1,2,1,1,1,2,1,2,2,1,2,2,2,2,3,2,2,2,2,2,2,2,1,2,2,0,0,0
2008,45,75,1,450398,1,4,1,2,2,2,4,2,1,2,2,2,1,2,1,1,2,2,2,2,3,2,2,2,2,2,2,2,1,2,2,0,0,0
2008,45,35,1,450399,1,4,1,2,4,2,5,2,1,1,2,2,1,2,1,2,2,2,2,2,3,2,2,2,2,1,2,2,1,1,2,0,0,0
2008,45,21,1,450400,1,4,1,2,4,2,5,2,1,2,1,2,1,2,1,1,2,2,2,2,2,2,2,2,2,2,1,1,1,2,2,0,0,0
2008,45,23,1,450401,1,4,1,2,1,1,3,1,4,1,1,2,2,2,1,2,2,2,2,2,3,2,2,2,2,2,2,2,2,1,2,0,0,0
2008,45,15,1,450402,1,4,1,2,1,1,3,1,4,1,1,2,2,1,2,2,2,2,2,2,3,2,2,2,2,2,2,2,2,2,2,0,0,0
2008,45,17,1,450403,1,4,1,2,4,2,5,2,1,2,1,2,1,2,2,1,2,2,1,2,3,2,2,2,2,2,2,2,1,2,2,0,0,0
2008,45,19,1,450404,1,4,1,2,1,2,3,2,1,2,2,2,3,2,1,1,2,2,2,2,1,2,2,1,1,2,1,1,2,2,2,0,0,0
2008,45,37,1,450405,1,4,1,2,1,2,3,2,3,1,1,2,2,1,2,2,2,2,2,2,3,2,2,2,2,1,2,2,1,2,2,0,0,0
2008,45,53,1,450406,1,4,1,2,4,2,5,2,1,2,2,2,1,2,1,2,2,2,2,2,1,2,2,2,2,2,2,2,1,2,2,0,0,0
2008,45,75,1,450407,1,4,1,2,4,2,4,2,1,2,2,2,1,2,2,1,2,2,2,2,1,2,2,2,2,2,2,2,1,2,2,0,0,0
2008,45,45,1,450408,1,4,1,2,1,2,4,2,1,2,1,2,1,2,2,2,1,2,2,2,3,2,2,2,2,2,1,1,2,2,2,0,0,0
2008,45,13,1,450410,1,4,1,2,2,2,4,2,1,2,2,2,1,2,1,2,2,2,2,2,1,2,2,2,2,2,1,1,1,2,2,0,0,0
2008,45,7,1,450411,1,4,1,2,1,1,4,1,4,1,2,2,2,2,2,2,2,2,2,2,3,2,2,2,2,1,2,2,2,2,2,0,0,0
2008,45,91,1,450412,1,4,1,2,1,2,3,2,5,2,1,2,3,2,2,2,2,2,2,2,3,1,1,1,1,2,2,1,1,2,2,0,0,0
2008,45,19,1,450413,1,4,1,2,4,2,5,2,1,2,1,2,1,2,2,1,2,2,2,2,3,2,2,2,2,2,2,2,1,2,2,0,0,0
2008,45,79,1,450414,1,4,1,2,1,1,3,1,3,1,1,2,2,2,1,2,2,2,2,2,3,1,1,1,1,2,2,1,2,2,2,0,0,0
2008,45,63,1,450415,1,4,1,2,1,2,5,2,1,2,1,2,1,2,2,2,1,2,2,2,3,2,2,2,2,2,1,1,2,2,2,0,0,0
2008,45,25,1,450416,1,4,1,2,1,2,4,2,4,1,1,2,2,1,2,2,2,2,2,2,1,2,2,2,2,2,1,1,1,2,2,0,0,0
2008,45,85,1,450417,1,4,1,2,1,1,3,1,4,1,2,2,2,2,2,2,2,2,2,2,3,2,2,2,2,2,2,2,2,2,2,0,0,0
2008,45,55,1,450418,1,4,1,2,4,2,5,2,1,2,2,2,1,2,2,1,2,2,1,2,1,2,2,2,2,2,2,2,1,2,2,0,0,0
2008,45,63,1,450419,1,4,1,2,4,2,5,2,1,1,1,2,1,2,2,2,2,2,1,2,1,2,2,2,2,2,2,2,1,2,2,0,0,0
2008,45,51,1,450420,1,4,1,2,1,1,3,1,5,1,1,2,3,1,2,2,2,2,2,2,3,2,2,2,2,2,2,2,2,2,2,0,0,0
2008,45,73,1,450421,1,4,1,2,4,2,5,2,1,1,1,2,1,2,2,2,2,2,2,2,2,2,2,2,2,1,2,2,1,2,2,0,0,0
2008,45,45,1,450422,1,4,1,2,1,1,5,1,4,1,2,2,2,2,2,2,2,2,2,2,3,2,2,2,2,1,2,2,2,2,2,0,0,0
2008,45,45,1,450423,1,4,1,2,1,1,4,1,4,1,1,2,2,1,1,1,2,2,2,2,3,2,2,2,2,2,2,2,2,2,2,0,0,0
2008,45,41,1,450424,1,4,1,1,4,2,1,2,1,2,2,2,1,2,2,2,2,2,2,2,2,2,2,2,2,2,2,2,1,2,2,0,0,0
2008,45,43,1,450425,1,4,1,2,4,2,3,2,1,2,2,2,1,2,2,1,2,2,2,2,1,2,2,2,2,2,1,1,1,2,2,0,0,0
2008,45,41,1,450426,1,4,1,2,4,2,4,2,1,1,1,2,1,2,2,2,2,2,2,2,3,2,2,2,2,2,1,1,1,2,2,0,0,0
2008,45,59,1,450427,1,4,1,1,1,2,1,2,1,2,1,2,1,1,2,2,1,2,2,2,1,2,2,2,2,2,2,2,2,2,2,0,0,0
2008,45,53,1,450428,1,4,1,2,4,2,3,2,1,2,1,2,1,2,2,1,2,2,2,2,1,2,2,2,2,2,2,2,1,2,2,0,0,0
2008,45,79,1,450429,1,4,1,2,4,2,4,2,1,2,1,2,1,2,1,1,2,2,2,2,3,2,2,2,2,2,2,2,1,2,2,0,0,0
2008,45,43,1,450430,1,4,1,2,1,1,5,1,4,1,1,2,2,2,1,2,2,2,2,2,3,2,2,2,2,2,2,2,2,2,2,0,0,0
2008,45,67,1,450431,1,4,1,2,4,2,3,2,1,1,1,2,1,2,2,1,2,2,2,2,1,2,2,2,2,2,2,2,1,2,2,0,0,0
2008,45,7,1,450432,1,4,1,2,4,2,5,2,1,1,1,2,1,2,2,1,2,2,2,2,3,2,2,2,2,2,1,1,1,2,2,0,0,0
2008,45,3,1,450433,1,4,1,2,4,2,3,2,1,1,2,2,1,2,2,2,2,2,2,2,2,2,2,2,2,1,2,2,1,2,2,0,0,0
2008,45,75,1,450434,1,4,1,2,4,2,5,2,1,2,2,2,1,2,1,2,2,2,2,2,1,2,2,2,2,2,2,2,1,2,2,0,0,0
2008,45,7,1,450435,1,4,1,2,4,2,5,2,1,2,2,2,1,2,1,1,2,2,2,2,1,2,2,2,2,2,2,2,1,2,2,0,0,0
2008,45,3,1,450436,1,4,1,2,4,2,5,2,1,2,2,2,1,2,2,2,2,2,2,2,1,2,2,2,2,2,1,1,1,2,2,0,0,0
2008,45,53,2,450437,1,4,1,2,2,2,4,2,1,2,2,2,1,2,2,2,2,2,1,2,3,2,2,2,2,2,2,2,1,2,2,0,0,0
2008,45,51,1,450438,1,4,1,2,4,2,5,2,1,2,2,2,1,2,2,2,2,2,2,2,1,2,2,2,2,2,2,2,1,2,2,0,0,0
2008,45,3,1,450439,1,4,1,2,1,2,5,2,1,2,1,1,1,2,2,2,2,1,2,2,3,2,2,2,2,2,2,2,2,2,2,0,0,0
2008,45,3,2,450440,1,4,1,2,4,2,4,2,1,2,1,2,1,2,2,2,2,2,2,2,3,2,2,2,2,2,1,1,1,2,2,0,0,0
2008,45,15,1,450441,1,4,1,1,1,2,1,2,4,2,1,2,2,2,2,2,2,2,2,2,1,2,2,2,2,2,2,2,2,2,2,0,0,0
2008,45,79,1,450442,1,4,1,2,4,2,5,2,1,2,1,2,1,2,1,1,2,2,2,2,1,2,2,2,2,2,2,2,1,2,2,0,0,0
2008,45,91,1,450443,1,4,1,2,1,1,4,1,4,2,1,2,2,2,2,2,2,2,2,2,3,2,2,2,2,2,2,2,2,2,2,0,0,0
2008,45,13,1,450444,1,4,1,2,4,2,5,2,1,1,1,2,1,2,2,1,2,2,2,2,1,1,1,1,1,2,2,1,1,2,2,0,0,0
2008,45,79,1,450445,1,4,1,2,1,1,4,1,4,2,2,2,2,2,1,1,2,2,2,2,3,2,2,2,2,1,2,2,2,2,2,0,0,0
2008,45,91,1,450446,1,4,2,2,1,1,4,1,2,1,2,2,3,2,1,1,2,2,2,2,1,1,1,1,1,2,2,1,2,2,2,0,0,0
2008,45,85,1,450447,1,4,1,2,1,1,5,1,4,1,2,2,2,2,2,2,2,2,2,2,3,2,2,2,2,2,1,1,2,2,2,0,0,0
2008,45,19,1,450448,1,4,1,2,1,1,4,1,4,1,1,2,2,2,1,2,2,2,2,2,3,1,1,1,1,2,2,1,2,2,2,0,0,0
2008,45,19,1,450449,1,4,1,2,1,1,5,1,4,1,1,2,2,2,2,2,2,2,2,2,3,2,2,2,2,1,2,2,2,2,2,0,0,0
2008,45,21,1,450450,1,4,2,2,1,2,5,2,1,1,1,2,2,1,2,2,2,2,1,2,3,2,2,2,2,2,2,2,2,2,2,0,0,0
2008,45,79,1,450451,1,4,2,2,4,2,4,2,1,1,1,2,3,2,2,2,2,2,2,2,3,2,2,1,1,2,1,1,1,2,2,0,0,0
2008,45,51,1,450452,1,4,1,2,1,2,5,2,1,2,1,1,2,2,2,2,1,2,2,2,3,2,2,2,2,2,1,1,2,2,2,0,0,0
2008,45,91,1,450453,1,4,2,1,1,2,1,2,2,2,1,2,2,2,2,2,2,2,2,2,3,2,2,2,2,2,1,1,2,1,2,0,0,0
2008,45,63,1,450454,1,4,1,3,4,2,7,2,1,1,1,2,1,2,2,2,2,2,2,2,3,2,2,2,2,1,2,2,1,2,2,0,0,0
2008,45,79,1,450455,1,4,1,2,1,2,5,2,3,2,1,2,2,2,2,2,2,2,1,2,1,2,2,2,2,2,2,2,2,2,2,0,0,0
2008,45,27,1,450456,1,4,1,1,1,2,1,2,1,1,2,2,1,2,2,1,2,2,1,2,3,2,2,2,2,2,2,2,1,2,2,0,0,0
2008,45,11,1,450457,1,4,1,2,4,2,4,2,1,2,1,2,1,2,2,1,2,2,1,2,1,2,2,2,2,2,2,2,1,2,2,0,0,0
2008,45,41,1,450458,1,4,1,2,4,2,5,2,1,2,2,2,1,2,2,1,2,2,1,2,1,2,2,2,2,2,2,2,1,2,2,0,0,0
2008,45,83,1,450459,1,4,1,1,4,2,1,2,1,2,2,2,1,2,2,2,2,2,1,2,1,2,2,2,2,2,2,2,1,2,2,0,0,0
2008,45,41,1,450460,1,4,1,2,4,2,4,2,1,1,2,2,1,2,2,1,2,2,2,2,1,2,2,2,2,2,2,2,1,2,2,0,0,0
2008,45,67,1,450461,1,4,1,2,1,2,4,2,1,2,2,1,1,2,2,2,1,2,2,2,3,2,2,2,2,2,2,2,2,2,2,0,0,0
2008,45,59,1,450462,1,4,1,2,2,2,3,2,1,2,2,2,1,2,2,1,2,2,2,2,1,2,2,2,2,2,2,2,1,2,2,0,0,0
2008,45,63,1,450463,1,4,1,2,4,2,5,2,1,2,2,2,1,2,2,2,2,2,1,2,1,1,1,1,1,2,2,1,1,2,2,0,0,0
2008,45,71,1,450464,1,4,1,1,4,2,1,2,1,2,2,2,1,2,2,1,2,2,2,2,3,1,1,1,1,2,2,1,1,2,1,0,0,0
2008,45,83,1,450465,1,4,1,2,1,2,5,2,1,2,2,2,1,2,2,1,1,2,2,2,3,2,2,2,2,2,2,2,2,2,2,0,0,0
2008,45,7,1,450466,1,4,1,2,4,2,5,2,1,2,2,2,1,2,1,1,2,2,2,2,3,2,2,2,2,2,2,2,1,2,2,0,0,0
2008,45,91,1,450467,1,4,1,2,4,2,5,2,1,2,2,2,1,2,2,1,2,2,2,2,1,1,1,1,1,2,2,1,1,2,2,0,0,0
2008,45,79,1,450468,1,4,2,2,2,2,4,2,1,2,2,2,1,2,1,1,2,2,2,2,1,2,2,2,2,2,2,2,1,2,2,0,0,0
2008,45,29,1,450469,1,4,1,2,4,2,5,2,1,1,2,2,1,2,1,1,2,2,2,2,1,2,2,2,2,2,2,2,1,2,2,0,0,0
2008,45,81,2,450470,1,4,1,3,4,2,7,2,1,2,2,2,1,2,2,1,2,2,1,2,1,2,2,2,2,2,2,2,1,2,2,0,0,0
2008,45,7,1,450471,1,4,1,2,4,2,5,2,1,1,2,2,1,2,2,1,2,2,2,2,2,2,2,2,2,1,2,2,1,2,2,0,0,0
2008,45,55,1,450472,1,4,1,2,4,2,5,2,1,2,2,2,1,2,2,1,2,2,1,2,3,2,2,2,2,2,2,2,1,2,2,0,0,0
2008,45,25,1,450473,1,4,1,2,1,2,3,2,3,2,1,2,2,2,2,2,2,2,2,2,1,2,2,2,2,2,2,2,2,2,2,0,0,0
2008,45,31,1,450474,1,4,1,2,4,2,3,2,1,1,1,2,1,2,1,2,2,2,2,2,1,2,2,2,2,2,2,2,1,2,2,0,0,0
2008,45,35,1,450475,1,4,1,2,1,2,5,2,1,2,1,1,1,2,2,2,1,2,2,2,3,2,2,2,2,2,2,2,2,2,2,0,0,0
2008,45,57,1,450476,1,4,1,2,1,1,3,1,4,1,1,2,2,2,2,2,2,2,2,2,3,2,2,2,2,1,2,2,2,2,2,0,0,0
2008,45,63,1,450477,1,4,1,2,1,1,4,1,4,2,2,2,2,2,2,2,2,2,2,2,3,1,1,1,1,2,2,1,2,2,2,0,0,0
2008,45,31,1,450478,1,4,1,2,1,2,5,2,4,2,2,2,2,2,2,1,2,2,1,2,1,2,2,2,2,2,1,1,1,2,2,0,0,0
2008,45,19,1,450479,1,4,1,2,1,1,5,1,4,1,2,2,2,2,2,2,2,2,2,2,1,2,2,2,2,1,2,2,2,2,2,0,0,0
2008,45,15,1,450480,1,4,1,1,4,2,1,2,1,2,2,2,1,2,2,2,2,2,2,2,3,2,2,1,1,2,2,1,1,2,2,0,0,0
2008,45,75,1,450481,1,4,1,2,4,2,4,2,1,1,1,2,1,2,2,2,2,2,1,2,2,2,2,2,2,2,2,2,1,2,2,0,0,0
2008,45,79,1,450482,1,4,1,2,4,2,3,2,1,2,1,2,1,2,2,1,2,2,1,2,1,2,2,2,2,2,2,2,1,2,2,0,0,0
2008,45,29,1,450483,1,4,1,2,4,2,4,2,1,1,1,2,1,2,2,2,2,2,1,2,3,2,2,2,2,2,2,2,1,2,2,0,0,0
2008,45,19,1,450484,1,4,1,2,1,2,5,2,4,2,1,2,3,2,1,2,2,2,2,2,1,2,2,2,2,2,2,2,2,2,2,0,0,0
2008,45,19,1,450485,1,4,1,2,4,2,4,2,1,2,1,2,1,2,2,2,2,2,2,2,1,1,1,1,1,2,2,1,1,2,2,0,0,0
2008,45,63,1,450486,1,4,2,2,2,2,3,2,1,2,1,2,1,2,2,2,2,1,2,2,3,2,2,2,2,2,2,2,2,2,2,0,0,0
2008,45,31,1,450487,1,4,1,2,4,2,5,2,1,2,2,2,1,2,2,1,2,2,2,2,1,2,2,2,2,2,2,2,1,2,2,0,0,0
2008,45,29,1,450488,1,4,1,2,4,2,5,2,1,2,2,2,1,2,2,1,2,2,1,2,1,2,2,2,2,2,2,2,1,2,2,0,0,0
2008,45,51,1,450489,1,4,1,2,3,2,3,2,1,2,2,2,1,2,1,2,2,2,2,2,1,2,2,2,2,2,2,2,1,2,2,0,0,0
2008,45,41,1,450490,1,4,1,2,1,2,5,2,1,2,2,2,1,2,2,2,1,2,2,2,3,2,2,2,2,2,2,2,2,2,2,0,0,0
2008,45,15,1,450491,1,4,1,2,4,2,4,2,1,2,2,2,1,2,2,2,2,2,2,2,1,2,2,2,2,2,2,2,1,2,2,0,0,0
2008,45,37,1,450492,1,4,1,2,4,2,3,2,1,2,1,2,1,2,2,2,2,2,1,2,1,1,1,1,1,2,2,1,1,2,2,0,0,0
2008,45,45,1,450493,1,4,1,2,1,1,5,1,4,1,1,2,2,1,2,2,2,2,2,2,3,2,2,2,2,2,2,2,2,2,2,0,0,0
2008,45,91,1,450494,1,4,1,2,1,1,5,1,4,1,1,2,2,1,2,2,2,2,2,2,3,2,2,2,2,2,2,2,2,2,2,0,0,0
2008,45,3,1,450495,1,4,1,2,4,2,5,2,1,2,1,2,1,2,2,1,2,2,2,2,2,2,2,2,2,2,2,2,1,2,2,0,0,0
2008,45,31,1,450496,1,4,1,1,4,2,1,2,1,1,1,2,1,1,2,2,2,2,2,2,2,2,2,2,2,2,1,1,1,2,1,0,0,0
2008,45,81,1,450497,1,4,1,2,1,1,3,1,4,1,2,2,2,2,1,1,2,2,2,2,3,2,2,2,2,1,2,2,2,2,2,0,0,0
2008,45,53,1,450498,1,4,1,1,4,2,1,2,1,1,1,2,1,2,2,2,2,2,1,2,3,2,2,2,2,1,2,2,1,2,2,0,0,0
2008,45,21,1,450499,1,4,1,1,1,2,1,2,5,1,1,2,3,1,2,1,2,2,2,2,3,2,2,2,2,2,2,2,1,2,2,0,0,0
2008,45,57,1,450500,1,4,1,2,1,1,4,1,4,2,2,2,2,2,2,2,2,2,2,2,3,2,2,2,2,1,2,2,2,2,2,0,0,0
2008,45,41,3,450501,1,4,1,1,1,2,1,2,2,2,1,2,2,1,2,2,2,2,2,2,3,2,2,2,2,2,2,2,1,2,2,0,0,0
2008,45,23,1,450502,1,4,1,2,4,2,5,2,1,2,1,2,1,2,2,2,2,2,1,2,1,2,2,2,2,2,2,2,1,2,2,0,0,0
2008,45,83,1,450503,1,4,1,2,1,2,5,2,3,1,1,2,2,2,1,1,2,2,2,2,3,2,2,2,2,2,2,2,1,2,2,0,0,0
2008,45,57,1,450504,1,4,1,2,4,2,4,2,1,2,1,1,2,2,1,1,2,2,2,2,3,2,2,2,2,1,2,2,1,2,2,0,0,0
2008,45,59,1,450505,1,4,1,2,4,2,5,2,1,2,1,2,1,2,2,1,2,2,2,2,1,2,2,2,2,2,1,1,1,2,2,0,0,0
2008,45,41,1,450506,1,4,1,2,4,2,5,2,1,1,1,2,1,2,2,1,2,2,2,2,2,1,1,1,1,2,2,1,1,2,2,0,0,0
2008,45,33,1,450507,1,4,1,2,4,2,5,2,1,2,2,2,1,2,2,2,2,2,2,2,2,2,2,2,2,2,2,2,1,1,2,0,0,0
2008,45,91,1,450508,1,4,1,2,4,2,4,2,1,2,2,2,1,2,2,2,2,2,2,2,1,2,2,2,2,2,2,2,1,2,2,0,0,0
2008,45,3,1,450509,1,4,1,2,4,2,4,2,1,2,2,2,1,2,2,2,2,2,2,1,1,2,2,2,2,2,1,1,1,2,2,0,0,0
2008,45,37,1,450510,1,4,1,2,1,2,5,2,1,2,2,2,1,2,2,2,1,2,2,2,1,2,2,2,2,2,1,1,2,2,2,0,0,0
2008,45,25,1,450511,1,4,1,2,1,1,3,1,4,2,2,2,2,2,2,2,2,2,2,2,3,2,2,1,1,2,1,1,2,2,2,0,0,0
2008,45,19,1,450512,1,4,1,2,1,2,5,2,2,1,1,2,3,2,2,1,2,2,2,2,3,2,2,2,2,1,2,2,2,2,2,0,0,0
2008,45,19,1,450513,1,4,1,2,1,2,5,3,4,2,2,2,2,2,1,2,2,2,2,2,1,2,2,2,2,2,2,2,2,2,2,0,0,0
2008,45,19,1,450514,1,4,1,2,1,1,5,1,4,1,2,2,2,2,2,2,2,2,2,2,1,1,1,1,1,2,2,1,2,2,2,0,0,0
2008,45,45,1,450515,1,4,1,2,1,1,5,1,4,1,1,2,2,2,1,2,2,2,2,2,3,2,2,2,2,2,1,1,2,2,2,0,0,0
2008,45,19,1,450516,1,4,1,2,4,2,4,2,1,2,1,2,1,2,2,1,2,2,2,2,1,2,2,2,2,2,2,2,1,2,2,0,0,0
2008,45,83,1,450517,1,4,1,2,4,2,3,2,1,2,2,2,1,2,2,1,2,2,2,2,1,2,2,2,2,2,2,2,1,2,2,0,0,0
2008,45,45,1,450518,1,4,1,2,4,2,3,2,1,2,2,2,1,2,2,2,2,2,1,2,2,2,2,2,2,2,2,2,1,2,2,0,0,0
2008,45,45,1,450519,1,4,1,2,1,2,3,2,1,1,1,2,1,2,2,2,1,2,2,2,3,2,2,2,2,2,2,2,2,2,2,0,0,0
2008,45,83,1,450520,1,4,1,1,4,2,1,2,1,1,1,2,1,2,1,1,2,2,2,2,1,2,2,2,2,2,2,2,1,2,2,0,0,0
2008,45,73,1,450521,1,4,1,2,4,2,5,2,1,2,1,2,1,2,2,1,2,2,2,2,1,2,2,2,2,2,2,2,1,2,2,0,0,0
2008,45,39,1,450522,1,4,1,2,1,2,4,2,4,2,1,2,2,1,2,1,2,2,2,2,3,2,2,2,2,2,2,2,1,1,2,0,0,0
2008,45,79,1,450523,1,4,1,2,4,2,4,2,1,2,2,2,1,2,2,1,2,2,2,2,2,2,2,2,2,2,2,2,1,2,2,0,0,0
2008,45,85,2,450524,1,4,1,2,1,1,4,1,4,2,1,2,2,1,2,2,2,2,1,2,1,2,2,2,2,2,1,1,2,2,2,0,0,0
2008,45,45,1,450525,1,4,1,2,1,2,4,2,1,1,2,2,1,2,2,1,1,2,2,2,3,2,2,2,2,2,2,2,2,2,2,0,0,0
2008,45,31,2,450526,1,4,1,2,1,1,4,1,4,1,1,2,2,1,2,2,2,2,2,2,3,2,2,2,2,1,2,2,2,2,2,0,0,0
2008,45,19,1,450527,1,4,1,2,1,2,5,2,1,1,2,2,1,2,2,2,1,2,2,2,3,2,2,2,2,2,2,2,2,2,2,0,0,0
2008,45,79,2,450528,1,4,1,2,1,2,5,3,1,2,1,2,1,2,2,2,2,2,2,2,3,2,2,2,2,2,2,2,2,2,2,0,0,0
2008,45,51,1,450529,1,4,1,2,4,2,5,2,1,2,1,2,1,2,2,2,2,2,2,2,3,2,2,2,2,2,2,2,1,2,2,0,0,0
2008,45,51,1,450530,1,4,1,2,1,1,3,1,4,1,1,2,2,2,2,2,2,2,2,2,3,2,2,2,2,2,1,1,2,2,2,0,0,0
2008,45,51,1,450531,1,4,1,2,1,2,5,2,1,2,2,2,1,2,2,2,1,2,2,2,3,2,2,2,2,2,2,2,2,2,2,0,0,0
2008,45,53,1,450532,1,4,1,1,4,2,1,2,1,2,2,2,1,2,2,2,2,2,2,2,3,1,1,1,1,2,2,1,1,2,2,0,0,0
2008,45,63,1,450533,1,4,1,2,4,2,5,2,1,2,2,2,1,2,2,1,2,2,1,2,1,2,2,2,2,2,2,2,1,2,2,0,0,0
2008,45,45,1,450534,1,4,1,2,1,1,3,1,4,2,1,2,2,2,2,2,2,2,2,2,3,2,2,2,2,2,2,2,2,2,2,0,0,0
2008,45,3,1,450535,1,4,1,2,1,2,5,2,3,2,2,2,2,2,1,2,2,2,2,2,1,2,2,2,2,2,2,2,1,2,2,0,0,0
2008,45,23,1,450536,1,4,1,2,4,2,5,2,1,2,1,2,1,2,2,2,2,2,1,2,1,2,2,2,2,2,2,2,1,2,2,0,0,0
2008,45,41,1,450537,1,4,1,2,1,1,5,1,4,2,1,2,2,2,2,2,2,2,2,2,3,2,2,2,2,2,1,1,2,2,2,0,0,0
2008,45,13,1,450538,1,4,1,2,1,2,3,2,3,1,1,2,2,2,2,2,2,2,2,2,3,2,2,2,2,2,2,2,1,2,2,0,0,0
2008,45,35,1,450539,1,4,1,2,1,2,3,2,3,1,1,2,2,2,2,2,2,2,2,2,3,2,2,2,2,1,2,2,1,2,2,0,0,0
2008,45,31,1,450540,1,4,1,2,1,2,5,3,4,1,2,2,2,2,2,1,2,2,2,2,3,2,2,2,2,2,1,1,2,2,2,0,0,0
2008,45,51,1,450541,1,4,1,2,4,2,5,2,1,2,2,2,1,2,2,2,2,2,2,2,1,2,2,2,2,2,2,2,1,2,2,0,0,0
2008,45,91,1,450542,1,4,1,2,1,1,3,1,4,1,1,2,2,2,1,2,2,2,2,2,3,1,2,1,2,2,2,2,2,2,2,0,0,0
2008,45,47,1,450543,1,4,1,2,4,2,5,2,1,2,2,2,1,2,2,1,2,2,2,2,2,2,2,2,2,2,1,1,1,2,2,0,0,0
2008,45,91,1,450544,1,4,1,3,1,2,7,2,3,1,1,1,2,2,1,1,2,2,2,2,3,1,2,1,2,2,2,2,2,2,2,0,0,0
2008,45,23,1,450545,1,4,1,2,1,2,4,2,3,1,1,2,2,2,2,2,2,2,2,2,3,2,2,2,2,1,2,2,1,2,2,0,0,0
2008,45,21,1,450546,1,4,1,2,1,2,5,2,1,2,1,1,1,2,2,2,1,2,2,2,3,2,2,2,2,2,2,2,2,2,2,0,0,0
2008,45,51,1,450547,1,4,1,2,1,1,3,1,4,1,1,2,2,2,1,2,2,2,2,2,3,2,2,2,2,2,1,1,2,2,2,0,0,0
2008,45,31,1,450548,1,4,1,2,4,2,4,2,1,1,1,2,1,2,2,2,2,2,2,2,2,2,2,2,2,2,2,2,1,2,2,0,0,0
2008,45,39,1,450549,1,4,1,2,1,2,3,2,1,2,1,2,1,2,2,1,2,2,1,2,3,1,1,1,1,2,2,1,1,1,2,0,0,0
2008,45,15,1,450550,1,4,1,2,1,1,5,1,2,1,1,2,2,2,2,1,2,2,2,2,3,1,1,1,1,1,2,1,2,2,2,0,0,0
2008,45,85,3,450551,1,4,1,2,4,2,5,2,1,2,2,2,1,2,2,1,2,2,2,2,1,2,2,2,2,2,2,2,1,2,2,0,0,0
2008,45,29,1,450552,1,4,1,2,4,2,5,2,1,1,2,2,1,2,2,1,2,2,2,2,1,2,2,1,1,2,2,1,1,2,2,0,0,0
2008,45,7,1,450553,1,4,1,2,4,2,5,2,1,1,2,2,1,2,1,1,2,2,2,2,3,2,2,2,2,2,2,2,1,2,2,0,0,0
2008,45,47,1,450554,1,4,1,2,4,2,5,2,1,2,2,2,1,2,2,2,2,2,1,2,1,2,2,2,2,2,2,2,1,2,2,0,0,0
2008,45,59,1,450555,1,4,1,2,4,2,5,2,1,2,2,2,1,2,2,2,2,2,1,2,1,2,2,2,2,2,2,2,1,2,2,0,0,0
2008,45,35,2,450557,1,4,1,2,1,1,5,1,4,1,2,2,2,2,1,2,2,2,2,2,3,2,2,2,2,1,2,2,2,2,2,0,0,0
2008,45,55,2,450558,1,4,1,2,1,2,5,2,2,1,2,2,3,2,2,2,2,2,2,2,3,2,2,2,2,2,2,2,2,2,2,0,0,0
2008,45,45,1,450559,1,4,1,2,1,2,5,2,2,2,2,2,3,2,1,2,2,2,2,2,1,2,2,1,1,2,2,1,2,2,2,0,0,0
2008,45,45,1,450560,1,4,1,2,2,2,5,2,1,2,2,2,1,2,2,1,2,2,1,2,1,2,2,2,2,2,2,2,1,2,2,0,0,0
2008,45,91,1,450561,1,4,1,1,1,2,1,2,3,2,1,2,2,2,2,2,2,2,2,2,3,2,2,2,2,2,1,1,2,2,2,0,0,0
2008,45,79,1,450562,1,4,1,2,4,2,4,2,1,1,1,2,1,2,2,2,2,2,2,2,1,2,2,2,2,2,2,2,1,2,2,0,0,0
2008,45,83,1,450563,1,4,1,2,1,2,5,2,1,2,2,2,1,2,2,2,1,2,2,2,3,2,2,2,2,2,2,2,2,2,2,0,0,0
2008,45,71,1,450564,1,4,1,2,4,2,3,2,1,2,2,2,1,2,2,2,2,2,1,2,2,2,2,2,2,1,2,2,1,1,2,0,0,0
2008,45,91,1,450565,1,4,1,2,4,2,5,2,1,2,1,2,1,2,2,1,2,2,2,2,1,1,1,1,1,2,2,1,1,2,2,0,0,0
2008,45,31,1,450566,1,4,1,2,4,2,5,2,1,1,1,2,1,2,2,1,2,2,1,2,1,2,2,2,2,2,2,2,1,2,2,0,0,0
2008,45,77,2,450567,1,4,1,2,1,2,4,2,3,2,1,2,2,2,2,2,2,2,2,1,2,2,2,2,2,2,2,2,1,2,2,0,0,0
2008,45,33,1,450568,1,4,1,2,1,2,5,2,2,1,1,2,2,2,2,2,2,2,2,2,3,1,1,1,1,2,2,1,2,2,2,0,0,0
2008,45,15,2,450569,1,4,1,2,4,2,5,2,1,1,1,2,1,2,2,1,2,2,2,2,1,2,2,2,2,2,2,2,1,2,2,0,0,0
2008,45,7,1,450570,1,4,1,2,1,1,5,1,4,1,1,2,2,2,2,2,2,2,2,2,3,2,2,2,2,2,1,1,2,2,2,0,0,0
2008,45,39,1,450571,1,4,1,2,4,2,5,2,1,2,2,2,1,2,2,2,2,2,2,2,3,2,2,2,2,1,2,2,1,2,2,0,0,0
2008,45,7,1,450572,1,4,1,1,4,2,1,2,1,2,2,2,1,2,2,1,2,2,1,2,1,2,2,2,2,2,1,1,1,2,1,0,0,0
2008,45,3,1,450573,1,4,1,2,4,2,5,2,1,2,2,2,1,2,2,2,2,2,2,2,1,2,2,2,2,2,1,1,1,2,2,0,0,0
2008,45,41,1,450574,1,4,1,2,1,1,3,1,4,2,2,2,2,2,2,2,2,2,2,2,3,2,2,2,2,1,2,2,2,2,2,0,0,0
2008,45,29,1,450575,1,4,1,1,2,2,1,2,1,1,1,2,1,2,2,2,2,2,1,2,3,2,2,2,2,2,2,2,1,2,2,0,0,0
2008,45,45,1,450576,1,4,1,2,1,2,3,2,1,2,1,2,2,2,2,2,1,2,2,2,3,2,2,2,2,2,1,1,2,2,2,0,0,0
2008,45,45,2,450577,1,4,1,2,1,1,5,1,4,1,1,1,2,2,2,2,1,2,2,2,3,2,2,2,2,1,2,2,2,2,2,0,0,0
2008,45,83,1,450578,1,4,1,2,4,2,4,2,1,1,1,2,1,2,2,1,2,2,1,2,3,1,2,1,2,2,2,2,1,2,2,0,0,0
2008,45,45,1,450579,1,4,1,2,4,2,5,2,1,2,1,2,1,2,2,1,2,2,1,2,1,2,2,2,2,2,2,2,1,2,2,0,0,0
2008,45,85,1,450580,1,4,1,2,1,2,3,2,3,2,1,2,2,2,2,2,2,2,2,2,3,2,2,2,2,2,2,2,1,2,2,0,0,0
2008,45,49,1,450581,1,4,1,2,4,2,5,2,1,2,2,2,1,2,2,1,2,2,1,2,1,2,2,2,2,2,2,2,1,2,2,0,0,0
2008,45,15,1,450582,1,4,1,2,4,2,5,2,1,2,1,2,1,2,2,1,2,2,1,1,3,2,2,2,2,2,2,2,1,2,2,0,0,0
2008,45,83,1,450583,1,4,1,2,4,2,5,2,1,2,2,2,1,2,2,2,2,2,2,2,1,2,2,2,2,2,2,2,1,2,2,0,0,0
2008,45,77,1,450584,1,4,1,2,4,2,4,2,1,2,2,2,1,2,2,1,2,2,2,2,2,2,2,2,2,2,2,2,1,2,2,0,0,0
2008,45,21,1,450585,1,4,1,1,3,2,1,2,1,2,2,2,1,2,1,1,2,2,2,2,1,2,2,2,2,2,1,1,1,1,2,0,0,0
2008,45,51,1,450586,1,4,1,2,1,2,5,2,1,2,2,2,1,2,1,1,2,2,2,2,3,2,2,2,2,2,2,2,2,2,2,0,0,0
2008,45,13,1,450587,1,4,2,2,1,2,4,2,1,1,1,2,1,1,2,2,1,2,2,2,3,2,2,2,2,2,2,2,2,2,2,0,0,0
2008,45,21,1,450588,1,4,1,2,1,2,4,2,2,1,2,2,2,2,1,2,2,2,2,2,3,2,2,2,2,2,2,2,2,1,2,0,0,0
2008,45,91,1,450589,1,4,1,2,1,1,3,1,4,1,2,2,2,2,2,2,2,2,2,2,3,2,2,2,2,1,2,2,2,2,2,0,0,0
2008,45,43,1,450590,1,4,1,2,1,2,5,2,1,2,2,1,2,2,2,2,1,2,2,2,3,2,2,2,2,2,1,1,2,2,2,0,0,0
2008,45,45,1,450591,1,4,1,2,3,2,3,2,1,2,2,2,1,2,2,1,2,2,1,2,1,1,1,1,1,2,2,1,1,2,2,0,0,0
2008,45,63,1,450592,1,4,1,2,1,1,3,1,3,1,1,2,2,2,1,2,2,2,2,2,1,2,2,2,2,2,2,2,2,2,2,0,0,0
2008,45,79,1,450593,1,4,1,2,1,1,3,1,1,2,1,1,1,2,2,2,2,1,2,2,3,2,2,2,2,2,2,2,2,1,2,0,0,0
2008,45,13,1,450594,1,4,1,2,1,2,5,2,1,2,1,2,1,2,2,2,1,2,2,2,3,2,2,2,2,2,2,2,2,2,2,0,0,0
2008,45,45,1,450595,1,4,1,2,4,2,5,2,1,1,1,2,1,2,2,1,2,2,2,2,2,2,2,2,2,1,2,2,1,2,2,0,0,0
2008,45,85,1,450596,1,4,1,2,1,2,5,2,4,1,1,2,3,2,2,1,2,2,2,2,3,1,1,1,1,1,2,1,1,2,2,0,0,0
2008,45,19,1,450597,1,4,1,2,1,2,3,2,1,2,2,2,1,2,2,2,1,2,2,2,3,2,2,2,2,2,1,1,2,2,2,0,0,0
2008,45,81,1,450598,1,4,1,2,4,2,5,2,1,2,1,2,1,2,2,1,2,2,2,2,2,2,2,2,2,2,2,2,1,2,2,0,0,0
2008,45,45,1,450599,1,4,1,2,1,2,5,2,1,1,1,2,1,2,2,1,2,1,2,2,3,2,2,2,2,2,1,1,2,1,2,0,0,0
2008,45,31,2,450600,1,4,1,2,1,1,4,1,4,1,1,2,2,2,2,2,2,2,2,2,3,2,2,2,2,1,2,2,2,2,2,0,0,0
2008,45,35,1,450601,1,4,1,2,4,2,4,2,1,2,2,2,1,2,2,1,2,2,1,2,3,2,2,2,2,2,2,2,1,2,2,0,0,0
2008,45,53,1,450602,1,4,1,2,1,2,5,2,1,1,1,2,1,2,2,2,1,2,2,2,3,2,2,2,2,2,2,2,2,2,2,0,0,0
2008,45,45,1,450603,1,4,1,2,1,2,4,3,4,1,1,2,2,2,1,2,2,2,2,2,3,2,2,2,2,2,2,2,2,2,2,0,0,0
2008,45,7,1,450604,1,4,1,2,1,2,4,2,1,2,1,2,1,2,2,2,1,2,2,2,3,1,1,1,1,2,2,1,2,2,2,0,0,0
2008,45,75,1,450605,1,4,1,2,4,2,5,2,1,2,2,2,1,2,2,2,2,2,1,2,1,2,2,2,2,2,2,2,1,2,2,0,0,0
2008,45,51,1,450606,1,4,1,2,1,2,5,2,1,2,2,2,1,2,2,2,1,2,2,2,3,2,2,2,2,2,2,2,2,2,2,0,0,0
2008,45,29,1,450607,1,4,1,2,1,2,4,2,1,2,2,2,1,2,2,1,2,2,1,2,1,2,2,2,2,2,1,1,1,2,2,0,0,0
2008,45,19,1,450608,1,4,1,2,1,2,3,2,1,2,2,1,1,2,2,2,1,2,2,2,3,2,2,2,2,2,2,2,2,2,2,0,0,0
2008,45,13,1,450609,1,4,1,2,1,1,5,1,4,2,2,1,2,2,2,2,2,2,2,2,3,1,1,1,1,2,2,1,2,2,2,0,0,0
2008,45,75,1,450610,1,4,1,1,4,2,1,2,1,1,2,2,1,2,2,2,2,2,2,2,3,2,2,2,2,1,2,2,1,2,2,0,0,0
2008,45,75,1,450611,1,4,1,2,4,2,3,2,1,2,2,2,1,2,2,1,2,2,2,2,1,2,2,2,2,2,2,2,1,2,2,0,0,0
2008,45,49,1,450612,1,4,1,1,4,2,1,2,1,2,2,2,1,2,2,2,2,2,1,2,3,2,2,2,2,2,1,1,1,2,2,0,0,0
2008,45,51,1,450613,1,4,1,2,4,2,4,2,1,2,2,2,1,2,2,2,2,2,1,2,1,2,2,2,2,2,2,2,1,2,2,0,0,0
2008,45,83,1,450614,1,4,1,2,1,1,4,1,4,1,1,2,2,2,2,2,2,2,2,2,3,2,2,2,2,1,2,2,2,2,2,0,0,0
2008,45,27,1,450615,1,4,1,1,1,2,1,2,2,2,1,2,2,1,2,1,2,2,2,2,3,2,2,2,2,2,2,2,2,2,2,0,0,0
2008,45,3,1,450616,1,4,1,2,2,2,5,2,1,1,1,2,1,2,2,1,2,2,2,2,2,2,2,2,2,2,1,1,1,2,2,0,0,0
2008,45,83,1,450617,1,4,1,2,4,2,5,2,1,2,1,2,1,2,2,1,2,2,2,2,2,2,2,2,2,2,1,1,1,2,2,0,0,0
2008,45,45,1,450618,1,4,1,2,4,2,5,2,1,2,1,2,1,2,2,1,2,2,2,2,1,2,2,2,2,1,2,2,1,2,2,0,0,0
2008,45,83,1,450619,1,4,2,2,1,2,3,2,1,1,2,2,1,2,1,2,2,2,2,2,2,2,2,2,2,2,2,2,2,2,2,0,0,0
2008,45,75,1,450620,1,4,1,2,4,2,4,2,1,2,2,2,1,2,2,1,2,2,1,2,1,1,1,1,1,2,2,1,1,2,2,0,0,0
2008,45,51,1,450621,1,4,1,2,1,1,5,1,4,2,2,2,2,2,1,2,2,2,2,2,3,2,2,2,2,2,1,1,2,2,2,0,0,0
2008,45,85,1,450622,1,4,1,2,1,2,5,2,1,2,2,2,1,2,2,2,1,2,2,2,3,2,2,2,2,2,1,1,2,2,2,0,0,0
2008,45,25,2,450623,1,4,1,2,1,1,4,1,4,1,2,2,2,2,2,2,2,2,2,2,3,2,2,2,2,2,2,2,2,2,2,0,0,0
2008,45,83,1,450624,1,4,1,2,1,1,3,1,4,1,1,2,2,2,2,2,2,2,2,2,3,2,2,2,2,1,2,2,2,2,2,0,0,0
2008,45,63,1,450625,1,4,1,2,1,2,4,3,2,1,1,2,2,2,2,1,2,2,2,2,3,2,2,2,2,2,2,2,2,1,2,0,0,0
2008,45,41,1,450626,1,4,1,1,2,2,1,2,2,1,1,2,2,1,2,1,2,2,2,2,1,2,2,2,2,2,2,2,2,2,2,0,0,0
2008,45,3,1,450627,1,4,1,2,1,1,4,1,4,1,1,2,2,1,2,2,2,2,2,2,3,1,1,1,1,2,2,1,2,2,2,0,0,0
2008,45,59,1,450628,1,4,1,1,4,2,1,2,1,2,1,2,1,2,2,1,2,2,2,2,3,2,2,2,2,2,2,2,1,1,2,0,0,0
2008,45,83,1,450629,1,4,1,1,1,2,1,2,3,2,1,2,2,2,2,2,2,2,2,2,1,2,2,2,2,2,2,2,2,2,2,0,0,0
2008,45,83,1,450630,1,4,1,2,1,2,4,2,1,2,1,2,1,2,2,2,1,2,2,2,3,2,2,2,2,2,2,2,2,2,2,0,0,0
2008,45,75,1,450631,1,4,1,1,4,2,1,2,1,1,1,2,1,2,2,1,2,2,2,2,2,2,2,2,2,2,2,2,1,2,2,0,0,0
2008,45,35,1,450632,1,4,1,2,1,1,4,1,4,1,1,2,2,2,2,1,2,2,2,2,3,2,2,2,2,1,2,2,2,2,2,0,0,0
2008,45,43,1,450633,1,4,1,2,4,2,5,2,1,2,1,2,1,2,2,2,2,2,1,2,1,1,1,1,1,2,2,1,1,2,2,0,0,0
2008,45,45,1,450634,1,4,1,2,4,2,5,2,1,2,2,2,1,2,2,1,2,2,2,2,1,2,2,2,2,2,1,1,1,2,2,0,0,0
2008,45,83,1,450635,1,4,1,2,1,2,3,2,1,2,2,2,1,2,2,2,1,2,2,2,3,2,2,2,2,2,2,2,2,2,2,0,0,0
2008,45,45,1,450636,1,4,1,2,1,2,4,2,3,1,1,2,2,2,2,2,2,2,2,2,3,2,2,2,2,2,2,2,1,2,2,0,0,0
2008,45,57,1,450637,1,4,1,2,4,2,5,2,1,1,2,2,1,2,2,2,2,2,2,2,3,2,2,2,2,2,1,1,1,2,2,0,0,0
2008,45,45,1,450638,1,4,1,2,4,2,5,2,1,2,2,2,1,2,2,1,2,2,1,2,3,2,2,2,2,2,2,2,1,2,2,0,0,0
2008,45,73,1,450639,1,4,1,2,4,2,3,2,1,1,2,2,1,2,2,1,2,2,1,2,2,2,2,2,2,2,2,2,1,2,2,0,0,0
2008,45,15,1,450640,1,4,1,1,4,2,1,2,1,1,2,2,1,2,2,2,2,2,2,2,2,2,2,2,2,2,2,2,1,2,2,0,0,0
2008,45,63,1,450641,1,4,1,2,1,2,5,2,4,1,2,2,2,2,2,2,2,2,2,2,1,2,2,2,2,2,1,1,1,2,2,0,0,0
2008,45,11,1,450642,1,4,1,2,1,2,3,2,1,2,1,2,1,2,2,2,1,2,2,2,3,2,2,2,2,2,2,2,2,2,2,0,0,0
2008,45,3,1,450643,1,4,1,2,4,2,5,2,1,2,1,2,1,2,2,2,2,2,2,2,1,2,2,2,2,2,2,2,1,2,2,0,0,0
2008,45,37,1,450644,1,4,1,2,1,2,4,2,4,1,1,2,3,2,2,2,2,2,1,2,3,2,2,2,2,1,2,2,1,2,2,0,0,0
2008,45,19,1,450645,1,4,1,2,1,1,5,1,4,1,1,2,2,2,1,2,2,2,2,2,3,2,2,2,2,2,2,2,2,2,2,0,0,0
2008,45,21,1,450646,1,4,1,2,1,2,4,2,3,2,1,2,3,2,1,2,2,2,2,2,3,1,1,1,1,1,2,1,1,2,2,0,0,0
2008,45,89,1,450647,1,4,1,2,4,2,3,2,1,1,1,2,1,2,2,2,2,2,2,2,3,2,2,2,2,2,2,2,1,2,2,0,0,0
2008,45,15,1,450648,1,4,1,2,1,2,3,2,1,2,1,2,2,2,2,2,1,2,2,2,3,2,2,2,2,2,2,2,2,2,2,0,0,0
2008,45,63,1,450649,1,4,1,2,4,2,4,2,3,2,1,1,2,2,1,2,2,2,2,2,3,2,2,1,1,2,2,1,2,2,2,0,0,0
2008,45,91,1,450650,1,4,1,2,2,2,5,2,2,1,2,2,1,2,2,1,2,2,2,2,3,2,2,2,2,2,1,1,2,1,2,0,0,0
2008,45,15,1,450651,1,4,1,2,4,2,5,2,1,2,2,2,1,2,2,2,2,2,1,2,3,1,1,1,1,2,2,1,1,2,2,0,0,0
2008,45,83,1,450652,1,4,1,2,4,2,5,2,1,2,2,2,1,2,2,1,2,2,1,2,2,1,1,1,1,2,2,1,1,2,2,0,0,0
2008,45,15,1,450653,1,4,1,2,1,2,5,2,1,2,1,2,1,2,2,2,1,2,2,2,3,2,2,2,2,2,1,1,2,2,2,0,0,0
2008,45,51,1,450654,1,4,1,2,1,2,3,2,1,2,2,1,1,2,2,2,1,2,2,2,3,2,2,2,2,2,2,2,2,2,2,0,0,0
2008,45,35,1,450655,1,4,1,1,4,2,1,2,1,1,1,2,1,2,2,1,2,2,2,2,3,2,2,2,2,2,2,2,1,2,1,0,0,0
2008,45,13,1,450656,1,4,1,2,4,2,4,2,1,2,1,2,1,2,2,2,2,2,2,2,1,2,2,2,2,2,2,2,1,2,2,0,0,0
2008,45,45,1,450657,1,4,1,1,1,2,1,2,4,1,2,2,2,2,2,2,2,2,2,2,3,1,2,1,2,1,2,2,2,2,2,0,0,0
2008,45,59,1,450658,1,4,1,2,4,2,5,2,1,2,2,2,1,2,2,1,2,2,1,2,1,2,2,2,2,2,2,2,1,2,2,0,0,0
2008,45,19,1,450659,1,4,1,1,1,2,1,2,1,2,2,2,1,1,2,2,1,2,2,2,3,2,2,2,2,2,2,2,2,2,2,0,0,0
2008,45,19,1,450660,1,4,1,2,4,2,4,2,1,1,1,2,1,2,1,2,2,2,2,2,2,2,2,2,2,2,2,2,1,1,2,0,0,0
2008,45,91,1,450661,1,4,1,1,1,2,1,2,2,1,1,2,1,2,2,1,2,2,2,2,1,2,2,2,2,2,2,2,2,2,2,0,0,0
2008,45,21,1,450662,1,4,1,2,4,2,5,2,1,2,2,2,1,2,2,2,2,2,1,2,2,2,2,2,2,2,1,1,1,2,2,0,0,0
2008,45,75,1,450663,1,4,1,2,1,2,3,2,2,1,1,2,2,1,2,1,2,2,2,2,1,2,2,2,2,2,2,2,2,2,2,0,0,0
2008,45,61,1,450664,1,4,1,1,4,2,1,2,1,1,1,2,1,1,2,2,2,2,2,2,2,2,2,2,2,2,2,2,1,2,2,0,0,0
2008,45,45,1,450665,1,4,1,1,1,2,1,2,4,2,2,2,2,1,2,1,2,2,2,2,3,2,2,2,2,2,2,2,2,2,2,0,0,0
2008,45,53,1,450666,1,4,1,2,4,2,4,2,1,1,1,2,1,1,2,1,2,2,1,2,3,2,2,2,2,2,2,2,1,1,2,0,0,0
2008,45,3,1,450667,1,4,1,1,1,2,1,2,2,2,1,2,3,1,2,1,2,2,2,2,3,1,1,1,1,1,2,1,2,2,2,0,0,0
2008,45,25,1,450668,1,4,1,3,4,2,7,2,1,1,2,2,1,2,2,1,2,2,1,2,1,2,2,2,2,2,2,2,1,2,2,0,0,0
2008,45,47,1,450669,1,4,1,2,1,2,4,2,3,1,2,2,2,2,2,2,2,2,2,2,1,1,1,1,1,2,2,1,1,2,2,0,0,0
2008,45,57,2,450670,1,4,1,2,1,2,5,2,4,2,2,2,2,2,1,2,2,2,2,2,1,2,2,2,2,2,2,2,2,2,2,0,0,0
2008,45,57,1,450671,1,4,1,2,2,2,5,2,1,2,2,2,1,2,2,2,2,2,1,2,1,1,1,1,1,2,2,1,1,2,2,0,0,0
2008,45,35,1,450672,1,4,1,2,1,1,5,1,4,1,1,2,2,2,2,2,2,2,2,2,3,2,2,2,2,2,2,2,2,2,2,0,0,0
2008,45,3,1,450673,1,4,1,2,4,2,3,2,1,1,1,2,1,1,2,2,2,2,1,2,2,2,2,2,2,2,2,2,1,2,2,0,0,0
2008,45,65,1,450674,1,4,1,2,4,2,5,2,1,2,1,2,1,2,2,1,2,2,1,2,1,2,2,2,2,2,1,1,1,2,2,0,0,0
2008,45,57,1,450675,1,4,1,2,2,2,5,2,1,2,1,2,1,2,2,2,2,2,1,2,3,1,1,1,1,2,2,1,1,2,2,0,0,0
2008,45,77,1,450676,1,4,1,2,4,2,5,2,1,1,1,2,1,2,2,2,2,2,2,2,3,1,1,1,1,2,2,1,1,2,2,0,0,0
2008,45,87,1,450677,1,4,1,2,1,2,4,2,3,2,2,2,2,2,2,2,2,2,2,2,3,2,2,2,2,1,2,2,1,2,2,0,0,0
2008,45,63,2,450678,1,4,1,1,1,2,1,2,1,2,1,2,2,1,2,2,2,2,2,2,3,2,2,2,2,2,2,2,2,2,2,0,0,0
2008,45,41,1,450679,1,4,1,2,4,2,5,2,1,2,1,2,1,2,2,2,2,2,2,1,3,2,2,2,2,2,2,2,1,2,2,0,0,0
2008,45,85,1,450680,1,4,1,2,1,2,5,2,4,2,1,2,2,2,1,2,2,2,2,2,3,2,2,2,2,2,2,2,2,2,2,0,0,0
2008,45,45,2,450681,1,4,1,2,4,2,5,2,1,2,2,2,1,2,2,2,2,2,1,2,1,2,2,1,1,2,2,1,1,2,2,0,0,0
2008,45,19,1,450682,1,4,2,1,2,2,1,2,1,1,1,2,1,1,2,2,2,2,2,2,3,2,2,2,2,2,2,2,1,2,2,0,0,0
2008,45,35,1,450683,1,4,1,1,1,2,1,2,2,1,1,2,2,1,2,1,2,2,2,2,3,2,2,2,2,1,2,2,2,2,2,0,0,0
2008,45,63,1,450684,1,4,1,1,2,2,1,2,1,2,1,2,1,1,2,2,2,2,1,2,2,2,2,2,2,2,2,2,1,2,2,0,0,0
2008,45,79,2,450685,1,4,1,2,1,1,3,1,4,2,2,2,2,2,2,2,2,2,2,2,3,2,2,2,2,2,1,1,2,2,2,0,0,0
2008,45,41,1,450686,1,4,2,2,4,2,4,2,1,2,2,2,1,2,2,1,2,2,1,2,3,2,2,1,1,2,2,1,1,2,2,0,0,0
2008,45,5,1,450687,1,4,1,2,4,2,5,2,1,1,2,2,1,2,2,1,2,2,2,2,1,2,2,2,2,2,1,1,1,2,2,0,0,0
2008,45,91,1,450688,1,4,1,2,4,2,5,2,1,2,2,2,1,2,2,2,2,2,2,2,1,2,2,1,1,2,2,1,1,2,2,0,0,0
2008,45,27,1,450689,1,4,1,2,1,2,5,2,2,2,2,2,2,2,2,1,2,2,2,2,3,1,1,1,1,2,2,1,2,2,2,0,0,0
2008,45,79,1,450690,1,4,1,2,1,2,3,2,1,2,2,2,1,2,2,2,1,2,2,2,3,2,2,2,2,2,2,2,2,2,2,0,0,0
2008,45,79,1,450691,1,4,1,2,1,2,5,3,1,2,2,2,1,2,2,2,2,2,2,2,3,1,1,1,1,2,2,1,2,2,2,0,0,0
2008,45,19,1,450692,1,4,1,2,1,1,5,1,4,2,2,2,2,2,2,2,2,2,1,2,1,2,2,2,2,2,2,2,2,2,2,0,0,0
2008,45,79,1,450693,1,4,1,2,3,2,5,2,1,2,2,2,1,2,2,1,2,2,2,2,1,2,2,2,2,2,2,2,1,2,2,0,0,0
2008,45,7,1,450694,1,4,1,2,4,2,3,2,1,2,2,2,1,2,2,1,2,2,1,2,1,2,2,2,2,2,2,2,1,2,2,0,0,0
2008,45,45,1,450695,1,4,1,2,4,2,3,2,1,1,1,2,1,2,2,1,2,2,2,2,3,2,2,2,2,2,2,2,1,2,2,0,0,0
2008,45,75,1,450696,1,4,1,2,4,2,4,2,1,1,1,2,1,2,2,2,2,2,1,2,3,1,1,1,1,2,2,1,1,2,2,0,0,0
2008,45,27,1,450697,1,4,1,2,4,2,5,2,1,2,1,2,1,2,2,1,2,2,1,2,3,2,2,2,2,2,2,2,1,2,2,0,0,0
2008,45,7,1,450698,1,4,2,2,1,2,5,2,3,1,1,2,2,2,1,2,2,2,2,2,3,2,2,2,2,2,1,1,1,2,2,0,0,0
2008,45,35,1,450699,1,4,1,2,1,2,3,2,3,2,2,2,2,1,2,2,2,2,2,2,3,2,2,2,2,2,2,2,1,2,2,0,0,0
2008,45,13,2,450700,1,4,1,2,1,2,3,2,3,2,2,2,2,2,2,2,2,2,2,2,1,2,2,2,2,2,2,2,1,2,2,0,0,0
2008,45,87,1,450701,1,4,1,2,4,2,5,2,1,1,1,2,1,2,2,2,2,2,2,2,3,2,2,2,2,1,2,2,1,2,2,0,0,0
2008,45,85,1,450702,1,4,1,2,1,1,5,1,4,1,1,2,2,2,1,2,2,2,2,2,3,2,2,2,2,1,2,2,2,2,2,0,0,0
2008,45,83,1,450703,1,4,1,2,2,2,4,2,1,2,1,2,1,2,2,2,2,2,2,2,1,1,1,1,1,2,2,1,1,2,2,0,0,0
2008,45,51,1,450704,1,4,1,2,1,2,3,2,1,2,1,2,1,2,2,2,1,2,2,2,3,1,1,1,1,2,2,1,2,2,2,0,0,0
2008,45,83,1,450705,1,4,1,2,4,2,5,2,1,1,1,2,1,2,2,1,2,2,2,2,2,2,2,2,2,2,1,1,1,2,2,0,0,0
2008,45,51,1,450706,1,4,1,2,1,1,3,1,4,1,1,2,2,2,2,2,2,2,2,2,3,2,2,2,2,1,2,2,2,2,2,0,0,0
2008,45,41,1,450707,1,4,1,2,1,2,5,2,2,1,1,2,3,2,2,2,1,2,2,2,3,2,2,2,2,1,2,2,2,2,2,0,0,0
2008,45,19,1,450708,1,4,1,2,1,2,3,2,1,2,2,2,1,2,2,2,1,2,2,2,3,2,2,2,2,2,2,2,2,2,2,0,0,0
2008,45,79,1,450709,1,4,1,2,4,2,5,2,1,1,2,2,1,2,2,1,2,2,2,2,1,2,2,2,2,2,2,2,1,2,2,0,0,0
2008,45,51,1,450710,1,4,1,2,4,2,5,2,1,2,2,2,1,2,2,2,2,2,1,2,3,1,1,1,1,2,2,1,1,2,2,0,0,0
2008,45,73,1,450711,1,4,1,2,4,2,5,2,1,2,2,2,1,2,2,2,2,2,2,2,1,2,2,2,2,2,1,1,1,2,2,0,0,0
2008,45,45,1,450712,1,4,1,2,4,2,5,2,1,2,2,2,1,2,2,1,2,2,2,2,1,1,1,1,1,2,2,1,1,2,2,0,0,0
2008,45,39,2,450713,1,4,1,2,4,2,5,2,1,2,2,2,1,2,2,1,2,2,1,2,3,2,2,2,2,2,2,2,1,2,2,0,0,0
2008,45,1,1,450714,1,4,1,2,4,2,4,2,1,1,1,2,1,2,2,2,2,2,2,2,1,2,2,2,2,2,2,2,1,2,2,0,0,0
2008,45,77,1,450715,1,4,1,2,1,1,3,1,4,1,1,2,2,2,1,2,2,2,2,2,3,2,2,2,2,2,1,1,2,2,2,0,0,0
2008,45,77,1,450716,1,4,1,2,1,1,3,1,4,1,1,2,2,2,2,2,2,2,2,2,3,2,2,2,2,1,2,2,2,2,2,0,0,0
2008,45,85,2,450717,1,4,1,3,4,2,7,2,1,2,2,2,1,2,2,2,2,2,2,2,3,2,2,2,2,2,1,1,1,2,2,0,0,0
2008,45,89,1,450718,1,4,1,2,4,2,5,2,1,1,2,2,1,2,2,1,2,2,2,2,3,1,1,1,1,2,2,1,1,2,2,0,0,0
2008,45,27,2,450719,1,4,1,1,4,2,1,2,1,2,2,2,1,2,2,2,2,2,2,2,3,2,2,2,2,2,2,2,1,2,2,0,0,0
2008,45,83,1,450720,1,4,1,1,1,2,1,2,1,2,2,2,1,2,2,2,2,2,1,2,1,2,2,2,2,2,1,1,1,2,2,0,0,0
2008,45,45,1,450721,1,4,1,2,4,2,5,2,1,2,1,2,1,2,2,1,2,2,2,2,3,1,1,1,1,2,2,1,1,2,2,0,0,0
2008,45,37,1,450722,1,4,1,2,4,2,3,2,1,2,1,2,1,2,2,2,2,2,2,2,2,2,2,2,2,2,2,2,1,2,2,0,0,0
2008,45,29,1,450723,1,4,1,2,1,2,5,2,2,2,2,2,2,2,2,1,2,2,2,2,3,2,2,2,2,2,2,2,2,2,2,0,0,0
2008,45,91,1,450724,1,4,1,2,1,1,5,1,4,1,2,2,2,2,1,2,2,2,2,2,1,1,1,1,1,2,2,1,2,2,2,0,0,0
2008,45,45,1,450725,1,4,1,2,4,2,5,2,1,1,1,2,1,2,2,1,2,2,1,2,3,1,1,1,1,2,2,1,1,2,2,0,0,0
2008,45,51,1,450726,1,4,1,2,1,1,4,1,4,1,2,2,2,2,2,2,2,2,2,2,3,1,1,1,1,1,2,1,2,2,2,0,0,0
2008,45,19,1,450728,1,4,1,2,4,2,5,2,1,2,1,2,1,2,2,1,2,2,1,2,1,2,2,2,2,2,2,2,1,2,2,0,0,0
2008,45,45,1,450729,1,4,1,2,4,2,4,2,1,1,1,2,1,2,2,1,2,2,1,2,3,1,1,1,1,2,2,1,1,2,2,0,0,0
2008,45,29,2,450730,1,4,1,2,4,2,5,2,1,2,1,2,1,2,2,2,2,2,2,2,3,2,2,2,2,2,1,1,1,2,2,0,0,0
2008,45,7,1,450731,1,4,1,2,1,2,3,2,1,2,1,2,1,2,2,2,1,2,2,2,3,2,2,2,2,2,2,2,2,2,2,0,0,0
2008,45,25,1,450732,1,4,1,2,4,2,3,2,1,1,1,2,2,2,2,1,2,2,2,2,3,2,2,2,2,2,2,2,1,2,2,0,0,0
2008,45,15,1,450733,1,4,1,2,1,2,3,2,3,1,1,2,2,2,2,2,2,2,2,2,3,2,2,2,2,2,2,2,2,2,2,0,0,0
2008,45,79,1,450734,1,4,1,2,1,1,3,1,4,1,1,2,2,2,2,2,2,2,2,2,3,2,2,2,2,1,2,2,2,1,2,0,0,0
2008,45,23,1,450735,1,4,1,2,1,2,4,2,3,1,1,2,2,2,2,2,2,2,2,2,3,1,1,1,1,2,2,1,1,2,2,0,0,0
2008,45,41,1,450736,1,4,1,1,4,2,1,2,1,1,1,2,1,2,1,1,2,2,2,2,3,2,2,2,2,2,2,2,1,2,2,0,0,0
2008,45,5,1,450737,1,4,1,2,4,2,4,2,1,2,2,2,1,2,2,1,2,2,2,2,3,2,2,2,2,1,2,2,1,2,2,0,0,0
2008,45,57,1,450738,1,4,1,2,1,1,4,1,4,1,1,2,2,2,2,2,2,2,2,2,3,2,2,2,2,2,2,2,2,2,2,0,0,0
2008,45,77,1,450739,1,4,1,2,1,1,5,1,4,1,1,2,2,2,2,2,2,2,2,2,3,2,2,2,2,1,2,2,2,2,2,0,0,0
2008,45,51,1,450740,1,4,1,2,4,2,5,2,1,2,1,2,1,2,2,1,2,2,2,2,3,2,2,2,2,2,2,2,1,2,2,0,0,0
2008,45,51,1,450741,1,4,1,2,4,2,5,2,1,2,2,2,1,2,2,2,2,2,2,2,3,1,1,1,1,2,2,1,1,2,2,0,0,0
2008,45,63,1,450742,1,4,1,1,1,2,1,2,2,2,1,2,2,2,2,2,2,2,1,2,1,2,2,2,2,2,2,2,2,2,2,0,0,0
2008,45,53,1,450743,1,4,1,2,1,2,3,2,2,1,2,2,3,2,2,2,2,2,2,2,3,2,2,2,2,2,1,1,2,2,2,0,0,0
2008,45,75,1,450744,1,4,1,2,4,2,4,2,1,2,2,2,1,2,2,2,2,2,2,2,1,2,2,2,2,2,2,2,1,2,2,0,0,0
2008,45,3,1,450745,1,4,1,2,1,1,3,1,4,1,2,2,2,2,2,2,2,2,2,2,3,2,2,2,2,2,2,2,2,2,2,0,0,0
2008,45,15,1,450746,1,4,1,2,4,2,3,2,1,2,2,2,1,2,2,1,2,2,1,2,3,1,1,1,1,2,2,1,1,2,2,0,0,0
2008,45,45,1,450747,1,4,1,2,4,2,5,2,1,1,2,2,1,2,2,2,2,2,2,2,3,2,2,2,2,1,2,2,1,2,2,0,0,0
2008,45,41,2,450748,1,4,1,1,4,2,1,2,1,1,2,2,1,2,2,2,2,2,2,2,3,2,2,2,2,2,2,2,1,2,1,0,0,0
2008,45,19,1,450749,1,4,1,2,1,2,4,2,3,2,2,2,2,2,2,2,2,2,2,2,3,2,2,2,2,2,2,2,2,2,2,0,0,0
2008,45,85,1,450750,1,4,1,2,4,2,4,2,1,1,2,2,1,2,2,2,2,2,2,2,3,2,2,2,2,2,2,2,1,2,2,0,0,0
2008,45,75,1,450751,1,4,1,2,1,1,5,1,4,1,2,2,2,2,2,2,2,2,2,2,3,2,2,2,2,2,2,2,2,2,2,0,0,0
2008,45,63,1,450752,1,4,2,1,1,2,1,3,4,1,2,2,2,2,2,1,2,2,2,2,3,2,2,2,2,1,2,2,1,2,2,0,0,0
2008,45,83,1,450753,1,4,1,1,1,2,1,2,2,2,1,2,1,2,2,2,1,2,2,2,3,2,2,2,2,1,2,2,2,2,2,0,0,0
2008,45,33,1,450754,1,4,1,2,1,2,3,2,1,2,2,1,1,2,2,2,2,1,2,2,3,2,2,2,2,2,2,2,2,2,2,0,0,0
2008,45,3,1,450755,1,4,1,2,1,2,5,2,4,2,1,1,2,2,1,2,2,2,2,2,1,2,2,2,2,2,2,2,2,2,2,0,0,0
2008,45,39,2,450756,1,4,1,2,2,2,5,2,1,2,2,2,1,2,2,1,2,2,1,2,3,2,2,2,2,2,2,2,1,1,2,0,0,0
2008,45,39,1,450757,1,4,1,2,4,2,5,2,1,2,1,2,1,2,2,2,2,2,1,2,1,1,1,1,1,2,2,1,1,2,2,0,0,0
2008,45,15,1,450758,1,4,1,2,4,2,5,2,1,2,1,2,1,2,2,2,2,2,2,2,3,2,2,2,2,2,2,2,1,2,2,0,0,0
2008,45,7,1,450759,1,4,1,2,1,2,5,2,1,1,1,1,2,2,2,2,1,2,2,2,3,2,2,2,2,2,2,2,2,2,2,0,0,0
2008,45,25,1,450760,1,4,1,2,1,1,4,1,4,1,1,2,2,2,2,2,2,2,2,2,3,1,2,1,2,1,2,2,2,2,2,0,0,0
2008,45,29,1,450761,1,4,1,2,1,2,3,2,4,2,1,1,3,2,2,2,2,2,2,2,3,2,2,2,2,1,2,2,2,2,2,0,0,0
2008,45,45,1,450762,1,4,1,2,1,1,3,1,4,1,1,2,3,2,2,2,2,2,2,2,3,2,2,2,2,1,2,2,2,2,2,0,0,0
2008,45,45,1,450763,1,4,1,2,4,2,3,2,1,1,1,2,1,2,2,2,2,2,2,2,2,2,2,2,2,2,2,2,1,2,2,0,0,0
2008,45,63,1,450764,1,4,1,2,1,2,4,2,1,1,1,2,1,2,2,2,1,2,2,2,3,2,2,2,2,2,2,2,2,2,2,0,0,0
2008,45,51,1,450765,1,4,1,2,4,2,5,2,1,2,1,2,1,2,2,1,2,2,2,2,1,2,2,2,2,2,2,2,1,2,2,0,0,0
2008,45,81,1,450766,1,4,1,2,4,2,4,2,1,1,1,2,1,2,2,1,2,2,1,2,2,2,2,2,2,2,2,2,1,2,2,0,0,0
2008,45,43,1,450767,1,4,1,2,4,2,5,2,1,2,1,2,1,2,2,1,2,2,2,2,1,2,2,2,2,2,2,2,1,2,2,0,0,0
2008,45,19,1,450768,1,4,1,2,2,2,5,2,1,1,1,1,1,2,2,2,1,2,2,2,1,2,2,2,2,2,1,1,2,2,2,0,0,0
2008,45,63,1,450769,1,4,1,2,1,1,4,1,4,1,1,2,2,2,1,2,2,2,2,2,1,2,2,2,2,2,2,2,2,1,2,0,0,0
2008,45,19,2,450770,1,4,1,2,1,1,3,1,4,2,2,2,2,2,2,2,2,2,2,2,3,2,2,2,2,1,2,2,2,2,2,0,0,0
2008,45,91,1,450771,1,4,1,2,4,2,5,2,1,2,2,2,1,2,2,1,2,2,1,2,1,2,2,2,2,2,2,2,1,2,2,0,0,0
2008,45,45,1,450772,1,4,1,2,1,2,3,2,1,2,2,2,1,2,2,2,1,2,2,2,3,2,2,2,2,2,2,2,2,2,2,0,0,0
2008,45,39,1,450773,1,4,1,2,1,2,5,2,1,2,2,1,1,2,2,2,1,2,2,2,3,2,2,2,2,2,2,2,2,2,2,0,0,0
2008,45,51,1,450774,1,4,1,2,1,1,5,1,4,1,2,2,2,2,2,2,2,2,2,2,3,2,2,2,2,1,2,2,2,2,2,0,0,0
2008,45,51,1,450775,1,4,1,2,2,2,5,2,1,2,2,2,1,2,2,2,1,2,2,2,3,2,2,2,2,2,2,2,2,2,2,0,0,0
2008,45,19,1,450776,1,4,1,2,1,2,5,2,3,2,1,2,2,2,2,2,2,2,2,2,3,2,2,2,2,2,2,2,1,2,2,0,0,0
2008,45,13,1,450777,1,4,1,2,4,2,3,2,1,1,1,2,1,2,2,2,2,2,2,2,3,2,2,2,2,1,2,2,1,2,2,0,0,0
2008,45,47,1,450778,1,4,1,2,1,2,5,2,1,2,1,2,1,2,2,2,1,2,2,2,3,2,2,2,2,2,1,1,2,2,2,0,0,0
2008,45,45,1,450779,1,4,1,2,1,1,5,1,4,1,1,2,2,2,2,2,2,2,2,2,3,2,2,2,2,1,2,2,2,1,2,0,0,0
2008,45,31,1,450780,1,4,1,2,4,2,5,2,1,1,1,2,1,2,2,1,2,2,2,2,3,2,2,2,2,1,2,2,1,2,2,0,0,0
2008,45,63,1,450781,1,4,1,2,1,2,5,2,3,1,1,2,2,2,1,2,2,2,2,2,3,2,2,2,2,2,1,1,1,2,2,0,0,0
2008,45,77,1,450782,1,4,1,2,4,2,5,2,1,2,1,2,1,2,2,1,2,2,2,2,1,2,2,2,2,1,2,2,1,2,2,0,0,0
2008,45,79,1,450783,1,4,1,2,4,2,5,2,1,2,1,2,1,2,2,1,2,2,2,2,3,2,2,2,2,2,2,2,1,2,2,0,0,0
2008,45,41,1,450784,1,4,1,1,2,2,1,2,2,1,1,2,1,2,2,1,1,2,2,2,3,2,2,1,1,2,2,1,1,2,2,0,0,0
2008,45,45,1,450785,1,4,2,2,1,2,3,2,2,2,2,2,2,2,1,1,2,2,2,2,1,2,2,2,2,2,2,2,2,2,2,0,0,0
2008,45,21,2,450786,1,4,1,2,1,2,4,2,5,1,1,2,3,2,2,2,2,2,2,2,3,2,2,2,2,1,2,2,1,2,2,0,0,0
2008,45,79,1,450787,1,4,1,2,1,1,3,1,4,1,1,2,2,2,2,2,2,2,2,2,3,2,2,2,2,2,2,2,2,2,2,0,0,0
2008,45,33,1,450788,1,4,1,2,4,2,4,2,1,2,2,2,1,2,2,1,2,2,2,2,2,2,2,2,2,2,2,2,1,2,2,0,0,0
2008,45,25,1,450789,1,4,1,2,1,1,5,1,4,1,2,2,2,2,2,2,2,2,2,2,3,1,2,1,2,2,1,1,2,2,2,0,0,0
2008,45,63,1,450790,1,4,1,2,4,2,5,2,1,2,2,2,1,2,2,2,2,2,1,2,3,2,2,2,2,2,1,1,1,2,2,0,0,0
2008,45,83,1,450791,1,4,1,1,3,2,1,2,1,2,2,2,1,2,2,2,2,2,2,2,2,2,2,2,2,2,2,2,1,2,2,0,0,0
2008,45,3,1,450792,1,4,1,2,4,2,4,2,1,2,2,2,1,2,2,1,2,2,2,2,1,2,2,2,2,2,2,2,1,2,2,0,0,0
2008,45,79,1,450793,1,4,1,2,1,2,3,2,1,2,2,2,1,2,2,2,1,2,2,2,3,2,2,2,2,2,2,2,2,2,2,0,0,0
2008,45,45,2,450794,1,4,1,2,4,2,5,2,1,2,1,2,1,2,2,1,2,2,1,2,1,2,2,2,2,2,2,2,1,2,2,0,0,0
2008,45,63,2,450795,1,4,1,2,1,2,3,2,5,2,1,2,2,2,1,1,2,2,2,2,3,1,1,1,1,2,2,1,2,2,2,0,0,0
2008,45,79,1,450796,1,4,1,2,1,1,5,1,4,2,2,2,2,2,2,2,2,2,2,2,3,2,2,2,2,2,2,2,2,2,2,0,0,0
2008,45,19,2,450797,1,4,1,2,4,2,5,2,1,1,2,2,1,2,2,1,2,2,1,2,2,2,2,2,2,2,2,2,1,2,2,0,0,0
2008,45,7,1,450798,1,4,1,2,4,2,5,2,1,2,2,2,1,2,2,1,2,2,1,2,2,2,2,2,2,2,2,2,1,2,2,0,0,0
2008,45,51,1,450799,1,4,1,2,1,1,4,1,3,1,2,2,2,2,2,2,2,2,2,2,3,2,2,2,2,2,2,2,2,2,2,0,0,0
2008,45,35,1,450800,1,4,1,2,1,2,5,2,1,2,2,2,1,2,2,2,1,2,2,2,3,2,2,2,2,2,1,1,2,2,2,0,0,0
2008,45,83,2,450801,1,4,1,2,1,2,5,2,2,2,2,2,2,2,1,2,2,2,2,2,1,2,2,2,2,2,2,2,2,2,2,0,0,0
2008,45,69,1,450802,1,4,1,2,2,2,5,2,1,1,1,2,1,2,2,2,2,2,2,2,3,2,2,2,2,2,2,2,1,2,1,0,0,0
2008,45,37,1,450803,1,4,1,2,1,2,5,2,3,1,1,2,2,2,2,2,2,2,1,2,1,2,2,1,1,2,2,1,1,1,2,0,0,0
2008,45,69,2,450804,1,4,1,2,4,2,3,2,1,2,1,2,1,2,2,1,2,2,2,2,3,2,2,2,2,2,2,2,1,2,2,0,0,0
2008,45,83,1,450805,1,4,1,1,4,2,1,2,1,2,1,2,1,2,2,1,2,2,1,2,3,2,2,2,2,2,2,2,1,2,2,0,0,0
2008,45,35,1,450806,1,4,1,1,4,2,1,2,1,2,1,2,1,1,2,2,2,2,2,2,2,2,2,2,2,2,1,1,1,2,1,0,0,0
2008,45,45,1,450807,1,4,1,2,1,1,3,1,2,2,1,2,2,1,2,1,2,2,2,2,1,2,2,2,2,2,2,2,2,2,2,0,0,0
2008,45,31,1,450808,1,4,1,2,4,2,5,2,1,1,1,2,1,2,2,1,2,2,2,2,1,2,2,2,2,2,2,2,1,2,2,0,0,0
2008,45,83,1,450809,1,4,1,2,1,2,4,2,1,2,1,2,1,2,2,2,1,2,2,2,3,2,2,2,2,2,2,2,2,2,2,0,0,0
2008,45,13,1,450810,1,4,1,2,1,2,5,2,1,2,1,1,1,2,2,1,2,1,2,2,3,2,2,2,2,2,2,2,2,2,2,0,0,0
2008,45,7,1,450811,1,4,1,2,1,2,4,2,1,2,2,2,1,2,2,2,1,2,2,2,3,2,2,2,2,2,2,2,2,2,2,0,0,0
2008,45,91,1,450812,1,4,1,2,1,2,5,2,1,2,1,2,1,2,1,1,2,2,2,2,3,2,2,2,2,2,2,2,2,2,2,0,0,0
2008,45,29,2,450813,1,4,1,1,1,2,1,2,2,1,1,2,2,1,2,1,2,2,2,2,3,2,2,2,2,2,2,2,2,2,2,0,0,0
2008,45,71,1,450814,1,4,1,3,1,2,7,2,1,2,1,2,1,2,2,1,2,2,1,2,3,2,2,2,2,2,2,2,1,2,2,0,0,0
2008,45,43,2,450815,1,4,1,2,4,2,3,2,1,1,1,2,1,2,2,2,2,2,2,2,3,2,2,2,2,1,2,2,1,2,2,0,0,0
2008,45,63,1,450816,1,4,1,2,1,2,3,2,3,1,1,2,2,2,2,2,2,2,2,2,1,2,2,2,2,1,2,2,1,1,2,0,0,0
2008,45,19,1,450817,1,4,1,2,1,2,5,2,1,2,2,1,1,2,2,2,2,1,2,2,3,2,2,2,2,2,2,2,2,2,2,0,0,0
2008,45,73,1,450818,1,4,1,2,4,2,5,2,1,1,2,2,1,2,2,2,2,2,2,2,3,2,2,2,2,1,2,2,1,2,2,0,0,0
2008,45,7,1,450819,1,4,1,2,1,1,3,1,4,1,1,2,2,2,2,2,2,2,2,2,3,2,2,2,2,1,2,2,2,2,2,0,0,0
2008,45,51,2,450820,1,4,1,2,2,2,3,2,1,2,2,2,1,2,2,2,2,2,1,2,3,1,1,1,1,2,2,1,1,2,2,0,0,0
2008,45,59,1,450821,1,4,1,1,3,2,1,2,1,2,2,2,1,1,2,2,2,2,1,2,2,2,2,2,2,2,2,2,1,2,1,0,0,0
2008,45,85,1,450822,1,4,1,2,1,2,4,2,1,1,2,2,1,2,2,2,1,2,2,2,3,2,2,2,2,2,2,2,2,2,2,0,0,0
2008,45,63,1,450823,1,4,1,2,4,2,5,2,1,1,1,2,1,2,2,2,2,2,2,2,2,2,2,2,2,1,2,2,1,2,2,0,0,0
2008,45,27,1,450824,1,4,1,1,3,2,1,2,1,1,2,2,1,2,2,2,2,2,1,2,2,2,2,2,2,2,2,2,1,2,2,0,0,0
2008,45,73,2,450825,1,4,1,2,1,1,3,1,4,1,1,2,2,1,2,2,2,2,2,2,3,2,2,2,2,1,2,2,2,2,2,0,0,0
2008,45,15,1,450826,1,4,2,2,1,2,4,2,1,2,1,2,1,2,2,1,1,2,2,2,3,2,2,2,2,1,2,2,2,1,2,0,0,0
2008,45,19,1,450827,1,4,1,1,1,2,1,2,2,1,2,2,2,2,2,1,2,2,2,2,3,2,2,2,2,2,1,1,2,2,2,0,0,0
2008,45,63,1,450828,1,4,1,2,1,1,4,1,2,2,2,2,3,2,2,1,2,2,2,2,1,1,1,1,1,2,1,1,2,1,2,0,0,0
2008,45,23,1,450829,1,4,1,2,1,2,5,2,1,2,2,1,1,2,2,2,1,2,2,2,1,2,2,2,2,2,2,2,2,2,2,0,0,0
2008,45,33,1,450830,1,4,1,2,1,2,5,2,1,2,1,1,1,2,2,2,1,2,2,2,3,2,2,2,2,2,2,2,2,2,2,0,0,0
2008,45,19,1,450831,1,4,1,2,1,2,5,2,1,2,2,2,1,2,2,2,1,2,2,2,3,2,2,2,2,2,2,2,2,2,2,0,0,0
2008,45,71,1,450832,1,4,1,1,1,2,1,2,4,2,2,1,2,2,2,2,2,2,2,2,3,2,2,2,2,2,1,1,2,2,2,0,0,0
2008,45,79,1,450833,1,4,1,2,1,1,5,1,4,2,2,2,2,2,2,2,2,2,2,2,3,2,2,2,2,1,2,2,2,2,2,0,0,0
2008,45,51,1,450834,1,4,1,2,1,1,3,1,4,2,1,2,2,1,1,2,2,2,2,2,3,2,2,2,2,2,2,2,2,2,2,0,0,0
2008,45,89,1,450835,1,4,1,2,4,2,5,2,1,2,1,2,1,2,2,1,2,2,1,2,1,2,2,2,2,2,2,2,1,2,2,0,0,0
2008,45,41,3,450836,1,4,1,2,1,2,3,2,2,2,2,2,2,2,2,2,2,2,1,2,1,2,2,2,2,2,2,2,2,2,2,0,0,0
2008,45,19,1,450837,1,4,1,2,1,1,4,1,4,2,1,2,2,2,1,2,2,2,2,2,3,2,2,2,2,2,1,1,2,2,2,0,0,0
2008,45,83,1,450838,1,4,1,2,1,2,4,2,4,1,1,2,2,2,2,2,2,2,2,2,3,2,2,2,2,1,2,2,2,2,2,0,0,0
2008,45,23,1,450839,1,4,1,2,1,2,4,2,1,1,1,2,1,2,2,2,2,2,2,2,3,1,1,1,1,2,2,1,2,2,2,0,0,0
2008,45,19,1,450840,1,4,1,2,1,2,3,2,1,2,1,2,1,2,2,1,1,2,2,2,3,2,2,2,2,2,2,2,2,2,2,0,0,0
2008,45,13,1,450841,1,4,1,2,1,2,4,2,2,1,1,2,2,2,1,2,2,2,2,2,3,2,2,2,2,1,2,2,2,1,2,0,0,0
2008,45,25,1,450843,1,4,1,2,1,1,4,1,4,2,2,2,3,2,2,2,2,2,2,2,3,1,1,1,1,2,1,1,2,2,2,0,0,0
2008,45,33,1,450844,1,4,1,2,1,1,5,1,4,1,1,2,2,2,2,2,2,2,2,2,3,2,2,2,2,2,2,2,2,2,2,0,0,0
2008,45,67,1,450845,1,4,1,2,1,2,3,2,1,2,2,2,1,2,2,2,1,2,2,2,3,2,2,2,2,1,2,2,2,2,2,0,0,0
2008,45,5,1,450846,1,4,1,2,4,2,5,2,1,1,1,2,1,2,2,2,2,2,2,2,3,2,2,2,2,1,2,2,1,1,2,0,0,0
2008,46,99,1,460001,1,8,1,1,2,2,1,2,2,1,1,2,2,2,2,2,2,2,2,2,2,2,2,2,2,2,2,2,1,2,2,0,0,0
2008,46,109,1,460002,1,8,1,2,1,2,3,2,4,1,1,2,2,2,2,1,2,2,2,2,2,2,2,2,2,1,2,2,2,2,2,1,0,1
2008,46,107,1,460003,1,8,1,2,4,2,5,2,1,2,1,2,1,2,2,2,2,2,1,2,1,2,2,2,2,1,2,2,1,2,2,0,0,0
2008,46,99,1,460004,1,8,2,1,3,2,1,2,1,1,1,2,1,2,2,2,2,2,1,2,2,2,2,2,2,2,2,2,1,2,2,0,0,0
2008,46,103,1,460005,1,8,1,2,4,2,5,2,1,2,1,2,1,2,2,2,2,2,2,2,1,1,1,1,1,2,2,1,1,2,2,0,0,0
2008,46,95,1,460006,1,8,1,2,1,2,3,2,1,2,2,2,1,1,2,2,1,2,2,2,2,2,2,2,2,2,2,2,2,2,2,0,0,0
2008,46,59,1,460007,1,8,1,2,4,2,6,2,1,2,1,2,1,2,2,2,2,2,1,2,1,2,2,2,2,2,2,2,1,1,2,0,0,0
2008,46,19,1,460008,1,8,1,2,1,2,3,2,1,2,2,2,1,2,2,2,2,2,1,2,1,2,2,2,2,2,1,1,1,2,2,0,0,0
2008,46,127,1,460009,1,8,1,2,1,2,4,2,4,1,1,2,2,1,2,1,2,2,2,2,2,2,2,2,2,2,2,2,1,2,2,0,0,0
2008,46,29,1,460010,1,8,2,2,1,1,3,1,4,1,1,2,2,1,2,2,2,2,2,2,2,2,2,2,2,2,2,2,2,2,2,0,0,0
2008,46,11,1,460011,1,8,1,1,3,2,1,2,1,3,2,2,1,2,2,1,2,2,1,2,3,2,2,2,2,2,1,1,1,2,2,0,0,0
2008,46,15,1,460012,1,8,1,2,4,2,5,3,1,1,2,2,1,2,2,1,2,2,2,2,1,1,1,1,1,2,2,1,1,2,2,0,0,0
2008,46,113,1,460013,1,8,1,2,1,2,5,3,4,1,2,2,2,2,2,1,2,2,2,2,1,1,1,1,1,2,1,1,2,2,2,1,1,1
2008,46,27,1,460014,1,8,1,2,1,1,3,1,4,1,2,2,2,1,2,2,2,2,2,2,2,2,2,2,2,1,2,2,2,2,2,0,0,0
2008,46,93,1,460015,1,8,1,2,1,1,3,1,4,1,1,2,2,2,2,1,2,2,2,2,2,1,1,1,1,2,2,1,2,2,2,0,0,0
2008,46,5,2,460016,1,8,1,2,4,2,5,2,1,2,2,2,1,2,2,1,2,2,1,2,1,2,2,2,2,2,1,1,1,2,2,0,0,0
2008,46,71,1,460017,1,8,1,1,1,2,1,2,1,1,2,2,1,2,2,1,2,2,1,2,3,1,1,1,1,2,2,1,1,2,2,0,0,0
2008,46,79,1,460018,1,8,1,2,1,2,3,2,3,1,1,2,2,2,2,2,2,2,1,2,2,2,2,2,2,2,1,1,1,2,2,0,0,0
2008,46,103,1,460019,1,8,2,1,4,2,1,2,1,1,2,2,1,2,2,2,2,2,1,2,1,2,2,2,2,2,2,2,1,2,2,0,0,0
2008,46,59,1,460021,1,8,1,2,4,2,5,2,1,2,2,2,1,2,2,1,2,2,1,2,1,1,1,1,1,2,2,1,1,2,2,0,0,0
2008,46,31,1,460022,1,8,1,2,1,2,3,2,1,2,2,2,1,2,2,2,1,2,2,2,2,2,2,2,2,2,2,2,1,2,2,1,1,1
2008,46,19,2,460023,1,8,1,2,4,2,3,2,1,1,1,2,1,2,2,2,2,2,1,2,2,2,2,2,2,2,2,2,1,2,2,0,0,0
2008,46,7,1,460024,1,8,1,2,1,2,3,2,4,1,1,2,2,1,2,1,2,2,2,2,2,2,2,2,2,2,2,2,1,2,2,0,0,0
2008,46,37,1,460025,1,8,1,2,4,2,5,2,1,2,2,2,1,2,2,1,2,2,1,2,1,2,2,2,2,2,2,2,1,2,2,0,0,0
2008,46,37,1,460026,1,8,1,2,4,2,3,2,1,2,1,2,1,2,2,2,2,2,2,2,1,2,2,1,1,2,2,1,1,1,2,0,0,0
2008,46,93,1,460027,1,8,1,1,1,2,1,2,2,1,1,2,3,2,2,2,2,2,2,2,2,1,1,1,1,2,2,1,2,1,2,0,0,0
2008,46,135,1,460028,1,8,2,2,1,2,3,2,1,2,1,2,1,2,2,2,1,2,2,2,2,1,1,1,1,2,2,1,2,2,2,0,0,0
2008,46,93,1,460029,1,8,1,1,4,2,1,2,1,1,1,2,1,2,2,2,2,2,1,2,2,2,2,2,2,2,2,2,1,2,2,0,0,0
2008,46,111,2,460030,1,8,1,2,1,1,6,1,4,1,1,2,2,2,2,2,2,2,2,2,2,2,2,2,2,2,1,1,2,2,2,0,0,0
2008,46,51,1,460031,1,8,1,2,4,2,5,2,1,2,2,2,1,2,2,2,2,2,1,2,1,2,2,2,2,2,2,2,1,2,2,0,0,0
2008,46,105,1,460032,1,8,1,2,1,2,5,2,1,2,2,2,1,2,2,2,2,2,1,2,1,2,2,2,2,2,2,2,1,2,2,0,0,0
2008,46,19,1,460033,1,8,1,2,4,2,5,2,1,1,2,2,1,2,2,2,2,2,1,2,3,2,2,2,2,2,2,2,1,2,2,0,0,0
2008,46,103,1,460034,1,8,2,2,1,2,3,2,1,2,2,2,1,2,2,2,1,2,2,2,2,1,1,1,1,2,2,1,2,2,2,0,0,0
2008,46,35,1,460035,1,8,1,1,3,2,1,2,1,1,1,2,1,2,2,2,2,2,1,2,2,2,2,1,1,2,2,1,1,2,1,0,0,0
2008,46,93,1,460036,1,8,2,2,1,2,3,2,4,2,1,2,3,2,1,1,2,2,2,2,1,2,2,2,2,2,2,2,2,2,2,0,0,0
2008,46,125,3,460037,1,8,1,2,1,1,4,1,4,2,2,2,2,2,2,1,2,2,1,2,2,1,1,1,1,2,2,1,2,2,2,0,0,0
2008,46,5,1,460038,1,8,1,2,4,2,5,2,1,1,2,2,1,2,1,2,2,2,2,2,1,2,2,2,2,2,2,2,1,2,2,0,0,0
2008,46,65,1,460039,1,8,1,2,1,1,3,1,4,1,1,2,2,2,2,2,2,2,2,2,2,2,2,2,2,1,2,2,2,2,2,0,0,0
2008,46,99,1,460040,1,8,1,2,4,2,5,2,1,2,2,2,1,2,2,1,2,2,1,2,1,2,2,2,2,2,1,1,1,2,2,0,0,0
2008,46,103,1,460041,1,8,2,2,1,2,4,3,4,1,1,2,2,1,1,1,2,2,2,2,2,2,2,2,2,2,2,2,2,2,2,0,0,0
2008,46,93,1,460042,1,8,1,1,1,2,1,2,3,1,1,2,2,1,2,2,2,2,2,2,2,2,2,2,2,1,2,2,1,2,1,0,0,0
2008,46,69,1,460043,1,8,1,2,1,1,3,1,4,1,1,2,2,2,2,2,2,2,2,2,2,2,2,2,2,1,2,2,2,2,2,0,0,0
2008,46,71,1,460044,1,8,1,1,3,2,1,2,1,1,2,2,1,2,1,2,2,2,2,2,2,2,2,2,2,2,2,2,1,2,2,0,0,0
2008,46,61,1,460045,1,8,1,1,3,2,1,2,1,2,2,2,1,2,2,2,2,2,1,2,3,2,2,2,2,2,1,1,1,2,2,0,0,0
2008,46,57,1,460046,1,8,1,2,1,2,5,3,4,1,1,2,2,2,2,2,2,2,2,2,3,1,2,1,2,2,2,2,2,1,2,0,0,0
2008,46,109,1,460047,1,8,1,2,1,2,3,2,1,2,1,2,1,2,2,2,1,2,2,2,2,1,1,1,1,2,2,1,2,2,2,1,0,1
2008,46,13,1,460048,1,8,1,2,1,2,5,2,1,2,1,2,1,2,1,2,2,2,2,2,3,2,2,2,2,1,2,2,2,2,2,0,0,0
2008,46,105,1,460049,1,8,1,2,4,2,4,2,1,2,2,2,1,2,2,2,2,2,1,2,1,2,2,2,2,2,2,2,1,2,1,0,0,0
2008,46,93,1,460050,1,8,1,2,4,2,5,2,1,1,1,2,1,2,2,2,2,2,1,2,2,2,2,2,2,2,1,1,1,2,2,0,0,0
2008,46,79,1,460051,1,8,1,2,1,2,4,2,3,1,1,2,2,1,2,2,2,2,2,2,1,2,2,2,2,2,2,2,1,2,2,0,0,0
2008,46,59,1,460052,1,8,1,2,1,1,3,1,6,1,1,2,2,1,1,2,2,2,2,2,2,1,1,1,1,1,2,1,2,2,2,0,0,0
2008,46,99,1,460053,1,8,1,2,1,1,6,1,4,1,1,2,2,1,2,2,2,2,1,2,2,1,1,1,1,2,2,1,2,2,2,0,0,0
2008,46,93,2,460054,1,8,1,2,1,2,6,2,3,1,2,2,2,2,1,2,2,2,2,2,3,2,2,2,2,1,2,2,2,2,2,0,0,0
2008,46,117,1,460055,1,8,1,2,4,2,5,2,1,1,2,2,1,2,2,2,2,2,1,2,1,2,2,2,2,2,2,2,1,2,2,1,1,1
2008,46,77,1,460056,1,8,1,2,1,2,5,3,1,1,1,2,1,2,2,2,2,2,2,2,2,2,2,2,2,2,1,1,2,2,2,0,0,0
2008,46,99,1,460057,1,8,2,2,4,2,4,2,1,1,1,2,2,2,2,2,2,2,1,2,3,2,2,2,2,1,2,2,1,2,2,0,0,0
2008,46,81,1,460058,1,8,1,2,4,1,3,1,1,1,1,2,1,2,2,1,2,2,2,2,3,2,2,2,2,2,2,2,2,2,2,0,0,0
2008,46,81,1,460059,1,8,1,2,4,2,3,2,1,1,1,2,1,2,2,1,2,2,2,2,1,2,2,2,2,2,2,2,1,2,2,0,0,0
2008,46,75,2,460060,1,8,1,1,4,2,1,2,1,1,1,2,1,2,2,2,2,2,1,2,2,2,2,2,2,1,2,2,1,1,2,0,0,0
2008,46,103,1,460061,1,8,1,2,1,2,4,2,3,1,1,2,2,1,2,1,2,2,2,2,2,2,2,2,2,2,2,2,1,2,2,0,0,0
2008,46,29,1,460062,1,8,1,2,4,2,5,2,1,2,2,2,1,2,2,1,2,2,2,2,2,1,1,1,1,2,2,1,1,2,2,0,0,0
2008,46,81,1,460063,1,8,1,2,2,2,3,2,1,1,1,2,1,2,1,2,2,2,2,2,2,2,2,2,2,2,2,2,1,2,2,0,0,0
2008,46,11,1,460064,1,8,1,2,1,1,3,1,4,1,1,2,2,2,2,2,2,2,2,2,3,2,2,2,2,2,2,2,2,2,2,0,0,0
2008,46,99,1,460065,1,8,1,2,4,1,5,1,1,1,2,2,1,2,2,2,2,2,2,2,3,2,2,2,2,1,2,2,2,2,2,0,0,0
2008,46,81,1,460066,1,8,1,2,1,2,3,2,1,2,1,2,1,2,1,2,2,2,2,2,1,2,2,2,2,2,2,2,2,2,2,0,0,0
2008,46,87,1,460067,1,8,1,1,1,2,1,2,1,1,2,2,1,2,1,2,2,2,2,2,2,2,2,2,2,2,2,2,2,2,2,0,0,0
2008,46,39,2,460068,1,8,1,2,1,2,3,2,4,1,1,2,2,1,2,2,2,2,1,2,2,2,2,2,2,1,2,2,2,2,2,0,0,0
2008,46,135,1,460069,1,8,1,2,1,2,3,2,4,1,1,2,2,2,2,2,2,2,2,2,2,1,1,1,1,1,2,1,2,2,2,0,0,0
2008,46,99,1,460070,1,8,2,2,1,1,4,1,4,1,1,2,2,2,1,1,2,2,2,2,2,2,2,2,2,2,2,2,2,2,2,0,0,0
2008,46,33,1,460071,1,8,1,2,1,1,3,1,4,1,1,2,3,2,1,2,2,2,2,2,3,2,2,2,2,2,2,2,2,2,2,0,0,0
2008,46,47,1,460072,1,8,1,2,4,2,3,2,1,1,1,2,1,2,2,2,2,2,1,2,2,2,2,2,2,2,2,2,1,2,2,0,0,0
2008,46,19,1,460073,1,8,1,2,1,2,3,2,1,2,1,2,1,2,2,2,2,2,2,2,1,2,2,2,2,2,2,2,2,2,2,0,0,0
2008,46,5,1,460074,1,8,2,2,1,1,3,1,4,2,1,2,2,1,2,2,2,2,2,2,3,2,2,2,2,2,1,1,2,2,2,0,0,0
2008,46,39,1,460075,1,8,1,2,4,2,5,2,1,1,1,2,1,2,2,2,2,2,1,2,1,2,2,2,2,2,2,2,1,2,2,0,0,0
2008,46,85,1,460076,1,8,1,2,4,2,6,2,1,2,1,2,1,2,2,2,2,2,1,2,1,2,2,2,2,2,2,2,1,2,2,0,0,0
2008,46,83,1,460078,1,8,1,1,4,2,1,3,1,2,2,2,1,2,2,1,2,2,1,2,1,2,2,2,2,2,1,1,1,2,2,0,0,0
2008,46,103,1,460079,1,8,1,2,1,2,3,2,2,1,2,2,2,2,2,1,2,2,1,2,1,1,1,1,1,2,2,1,2,2,2,0,0,0
2008,46,11,1,460080,1,8,1,2,4,2,6,2,1,1,1,2,1,2,2,2,2,2,1,2,1,2,2,2,2,2,2,2,1,2,2,0,0,0
2008,46,103,1,460081,1,8,1,2,4,2,6,2,1,2,2,1,1,2,2,2,2,2,1,2,1,2,2,2,2,2,1,1,1,2,2,0,0,0
2008,46,99,1,460082,1,8,1,2,1,1,5,1,4,1,1,2,2,2,2,2,2,2,2,2,2,2,2,2,2,1,2,2,2,2,2,0,0,0
2008,46,103,1,460083,1,8,1,2,4,2,5,2,1,2,2,2,1,2,2,2,2,2,1,2,1,2,2,2,2,2,1,1,1,2,2,0,0,0
2008,46,55,1,460084,1,8,1,2,4,2,3,2,1,2,1,2,1,2,2,2,2,2,1,2,1,2,2,2,2,2,2,2,1,2,2,0,0,0
2008,46,23,1,460085,1,8,1,2,4,2,5,2,1,1,1,2,1,2,2,2,2,2,1,2,1,2,2,2,2,2,2,2,1,2,2,1,0,1
2008,46,65,1,460086,1,8,1,2,4,2,5,2,1,2,2,2,1,2,2,2,2,2,1,2,2,2,2,2,2,2,2,2,1,2,2,0,0,0
2008,46,27,1,460087,1,8,1,2,3,2,3,2,1,1,1,2,1,2,2,2,2,2,1,2,3,2,2,2,2,1,2,2,1,2,2,0,0,0
2008,46,29,1,460088,1,8,1,2,4,2,5,2,1,1,2,2,1,2,2,1,2,2,1,2,1,2,2,2,2,2,1,1,1,2,2,0,0,0
2008,46,127,1,460089,1,8,1,1,1,2,1,2,4,1,1,2,2,2,2,1,2,2,2,2,2,2,2,2,2,1,2,2,1,2,2,0,0,0
2008,46,83,1,460090,1,8,1,1,3,2,1,2,1,2,1,2,1,2,2,2,2,2,1,2,1,2,2,2,2,2,2,2,1,2,2,0,0,0
2008,46,103,1,460091,1,8,1,2,4,2,4,2,1,1,2,2,1,2,1,2,2,2,2,2,2,2,2,2,2,2,1,1,2,1,2,0,0,0
2008,46,99,1,460092,1,8,2,2,1,2,6,3,1,2,1,2,2,2,2,2,2,2,2,2,2,2,2,2,2,2,1,1,2,2,2,0,0,0
2008,46,99,1,460093,1,8,1,1,3,2,1,2,1,2,1,2,1,2,2,2,2,2,1,2,3,2,2,2,2,2,2,2,1,2,2,0,0,0
2008,46,85,2,460094,1,8,1,1,3,2,1,2,1,2,2,2,1,2,2,1,2,2,1,2,2,2,2,2,2,2,2,2,1,2,2,0,0,0
2008,46,53,1,460095,1,8,1,2,4,2,6,2,1,2,1,2,1,2,2,2,2,2,1,2,1,2,2,2,2,2,2,2,1,2,2,0,0,0
2008,46,83,1,460096,1,8,1,1,3,2,1,2,1,1,2,2,1,2,2,1,2,2,1,2,1,2,2,2,2,2,2,2,1,2,2,0,0,0
2008,46,101,1,460097,1,8,1,2,1,1,5,1,4,1,2,2,2,2,2,2,2,2,2,2,3,2,2,2,2,1,2,2,2,2,2,0,0,0
2008,46,99,1,460098,1,8,2,2,4,2,4,2,1,1,1,2,1,2,1,1,2,2,2,2,3,1,1,1,1,2,2,1,1,2,2,0,0,0
2008,46,35,1,460099,1,8,1,2,4,2,3,2,1,2,2,2,1,2,2,2,2,2,2,2,2,1,1,1,1,2,2,1,1,2,2,0,0,0
2008,46,55,1,460100,1,8,1,2,1,2,4,2,2,1,1,2,2,2,2,2,2,2,1,2,3,2,2,2,2,1,2,2,2,2,2,0,0,0
2008,46,103,1,460101,1,8,2,2,1,1,3,1,1,1,2,2,1,2,2,2,1,2,2,2,2,2,2,2,2,2,1,1,2,2,2,0,0,0
2008,46,51,2,460102,1,8,1,2,1,2,3,2,4,1,1,2,2,2,2,1,2,2,1,2,2,2,2,2,2,2,2,2,2,2,2,0,0,0
2008,46,113,1,460103,1,8,1,2,4,2,5,2,1,2,2,2,1,2,2,2,2,2,1,2,1,2,2,2,2,2,2,2,1,2,2,1,1,1
2008,46,113,1,460104,1,8,1,2,1,2,6,2,1,2,1,2,1,2,2,2,1,2,2,2,2,2,2,2,2,2,2,2,2,2,2,1,1,1
2008,46,113,2,460105,1,8,1,2,1,2,4,2,1,2,1,1,1,2,2,2,1,2,2,2,3,2,2,2,2,2,2,2,2,2,2,1,1,1
2008,46,41,2,460106,1,8,1,2,4,2,5,3,1,1,1,2,1,2,2,1,2,2,1,2,2,2,2,2,2,2,2,2,1,2,2,1,1,1
2008,46,13,1,460107,1,8,1,2,4,2,6,2,1,2,2,2,1,2,2,1,2,2,1,2,1,2,2,2,2,2,2,2,1,2,2,0,0,0
2008,46,137,1,460108,1,8,1,2,4,2,6,2,1,2,1,2,1,2,2,1,2,2,1,2,2,2,2,2,2,2,2,2,1,2,2,1,1,1
2008,46,127,1,460109,1,8,1,2,1,1,5,1,1,2,1,2,1,2,2,2,2,2,2,2,1,2,2,2,2,2,2,2,2,2,2,0,0,0
2008,46,71,1,460110,1,8,1,2,4,2,5,2,1,2,1,2,1,2,2,1,2,2,1,2,1,1,1,1,1,2,2,1,1,2,2,1,1,1
2008,46,113,1,460111,1,8,1,2,1,2,5,2,1,2,1,2,1,2,2,2,1,2,2,2,2,2,2,2,2,2,1,1,2,2,2,1,1,1
2008,47,85,1,470001,1,4,1,2,4,2,6,2,1,2,1,2,1,2,2,2,2,2,2,2,1,2,2,2,2,2,2,2,1,2,2,0,0,0
2008,47,157,1,470002,1,4,2,2,1,1,4,1,3,2,1,2,2,2,2,2,2,2,2,2,3,2,2,2,2,2,2,2,2,2,2,0,0,0
2008,47,183,1,470003,1,4,1,2,1,1,3,1,4,1,1,2,2,2,2,2,2,2,2,2,3,2,2,2,2,1,1,1,2,2,2,0,0,0
2008,47,157,1,470004,1,4,2,2,4,2,3,2,1,2,1,2,1,2,2,2,2,2,1,2,3,1,1,1,1,2,2,1,1,1,2,0,0,0
2008,47,115,1,470005,1,4,1,2,4,2,5,2,1,1,1,2,1,2,2,2,2,2,2,2,2,2,2,2,2,1,2,2,1,2,2,0,0,0
2008,47,117,1,470006,1,4,1,2,1,2,4,2,3,2,2,2,2,2,2,2,2,2,2,2,1,2,2,2,2,2,2,2,1,2,2,0,0,0
2008,47,129,1,470007,1,4,1,2,4,2,4,2,1,1,1,2,1,2,2,2,2,2,2,2,2,2,2,2,2,2,2,2,1,2,2,0,0,0
2008,47,119,1,470008,1,4,1,2,4,2,5,2,1,1,1,2,1,2,2,2,2,2,1,2,2,2,2,2,2,2,2,2,1,2,2,0,0,0
2008,47,59,1,470009,1,4,1,1,4,2,1,2,1,2,1,2,1,2,2,1,2,2,2,2,3,2,2,2,2,2,2,2,1,2,2,0,0,0
2008,47,53,1,470010,1,4,2,2,1,2,4,2,1,1,1,2,1,2,2,2,1,2,2,2,3,2,2,2,2,2,2,2,2,2,2,0,0,0
2008,47,31,1,470011,1,4,2,2,4,2,6,2,1,2,2,2,1,2,2,2,2,2,1,2,1,2,2,2,2,2,2,2,1,2,2,0,0,0
2008,47,149,1,470012,1,4,1,1,4,2,1,2,1,1,1,2,1,2,2,2,2,2,2,2,2,1,1,1,1,2,2,1,1,2,2,0,0,0
2008,47,187,1,470013,1,4,2,2,1,1,3,1,4,1,1,2,2,2,2,2,2,2,2,2,3,2,2,2,2,1,2,2,2,2,2,0,0,0
2008,47,187,1,470014,1,4,2,2,4,2,5,2,1,2,2,2,1,2,2,1,2,2,2,2,3,2,2,2,2,2,2,2,1,2,2,0,0,0
2008,47,149,1,470015,1,4,2,2,1,1,3,1,4,1,1,2,3,2,2,2,2,2,1,2,3,2,2,2,2,2,2,2,2,2,2,0,0,0
2008,47,41,1,470016,1,4,1,2,4,2,5,2,1,1,2,2,1,2,2,2,2,2,1,2,2,2,2,2,2,2,2,2,1,2,2,0,0,0
2008,47,125,1,470017,1,4,1,2,4,2,5,2,1,2,2,2,1,2,2,2,2,2,1,2,2,1,1,1,1,2,2,1,1,2,2,0,0,0
2008,47,141,1,470018,1,4,2,2,4,2,4,2,1,2,2,2,1,2,2,1,2,2,2,2,3,2,2,1,1,2,2,1,1,2,2,0,0,0
2008,47,53,3,470019,1,4,1,2,1,2,4,2,3,2,2,2,2,2,2,1,2,2,2,2,1,1,1,1,1,2,2,1,2,2,2,0,0,0
2008,47,105,1,470021,1,4,2,2,4,2,3,2,1,1,1,2,1,2,2,2,2,2,2,2,2,2,2,2,2,2,2,2,1,2,2,0,0,0
2008,47,147,1,470022,1,4,1,2,4,2,5,2,1,1,1,1,1,2,2,2,2,2,1,2,3,2,2,2,2,2,2,2,1,2,2,0,0,0
2008,47,157,2,470023,1,4,2,2,1,1,4,1,4,2,1,2,2,2,2,1,2,2,1,2,3,2,2,2,2,2,2,2,2,2,2,0,0,0
2008,47,123,2,470024,1,4,1,2,1,2,3,2,4,1,1,2,2,2,2,2,2,2,2,2,2,2,2,2,2,1,2,2,1,2,2,0,0,0
2008,47,167,1,470025,1,4,1,2,4,2,5,2,1,1,1,2,1,2,2,2,2,2,2,2,3,2,2,2,2,2,2,2,1,2,2,0,0,0
2008,47,65,1,470026,1,4,2,2,3,2,6,2,1,2,1,2,1,2,2,1,2,2,1,2,1,2,2,2,2,2,2,2,1,2,2,0,0,0
2008,47,17,1,470027,1,4,1,2,4,2,4,2,1,2,2,2,1,2,2,2,2,2,1,2,2,2,2,2,2,2,2,2,1,2,2,0,0,0
2008,47,41,1,470028,1,4,1,2,4,2,5,2,1,2,2,2,1,2,2,2,2,2,2,2,3,1,1,1,1,2,2,1,1,2,2,0,0,0
2008,47,71,1,470029,1,4,1,2,4,2,6,2,1,2,2,2,1,2,2,2,2,2,2,2,2,2,2,2,2,2,2,2,1,2,2,0,0,0
2008,47,77,1,470030,1,4,1,1,2,2,1,2,1,2,2,2,1,2,2,1,2,2,1,2,2,2,2,2,2,2,2,2,1,2,2,0,0,0
2008,47,117,1,470031,1,4,1,2,4,2,5,2,1,1,2,2,1,2,2,2,2,2,1,2,2,1,1,1,1,2,2,1,1,2,2,0,0,0
2008,47,177,1,470032,1,4,1,2,4,2,6,2,1,2,2,2,1,2,2,1,2,2,1,2,1,1,1,1,1,2,2,1,1,2,2,0,0,0
2008,47,43,2,470033,1,4,1,2,4,2,4,2,1,1,2,2,1,2,2,2,2,2,2,2,2,2,2,2,2,1,2,2,1,2,2,0,0,0
2008,47,115,1,470034,1,4,1,2,4,2,5,2,1,1,2,2,1,2,2,1,2,2,2,2,2,2,2,2,2,2,2,2,1,2,2,0,0,0
2008,47,103,1,470035,1,4,1,2,4,2,5,2,1,2,1,2,1,2,2,1,2,2,2,2,1,2,2,2,2,2,2,2,1,2,2,0,0,0
2008,47,119,1,470036,1,4,2,2,1,2,3,2,1,2,1,2,1,2,2,2,1,2,2,2,3,2,2,2,2,2,1,1,2,2,2,0,0,0
2008,47,151,1,470037,1,4,1,2,1,2,3,2,4,1,1,2,2,2,2,2,2,2,2,2,2,2,2,2,2,2,2,2,1,2,2,0,0,0
2008,47,153,1,470038,1,4,2,2,4,2,6,2,1,2,1,2,1,1,2,2,2,2,2,2,1,2,2,2,2,2,2,2,1,2,2,0,0,0
2008,47,55,1,470039,1,4,1,2,4,2,4,2,1,2,1,2,1,2,2,2,2,2,2,2,2,2,2,2,2,2,2,2,1,2,2,0,0,0
2008,47,107,1,470040,1,4,1,2,4,2,5,2,1,1,1,2,1,2,2,2,2,2,2,2,2,2,2,2,2,2,2,2,1,1,2,0,0,0
2008,47,3,1,470041,1,4,1,2,4,2,5,2,1,1,1,2,1,2,2,2,2,2,2,2,2,2,2,2,2,2,2,2,1,2,2,0,0,0
2008,47,179,1,470042,1,4,2,2,4,2,6,2,1,1,1,2,1,2,2,1,2,2,2,2,3,2,2,2,2,2,2,2,1,2,2,0,0,0
2008,47,37,1,470043,1,4,2,2,2,2,3,2,1,1,2,2,1,2,2,1,2,2,2,2,1,2,2,2,2,2,2,2,1,2,2,0,0,0
2008,47,37,1,470044,1,4,2,1,2,2,1,2,1,2,2,2,1,2,2,2,2,2,1,2,2,2,2,2,2,2,2,2,1,2,2,0,0,0
2008,47,37,1,470045,1,4,2,2,1,2,3,2,1,2,1,2,1,2,2,2,1,2,2,2,3,2,2,2,2,2,1,1,2,2,2,0,0,0
2008,47,23,1,470046,1,4,2,2,1,1,3,1,3,2,1,2,2,1,2,2,2,2,2,2,1,2,2,2,2,2,1,1,2,2,2,0,0,0
2008,47,155,1,470047,1,4,2,2,1,2,3,2,4,1,1,2,2,2,2,2,2,2,2,2,2,2,2,1,1,2,2,1,2,2,2,0,0,0
2008,47,37,1,470048,1,4,2,2,1,2,6,2,1,1,1,2,1,2,2,2,2,1,2,2,3,2,2,1,1,2,2,1,2,2,2,0,0,0
2008,47,119,1,470049,1,4,2,2,4,2,2,2,1,1,1,2,2,2,2,2,2,2,1,2,3,2,2,2,2,2,2,2,1,1,2,0,0,0
2008,47,179,1,470050,1,4,2,2,4,2,4,2,1,2,1,2,1,2,1,1,2,2,2,2,2,2,2,2,2,2,1,1,1,2,2,0,0,0
2008,47,37,1,470051,1,4,2,2,4,2,6,2,1,2,1,2,1,2,2,2,2,2,2,2,1,2,2,2,2,2,2,2,1,2,2,0,0,0
2008,47,93,1,470052,1,4,1,2,4,2,6,2,1,2,1,2,1,2,2,1,2,2,2,2,3,2,2,2,2,2,2,2,1,2,2,0,0,0
2008,47,157,1,470053,1,4,2,1,1,2,1,2,2,2,1,2,2,2,2,1,2,2,1,2,1,2,2,1,1,2,2,1,2,2,2,0,0,0
2008,47,79,1,470054,1,4,1,2,4,2,5,2,1,1,2,2,1,2,2,2,2,2,1,2,1,2,2,2,2,1,2,2,1,2,2,0,0,0
2008,47,119,1,470055,1,4,2,2,4,2,5,2,1,2,2,2,1,2,2,2,2,2,2,2,2,1,1,1,1,2,2,1,1,2,2,0,0,0
2008,47,167,1,470056,1,4,1,2,4,2,5,2,1,2,2,2,1,2,2,2,2,2,2,2,3,2,2,2,2,2,2,2,1,2,2,0,0,0
2008,47,13,1,470057,1,4,1,2,4,2,5,2,1,2,2,2,1,2,2,1,2,2,2,2,1,2,2,2,2,2,2,2,1,2,2,0,0,0
2008,47,47,1,470058,1,4,1,2,4,2,5,2,1,2,2,2,1,2,2,2,2,2,1,2,1,2,2,2,2,2,2,2,1,2,2,0,0,0
2008,47,13,1,470059,1,4,1,1,4,2,1,2,1,1,1,2,2,2,2,2,2,2,2,2,3,2,2,2,2,1,2,2,1,2,2,0,0,0
2008,47,77,1,470060,1,4,1,1,2,2,1,2,1,1,1,2,1,2,2,1,2,2,2,2,2,2,2,1,1,2,2,1,1,2,2,0,0,0
2008,47,29,1,470061,1,4,1,2,1,2,4,2,1,2,1,1,1,2,2,2,1,2,2,2,3,2,2,2,2,2,2,2,2,2,2,0,0,0
2008,47,103,1,470062,1,4,1,2,4,2,5,2,1,2,1,2,1,2,2,1,2,2,2,2,1,2,2,2,2,2,2,2,1,2,2,0,0,0
2008,47,141,1,470063,1,4,2,2,1,2,3,2,3,1,1,2,2,2,2,2,2,2,2,2,2,1,1,1,1,2,2,1,1,2,2,0,0,0
2008,47,47,1,470064,1,4,1,2,4,2,5,2,1,1,1,2,1,2,2,2,2,2,2,2,2,2,2,2,2,1,2,2,1,2,2,0,0,0
2008,47,141,1,470065,1,4,2,2,1,2,4,2,2,1,1,2,2,1,2,2,2,2,2,2,3,2,2,2,2,1,2,2,2,2,2,0,0,0
2008,47,157,1,470066,1,4,2,2,1,1,4,1,2,2,2,2,2,2,2,2,2,2,1,2,3,2,2,2,2,2,2,2,2,2,2,0,0,0
2008,47,157,1,470067,1,4,2,1,1,2,1,2,3,2,2,2,2,2,2,2,2,2,2,2,1,2,2,2,2,2,1,1,2,2,2,0,0,0
2008,47,11,1,470068,1,4,1,2,1,2,5,2,2,1,1,2,2,1,2,2,2,2,1,2,2,2,2,2,2,2,2,2,2,1,2,0,0,0
2008,47,13,1,470069,1,4,1,1,3,2,1,2,1,2,2,2,1,2,2,2,2,2,1,2,2,2,2,2,2,2,2,2,1,2,2,0,0,0
2008,47,141,1,470070,1,4,2,1,1,2,1,2,2,2,2,2,2,2,2,1,2,2,1,2,1,2,2,2,2,2,1,1,2,1,2,0,0,0
2008,47,159,1,470071,1,4,1,2,1,1,4,1,4,1,1,2,2,1,2,2,2,2,1,2,2,2,2,2,2,2,2,2,2,2,2,0,0,0
2008,47,129,1,470072,1,4,1,2,1,2,3,2,2,2,2,2,2,2,2,2,2,2,1,2,3,1,1,1,1,2,2,1,2,2,2,0,0,0
2008,47,147,1,470073,1,4,1,2,4,2,5,2,1,2,1,2,1,2,2,2,2,2,2,2,3,2,2,2,2,2,2,2,1,2,2,0,0,0
2008,47,65,2,470074,1,4,2,2,1,1,3,1,4,1,1,2,2,2,2,2,2,2,2,2,1,2,2,2,2,2,2,2,2,2,2,0,0,0
2008,47,187,1,470075,1,4,2,1,1,2,1,2,2,1,1,2,3,1,2,2,2,2,2,2,3,2,2,2,2,1,2,2,2,2,2,0,0,0
2008,47,105,1,470076,1,4,1,2,1,2,3,2,3,1,1,2,2,2,2,2,2,2,2,2,2,2,2,2,2,2,2,2,2,2,2,0,0,0
2008,47,157,1,470077,1,4,2,2,1,1,3,1,4,1,1,2,3,2,2,2,2,2,2,2,3,2,2,2,2,1,1,1,2,2,1,0,0,0
2008,47,73,1,470078,1,4,1,2,4,2,5,2,1,1,1,2,1,2,2,1,2,2,2,2,3,1,1,1,1,2,2,1,1,2,2,0,0,0
2008,47,155,1,470079,1,4,1,2,4,2,5,2,1,2,1,2,1,2,2,1,2,2,1,2,1,1,1,1,1,2,2,1,1,2,2,0,0,0
2008,47,51,1,470081,1,4,1,2,1,2,6,2,1,1,2,2,1,2,2,2,1,2,2,2,3,2,2,2,2,2,2,2,2,2,2,0,0,0
2008,47,63,1,470082,1,4,1,2,4,1,5,1,1,2,2,2,1,2,2,2,2,2,2,2,1,2,2,2,2,2,2,2,2,2,2,0,0,0
2008,47,173,1,470083,1,4,1,2,4,2,5,2,1,2,2,2,1,2,2,2,2,2,1,2,1,2,2,2,2,2,2,2,1,2,2,0,0,0
2008,47,105,1,470084,1,4,1,2,1,2,5,2,1,1,2,2,1,2,2,2,2,2,2,2,3,2,2,2,2,2,2,2,2,2,2,0,0,0
2008,47,149,1,470085,1,4,1,2,4,2,6,2,1,2,2,2,1,2,2,2,2,2,1,2,1,2,2,2,2,2,2,2,1,2,2,0,0,0
2008,47,63,1,470086,1,4,1,1,4,2,1,2,1,1,1,2,1,2,2,1,2,2,1,2,1,2,2,2,2,2,2,2,1,2,2,0,0,0
2008,47,87,1,470087,1,4,1,2,1,2,4,2,3,1,1,2,2,1,2,2,2,2,1,2,2,2,2,2,2,2,2,2,1,2,2,0,0,0
2008,47,93,1,470088,1,4,1,2,2,2,6,2,1,1,1,2,1,2,2,2,2,2,1,2,3,2,2,2,2,2,2,2,1,2,2,0,0,0
2008,47,113,1,470089,1,4,2,2,1,1,6,1,1,1,1,2,1,2,2,1,2,2,2,2,2,2,2,2,2,2,2,2,2,2,2,0,0,0
2008,47,149,1,470090,1,4,2,2,1,1,3,1,4,2,1,2,2,2,1,2,2,2,1,2,1,2,2,1,1,2,2,1,2,2,2,0,0,0
2008,47,21,1,470091,1,4,1,1,4,2,1,3,1,1,1,2,1,2,2,2,2,2,1,2,3,2,2,2,2,2,2,2,1,2,2,0,0,0
2008,47,93,1,470092,1,4,1,2,1,1,5,1,5,1,1,2,2,1,2,1,2,2,1,2,2,2,2,2,2,2,2,2,2,1,2,0,0,0
2008,47,93,2,470093,1,4,1,2,1,1,4,1,4,1,1,2,2,2,2,2,2,2,2,2,3,2,2,2,2,1,2,2,2,2,2,0,0,0
2008,47,31,1,470094,1,4,2,1,4,2,1,3,1,2,1,2,1,2,2,2,2,2,2,2,2,2,2,2,2,1,2,2,1,1,1,0,0,0
2008,47,73,1,470095,1,4,1,2,4,2,6,2,1,2,1,2,1,2,2,1,2,2,1,2,1,2,2,2,2,2,1,1,1,2,2,0,0,0
2008,47,15,1,470096,1,4,1,2,1,2,3,2,3,1,1,2,2,1,2,2,2,2,2,2,3,2,2,2,2,1,2,2,1,2,2,0,0,0
2008,47,149,1,470097,1,4,1,2,4,2,6,2,1,2,1,2,1,2,2,1,2,2,1,2,2,1,1,1,1,2,2,1,1,2,2,0,0,0
2008,47,189,1,470098,1,4,2,1,4,2,1,2,2,2,2,2,1,2,2,2,2,2,2,2,1,2,2,2,2,2,2,2,1,2,2,0,0,0
2008,47,135,1,470099,1,4,1,2,4,2,4,2,1,2,2,2,1,2,2,1,2,2,2,2,1,2,2,2,2,2,1,1,1,2,2,0,0,0
2008,47,25,1,470100,1,4,1,2,1,2,4,3,4,1,1,2,2,1,1,1,2,2,2,1,3,2,2,2,2,2,2,2,2,2,2,0,0,0
2008,47,149,2,470101,1,4,1,2,4,2,4,2,1,2,2,2,1,2,2,1,2,2,1,2,2,2,2,2,2,2,2,2,1,2,2,0,0,0
2008,47,43,1,470102,1,4,1,2,4,2,5,2,1,2,1,2,1,2,2,1,2,2,2,2,2,2,2,2,2,2,2,2,1,2,2,0,0,0
2008,47,27,1,470103,1,4,1,2,4,2,3,2,1,2,1,2,1,2,2,2,2,2,1,2,2,2,2,2,2,2,2,2,1,2,2,0,0,0
2008,47,189,2,470104,1,4,1,2,1,2,5,2,4,1,1,2,2,2,2,1,2,2,2,2,1,2,2,2,2,2,2,2,2,2,2,0,0,0
2008,47,165,2,470105,1,4,1,2,4,2,6,3,1,2,2,2,1,2,2,1,2,2,2,2,1,2,2,2,2,2,2,2,1,1,2,0,0,0
2008,47,163,1,470106,1,4,2,2,1,2,4,3,4,1,2,2,2,2,2,2,2,2,2,2,3,2,2,2,2,2,2,2,2,2,2,0,0,0
2008,47,157,1,470107,1,4,2,2,4,2,4,2,1,2,1,2,1,2,2,2,2,2,1,2,3,2,2,2,2,2,1,1,1,2,2,0,0,0
2008,47,157,1,470109,1,4,2,2,4,2,3,2,1,2,2,2,1,2,1,2,2,2,2,2,3,2,2,2,2,2,2,2,1,2,2,0,0,0
2008,47,113,1,470110,1,4,1,2,2,2,6,2,1,1,2,2,1,2,2,2,2,2,1,2,3,2,2,2,2,1,2,2,1,2,2,0,0,0
2008,47,145,1,470111,1,4,2,2,4,2,5,2,1,2,2,2,1,2,2,1,2,2,2,2,1,2,2,2,2,2,2,2,1,2,2,0,0,0
2008,47,37,1,470112,1,4,1,2,1,2,4,2,5,1,1,2,3,2,2,2,2,2,2,2,3,2,2,2,2,1,2,2,1,2,2,0,0,0
2008,47,37,1,470113,1,4,2,2,1,1,3,1,5,2,2,2,3,2,2,2,2,2,1,2,3,2,2,2,2,2,1,1,2,1,2,0,0,0
2008,47,37,1,470114,1,4,1,2,1,2,3,2,3,2,2,2,2,2,2,2,2,2,2,2,1,2,2,2,2,2,2,2,1,2,2,0,0,0
2008,47,37,1,470115,1,4,2,2,1,1,3,1,1,2,1,2,1,2,2,2,1,2,2,2,3,2,2,2,2,2,2,2,2,2,2,0,0,0
2008,47,37,1,470116,1,4,2,2,1,2,5,2,1,2,2,2,1,2,2,1,2,2,1,2,3,2,2,2,2,2,2,2,1,2,2,0,0,0
2008,47,93,1,470117,1,4,1,2,4,2,6,2,1,2,1,2,1,2,2,2,2,2,2,2,3,2,2,2,2,2,2,2,1,2,2,0,0,0
2008,47,145,1,470118,1,4,2,2,1,1,3,1,4,1,1,2,2,2,2,2,2,2,2,2,3,2,2,2,2,2,2,2,2,2,2,0,0,0
2008,47,37,1,470119,1,4,2,1,1,2,1,2,1,2,2,2,1,2,2,2,2,2,2,2,3,2,2,2,2,2,2,2,1,2,2,0,0,0
2008,47,37,1,470120,1,4,2,1,1,2,1,2,1,2,1,2,1,2,2,2,1,2,2,2,3,2,2,2,2,2,2,2,2,2,2,0,0,0
2008,47,163,1,470121,1,4,2,2,4,1,6,1,1,2,2,2,1,2,2,1,2,2,2,2,2,1,2,1,2,2,2,2,2,2,2,0,0,0
2008,47,167,1,470122,1,4,1,2,4,2,5,2,1,2,2,2,1,2,2,2,2,2,1,2,1,2,2,2,2,2,2,2,1,2,2,0,0,0
2008,47,53,1,470123,1,4,2,2,1,2,3,2,2,1,2,2,2,2,2,2,2,2,1,2,2,2,2,2,2,2,2,2,2,2,2,0,0,0
2008,47,157,1,470124,1,4,2,2,1,2,3,3,4,1,2,2,2,2,2,2,2,2,2,2,3,2,2,2,2,2,1,1,2,2,2,0,0,0
2008,47,3,1,470125,1,4,1,2,4,2,6,2,1,2,1,2,1,2,2,2,2,2,1,2,1,2,2,2,2,2,2,2,1,2,2,0,0,0
2008,47,29,1,470126,1,4,1,2,1,1,4,1,1,1,1,2,1,2,2,1,2,2,1,2,2,2,2,2,2,2,1,1,2,2,2,0,0,0
2008,47,113,1,470127,1,4,1,2,4,2,5,2,1,1,1,2,1,2,2,2,2,2,1,2,2,2,2,2,2,1,2,2,1,2,2,0,0,0
2008,47,119,1,470128,1,4,1,2,4,2,4,2,1,2,1,2,1,2,2,2,2,2,2,2,2,1,1,1,1,2,2,1,1,2,2,0,0,0
2008,47,67,1,470129,1,4,1,2,4,2,4,2,1,1,1,2,1,2,2,2,2,2,1,2,2,2,2,2,2,1,2,2,1,2,2,0,0,0
2008,47,107,1,470130,1,4,1,2,1,2,4,2,6,1,1,2,2,1,2,2,2,2,2,2,2,2,2,2,2,2,2,2,1,2,2,0,0,0
2008,47,1,1,470131,1,4,1,2,4,2,3,2,1,1,1,2,1,2,2,1,2,2,2,2,2,2,2,2,2,2,2,2,1,2,2,0,0,0
2008,47,43,1,470132,1,4,1,2,4,2,4,2,1,1,1,2,1,2,1,2,2,2,2,2,1,2,2,2,2,1,2,2,1,2,2,0,0,0
2008,47,119,1,470133,1,4,1,2,1,2,5,2,1,1,1,2,1,2,2,2,2,2,2,2,3,2,2,2,2,2,2,2,2,2,2,0,0,0
2008,47,21,1,470134,1,4,1,2,2,2,5,2,1,1,1,2,1,2,2,2,2,2,2,2,3,2,2,2,2,1,2,2,1,2,2,0,0,0
2008,47,149,1,470135,1,4,2,1,1,2,1,2,4,2,2,2,2,2,2,2,2,2,2,2,2,1,1,1,1,2,2,1,1,1,2,0,0,0
2008,47,177,3,470136,1,4,1,2,1,2,3,2,3,1,1,2,2,2,2,2,2,2,2,2,2,2,2,2,2,1,2,2,1,2,2,0,0,0
2008,47,111,4,470137,1,4,1,2,1,2,3,2,2,1,1,2,3,1,2,2,2,2,2,2,3,2,2,2,2,1,2,2,2,1,2,0,0,0
2008,47,73,1,470138,1,4,2,2,4,2,4,2,1,2,2,2,1,2,2,2,2,2,2,2,3,2,2,2,2,2,2,2,1,2,2,0,0,0
2008,47,107,1,470139,1,4,2,2,1,2,3,2,4,2,1,2,2,2,1,2,2,2,2,2,2,2,2,2,2,2,2,2,2,2,2,0,0,0
2008,47,65,1,470140,1,4,2,1,1,2,1,2,4,2,2,2,2,2,1,2,2,2,2,2,3,2,2,2,2,2,2,2,2,2,2,0,0,0
2008,47,157,1,470141,1,4,2,1,1,2,1,2,2,1,1,2,2,2,2,2,2,2,2,2,3,2,2,2,2,1,2,2,2,2,2,0,0,0
2008,47,93,1,470142,1,4,2,2,1,1,3,1,4,1,1,2,2,2,2,2,2,2,2,2,3,2,2,2,2,2,2,2,2,2,2,0,0,0
2008,47,65,1,470143,1,4,2,2,1,2,6,2,3,1,1,2,2,2,2,2,2,2,2,2,3,2,2,2,2,2,2,2,2,2,2,0,0,0
2008,47,157,1,470145,1,4,2,2,4,2,4,2,1,1,1,2,1,2,2,2,2,2,2,2,3,2,2,2,2,2,2,2,1,2,2,0,0,0
2008,47,157,2,470146,1,4,2,2,1,2,3,2,1,2,1,2,1,2,2,2,1,2,2,2,3,2,2,2,2,2,1,1,2,2,2,0,0,0
2008,47,167,1,470147,1,4,2,2,1,1,3,1,4,1,1,2,2,2,2,2,2,2,1,2,3,2,2,2,2,2,2,2,2,2,2,0,0,0
2008,47,1,1,470148,1,4,2,2,4,2,6,2,1,1,1,2,1,2,2,2,2,2,2,2,3,2,2,2,2,2,2,2,1,2,2,0,0,0
2008,47,157,1,470149,1,4,2,1,1,2,1,2,4,2,2,2,2,1,2,2,2,2,2,2,3,2,2,1,1,2,2,1,1,2,2,0,0,0
2008,47,157,1,470150,1,4,2,2,1,1,3,1,4,1,1,2,2,2,2,2,2,2,1,2,3,2,2,2,2,2,1,1,2,2,2,0,0,0
2008,47,17,1,470151,1,4,2,2,4,2,6,2,1,2,1,2,1,2,2,2,2,2,1,2,3,2,2,2,2,2,2,2,1,2,2,0,0,0
2008,47,149,1,470152,1,4,2,2,4,2,6,2,1,2,1,2,1,2,2,2,2,2,1,2,1,2,2,1,1,2,2,1,1,2,2,0,0,0
2008,47,163,1,470153,1,4,1,2,2,2,6,3,1,1,1,2,1,2,1,2,2,2,2,2,3,2,2,2,2,2,2,2,1,2,2,0,0,0
2008,47,173,1,470154,1,4,1,2,1,2,4,2,1,2,1,2,1,2,2,2,2,2,1,2,3,2,2,1,1,2,2,1,1,2,2,0,0,0
2008,47,163,1,470155,1,4,2,2,2,2,4,2,1,1,1,2,1,2,2,2,2,2,1,2,3,2,2,1,1,2,2,1,1,2,2,0,0,0
2008,47,37,1,470156,1,4,1,2,1,2,5,2,4,1,1,2,2,2,1,2,2,2,2,2,3,2,2,2,2,2,2,2,1,2,2,0,0,0
2008,47,37,1,470157,1,4,2,2,1,2,5,2,1,2,2,2,1,2,2,2,1,2,2,2,3,2,2,2,2,2,2,2,2,2,2,0,0,0
2008,47,37,1,470158,1,4,2,2,4,2,6,2,1,2,1,2,1,2,2,1,2,2,2,2,1,2,2,2,2,2,2,2,1,2,2,0,0,0
2008,47,19,2,470159,1,4,2,2,1,2,3,2,3,2,1,2,2,2,2,2,2,2,2,2,3,1,1,1,1,2,2,1,2,2,2,0,0,0
2008,47,93,1,470160,1,4,1,2,1,2,6,2,4,1,1,2,2,2,2,1,2,2,1,2,3,2,2,2,2,2,2,2,1,2,2,0,0,0
2008,47,157,1,470161,1,4,2,2,1,2,3,2,3,2,1,2,2,2,2,2,2,2,2,2,3,2,2,2,2,2,2,2,1,2,2,0,0,0
2008,47,93,1,470162,1,4,2,1,1,2,1,2,2,2,1,2,3,2,2,2,2,2,2,2,3,2,2,1,1,2,1,1,2,2,2,0,0,0
2008,47,157,1,470163,1,4,2,2,1,1,4,1,4,1,1,2,3,2,2,2,2,2,2,2,3,2,2,2,2,1,2,2,2,2,2,0,0,0
2008,47,103,1,470164,1,4,1,2,4,2,3,2,1,1,1,2,1,2,2,2,2,2,1,2,3,2,2,2,2,2,2,2,1,2,2,0,0,0
2008,47,111,1,470165,1,4,1,2,4,2,4,2,1,1,2,2,1,2,1,2,2,2,2,2,2,2,2,2,2,2,2,2,1,2,2,0,0,0
2008,47,123,1,470166,1,4,1,2,4,2,5,2,1,1,2,2,1,2,1,2,2,2,2,2,2,1,2,1,2,2,2,2,1,2,2,0,0,0
2008,47,143,1,470167,1,4,1,2,4,2,4,2,1,2,2,2,1,2,2,1,2,2,1,2,3,2,2,2,2,2,2,2,1,2,2,0,0,0
2008,47,165,1,470168,1,4,1,2,4,2,5,2,1,1,1,2,1,2,2,2,2,2,2,2,3,2,2,2,2,1,2,2,1,2,2,0,0,0
2008,47,53,1,470169,1,4,1,2,4,2,5,2,1,2,1,2,1,2,2,2,2,2,1,2,3,2,2,2,2,2,2,2,1,2,2,0,0,0
2008,47,125,1,470171,1,4,2,2,4,2,4,3,1,1,1,2,1,2,2,2,1,2,2,2,2,2,2,2,2,2,1,1,2,1,2,0,0,0
2008,47,157,1,470172,1,4,2,2,2,2,3,2,2,2,1,2,1,2,2,2,1,2,2,2,3,2,2,2,2,2,2,2,2,2,2,0,0,0
2008,47,157,1,470173,1,4,2,2,4,2,4,2,1,2,1,2,1,2,2,2,2,2,2,2,3,2,2,2,2,2,2,2,1,2,2,0,0,0
2008,47,189,1,470174,1,4,1,2,1,2,5,2,3,2,2,2,2,2,2,2,2,2,2,2,1,2,2,2,2,2,1,1,2,2,2,0,0,0
2008,47,107,1,470175,1,4,1,2,1,1,4,1,4,1,1,2,2,2,2,2,2,2,2,2,3,2,2,2,2,2,2,2,2,2,2,0,0,0
2008,47,101,1,470176,1,4,1,2,4,2,3,2,1,1,1,2,1,2,2,2,2,2,1,2,2,2,2,2,2,1,2,2,1,2,2,0,0,0
2008,47,187,1,470177,1,4,1,2,4,2,5,2,1,2,1,2,1,2,2,2,2,2,2,2,3,2,2,2,2,1,2,2,1,2,2,0,0,0
2008,47,1,1,470178,1,4,1,2,1,2,4,2,4,1,1,2,2,2,1,1,2,2,2,2,2,2,2,2,2,1,2,2,2,2,2,0,0,0
2008,47,31,1,470179,1,4,2,1,4,2,1,2,1,1,1,2,1,1,2,2,2,2,2,2,2,2,2,2,2,2,2,2,1,2,2,0,0,0
2008,47,79,1,470180,1,4,1,2,4,2,6,2,1,2,1,2,1,2,2,2,2,2,2,2,2,1,1,1,1,2,2,1,1,2,2,0,0,0
2008,47,35,1,470181,1,4,1,2,4,2,5,2,1,2,1,2,1,2,2,2,2,2,1,2,3,2,2,2,2,2,2,2,1,2,2,0,0,0
2008,47,149,1,470182,1,4,2,2,4,2,5,2,1,1,1,2,1,2,2,2,2,2,1,2,2,1,1,1,1,2,2,1,1,1,2,0,0,0
2008,47,147,1,470183,1,4,1,2,4,2,5,2,1,2,2,2,1,2,2,2,2,2,2,2,2,2,2,2,2,2,2,2,1,2,2,0,0,0
2008,47,167,1,470184,1,4,1,2,4,2,6,2,1,2,2,2,1,2,2,2,2,2,2,2,3,2,2,2,2,2,1,1,1,2,2,0,0,0
2008,47,151,1,470185,1,4,1,2,2,2,5,2,1,2,2,2,1,2,2,2,2,2,1,2,1,2,2,2,2,2,1,1,1,2,2,0,0,0
2008,47,123,1,470186,1,4,1,2,1,2,5,2,4,1,1,2,2,2,1,2,2,2,2,2,3,1,1,1,1,2,2,1,1,2,2,0,0,0
2008,47,35,1,470187,1,4,1,1,4,2,1,2,1,1,1,2,1,2,2,2,2,2,2,2,2,2,2,1,1,2,2,1,1,1,2,0,0,0
2008,47,113,1,470188,1,4,1,2,1,2,3,2,2,2,1,2,2,1,2,2,2,2,2,2,2,2,2,2,2,2,2,2,2,1,2,0,0,0
2008,47,117,1,470189,1,4,1,2,4,2,5,2,1,2,1,2,1,2,2,2,2,2,2,2,1,2,2,2,2,2,1,1,1,2,2,0,0,0
2008,47,93,1,470190,1,4,1,2,4,2,5,2,1,2,1,2,1,2,2,1,2,2,2,2,2,1,1,1,1,2,2,1,1,2,2,0,0,0
2008,47,121,1,470191,1,4,1,2,1,1,4,1,5,2,2,2,2,2,1,2,2,2,2,2,2,2,2,2,2,2,2,2,2,1,2,0,0,0
2008,47,41,1,470192,1,4,1,2,4,2,4,2,1,1,2,2,1,2,1,2,2,2,2,2,3,2,2,2,2,2,2,2,1,2,2,0,0,0
2008,47,77,1,470193,1,4,2,2,4,2,5,2,1,1,1,2,1,2,2,2,2,2,2,2,1,2,2,2,2,2,2,2,1,2,2,0,0,0
2008,47,113,1,470194,1,4,1,1,3,2,1,2,1,1,1,2,2,1,2,2,2,2,1,2,2,2,2,2,2,1,2,2,1,2,2,0,0,0
2008,47,41,1,470195,1,4,1,2,4,2,4,2,1,2,2,2,1,2,2,2,2,2,1,2,1,2,2,2,2,2,2,2,1,2,2,0,0,0
2008,47,9,1,470196,1,4,1,2,1,2,3,2,3,1,1,2,3,2,2,2,2,2,2,2,2,2,2,2,2,2,2,2,1,2,2,0,0,0
2008,47,119,1,470197,1,4,1,2,4,2,5,2,1,2,1,2,1,2,2,1,2,2,1,2,2,1,1,1,1,2,2,1,1,2,2,0,0,0
2008,47,81,1,470198,1,4,1,1,1,2,1,2,2,2,1,2,2,1,2,2,2,2,2,2,3,2,2,2,2,2,2,2,2,2,2,0,0,0
2008,47,11,1,470199,1,4,2,2,4,2,4,2,1,1,2,2,1,2,2,2,2,2,2,2,3,2,2,2,2,2,2,2,1,2,2,0,0,0
2008,47,35,1,470200,1,4,1,2,4,2,5,2,1,1,1,2,1,2,2,2,2,2,2,2,1,2,2,2,2,2,2,2,1,2,2,0,0,0
2008,47,173,1,470201,1,4,1,2,4,2,5,2,1,2,2,2,1,1,2,1,2,2,2,2,1,2,2,2,2,2,2,2,1,2,2,0,0,0
2008,47,1,1,470202,1,4,1,2,4,2,6,2,1,1,2,2,1,2,2,2,2,2,2,2,2,2,2,2,2,2,2,2,1,2,2,0,0,0
2008,47,73,3,470203,1,4,1,2,4,2,3,3,1,2,2,2,1,2,2,2,2,2,1,2,1,2,2,2,2,2,2,2,1,2,2,0,0,0
2008,47,55,2,470204,1,4,1,2,4,2,6,2,1,2,1,2,1,2,2,1,2,2,1,2,1,1,1,1,1,2,2,1,1,1,2,0,0,0
2008,47,31,1,470205,1,4,1,2,4,2,6,2,1,1,2,2,1,2,2,1,2,2,2,2,1,2,2,2,2,2,2,2,1,2,2,0,0,0
2008,47,131,1,470206,1,4,1,2,4,2,3,2,1,1,2,2,1,2,2,1,2,2,2,2,1,2,2,2,2,2,2,2,1,2,2,0,0,0
2008,47,155,1,470207,1,4,1,2,4,2,4,2,1,1,2,2,1,2,2,1,2,2,2,2,2,1,1,1,1,2,2,1,1,2,2,0,0,0
2008,47,25,1,470208,1,4,1,2,4,2,5,2,1,1,1,2,1,2,2,2,2,2,2,2,1,2,2,2,2,2,2,2,1,2,2,0,0,0
2008,47,155,1,470209,1,4,2,2,1,2,3,3,4,1,2,2,2,2,2,1,2,2,2,2,2,2,2,2,2,2,2,2,2,2,2,0,0,0
2008,47,35,2,470210,1,4,1,2,4,2,5,2,1,2,2,2,1,2,2,2,2,2,2,2,1,2,2,2,2,2,2,2,1,1,2,0,0,0
2008,47,65,1,470211,1,4,2,2,4,2,4,2,1,2,1,2,1,2,2,2,2,2,2,2,3,2,2,2,2,2,2,2,1,2,2,0,0,0
2008,47,153,1,470212,1,4,2,2,4,2,6,2,1,2,2,2,1,2,2,1,2,2,2,2,1,2,2,2,2,2,1,1,1,2,2,0,0,0
2008,47,111,1,470213,1,4,1,2,1,2,5,2,1,2,1,2,1,2,2,2,1,2,2,2,2,2,2,2,2,2,1,1,2,1,2,0,0,0
2008,47,93,1,470214,1,4,1,2,4,2,6,2,1,2,1,2,1,2,2,1,2,2,1,2,3,1,1,1,1,2,2,1,1,2,2,0,0,0
2008,47,185,1,470215,1,4,1,2,1,2,4,2,2,1,1,2,3,1,2,2,2,2,2,2,2,1,1,1,1,2,2,1,2,2,2,0,0,0
2008,47,3,1,470216,1,4,2,2,1,1,3,1,4,1,1,2,3,2,2,2,2,2,2,2,3,1,1,1,1,2,2,1,2,2,2,0,0,0
2008,47,13,1,470217,1,4,1,2,4,2,6,2,1,1,1,2,1,2,2,2,2,2,1,2,2,2,2,2,2,2,2,2,1,2,2,0,0,0
2008,47,55,1,470218,1,4,1,2,4,2,5,2,1,1,1,2,1,2,2,1,2,2,2,2,2,2,2,2,2,2,2,2,1,1,2,0,0,0
2008,47,145,1,470219,1,4,1,2,4,2,5,2,1,1,2,2,1,2,2,2,2,2,1,2,2,2,2,2,2,1,2,2,1,2,2,0,0,0
2008,47,3,1,470220,1,4,1,2,1,2,6,2,3,1,1,2,2,2,2,1,2,2,2,2,3,2,2,2,2,1,2,2,1,2,2,0,0,0
2008,47,3,1,470221,1,4,1,2,1,2,4,2,2,1,1,1,2,2,2,1,1,2,2,2,1,2,2,2,2,2,2,2,2,2,2,0,0,0
2008,47,17,1,470222,1,4,1,2,1,2,3,2,3,1,1,2,2,1,2,2,2,2,2,2,2,2,2,2,2,1,2,2,1,2,2,0,0,0
2008,47,93,1,470223,1,4,2,2,1,2,4,3,4,2,1,2,2,1,1,2,2,2,2,2,1,2,2,2,2,2,2,2,2,2,2,0,0,0
2008,47,93,1,470224,1,4,2,2,4,2,4,2,1,2,2,2,1,2,1,2,2,2,2,2,3,2,2,2,2,2,2,2,1,2,2,0,0,0
2008,47,91,1,470225,1,4,1,2,4,2,6,2,1,2,2,2,1,2,2,2,2,2,2,2,3,2,2,2,2,2,2,2,1,2,2,0,0,0
2008,47,29,1,470226,1,4,1,2,4,2,5,2,1,2,1,2,1,2,2,2,2,2,2,2,3,2,2,2,2,1,2,2,1,2,2,0,0,0
2008,47,103,1,470227,1,4,2,2,1,2,4,2,1,2,2,2,1,2,2,2,1,2,2,2,2,2,2,2,2,2,2,2,2,2,2,0,0,0
2008,47,125,1,470228,1,4,1,2,4,2,6,2,1,1,1,2,1,2,2,2,2,2,1,2,3,2,2,2,2,1,2,2,1,2,2,0,0,0
2008,47,165,1,470229,1,4,2,2,4,2,2,2,1,2,2,2,1,2,2,2,2,2,1,2,3,2,2,2,2,2,2,2,1,2,2,0,0,0
2008,47,93,1,470230,1,4,1,2,4,2,6,2,1,1,2,2,1,2,2,1,2,2,1,2,2,1,1,1,1,2,2,1,1,2,2,0,0,0
2008,47,37,1,470231,1,4,2,2,1,1,4,1,1,2,1,2,1,1,2,2,1,2,2,2,2,2,2,2,2,2,2,2,2,2,2,0,0,0
2008,47,29,1,470232,1,4,2,2,4,2,6,2,1,1,2,2,1,2,1,1,2,2,2,2,1,2,2,2,2,2,2,2,1,2,2,0,0,0
2008,47,123,2,470233,1,4,2,2,1,2,6,3,1,1,1,2,1,2,2,2,2,2,1,2,2,2,2,2,2,1,2,2,1,2,2,0,0,0
2008,47,105,1,470234,1,4,1,2,1,2,6,2,4,1,1,2,2,2,2,1,2,2,2,2,3,2,2,2,2,1,2,2,2,2,2,0,0,0
2008,47,43,1,470235,1,4,2,2,1,2,3,2,1,2,2,2,1,2,2,2,1,2,2,2,2,2,2,2,2,2,2,2,2,1,2,0,0,0
2008,47,29,1,470236,1,4,1,2,4,2,5,2,1,2,2,2,1,2,2,2,2,2,2,2,1,1,2,1,2,2,2,2,1,2,2,0,0,0
2008,47,37,1,470237,1,4,1,1,1,2,1,2,3,2,2,2,2,1,2,2,2,2,2,2,3,2,2,2,2,2,2,2,1,2,2,0,0,0
2008,47,37,1,470238,1,4,2,2,1,1,3,1,4,1,1,2,2,2,2,2,2,2,1,2,3,2,2,2,2,2,2,2,2,2,2,0,0,0
2008,47,113,1,470239,1,4,1,2,4,2,5,2,1,2,1,2,1,2,2,1,2,2,1,2,1,1,1,1,1,2,2,1,1,2,2,0,0,0
2008,47,113,1,470240,1,4,1,2,4,2,6,2,1,2,2,2,1,2,2,1,2,2,1,2,1,2,2,2,2,2,2,2,1,1,2,0,0,0
2008,47,77,1,470241,1,4,1,2,4,2,6,2,1,2,1,2,1,2,2,1,2,2,1,2,1,2,2,2,2,2,2,2,1,2,2,0,0,0
2008,47,119,1,470242,1,4,1,2,1,2,5,2,3,1,1,2,2,2,2,1,2,2,2,2,2,1,1,1,1,2,2,1,1,1,2,0,0,0
2008,47,125,1,470243,1,4,2,2,4,2,3,2,1,1,1,2,1,2,2,2,2,2,1,2,2,2,2,2,2,2,2,2,1,2,2,0,0,0
2008,47,9,1,470244,1,4,2,2,1,2,3,2,1,1,2,2,1,2,2,2,2,2,1,2,3,2,2,2,2,1,2,2,1,2,2,0,0,0
2008,47,9,1,470245,1,4,2,2,1,1,3,1,4,1,2,2,3,2,2,2,2,2,2,2,3,1,1,1,1,2,2,1,2,2,2,0,0,0
2008,47,113,2,470246,1,4,2,1,1,2,1,2,2,2,1,2,2,2,2,1,2,2,1,2,1,2,2,2,2,2,2,2,2,1,2,0,0,0
2008,47,159,1,470247,1,4,1,2,1,2,6,2,1,2,1,2,1,2,2,2,2,2,2,2,3,2,2,2,2,2,2,2,2,2,2,0,0,0
2008,47,69,1,470248,1,4,1,2,1,2,3,2,2,1,1,2,2,1,1,1,2,2,2,2,3,2,2,2,2,2,2,2,2,1,2,0,0,0
2008,47,105,1,470249,1,4,1,1,3,2,1,2,2,1,1,2,1,2,2,2,2,2,2,2,3,2,2,2,2,2,2,2,1,2,2,0,0,0
2008,47,157,1,470250,1,4,2,2,1,2,4,2,1,1,1,2,1,2,2,2,1,2,2,2,3,2,2,2,2,2,1,1,2,2,2,0,0,0
2008,47,113,1,470251,1,4,2,1,4,2,1,3,1,2,2,2,1,2,2,2,2,2,1,2,1,2,2,2,2,2,2,2,1,2,2,0,0,0
2008,47,115,1,470252,1,4,1,2,4,2,4,2,1,1,1,2,1,2,1,1,2,2,2,2,2,2,2,2,2,2,2,2,1,2,2,0,0,0
2008,47,35,1,470253,1,4,1,2,4,2,3,2,1,1,2,2,1,2,2,2,2,2,2,2,2,2,2,2,2,2,2,2,1,2,2,0,0,0
2008,47,35,1,470254,1,4,1,2,4,2,4,2,1,1,2,2,1,2,2,2,2,2,1,2,2,2,2,2,2,2,2,2,1,2,2,0,0,0
2008,47,65,1,470255,1,4,2,2,1,2,2,2,4,1,2,2,2,2,2,2,2,2,2,2,1,2,2,2,2,2,1,1,1,2,2,0,0,0
2008,47,93,1,470256,1,4,2,2,1,2,6,2,1,2,2,2,1,2,2,2,1,2,2,2,3,2,2,2,2,1,2,2,2,1,2,0,0,0
2008,47,115,1,470257,1,4,1,2,1,2,5,3,3,1,1,2,2,2,1,1,2,2,2,2,3,2,2,2,2,2,1,1,2,2,2,0,0,0
2008,47,7,1,470258,1,4,1,2,1,2,5,2,2,1,1,2,2,2,2,2,2,2,2,2,3,1,1,1,1,2,2,1,2,2,2,0,0,0
2008,47,9,1,470259,1,4,1,2,1,2,3,2,1,1,1,2,2,1,1,2,2,2,2,2,3,2,2,2,2,2,2,2,2,1,2,0,0,0
2008,47,155,1,470260,1,4,2,2,4,2,6,2,1,2,2,2,1,2,1,1,2,2,2,2,2,2,2,2,2,2,2,2,1,2,2,0,0,0
2008,47,41,1,470261,1,4,1,2,1,2,4,2,3,2,1,2,2,2,2,2,2,2,1,2,3,1,1,1,1,2,2,1,1,2,2,0,0,0
2008,47,155,1,470262,1,4,2,2,1,2,3,3,4,1,2,2,2,2,2,2,2,2,2,2,2,1,1,1,1,1,2,1,2,2,2,0,0,0
2008,47,157,1,470263,1,4,2,2,4,2,6,2,1,2,2,2,1,2,2,1,2,2,2,2,3,2,2,2,2,2,2,2,1,2,2,0,0,0
2008,47,165,1,470264,1,4,1,2,1,2,3,2,3,1,1,2,2,2,2,2,2,2,2,2,3,2,2,2,2,1,2,2,1,1,2,0,0,0
2008,47,141,1,470265,1,4,1,2,4,2,5,2,1,1,1,2,1,2,2,2,2,2,2,2,1,2,2,2,2,2,2,2,1,2,2,0,0,0
2008,47,77,1,470266,1,4,1,2,1,2,5,2,1,2,2,2,1,2,2,2,2,2,1,2,3,2,2,2,2,2,2,2,2,2,2,0,0,0
2008,47,63,1,470267,1,4,1,2,4,2,6,2,1,2,2,2,1,2,2,1,2,2,2,2,1,2,2,2,2,2,2,2,1,2,2,0,0,0
2008,47,73,2,470268,1,4,2,2,4,2,5,2,1,2,2,2,1,2,2,1,2,2,2,2,1,2,2,2,2,2,1,1,1,2,2,0,0,0
2008,47,73,1,470269,1,4,1,2,4,2,5,2,1,1,2,2,1,2,1,2,2,2,2,2,2,2,2,2,2,2,2,2,1,2,2,0,0,0
2008,47,11,1,470270,1,4,1,2,1,2,3,2,3,1,1,2,2,2,2,2,2,2,1,2,1,2,2,1,1,2,2,1,1,2,2,0,0,0
2008,47,131,1,470271,1,4,1,2,1,2,3,2,4,1,1,2,2,2,2,2,2,2,2,2,2,2,2,2,2,1,2,2,2,1,2,0,0,0
2008,47,157,1,470272,1,4,2,2,1,1,3,1,4,2,1,2,2,2,2,2,2,2,1,2,3,2,2,2,2,2,1,1,2,2,2,0,0,0
2008,47,157,1,470273,1,4,2,2,1,1,4,1,4,1,1,2,2,2,1,1,2,2,2,2,3,2,2,2,2,2,2,2,2,2,2,0,0,0
2008,47,85,2,470274,1,4,1,2,1,2,4,2,4,1,1,2,2,2,2,2,2,2,2,2,2,2,2,2,2,2,2,2,2,2,2,0,0,0
2008,47,37,1,470275,1,4,1,2,1,2,4,3,4,1,2,2,2,2,1,1,2,2,2,2,1,2,2,2,2,2,2,2,2,1,2,0,0,0
2008,47,41,2,470276,1,4,1,2,4,2,5,2,1,2,1,2,1,2,2,1,2,2,1,2,1,2,2,2,2,2,2,2,1,2,2,0,0,0
2008,47,139,1,470277,1,4,1,2,1,2,3,2,2,2,2,2,3,2,1,2,2,2,2,2,3,2,2,2,2,2,2,2,2,2,2,0,0,0
2008,47,141,1,470278,1,4,1,2,4,2,4,2,1,2,2,2,1,2,2,2,2,2,1,2,1,2,2,2,2,2,2,2,1,1,2,0,0,0
2008,47,149,1,470279,1,4,2,2,1,2,6,2,4,2,2,2,2,2,1,2,2,2,2,2,1,2,2,2,2,2,1,1,1,1,2,0,0,0
2008,47,157,1,470280,1,4,2,1,4,2,1,2,1,2,2,2,1,2,2,2,2,2,2,2,3,2,2,2,2,2,2,2,1,2,2,0,0,0
2008,47,23,1,470281,1,4,1,2,4,2,5,2,1,1,2,2,1,2,2,2,2,2,1,2,1,2,2,2,2,2,2,2,1,2,2,0,0,0
2008,47,97,1,470282,1,4,1,2,4,2,6,2,1,1,2,2,1,2,2,2,2,2,1,2,3,1,1,1,1,2,2,1,1,1,2,0,0,0
2008,47,65,1,470284,1,4,2,1,4,2,1,2,1,1,1,2,2,1,2,2,1,2,2,2,3,2,2,2,2,2,2,2,1,2,2,0,0,0
2008,47,93,1,470285,1,4,1,2,4,2,6,2,1,1,2,2,1,2,2,2,2,2,1,2,1,2,2,2,2,2,2,2,1,2,2,0,0,0
2008,47,25,3,470286,1,4,1,2,4,2,6,2,1,2,1,2,1,2,2,1,2,2,1,2,1,2,2,2,2,2,2,2,1,2,2,0,0,0
2008,47,189,1,470287,1,4,1,2,1,2,4,2,5,1,1,2,2,2,2,2,2,2,1,2,3,2,2,2,2,1,1,1,1,2,2,0,0,0
2008,47,25,1,470288,1,4,1,2,4,2,6,2,1,1,1,2,1,2,2,2,2,2,1,2,2,1,1,1,1,2,2,1,1,2,2,0,0,0
2008,47,157,1,470289,1,4,2,2,1,1,4,1,4,1,2,2,3,2,2,2,2,2,2,2,3,2,2,2,2,1,2,2,2,2,2,0,0,0
2008,47,43,1,470290,1,4,2,2,1,2,3,3,4,1,1,2,2,2,2,2,2,2,2,2,3,2,2,2,2,1,2,2,2,2,2,0,0,0
2008,47,69,1,470291,1,4,1,2,1,1,4,1,4,1,1,2,2,1,2,2,2,2,1,2,3,2,2,2,2,1,2,2,2,2,2,0,0,0
2008,47,45,1,470292,1,4,1,2,1,2,3,2,1,2,2,2,1,2,2,2,1,2,2,2,2,2,2,2,2,2,2,2,2,1,2,0,0,0
2008,47,61,1,470293,1,4,1,2,4,2,5,2,1,2,2,2,1,2,2,1,2,2,1,2,3,2,2,2,2,2,2,2,1,2,2,0,0,0
2008,47,65,2,470294,1,4,2,1,4,2,1,3,1,1,2,2,1,2,2,2,2,2,1,2,3,2,2,2,2,1,2,2,1,2,2,0,0,0
2008,47,37,2,470295,1,4,2,1,4,2,1,2,1,2,2,2,2,2,2,1,2,2,1,2,3,2,2,1,1,2,2,1,1,1,2,0,0,0
2008,47,37,1,470296,1,4,2,2,1,1,3,1,4,2,1,2,2,1,2,2,2,2,2,2,1,2,2,2,2,2,2,2,2,2,2,0,0,0
2008,47,149,1,470297,1,4,2,2,4,2,4,2,1,2,2,2,1,2,2,2,2,2,1,2,1,1,1,1,1,2,2,1,1,2,2,0,0,0
2008,47,93,1,470298,1,4,1,2,1,2,4,2,4,2,2,2,2,2,1,1,2,2,2,2,3,2,2,2,2,2,1,1,2,1,2,0,0,0
2008,47,65,1,470299,1,4,2,2,1,1,3,1,3,1,1,2,3,2,2,1,2,2,1,2,3,2,2,2,2,2,1,1,2,2,2,0,0,0
2008,47,73,1,470300,1,4,1,2,4,2,5,2,1,2,1,2,1,2,2,2,2,2,2,2,3,2,2,2,2,1,2,2,1,2,2,0,0,0
2008,47,113,1,470301,1,4,2,2,1,2,3,2,4,1,1,2,2,2,2,2,2,2,2,2,3,1,1,1,1,2,2,1,1,2,2,0,0,0
2008,47,65,1,470302,1,4,2,2,1,2,4,2,1,2,1,2,1,2,1,1,1,2,2,2,2,1,1,1,1,2,2,1,2,2,2,0,0,0
2008,47,65,1,470303,1,4,2,2,1,2,3,2,1,2,1,2,1,2,2,2,1,2,2,2,3,2,2,2,2,2,2,2,2,2,2,0,0,0
2008,47,79,1,470304,1,4,1,2,1,2,3,2,1,1,2,2,2,2,1,2,2,2,2,2,3,2,2,2,2,1,2,2,2,2,2,0,0,0
2008,47,177,1,470305,1,4,2,2,1,2,3,2,3,1,1,2,2,2,2,2,2,2,2,2,3,2,2,2,2,1,2,2,1,2,2,0,0,0
2008,47,65,1,470306,1,4,2,1,1,2,1,2,2,2,1,2,2,1,2,1,2,2,2,2,3,2,2,2,2,2,2,2,2,2,2,0,0,0
2008,47,25,1,470307,1,4,1,2,1,2,5,2,1,1,2,2,1,2,2,2,2,2,1,2,3,2,2,2,2,2,2,2,2,2,2,0,0,0
2008,47,63,1,470308,1,4,2,2,1,2,4,2,4,1,1,2,2,2,2,1,2,2,2,2,1,2,2,2,2,2,2,2,1,2,2,0,0,0
2008,47,157,1,470309,1,4,2,2,1,1,3,1,4,1,2,2,2,2,1,1,2,2,2,2,3,2,2,2,2,2,2,2,2,2,2,0,0,0
2008,47,37,1,470310,1,4,2,2,1,1,4,1,4,2,1,2,2,2,1,1,2,2,2,2,3,1,1,1,1,2,2,1,2,1,2,0,0,0
2008,47,45,1,470311,1,4,2,2,4,1,5,1,1,2,2,2,1,2,2,2,2,2,1,2,3,2,2,1,1,2,2,1,2,2,2,0,0,0
2008,47,157,1,470312,1,4,2,1,1,2,1,2,1,2,2,2,1,2,2,2,1,2,2,2,3,2,2,2,2,2,2,2,2,2,2,0,0,0
2008,47,157,1,470313,1,4,2,2,1,2,3,2,1,2,1,2,1,2,2,2,1,2,2,2,1,1,1,1,1,2,2,1,2,2,2,0,0,0
2008,47,65,1,470314,1,4,2,2,4,2,5,2,1,2,1,1,1,2,2,1,2,2,2,2,3,2,2,2,2,2,1,1,1,2,2,0,0,0
2008,47,33,1,470315,1,4,1,2,1,2,5,2,3,2,2,2,2,2,2,2,2,2,2,2,2,1,1,1,1,2,2,1,1,2,2,0,0,0
2008,47,45,1,470316,1,4,2,2,1,1,4,1,4,1,1,2,2,2,2,2,2,2,1,2,3,2,2,2,2,1,2,2,2,2,2,0,0,0
2008,47,5,1,470317,1,4,1,2,4,2,5,2,1,2,1,2,1,2,2,2,2,2,1,2,1,2,2,2,2,2,2,2,1,2,2,0,0,0
2008,47,155,1,470318,1,4,2,2,4,2,5,2,1,2,1,2,1,2,2,2,2,2,1,2,3,2,2,2,2,2,2,2,1,2,2,0,0,0
2008,47,189,1,470319,1,4,2,2,1,2,4,3,4,2,2,2,2,2,1,1,2,2,2,1,2,1,1,1,1,2,2,1,2,1,2,0,0,0
2008,47,119,1,470320,1,4,2,2,1,2,3,2,5,1,2,2,3,2,2,2,2,2,2,2,3,2,2,2,2,2,1,1,1,1,2,0,0,0
2008,47,165,1,470321,1,4,2,2,4,2,6,2,1,1,1,2,1,2,2,1,2,2,1,2,2,1,1,1,1,2,2,1,1,2,2,0,0,0
2008,47,37,1,470322,1,4,2,2,1,2,6,2,1,2,2,1,1,2,2,2,1,2,2,2,3,2,2,2,2,2,2,2,2,2,2,0,0,0
2008,47,163,1,470323,1,4,2,2,1,1,4,1,2,2,2,1,2,2,1,1,2,2,2,1,3,1,1,1,1,2,2,1,2,2,2,0,0,0
2008,47,37,1,470324,1,4,2,2,3,2,2,2,1,2,2,2,1,2,2,2,2,2,2,2,2,1,1,1,1,2,2,1,1,2,2,0,0,0
2008,47,37,1,470325,1,4,2,2,1,2,3,2,2,2,1,1,2,2,1,2,2,2,2,2,1,2,2,2,2,2,2,2,2,2,2,0,0,0
2008,47,37,2,470326,1,4,2,2,1,2,5,3,1,2,2,2,1,2,2,2,2,2,2,2,3,2,2,2,2,2,2,2,1,2,2,0,0,0
2008,47,157,1,470327,1,4,2,2,1,2,3,3,1,2,1,2,2,2,1,2,2,2,2,2,3,2,2,2,2,2,2,2,2,2,2,0,0,0
2008,47,37,1,470328,1,4,2,2,1,2,6,2,2,1,2,2,2,2,1,2,2,2,2,2,3,2,2,1,1,2,2,1,2,2,2,0,0,0
2008,47,59,1,470329,1,4,1,2,4,2,5,2,1,1,1,2,1,2,2,2,2,2,2,2,3,2,2,2,2,2,2,2,1,2,2,0,0,0
2008,47,149,1,470330,1,4,2,2,4,2,6,2,1,2,1,2,1,2,1,2,2,2,2,2,3,2,2,2,2,2,2,2,1,2,2,0,0,0
2008,47,93,1,470331,1,4,1,2,4,2,6,2,1,2,1,2,1,2,2,1,2,2,2,2,1,2,2,2,2,2,2,2,1,2,2,0,0,0
2008,47,97,1,470332,1,4,2,2,1,1,3,1,4,1,1,2,2,2,2,2,2,2,2,2,2,2,2,2,2,2,2,2,2,2,2,0,0,0
2008,47,145,1,470333,1,4,2,1,1,2,1,2,3,1,2,2,2,2,2,2,2,2,2,2,3,2,2,2,2,2,2,2,1,2,2,0,0,0
2008,47,37,1,470334,1,4,2,2,3,2,2,3,1,2,1,2,1,2,1,2,2,2,2,2,3,2,2,2,2,2,1,1,1,2,2,0,0,0
2008,47,123,1,470335,1,4,1,2,4,2,6,2,1,2,2,2,1,2,2,1,2,2,1,2,3,2,2,2,2,2,2,2,1,2,2,0,0,0
2008,47,37,2,470336,1,4,2,1,4,2,1,2,1,1,2,2,1,2,2,1,2,2,2,2,3,2,2,2,2,2,1,1,1,2,2,0,0,0
2008,47,37,1,470337,1,4,1,2,4,2,5,2,1,1,2,2,1,2,2,1,2,2,2,2,3,1,1,1,1,2,2,1,1,2,2,0,0,0
2008,47,181,1,470338,1,4,1,2,4,2,6,2,1,2,2,2,1,2,2,1,2,2,2,2,1,1,1,1,1,2,2,1,1,2,2,0,0,0
2008,47,181,1,470339,1,4,1,2,1,2,6,2,4,1,1,2,2,2,2,1,2,2,2,2,3,2,2,2,2,1,2,2,1,2,2,0,0,0
2008,47,119,1,470340,1,4,2,2,2,2,6,2,1,2,1,2,1,2,2,1,2,2,1,2,3,1,1,1,1,2,2,1,1,2,2,0,0,0
2008,47,9,1,470341,1,4,1,2,4,2,6,2,1,1,1,2,1,2,2,2,2,2,1,2,3,2,2,2,2,2,2,2,1,2,2,0,0,0
2008,47,57,1,470342,1,4,1,2,4,2,5,2,1,1,1,2,1,2,2,2,2,2,1,2,2,2,2,2,2,2,1,1,1,2,2,0,0,0
2008,47,63,1,470343,1,4,1,2,4,2,5,2,1,1,1,2,1,2,2,2,2,2,1,2,1,2,2,2,2,2,2,2,1,2,2,0,0,0
2008,47,147,1,470344,1,4,1,2,1,2,6,2,4,1,1,2,2,2,2,1,2,2,2,2,2,1,1,1,1,1,2,1,2,2,2,0,0,0
2008,47,93,1,470345,1,4,2,2,1,2,3,2,4,1,1,2,2,2,2,2,2,2,1,2,2,2,2,1,1,2,2,1,1,2,2,0,0,0
2008,47,147,1,470346,1,4,1,2,4,2,5,2,1,1,1,2,1,2,2,2,2,2,1,2,2,2,2,2,2,2,2,2,1,2,2,0,0,0
2008,47,103,1,470347,1,4,1,2,4,2,5,2,1,1,2,2,1,2,2,2,2,2,1,2,2,2,2,2,2,2,1,1,1,2,2,0,0,0
2008,47,157,1,470348,1,4,2,2,4,1,5,1,1,2,1,2,1,2,2,2,2,2,2,2,1,2,2,2,2,2,2,2,2,2,2,0,0,0
2008,47,157,1,470349,1,4,2,2,1,1,3,1,4,1,1,2,2,1,2,2,2,2,2,2,3,2,2,2,2,2,2,2,2,2,2,0,0,0
2008,47,157,1,470350,1,4,2,2,4,2,4,2,1,1,2,2,1,2,2,2,2,2,2,2,1,2,2,2,2,2,2,2,1,2,2,0,0,0
2008,47,157,1,470351,1,4,2,2,1,1,3,1,4,2,2,2,2,2,1,2,2,2,2,2,1,2,2,2,2,2,2,2,2,2,2,0,0,0
2008,47,157,1,470352,1,4,2,2,4,2,4,2,1,1,1,2,1,2,2,1,2,2,2,1,3,2,2,2,2,2,2,2,1,2,2,0,0,0
2008,47,147,1,470353,1,4,1,1,1,2,1,2,5,2,1,2,2,1,2,2,2,2,1,2,3,2,2,2,2,2,1,1,1,2,2,0,0,0
2008,47,187,1,470355,1,4,2,2,3,2,4,2,1,1,1,2,1,2,2,2,2,2,2,2,3,2,2,2,2,2,2,2,1,2,2,0,0,0
2008,47,15,1,470356,1,4,1,2,4,2,5,2,1,2,2,2,1,2,2,1,2,2,1,2,3,1,1,1,1,2,2,1,1,2,2,0,0,0
2008,47,29,1,470357,1,4,1,1,3,2,1,2,1,2,1,2,2,1,2,1,2,2,1,2,1,2,2,2,2,2,1,1,1,2,2,0,0,0
2008,47,99,1,470358,1,4,1,2,4,2,5,2,1,2,2,2,1,2,2,2,2,2,1,2,1,2,2,2,2,2,2,2,1,2,2,0,0,0
2008,47,81,1,470359,1,4,1,2,4,2,4,2,1,1,2,2,1,2,2,2,2,2,1,2,1,2,2,2,2,2,2,2,1,2,2,0,0,0
2008,47,149,1,470360,1,4,2,2,1,2,6,3,1,1,1,2,1,2,2,2,1,2,2,2,2,2,2,2,2,1,2,2,2,2,2,0,0,0
2008,47,59,1,470361,1,4,2,2,1,2,5,3,4,1,1,2,2,1,2,2,2,2,2,2,2,2,2,2,2,2,2,2,2,2,2,0,0,0
2008,47,123,1,470362,1,4,1,2,1,2,3,3,4,1,1,2,2,2,2,2,2,2,2,2,3,2,2,2,2,2,2,2,2,2,2,0,0,0
2008,47,35,1,470363,1,4,1,2,4,2,5,2,1,2,2,2,1,2,2,2,2,2,1,2,3,2,2,2,2,1,2,2,1,2,2,0,0,0
2008,47,65,1,470364,1,4,1,2,1,1,3,1,4,2,2,2,2,2,2,2,2,2,2,2,3,2,2,2,2,2,1,1,2,2,2,0,0,0
2008,47,93,1,470365,1,4,2,2,4,2,3,2,1,2,2,2,1,2,2,2,2,2,1,2,3,2,2,2,2,2,1,1,1,2,2,0,0,0
2008,47,71,1,470366,1,4,2,2,4,2,6,2,1,2,2,2,1,2,2,2,2,2,1,2,3,2,2,2,2,2,1,1,1,2,2,0,0,0
2008,47,119,1,470367,1,4,1,2,1,2,5,3,1,2,2,2,1,1,2,1,2,2,1,2,2,2,2,2,2,2,2,2,1,2,2,0,0,0
2008,47,165,1,470368,1,4,1,2,4,2,4,2,1,2,2,2,1,2,2,2,2,2,1,2,3,2,2,2,2,1,2,2,1,2,2,0,0,0
2008,47,13,2,470369,1,4,2,2,1,2,6,2,1,2,2,2,1,2,2,1,2,2,1,2,2,2,2,2,2,2,2,2,1,2,2,0,0,0
2008,47,57,1,470370,1,4,2,2,4,2,6,2,1,2,1,2,1,2,2,2,2,2,2,2,1,2,2,2,2,2,2,2,1,2,2,0,0,0
2008,47,149,1,470371,1,4,1,2,4,2,6,2,1,2,2,2,1,2,2,2,2,2,2,2,3,2,2,2,2,2,2,2,1,2,2,0,0,0
2008,47,159,1,470372,1,4,1,2,1,2,4,2,1,2,1,2,1,2,2,2,2,2,1,2,1,2,2,2,2,2,2,2,1,1,2,0,0,0
2008,47,157,1,470373,1,4,2,2,1,1,3,1,1,1,1,2,1,2,2,2,1,2,2,2,3,2,2,2,2,2,2,2,2,2,2,0,0,0
2008,47,157,2,470374,1,4,2,2,1,2,4,2,2,1,2,2,2,1,2,2,2,2,2,2,3,2,2,2,2,2,2,2,2,2,2,0,0,0
2008,47,157,1,470375,1,4,2,2,1,2,6,2,1,2,1,2,1,2,2,2,2,2,2,2,3,2,2,2,2,1,2,2,2,2,2,0,0,0
2008,47,157,1,470376,1,4,2,2,1,2,4,2,1,1,1,2,1,2,2,2,1,2,2,2,3,2,2,2,2,2,2,2,2,2,2,0,0,0
2008,47,157,2,470377,1,4,2,2,1,2,4,2,4,1,1,2,2,2,2,2,2,2,2,2,3,2,2,2,2,2,2,2,2,2,2,0,0,0
2008,47,37,2,470379,1,4,2,2,1,1,3,1,2,1,1,2,3,2,2,2,2,2,2,2,3,2,2,2,2,1,1,1,2,2,2,0,0,0
2008,47,71,1,470380,1,4,2,2,1,2,3,2,1,1,1,2,1,2,2,2,1,2,2,2,3,2,2,2,2,2,2,2,2,2,2,0,0,0
2008,47,61,1,470381,1,4,1,2,1,1,4,1,5,1,1,2,2,2,2,2,2,2,1,2,2,1,1,1,1,2,2,1,2,2,2,0,0,0
2008,47,87,1,470382,1,4,1,2,1,2,4,2,3,1,1,2,2,2,1,2,2,2,2,2,2,2,2,2,2,2,2,2,1,2,2,0,0,0
2008,47,159,1,470383,1,4,1,2,4,2,4,2,1,1,2,2,1,2,2,1,2,2,1,2,3,2,2,2,2,2,2,2,1,2,2,0,0,0
2008,47,123,1,470384,1,4,1,2,4,2,5,2,1,2,1,2,1,2,2,2,2,2,2,2,1,2,2,2,2,1,2,2,1,2,2,0,0,0
2008,47,83,1,470385,1,4,1,2,1,2,4,2,3,1,1,2,2,2,1,2,2,2,2,2,3,2,2,2,2,2,2,2,1,2,2,0,0,0
2008,47,15,1,470386,1,4,1,2,1,2,3,3,4,1,1,2,2,2,1,2,2,2,2,2,3,2,2,2,2,2,2,2,2,2,2,0,0,0
2008,47,183,1,470387,1,4,1,2,1,2,3,2,3,2,1,2,2,1,2,2,2,2,1,2,1,2,2,2,2,2,2,2,2,2,2,0,0,0
2008,47,1,1,470388,1,4,1,2,1,2,5,2,1,2,2,2,1,2,2,2,1,2,2,2,3,2,2,2,2,2,2,2,2,2,2,0,0,0
2008,47,107,1,470389,1,4,1,2,2,1,6,1,1,1,2,2,1,2,1,2,2,2,2,2,2,2,2,2,2,2,2,2,2,2,2,0,0,0
2008,47,139,1,470390,1,4,1,2,4,2,6,2,1,1,1,2,1,2,2,1,2,2,1,2,2,1,1,1,1,2,2,1,1,2,2,0,0,0
2008,47,43,1,470392,1,4,1,2,4,2,4,2,1,1,1,2,1,2,2,2,2,2,2,2,3,2,2,2,2,2,2,2,1,2,2,0,0,0
2008,47,73,1,470393,1,4,1,2,4,2,5,2,1,1,1,2,1,2,2,1,2,2,1,2,2,2,2,2,2,2,1,1,1,2,2,0,0,0
2008,47,189,1,470394,1,4,1,2,1,2,4,2,3,1,1,2,2,2,2,2,2,2,2,2,3,2,2,2,2,2,1,1,1,2,2,0,0,0
2008,47,157,1,470395,1,4,2,2,1,1,3,1,5,1,1,2,3,2,2,2,2,2,2,2,3,2,2,2,2,1,2,2,2,2,2,0,0,0
2008,47,157,1,470396,1,4,2,2,1,1,4,1,4,2,1,2,2,2,2,2,2,2,2,2,1,2,2,2,2,2,2,2,2,2,2,0,0,0
2008,47,37,1,470397,1,4,2,2,1,2,6,2,1,1,1,2,1,2,2,1,2,2,2,2,1,2,2,2,2,2,2,2,1,2,2,0,0,0
2008,47,149,1,470398,1,4,2,1,1,2,1,2,2,1,1,2,3,1,2,2,2,2,2,2,2,2,2,1,1,1,2,1,2,2,2,0,0,0
2008,47,55,1,470399,1,4,1,2,1,2,5,2,5,2,2,1,2,2,2,2,1,2,2,2,1,2,2,2,2,2,2,2,1,2,2,0,0,0
2008,47,85,1,470400,1,4,1,1,4,2,1,2,1,2,2,2,1,2,2,2,2,2,1,2,3,2,2,2,2,2,2,2,1,2,2,0,0,0
2008,47,179,1,470401,1,4,1,2,4,2,5,2,1,2,2,2,1,2,2,2,2,2,2,2,2,2,2,2,2,2,2,2,1,2,2,0,0,0
2008,47,93,1,470402,1,4,2,2,1,1,5,1,4,1,1,2,2,2,2,2,2,2,2,2,3,2,2,2,2,1,2,2,2,2,2,0,0,0
2008,47,3,1,470403,1,4,1,2,4,2,4,2,1,2,2,2,1,2,2,2,2,2,1,2,3,1,1,1,1,2,2,1,1,2,2,0,0,0
2008,47,65,1,470404,1,4,2,2,2,2,4,2,1,1,2,2,1,2,2,1,2,2,2,2,3,1,1,1,1,2,2,1,1,2,2,0,0,0
2008,47,187,1,470405,1,4,2,2,1,2,6,2,2,1,2,2,2,2,2,2,2,2,2,2,3,2,2,2,2,1,2,2,2,2,2,0,0,0
2008,47,59,1,470406,1,4,1,2,4,2,5,2,1,1,2,2,1,2,2,2,2,2,1,2,2,2,2,2,2,2,2,2,1,2,2,0,0,0
2008,47,129,1,470407,1,4,2,2,1,1,6,1,4,1,1,2,2,2,2,2,2,2,2,2,3,2,2,2,2,2,2,2,2,2,2,0,0,0
2008,47,181,1,470408,1,4,1,2,1,2,5,2,1,1,2,2,1,2,2,2,2,2,2,2,2,1,1,1,1,2,2,1,2,1,2,0,0,0
2008,47,89,1,470409,1,4,1,1,1,2,1,2,4,1,1,2,2,1,2,2,2,2,2,2,1,2,2,2,2,2,2,2,1,2,2,0,0,0
2008,47,129,1,470410,1,4,1,2,4,2,5,2,1,3,3,2,1,2,2,2,2,2,1,2,2,2,2,2,2,2,2,2,1,2,2,0,0,0
2008,47,117,1,470411,1,4,1,2,1,2,5,2,3,1,2,2,2,1,1,2,2,2,2,2,2,2,2,2,2,2,2,2,1,2,2,0,0,0
2008,47,9,1,470412,1,4,1,2,4,2,4,2,1,1,1,2,1,2,1,1,2,2,2,2,3,2,2,2,2,1,2,2,1,2,2,0,0,0
2008,47,5,1,470413,1,4,1,2,4,1,5,1,1,1,1,2,1,2,2,1,2,2,1,2,1,2,2,2,2,2,2,2,2,1,2,0,0,0
2008,47,187,1,470414,1,4,1,2,1,2,5,3,2,2,1,2,2,2,2,2,2,2,1,2,3,2,2,2,2,1,2,2,2,2,2,0,0,0
2008,47,23,1,470416,1,4,1,2,2,2,5,2,1,2,2,2,1,2,2,2,2,2,1,2,1,2,2,2,2,2,2,2,1,2,2,0,0,0
2008,47,25,1,470417,1,4,1,2,4,2,5,2,1,2,1,2,1,2,2,2,2,2,2,2,3,2,2,2,2,2,2,2,1,2,2,0,0,0
2008,47,161,1,470418,1,4,1,2,1,2,4,3,4,1,1,1,2,2,1,2,2,2,2,2,2,2,2,2,2,2,2,2,2,2,2,0,0,0
2008,47,9,1,470419,1,4,1,2,4,2,4,2,1,1,1,2,1,2,1,2,2,2,2,2,3,2,2,2,2,2,2,2,1,2,2,0,0,0
2008,47,65,1,470420,1,4,2,1,1,2,1,2,2,2,2,1,3,2,1,2,2,2,2,2,1,2,2,2,2,2,2,2,2,2,2,0,0,0
2008,47,1,1,470421,1,4,2,2,1,2,3,3,4,2,1,2,2,2,1,2,2,2,2,2,3,2,2,2,2,2,2,2,1,2,2,0,0,0
2008,47,149,1,470422,1,4,2,2,1,2,4,2,1,2,1,2,1,2,2,2,1,2,2,2,2,2,2,2,2,2,2,2,2,2,2,0,0,0
2008,47,93,1,470423,1,4,1,2,4,2,5,2,1,2,2,2,1,2,2,2,2,2,1,2,3,2,2,2,2,2,1,1,1,2,2,0,0,0
2008,47,93,1,470424,1,4,1,2,4,2,5,2,1,1,2,2,1,2,2,2,2,2,1,2,3,2,2,2,2,2,2,2,1,2,2,0,0,0
2008,47,37,1,470425,1,4,2,2,1,1,3,1,1,2,1,2,1,2,2,2,1,2,2,2,3,2,2,2,2,2,2,2,2,1,2,0,0,0
2008,47,37,1,470426,1,4,2,2,1,2,6,2,1,1,1,2,1,2,2,2,1,2,2,2,3,2,2,2,2,2,2,2,2,2,2,0,0,0
2008,47,145,1,470427,1,4,2,2,1,2,3,2,1,1,1,2,1,2,2,2,2,2,2,2,3,2,2,2,2,2,2,2,1,2,2,0,0,0
2008,47,97,1,470428,1,4,2,2,1,1,3,1,4,1,2,2,2,2,2,2,2,2,2,2,2,2,2,2,2,1,1,1,2,2,2,0,0,0
2008,47,119,1,470429,1,4,2,2,1,1,3,1,4,2,1,2,2,2,1,2,2,2,2,2,1,2,2,2,2,2,2,2,2,2,2,0,0,0
2008,47,53,1,470430,1,4,2,2,1,1,3,1,4,1,1,2,2,2,2,2,2,2,2,2,2,1,2,1,2,2,2,2,2,2,2,0,0,0
2008,47,63,1,470431,1,4,2,2,1,1,3,1,4,1,1,2,2,2,2,2,2,2,2,2,3,2,2,2,2,1,2,2,2,2,2,0,0,0
2008,47,91,1,470432,1,4,1,2,1,2,5,3,4,1,1,2,2,2,2,2,2,2,2,2,3,2,2,2,2,1,1,1,2,2,2,0,0,0
2008,47,15,1,470433,1,4,1,2,4,1,5,1,1,2,1,2,1,2,2,2,2,2,2,2,3,2,2,2,2,1,2,2,2,2,2,0,0,0
2008,47,129,1,470434,1,4,1,2,1,2,5,2,3,2,1,2,2,2,2,2,2,2,2,2,2,2,2,1,1,2,2,1,2,2,2,0,0,0
2008,47,35,1,470435,1,4,1,2,4,2,5,2,1,1,1,2,1,2,2,2,2,2,2,2,3,2,2,2,2,2,2,2,1,2,2,0,0,0
2008,47,65,1,470436,1,4,2,2,4,2,4,3,1,2,2,2,1,2,2,1,2,2,2,2,1,2,2,2,2,2,1,1,1,2,2,0,0,0
2008,47,65,1,470437,1,4,2,2,1,2,3,2,1,2,2,2,1,2,2,2,1,2,2,2,3,2,2,2,2,2,1,1,2,2,2,0,0,0
2008,47,13,2,470438,1,4,1,2,1,1,3,1,4,1,1,2,2,1,2,2,2,2,2,2,2,2,2,2,2,2,1,1,2,1,2,0,0,0
2008,47,93,1,470439,1,4,2,2,4,1,3,1,1,1,2,2,1,2,2,2,2,2,2,2,3,2,2,2,2,2,2,2,2,2,2,0,0,0
2008,47,123,1,470440,1,4,2,2,1,2,6,2,3,2,1,2,2,2,2,2,2,2,2,2,2,2,2,2,2,2,2,2,1,2,2,0,0,0
2008,47,147,1,470441,1,4,1,2,1,2,4,2,2,2,1,2,2,2,2,1,2,2,1,2,3,1,1,1,1,2,2,1,2,2,2,0,0,0
2008,47,1,1,470442,1,4,1,2,4,2,5,2,1,2,1,2,2,2,1,1,2,2,2,2,1,2,2,2,2,2,2,2,1,2,2,0,0,0
2008,47,169,1,470443,1,4,1,2,4,2,6,2,1,1,1,2,1,2,2,2,2,2,1,2,3,2,2,2,2,1,2,2,1,2,2,0,0,0
2008,47,165,2,470444,1,4,1,2,1,2,3,2,3,2,1,2,2,2,2,2,2,2,2,2,2,2,2,2,2,2,1,1,1,2,2,0,0,0
2008,47,73,1,470445,1,4,1,2,4,2,5,2,1,2,1,2,1,2,1,2,2,2,2,2,2,2,2,2,2,2,2,2,1,2,2,0,0,0
2008,47,5,1,470446,1,4,1,2,4,2,5,2,1,1,1,2,1,2,2,1,2,2,2,2,1,2,2,2,2,2,2,2,1,2,2,0,0,0
2008,47,147,1,470447,1,4,1,2,1,2,6,2,5,1,1,2,2,2,1,2,2,2,2,2,1,2,2,2,2,2,2,2,1,2,2,0,0,0
2008,47,93,1,470448,1,4,2,2,1,2,4,2,4,2,1,2,2,2,1,2,2,2,2,2,3,2,2,2,2,2,2,2,2,2,2,0,0,0
2008,47,9,1,470449,1,4,1,2,4,2,4,2,1,2,1,2,1,2,1,1,2,2,2,2,3,2,2,2,2,2,1,1,1,1,2,0,0,0
2008,47,129,1,470450,1,4,1,2,4,2,3,2,1,2,2,2,1,2,2,2,2,2,2,2,3,1,1,1,1,2,2,1,1,2,2,0,0,0
2008,47,135,1,470451,1,4,1,2,1,2,6,2,6,1,2,2,2,2,1,2,2,2,2,2,2,2,2,2,2,1,2,2,1,2,2,0,0,0
2008,47,155,1,470452,1,4,2,2,1,1,6,1,1,1,2,2,1,2,2,1,2,2,1,2,1,2,2,1,1,2,2,1,2,2,2,0,0,0
2008,47,11,1,470453,1,4,1,2,4,2,5,2,1,1,2,2,1,2,1,2,2,2,2,2,1,2,2,2,2,2,2,2,1,2,2,0,0,0
2008,47,65,1,470454,1,4,2,2,4,2,4,2,1,2,1,2,1,2,1,1,2,2,2,2,2,2,2,2,2,2,2,2,1,2,2,0,0,0
2008,47,17,1,470455,1,4,1,2,1,2,4,2,4,1,1,2,2,2,2,2,2,2,1,2,2,2,2,2,2,2,1,1,1,2,2,0,0,0
2008,47,37,1,470456,1,4,2,1,1,2,1,2,4,1,1,2,2,2,2,2,2,2,2,2,3,1,1,1,1,2,2,1,2,2,2,0,0,0
2008,47,59,1,470457,1,4,1,2,1,1,3,1,4,1,1,2,2,2,2,2,2,2,2,2,2,2,2,2,2,1,2,2,2,2,2,0,0,0
2008,47,37,1,470458,1,4,2,2,1,1,6,1,4,1,1,2,2,2,2,2,2,2,2,2,3,2,2,2,2,1,2,2,2,2,2,0,0,0
2008,47,9,1,470459,1,4,2,2,1,2,3,2,3,1,2,2,2,2,1,2,2,2,2,2,3,1,1,1,1,2,2,1,2,2,2,0,0,0
2008,47,157,1,470460,1,4,2,1,1,2,1,3,1,2,2,2,1,2,2,2,2,2,1,1,3,2,2,2,2,2,1,1,1,2,2,0,0,0
2008,47,189,1,470461,1,4,2,1,4,2,1,2,1,2,1,2,1,2,2,2,2,2,1,2,1,2,2,1,1,2,2,1,1,2,2,0,0,0
2008,47,93,1,470462,1,4,2,2,1,2,6,2,3,2,1,2,2,2,1,1,2,2,2,2,3,1,1,1,1,2,2,1,2,2,2,0,0,0
2008,47,157,1,470463,1,4,2,2,1,2,3,2,1,2,2,1,1,2,2,2,1,2,2,2,3,2,2,2,2,2,2,2,1,2,2,0,0,0
2008,47,157,1,470464,1,4,2,2,4,1,4,1,1,2,2,2,1,2,2,2,2,2,1,2,3,1,1,1,1,2,2,1,2,2,2,0,0,0
2008,47,157,1,470465,1,4,2,2,2,2,6,2,1,2,2,2,1,2,1,2,2,2,2,2,3,2,2,2,2,2,2,2,1,2,2,0,0,0
2008,47,149,1,470466,1,4,2,2,1,2,4,2,5,2,1,2,2,2,2,1,2,2,2,2,1,2,2,2,2,2,1,1,1,2,2,0,0,0
2008,47,157,1,470467,1,4,2,2,1,2,6,2,1,1,2,2,1,2,2,2,2,2,2,2,3,2,2,2,2,2,2,2,2,2,2,0,0,0
2008,47,107,1,470468,1,4,1,2,4,2,6,2,1,2,2,2,1,2,1,1,2,2,2,2,1,2,2,2,2,2,2,2,1,2,2,0,0,0
2008,47,1,1,470469,1,4,1,2,1,2,4,2,3,2,2,2,2,2,2,2,2,2,2,2,1,2,2,2,2,1,2,2,2,2,2,0,0,0
2008,47,93,1,470470,1,4,2,1,1,2,1,3,1,1,1,2,1,2,2,2,1,2,2,2,3,2,2,2,2,2,1,1,2,2,2,0,0,0
2008,47,123,1,470471,1,4,2,2,1,1,2,1,4,1,1,2,2,2,2,2,2,2,2,2,2,2,2,2,2,1,2,2,2,2,2,0,0,0
2008,47,157,1,470472,1,4,2,2,1,1,4,1,1,2,2,2,1,2,2,2,1,2,2,2,3,2,2,2,2,2,2,2,2,2,2,0,0,0
2008,47,93,1,470473,1,4,2,2,4,2,4,2,1,1,1,2,1,2,2,2,2,2,2,2,3,2,2,2,2,2,2,2,1,2,2,0,0,0
2008,47,115,1,470474,1,4,1,2,4,2,6,2,1,3,1,2,1,2,2,2,2,2,2,2,3,2,2,2,2,1,2,2,1,2,2,0,0,0
2008,47,65,1,470475,1,4,2,2,1,2,6,2,5,1,1,2,2,2,1,1,2,2,2,2,1,2,2,2,2,1,2,2,2,2,2,0,0,0
2008,47,179,1,470476,1,4,2,1,4,2,1,2,1,2,2,2,1,2,1,2,2,2,2,2,1,2,2,2,2,2,2,2,1,2,2,0,0,0
2008,47,157,1,470477,1,4,2,2,4,2,4,2,1,1,1,2,1,2,2,2,2,2,1,2,3,2,2,2,2,2,2,2,1,2,2,0,0,0
2008,47,157,1,470478,1,4,2,2,1,2,3,2,3,2,1,2,2,2,2,2,2,2,2,2,3,2,2,2,2,1,2,2,1,2,2,0,0,0
2008,47,63,1,470479,1,4,2,2,1,2,4,2,3,2,1,2,2,2,2,1,2,2,2,2,2,2,2,2,2,2,2,2,1,2,1,0,0,0
2008,47,157,2,470480,1,4,2,2,1,1,3,1,3,2,2,2,2,2,1,2,2,2,2,2,3,2,2,2,2,1,2,2,2,2,2,0,0,0
2008,47,131,1,470481,1,4,2,2,1,1,3,1,4,2,2,2,2,2,2,2,2,2,2,2,1,2,2,2,2,2,1,1,2,1,2,0,0,0
2008,47,157,1,470482,1,4,2,2,1,1,3,1,4,1,1,2,2,2,2,2,2,2,1,2,3,2,2,2,2,1,2,2,2,2,2,0,0,0
2008,47,157,1,470483,1,4,2,2,1,1,3,1,4,2,1,2,2,1,2,2,2,2,2,2,3,2,2,1,1,2,2,1,2,2,2,0,0,0
2008,47,157,1,470484,1,4,2,2,1,1,3,1,4,2,2,2,2,2,1,2,2,2,2,2,3,2,2,2,2,1,2,2,2,2,2,0,0,0
2008,47,167,1,470485,1,4,1,2,1,2,5,2,1,1,2,2,1,2,2,2,2,2,2,2,3,2,2,2,2,1,2,2,2,2,2,0,0,0
2008,47,101,1,470486,1,4,1,2,1,2,4,2,3,1,1,2,2,2,2,2,2,2,2,2,3,2,2,2,2,2,2,2,1,2,2,0,0,0
2008,47,19,1,470487,1,4,1,2,4,2,5,2,1,1,1,2,1,2,2,2,2,2,2,2,3,2,2,2,2,2,2,2,1,2,2,0,0,0
2008,47,41,1,470488,1,4,1,2,4,2,6,2,1,2,1,2,1,2,2,2,2,2,2,2,1,1,1,1,1,2,2,1,1,2,2,0,0,0
2008,47,63,1,470489,1,4,1,2,4,2,5,2,1,2,1,2,1,2,2,2,2,2,1,2,3,2,2,2,2,2,2,2,1,2,2,0,0,0
2008,47,53,1,470490,1,4,1,2,1,2,6,2,1,2,1,2,1,2,2,2,2,2,1,2,2,2,2,2,2,2,2,2,2,2,2,0,0,0
2008,47,19,1,470491,1,4,2,2,1,2,4,2,3,1,1,2,2,2,2,1,2,2,1,2,3,1,1,1,1,2,2,1,1,2,2,0,0,0
2008,47,43,2,470492,1,4,1,2,1,2,4,2,3,2,2,2,2,2,2,2,2,2,1,2,1,1,1,1,1,2,2,1,1,1,2,0,0,0
2008,47,115,1,470493,1,4,1,2,4,2,5,2,1,2,2,2,1,2,2,2,2,2,2,2,3,2,2,2,2,2,2,2,1,2,2,0,0,0
2008,47,59,1,470494,1,4,1,2,1,2,4,2,3,2,2,2,2,2,1,1,2,2,2,2,1,2,2,2,2,2,2,2,1,2,2,0,0,0
2008,47,167,1,470495,1,4,2,2,4,2,6,2,1,2,2,2,1,2,2,2,2,2,1,2,3,2,2,2,2,2,2,2,1,2,2,0,0,0
2008,47,157,1,470496,1,4,1,1,2,2,1,2,2,1,1,2,1,2,2,2,2,2,2,2,3,2,2,2,2,2,1,1,2,2,1,0,0,0
2008,47,125,1,470497,1,4,1,2,1,2,4,2,4,1,2,2,2,1,1,2,2,2,2,2,3,2,2,2,2,2,2,2,2,2,2,0,0,0
2008,47,5,1,470498,1,4,1,2,4,2,5,2,1,1,1,2,1,2,2,2,2,2,1,2,1,2,2,2,2,2,2,2,1,2,2,0,0,0
2008,47,17,1,470499,1,4,1,2,1,2,5,2,3,2,2,2,3,2,2,2,2,2,2,2,1,2,2,2,2,2,2,2,1,2,2,0,0,0
2008,47,19,1,470500,1,4,1,2,4,2,4,2,1,1,1,2,1,2,2,2,2,2,1,2,3,2,2,2,2,1,2,2,1,2,2,0,0,0
2008,47,35,1,470501,1,4,1,2,1,2,5,2,3,1,1,2,2,2,1,1,2,2,2,2,3,2,2,2,2,1,2,2,1,2,2,0,0,0
2008,47,173,1,470502,1,4,1,2,1,1,4,1,3,2,2,2,2,2,2,2,2,2,2,2,3,1,1,1,1,2,2,1,2,2,2,0,0,0
2008,47,177,2,470503,1,4,1,2,1,1,3,1,4,2,1,1,2,2,2,2,2,2,2,2,1,2,2,2,2,1,1,1,2,2,2,0,0,0
2008,47,131,2,470504,1,4,1,2,4,2,6,2,1,1,1,2,1,2,2,1,2,2,1,2,3,1,1,1,1,2,2,1,1,1,2,0,0,0
2008,47,31,1,470505,1,4,1,1,1,2,1,2,4,1,1,2,2,1,2,2,2,2,2,2,3,2,2,2,2,2,1,1,1,1,2,0,0,0
2008,47,43,1,470506,1,4,1,2,1,2,4,2,4,1,1,2,2,2,2,2,2,2,2,2,3,1,1,1,1,2,2,1,1,1,2,0,0,0
2008,47,31,1,470507,1,4,1,1,4,2,1,2,1,1,1,2,1,2,2,1,2,2,2,2,2,2,2,2,2,2,2,2,1,2,2,0,0,0
2008,47,147,1,470509,1,4,1,2,1,1,5,1,4,1,1,2,2,2,2,2,2,2,2,2,3,2,2,2,2,1,2,2,2,2,2,0,0,0
2008,47,13,1,470510,1,4,1,1,1,2,1,2,2,2,1,2,2,2,2,2,2,2,1,2,2,2,2,2,2,2,1,1,2,2,1,0,0,0
2008,47,107,1,470511,1,4,1,2,4,2,5,2,1,2,2,2,1,2,2,1,2,2,2,2,1,2,2,2,2,2,2,2,1,2,2,0,0,0
2008,47,149,1,470512,1,4,2,2,1,1,5,1,1,1,1,2,1,2,2,2,2,1,2,2,2,2,2,2,2,2,2,2,2,2,2,0,0,0
2008,47,143,1,470513,1,4,1,2,4,2,4,2,1,2,2,2,1,2,1,1,2,2,2,2,3,2,2,2,2,2,2,2,2,2,2,0,0,0
2008,47,187,1,470514,1,4,1,2,1,2,5,2,4,1,2,2,2,2,1,2,2,2,2,2,3,1,1,1,1,2,2,1,1,2,2,0,0,0
2008,47,79,1,470515,1,4,1,2,1,2,6,2,1,2,2,2,1,2,2,2,2,2,1,2,1,2,2,2,2,2,2,2,1,2,2,0,0,0
2008,47,107,1,470516,1,4,1,2,1,1,4,1,3,1,2,2,3,2,2,2,2,2,1,2,2,2,2,1,1,2,1,1,2,2,2,0,0,0
2008,47,55,1,470517,1,4,1,2,1,1,3,1,4,1,1,2,2,2,2,2,2,2,2,2,3,2,2,2,2,1,2,2,2,1,2,0,0,0
2008,47,127,1,470518,1,4,1,2,4,2,5,2,1,2,1,2,1,2,2,2,2,2,2,2,2,1,1,1,1,2,2,1,1,2,2,0,0,0
2008,47,79,1,470519,1,4,1,2,4,2,5,2,1,1,1,2,1,2,2,2,2,2,1,2,2,2,2,2,2,1,2,2,1,2,2,0,0,0
2008,47,77,1,470520,1,4,1,1,1,2,1,2,3,2,2,2,2,1,2,2,2,2,1,2,2,2,2,2,2,2,2,2,1,1,2,0,0,0
2008,47,165,1,470521,1,4,1,2,4,2,3,2,1,1,2,2,1,2,2,2,2,2,2,2,3,2,2,2,2,2,2,2,1,2,2,0,0,0
2008,47,13,1,470522,1,4,2,2,1,1,6,1,1,1,1,2,1,2,2,2,2,1,2,2,2,2,2,2,2,2,2,2,2,2,2,0,0,0
2008,47,61,1,470523,1,4,1,2,1,2,6,2,4,1,1,2,2,2,2,1,2,2,2,2,1,1,1,1,1,2,2,1,1,2,2,0,0,0
2008,47,73,1,470524,1,4,1,2,4,2,5,2,1,1,1,2,1,2,1,1,2,2,2,2,3,2,2,2,2,2,2,2,1,2,2,0,0,0
2008,47,63,1,470525,1,4,1,2,1,2,4,2,3,2,1,2,3,1,2,2,2,2,2,2,3,2,2,2,2,2,2,2,1,2,2,0,0,0
2008,47,187,1,470526,1,4,1,2,4,2,5,3,1,1,1,2,1,2,2,2,2,2,1,2,3,2,2,2,2,2,2,2,1,2,2,0,0,0
2008,47,61,1,470527,1,4,1,2,1,2,4,2,3,2,2,2,2,2,2,2,2,2,2,2,2,2,2,2,2,2,2,2,1,2,2,0,0,0
2008,47,103,1,470528,1,4,1,2,1,2,6,2,1,1,1,2,1,2,2,2,2,2,1,2,1,2,2,2,2,1,2,2,2,2,2,0,0,0
2008,47,123,1,470529,1,4,1,2,4,2,5,2,1,1,1,2,1,2,2,2,2,2,1,2,1,2,2,2,2,2,2,2,1,2,2,0,0,0
2008,47,61,1,470530,1,4,1,2,4,2,4,2,1,2,2,2,1,2,2,1,2,2,1,2,2,2,2,2,2,2,2,2,1,2,2,0,0,0
2008,47,85,1,470531,1,4,1,2,4,1,5,1,1,1,2,2,1,2,2,1,2,2,1,2,3,2,2,2,2,2,2,2,2,2,2,0,0,0
2008,47,101,1,470532,1,4,1,2,1,2,6,2,4,1,2,2,2,2,1,1,2,2,2,2,2,2,2,2,2,2,1,1,2,2,2,0,0,0
2008,47,105,1,470533,1,4,1,1,1,2,1,2,1,2,2,2,1,2,1,1,2,2,2,2,3,2,2,2,2,2,1,1,2,2,2,0,0,0
2008,47,173,1,470534,1,4,1,2,4,2,6,2,1,2,2,2,1,2,2,1,2,2,2,2,3,2,2,2,2,2,2,2,1,2,2,0,0,0
2008,47,143,1,470535,1,4,1,2,4,2,6,2,1,2,1,2,1,2,2,2,2,2,2,2,1,2,2,2,2,2,1,1,1,1,2,0,0,0
2008,47,23,1,470536,1,4,1,2,1,1,3,1,4,1,1,2,2,2,2,2,2,2,1,2,2,2,2,2,2,2,2,2,2,2,1,0,0,0
2008,47,177,1,470537,1,4,1,2,4,2,6,2,1,2,2,2,1,2,1,2,2,2,2,2,1,2,2,2,2,2,2,2,1,2,2,0,0,0
2008,47,37,1,470538,1,4,1,2,1,2,4,2,4,1,1,2,2,2,2,2,2,2,2,2,3,2,2,2,2,2,2,2,1,2,2,0,0,0
2008,47,89,1,470539,1,4,1,1,4,2,1,2,1,1,2,2,1,2,1,2,2,2,2,2,2,2,2,2,2,2,2,2,1,2,2,0,0,0
2008,47,173,1,470540,1,4,1,2,4,2,5,2,1,1,2,2,1,2,2,2,2,2,2,2,1,2,2,2,2,2,2,2,1,2,2,0,0,0
2008,47,3,1,470541,1,4,1,2,4,2,5,2,1,1,1,2,1,2,2,2,2,2,1,2,2,2,2,2,2,2,2,2,1,2,2,0,0,0
2008,47,99,1,470542,1,4,1,2,1,2,6,2,4,1,1,2,2,2,1,2,2,2,2,2,1,2,2,1,1,2,2,1,1,2,2,0,0,0
2008,47,105,1,470543,1,4,1,2,4,2,5,2,1,1,1,2,1,2,2,1,2,2,1,2,1,2,2,2,2,2,2,2,1,2,2,0,0,0
2008,47,77,1,470544,1,4,1,2,4,2,6,2,1,1,1,2,1,2,2,2,2,2,1,2,1,2,2,2,2,2,2,2,1,2,2,0,0,0
2008,47,187,1,470545,1,4,1,2,4,2,5,2,1,1,2,2,1,2,2,2,2,2,2,2,3,2,2,2,2,1,2,2,1,2,2,0,0,0
2008,47,85,1,470546,1,4,1,1,4,2,1,2,1,1,2,2,1,2,2,2,2,2,1,2,3,2,2,2,2,1,2,2,1,2,2,0,0,0
2008,47,21,1,470547,1,4,1,1,4,2,1,2,1,1,1,2,1,2,2,2,2,2,2,2,3,2,2,2,2,2,2,2,1,2,2,0,0,0
2008,47,147,1,470548,1,4,1,2,4,2,5,2,1,2,2,2,1,2,2,2,2,2,1,2,3,2,2,2,2,2,2,2,1,2,2,0,0,0
2008,47,77,1,470549,1,4,1,2,1,2,3,2,5,2,1,2,2,1,2,2,2,2,2,2,1,2,2,2,2,1,2,2,1,2,2,0,0,0
2008,47,149,1,470550,1,4,2,2,4,2,5,2,1,2,1,2,1,2,2,2,2,2,1,2,3,1,1,1,1,2,2,1,1,2,2,0,0,0
2008,47,77,1,470551,1,4,1,2,1,2,6,2,3,1,1,2,2,2,2,2,2,2,2,2,3,2,2,2,2,2,2,2,1,2,2,0,0,0
2008,47,149,1,470552,1,4,1,2,4,2,6,2,1,2,1,2,1,2,2,2,2,2,2,2,3,2,2,2,2,2,1,1,1,2,2,0,0,0
2008,47,1,1,470553,1,4,1,2,4,2,6,2,1,2,2,2,1,2,2,1,2,2,1,2,3,2,2,2,2,2,2,2,1,1,2,0,0,0
2008,47,53,1,470554,1,4,1,2,4,2,6,2,1,2,2,2,1,2,2,2,2,2,1,2,1,1,1,1,1,2,2,1,1,1,2,0,0,0
2008,47,147,1,470555,1,4,1,2,4,2,5,2,1,2,2,2,1,2,2,2,2,2,1,2,3,2,2,2,2,2,2,2,1,2,2,0,0,0
2008,47,69,1,470556,1,4,1,2,1,2,3,2,2,1,1,2,1,2,1,2,2,2,2,2,2,2,2,2,2,1,2,2,2,2,2,0,0,0
2008,47,107,1,470557,1,4,1,1,4,2,1,2,1,2,1,2,1,2,2,2,2,2,1,2,1,2,2,2,2,2,2,2,1,1,2,0,0,0
2008,47,93,1,470558,1,4,1,2,1,1,4,1,4,1,1,2,2,2,2,2,2,2,2,2,3,2,2,2,2,1,2,2,2,2,2,0,0,0
2008,47,89,1,470559,1,4,1,2,4,1,5,1,1,1,2,2,1,2,1,1,2,2,2,2,3,2,2,2,2,2,2,2,2,2,2,0,0,0
2008,47,107,2,470560,1,4,1,2,1,1,5,1,3,2,2,2,2,2,2,2,2,2,2,2,1,1,1,1,1,2,2,1,2,2,2,0,0,0
2008,47,49,1,470561,1,4,1,2,1,1,4,1,3,1,1,2,2,2,1,2,2,2,2,2,2,2,2,2,2,1,2,2,2,2,2,0,0,0
2008,47,53,1,470562,1,4,1,2,4,2,5,2,1,2,1,2,1,2,2,2,2,2,1,2,3,2,2,1,1,2,2,1,1,1,2,0,0,0
2008,47,25,1,470563,1,4,1,2,4,2,3,2,1,1,2,2,1,2,2,2,2,2,1,2,3,2,2,2,2,2,2,2,1,1,2,0,0,0
2008,47,71,1,470564,1,4,1,2,4,2,6,2,1,1,1,2,1,2,2,2,2,2,1,2,2,2,2,2,2,2,2,2,1,2,2,0,0,0
2008,47,109,1,470565,1,4,1,2,4,2,4,2,1,1,1,2,1,2,2,2,2,2,1,2,3,2,2,2,2,2,2,2,1,2,2,0,0,0
2008,47,93,1,470566,1,4,1,2,4,2,4,2,1,1,1,2,1,2,2,1,2,2,1,2,2,2,2,2,2,2,2,2,1,2,2,0,0,0
2008,47,171,1,470567,1,4,1,2,1,2,4,2,3,1,2,2,2,2,1,2,2,2,2,2,2,2,2,2,2,2,2,2,1,2,2,0,0,0
2008,47,147,1,470568,1,4,1,1,4,2,1,2,1,2,2,2,1,2,2,2,2,2,2,2,3,2,2,2,2,2,2,2,1,2,2,0,0,0
2008,47,77,1,470569,1,4,1,2,1,2,6,2,1,1,1,2,1,2,2,2,2,2,2,2,2,2,2,2,2,2,2,2,2,2,2,0,0,0
2008,47,141,2,470570,1,4,1,1,4,2,1,2,1,1,2,2,1,2,2,2,2,2,1,2,2,2,2,2,2,1,2,2,1,2,2,0,0,0
2008,47,149,1,470571,1,4,2,2,1,1,4,1,4,2,2,2,2,2,1,2,2,2,2,2,3,2,2,2,2,2,2,2,2,2,2,0,0,0
2008,47,93,1,470572,1,4,1,1,3,2,1,2,1,2,2,2,1,2,2,2,2,2,1,2,3,1,1,1,1,2,2,1,1,2,2,0,0,0
2008,47,63,1,470573,1,4,2,2,4,2,3,2,1,1,2,2,1,2,2,2,1,2,2,2,2,2,2,2,2,2,2,2,1,1,2,0,0,0
2008,47,93,1,470574,1,4,2,2,1,2,3,2,3,1,1,2,2,2,2,2,2,2,2,2,3,2,2,2,2,2,2,2,2,2,2,0,0,0
2008,47,9,1,470575,1,4,2,2,1,2,3,2,2,2,1,2,2,2,1,1,2,2,2,2,3,2,2,2,2,2,1,1,2,2,2,0,0,0
2008,47,9,1,470576,1,4,2,2,4,2,3,2,1,2,1,2,1,2,1,1,2,2,2,2,3,2,2,2,2,2,2,2,1,2,2,0,0,0
2008,47,65,1,470577,1,4,1,2,1,2,5,3,4,2,1,2,2,2,2,1,2,2,2,2,3,2,2,2,2,2,2,2,2,2,2,0,0,0
2008,47,9,1,470578,1,4,1,2,1,2,5,2,5,2,2,2,2,2,1,2,2,2,2,2,1,2,2,2,2,2,2,2,2,2,2,0,0,0
2008,47,167,1,470579,1,4,1,2,1,2,5,3,4,2,1,2,2,2,1,2,2,2,2,2,2,2,2,2,2,2,2,2,2,2,2,0,0,0
2008,47,31,1,470580,1,4,1,2,4,2,6,2,1,1,2,2,1,2,2,1,2,2,2,2,1,1,1,1,1,2,2,1,1,1,2,0,0,0
2008,47,73,1,470581,1,4,1,2,4,2,5,2,1,2,2,2,1,2,2,2,2,2,1,2,1,2,2,2,2,2,2,2,1,2,2,0,0,0
2008,47,99,1,470582,1,4,1,2,1,1,5,1,1,2,2,2,1,2,1,2,2,2,2,2,2,2,2,2,2,2,2,2,2,2,2,0,0,0
2008,47,147,1,470583,1,4,1,2,1,2,4,2,5,1,2,2,3,2,2,2,2,2,1,2,3,2,2,2,2,2,2,2,1,2,2,0,0,0
2008,47,63,1,470584,1,4,1,1,3,2,1,2,1,1,2,2,1,2,2,2,2,2,1,2,3,2,2,2,2,2,1,1,1,2,1,0,0,0
2008,47,69,1,470585,1,4,1,2,4,2,4,2,1,1,1,2,1,2,2,2,2,2,1,2,2,1,1,1,1,2,2,1,1,1,2,0,0,0
2008,47,105,1,470586,1,4,2,2,2,2,5,2,1,1,2,2,1,2,1,2,2,2,2,2,2,2,2,2,2,1,2,2,1,2,2,0,0,0
2008,47,117,1,470587,1,4,1,2,4,2,5,2,1,2,2,2,1,2,2,2,2,2,1,2,3,2,2,2,2,2,2,2,1,2,2,0,0,0
2008,47,35,1,470588,1,4,1,2,4,2,6,2,1,1,1,2,1,2,2,2,2,2,2,2,3,2,2,2,2,2,2,2,1,2,2,0,0,0
2008,47,103,1,470589,1,4,1,2,1,2,5,2,3,2,1,2,2,2,2,2,2,2,2,2,2,2,2,2,2,1,2,2,1,2,2,0,0,0
2008,47,65,2,470590,1,4,2,2,1,1,3,1,4,2,2,2,3,2,1,2,2,2,2,2,1,2,2,2,2,2,1,1,2,2,2,0,0,0
2008,47,75,1,470591,1,4,1,2,1,2,5,2,3,2,2,2,2,2,2,2,2,2,2,2,3,1,1,1,1,2,2,1,1,2,2,0,0,0
2008,47,85,1,470592,1,4,1,1,2,2,1,2,1,2,2,2,1,2,1,1,2,2,2,2,2,2,2,2,2,2,2,2,1,2,2,0,0,0
2008,47,139,1,470593,1,4,1,2,4,2,5,2,1,1,2,2,1,2,1,1,2,2,2,2,2,2,2,2,2,2,1,1,1,2,2,0,0,0
2008,47,77,1,470594,1,4,1,2,4,2,4,2,1,2,1,2,1,2,2,2,2,2,1,2,2,1,1,1,1,2,2,1,1,2,2,0,0,0
2008,47,145,1,470595,1,4,1,2,1,1,3,1,4,1,1,2,2,2,2,1,2,2,2,2,2,2,2,2,2,2,2,2,2,2,2,0,0,0
2008,47,5,1,470596,1,4,1,2,1,2,4,2,4,1,1,2,2,1,2,2,2,2,2,2,2,2,2,2,2,1,1,1,2,2,2,0,0,0
2008,47,17,1,470597,1,4,1,2,4,2,5,2,1,2,1,2,1,2,2,2,2,2,1,2,2,2,2,1,1,2,2,1,1,2,2,0,0,0
2008,47,9,1,470598,1,4,1,2,1,2,4,2,4,2,2,2,2,2,1,1,2,2,2,2,3,2,2,2,2,2,2,2,1,2,2,0,0,0
2008,47,53,1,470599,1,4,1,2,4,2,5,2,1,1,2,2,1,2,1,2,2,2,2,2,2,2,2,2,2,2,2,2,1,2,2,0,0,0
2008,47,57,1,470600,1,4,1,2,4,2,5,2,1,1,2,2,1,2,2,2,2,2,1,2,3,2,2,2,2,2,2,2,1,2,2,0,0,0
2008,47,121,2,470601,1,4,2,2,1,1,4,1,4,2,2,2,2,1,2,2,2,2,2,2,2,2,2,2,2,2,2,2,2,2,2,0,0,0
2008,47,41,1,470602,1,4,1,2,4,2,6,2,1,1,2,2,1,2,2,2,2,2,2,2,3,2,2,2,2,2,2,2,1,2,2,0,0,0
2008,47,99,1,470603,1,4,1,2,4,2,4,2,1,2,2,2,1,2,1,2,2,2,2,2,1,2,2,2,2,2,2,2,1,2,2,0,0,0
2008,47,147,1,470604,1,4,1,2,4,2,6,2,1,2,2,2,1,2,2,2,2,2,2,2,1,2,2,2,2,2,2,2,1,2,2,0,0,0
2008,47,177,2,470605,1,4,1,2,1,1,4,1,4,1,1,2,2,2,2,2,2,2,2,2,2,2,2,1,1,2,2,1,2,2,2,0,0,0
2008,47,31,1,470606,1,4,1,1,3,2,1,2,1,1,1,2,1,2,2,2,2,2,1,2,2,2,2,2,2,2,2,2,1,2,2,0,0,0
2008,47,107,1,470607,1,4,1,2,1,1,4,1,4,1,1,2,2,2,1,2,2,2,2,2,2,2,2,2,2,1,2,2,2,2,2,0,0,0
2008,47,61,2,470608,1,4,1,2,1,2,4,2,3,1,2,2,2,2,1,2,2,2,2,2,1,2,2,2,2,1,2,2,1,2,2,0,0,0
2008,47,115,1,470609,1,4,1,1,1,2,1,2,3,2,2,2,2,1,2,2,2,2,2,2,3,2,2,2,2,2,2,2,2,2,2,0,0,0
2008,47,49,1,470610,1,4,1,2,1,2,3,2,4,1,1,2,2,2,2,2,2,2,2,2,2,2,2,2,2,2,2,2,1,2,2,0,0,0
2008,47,175,1,470611,1,4,1,2,4,2,6,2,1,2,2,2,1,2,2,2,2,2,1,2,3,2,2,2,2,2,2,2,1,1,2,0,0,0
2008,47,127,1,470612,1,4,1,2,4,2,3,2,1,2,2,2,1,2,2,2,2,2,2,2,3,2,2,2,2,2,2,2,1,2,2,0,0,0
2008,47,133,1,470613,1,4,1,2,1,2,5,3,4,1,1,2,2,2,2,2,2,2,2,2,2,1,1,1,1,1,2,1,1,1,2,0,0,0
2008,47,61,1,470614,1,4,1,2,4,2,6,2,1,2,1,2,1,2,2,2,2,2,2,2,2,2,2,2,2,2,2,2,1,2,2,0,0,0
2008,47,181,1,470615,1,4,1,2,1,2,6,2,4,1,1,2,2,2,1,2,2,2,2,2,1,1,1,1,1,2,1,1,1,2,2,0,0,0
2008,47,23,1,470616,1,4,2,2,4,2,4,2,1,2,2,2,1,2,2,2,2,2,2,2,3,1,1,1,1,2,2,1,1,2,2,0,0,0
2008,47,15,1,470617,1,4,1,2,4,2,4,2,1,2,1,2,1,2,2,2,2,2,2,2,2,2,2,1,1,2,2,1,1,1,2,0,0,0
2008,47,189,3,470618,1,4,2,1,1,2,1,2,4,1,1,1,3,1,2,2,2,2,1,2,1,1,1,1,1,2,2,1,2,2,2,0,0,0
2008,47,149,1,470619,1,4,1,2,1,1,3,1,4,1,2,2,2,2,1,2,2,2,2,2,3,2,2,1,1,2,2,1,2,2,2,0,0,0
2008,47,115,1,470620,1,4,1,2,1,2,5,2,1,1,1,2,1,2,2,2,2,2,2,2,2,2,2,2,2,2,2,2,2,2,2,0,0,0
2008,47,115,1,470621,1,4,1,2,1,2,5,2,3,1,1,1,3,2,2,2,2,2,2,2,3,2,2,2,2,2,1,1,1,2,2,0,0,0
2008,47,73,1,470623,1,4,2,2,1,1,3,1,4,1,1,2,2,2,2,2,2,2,2,2,3,2,2,2,2,1,2,2,2,2,2,0,0,0
2008,47,37,1,470624,1,4,1,2,1,2,3,2,3,1,1,2,2,2,2,2,2,2,2,2,2,2,2,2,2,2,1,1,1,2,2,0,0,0
2008,47,65,1,470625,1,4,2,2,4,2,3,2,1,2,1,2,1,2,1,2,2,2,2,2,3,2,2,2,2,2,2,2,1,2,2,0,0,0
2008,47,163,1,470627,1,4,2,2,1,2,3,2,4,2,2,2,3,2,1,1,2,2,2,2,3,2,2,2,2,2,1,1,2,2,2,0,0,0
2008,47,65,1,470628,1,4,2,2,4,2,3,2,1,2,1,2,1,2,2,2,2,2,2,2,3,2,2,2,2,2,2,2,1,2,1,0,0,0
2008,47,157,1,470629,1,4,2,1,1,2,1,3,1,2,2,2,1,2,2,2,1,2,2,2,3,2,2,2,2,2,1,1,2,2,2,0,0,0
2008,47,119,1,470630,1,4,2,2,4,2,3,2,1,2,2,2,1,2,2,2,2,2,2,2,3,1,1,1,1,2,2,1,1,2,2,0,0,0
2008,47,37,1,470631,1,4,2,1,4,2,1,2,1,1,1,2,1,2,2,2,2,2,2,2,3,2,2,2,2,2,2,2,1,2,2,0,0,0
2008,47,29,1,470633,1,4,1,2,4,2,6,2,1,2,1,2,1,2,2,2,2,2,1,2,3,1,1,1,1,2,2,1,1,2,2,0,0,0
2008,47,157,1,470634,1,4,2,2,1,2,5,2,2,1,2,2,2,2,2,1,2,2,2,2,3,2,2,2,2,2,2,2,2,2,2,0,0,0
2008,47,157,1,470635,1,4,2,2,1,2,4,3,4,1,1,2,2,2,2,2,2,2,2,2,3,2,2,2,2,1,2,2,2,2,2,0,0,0
2008,47,37,1,470636,1,4,2,2,4,2,6,2,1,2,1,2,1,2,1,2,2,2,2,2,3,2,2,2,2,2,2,2,1,2,2,0,0,0
2008,47,37,1,470637,1,4,2,2,4,2,6,3,1,2,1,2,1,2,2,2,2,2,2,2,1,2,2,2,2,2,1,1,1,2,2,0,0,0
2008,47,89,1,470638,1,4,1,2,4,2,5,2,1,2,2,2,1,2,2,2,2,2,1,2,1,2,2,2,2,2,2,2,1,2,2,0,0,0
2008,47,157,1,470639,1,4,2,2,1,1,4,1,4,2,1,2,2,2,2,2,2,2,1,2,3,2,2,2,2,1,2,2,2,2,2,0,0,0
2008,47,79,2,470640,1,4,2,2,1,1,2,1,4,1,1,2,2,1,2,2,2,2,2,2,2,2,2,2,2,2,2,2,2,2,2,0,0,0
2008,47,45,1,470641,1,4,1,2,4,2,4,2,1,1,1,2,1,2,2,2,2,2,1,2,2,2,2,2,2,2,2,2,1,2,1,0,0,0
2008,47,187,1,470642,1,4,2,2,1,1,4,1,1,1,1,2,1,1,2,2,2,1,2,2,3,2,2,2,2,2,2,2,2,2,2,0,0,0
2008,47,165,1,470643,1,4,2,2,1,2,2,2,4,1,2,2,3,1,2,2,2,2,2,2,3,2,2,2,2,2,2,2,1,1,2,0,0,0
2008,47,187,1,470644,1,4,1,2,4,2,5,2,1,2,2,1,1,2,2,2,2,2,2,2,1,2,2,2,2,2,2,2,1,2,2,0,0,0
2008,47,93,1,470645,1,4,2,2,3,2,3,2,1,2,1,2,1,2,2,2,2,2,1,2,3,2,2,2,2,2,2,2,1,2,2,0,0,0
2008,47,111,1,470646,1,4,1,2,4,2,5,2,1,1,1,2,1,2,2,2,2,2,1,2,1,2,2,2,2,2,2,2,1,2,2,0,0,0
2008,47,9,1,470647,1,4,1,2,4,2,4,2,1,2,2,2,1,2,2,2,2,2,1,2,3,2,2,2,2,1,2,2,1,2,2,0,0,0
2008,47,45,1,470648,1,4,2,2,4,2,5,2,1,1,1,2,1,2,2,2,2,2,2,2,3,2,2,2,2,1,2,2,1,2,2,0,0,0
2008,47,53,1,470649,1,4,1,2,4,2,5,2,1,1,2,2,1,2,2,2,2,2,1,2,2,2,2,2,2,2,2,2,1,2,2,0,0,0
2008,47,149,1,470650,1,4,1,2,4,2,3,2,1,2,2,2,1,2,2,2,2,2,1,2,3,1,1,1,1,2,2,1,1,2,2,0,0,0
2008,47,129,1,470652,1,4,1,2,1,1,3,1,4,1,2,2,2,2,1,2,2,2,2,2,3,2,2,2,2,1,2,2,2,2,2,0,0,0
2008,47,179,1,470653,1,4,2,2,4,2,4,2,1,2,1,2,1,2,2,1,2,2,1,2,2,2,2,2,2,2,2,2,1,2,2,0,0,0
2008,47,187,1,470654,1,4,1,2,3,2,3,2,1,2,2,2,1,2,2,2,2,2,1,2,3,2,2,2,2,2,2,2,1,2,2,0,0,0
2008,47,99,1,470655,1,4,2,2,1,2,3,2,4,2,2,2,3,2,1,2,2,2,2,2,3,2,2,2,2,2,2,2,2,2,2,0,0,0
2008,47,125,1,470656,1,4,2,2,4,2,6,2,1,1,2,2,1,2,1,1,2,2,2,2,3,2,2,2,2,2,2,2,1,2,2,0,0,0
2008,47,35,1,470657,1,4,1,2,4,2,6,2,1,2,2,2,1,2,2,2,2,2,2,2,3,1,1,1,1,2,2,1,1,2,2,0,0,0
2008,47,105,1,470658,1,4,1,2,1,1,3,1,3,1,2,2,2,2,2,2,2,2,2,2,3,2,2,2,2,1,2,2,2,2,2,0,0,0
2008,47,33,1,470659,1,4,1,2,1,1,5,1,4,2,2,2,2,2,2,2,2,2,2,2,3,2,2,2,2,2,1,1,2,2,2,0,0,0
2008,47,9,1,470660,1,4,1,2,1,2,3,2,3,2,1,2,2,2,2,2,2,2,1,2,1,2,2,2,2,2,1,1,1,1,2,0,0,0
2008,47,47,1,470661,1,4,1,1,2,2,1,2,5,1,1,2,1,1,2,2,2,2,1,2,3,2,2,2,2,2,2,2,2,2,2,0,0,0
2008,47,163,1,470662,1,4,2,2,1,1,3,1,4,1,1,2,2,2,1,2,2,2,2,2,3,1,1,1,1,2,2,1,2,2,2,0,0,0
2008,47,177,2,470663,1,4,1,2,1,2,3,2,3,1,1,1,2,2,1,2,2,2,2,2,3,2,2,2,2,2,1,1,1,1,2,0,0,0
2008,47,119,1,470664,1,4,2,1,1,2,1,2,2,1,1,2,1,2,2,2,2,2,2,2,2,2,2,2,2,2,2,2,1,1,2,0,0,0
2008,47,93,1,470665,1,4,2,1,4,1,1,1,1,1,1,2,1,1,2,2,2,2,1,2,3,2,2,2,2,2,2,2,1,2,2,0,0,0
2008,47,93,1,470666,1,4,2,2,1,1,5,1,4,1,1,2,2,2,2,2,2,2,2,2,3,2,2,2,2,2,1,1,2,2,2,0,0,0
2008,47,167,1,470667,1,4,1,2,1,1,5,1,4,1,2,2,2,2,2,2,2,2,2,2,3,1,1,1,1,1,2,1,2,2,2,0,0,0
2008,47,125,1,470668,1,4,2,2,4,2,5,2,1,1,1,2,1,2,2,2,2,2,2,2,3,2,2,2,2,2,2,2,1,2,2,0,0,0
2008,47,179,1,470669,1,4,2,2,4,2,6,2,1,3,3,2,1,2,2,2,2,2,2,2,3,2,2,2,2,2,2,2,1,2,2,0,0,0
2008,47,63,1,470670,1,4,2,2,1,1,3,1,4,1,1,2,2,2,2,2,2,2,1,2,3,1,1,1,1,2,2,1,2,1,2,0,0,0
2008,47,7,2,470671,1,4,1,2,4,2,5,2,1,2,2,2,1,2,2,2,2,2,2,2,1,2,2,1,1,2,2,1,1,2,2,0,0,0
2008,47,89,1,470673,1,4,1,1,4,2,1,2,1,1,2,2,2,2,2,2,2,2,1,2,3,1,1,1,1,2,2,1,1,2,2,0,0,0
2008,47,97,1,470674,1,4,1,2,4,2,5,2,1,2,2,2,1,2,2,2,2,2,1,2,1,2,2,2,2,2,2,2,1,2,2,0,0,0
2008,47,185,1,470675,1,4,1,2,4,2,6,2,1,1,1,2,1,2,2,2,2,2,1,2,2,2,2,2,2,2,2,2,1,2,2,0,0,0
2008,47,115,1,470676,1,4,1,1,1,2,1,2,4,2,1,2,2,1,1,2,2,2,1,2,2,2,2,2,2,2,1,1,1,2,2,0,0,0
2008,47,141,1,470677,1,4,1,2,4,2,5,2,1,1,1,2,1,2,2,2,2,2,2,2,3,2,2,2,2,2,2,2,1,2,2,0,0,0
2008,47,145,2,470678,1,4,1,2,4,2,5,2,1,2,1,2,1,2,2,1,2,2,1,2,1,2,2,2,2,2,1,1,1,2,2,0,0,0
2008,47,93,1,470679,1,4,1,2,4,2,5,2,1,2,2,2,1,2,2,2,2,2,1,2,3,2,2,2,2,2,2,2,1,2,2,0,0,0
2008,47,147,1,470680,1,4,1,1,4,2,1,2,1,2,1,2,1,2,2,2,2,2,1,2,3,2,2,2,2,2,2,2,1,2,2,0,0,0
2008,47,173,1,470681,1,4,2,2,4,2,6,2,1,2,2,2,1,2,1,1,2,2,2,2,1,2,2,2,2,2,2,2,1,2,2,0,0,0
2008,47,59,1,470682,1,4,2,2,1,2,3,3,4,2,2,2,2,2,2,2,2,2,1,2,3,2,2,2,2,1,2,2,2,2,2,0,0,0
2008,47,35,1,470683,1,4,1,1,4,2,1,2,1,2,1,2,1,2,2,2,2,2,2,2,3,2,2,2,2,2,2,2,1,2,2,0,0,0
2008,47,113,1,470684,1,4,1,1,4,2,1,2,1,1,1,2,1,1,2,2,2,2,1,2,3,2,2,2,2,2,2,2,1,2,2,0,0,0
2008,47,47,1,470685,1,4,1,2,1,2,4,2,2,2,2,2,2,2,2,2,2,2,2,2,3,2,2,2,2,1,2,2,2,2,2,0,0,0
2008,47,187,1,470686,1,4,1,2,4,2,6,2,1,1,2,2,1,2,2,1,2,2,1,2,1,2,2,2,2,2,2,2,1,2,2,0,0,0
2008,47,165,1,470687,1,4,2,2,1,2,3,2,1,2,2,2,1,2,2,2,1,2,2,2,2,2,2,2,2,2,2,2,2,2,2,0,0,0
2008,47,93,1,470688,1,4,2,2,1,1,3,1,1,2,1,2,1,2,2,2,1,2,2,2,3,2,2,2,2,2,2,2,2,2,2,0,0,0
2008,47,163,1,470689,1,4,2,2,1,1,3,1,4,1,1,2,2,2,2,2,2,2,2,2,3,2,2,2,2,1,2,2,2,2,2,0,0,0
2008,47,113,1,470690,1,4,1,2,4,2,5,2,1,1,1,2,1,2,2,2,2,2,1,2,3,2,2,2,2,2,2,2,1,2,2,0,0,0
2008,47,29,1,470691,1,4,1,2,4,2,4,2,1,2,1,2,1,2,2,1,2,2,1,2,3,2,2,2,2,2,2,2,1,2,2,0,0,0
2008,47,57,1,470692,1,4,1,2,1,1,3,1,3,2,1,2,2,1,1,2,2,2,2,2,3,2,2,2,2,2,2,2,2,2,2,0,0,0
2008,47,23,1,470693,1,4,1,2,1,2,4,2,3,1,1,2,2,2,2,2,2,2,2,2,3,2,2,2,2,2,1,1,1,2,2,0,0,0
2008,47,35,1,470694,1,4,1,2,1,2,3,2,5,2,1,2,2,2,2,2,2,2,2,2,3,1,1,1,1,1,2,1,1,2,2,0,0,0
2008,47,81,1,470695,1,4,1,2,1,2,4,2,4,2,1,2,2,2,2,2,2,2,1,2,2,2,2,2,2,2,2,2,1,1,2,0,0,0
2008,47,21,1,470696,1,4,1,2,2,2,5,2,1,2,2,2,1,2,2,2,2,2,2,2,3,2,2,2,2,2,2,2,1,2,2,0,0,0
2008,47,155,2,470697,1,4,1,2,4,2,5,2,1,2,2,2,1,2,2,1,2,2,1,2,1,2,2,2,2,2,2,2,1,2,2,0,0,0
2008,47,141,1,470698,1,4,2,1,1,2,1,2,3,2,1,2,2,2,2,2,2,2,2,2,1,2,2,2,2,1,2,2,2,2,2,0,0,0
2008,47,59,2,470699,1,4,1,2,4,2,5,2,1,2,1,2,1,2,2,1,2,2,2,2,3,2,2,2,2,2,1,1,1,2,2,0,0,0
2008,47,65,1,470700,1,4,2,1,1,2,1,2,2,2,2,2,2,1,2,2,2,2,2,2,3,2,2,2,2,2,2,2,2,2,2,0,0,0
2008,47,79,1,470701,1,4,1,2,1,1,3,1,4,1,1,2,2,1,2,2,2,2,2,2,2,2,2,2,2,2,2,2,2,2,2,0,0,0
2008,47,29,1,470702,1,4,1,2,1,2,5,2,5,1,1,2,2,2,1,2,2,2,2,2,3,2,2,2,2,2,2,2,1,2,2,0,0,0
2008,47,19,1,470703,1,4,1,2,1,2,3,2,4,1,1,2,3,2,1,2,2,2,2,2,1,2,2,2,2,1,2,2,1,2,2,0,0,0
2008,47,119,1,470704,1,4,1,2,1,1,3,1,4,1,1,2,3,2,2,2,2,2,2,1,3,1,1,1,1,1,2,1,2,2,2,0,0,0
2008,47,177,1,470705,1,4,1,2,4,2,5,2,1,2,2,2,1,2,2,1,2,2,1,2,1,1,1,1,1,2,2,1,1,2,2,0,0,0
2008,47,185,1,470706,1,4,1,2,4,2,5,2,1,2,2,2,1,2,2,2,2,2,2,2,1,1,1,1,1,2,2,1,1,1,2,0,0,0
2008,47,111,1,470707,1,4,1,2,4,2,5,2,1,1,1,2,1,2,2,2,2,2,1,2,3,2,2,2,2,1,2,2,1,2,2,0,0,0
2008,47,89,1,470708,1,4,2,2,1,2,5,2,3,2,1,2,2,2,2,2,2,2,2,2,3,2,2,2,2,2,2,2,1,2,2,0,0,0
2008,47,43,1,470709,1,4,1,1,2,2,1,2,1,1,1,2,1,2,2,2,2,2,1,2,3,2,2,2,2,2,2,2,1,2,2,0,0,0
2008,47,107,1,470710,1,4,2,1,1,2,1,2,2,2,1,2,3,1,2,2,2,2,2,2,3,2,2,2,2,2,2,2,2,2,2,0,0,0
2008,47,103,1,470711,1,4,1,2,4,2,5,2,1,1,1,2,1,2,2,1,2,2,1,2,1,2,2,2,2,2,2,2,1,2,2,0,0,0
2008,47,159,1,470712,1,4,1,1,4,2,1,2,1,1,2,2,2,2,2,2,2,2,2,2,1,2,2,2,2,2,2,2,1,2,2,0,0,0
2008,47,159,1,470713,1,4,1,1,2,2,1,2,1,1,1,2,1,2,2,2,2,2,2,2,3,2,2,2,2,1,2,2,1,2,2,0,0,0
2008,47,171,1,470714,1,4,2,1,4,2,1,2,1,1,1,2,1,2,2,2,2,2,1,2,3,2,2,2,2,2,1,1,1,2,2,0,0,0
2008,47,149,1,470715,1,4,2,2,4,2,5,2,1,1,2,2,1,2,1,1,2,2,2,2,3,2,2,2,2,2,2,2,1,2,2,0,0,0
2008,47,11,3,470716,1,4,2,2,1,2,4,2,3,2,2,2,2,2,2,1,2,2,2,2,1,2,2,2,2,1,1,1,2,2,2,0,0,0
2008,47,11,1,470717,1,4,1,2,4,2,5,2,1,1,1,2,1,2,2,1,2,2,2,2,3,2,2,2,2,2,2,2,1,2,2,0,0,0
2008,47,59,1,470718,1,4,1,2,2,2,5,2,1,2,2,2,1,2,2,2,2,2,1,2,3,2,2,2,2,2,2,2,1,2,2,0,0,0
2008,47,99,1,470719,1,4,2,2,1,1,6,1,1,2,1,2,1,2,2,2,2,1,2,2,3,2,2,2,2,2,2,2,2,2,2,0,0,0
2008,47,65,1,470720,1,4,1,2,2,2,6,2,1,2,1,2,1,2,2,2,2,2,1,2,3,2,2,2,2,1,2,2,1,2,2,0,0,0
2008,47,63,1,470721,1,4,2,2,1,2,3,3,4,1,1,2,2,2,1,2,2,2,2,2,3,2,2,2,2,2,1,1,2,2,2,0,0,0
2008,47,11,1,470722,1,4,1,2,4,2,6,2,1,1,1,2,1,2,2,1,2,2,2,2,3,1,1,1,1,2,2,1,1,2,2,0,0,0
2008,47,157,1,470723,1,4,2,2,1,1,3,1,4,1,1,2,2,2,1,2,2,2,2,2,3,2,2,2,2,2,2,2,2,2,2,0,0,0
2008,47,157,1,470724,1,4,2,2,1,2,3,2,2,1,1,2,2,2,2,2,2,2,2,2,3,2,2,2,2,2,2,2,2,2,2,0,0,0
2008,47,65,1,470725,1,4,2,2,1,1,3,1,4,1,1,2,2,2,1,1,2,2,2,2,3,2,2,2,2,2,2,2,2,2,2,0,0,0
2008,47,65,1,470726,1,4,2,2,1,1,4,1,3,1,1,2,2,2,2,2,2,2,2,2,1,2,2,2,2,2,2,2,2,2,2,0,0,0
2008,47,65,3,470727,1,4,2,1,2,2,1,2,1,2,2,2,1,2,2,1,2,2,1,2,1,2,2,2,2,2,1,1,1,2,2,0,0,0
2008,47,165,1,470728,1,4,2,1,2,2,1,2,4,1,1,2,2,1,2,2,2,2,2,2,3,2,2,2,2,2,2,2,1,2,2,0,0,0
2008,47,157,1,470729,1,4,2,2,1,1,3,1,4,1,1,2,2,2,1,2,2,2,2,2,3,1,1,1,1,2,2,1,2,2,2,0,0,0
2008,47,37,1,470730,1,4,2,2,2,2,6,2,1,2,2,2,1,2,2,2,2,2,2,2,3,2,2,2,2,1,2,2,1,2,2,0,0,0
2008,47,37,1,470731,1,4,2,1,1,2,1,2,1,2,1,2,1,2,2,2,2,2,1,2,1,2,2,2,2,2,2,2,1,2,2,0,0,0
2008,47,37,1,470732,1,4,2,2,1,2,3,2,1,2,1,2,1,2,2,2,1,2,2,2,3,2,2,2,2,2,1,1,2,1,2,0,0,0
2008,47,37,1,470733,1,4,2,2,4,2,5,2,1,2,2,2,1,2,2,2,2,2,2,2,3,2,2,2,2,2,1,1,1,2,2,0,0,0
2008,47,157,1,470734,1,4,2,2,1,1,3,1,4,1,1,2,3,2,2,2,2,2,2,2,3,2,2,2,2,2,1,1,2,2,2,0,0,0
2008,47,93,1,470735,1,4,2,2,4,2,3,3,1,2,1,2,1,2,1,1,2,2,2,2,3,2,2,1,1,2,2,1,1,2,2,0,0,0
2008,47,119,1,470736,1,4,2,2,1,1,2,1,4,2,2,2,3,2,2,2,2,2,2,2,3,2,2,2,2,2,2,2,2,2,2,0,0,0
2008,47,37,1,470737,1,4,2,2,1,2,4,2,3,2,2,2,2,2,2,2,2,2,2,2,3,2,2,2,2,2,2,2,1,2,2,0,0,0
2008,47,37,1,470738,1,4,2,1,1,2,1,2,2,2,2,2,2,1,2,2,2,2,1,2,3,2,2,2,2,2,2,2,1,2,2,0,0,0
2008,47,157,1,470739,1,4,2,1,4,2,1,2,1,1,2,2,1,2,2,1,2,2,2,2,3,2,2,2,2,2,1,1,1,2,2,0,0,0
2008,47,119,2,470740,1,4,2,2,2,2,2,2,2,1,1,2,2,2,2,2,1,2,2,2,3,2,2,2,2,2,2,2,2,2,2,0,0,0
2008,47,157,1,470741,1,4,2,1,1,2,1,2,4,2,2,2,2,2,2,2,2,2,1,2,3,2,2,2,2,2,1,1,1,2,2,0,0,0
2008,47,157,1,470742,1,4,2,2,1,2,4,2,1,2,2,1,1,2,2,2,2,1,2,2,3,2,2,2,2,2,2,2,2,2,2,0,0,0
2008,47,157,1,470743,1,4,2,1,1,2,1,2,4,1,1,2,2,2,2,2,2,2,2,2,3,2,2,2,2,2,1,1,1,2,2,0,0,0
2008,47,157,1,470744,1,4,2,2,1,1,3,1,4,1,1,2,2,2,2,2,2,2,2,2,1,2,2,2,2,2,2,2,2,2,2,0,0,0
2008,47,157,1,470745,1,4,2,2,1,2,6,2,1,2,2,2,1,2,2,2,2,2,2,2,3,2,2,2,2,2,2,2,2,2,2,0,0,0
2008,47,157,1,470746,1,4,2,2,1,1,3,1,1,2,2,2,1,2,2,2,2,2,1,2,3,2,2,2,2,2,1,1,2,2,2,0,0,0
2008,47,157,2,470747,1,4,2,2,1,2,4,2,3,1,2,2,2,2,2,2,2,2,2,2,3,2,2,2,2,2,2,2,1,2,2,0,0,0
2008,47,157,1,470748,1,4,2,1,4,2,1,3,1,2,2,2,2,1,2,2,2,2,2,2,3,2,2,2,2,2,1,1,1,2,2,0,0,0
2008,47,157,1,470749,1,4,2,2,4,2,6,2,1,2,1,2,1,2,2,2,2,2,2,2,3,2,2,2,2,2,2,2,1,2,2,0,0,0
2008,47,157,1,470750,1,4,2,1,4,2,1,2,1,2,1,2,1,2,2,2,2,2,2,2,3,2,2,2,2,2,2,2,1,2,2,0,0,0
2008,47,63,1,470751,1,4,1,2,1,1,5,1,2,1,1,2,2,2,2,2,2,2,1,2,3,2,2,2,2,2,1,1,2,2,2,0,0,0
2008,47,189,1,470752,1,4,1,2,4,2,3,2,1,2,2,2,1,2,2,2,2,2,2,2,3,2,2,2,2,2,2,2,1,2,2,0,0,0
2008,47,45,1,470753,1,4,2,2,1,2,3,2,1,2,1,2,1,2,2,2,1,2,2,2,2,2,2,2,2,2,2,2,2,2,2,0,0,0
2008,47,73,1,470754,1,4,2,2,4,2,4,2,1,2,2,2,1,2,1,1,2,2,2,2,3,2,2,2,2,2,2,2,1,2,2,0,0,0
2008,47,37,1,470755,1,4,2,2,1,2,3,2,4,2,1,2,2,2,2,2,2,2,2,2,3,2,2,2,2,1,2,2,1,2,2,0,0,0
2008,47,37,1,470756,1,4,2,2,4,2,4,2,1,1,1,2,1,2,2,2,2,2,2,2,3,2,2,2,2,1,2,2,1,2,2,0,0,0
2008,47,37,1,470757,1,4,1,2,4,2,4,2,1,2,2,2,1,2,2,2,2,2,2,2,1,2,2,2,2,2,2,2,1,2,2,0,0,0
2008,47,37,1,470758,1,4,2,2,4,2,4,2,1,2,1,2,1,2,2,2,2,2,2,2,3,2,2,2,2,1,2,2,1,2,2,0,0,0
2008,47,121,1,470759,1,4,1,2,4,2,4,2,1,1,1,2,1,2,2,2,2,2,1,2,3,2,2,2,2,1,2,2,1,2,2,0,0,0
2008,47,37,1,470760,1,4,2,2,1,2,3,2,3,2,2,2,2,2,2,2,2,2,2,2,1,2,2,2,2,2,1,1,1,2,2,0,0,0
2008,47,37,1,470761,1,4,2,2,4,2,6,2,1,2,1,2,1,2,2,1,2,2,1,2,3,2,2,2,2,2,1,1,1,2,2,0,0,0
2008,47,37,1,470762,1,4,2,1,4,2,1,3,1,2,2,2,1,2,2,1,2,2,2,2,1,2,2,1,1,2,2,1,1,2,2,0,0,0
2008,47,53,1,470763,1,4,2,2,1,1,3,1,3,1,1,2,3,2,2,2,2,2,2,2,3,2,2,2,2,2,2,2,2,2,2,0,0,0
2008,47,37,2,470764,1,4,2,1,1,2,1,2,2,1,1,2,3,2,2,2,2,2,2,2,3,2,2,2,2,2,2,2,2,2,2,0,0,0
2008,47,157,1,470765,1,4,2,2,3,1,4,1,1,2,1,2,1,2,2,2,2,2,2,2,3,2,2,2,2,2,2,2,2,2,2,0,0,0
2008,47,65,1,470766,1,4,2,2,1,2,4,2,3,1,1,2,2,2,2,2,2,2,1,2,3,2,2,2,2,2,2,2,1,2,2,0,0,0
2008,47,103,1,470767,1,4,1,2,4,2,5,2,1,2,2,2,1,2,2,2,2,2,1,2,1,2,2,2,2,2,1,1,1,2,2,0,0,0
2008,47,181,1,470768,1,4,1,2,4,2,5,2,1,2,2,2,1,2,2,2,2,2,1,2,1,2,2,2,2,2,1,1,1,2,2,0,0,0
2008,47,3,1,470769,1,4,1,2,4,2,6,2,1,1,1,2,1,2,2,1,2,2,2,2,3,2,2,2,2,2,1,1,1,2,2,0,0,0
2008,47,107,2,470770,1,4,1,1,1,2,1,2,2,1,1,2,3,1,2,2,2,2,2,2,3,2,2,2,2,2,2,2,2,1,2,0,0,0
2008,47,73,1,470771,1,4,1,2,4,2,5,2,1,2,2,2,1,2,2,2,2,2,2,2,3,2,2,2,2,2,2,2,1,2,2,0,0,0
2008,47,51,1,470772,1,4,1,2,1,2,5,2,1,1,1,2,1,2,1,2,2,2,2,2,3,2,2,2,2,2,2,2,1,2,2,0,0,0
2008,47,57,1,470773,1,4,1,2,1,2,6,2,4,2,2,2,2,2,2,1,2,2,2,2,3,2,2,2,2,2,2,2,1,2,2,0,0,0
2008,47,81,1,470774,1,4,1,2,4,2,5,2,1,2,2,2,1,2,2,2,2,2,1,2,1,2,2,2,2,2,2,2,1,2,2,0,0,0
2008,47,115,1,470775,1,4,1,2,1,2,5,2,4,1,2,2,2,2,2,2,2,2,2,2,2,1,1,1,1,2,2,1,1,2,2,0,0,0
2008,47,33,1,470776,1,4,1,2,1,2,3,2,3,1,1,2,2,2,2,2,2,2,2,2,1,2,2,2,2,2,2,2,2,2,2,0,0,0
2008,47,131,1,470777,1,4,1,2,4,1,4,1,1,1,1,2,1,2,2,1,2,2,1,2,2,2,2,2,2,2,2,2,2,2,2,0,0,0
2008,47,21,1,470778,1,4,1,2,4,2,5,2,2,2,1,2,1,2,2,1,2,2,2,2,3,2,2,2,2,2,2,2,1,2,2,0,0,0
2008,47,179,1,470779,1,4,1,2,4,1,5,1,1,3,3,2,1,2,2,1,2,2,2,2,1,2,2,2,2,2,1,1,2,2,2,0,0,0
2008,47,167,1,470780,1,4,1,2,4,2,6,2,1,1,2,2,1,2,2,2,2,2,1,2,1,2,2,2,2,2,2,2,1,2,2,0,0,0
2008,47,113,1,470781,1,4,1,1,1,2,1,2,1,1,1,2,1,2,2,2,2,2,1,2,2,2,2,2,2,2,1,1,2,2,2,0,0,0
2008,47,189,1,470782,1,4,1,2,4,2,5,2,1,2,1,2,1,2,1,1,2,2,2,1,3,2,2,2,2,2,2,2,1,2,2,0,0,0
2008,47,147,1,470783,1,4,1,2,1,2,4,2,3,1,1,2,2,2,2,2,2,2,1,2,2,1,1,1,1,2,2,1,1,2,2,0,0,0
2008,47,153,2,470784,1,4,1,2,4,2,5,2,1,2,1,2,1,2,2,2,2,2,2,2,1,2,2,2,2,2,1,1,1,2,2,0,0,0
2008,47,123,1,470785,1,4,1,2,4,2,5,2,1,2,2,2,1,2,2,2,2,2,1,2,1,2,2,2,2,2,2,2,1,2,2,0,0,0
2008,47,189,2,470786,1,4,1,2,1,1,5,1,4,2,2,2,2,2,2,1,2,2,2,2,1,2,2,2,2,2,2,2,2,2,2,0,0,0
2008,47,189,1,470787,1,4,2,1,2,2,1,2,1,2,1,2,1,2,2,1,2,2,2,2,1,2,2,2,2,2,2,2,1,2,2,0,0,0
2008,47,53,1,470788,1,4,1,2,4,2,5,2,1,1,1,2,1,2,2,2,2,2,2,2,2,2,2,2,2,2,2,2,1,2,2,0,0,0
2008,47,77,1,470789,1,4,1,1,4,2,1,2,1,1,1,2,1,2,2,2,2,2,1,2,2,1,1,1,1,2,2,1,1,2,2,0,0,0
2008,47,77,1,470790,1,4,1,1,4,2,1,2,1,2,1,2,1,1,2,2,2,2,1,2,3,2,2,2,2,2,2,2,1,2,2,0,0,0
2008,47,121,1,470791,1,4,1,2,4,2,4,2,1,2,2,2,1,2,2,2,2,2,2,2,2,1,1,1,1,2,2,1,1,2,2,0,0,0
2008,47,89,1,470792,1,4,1,1,1,2,1,2,2,2,2,2,2,1,2,1,2,2,2,2,3,2,2,2,2,2,2,2,2,2,2,0,0,0
2008,47,43,1,470793,1,4,1,2,4,2,4,2,1,2,2,2,1,2,2,1,2,2,1,2,3,2,2,2,2,2,1,1,1,2,2,0,0,0
2008,47,105,1,470794,1,4,1,1,3,2,1,2,1,2,2,2,1,2,2,2,2,2,2,2,1,2,2,2,2,2,2,2,1,1,2,0,0,0
2008,47,173,1,470795,1,4,1,2,4,2,4,2,1,2,2,2,1,2,2,2,2,2,1,2,2,2,2,2,2,2,2,2,1,2,2,0,0,0
2008,47,177,1,470796,1,4,1,2,1,1,3,1,4,2,1,2,2,2,2,2,2,2,2,2,3,2,2,2,2,2,2,2,2,2,2,0,0,0
2008,47,43,1,470797,1,4,1,2,1,2,4,2,3,2,2,2,2,2,2,2,2,2,2,2,3,1,1,1,1,2,2,1,1,2,2,0,0,0
2008,47,181,1,470798,1,4,1,2,4,2,6,2,1,2,2,2,1,2,2,2,2,2,2,2,1,2,2,2,2,2,2,2,1,2,2,0,0,0
2008,47,81,1,470799,1,4,1,2,4,2,5,2,1,3,1,2,1,2,2,1,2,2,1,2,2,2,2,2,2,2,2,2,1,1,2,0,0,0
2008,47,57,1,470800,1,4,1,2,4,2,5,2,1,2,1,2,1,2,2,1,2,2,2,2,3,1,1,1,1,2,2,1,1,2,2,0,0,0
2008,47,113,1,470801,1,4,1,2,1,2,4,2,1,2,1,2,1,2,2,2,1,2,2,2,2,2,2,2,2,2,2,2,2,2,2,0,0,0
2008,47,151,5,470802,1,4,1,2,1,2,3,2,4,2,2,2,2,2,2,2,2,2,1,2,3,1,1,1,1,2,2,1,1,2,2,0,0,0
2008,47,147,2,470803,1,4,1,2,1,2,4,2,3,1,1,2,3,2,2,2,2,2,2,2,3,2,2,2,2,1,2,2,1,2,2,0,0,0
2008,47,3,1,470804,1,4,1,2,4,2,4,2,1,2,1,2,1,2,2,2,2,2,2,2,1,2,2,2,2,2,2,2,1,2,2,0,0,0
2008,47,159,1,470805,1,4,1,1,4,2,1,2,1,3,2,2,1,2,2,2,2,2,1,2,1,1,1,1,1,2,2,1,1,2,1,0,0,0
2008,47,165,1,470806,1,4,2,2,4,2,4,2,1,2,2,2,1,2,2,2,2,2,2,2,2,2,2,2,2,2,2,2,1,2,2,0,0,0
2008,47,187,1,470807,1,4,1,2,4,2,5,2,1,2,2,2,2,2,2,2,2,2,2,2,3,1,1,1,1,2,2,1,1,2,2,0,0,0
2008,47,25,1,470808,1,4,1,2,1,1,4,1,4,1,1,2,2,2,2,2,2,2,2,2,3,2,2,2,2,1,1,1,2,2,2,0,0,0
2008,47,81,2,470809,1,4,1,2,4,2,5,2,1,2,2,2,1,2,2,1,2,2,1,2,2,1,1,1,1,2,2,1,1,2,2,0,0,0
2008,47,149,1,470810,1,4,2,1,1,2,1,2,2,2,2,2,2,1,2,2,2,2,2,2,1,2,2,2,2,2,1,1,2,2,2,0,0,0
2008,47,159,1,470811,1,4,1,2,4,2,4,2,1,1,1,2,1,2,2,2,2,2,2,2,3,2,2,2,2,2,2,2,1,2,2,0,0,0
2008,47,163,1,470812,1,4,1,2,1,2,6,2,1,2,1,2,1,2,2,2,1,2,2,1,1,2,2,2,2,2,2,2,2,2,2,0,0,0
2008,47,5,2,470813,1,4,1,1,1,2,1,2,1,1,1,2,1,2,2,1,2,2,1,2,2,2,2,2,2,2,2,2,1,2,2,0,0,0
2008,47,189,1,470814,1,4,1,2,4,2,5,2,1,1,1,2,1,2,2,1,2,2,1,2,3,2,2,2,2,2,2,2,1,2,2,0,0,0
2008,47,141,1,470815,1,4,1,2,4,2,6,2,1,3,2,2,1,2,2,2,2,2,2,2,2,2,2,2,2,2,2,2,1,2,2,0,0,0
2008,47,25,1,470816,1,4,1,2,4,2,5,2,1,2,2,2,1,2,2,2,2,2,1,2,3,2,2,2,2,2,1,1,1,2,2,0,0,0
2008,47,149,1,470817,1,4,1,2,4,2,5,2,1,1,2,2,1,2,2,2,2,2,1,2,3,2,2,2,2,2,2,2,1,2,2,0,0,0
2008,47,43,2,470818,1,4,1,2,1,2,4,2,3,1,1,2,2,2,2,2,2,2,2,2,1,2,2,2,2,2,2,2,1,2,2,0,0,0
2008,47,149,1,470819,1,4,1,2,4,2,5,2,1,1,1,2,1,2,2,2,2,2,2,2,3,1,1,1,1,2,2,1,1,2,2,0,0,0
2008,47,51,1,470820,1,4,1,2,4,2,6,2,1,2,1,2,1,2,2,2,2,2,1,2,1,2,2,2,2,2,2,2,1,2,1,0,0,0
2008,47,15,1,470821,1,4,1,2,4,2,5,2,1,2,1,2,1,2,2,1,2,2,1,2,2,2,2,2,2,2,2,2,1,2,2,0,0,0
2008,47,35,1,470822,1,4,1,1,4,2,1,2,1,3,1,2,1,2,2,2,2,2,1,2,3,2,2,2,2,2,2,2,1,2,2,0,0,0
2008,47,89,2,470823,1,4,1,2,1,1,5,1,3,2,2,2,3,2,2,2,2,2,2,2,3,1,1,1,1,2,2,1,2,2,2,0,0,0
2008,47,157,1,470824,1,4,2,2,1,2,3,2,1,2,1,2,1,2,2,2,2,2,1,2,3,2,2,2,2,2,2,2,1,2,2,0,0,0
2008,47,157,1,470825,1,4,2,2,1,2,3,2,1,2,1,2,1,2,2,2,2,2,2,2,3,2,2,2,2,2,2,2,2,2,2,0,0,0
2008,47,33,1,470826,1,4,1,2,4,2,4,2,1,2,2,2,1,2,2,2,2,2,1,2,2,2,2,2,2,2,1,1,1,2,1,0,0,0
2008,47,179,1,470827,1,4,2,2,4,2,4,2,1,2,1,2,1,2,1,1,2,2,2,2,1,2,2,2,2,2,2,2,1,2,2,0,0,0
2008,47,99,1,470828,1,4,1,2,4,2,6,2,1,2,2,2,1,2,2,2,2,2,2,2,1,2,2,2,2,2,2,2,1,2,2,0,0,0
2008,47,83,1,470829,1,4,1,2,4,2,5,2,1,2,2,2,1,2,2,2,2,2,2,2,1,2,2,2,2,2,2,2,1,2,2,0,0,0
2008,47,125,1,470830,1,4,2,1,1,2,1,2,1,1,1,2,1,1,2,2,1,2,2,2,3,2,2,2,2,2,2,2,2,2,2,0,0,0
2008,47,155,1,470831,1,4,2,1,2,2,1,2,1,2,2,2,1,2,2,2,2,2,2,2,2,2,2,2,2,2,2,2,1,2,2,0,0,0
2008,47,161,1,470832,1,4,1,2,1,1,5,1,4,1,2,2,2,2,1,2,2,2,2,2,3,2,2,2,2,1,2,2,2,2,1,0,0,0
2008,47,61,1,470833,1,4,2,2,1,1,6,1,4,2,1,2,2,2,1,2,2,2,2,2,3,2,2,2,2,2,1,1,2,2,2,0,0,0
2008,47,11,1,470834,1,4,2,2,1,1,4,1,2,1,1,2,2,1,1,2,2,2,2,2,2,2,2,2,2,2,2,2,2,2,2,0,0,0
2008,47,85,1,470835,1,4,1,2,4,2,5,2,1,3,3,2,1,2,1,2,2,2,2,2,3,2,2,2,2,2,2,2,1,2,2,0,0,0
2008,47,157,1,470836,1,4,2,2,1,1,4,1,4,2,2,1,2,2,2,1,2,2,2,2,3,2,2,2,2,2,1,1,2,2,2,0,0,0
2008,47,157,3,470837,1,4,2,2,1,1,3,1,4,2,2,2,2,2,2,1,2,2,1,2,3,2,2,2,2,1,2,2,2,2,2,0,0,0
2008,47,17,1,470838,1,4,1,2,4,2,6,2,1,2,2,2,1,2,2,2,2,2,2,2,3,2,2,2,2,2,2,2,1,2,2,0,0,0
2008,47,35,1,470839,1,4,1,2,4,2,5,2,1,2,2,2,1,2,2,1,2,2,2,2,2,2,2,2,2,2,1,1,1,2,2,0,0,0
2008,47,59,1,470840,1,4,1,1,1,2,1,2,2,1,2,2,2,1,2,2,2,2,1,2,3,2,2,2,2,1,2,2,2,1,2,0,0,0
2008,47,41,1,470841,1,4,1,2,4,2,4,2,1,2,2,2,2,1,2,2,2,2,1,2,3,1,1,1,1,2,2,1,1,2,2,0,0,0
2008,47,69,1,470842,1,4,1,2,4,2,5,2,1,1,1,2,1,2,2,2,2,2,1,2,2,2,2,2,2,2,2,2,1,2,2,0,0,0
2008,47,125,1,470843,1,4,2,2,1,2,4,2,1,2,1,2,1,2,2,2,1,2,2,2,3,1,1,1,1,2,2,1,2,2,2,0,0,0
2008,47,141,1,470844,1,4,1,2,4,2,5,2,1,2,1,2,1,2,2,2,2,2,1,2,1,2,2,2,2,2,2,2,1,2,2,0,0,0
2008,47,31,3,470845,1,4,1,1,4,2,1,2,1,1,2,2,1,2,2,2,2,2,2,2,1,2,2,2,2,2,1,1,1,2,2,0,0,0
2008,47,103,1,470846,1,4,1,2,4,2,5,2,1,2,2,2,1,2,2,2,2,2,1,2,3,2,2,2,2,2,1,1,1,2,2,0,0,0
2008,47,157,1,470847,1,4,1,2,1,2,5,2,3,1,1,2,2,2,2,2,2,2,2,2,3,2,2,2,2,2,2,2,1,2,2,0,0,0
2008,47,113,1,470848,1,4,1,2,3,2,3,2,1,1,2,2,1,2,2,2,2,2,1,2,1,2,2,2,2,2,1,1,1,2,2,0,0,0
2008,47,155,1,470849,1,4,1,2,4,2,6,2,1,2,2,2,1,2,2,1,2,2,1,2,3,2,2,2,2,2,2,2,1,2,2,0,0,0
2008,47,81,1,470850,1,4,1,2,4,2,4,2,1,1,1,2,1,2,2,2,2,2,1,2,2,2,2,2,2,2,2,2,1,2,2,0,0,0
2008,47,107,1,470851,1,4,1,2,4,2,5,2,1,1,1,2,1,2,2,1,2,2,2,2,2,2,2,2,2,2,2,2,1,2,2,0,0,0
2008,47,187,1,470852,1,4,2,1,1,2,1,2,2,2,1,2,2,2,1,2,2,2,2,2,3,2,2,2,2,2,1,1,2,2,2,0,0,0
2008,47,179,1,470853,1,4,2,2,1,2,4,2,3,1,1,2,2,2,2,2,2,2,2,2,3,2,2,2,2,2,2,2,1,1,2,0,0,0
2008,47,163,1,470854,1,4,1,2,4,2,6,2,1,1,1,2,1,2,2,2,2,2,2,2,3,1,1,1,1,2,2,1,1,2,2,0,0,0
2008,47,157,1,470855,1,4,2,2,1,1,3,1,4,1,2,2,2,2,1,2,2,2,2,2,3,2,2,2,2,2,2,2,2,2,2,0,0,0
2008,47,43,2,470856,1,4,1,2,1,1,4,1,4,2,2,2,2,1,2,2,2,2,2,2,1,2,2,2,2,2,1,1,2,1,2,0,0,0
2008,47,157,1,470857,1,4,2,2,1,1,4,1,4,1,1,2,2,2,2,2,2,2,2,2,3,2,2,2,2,1,2,2,2,2,2,0,0,0
2008,47,157,1,470858,1,4,2,2,1,2,3,3,4,1,1,2,2,2,2,2,2,2,2,2,3,2,2,2,2,1,2,2,1,2,2,0,0,0
2008,47,125,1,470859,1,4,2,2,1,1,4,1,1,2,1,2,1,2,2,2,2,1,2,2,3,2,2,2,2,2,2,2,2,2,2,0,0,0
2008,47,35,1,470860,1,4,1,2,4,2,5,2,1,1,1,2,1,2,2,2,2,2,2,2,3,2,2,2,2,1,2,2,1,1,2,0,0,0
2008,47,37,1,470861,1,4,2,2,1,1,4,1,4,1,1,2,2,2,2,2,2,2,2,2,3,2,2,2,2,1,2,2,2,2,2,0,0,0
2008,47,145,1,470862,1,4,2,1,1,2,1,2,5,1,1,2,2,2,2,2,2,2,2,2,3,1,1,1,1,1,2,1,2,2,2,0,0,0
2008,47,37,1,470863,1,4,2,2,1,2,3,2,4,1,1,2,2,2,2,2,2,2,2,2,3,2,2,2,2,2,1,1,1,2,2,0,0,0
2008,47,37,1,470864,1,4,2,2,1,1,3,1,4,2,2,2,2,2,2,2,2,2,2,2,3,1,1,1,1,2,1,1,2,2,2,0,0,0
2008,47,93,1,470865,1,4,2,2,4,2,5,2,1,1,1,2,1,2,2,1,2,2,2,2,3,2,2,2,2,2,2,2,1,2,2,0,0,0
2008,47,157,1,470866,1,4,2,1,4,2,1,3,1,2,2,2,1,1,2,1,2,2,1,2,1,2,2,2,2,2,2,2,1,2,2,0,0,0
2008,47,37,1,470867,1,4,2,2,1,2,6,2,1,1,2,2,1,2,2,2,2,2,2,2,3,2,2,2,2,2,2,2,2,2,2,0,0,0
2008,47,179,1,470868,1,4,1,2,4,2,5,2,1,1,1,2,1,2,2,1,2,2,2,2,3,1,1,1,1,2,2,1,1,2,2,0,0,0
2008,47,157,1,470869,1,4,2,2,1,1,4,1,2,2,1,2,2,2,2,2,2,2,2,2,3,2,2,2,2,2,1,1,2,2,2,0,0,0
2008,47,157,1,470870,1,4,2,2,1,1,3,1,1,2,1,2,1,2,2,2,1,2,2,2,3,2,2,2,2,2,2,2,2,2,2,0,0,0
2008,47,37,1,470871,1,4,2,2,1,2,3,2,3,1,1,2,2,2,2,2,2,2,2,2,3,2,2,2,2,1,2,2,1,2,2,0,0,0
2008,47,37,1,470872,1,4,2,2,4,2,6,2,1,2,2,2,1,2,2,1,2,2,2,2,3,2,2,2,2,2,1,1,1,2,2,0,0,0
2008,47,37,1,470873,1,4,1,2,4,2,4,2,1,2,2,2,1,2,2,2,2,2,2,2,3,2,2,2,2,2,2,2,1,2,2,0,0,0
2008,47,125,1,470874,1,4,2,2,4,2,6,2,1,1,2,2,1,2,2,1,2,2,2,2,3,1,1,1,1,2,2,1,1,2,2,0,0,0
2008,47,65,1,470875,1,4,2,2,1,2,4,2,1,1,2,2,1,2,2,2,1,2,2,2,3,2,2,2,2,2,2,2,2,2,2,0,0,0
2008,47,37,1,470876,1,4,2,1,1,2,1,2,1,2,1,2,1,2,2,2,1,2,2,2,3,2,2,2,2,2,2,2,2,2,2,0,0,0
2008,47,157,1,470877,1,4,2,2,1,2,4,2,4,1,1,2,2,1,2,2,2,2,2,2,3,2,2,2,2,2,2,2,1,1,2,0,0,0
2008,47,145,2,470878,1,4,2,2,1,1,3,1,4,1,2,2,2,2,2,2,2,2,2,2,3,2,2,2,2,1,2,2,2,2,2,0,0,0
2008,47,163,1,470879,1,4,1,2,4,2,6,2,1,1,1,2,1,2,2,1,2,2,1,2,3,1,1,1,1,2,2,1,1,2,2,0,0,0
2008,47,65,1,470880,1,4,2,2,1,2,4,2,1,1,1,2,1,2,2,2,1,2,2,2,3,2,2,2,2,2,2,2,2,2,2,0,0,0
2008,47,97,2,470881,1,4,1,2,4,2,3,3,1,2,2,2,1,2,2,2,2,2,2,2,1,2,2,2,2,2,2,2,1,2,2,0,0,0
2008,47,3,1,470882,1,4,1,2,1,2,4,2,4,1,1,2,2,1,1,2,2,2,2,2,2,2,2,2,2,1,2,2,1,2,2,0,0,0
2008,47,187,1,470883,1,4,2,1,1,2,1,3,4,2,1,2,2,1,2,2,2,2,1,2,3,2,2,2,2,2,2,2,2,2,2,0,0,0
2008,47,57,1,470884,1,4,1,2,1,2,5,2,4,1,2,2,2,2,2,2,2,2,2,2,3,2,2,2,2,1,2,2,2,2,2,0,0,0
2008,47,93,1,470885,1,4,2,2,1,2,3,2,3,1,1,2,2,2,2,2,2,2,2,2,2,2,2,2,2,1,2,2,1,2,2,0,0,0
2008,47,143,1,470886,1,4,1,2,4,2,5,2,1,1,2,2,1,2,2,2,2,2,2,2,2,2,2,2,2,1,2,2,1,2,2,0,0,0
2008,47,147,1,470887,1,4,1,1,4,2,1,2,1,1,1,2,1,2,2,2,2,2,2,2,2,2,2,2,2,2,2,2,1,2,2,0,0,0
2008,47,141,1,470888,1,4,1,2,4,2,4,2,1,2,1,2,1,2,2,2,2,2,1,2,1,2,2,2,2,2,2,2,1,2,2,0,0,0
2008,47,93,1,470889,1,4,2,2,4,2,6,2,1,1,1,2,1,2,2,1,2,2,2,2,3,2,2,2,2,2,1,1,1,1,2,0,0,0
2008,47,125,1,470890,1,4,2,2,3,2,3,2,1,2,2,2,1,2,2,2,2,2,1,2,3,2,2,2,2,2,1,1,1,1,2,0,0,0
2008,47,149,1,470891,1,4,2,2,1,1,3,1,5,1,1,2,3,1,2,2,2,2,2,2,3,2,2,2,2,2,1,1,2,2,2,0,0,0
2008,47,53,1,470892,1,4,1,2,4,2,5,2,1,1,1,2,1,2,2,2,2,2,1,2,3,2,2,2,2,2,2,2,1,2,2,0,0,0
2008,47,113,1,470893,1,4,1,2,4,2,5,2,1,2,1,2,1,2,2,2,2,2,1,2,3,2,2,2,2,2,2,2,1,2,2,0,0,0
2008,47,109,1,470894,1,4,1,2,1,1,3,1,4,1,1,2,2,2,2,2,2,2,2,2,3,2,2,2,2,1,2,2,2,2,2,0,0,0
2008,47,109,1,470895,1,4,1,2,1,1,3,1,4,1,1,2,2,2,2,2,2,2,2,2,3,2,2,2,2,2,1,1,2,2,2,0,0,0
2008,47,93,1,470896,1,4,2,2,1,1,4,1,4,2,1,2,2,2,2,2,2,2,2,2,3,2,2,2,2,1,2,2,2,2,2,0,0,0
2008,47,155,1,470897,1,4,1,2,1,2,3,2,2,1,2,2,2,2,1,2,2,2,2,2,3,2,2,2,2,2,2,2,2,1,2,0,0,0
2008,47,11,1,470898,1,4,2,2,1,1,3,1,4,1,1,2,2,2,2,2,2,2,2,2,2,2,2,2,2,1,2,2,2,2,2,0,0,0
2008,47,179,2,470899,1,4,2,2,4,2,6,2,1,1,1,2,1,2,2,1,2,2,2,2,3,1,1,1,1,2,2,1,1,1,2,0,0,0
2008,47,43,1,470900,1,4,1,2,1,1,4,1,3,1,1,2,2,2,2,2,2,2,1,2,3,2,2,2,2,2,2,2,2,2,2,0,0,0
2008,47,93,1,470901,1,4,2,2,3,2,3,2,1,2,2,2,1,2,2,2,2,2,1,2,1,2,2,2,2,2,2,2,1,2,2,0,0,0
2008,47,1,1,470902,1,4,1,2,4,2,5,2,1,1,1,2,1,2,2,2,2,2,1,2,3,2,2,2,2,2,2,2,1,2,2,0,0,0
2008,47,157,2,470903,1,4,2,2,1,2,4,2,3,1,1,2,2,1,2,2,2,2,2,2,3,2,2,2,2,2,2,2,1,1,2,0,0,0
2008,47,157,1,470904,1,4,2,2,4,1,3,1,1,2,2,2,1,2,2,1,2,2,2,2,2,1,1,1,1,2,2,1,2,2,2,0,0,0
2008,47,157,1,470905,1,4,2,2,4,2,4,2,1,2,2,1,1,2,2,2,2,2,2,2,3,2,2,2,2,2,2,2,1,2,2,0,0,0
2008,47,119,1,470906,1,4,1,2,1,1,3,1,4,1,2,2,2,2,2,2,2,2,2,2,1,2,2,2,2,2,2,2,2,2,2,0,0,0
2008,47,37,1,470907,1,4,2,2,4,2,5,2,1,2,2,2,1,2,2,1,2,2,1,2,3,1,1,1,1,2,2,1,1,2,2,0,0,0
2008,47,37,1,470908,1,4,2,1,1,2,1,3,2,1,1,2,3,2,2,1,2,2,1,2,3,2,2,2,2,1,2,2,2,1,2,0,0,0
2008,47,65,1,470909,1,4,2,2,4,2,6,2,1,2,2,2,1,2,2,1,2,2,2,2,2,2,2,1,1,2,2,1,1,2,2,0,0,0
2008,47,37,1,470910,1,4,2,2,1,2,4,3,1,1,1,2,1,2,2,2,1,2,2,2,3,2,2,2,2,1,2,2,2,2,2,0,0,0
2008,47,37,1,470911,1,4,2,2,1,2,3,2,1,1,1,2,1,2,2,2,1,2,2,2,3,2,2,2,2,2,2,2,2,1,2,0,0,0
2008,47,157,1,470912,1,4,2,2,4,2,6,2,1,2,1,2,1,2,2,2,1,2,2,2,1,2,2,2,2,2,2,2,1,2,2,0,0,0
2008,47,49,1,470913,1,4,1,2,1,1,5,1,4,1,2,2,2,2,2,2,2,2,2,2,3,2,2,2,2,1,2,2,2,2,2,0,0,0
2008,47,89,1,470914,1,4,1,2,1,2,5,2,2,2,1,2,2,2,1,1,2,2,2,2,3,2,2,2,2,2,2,2,2,1,2,0,0,0
2008,47,61,1,470915,1,4,2,2,4,2,6,2,1,1,2,2,1,2,2,2,2,2,1,2,3,2,2,2,2,2,2,2,1,2,2,0,0,0
2008,47,93,1,470916,1,4,1,2,1,2,4,2,2,1,1,2,2,2,2,2,2,2,1,2,3,2,2,2,2,1,2,2,1,2,2,0,0,0
2008,47,93,1,470917,1,4,2,2,1,2,5,2,3,1,1,2,2,2,2,2,2,2,2,2,3,2,2,2,2,1,2,2,1,2,2,0,0,0
2008,47,93,1,470918,1,4,2,2,1,1,6,1,4,1,2,2,2,2,2,2,2,2,2,2,3,2,2,2,2,1,2,2,2,2,2,0,0,0
2008,47,93,1,470919,1,4,2,2,1,1,5,1,4,2,2,2,2,2,2,2,2,2,2,2,3,2,2,2,2,1,1,1,2,1,2,0,0,0
2008,47,97,1,470920,1,4,2,2,1,2,3,2,2,2,1,2,2,2,1,1,2,2,2,2,3,2,2,2,2,2,2,2,2,2,2,0,0,0
2008,47,163,1,470921,1,4,2,2,1,2,2,2,3,1,1,2,2,2,1,2,2,2,2,2,3,2,2,2,2,1,2,2,2,2,2,0,0,0
2008,47,147,1,470922,1,4,1,2,4,2,5,2,1,1,1,2,1,2,2,2,2,2,1,2,3,2,2,2,2,2,2,2,1,2,2,0,0,0
2008,47,59,2,470923,1,4,1,2,4,2,4,2,1,1,1,2,1,2,2,1,2,2,1,2,3,1,1,1,1,2,2,1,1,2,2,0,0,0
2008,47,113,1,470924,1,4,2,2,1,1,4,1,4,1,1,2,2,2,2,2,2,2,2,2,3,2,2,2,2,2,2,2,2,2,2,0,0,0
2008,47,157,1,470925,1,4,2,2,4,2,3,2,1,1,1,2,1,2,2,2,2,2,1,2,3,2,2,2,2,2,2,2,1,2,2,0,0,0
2008,47,155,1,470926,1,4,2,2,1,1,3,1,4,1,1,2,2,2,2,2,2,2,2,2,3,2,2,2,2,1,2,2,2,2,2,0,0,0
2008,47,157,1,470927,1,4,2,2,4,1,4,1,1,2,2,2,1,2,2,2,2,2,2,2,3,2,2,2,2,1,2,2,2,2,2,0,0,0
2008,47,163,1,470928,1,4,2,2,3,2,4,2,1,2,1,2,1,2,2,2,2,2,2,2,3,2,2,2,2,2,1,1,1,2,2,0,0,0
2008,47,3,1,470929,1,4,2,2,1,1,3,1,3,1,2,2,2,2,2,2,2,2,1,2,1,1,1,1,1,2,2,1,2,2,2,0,0,0
2008,47,165,1,470930,1,4,1,2,1,1,4,1,4,2,1,2,2,2,2,2,2,2,2,2,3,2,2,2,2,1,2,2,2,2,2,0,0,0
2008,47,147,1,470931,1,4,1,2,4,1,4,1,1,2,2,2,1,2,1,2,2,2,2,2,3,2,2,2,2,1,2,2,2,2,1,0,0,0
2008,47,181,1,470932,1,4,1,2,4,2,6,2,1,1,1,2,1,2,2,2,2,2,1,2,3,2,2,2,2,2,2,2,1,2,2,0,0,0
2008,47,149,1,470933,1,4,2,2,1,1,4,1,4,2,2,2,2,2,1,2,2,2,2,2,2,1,1,1,1,2,2,1,2,2,2,0,0,0
2008,47,157,1,470934,1,4,2,2,4,2,6,2,5,1,1,2,1,2,2,1,2,2,2,2,3,1,1,1,1,2,2,1,2,1,2,0,0,0
2008,47,157,1,470935,1,4,1,2,4,2,6,2,2,1,1,2,1,2,1,1,2,2,2,2,3,2,2,2,2,2,1,1,2,2,2,0,0,0
2008,47,157,1,470936,1,4,2,2,1,2,2,2,2,2,2,2,2,2,1,1,2,2,2,2,3,2,2,2,2,2,2,2,2,2,2,0,0,0
2008,47,89,1,470937,1,4,1,2,1,1,5,1,4,1,1,2,2,1,2,2,2,2,2,2,3,2,2,2,2,2,2,2,2,2,2,0,0,0
2008,47,165,1,470938,1,4,1,2,4,2,5,2,1,2,1,2,1,2,2,2,2,2,2,2,3,2,2,2,2,2,2,2,1,2,2,0,0,0
2008,47,25,1,470939,1,4,1,2,1,2,4,2,3,1,1,2,2,2,2,2,2,2,2,2,3,2,2,2,2,1,2,2,2,2,2,0,0,0
2008,47,163,1,470940,1,4,2,2,2,2,3,2,1,1,1,2,1,2,2,2,2,2,2,2,3,2,2,2,2,2,2,2,1,1,2,0,0,0
2008,47,93,1,470941,1,4,2,1,4,2,1,2,1,1,1,2,1,1,2,2,2,2,2,2,3,2,2,2,2,2,2,2,1,2,2,0,0,0
2008,47,101,1,470942,1,4,1,2,4,2,6,2,1,1,1,2,1,2,2,1,2,2,2,2,3,2,2,2,2,2,2,2,1,2,2,0,0,0
2008,47,65,1,470943,1,4,2,2,1,2,4,2,3,1,1,2,2,2,2,2,2,2,2,2,3,2,2,2,2,2,2,2,1,2,2,0,0,0
2008,47,145,1,470944,1,4,2,2,4,2,3,2,1,1,1,2,1,2,2,2,2,2,2,2,3,2,2,2,2,2,2,2,1,2,2,0,0,0
2008,47,185,1,470945,1,4,2,2,1,2,6,2,1,1,1,2,1,2,2,2,1,2,2,2,3,2,2,2,2,2,2,2,2,2,2,0,0,0
2008,47,37,1,470946,1,4,2,2,1,1,3,1,3,1,2,2,2,1,1,2,2,2,2,2,3,2,2,2,2,1,1,1,2,2,2,0,0,0
2008,47,37,1,470947,1,4,2,2,1,2,6,2,1,1,2,2,1,2,2,2,1,2,2,2,3,2,2,2,2,2,2,2,2,2,2,0,0,0
2008,47,59,1,470948,1,4,2,2,1,2,3,2,4,1,2,2,2,2,1,2,2,2,2,2,3,2,2,2,2,2,2,2,1,2,2,0,0,0
2008,47,109,1,470949,1,4,1,2,1,1,5,1,4,1,1,2,2,2,1,2,2,2,2,2,3,2,2,2,2,1,2,2,2,2,2,0,0,0
2008,47,151,1,470950,1,4,1,2,4,2,3,2,1,1,1,2,1,2,2,2,2,2,2,2,3,2,2,2,2,1,2,2,1,2,2,0,0,0
2008,47,157,1,470951,1,4,2,2,4,2,6,2,1,2,2,2,1,2,2,2,2,2,1,2,1,1,1,1,1,2,2,1,1,2,2,0,0,0
2008,47,157,1,470952,1,4,2,2,1,2,5,2,3,2,2,2,2,2,2,2,2,2,2,2,3,2,2,2,2,2,1,1,1,2,2,0,0,0
2008,47,157,1,470953,1,4,2,2,1,1,4,1,5,2,1,2,2,2,1,1,2,2,2,2,3,1,1,1,1,2,1,1,2,2,2,0,0,0
2008,47,3,1,470954,1,4,1,2,1,1,5,1,4,1,2,2,2,2,2,2,2,2,2,2,3,1,1,1,1,1,2,1,2,2,2,0,0,0
2008,47,65,1,470955,1,4,1,2,2,2,3,2,4,1,1,2,1,2,2,2,2,2,2,2,3,2,2,2,2,2,2,2,1,2,2,0,0,0
2008,47,65,1,470956,1,4,2,2,4,2,4,2,1,2,2,2,1,2,2,1,2,2,1,2,3,2,2,2,2,2,1,1,1,2,2,0,0,0
2008,47,65,1,470957,1,4,2,2,4,2,4,2,1,1,1,2,1,2,2,1,2,2,1,2,3,2,2,2,2,2,1,1,1,2,2,0,0,0
2008,47,113,1,470958,1,4,2,2,2,2,3,2,1,2,2,2,1,2,2,1,2,2,1,2,1,2,2,2,2,2,1,1,1,2,2,0,0,0
2008,47,125,1,470959,1,4,2,1,1,2,1,2,2,2,2,2,2,2,1,1,2,2,2,2,3,2,2,2,2,1,2,2,1,2,2,0,0,0
2008,47,147,1,470960,1,4,2,2,1,2,3,3,4,1,1,2,2,2,2,2,2,2,2,2,1,2,2,2,2,1,2,2,2,2,2,0,0,0
2008,47,151,1,470961,1,4,1,2,1,2,3,2,4,1,1,2,2,1,2,2,2,2,2,2,3,2,2,2,2,1,2,2,1,2,2,0,0,0
2008,47,157,1,470962,1,4,2,2,1,1,5,1,4,2,2,2,2,2,2,2,2,2,2,2,3,2,2,2,2,1,2,2,2,2,2,0,0,0
2008,47,93,1,470963,1,4,2,2,4,2,3,2,1,2,1,2,1,2,2,2,2,2,1,2,3,2,2,1,1,2,2,1,1,2,2,0,0,0
2008,47,93,1,470964,1,4,2,2,4,2,5,2,1,1,1,2,1,2,2,2,2,2,2,2,3,2,2,2,2,1,2,2,1,2,2,0,0,0
2008,47,151,1,470965,1,4,1,2,4,2,3,2,1,2,1,2,1,2,2,2,2,2,2,2,3,2,2,2,2,1,2,2,1,2,2,0,0,0
2008,47,97,1,470966,1,4,1,2,1,2,5,2,3,1,1,2,2,2,2,2,2,2,2,2,3,2,2,2,2,1,2,2,1,2,2,0,0,0
2008,47,167,1,470967,1,4,2,2,1,1,3,1,4,1,1,2,2,2,2,2,2,2,2,2,3,2,2,2,2,2,2,2,2,2,2,0,0,0
2008,47,9,1,470968,1,4,2,2,1,1,5,1,4,1,1,2,2,2,2,2,2,2,2,2,3,2,2,2,2,1,2,2,2,2,2,0,0,0
2008,47,65,1,470969,1,4,2,2,1,2,5,2,3,1,1,2,2,2,2,2,2,2,2,2,3,2,2,2,2,1,1,1,1,2,2,0,0,0
2008,47,131,1,470970,1,4,2,2,1,1,3,1,3,1,1,2,3,2,2,2,2,2,2,2,3,2,2,2,2,1,2,2,2,2,2,0,0,0
2008,47,155,1,470971,1,4,2,2,4,2,6,2,1,2,1,2,1,2,2,2,2,2,2,2,3,2,2,2,2,2,2,2,1,2,2,0,0,0
2008,47,167,1,470972,1,4,2,2,1,1,3,1,4,1,1,2,2,2,2,2,2,2,2,2,3,2,2,2,2,2,2,2,2,2,2,0,0,0
2008,47,109,1,470973,1,4,1,2,1,2,3,2,4,2,1,2,2,2,2,2,2,2,2,2,3,1,1,1,1,1,2,1,1,2,2,0,0,0
2008,47,163,1,470974,1,4,2,2,2,1,6,1,1,1,2,2,1,2,1,1,2,2,2,2,3,2,2,2,2,2,2,2,2,2,2,0,0,0
2008,48,29,1,480002,1,6,2,1,1,2,1,2,1,2,1,2,1,2,2,2,1,2,2,2,3,2,2,2,2,2,2,2,2,2,2,0,0,0
2008,48,113,1,480003,1,6,2,2,3,2,6,2,1,2,1,2,1,2,2,2,2,2,1,2,1,2,2,2,2,2,2,2,1,2,2,0,0,0
2008,48,113,1,480004,1,6,2,2,1,2,6,2,1,2,1,1,1,2,2,2,1,2,2,2,3,2,2,2,2,2,2,2,2,2,2,0,0,0
2008,48,215,1,480005,1,6,1,2,4,2,6,2,1,1,1,2,1,2,2,1,2,2,1,2,1,2,2,2,2,2,2,2,1,2,2,0,0,0
2008,48,303,1,480006,1,6,2,2,1,2,6,2,1,2,1,2,1,2,2,2,1,2,2,2,1,2,2,2,2,2,2,2,2,2,2,0,0,0
2008,48,113,1,480007,1,6,2,1,1,2,1,2,2,1,1,2,3,1,1,2,2,2,2,2,3,2,2,2,2,2,2,2,2,2,2,0,0,0
2008,48,471,1,480008,1,6,2,2,1,1,4,1,4,2,1,2,2,2,2,2,2,2,2,2,2,2,2,2,2,2,2,2,2,2,2,0,0,0
2008,48,193,1,480009,1,6,1,2,4,2,5,2,1,1,1,2,1,2,2,1,2,2,1,2,3,2,2,2,2,2,2,2,1,2,2,0,0,0
2008,48,357,1,480010,1,6,1,2,4,2,6,2,1,2,1,2,1,2,2,2,2,2,1,2,1,2,2,2,2,2,2,2,1,2,2,0,0,0
2008,48,399,1,480011,1,6,1,2,1,2,5,2,4,1,1,2,2,2,2,2,2,2,2,2,3,2,2,2,2,1,1,1,2,2,2,0,0,0
2008,48,485,1,480012,1,6,2,2,4,2,2,2,1,1,1,2,1,2,2,1,1,2,2,2,3,1,1,1,1,2,2,1,1,2,2,0,0,0
2008,48,25,1,480013,1,6,2,2,1,2,4,3,4,1,1,2,2,2,2,2,2,2,2,2,3,2,2,2,2,1,2,2,2,2,2,0,0,0
2008,48,29,1,480014,1,6,2,2,1,2,2,2,1,2,2,2,1,2,2,2,1,2,2,2,3,2,2,2,2,2,2,2,2,2,2,0,0,0
2008,48,31,1,480015,1,6,1,2,1,2,4,2,3,1,1,2,3,2,2,1,2,2,2,2,3,1,1,1,1,2,2,1,1,2,1,0,0,0
2008,48,113,1,480016,1,6,2,2,4,2,6,2,1,2,2,2,1,2,2,1,2,2,2,2,1,2,2,2,2,2,2,2,1,2,2,0,0,0
2008,48,201,1,480017,1,6,2,2,4,1,6,1,1,2,2,2,1,2,2,1,2,2,1,2,1,2,2,2,2,2,1,1,2,2,2,0,0,0
2008,48,283,3,480018,1,6,1,1,4,2,1,3,1,2,2,2,1,2,2,1,2,2,1,2,3,2,2,2,2,2,2,2,1,2,1,0,0,0
2008,48,297,1,480019,1,6,1,2,4,2,3,2,1,1,1,2,1,1,2,2,2,2,2,2,2,2,2,2,2,2,2,2,2,2,2,0,0,0
2008,48,367,1,480020,1,6,1,1,1,2,1,2,2,2,1,2,2,1,2,1,2,2,2,2,3,2,2,2,2,2,2,2,2,2,2,0,0,0
2008,48,473,1,480021,1,6,1,2,1,2,6,2,1,2,2,2,1,2,1,1,2,2,2,2,3,2,2,2,2,2,2,2,2,2,2,0,0,0
2008,48,61,1,480022,1,6,1,2,4,2,5,2,1,1,2,2,1,2,2,1,2,2,2,2,3,2,2,2,2,2,1,1,1,2,2,0,0,0
2008,48,135,1,480023,1,6,2,2,1,2,4,2,1,2,2,2,1,2,2,2,1,2,2,2,3,2,2,1,1,2,2,1,2,2,2,0,0,0
2008,48,157,1,480024,1,6,2,2,1,1,6,1,1,1,2,2,1,2,2,2,1,2,2,2,3,1,1,1,1,2,2,1,2,2,2,0,0,0
2008,48,181,2,480025,1,6,2,2,1,1,4,1,4,2,2,2,2,2,2,2,2,2,2,2,3,1,1,1,1,2,2,1,2,1,2,0,0,0
2008,48,199,1,480026,1,6,1,2,1,2,3,2,3,1,2,2,3,1,2,2,2,2,2,2,3,2,2,2,2,2,2,2,2,2,2,0,0,0
2008,48,251,1,480027,1,6,1,1,1,2,1,2,2,2,2,2,2,2,2,2,1,2,2,2,3,2,2,2,2,2,2,2,2,2,2,0,0,0
2008,48,439,1,480028,1,6,1,2,1,2,5,2,4,1,2,2,2,2,2,1,2,2,1,2,3,2,2,2,2,2,2,2,1,2,2,0,0,0
2008,48,483,2,480029,1,6,1,1,2,2,1,2,2,1,2,2,1,2,2,1,2,2,1,2,3,2,2,2,2,2,2,2,1,2,1,0,0,0
2008,48,29,1,480030,1,6,2,2,4,2,6,2,1,2,2,2,1,2,1,1,2,2,2,2,1,2,2,2,2,2,2,2,1,2,2,0,0,0
2008,48,39,1,480031,1,6,1,2,1,1,6,1,4,1,2,2,2,2,2,2,2,2,2,2,3,1,1,1,1,2,2,1,2,2,2,0,0,0
2008,48,113,1,480032,1,6,2,1,1,2,1,2,5,1,2,1,2,2,1,2,2,2,2,2,3,2,2,2,2,2,2,2,2,2,2,0,0,0
2008,48,183,1,480033,1,6,2,2,4,2,3,2,1,2,2,2,1,2,2,2,2,2,1,2,1,2,2,2,2,2,2,2,1,2,2,0,0,0
2008,48,363,1,480034,1,6,1,2,4,2,5,2,1,1,2,2,1,2,1,1,2,2,2,2,2,2,2,2,2,2,1,1,1,2,2,0,0,0
2008,48,401,1,480035,1,6,2,2,1,2,4,2,1,1,2,2,1,2,2,2,2,1,2,2,3,2,2,2,2,2,2,2,2,2,2,0,0,0
2008,48,453,1,480036,1,6,2,2,1,2,3,2,1,2,2,2,1,2,2,2,1,2,2,2,3,2,2,2,2,1,2,2,2,2,2,0,0,0
2008,48,491,1,480037,1,6,1,2,4,2,3,2,1,1,2,2,1,2,2,1,2,2,1,2,1,2,2,1,1,2,2,1,1,2,2,0,0,0
2008,48,199,1,480038,1,6,1,2,1,2,3,2,4,1,1,2,2,2,2,2,2,2,2,2,1,2,2,1,1,2,2,1,1,2,1,0,0,0
2008,48,439,1,480039,1,6,2,2,1,1,6,1,4,1,1,2,2,2,2,2,2,2,2,2,3,2,2,2,2,2,1,1,2,2,2,0,0,0
2008,48,15,1,480040,1,6,1,2,4,2,3,2,1,1,1,2,1,2,2,1,2,2,1,2,3,2,2,2,2,1,2,2,1,2,2,0,0,0
2008,48,55,1,480041,1,6,1,2,1,2,4,2,4,2,1,2,3,1,2,2,2,2,1,2,3,2,2,2,2,2,1,1,2,2,2,0,0,0
2008,48,131,3,480042,1,6,1,2,1,2,3,2,3,1,1,2,2,1,2,2,2,2,1,2,3,2,2,2,2,2,2,2,1,2,2,0,0,0
2008,48,167,2,480043,1,6,2,2,1,2,2,2,3,1,1,2,2,2,2,2,2,2,1,2,2,2,2,1,1,2,2,1,1,1,2,0,0,0
2008,48,201,1,480044,1,6,2,1,4,2,1,2,1,2,1,2,1,2,2,2,2,2,1,2,3,2,2,2,2,2,2,2,1,2,2,0,0,0
2008,48,113,1,480045,1,6,1,2,1,2,6,2,1,2,1,2,3,2,2,2,1,2,2,2,3,2,2,2,2,2,1,1,2,2,2,0,0,0
2008,48,141,1,480046,1,6,1,2,1,1,3,1,4,1,1,2,2,2,2,2,2,2,2,2,3,2,2,2,2,1,2,2,2,2,2,0,0,0
2008,48,355,1,480047,1,6,2,2,1,1,3,1,2,1,1,2,2,2,2,1,2,2,2,2,2,2,2,2,2,1,2,2,2,1,2,0,0,0
2008,48,459,1,480048,1,6,1,2,1,2,5,2,1,1,1,2,1,2,2,1,2,2,1,2,3,2,2,2,2,2,2,2,2,2,2,0,0,0
2008,48,247,1,480049,1,6,1,2,1,2,6,3,1,1,1,2,1,2,2,2,2,2,2,2,3,2,2,2,2,2,2,2,2,2,2,0,0,0
2008,48,309,1,480050,1,6,2,1,1,2,1,2,6,2,1,2,2,1,2,2,2,2,2,2,3,2,2,2,2,2,1,1,2,2,2,0,0,0
2008,48,339,1,480051,1,6,1,2,1,1,6,1,1,1,1,2,2,2,1,2,2,2,2,2,3,2,2,2,2,2,2,2,2,2,1,0,0,0
2008,48,27,1,480052,1,6,2,2,1,2,4,3,4,1,1,2,2,2,2,2,2,2,2,2,3,2,2,2,2,1,2,2,2,2,2,0,0,0
2008,48,143,1,480053,1,6,1,2,4,2,4,2,1,1,1,2,1,2,2,2,2,2,2,2,2,2,2,2,2,2,2,2,1,2,1,0,0,0
2008,48,221,1,480054,1,6,1,2,1,2,5,2,4,1,1,2,3,1,2,1,2,2,1,2,3,2,2,2,2,2,2,2,1,2,2,0,0,0
2008,48,419,1,480055,1,6,1,2,1,1,4,1,2,2,2,2,2,2,2,1,2,2,2,2,1,1,1,1,1,2,2,1,2,2,2,0,0,0
2008,48,27,1,480056,1,6,1,2,4,2,6,2,1,2,2,2,1,2,2,1,2,2,1,2,1,2,2,1,1,2,2,1,1,2,2,0,0,0
2008,48,189,1,480057,1,6,1,2,4,2,5,2,1,1,2,2,1,2,2,1,2,2,1,2,1,2,2,2,2,2,2,2,1,2,2,0,0,0
2008,48,215,1,480058,1,6,2,2,1,1,3,1,4,2,2,2,2,2,2,1,2,2,2,2,3,2,2,2,2,2,1,1,2,2,2,0,0,0
2008,48,223,1,480059,1,6,1,2,1,2,4,2,3,2,2,2,2,2,2,2,2,2,2,2,3,2,2,2,2,2,1,1,1,2,1,0,0,0
2008,48,265,1,480060,1,6,1,2,1,2,6,2,1,2,2,2,1,2,2,1,2,2,1,2,1,2,2,2,2,2,1,1,1,2,2,0,0,0
2008,48,425,1,480061,1,6,1,2,4,2,5,2,1,1,2,2,1,2,1,1,2,2,2,2,3,2,2,2,2,2,2,2,1,2,2,0,0,0
2008,48,469,1,480062,1,6,1,2,1,1,5,1,1,2,2,1,1,2,2,2,1,2,2,2,3,2,2,2,2,2,2,2,2,2,2,0,0,0
2008,48,29,1,480063,1,6,2,1,1,2,1,2,1,2,2,2,1,2,2,2,1,2,2,2,1,2,2,2,2,2,2,2,2,2,2,0,0,0
2008,48,113,1,480064,1,6,2,2,1,1,6,1,2,2,2,2,2,2,2,1,2,2,2,2,1,2,2,2,2,2,1,1,2,2,2,0,0,0
2008,48,149,1,480065,1,6,1,2,4,2,5,2,1,2,2,2,1,2,2,1,2,2,1,2,1,1,1,1,1,2,2,1,1,2,2,0,0,0
2008,48,453,1,480066,1,6,1,2,4,2,4,2,1,2,2,2,1,2,2,2,2,2,2,2,1,2,2,2,2,2,2,2,1,2,1,0,0,0
2008,48,113,1,480067,1,6,2,2,1,2,3,2,2,1,1,2,2,2,2,1,2,2,1,2,3,2,2,2,2,1,2,2,2,2,2,0,0,0
2008,48,157,1,480068,1,6,2,2,4,2,3,2,1,2,1,2,1,2,2,1,2,2,1,2,3,1,1,1,1,2,2,1,1,2,2,0,0,0
2008,48,221,1,480069,1,6,1,2,4,2,5,2,1,1,1,2,1,1,2,1,2,2,1,2,3,2,2,2,2,2,2,2,1,2,2,0,0,0
2008,48,309,1,480070,1,6,2,2,1,3,3,4,2,1,1,2,2,1,2,1,2,2,2,2,3,2,2,2,2,2,2,2,2,2,2,0,0,0
2008,48,409,1,480071,1,6,2,2,1,2,6,2,2,2,1,2,2,2,2,1,1,2,2,2,3,2,2,2,2,2,1,1,2,1,2,0,0,0
2008,48,423,1,480072,1,6,2,2,1,1,3,1,4,2,2,2,2,1,2,2,2,2,1,2,1,2,2,2,2,2,1,1,2,2,2,0,0,0
2008,48,113,1,480073,1,6,2,2,1,1,6,1,1,1,1,2,1,2,2,2,2,2,2,2,3,2,2,2,2,2,2,2,2,2,2,0,0,0
2008,48,201,1,480074,1,6,2,2,1,2,3,2,1,2,1,2,1,2,2,2,1,2,2,2,3,2,2,2,2,2,2,2,2,2,2,0,0,0
2008,48,469,1,480075,1,6,2,2,1,2,3,2,1,2,1,2,1,2,2,2,2,1,2,2,3,2,2,2,2,2,2,2,2,2,2,0,0,0
2008,48,185,2,480076,1,6,1,2,4,2,5,2,1,1,1,2,1,2,2,1,2,2,2,2,2,2,2,2,2,2,2,2,1,2,2,0,0,0
2008,48,361,1,480077,1,6,1,2,4,2,3,2,1,1,1,2,1,2,2,1,2,2,2,2,2,2,2,2,2,2,1,1,1,2,2,0,0,0
2008,48,363,1,480078,1,6,1,2,1,2,5,2,1,1,1,2,1,1,2,2,2,2,1,2,2,2,2,2,2,2,2,2,1,2,2,0,0,0
2008,48,395,1,480079,1,6,1,2,2,2,3,2,4,2,1,2,2,2,2,2,2,2,2,2,3,2,2,1,1,2,1,1,1,2,2,0,0,0
2008,48,199,1,480080,1,6,1,2,4,2,3,2,1,2,1,2,1,2,2,2,2,2,1,2,3,2,2,2,2,2,2,2,1,2,1,0,0,0
2008,48,201,1,480081,1,6,2,2,1,2,6,2,2,1,1,2,2,2,2,2,2,2,2,2,3,2,2,2,2,2,2,2,2,1,2,0,0,0
2008,48,485,1,480082,1,6,1,2,4,2,5,2,1,1,1,2,1,2,2,2,2,2,1,2,2,1,1,1,1,2,2,1,1,1,2,0,0,0
2008,48,1,1,480083,1,6,2,2,1,2,3,2,4,2,2,2,2,2,2,2,2,2,2,2,1,2,2,2,2,2,2,2,1,2,2,0,0,0
2008,48,113,1,480084,1,6,2,1,4,2,1,2,1,1,1,2,1,2,2,2,2,2,2,2,2,2,2,2,2,1,2,2,1,2,2,0,0,0
2008,48,113,1,480085,1,6,2,2,1,1,6,1,4,1,1,2,2,2,2,2,2,2,2,2,3,2,2,2,2,1,2,2,2,2,2,0,0,0
2008,48,167,1,480086,1,6,2,2,2,2,2,2,2,2,1,2,1,2,2,2,2,2,2,2,1,2,2,2,2,2,2,2,1,1,2,0,0,0
2008,48,327,1,480087,1,6,1,2,4,2,4,2,1,2,2,2,1,2,2,2,2,2,1,2,1,2,2,2,2,2,2,2,1,2,1,0,0,0
2008,48,453,1,480088,1,6,1,2,1,2,5,2,4,1,1,2,3,2,2,1,2,2,2,2,1,2,2,2,2,2,2,2,1,2,2,0,0,0
2008,48,89,1,480089,1,6,1,1,4,2,1,2,1,1,2,2,1,2,2,2,2,2,2,2,3,2,2,2,2,2,2,2,2,2,2,0,0,0
2008,48,113,1,480090,1,6,2,2,1,1,3,1,4,2,2,2,3,2,2,1,2,2,1,2,3,1,1,1,1,2,1,1,2,2,2,0,0,0
2008,48,121,1,480091,1,6,1,2,1,2,5,2,3,2,2,2,2,2,2,1,2,2,2,2,3,2,2,2,2,2,2,2,2,2,2,0,0,0
2008,48,199,1,480092,1,6,1,2,1,1,4,1,2,1,2,2,3,2,2,2,2,2,2,2,3,2,2,2,2,1,2,2,2,2,2,0,0,0
2008,48,203,1,480094,1,6,1,2,1,2,5,2,1,1,2,2,1,2,2,2,2,2,1,2,3,2,2,2,2,2,2,2,1,2,2,0,0,0
2008,48,361,1,480095,1,6,1,2,1,2,5,2,4,2,2,2,2,2,1,2,2,2,2,2,3,2,2,2,2,1,2,2,2,2,2,0,0,0
2008,48,441,1,480096,1,6,2,2,1,1,6,1,4,1,2,2,2,2,1,1,2,2,2,2,2,2,2,1,1,2,2,1,2,2,2,0,0,0
2008,48,453,1,480097,1,6,1,2,4,2,6,2,1,2,2,2,1,2,2,1,2,2,1,2,1,2,2,2,2,2,2,2,1,2,2,0,0,0
2008,48,491,2,480098,1,6,1,2,1,2,4,2,3,2,2,2,3,2,2,2,2,2,2,2,3,2,2,2,2,2,2,2,2,2,2,0,0,0
2008,48,439,1,480099,1,6,2,2,4,2,6,2,1,2,2,2,1,2,2,1,2,2,2,2,2,1,1,1,1,2,2,1,1,2,2,0,0,0
2008,48,439,1,480100,1,6,1,2,4,1,6,1,1,1,2,2,1,2,2,1,2,2,1,2,1,1,1,1,1,2,2,1,2,2,2,0,0,0
2008,48,71,1,480101,1,6,1,1,2,2,1,2,2,1,1,2,1,1,2,2,2,2,2,2,3,2,2,2,2,2,2,2,1,2,2,0,0,0
2008,48,113,1,480102,1,6,2,2,4,2,6,2,1,1,1,2,1,2,2,1,2,2,2,2,3,2,2,1,1,2,2,1,1,2,2,0,0,0
2008,48,237,1,480103,1,6,1,2,4,2,5,2,1,2,2,2,1,2,2,1,2,2,1,2,1,2,2,2,2,2,1,1,1,2,2,0,0,0
2008,48,401,1,480104,1,6,1,2,1,2,5,2,4,1,1,2,2,2,2,1,2,2,1,2,3,2,2,2,2,2,2,2,1,2,2,0,0,0
2008,48,453,1,480105,1,6,1,2,1,2,4,2,4,1,1,2,2,2,2,1,2,2,2,2,3,2,2,2,2,2,2,2,1,2,2,0,0,0
2008,48,113,1,480106,1,6,2,1,1,2,1,3,1,2,1,1,2,2,2,2,1,2,2,2,3,2,2,2,2,2,1,1,2,2,2,0,0,0
2008,48,195,1,480107,1,6,1,2,4,2,6,2,1,1,1,2,1,2,2,1,2,2,1,2,3,2,2,2,2,2,2,2,1,2,2,0,0,0
2008,48,201,1,480108,1,6,2,2,1,1,2,1,4,1,1,2,2,2,2,1,2,2,2,2,3,2,2,1,1,2,2,1,2,2,2,0,0,0
2008,48,353,1,480109,1,6,1,1,2,2,1,2,2,1,1,2,1,2,2,1,2,2,2,2,3,2,2,1,1,2,2,1,1,2,2,0,0,0
2008,48,21,1,480110,1,6,1,2,4,1,4,1,1,2,1,2,1,2,2,1,2,2,2,2,3,2,2,2,2,2,2,2,2,2,2,0,0,0
2008,48,215,1,480111,1,6,1,2,1,1,6,1,4,1,1,2,2,2,2,1,2,2,2,2,3,1,1,1,1,2,2,1,2,2,2,0,0,0
2008,48,381,1,480112,1,6,1,2,4,2,5,2,1,2,1,2,1,2,2,2,2,2,1,2,1,2,2,2,2,2,2,2,1,2,2,0,0,0
2008,48,489,1,480113,1,6,1,2,1,1,5,1,4,1,1,2,2,2,2,2,2,2,2,2,3,2,2,2,2,1,2,2,2,2,2,0,0,0
2008,48,113,1,480114,1,6,2,2,1,2,6,2,1,1,1,2,1,2,2,1,1,2,2,2,3,2,2,2,2,2,2,2,2,2,2,0,0,0
2008,48,201,1,480115,1,6,2,1,1,2,1,2,1,2,1,2,1,2,2,2,1,2,2,2,3,2,2,2,2,2,1,1,2,2,2,0,0,0
2008,48,355,1,480116,1,6,2,2,1,2,4,2,1,2,1,1,1,2,2,2,1,2,2,2,2,2,2,2,2,2,2,2,2,2,2,0,0,0
2008,48,113,1,480117,1,6,2,2,4,2,6,2,1,2,2,2,1,2,2,1,2,2,2,2,2,1,1,1,1,2,2,1,1,2,2,0,0,0
2008,48,201,1,480118,1,6,1,1,1,2,1,2,2,2,1,1,2,2,1,1,2,2,2,2,1,2,2,2,2,2,2,2,2,2,2,0,0,0
2008,48,439,1,480119,1,6,2,1,2,2,1,2,7,2,1,2,1,2,2,2,2,2,1,2,3,2,2,2,2,2,1,1,2,2,2,0,0,0
2008,48,439,1,480120,1,6,2,1,3,2,1,2,1,2,2,2,1,1,2,2,2,2,1,2,3,2,2,2,2,2,2,2,1,1,2,0,0,0
2008,48,29,1,480121,1,6,2,2,4,2,6,2,4,2,2,2,1,2,2,1,2,2,2,2,1,1,1,1,1,2,2,1,2,2,2,0,0,0
2008,48,157,1,480122,1,6,1,2,1,2,5,2,4,1,2,2,2,2,2,1,2,2,2,2,3,2,2,2,2,2,2,2,1,2,2,0,0,0
2008,48,167,1,480123,1,6,1,1,3,2,1,2,1,2,2,2,1,2,2,1,2,2,2,2,1,2,2,1,1,2,2,1,1,2,2,0,0,0
2008,48,467,2,480124,1,6,1,2,4,2,5,2,1,2,2,2,1,2,2,1,2,2,1,2,1,2,2,2,2,2,2,2,1,2,2,0,0,0
2008,48,27,1,480125,1,6,1,2,4,2,5,2,1,1,2,2,1,2,1,1,2,2,2,2,2,2,2,2,2,2,2,2,1,2,2,0,0,0
2008,48,339,1,480126,1,6,1,2,4,1,5,1,1,2,2,2,1,2,2,2,2,2,2,2,1,2,2,2,2,2,2,2,2,2,2,0,0,0
2008,48,201,1,480128,1,6,1,2,4,2,4,2,1,2,2,1,1,2,2,2,2,2,2,2,1,2,2,2,2,2,2,2,1,2,2,0,0,0
2008,48,227,1,480129,1,6,1,1,1,2,1,2,7,1,1,2,3,1,2,2,2,2,1,2,3,2,2,2,2,1,2,2,2,2,2,0,0,0
2008,48,233,1,480130,1,6,2,2,4,2,3,2,1,1,1,2,1,2,2,2,2,2,2,2,3,2,2,2,2,2,2,2,1,2,2,0,0,0
2008,48,259,1,480131,1,6,1,1,1,2,1,3,4,1,1,2,2,2,2,2,2,2,2,2,3,2,2,2,2,1,2,2,2,2,2,0,0,0
2008,48,355,1,480132,1,6,1,2,1,2,3,2,3,1,1,2,2,1,2,2,2,2,2,2,3,2,2,2,2,2,2,2,1,1,2,0,0,0
2008,48,361,1,480133,1,6,2,2,4,1,6,1,1,2,1,2,1,2,2,1,2,2,2,2,1,2,2,2,2,2,2,2,2,2,2,0,0,0
2008,48,13,1,480134,1,6,1,1,4,2,1,2,1,2,1,2,1,2,2,2,2,2,1,2,3,2,2,2,2,2,2,2,1,1,2,0,0,0
2008,48,113,1,480135,1,6,2,2,4,2,6,2,1,1,1,2,1,2,2,2,2,2,2,2,2,2,2,2,2,2,2,2,1,2,2,0,0,0
2008,48,201,1,480136,1,6,2,2,3,2,2,3,1,1,1,2,1,2,2,2,2,2,2,2,2,2,2,2,2,1,2,2,1,2,2,0,0,0
2008,48,221,1,480137,1,6,1,2,4,2,6,2,1,1,1,2,1,2,1,1,2,2,2,2,3,2,2,2,2,2,2,2,1,2,2,0,0,0
2008,48,69,1,480138,1,6,1,2,1,1,3,1,1,1,1,2,1,2,2,1,2,2,1,2,3,2,2,2,2,2,2,2,2,2,2,0,0,0
2008,48,339,1,480139,1,6,1,2,4,2,6,2,1,2,1,2,1,2,2,1,2,2,2,2,2,1,1,1,1,2,2,1,1,2,2,0,0,0
2008,48,375,1,480140,1,6,2,2,1,2,3,2,1,1,1,2,1,2,2,2,1,2,2,2,3,2,2,2,2,2,2,2,2,2,2,0,0,0
2008,48,441,1,480141,1,6,2,2,1,1,4,1,4,1,1,2,3,2,2,2,2,2,1,2,3,2,2,2,2,1,2,2,2,2,2,0,0,0
2008,48,453,1,480142,1,6,1,2,1,2,6,2,1,2,1,2,1,2,2,1,2,2,1,2,2,2,2,2,2,2,2,2,2,2,2,0,0,0
2008,48,467,1,480143,1,6,1,2,1,2,5,2,3,2,1,2,2,2,2,2,2,2,2,2,1,2,2,2,2,1,2,2,2,2,2,0,0,0
2008,48,231,1,480144,1,6,2,2,1,2,3,2,2,1,1,2,3,2,2,1,1,2,2,2,3,2,2,2,2,2,1,1,2,2,2,0,0,0
2008,48,329,1,480145,1,6,1,2,1,2,4,2,4,1,2,2,2,2,2,2,2,2,2,2,3,2,2,2,2,2,2,2,1,1,2,0,0,0
2008,48,187,1,480146,1,6,2,2,1,2,3,2,1,1,1,2,1,2,2,1,1,2,2,2,3,2,2,2,2,1,2,2,2,2,2,0,0,0
2008,48,201,1,480147,1,6,2,2,1,2,3,2,4,1,2,2,2,2,1,2,2,2,2,2,1,2,2,2,2,2,2,2,2,2,2,0,0,0
2008,48,139,1,480148,1,6,1,2,4,2,5,2,1,2,2,2,1,2,2,1,2,2,1,2,1,2,2,2,2,2,1,1,1,2,2,0,0,0
2008,48,201,1,480149,1,6,2,2,4,2,6,2,1,2,2,2,1,2,2,1,2,2,2,2,1,2,2,2,2,2,2,2,1,2,2,0,0,0
2008,48,3,1,480150,1,6,1,2,1,2,3,2,2,1,1,2,2,1,2,1,2,2,2,2,3,2,2,2,2,2,2,2,2,1,2,0,0,0
2008,48,439,1,480151,1,6,2,2,1,1,3,1,4,2,1,2,2,1,2,1,2,2,2,2,1,2,2,2,2,2,1,1,2,2,2,0,0,0
2008,48,29,1,480152,1,6,1,2,1,1,5,1,4,1,1,2,2,2,2,2,2,2,2,2,3,2,2,1,1,2,2,1,2,1,2,0,0,0
2008,48,113,1,480153,1,6,2,2,4,2,6,2,1,2,1,2,1,2,2,1,2,2,1,2,3,2,2,2,2,2,1,1,1,2,2,0,0,0
2008,48,141,1,480154,1,6,2,2,1,1,6,1,4,1,1,2,2,2,2,2,2,2,2,2,3,2,2,2,2,2,2,2,2,2,2,0,0,0
2008,48,245,1,480155,1,6,1,2,1,2,3,3,4,1,1,2,2,2,2,2,2,2,2,2,3,1,1,1,1,1,2,1,2,1,2,0,0,0
2008,48,257,1,480156,1,6,1,2,4,2,5,2,1,2,2,2,1,2,2,1,2,2,1,2,1,2,2,2,2,2,2,2,1,2,2,0,0,0
2008,48,287,1,480157,1,6,1,2,1,2,5,2,1,2,1,2,1,2,2,2,2,2,2,2,3,2,2,2,2,2,2,2,2,2,2,0,0,0
2008,48,395,1,480158,1,6,1,2,4,2,5,2,1,1,1,2,1,2,2,1,2,2,1,2,3,2,2,2,2,2,1,1,1,2,2,0,0,0
2008,48,1,1,480159,1,6,1,2,1,1,4,1,4,1,2,2,2,2,1,2,2,2,2,2,3,2,2,1,1,1,2,1,2,2,2,0,0,0
2008,48,29,1,480160,1,6,1,1,2,2,1,2,1,2,2,2,1,2,1,1,2,2,2,2,1,2,2,2,2,2,2,2,1,2,2,0,0,0
2008,48,29,1,480161,1,6,1,2,1,2,5,3,4,2,2,2,3,2,1,1,2,2,2,2,3,2,2,2,2,2,1,1,2,1,2,0,0,0
2008,48,25,1,480162,1,6,1,2,4,2,6,2,1,2,2,2,1,2,2,2,2,2,1,2,1,2,2,2,2,2,2,2,1,2,2,0,0,0
2008,48,41,1,480163,1,6,2,2,1,2,6,2,1,1,2,2,1,2,1,1,2,2,2,2,3,2,2,2,2,2,1,1,2,2,2,0,0,0
2008,48,67,1,480164,1,6,1,2,4,2,5,2,1,2,2,2,1,2,2,1,2,2,2,2,1,2,2,2,2,2,2,2,1,2,2,0,0,0
2008,48,215,1,480165,1,6,1,2,1,2,5,3,3,1,2,2,2,2,2,2,2,2,2,2,1,2,2,2,2,2,2,2,2,2,2,0,0,0
2008,48,241,1,480166,1,6,1,2,1,2,3,2,4,1,2,2,2,2,2,2,2,2,2,2,3,2,2,2,2,2,2,2,2,2,2,0,0,0
2008,48,337,1,480167,1,6,1,2,4,2,5,2,1,1,2,2,1,1,2,1,2,2,1,2,3,2,2,2,2,2,2,2,1,1,2,0,0,0
2008,48,287,2,480168,1,6,1,2,4,2,5,2,1,2,1,2,2,2,2,2,2,2,1,2,1,2,2,2,2,2,2,2,1,2,2,0,0,0
2008,48,439,1,480169,1,6,2,2,1,2,3,2,3,1,2,2,2,1,2,2,2,2,1,2,2,2,2,2,2,2,2,2,1,2,2,0,0,0
2008,48,457,2,480170,1,6,1,2,1,2,3,2,3,2,2,2,2,2,2,2,2,2,2,2,3,2,2,2,2,2,2,2,2,1,2,0,0,0
2008,48,91,1,480171,1,6,2,1,4,2,1,2,1,2,2,2,2,2,2,2,2,2,2,2,3,1,1,1,1,2,2,1,1,2,2,0,0,0
2008,48,113,1,480172,1,6,2,2,1,2,2,2,2,2,2,2,2,2,2,2,2,2,1,2,1,2,2,2,2,2,2,2,2,2,2,0,0,0
2008,48,113,1,480173,1,6,2,2,1,2,3,2,2,2,2,2,3,2,2,1,2,2,2,2,1,2,2,2,2,2,2,2,2,2,2,0,0,0
2008,48,201,1,480174,1,6,2,2,1,2,3,2,1,2,2,1,1,2,2,2,1,2,2,2,3,2,2,2,2,2,2,2,2,2,2,0,0,0
2008,48,241,1,480175,1,6,1,2,1,2,4,2,1,2,2,2,1,2,2,2,1,2,2,2,2,2,2,2,2,2,2,2,2,2,2,0,0,0
2008,48,403,1,480176,1,6,1,2,4,2,6,2,1,2,2,1,1,2,2,1,2,2,2,2,3,2,2,2,2,2,2,2,1,2,2,0,0,0
2008,48,497,1,480177,1,6,1,2,4,2,5,2,1,1,2,2,1,2,2,2,2,2,1,2,2,2,2,2,2,2,2,2,1,2,2,0,0,0
2008,48,29,1,480178,1,6,2,2,4,2,6,2,1,1,1,2,1,2,2,1,1,2,2,2,3,2,2,2,2,2,2,2,1,2,2,0,0,0
2008,48,29,1,480179,1,6,2,2,3,2,2,2,1,1,1,2,1,2,2,2,2,2,2,2,3,2,2,2,2,1,2,2,1,1,2,0,0,0
2008,48,91,1,480180,1,6,2,1,1,2,1,2,5,1,1,2,2,1,2,2,2,2,1,2,3,2,2,2,2,2,2,2,2,2,2,0,0,0
2008,48,141,1,480181,1,6,2,2,2,2,6,2,1,2,2,2,1,2,2,1,2,2,2,2,3,2,2,2,2,2,1,1,1,2,2,0,0,0
2008,48,143,1,480182,1,6,1,2,4,2,5,2,1,1,1,2,1,2,2,1,2,2,1,2,3,2,2,2,2,2,1,1,1,2,2,0,0,0
2008,48,185,1,480183,1,6,1,2,1,2,5,2,1,2,1,2,1,2,2,2,2,2,1,2,1,2,2,2,2,2,2,2,1,2,2,0,0,0
2008,48,201,1,480184,1,6,2,2,1,2,6,2,1,1,1,2,2,2,2,2,2,2,2,2,3,2,2,2,2,2,2,2,2,1,2,0,0,0
2008,48,423,1,480185,1,6,2,2,1,1,3,1,4,1,1,2,3,1,2,2,2,2,1,2,3,2,2,2,2,1,2,2,2,2,2,0,0,0
2008,48,485,1,480186,1,6,2,2,3,2,2,2,1,1,1,2,1,2,2,2,2,2,1,2,2,2,2,2,2,2,2,2,1,2,2,0,0,0
2008,48,63,1,480187,1,6,1,2,4,2,5,2,1,1,1,2,1,1,2,2,2,2,1,2,2,2,2,2,2,2,2,2,1,1,2,0,0,0
2008,48,171,1,480188,1,6,1,1,4,2,1,2,1,2,1,2,1,2,2,2,2,2,1,2,1,2,2,2,2,2,2,2,1,2,2,0,0,0
2008,48,189,2,480189,1,6,1,2,4,2,5,2,1,2,1,2,1,2,2,1,2,2,1,2,2,1,1,1,1,2,2,1,1,2,2,0,0,0
2008,48,201,1,480190,1,6,2,2,3,2,6,2,1,1,1,2,1,2,1,1,2,2,2,2,2,2,2,2,2,2,2,2,1,2,2,0,0,0
2008,48,209,1,480191,1,6,1,2,1,2,5,2,3,2,1,2,2,2,2,2,2,2,2,2,3,1,1,1,1,2,2,1,2,2,2,0,0,0
2008,48,355,1,480192,1,6,1,2,4,2,5,2,1,1,1,2,1,2,2,1,2,2,1,2,1,1,1,1,1,2,2,1,1,1,2,0,0,0
2008,48,341,2,480193,1,6,1,2,3,2,5,2,1,1,1,2,1,2,2,1,2,2,1,2,3,2,2,2,2,2,2,2,1,1,2,0,0,0
2008,48,373,1,480194,1,6,2,2,1,2,4,2,3,1,1,2,2,2,2,2,2,2,2,2,3,2,2,2,2,2,2,2,1,2,2,0,0,0
2008,48,135,1,480195,1,6,2,2,1,1,2,1,4,2,1,2,2,2,2,1,2,2,2,2,3,2,2,2,2,2,1,1,2,1,2,0,0,0
2008,48,287,1,480196,1,6,1,2,4,2,4,2,1,2,1,2,1,1,2,2,2,2,1,2,1,2,2,2,2,2,2,2,1,2,1,0,0,0
2008,48,183,1,480198,1,6,1,2,1,2,4,2,1,2,1,2,1,2,2,2,1,2,2,2,2,2,2,2,2,2,2,2,2,2,2,0,0,0
2008,48,231,1,480199,1,6,1,2,1,2,5,2,4,1,1,2,2,1,2,1,2,2,2,2,2,2,2,2,2,2,2,2,1,2,2,0,0,0
2008,48,91,1,480200,1,6,1,2,1,1,5,1,4,1,1,2,2,2,2,2,2,2,1,2,3,2,2,2,2,1,1,1,2,1,2,0,0,0
2008,48,93,1,480201,1,6,1,2,1,2,6,2,1,1,1,2,2,1,2,2,2,2,1,2,3,1,1,1,1,1,2,1,2,2,2,0,0,0
2008,48,113,1,480202,1,6,2,2,4,2,2,2,1,2,2,2,1,2,2,2,2,2,1,2,1,2,2,1,1,2,2,1,1,2,2,0,0,0
2008,48,187,1,480203,1,6,2,2,1,1,3,1,4,1,1,2,2,2,2,2,2,2,2,2,3,1,1,1,1,1,2,1,2,2,2,0,0,0
2008,48,287,1,480204,1,6,1,2,4,2,3,2,1,1,1,2,1,2,2,2,2,2,1,2,2,2,2,2,2,2,2,2,1,2,2,0,0,0
2008,48,355,1,480205,1,6,2,1,4,2,1,3,1,2,1,2,1,2,2,2,2,2,1,2,1,2,2,2,2,2,2,2,1,2,2,0,0,0
2008,48,439,1,480206,1,6,2,2,1,1,3,1,4,2,2,2,2,2,2,2,2,2,2,2,1,2,2,2,2,2,1,1,2,1,2,0,0,0
2008,48,31,1,480207,1,6,1,2,1,2,5,2,1,1,2,2,1,2,1,1,2,2,2,2,2,2,2,2,2,2,2,2,1,2,2,0,0,0
2008,48,113,1,480208,1,6,2,2,1,1,6,1,4,1,2,2,2,2,1,2,2,2,2,2,3,2,2,2,2,2,2,2,2,2,2,0,0,0
2008,48,183,1,480209,1,6,1,2,4,2,5,2,1,1,2,2,1,2,2,1,2,2,1,2,3,2,2,2,2,2,2,2,1,2,2,0,0,0
2008,48,223,1,480210,1,6,1,2,1,1,4,1,2,1,2,2,2,2,1,1,2,2,2,2,3,2,2,2,2,2,2,2,2,2,2,0,0,0
2008,48,245,1,480211,1,6,2,2,1,2,6,2,1,2,2,1,1,2,2,2,2,1,2,2,3,2,2,2,2,2,2,2,2,2,2,0,0,0
2008,48,339,1,480212,1,6,1,2,1,1,4,1,2,1,2,2,2,2,1,1,2,2,2,2,3,2,2,2,2,2,2,2,2,1,2,0,0,0
2008,48,391,1,480213,1,6,1,2,4,2,6,2,1,2,2,2,1,2,2,1,2,2,1,2,1,1,1,1,1,2,2,1,1,2,2,0,0,0
2008,48,467,1,480214,1,6,1,2,1,1,5,1,4,1,2,2,2,2,1,1,2,2,2,2,1,1,1,1,1,2,2,1,2,2,2,0,0,0
2008,48,19,1,480215,1,6,1,2,1,2,5,2,1,1,2,2,1,2,1,1,2,2,2,2,3,2,2,2,2,1,2,2,2,2,2,0,0,0
2008,48,113,1,480216,1,6,2,2,4,2,6,2,1,2,2,2,1,2,2,2,2,2,2,2,2,2,2,2,2,2,1,1,1,2,1,0,0,0
2008,48,245,1,480217,1,6,1,2,4,2,6,2,1,1,2,2,1,2,2,2,2,2,2,2,1,2,2,2,2,2,2,2,1,2,2,0,0,0
2008,48,201,1,480218,1,6,2,2,4,2,6,2,1,1,2,2,1,2,2,2,2,2,1,2,1,1,1,1,1,2,2,1,1,2,2,0,0,0
2008,48,339,1,480219,1,6,1,2,4,2,5,2,1,1,2,2,1,2,1,2,2,2,2,2,1,2,2,2,2,2,2,2,1,1,2,0,0,0
2008,48,373,1,480220,1,6,1,2,1,2,4,2,4,2,2,2,2,2,1,2,2,2,2,2,1,2,2,1,1,2,2,1,2,2,2,0,0,0
2008,48,491,1,480221,1,6,2,2,1,1,2,1,4,2,2,2,2,2,2,2,2,2,2,2,3,2,2,2,2,2,1,1,2,2,2,0,0,0
2008,48,61,1,480222,1,6,2,2,1,1,3,1,4,1,1,2,2,2,2,2,2,2,2,2,3,2,2,2,2,2,2,2,2,2,2,0,0,0
2008,48,157,1,480223,1,6,1,2,1,1,5,1,4,1,1,2,3,1,2,2,2,2,2,2,3,1,1,1,1,2,2,1,2,2,2,0,0,0
2008,48,265,1,480224,1,6,1,2,1,2,6,2,4,1,1,2,2,2,2,2,2,2,1,2,3,2,2,2,2,2,2,2,1,1,2,0,0,0
2008,48,305,2,480225,1,6,1,2,1,2,5,2,3,1,1,2,2,2,2,2,2,2,2,2,3,2,2,2,2,2,2,2,1,2,2,0,0,0
2008,48,91,1,480227,1,6,1,2,1,2,4,2,4,1,1,2,2,2,2,2,2,2,2,2,3,2,2,2,2,2,2,2,1,2,2,0,0,0
2008,48,215,1,480228,1,6,2,2,4,1,2,1,1,2,1,2,1,2,2,1,2,2,2,2,2,2,2,2,2,2,2,2,2,2,2,0,0,0
2008,48,233,1,480229,1,6,1,2,1,2,4,2,4,2,1,2,2,2,2,1,2,2,1,2,3,2,2,2,2,2,2,2,2,2,2,0,0,0
2008,48,347,1,480230,1,6,1,2,1,1,3,1,2,2,1,2,2,2,2,2,2,2,2,2,3,2,2,2,2,2,1,1,2,2,2,0,0,0
2008,48,213,2,480231,1,6,1,2,1,2,5,2,3,1,1,2,2,2,2,1,2,2,2,2,3,2,2,2,2,2,2,2,2,2,2,0,0,0
2008,48,91,1,480232,1,6,1,2,1,1,5,1,1,1,1,2,1,1,2,1,2,2,1,2,3,2,2,2,2,2,2,2,2,2,2,0,0,0
2008,48,161,1,480233,1,6,1,2,1,2,5,2,4,1,1,2,2,1,2,2,2,2,2,2,3,2,2,2,2,2,2,2,1,2,1,0,0,0
2008,48,201,1,480234,1,6,2,2,1,2,2,2,2,1,1,1,3,2,2,1,2,2,1,2,3,2,2,2,2,2,2,2,2,2,2,0,0,0
2008,48,309,2,480235,1,6,2,1,1,2,1,2,2,2,1,2,3,1,2,1,2,2,2,2,3,2,2,2,2,1,2,2,2,2,2,0,0,0
2008,48,213,1,480236,1,6,2,2,1,2,4,2,3,1,1,2,2,2,2,2,2,2,2,2,3,2,2,2,2,1,2,2,2,2,2,0,0,0
2008,48,329,1,480237,1,6,1,2,1,2,5,2,6,2,1,2,2,2,2,1,2,2,2,2,3,1,1,1,1,2,2,1,2,2,2,0,0,0
2008,48,339,1,480238,1,6,2,2,4,2,6,2,1,2,1,2,1,2,2,1,2,2,1,2,1,2,2,2,2,2,1,1,1,2,2,0,0,0
2008,48,439,1,480239,1,6,2,2,3,2,3,2,1,2,1,2,1,2,2,2,2,2,1,2,1,1,1,1,1,2,2,1,1,2,1,0,0,0
2008,48,485,1,480240,1,6,2,2,1,1,6,1,4,1,1,2,2,2,2,2,2,2,2,2,3,2,2,2,2,1,2,2,2,2,2,0,0,0
2008,48,15,1,480241,1,6,1,2,4,2,5,2,1,2,2,2,1,2,2,2,2,2,1,2,1,2,2,2,2,2,1,1,1,2,2,0,0,0
2008,48,161,1,480242,1,6,1,1,2,2,1,2,6,1,2,2,1,2,2,1,2,2,2,2,3,2,2,2,2,2,2,2,1,2,2,0,0,0
2008,48,161,1,480243,1,6,1,2,1,1,4,1,4,1,2,2,2,1,2,1,2,2,2,2,3,2,2,2,2,1,2,2,2,2,2,0,0,0
2008,48,183,1,480244,1,6,2,2,1,2,3,2,4,1,2,2,2,2,2,1,2,2,2,2,1,2,2,2,2,2,2,2,1,2,2,0,0,0
2008,48,183,1,480245,1,6,2,2,4,2,3,2,1,1,2,2,1,2,2,2,2,2,1,2,3,2,2,2,2,2,2,2,1,2,1,0,0,0
2008,48,215,1,480246,1,6,2,2,1,2,3,3,4,1,2,2,2,2,1,2,2,2,2,2,2,2,2,2,2,2,2,2,2,2,2,0,0,0
2008,48,295,1,480247,1,6,1,2,4,2,5,2,1,2,2,2,1,2,2,2,2,2,1,2,1,1,1,1,1,2,2,1,1,2,2,0,0,0
2008,48,337,1,480248,1,6,1,2,1,2,6,2,1,1,2,2,1,1,2,1,2,2,1,2,3,2,2,2,2,2,2,2,1,2,2,0,0,0
2008,48,439,1,480249,1,6,1,2,4,2,6,2,1,2,2,2,1,2,2,1,2,2,2,2,1,2,2,2,2,2,2,2,1,2,2,0,0,0
2008,48,453,3,480250,1,6,1,2,1,2,4,2,4,1,2,2,2,2,2,1,2,2,1,2,3,2,2,2,2,2,2,2,1,2,2,0,0,0
2008,48,465,1,480251,1,6,2,2,1,2,6,2,1,2,2,2,1,2,1,1,2,2,2,2,1,2,2,2,2,2,2,2,2,2,2,0,0,0
2008,48,467,1,480252,1,6,1,1,1,2,1,2,4,1,2,2,2,1,2,1,2,2,2,2,3,2,2,2,2,2,2,2,1,2,2,0,0,0
2008,48,481,1,480253,1,6,1,2,1,1,3,1,4,1,2,2,2,2,2,2,2,2,2,2,3,2,2,2,2,1,2,2,2,2,2,0,0,0
2008,48,481,1,480254,1,6,1,2,4,2,5,2,1,2,2,2,1,2,2,2,2,2,1,2,1,1,1,1,1,2,2,1,1,2,2,0,0,0
2008,48,21,1,480255,1,6,1,2,1,2,4,2,1,1,2,2,1,2,1,1,2,2,2,2,1,2,2,2,2,2,2,2,1,1,2,0,0,0
2008,48,27,1,480256,1,6,1,2,4,2,5,2,1,1,2,2,1,2,1,1,2,2,2,2,1,2,2,2,2,2,2,2,1,2,2,0,0,0
2008,48,29,1,480257,1,6,2,2,1,2,6,2,1,1,2,2,1,2,1,1,2,2,2,2,2,2,2,2,2,2,1,1,2,2,2,0,0,0
2008,48,141,1,480258,1,6,1,2,1,2,5,2,1,2,2,2,1,2,2,2,1,2,2,2,3,2,2,2,2,2,2,2,2,2,2,0,0,0
2008,48,215,1,480259,1,6,2,2,4,2,6,2,1,2,2,2,1,2,1,1,2,2,2,2,1,2,2,2,2,2,1,1,1,2,2,0,0,0
2008,48,245,1,480260,1,6,2,2,3,2,6,2,1,1,2,2,1,2,1,2,2,2,2,2,2,2,2,2,2,2,2,2,1,2,2,0,0,0
2008,48,427,1,480261,1,6,1,2,1,2,3,3,4,1,2,2,2,2,2,2,2,2,2,2,3,2,2,2,2,1,2,2,2,2,2,0,0,0
2008,48,439,1,480262,1,6,2,2,1,2,6,2,1,2,2,1,2,2,2,2,1,2,2,2,3,2,2,2,2,2,2,2,2,2,2,0,0,0
2008,48,453,1,480263,1,6,1,2,1,2,6,2,3,1,2,2,2,2,2,1,2,2,2,2,3,1,1,1,1,2,1,1,1,2,2,0,0,0
2008,48,469,1,480264,1,6,2,2,3,2,6,2,1,1,2,2,1,2,1,1,2,2,2,2,2,2,2,2,2,2,2,2,1,2,2,0,0,0
2008,48,147,1,480265,1,6,1,2,1,2,5,2,5,1,1,2,2,2,2,2,2,2,1,2,3,2,2,2,2,1,2,2,2,2,2,0,0,0
2008,48,185,3,480266,1,6,1,2,4,2,3,3,4,1,1,2,2,2,2,2,2,2,1,2,3,1,1,1,1,2,2,1,1,1,2,0,0,0
2008,48,201,1,480267,1,6,2,2,2,2,2,2,1,2,2,2,1,2,2,2,2,2,1,2,1,2,2,2,2,2,2,2,1,2,2,0,0,0
2008,48,439,1,480268,1,6,2,2,1,2,2,2,1,2,2,2,1,2,2,2,1,2,2,2,3,2,2,2,2,2,2,2,2,2,2,0,0,0
2008,48,453,1,480269,1,6,1,2,4,2,4,2,1,2,1,2,1,2,2,1,2,2,1,2,1,2,2,2,2,2,2,2,1,2,2,0,0,0
2008,48,29,1,480270,1,6,2,2,4,2,6,2,1,2,1,2,1,2,2,1,2,2,2,2,2,2,2,2,2,2,2,2,1,2,2,0,0,0
2008,48,157,1,480271,1,6,2,2,3,2,6,2,1,2,1,2,1,2,2,1,2,2,2,2,2,2,2,2,2,2,2,2,1,2,2,0,0,0
2008,48,303,1,480273,1,6,1,2,1,2,6,2,1,1,1,2,1,2,2,1,2,2,1,2,1,2,2,1,1,2,2,1,1,2,2,0,0,0
2008,48,423,1,480274,1,6,2,2,1,2,5,2,1,2,1,2,1,2,2,2,1,2,2,2,3,2,2,2,2,2,2,2,2,2,2,0,0,0
2008,48,139,1,480275,1,6,2,2,1,2,3,2,6,1,1,2,3,1,2,1,2,2,2,2,3,2,2,2,2,2,2,2,2,1,2,0,0,0
2008,48,171,1,480276,1,6,1,2,1,2,3,2,3,2,1,2,2,2,2,2,2,2,1,2,3,1,1,1,1,2,2,1,2,2,2,0,0,0
2008,48,299,1,480277,1,6,1,2,4,2,4,2,1,1,1,2,1,2,2,1,2,2,2,2,3,2,2,2,2,2,2,2,1,2,2,0,0,0
2008,48,29,1,480278,1,6,2,2,1,2,6,2,1,2,1,2,1,2,2,2,1,2,2,2,3,2,2,2,2,2,2,2,2,2,2,0,0,0
2008,48,201,1,480279,1,6,2,1,1,2,1,3,2,2,1,2,2,1,2,2,2,2,1,2,1,2,2,2,2,2,2,2,2,2,2,0,0,0
2008,48,201,1,480280,1,6,2,1,1,2,1,2,4,1,1,2,3,1,2,2,2,2,2,2,3,2,2,2,2,2,2,2,2,2,2,0,0,0
2008,48,201,1,480281,1,6,1,2,4,2,6,2,1,1,1,2,1,2,2,1,2,2,1,2,1,2,2,2,2,2,2,2,1,2,2,0,0,0
2008,48,209,1,480282,1,6,1,1,1,2,1,2,2,2,1,2,2,1,2,1,2,2,2,2,1,2,2,2,2,2,1,1,2,2,2,0,0,0
2008,48,213,1,480283,1,6,1,2,4,2,3,2,1,2,1,2,1,2,2,1,2,2,2,2,2,2,2,2,2,2,2,2,1,2,2,0,0,0
2008,48,337,1,480284,1,6,1,2,4,2,5,2,1,1,1,2,1,2,2,1,2,2,1,2,3,2,2,2,2,2,2,2,1,2,1,0,0,0
2008,48,439,1,480285,1,6,2,2,3,2,3,2,1,2,1,2,1,2,2,2,2,2,1,2,2,2,2,2,2,2,2,2,1,2,2,0,0,0
2008,48,29,1,480286,1,6,2,1,1,2,1,3,1,2,1,2,2,2,2,2,1,2,2,2,3,2,2,1,1,2,2,1,2,1,2,0,0,0
2008,48,93,2,480287,1,6,1,2,4,2,4,2,1,1,1,2,1,2,2,2,2,2,2,2,3,2,2,2,2,2,2,2,1,2,1,0,0,0
2008,48,113,1,480288,1,6,2,2,4,2,6,2,1,1,1,2,1,2,2,2,2,2,2,2,2,2,2,2,2,2,2,2,1,2,2,0,0,0
2008,48,123,1,480289,1,6,1,2,1,2,3,2,2,2,2,2,2,2,2,1,2,2,1,2,3,1,1,1,1,1,2,1,2,1,2,0,0,0
2008,48,149,1,480290,1,6,1,1,1,2,1,2,1,2,1,2,2,1,2,2,2,2,1,2,3,2,2,2,2,1,2,2,1,2,2,0,0,0
2008,48,249,1,480291,1,6,1,2,4,2,6,2,1,1,1,2,1,2,2,1,2,2,1,2,1,2,2,2,2,2,2,2,1,2,2,0,0,0
2008,48,401,1,480292,1,6,1,2,4,2,6,2,1,1,1,2,1,2,2,2,2,2,1,2,3,2,2,2,2,2,2,2,1,2,2,0,0,0
2008,48,439,1,480293,1,6,2,2,1,2,6,2,3,2,2,2,2,2,2,2,2,2,2,2,1,1,1,1,1,2,2,1,1,2,2,0,0,0
2008,48,467,1,480294,1,6,1,1,4,2,1,2,1,1,1,2,1,2,2,2,2,2,2,2,2,2,2,2,2,1,2,2,1,2,2,0,0,0
2008,48,291,1,480295,1,6,1,2,4,2,4,2,1,1,1,2,1,2,2,2,2,2,1,2,3,2,2,2,2,2,2,2,1,2,2,0,0,0
2008,48,479,1,480296,1,6,2,2,1,1,6,1,1,2,2,1,1,2,2,2,1,2,2,2,3,2,2,2,2,2,2,2,2,2,2,0,0,0
2008,48,201,3,480297,1,6,2,2,1,2,2,2,3,2,2,2,2,2,2,2,2,2,2,2,1,2,2,2,2,2,1,1,2,2,2,0,0,0
2008,48,303,1,480298,1,6,2,2,1,2,3,2,2,1,2,2,2,2,1,1,2,2,2,2,3,2,2,2,2,2,2,2,2,2,2,0,0,0
2008,48,347,1,480299,1,6,2,2,4,2,6,2,1,2,2,2,1,2,2,1,2,2,1,2,1,1,1,1,1,2,2,1,1,2,2,0,0,0
2008,48,361,1,480300,1,6,2,1,2,2,1,2,1,2,2,2,2,1,2,1,2,2,2,2,1,2,2,2,2,2,2,2,1,2,2,0,0,0
2008,48,27,1,480301,1,6,2,2,1,1,3,1,6,2,2,2,2,2,2,1,2,2,1,2,1,1,1,1,1,2,1,1,2,2,1,0,0,0
2008,48,35,2,480302,1,6,1,2,1,2,6,2,3,2,2,2,2,2,2,2,2,2,2,2,1,2,2,2,2,2,2,2,2,2,2,0,0,0
2008,48,41,1,480303,1,6,1,2,1,1,3,1,4,1,2,2,2,2,2,1,2,2,2,2,3,2,2,2,2,2,1,1,2,2,2,0,0,0
2008,48,309,2,480304,1,6,2,2,4,2,6,2,1,2,2,2,1,2,2,1,2,2,1,2,3,2,2,2,2,2,1,1,1,2,2,0,0,0
2008,48,215,4,480305,1,6,2,2,1,2,6,2,1,2,1,2,3,1,2,1,2,2,1,2,3,2,2,2,2,2,2,2,1,1,2,0,0,0
2008,48,39,2,480306,1,6,1,2,2,1,3,1,2,2,1,2,1,2,2,1,1,2,2,2,2,2,2,2,2,2,2,2,2,2,2,0,0,0
2008,48,401,1,480307,1,6,1,2,4,2,6,2,1,2,2,2,1,2,2,2,2,2,1,2,1,2,2,2,2,2,2,2,1,2,2,0,0,0
2008,48,427,1,480308,1,6,1,2,3,2,3,2,1,1,2,2,1,2,2,1,2,2,1,1,2,2,2,2,2,2,2,2,1,2,2,0,0,0
2008,48,453,1,480309,1,6,1,2,4,2,6,2,1,2,2,2,1,2,1,1,2,2,2,2,1,2,2,2,2,2,1,1,1,1,2,0,0,0
2008,48,251,1,480310,1,6,1,2,4,2,6,2,1,1,1,2,1,2,2,1,2,2,2,2,1,2,2,2,2,2,2,2,1,2,2,0,0,0
2008,48,361,1,480311,1,6,1,2,1,1,4,1,4,2,1,2,2,2,1,1,2,2,2,2,3,2,2,2,2,2,1,1,2,2,2,0,0,0
2008,48,453,1,480312,1,6,2,2,4,2,3,2,1,1,1,2,1,2,2,1,2,2,2,2,1,2,2,2,2,2,2,2,1,2,2,0,0,0
2008,48,29,1,480313,1,6,2,2,2,2,6,2,1,1,1,2,3,2,2,2,2,2,2,2,3,2,2,2,2,2,2,2,1,2,1,0,0,0
2008,48,331,1,480314,1,6,1,2,1,1,4,1,4,2,1,2,2,2,2,2,2,2,2,2,3,2,2,1,1,2,1,1,2,2,2,0,0,0
2008,48,285,1,480315,1,6,1,2,1,2,4,2,3,1,1,2,2,2,2,2,2,2,2,2,3,2,2,2,2,1,2,2,1,2,2,0,0,0
2008,48,457,1,480316,1,6,1,2,1,2,3,2,3,2,1,2,2,2,2,2,2,2,1,2,3,2,2,2,2,2,2,2,1,2,1,0,0,0
2008,48,29,1,480317,1,6,2,1,1,2,1,2,2,2,1,2,2,1,1,1,2,2,2,2,1,2,2,2,2,2,2,2,2,2,2,0,0,0
2008,48,113,1,480318,1,6,2,2,3,2,6,2,1,1,1,2,1,2,2,1,2,2,1,2,3,1,1,1,1,2,2,1,1,2,2,0,0,0
2008,48,215,1,480319,1,6,2,2,1,2,3,2,4,1,1,2,2,2,1,2,2,2,2,2,1,2,2,2,2,2,2,2,2,2,2,0,0,0
2008,48,473,1,480320,1,6,1,2,3,2,3,2,1,2,1,2,2,2,2,2,2,2,1,2,3,2,2,2,2,2,1,1,1,2,1,0,0,0
2008,48,15,1,480321,1,6,1,1,1,2,1,2,2,2,2,2,2,2,2,1,2,2,1,2,3,2,2,2,2,2,2,2,2,2,2,0,0,0
2008,48,141,1,480322,1,6,1,1,3,2,1,2,1,1,1,2,1,2,2,2,2,2,1,2,2,2,2,2,2,1,2,2,1,2,2,0,0,0
2008,48,251,1,480323,1,6,1,2,1,2,5,2,2,2,2,2,2,1,2,1,2,2,2,2,3,2,2,2,2,2,2,2,2,2,2,0,0,0
2008,48,339,1,480324,1,6,2,2,1,2,3,2,3,2,2,2,2,2,2,2,2,2,2,2,1,2,2,2,2,2,1,1,2,2,2,0,0,0
2008,48,453,1,480325,1,6,2,2,2,2,6,2,4,2,2,2,1,2,1,1,2,2,2,2,1,2,2,2,2,2,2,2,2,2,2,0,0,0
2008,48,453,1,480326,1,6,2,2,1,2,6,2,1,2,1,1,1,2,2,2,1,2,2,2,3,2,2,2,2,2,2,2,2,2,2,0,0,0
2008,48,317,1,480327,1,6,1,2,1,1,5,1,4,1,1,2,2,2,2,2,2,2,1,2,3,2,2,2,2,1,2,2,2,2,2,0,0,0
2008,48,113,1,480328,1,6,2,2,1,2,3,2,1,2,2,1,1,2,2,2,1,2,2,2,3,2,2,2,2,2,2,2,2,2,2,0,0,0
2008,48,201,1,480329,1,6,2,1,1,2,1,3,1,2,2,2,1,2,2,2,1,2,2,2,3,2,2,2,2,2,2,2,2,2,2,0,0,0
2008,48,381,1,480330,1,6,2,2,4,2,6,2,1,2,2,2,1,2,2,1,2,2,2,2,3,2,2,2,2,2,2,2,1,2,2,0,0,0
2008,48,29,1,480331,1,6,2,2,1,2,2,2,1,2,2,2,1,2,2,2,1,2,2,2,3,2,2,2,2,2,1,1,2,2,2,0,0,0
2008,48,201,1,480332,1,6,2,1,1,2,1,2,2,2,1,2,3,1,2,2,2,2,2,2,3,2,2,2,2,2,2,2,2,2,2,0,0,0
2008,48,215,1,480333,1,6,1,2,1,1,5,1,4,1,1,2,2,1,2,2,2,2,1,2,3,2,2,2,2,2,1,1,2,2,2,0,0,0
2008,48,29,1,480334,1,6,2,2,1,2,6,2,3,2,1,2,2,2,2,1,2,2,2,2,3,1,1,1,1,2,2,1,1,1,2,0,0,0
2008,48,29,1,480335,1,6,2,2,1,1,6,1,2,2,2,2,2,2,2,2,2,2,2,2,3,2,2,2,2,2,1,1,2,1,2,0,0,0
2008,48,423,1,480336,1,6,1,2,1,2,5,2,4,1,1,2,2,2,2,1,2,2,2,2,3,1,1,1,1,2,2,1,2,2,2,0,0,0
2008,48,387,1,480337,1,6,1,2,1,2,3,2,3,1,1,2,3,2,2,2,2,2,2,2,3,2,2,2,2,2,2,2,1,2,2,0,0,0
2008,48,113,1,480338,1,6,2,2,4,2,2,3,1,1,1,2,1,2,2,1,2,2,1,2,1,2,2,2,2,2,2,2,1,2,2,0,0,0
2008,48,467,1,480339,1,6,1,2,4,2,4,2,1,1,2,2,1,2,2,2,2,2,1,2,3,2,2,2,2,1,2,2,1,2,2,0,0,0
2008,48,375,1,480340,1,6,2,1,4,1,1,1,1,2,2,2,1,2,2,1,2,2,1,2,3,2,2,2,2,2,2,2,1,2,2,0,0,0
2008,48,201,1,480341,1,6,2,2,3,2,6,2,1,2,2,2,1,2,2,1,2,2,2,2,1,2,2,2,2,2,2,2,1,1,2,0,0,0
2008,48,201,1,480342,1,6,1,2,3,2,6,2,1,1,1,2,1,2,2,2,2,2,2,2,2,2,2,2,2,2,2,2,1,2,2,0,0,0
2008,48,113,1,480343,1,6,2,2,3,2,6,2,1,1,1,2,1,2,2,1,2,2,2,2,1,2,2,1,1,2,2,1,1,2,2,0,0,0
2008,48,309,1,480344,1,6,1,2,4,2,6,2,1,1,1,2,1,2,2,1,2,2,2,2,1,2,2,2,2,2,2,2,1,2,2,0,0,0
2008,48,453,1,480345,1,6,2,2,3,1,6,1,1,1,2,2,1,2,2,1,2,2,1,2,1,2,2,2,2,2,2,2,2,2,2,0,0,0
2008,48,439,3,480346,1,6,2,2,4,2,6,2,2,2,2,2,1,2,2,1,2,2,2,2,3,2,2,2,2,2,2,2,2,2,2,0,0,0
2008,48,157,1,480347,1,6,2,2,3,2,6,2,1,2,1,2,1,2,2,2,2,2,2,2,3,2,2,2,2,2,1,1,1,2,2,0,0,0
2008,48,29,1,480348,1,6,1,2,1,1,5,1,4,1,1,2,2,2,2,2,2,2,2,2,3,2,2,2,2,1,2,2,2,2,2,0,0,0
2008,48,157,1,480349,1,6,1,2,4,2,6,2,1,2,1,2,1,2,2,1,2,2,1,2,1,2,2,2,2,2,2,2,1,2,2,0,0,0
2008,48,201,1,480350,1,6,2,2,4,2,2,3,1,2,2,2,1,2,1,1,2,2,2,2,1,2,2,2,2,2,2,2,1,1,2,0,0,0
2008,48,439,1,480351,1,6,2,2,1,2,2,2,1,1,2,2,1,2,1,2,2,2,2,2,3,2,2,2,2,2,2,2,2,2,2,0,0,0
2008,48,61,1,480352,1,6,1,2,4,2,5,2,1,2,2,2,1,2,2,1,2,2,1,2,1,2,2,2,2,2,2,2,1,2,2,0,0,0
2008,48,189,1,480353,1,6,1,1,4,2,1,2,1,2,2,2,1,2,1,1,2,2,2,2,3,2,2,2,2,2,2,2,1,2,2,0,0,0
2008,48,281,1,480354,1,6,1,2,4,2,6,2,1,1,2,2,1,2,2,1,1,2,1,2,2,1,1,1,1,2,2,1,1,2,2,0,0,0
2008,48,309,1,480355,1,6,1,2,4,1,5,1,1,2,2,2,1,2,2,1,2,2,1,2,1,2,2,2,2,2,2,2,2,2,2,0,0,0
2008,48,361,1,480356,1,6,2,2,4,1,3,1,1,2,2,2,1,2,2,1,2,2,2,2,3,2,2,2,2,2,2,2,2,2,2,0,0,0
2008,48,453,1,480357,1,6,1,2,1,2,4,2,3,2,2,2,2,2,2,2,2,2,2,2,2,1,1,1,1,2,2,1,1,2,1,0,0,0
2008,48,1,1,480358,1,6,1,2,1,2,3,2,4,1,1,2,2,2,2,1,2,2,2,2,3,2,2,1,1,2,2,1,1,2,2,0,0,0
2008,48,29,1,480359,1,6,2,2,1,2,6,2,3,1,1,2,3,2,2,2,2,2,1,2,3,1,1,1,1,2,2,1,1,2,2,0,0,0
2008,48,27,1,480360,1,6,2,2,1,2,2,2,1,2,1,2,1,2,2,2,2,2,2,2,3,2,2,2,2,2,2,2,2,2,2,0,0,0
2008,48,121,1,480361,1,6,2,2,1,2,3,3,4,2,1,2,2,2,2,1,2,2,2,2,3,2,2,2,2,2,2,2,1,2,2,0,0,0
2008,48,255,1,480362,1,6,1,2,1,2,4,3,4,2,1,2,2,2,1,2,2,2,2,2,3,1,1,1,1,2,2,1,2,1,2,0,0,0
2008,48,451,2,480363,1,6,2,2,1,2,4,2,3,1,1,2,2,2,2,2,2,2,2,2,3,1,1,1,1,2,2,1,1,1,2,0,0,0
2008,48,113,1,480364,1,6,2,1,1,2,1,2,2,2,1,2,2,2,2,1,2,2,2,2,1,2,2,2,2,1,2,2,2,2,2,0,0,0
2008,48,201,1,480365,1,6,1,2,4,2,6,2,1,2,1,2,1,2,1,2,2,2,2,2,1,2,2,2,2,2,2,2,1,2,2,0,0,0
2008,48,217,1,480366,1,6,1,2,1,1,5,1,4,1,1,2,3,2,2,2,2,2,2,2,3,2,2,2,2,2,1,1,2,2,2,0,0,0
2008,48,453,1,480367,1,6,2,1,4,2,1,3,1,2,1,2,1,2,1,1,2,2,2,2,1,1,1,1,1,2,2,1,1,2,2,0,0,0
2008,48,27,1,480368,1,6,2,2,1,2,6,2,2,1,1,2,3,2,2,2,2,2,2,2,3,2,2,2,2,2,2,2,2,2,2,0,0,0
2008,48,453,1,480369,1,6,2,2,1,1,2,1,4,2,2,2,2,2,2,2,2,2,2,2,3,2,2,1,1,1,2,1,2,2,2,0,0,0
2008,48,49,2,480370,1,6,1,2,4,2,5,2,1,2,2,2,1,2,2,1,2,2,1,2,1,2,2,2,2,2,2,2,1,2,2,0,0,0
2008,48,113,1,480371,1,6,2,1,3,2,1,2,1,2,2,2,1,2,2,1,2,2,2,2,1,2,2,2,2,2,2,2,1,2,2,0,0,0
2008,48,141,1,480372,1,6,2,2,4,2,6,2,1,2,2,2,1,2,2,1,2,2,1,2,1,2,2,2,2,2,1,1,1,2,2,0,0,0
2008,48,453,1,480373,1,6,2,2,3,2,2,2,1,2,2,2,1,2,2,2,2,2,1,2,1,2,2,2,2,2,2,2,1,2,1,0,0,0
2008,48,27,1,480374,1,6,2,2,4,2,6,2,1,2,1,2,1,2,1,2,2,2,2,2,2,2,2,2,2,2,2,2,1,2,2,0,0,0
2008,48,47,1,480375,1,6,1,2,1,2,5,2,3,2,1,2,2,2,2,1,2,2,1,2,3,2,2,2,2,2,2,2,2,2,2,0,0,0
2008,48,439,1,480376,1,6,2,2,1,2,3,2,4,2,1,2,3,2,2,2,2,2,1,2,3,2,2,2,2,2,2,2,2,2,2,0,0,0
2008,48,453,1,480377,1,6,2,2,1,2,3,2,1,2,1,2,1,2,2,2,1,2,2,2,3,2,2,2,2,2,1,1,2,2,2,0,0,0
2008,48,27,3,480378,1,6,2,2,1,2,3,2,3,2,1,2,2,2,2,2,2,2,2,2,1,2,2,2,2,2,1,1,2,2,2,0,0,0
2008,48,439,1,480379,1,6,2,2,1,1,6,1,4,2,2,2,2,2,1,1,2,2,2,2,1,2,2,2,2,1,2,2,2,2,2,0,0,0
2008,48,251,1,480380,1,6,2,2,4,2,6,2,1,2,2,2,1,2,2,1,2,2,2,2,3,2,2,2,2,2,2,2,1,2,2,0,0,0
2008,48,201,1,480381,1,6,1,2,4,2,6,2,1,2,2,2,1,2,2,1,2,2,1,2,1,2,2,2,2,2,2,2,1,2,2,0,0,0
2008,48,201,1,480382,1,6,2,1,4,2,1,2,1,2,2,1,1,2,2,2,2,2,1,2,3,2,2,2,2,2,2,2,1,2,2,0,0,0
2008,48,439,1,480383,1,6,2,2,1,1,6,1,4,1,2,2,2,2,2,2,2,2,2,2,1,2,2,2,2,2,2,2,2,2,2,0,0,0
2008,48,113,1,480384,1,6,2,2,4,2,6,2,1,2,1,2,1,2,1,1,2,2,2,2,3,2,2,2,2,2,2,2,1,2,2,0,0,0
2008,48,439,1,480385,1,6,2,1,4,2,1,2,1,1,1,2,1,2,2,1,2,2,2,2,3,2,2,2,2,2,2,2,1,2,2,0,0,0
2008,48,355,1,480386,1,6,1,2,4,2,6,2,1,2,2,2,1,2,2,1,2,2,1,2,1,2,2,2,2,2,2,2,1,2,2,0,0,0
2008,48,201,1,480387,1,6,1,2,4,2,6,2,2,2,1,2,1,2,2,1,2,2,2,2,1,2,2,2,2,2,2,2,2,2,2,0,0,0
2008,48,201,1,480388,1,6,2,2,1,2,3,3,1,2,1,1,1,2,2,2,1,2,2,2,3,2,2,2,2,2,2,2,2,2,2,0,0,0
2008,48,479,1,480389,1,6,1,1,3,2,1,2,1,1,1,2,1,2,2,1,2,2,1,2,3,2,2,2,2,2,2,2,2,2,2,0,0,0
2008,48,27,1,480390,1,6,1,2,1,1,5,1,4,2,2,2,2,2,2,2,2,2,2,2,2,2,2,2,2,2,1,1,2,2,2,0,0,0
2008,48,491,1,480391,1,6,2,2,1,1,6,1,5,2,1,2,2,2,1,1,2,2,2,2,1,2,2,2,2,2,1,1,2,2,2,0,0,0
2008,48,113,1,480392,1,6,2,2,4,2,6,2,1,1,1,2,1,2,1,2,2,2,2,2,2,2,2,2,2,2,2,2,1,2,2,0,0,0
2008,48,201,2,480393,1,6,2,2,1,1,3,1,4,2,2,2,2,2,2,2,2,2,2,2,1,2,2,2,2,2,2,2,2,2,2,0,0,0
2008,48,439,1,480394,1,6,2,2,3,1,6,1,1,2,2,1,2,2,2,1,2,2,2,2,3,1,1,1,1,2,2,1,2,2,2,0,0,0
2008,48,113,1,480395,1,6,2,2,1,2,6,2,1,1,1,2,1,2,2,2,1,2,2,2,3,2,2,2,2,2,2,2,2,2,2,0,0,0
2008,48,113,1,480396,1,6,2,2,4,2,6,2,1,1,1,2,1,2,2,2,2,2,2,2,2,2,2,2,2,2,2,2,1,2,2,0,0,0
2008,48,47,1,480397,1,6,2,2,1,2,3,2,1,2,2,2,1,2,2,2,1,2,2,2,3,2,2,2,2,2,2,2,2,2,2,0,0,0
2008,48,339,1,480398,1,6,1,2,4,2,6,2,1,1,1,2,1,2,2,2,2,2,2,2,2,2,2,2,2,2,2,2,1,2,2,0,0,0
2008,48,215,1,480399,1,6,1,2,4,2,6,2,1,2,2,2,1,2,2,1,2,2,2,2,1,2,2,2,2,2,2,2,1,2,2,0,0,0
2008,48,423,1,480400,1,6,2,2,1,2,6,2,3,1,1,2,2,2,2,1,2,2,2,2,3,1,1,1,1,1,2,1,1,2,2,0,0,0
2008,48,65,1,480401,1,6,2,2,1,2,6,2,1,2,1,2,1,2,2,2,1,2,2,2,3,1,1,1,1,2,2,1,2,2,2,0,0,0
2008,48,37,1,480402,1,6,1,2,1,2,4,2,4,1,1,2,2,2,2,2,2,2,2,2,3,2,2,2,2,2,2,2,1,2,1,0,0,0
2008,48,231,1,480403,1,6,1,2,1,2,6,2,3,2,1,2,2,2,1,2,2,2,2,2,3,2,2,2,2,1,1,1,2,2,2,0,0,0
2008,48,15,1,480404,1,6,1,2,4,2,3,2,1,2,1,2,1,2,2,1,2,2,1,2,1,2,2,2,2,2,2,2,1,2,2,0,0,0
2008,48,289,1,480405,1,6,1,2,4,2,6,2,1,2,2,2,1,2,2,1,2,2,2,2,3,2,2,1,1,2,2,1,1,2,2,0,0,0
2008,48,201,1,480406,1,6,1,2,4,2,5,2,1,2,2,2,1,2,1,2,2,2,2,2,1,2,2,2,2,2,2,2,1,2,2,0,0,0
2008,48,395,1,480407,1,6,1,2,4,2,6,2,1,2,1,2,1,2,2,1,2,2,2,2,3,2,2,1,1,2,2,1,1,2,2,0,0,0
2008,48,1,1,480408,1,6,1,2,4,2,4,2,1,1,1,2,1,2,2,1,2,2,1,2,3,2,2,2,2,2,2,2,1,2,2,0,0,0
2008,48,21,1,480409,1,6,1,2,1,1,3,1,4,1,1,2,2,2,2,2,2,2,2,2,3,2,2,2,2,2,2,2,2,2,2,0,0,0
2008,48,201,1,480410,1,6,2,2,1,1,3,1,3,2,2,2,3,2,2,2,2,2,2,2,1,2,2,2,2,2,2,2,2,2,2,0,0,0
2008,48,303,1,480411,1,6,2,2,4,2,6,2,1,2,1,2,1,2,2,1,2,2,2,2,1,2,2,2,2,2,1,1,1,2,2,0,0,0
2008,48,113,2,480412,1,6,2,2,3,2,6,3,1,2,2,2,1,2,2,2,2,2,2,2,2,1,1,1,1,2,2,1,1,2,1,0,0,0
2008,48,183,1,480413,1,6,2,2,4,2,6,2,1,2,2,2,1,2,2,1,2,2,2,2,1,1,1,1,1,2,2,1,1,2,2,0,0,0
2008,48,201,1,480414,1,6,2,2,1,1,6,1,4,1,2,2,2,2,1,2,2,2,2,2,1,2,2,2,2,2,2,2,2,2,2,0,0,0
2008,48,201,1,480415,1,6,2,2,3,2,6,2,1,1,2,2,1,2,2,2,2,2,2,2,1,1,1,1,1,2,2,1,1,2,2,0,0,0
2008,48,453,1,480416,1,6,2,2,4,2,6,2,1,2,1,2,1,2,2,2,2,2,2,2,2,1,1,1,1,2,2,1,1,2,2,0,0,0
2008,48,39,1,480417,1,6,1,2,4,2,6,2,1,1,1,2,1,2,2,2,2,2,1,2,2,1,1,1,1,2,2,1,1,2,2,0,0,0
2008,48,113,2,480418,1,6,2,2,1,1,6,1,4,2,1,2,2,2,2,2,2,2,2,2,3,2,2,2,2,2,2,2,2,2,2,0,0,0
2008,48,201,1,480419,1,6,2,2,4,2,6,3,1,2,1,2,1,2,2,2,2,2,2,2,1,2,2,2,2,2,2,2,1,2,2,0,0,0
2008,48,113,1,480420,1,6,2,1,1,1,1,1,2,1,1,2,2,2,2,2,2,2,2,2,3,2,2,2,2,2,2,2,2,2,2,0,0,0
2008,48,29,1,480422,1,6,2,2,4,2,6,2,1,2,2,2,1,2,2,1,2,2,2,2,1,2,2,1,1,2,2,1,1,2,2,0,0,0
2008,48,29,1,480423,1,6,1,2,1,2,5,2,4,1,1,2,2,2,2,1,2,2,1,2,3,2,2,2,2,2,2,2,1,2,2,0,0,0
2008,48,289,1,480424,1,6,1,2,4,2,3,2,1,2,2,1,1,2,2,1,2,2,2,2,3,1,1,1,1,2,2,1,1,2,2,0,0,0
2008,48,201,1,480425,1,6,2,2,4,2,6,3,4,2,2,2,1,2,2,1,2,2,2,2,1,2,2,2,2,2,2,2,1,2,2,0,0,0
2008,48,177,1,480426,1,6,1,1,1,2,1,2,1,2,2,2,1,2,2,2,2,2,1,2,3,2,2,1,1,2,2,1,1,2,2,0,0,0
2008,48,245,2,480427,1,6,2,2,4,1,3,1,4,2,2,2,1,2,2,1,2,2,2,2,2,2,2,2,2,2,2,2,2,2,2,0,0,0
2008,48,257,1,480428,1,6,3,3,1,2,7,2,2,2,2,2,2,1,2,1,2,2,2,2,1,2,2,1,1,2,2,1,2,2,2,0,0,0
2008,48,293,1,480430,1,6,1,2,1,2,4,2,3,1,2,2,2,1,2,2,2,2,2,2,1,2,2,2,2,2,1,1,1,2,2,0,0,0
2008,48,167,1,480431,1,6,2,2,1,2,2,2,1,1,2,2,1,2,1,2,2,2,2,2,3,2,2,2,2,2,2,2,2,2,2,0,0,0
2008,48,199,1,480432,1,6,2,2,1,1,3,1,2,1,2,2,3,2,2,1,2,2,2,2,3,2,2,2,2,1,2,2,2,2,2,0,0,0
2008,48,61,1,480433,1,6,2,2,4,2,2,3,1,2,1,2,1,2,2,1,2,2,1,2,3,2,2,2,2,2,1,1,1,2,2,0,0,0
2008,48,113,1,480434,1,6,2,2,1,2,2,2,1,1,1,1,1,2,2,2,1,2,2,2,3,2,2,2,2,2,2,2,2,2,2,0,0,0
2008,48,139,1,480435,1,6,1,2,1,2,5,2,3,2,2,2,2,2,2,2,2,2,2,2,1,1,1,1,1,2,1,1,1,2,2,0,0,0
2008,48,157,1,480436,1,6,2,2,1,1,4,1,4,1,2,2,2,1,2,2,2,2,2,2,1,2,2,2,2,2,2,2,2,2,2,0,0,0
2008,48,245,1,480437,1,6,2,2,4,2,3,2,1,2,2,2,1,2,1,1,2,2,2,2,3,2,2,2,2,2,2,2,1,2,2,0,0,0
2008,48,113,2,480438,1,6,2,2,4,2,6,2,1,2,1,2,1,2,2,2,2,2,2,2,1,2,2,2,2,2,2,2,1,2,2,0,0,0
2008,48,201,1,480439,1,6,2,2,1,2,3,2,2,1,1,2,2,2,2,1,2,2,1,2,3,2,2,2,2,1,2,2,2,2,2,0,0,0
2008,48,135,1,480440,1,6,1,1,3,2,1,2,1,1,2,2,1,2,2,2,2,2,1,2,2,2,2,2,2,2,1,1,2,2,2,0,0,0
2008,48,221,2,480441,1,6,1,2,4,2,5,2,1,1,2,2,2,2,2,1,2,2,2,2,3,2,2,1,1,2,2,1,1,2,2,0,0,0
2008,48,245,1,480442,1,6,2,2,1,1,3,1,4,2,2,1,2,2,2,2,2,2,2,2,3,2,2,2,2,2,2,2,2,2,2,0,0,0
2008,48,257,1,480443,1,6,1,2,1,2,5,2,3,2,2,1,3,2,2,2,2,2,1,2,1,2,2,2,2,2,2,2,1,2,2,0,0,0
2008,48,221,1,480444,1,6,1,2,2,2,5,2,4,1,2,2,2,2,2,1,2,2,2,2,3,1,1,1,1,2,2,1,1,2,2,0,0,0
2008,48,215,1,480445,1,6,2,2,1,2,2,2,1,1,1,1,1,2,2,2,2,1,2,2,3,2,2,2,2,2,2,2,2,2,2,0,0,0
2008,48,121,1,480446,1,6,1,2,4,2,5,2,1,1,1,2,1,2,2,2,2,2,2,2,2,2,2,2,2,2,2,2,1,2,2,0,0,0
2008,48,29,1,480447,1,6,2,2,1,2,3,2,3,1,1,2,2,2,2,1,2,2,2,2,3,2,2,1,1,2,2,1,1,2,2,0,0,0
2008,48,141,1,480448,1,6,2,1,1,2,1,2,2,2,1,2,3,2,2,1,2,2,1,2,3,2,2,2,2,2,1,1,2,2,2,0,0,0
2008,48,67,2,480449,1,6,1,2,4,2,5,2,1,1,1,2,1,2,2,1,2,2,2,2,3,2,2,2,2,2,2,2,1,2,2,0,0,0
2008,48,201,1,480450,1,6,2,1,1,2,1,2,1,2,1,1,1,2,2,2,1,2,2,2,3,2,2,2,2,2,2,2,2,2,2,0,0,0
2008,48,113,1,480451,1,6,2,2,1,1,3,1,4,2,2,2,2,2,1,2,2,2,2,2,1,2,2,2,2,2,2,2,2,2,2,0,0,0
2008,48,203,2,480452,1,6,1,2,4,2,5,2,1,2,2,2,1,2,2,1,2,2,1,2,2,1,1,1,1,2,2,1,2,2,2,0,0,0
2008,48,85,2,480453,1,6,2,2,1,2,3,2,3,2,2,2,2,2,2,2,2,2,2,2,3,2,2,2,2,2,1,1,2,2,2,0,0,0
2008,48,241,1,480454,1,6,1,2,4,2,4,2,1,1,1,2,1,2,2,1,2,2,2,2,3,2,2,2,2,2,2,2,1,2,2,0,0,0
2008,48,91,1,480455,1,6,1,2,1,2,5,2,1,1,1,2,1,2,2,2,2,1,2,2,3,2,2,2,2,2,2,2,2,2,2,0,0,0
2008,48,165,1,480456,1,6,1,2,4,1,5,1,1,2,1,2,1,2,2,2,2,2,2,2,3,2,2,2,2,2,2,2,2,2,2,0,0,0
2008,48,203,1,480457,1,6,1,2,4,2,3,2,1,1,1,2,1,2,2,2,2,2,1,2,1,2,2,2,2,2,2,2,1,1,1,0,0,0
2008,48,215,1,480458,1,6,1,2,4,2,5,2,1,2,1,2,1,2,2,1,2,2,1,2,1,2,2,2,2,2,2,2,1,2,2,0,0,0
2008,48,285,1,480459,1,6,1,2,4,2,5,2,1,2,1,2,1,2,2,2,2,2,1,2,3,2,2,2,2,2,2,2,1,2,2,0,0,0
2008,48,49,1,480460,1,6,1,2,1,2,3,3,4,1,1,2,2,2,2,2,2,2,2,2,3,2,2,2,2,2,2,2,2,2,2,0,0,0
2008,48,85,1,480461,1,6,1,2,4,2,5,2,1,2,1,2,1,2,1,1,2,2,2,2,1,2,2,2,2,2,2,2,1,2,2,0,0,0
2008,48,67,1,480462,1,6,1,2,1,2,3,2,4,2,2,2,3,1,2,2,2,2,2,2,1,2,2,2,2,2,2,2,1,1,2,0,0,0
2008,48,39,1,480463,1,6,2,2,3,2,2,2,1,2,2,2,1,2,2,1,2,2,2,2,1,1,1,1,1,2,2,1,1,2,2,0,0,0
2008,48,73,1,480464,1,6,1,2,4,2,5,2,1,1,2,2,1,2,2,1,2,2,1,2,2,1,1,1,1,2,2,1,1,2,2,0,0,0
2008,48,201,1,480465,1,6,2,2,1,1,6,1,2,2,2,2,3,2,1,2,2,2,2,2,1,2,2,2,2,1,2,2,2,1,2,0,0,0
2008,48,113,1,480466,1,6,2,2,1,2,3,2,2,2,2,2,2,2,2,1,2,2,2,2,1,1,1,1,1,2,2,1,2,2,2,0,0,0
2008,48,113,1,480467,1,6,2,2,1,1,6,1,4,2,2,2,3,2,2,1,2,2,1,2,1,2,2,2,2,2,1,1,2,2,2,0,0,0
2008,48,123,1,480468,1,6,2,2,4,2,4,2,1,1,2,2,1,2,2,2,2,2,1,2,3,2,2,2,2,2,2,2,1,2,2,0,0,0
2008,48,171,1,480469,1,6,1,2,1,1,3,1,4,1,2,2,2,2,2,2,2,2,2,2,3,2,2,2,2,2,2,2,2,2,2,0,0,0
2008,48,185,1,480470,1,6,1,2,1,2,5,2,1,2,2,2,1,1,2,2,2,2,1,2,3,2,2,2,2,2,2,2,2,2,2,0,0,0
2008,48,61,1,480471,1,6,2,2,1,2,3,2,1,1,1,2,1,2,2,2,1,2,2,2,3,2,2,2,2,2,2,2,2,2,2,0,0,0
2008,48,71,1,480472,1,6,1,2,1,2,4,2,1,2,1,2,1,2,2,2,1,2,2,2,3,1,1,1,1,2,2,1,2,2,2,0,0,0
2008,48,113,1,480473,1,6,2,2,1,2,6,2,1,1,1,2,1,2,2,2,2,2,2,2,3,2,2,2,2,2,2,2,2,2,2,0,0,0
2008,48,223,2,480474,1,6,1,1,1,2,1,2,1,1,1,2,1,2,2,1,1,2,2,2,3,2,2,2,2,2,2,2,2,2,2,0,0,0
2008,48,113,1,480475,1,6,2,2,2,2,2,2,1,2,1,2,1,2,2,2,2,2,1,2,1,2,2,2,2,2,2,2,1,2,2,0,0,0
2008,48,191,1,480476,1,6,1,2,4,2,5,2,1,2,2,2,1,2,2,1,2,2,1,2,3,1,1,1,1,2,2,1,1,2,2,0,0,0
2008,48,145,1,480477,1,6,1,2,4,2,4,2,1,1,2,2,1,2,2,2,2,2,1,2,3,2,2,2,2,2,2,2,1,2,1,0,0,0
2008,48,149,1,480478,1,6,1,2,4,2,5,2,1,2,2,2,1,2,2,1,2,2,1,2,1,2,2,2,2,2,2,2,1,2,2,0,0,0
2008,48,223,1,480479,1,6,2,1,1,1,1,1,3,1,2,2,2,2,1,1,2,2,2,2,3,1,1,1,1,2,2,1,2,2,2,0,0,0
2008,48,201,1,480481,1,6,1,2,4,1,6,1,1,2,1,2,1,2,1,1,2,2,2,2,3,2,2,2,2,2,1,1,2,2,2,0,0,0
2008,48,29,1,480483,1,6,2,2,1,2,2,2,2,2,2,2,3,2,2,2,2,2,2,2,3,2,2,2,2,2,2,2,2,2,2,0,0,0
2008,48,113,1,480484,1,6,2,1,1,2,1,2,1,2,2,2,2,2,2,2,1,2,2,2,3,2,2,2,2,2,2,2,2,2,2,0,0,0
2008,48,61,1,480485,1,6,2,2,1,2,2,2,1,1,2,2,1,2,1,2,2,2,2,2,3,2,2,2,2,2,2,2,2,2,2,0,0,0
2008,48,113,1,480486,1,6,2,2,4,2,6,2,1,2,2,2,1,2,1,1,2,2,2,2,1,2,2,2,2,2,2,2,1,2,2,0,0,0
2008,48,203,1,480487,1,6,1,2,1,1,5,1,4,1,2,2,2,2,2,2,2,2,2,2,2,2,2,2,2,1,2,2,2,2,2,0,0,0
2008,48,245,1,480488,1,6,2,2,1,1,2,1,2,2,2,2,3,2,2,1,2,2,2,2,1,1,1,1,1,1,1,1,2,2,2,0,0,0
2008,48,201,1,480489,1,6,2,2,1,2,2,3,4,1,1,2,2,2,1,2,2,2,2,2,3,2,2,1,1,2,2,1,2,2,2,0,0,0
2008,48,439,1,480490,1,6,2,2,1,2,6,2,1,2,1,2,1,2,2,2,1,2,2,2,3,2,2,2,2,2,2,2,2,2,2,0,0,0
2008,48,479,1,480491,1,6,2,1,4,2,1,2,1,2,1,2,1,2,2,1,2,2,2,2,3,1,1,1,1,2,2,1,1,2,2,0,0,0
2008,48,201,1,480492,1,6,2,1,1,2,1,2,1,2,1,2,3,1,2,2,1,2,2,2,3,2,2,1,1,2,1,1,2,2,2,0,0,0
2008,48,355,1,480493,1,6,2,2,1,2,2,3,2,2,1,2,2,2,2,1,2,2,1,2,1,2,2,2,2,2,1,1,2,2,2,0,0,0
2008,48,355,1,480494,1,6,2,2,3,2,2,2,1,2,2,2,1,2,2,1,2,2,2,2,2,2,2,2,2,2,2,2,1,2,2,0,0,0
2008,48,215,1,480495,1,6,2,2,4,2,2,2,1,2,1,2,1,2,2,1,2,2,1,2,3,2,2,2,2,2,2,2,1,2,2,0,0,0
2008,48,309,1,480496,1,6,1,2,1,2,3,2,1,1,1,2,1,2,2,1,2,2,1,2,3,2,2,2,2,1,2,2,2,2,2,0,0,0
2008,48,443,1,480497,1,6,1,2,4,2,3,2,1,1,1,2,1,2,2,1,2,2,1,2,3,2,2,2,2,1,2,2,1,2,1,0,0,0
2008,48,53,1,480498,1,6,1,2,4,2,5,2,1,2,2,2,1,2,2,2,2,2,2,2,1,2,2,2,2,2,2,2,1,2,1,0,0,0
2008,48,201,1,480499,1,6,2,2,1,2,6,2,1,2,2,2,1,2,2,2,1,2,2,2,3,2,2,2,2,2,2,2,2,2,2,0,0,0
2008,48,201,1,480500,1,6,2,2,4,2,6,2,1,2,2,2,1,2,2,2,2,2,1,2,3,2,2,2,2,2,2,2,1,2,2,0,0,0
2008,48,201,1,480501,1,6,2,2,1,1,3,1,1,2,2,2,1,2,2,2,2,1,2,2,3,2,2,2,2,2,2,2,2,2,2,0,0,0
2008,48,201,1,480502,1,6,2,2,1,1,6,1,1,1,1,2,1,2,2,2,2,1,2,2,3,2,2,2,2,2,2,2,2,2,2,0,0,0
2008,48,485,1,480503,1,6,2,2,1,2,2,2,2,2,2,2,2,1,2,2,2,2,1,2,3,2,2,2,2,2,2,2,2,2,2,0,0,0
2008,48,91,2,480504,1,6,2,2,1,1,3,1,4,2,2,2,3,2,2,1,2,2,1,2,3,2,2,1,1,2,2,1,2,2,2,0,0,0
2008,48,201,1,480505,1,6,2,2,1,2,2,2,1,2,2,1,1,2,2,2,1,2,2,2,3,2,2,2,2,2,2,2,2,2,2,0,0,0
2008,48,113,1,480506,1,6,2,2,4,2,6,2,1,1,1,2,1,2,2,2,2,2,1,2,2,2,2,2,2,2,2,2,1,2,2,0,0,0
2008,48,201,1,480507,1,6,2,2,4,2,6,2,1,2,2,2,1,2,2,1,2,2,2,2,1,2,2,2,2,2,2,2,1,2,2,0,0,0
2008,48,201,1,480508,1,6,2,2,1,1,6,1,4,1,2,2,2,2,2,2,2,2,2,2,3,2,2,2,2,1,2,2,2,2,2,0,0,0
2008,48,201,1,480509,1,6,2,2,1,1,6,1,4,2,1,1,2,2,2,2,2,2,2,2,3,2,2,2,2,2,2,2,2,2,2,0,0,0
2008,48,201,1,480510,1,6,2,2,1,1,6,1,4,2,2,2,3,2,2,1,2,2,1,2,1,2,2,2,2,2,2,2,2,2,2,0,0,0
2008,48,371,1,480511,1,6,1,2,4,2,4,2,1,2,2,2,1,2,2,2,2,2,1,2,3,1,1,1,1,2,2,1,1,2,1,0,0,0
2008,48,363,1,480512,1,6,1,2,1,1,4,1,2,2,1,2,2,1,2,1,2,2,2,2,3,2,2,2,2,2,2,2,2,2,2,0,0,0
2008,48,253,1,480513,1,6,2,2,1,2,6,2,1,1,2,2,1,2,2,1,2,2,1,2,3,1,1,1,1,2,2,1,2,1,2,0,0,0
2008,48,497,1,480514,1,6,1,2,1,2,5,2,3,2,2,2,2,1,2,2,2,2,2,2,1,2,2,2,2,2,1,1,2,2,2,0,0,0
2008,48,389,1,480515,1,6,1,1,4,2,1,2,1,1,2,2,1,2,2,2,2,2,1,2,3,2,2,2,2,2,1,1,2,2,2,0,0,0
2008,48,339,1,480516,1,6,1,2,1,2,5,2,1,2,2,2,1,2,2,2,1,2,2,2,2,2,2,2,2,2,2,2,2,2,2,0,0,0
2008,48,423,1,480518,1,6,1,2,4,2,5,2,1,2,1,2,1,2,2,2,2,2,2,2,3,2,2,2,2,1,2,2,1,2,2,0,0,0
2008,48,313,1,480519,1,6,1,2,4,2,5,2,1,2,2,2,1,2,2,1,2,2,1,2,1,2,2,2,2,2,2,2,1,2,2,0,0,0
2008,48,451,1,480520,1,6,2,2,4,2,6,2,1,2,2,2,1,2,2,1,2,2,2,2,2,2,2,1,1,2,2,1,1,2,2,0,0,0
2008,48,181,1,480521,1,6,2,2,1,2,4,2,1,2,2,2,1,2,2,2,1,2,2,2,2,2,2,2,2,2,2,2,2,2,2,0,0,0
2008,48,201,2,480522,1,6,2,2,4,2,6,2,1,2,2,2,1,2,2,1,2,2,2,2,1,2,2,2,2,2,2,2,1,2,2,0,0,0
2008,48,201,1,480523,1,6,2,2,4,2,6,2,1,2,2,2,1,2,2,2,2,2,2,2,1,2,2,2,2,2,2,2,1,2,2,0,0,0
2008,48,453,2,480524,1,6,1,2,1,2,3,2,3,2,2,2,2,2,2,2,2,2,2,2,1,1,1,1,1,2,2,1,2,2,2,0,0,0
2008,48,303,2,480525,1,6,2,1,1,1,1,1,4,2,1,2,2,1,2,2,2,2,2,2,3,2,2,2,2,2,2,2,2,2,2,0,0,0
2008,48,391,1,480526,1,6,1,2,2,2,3,2,1,2,2,2,1,1,2,2,2,2,2,2,2,2,2,2,2,2,2,2,1,2,1,0,0,0
2008,48,31,1,480527,1,6,2,2,2,2,6,2,2,1,2,2,1,2,2,1,2,2,2,2,2,2,2,2,2,1,2,2,1,1,1,0,0,0
2008,48,29,1,480528,1,6,1,2,2,2,5,2,2,2,2,1,2,2,1,2,2,2,2,2,1,2,2,2,2,2,1,1,1,1,2,0,0,0
2008,48,113,1,480529,1,6,2,1,1,2,1,2,1,2,2,1,1,2,2,1,2,2,1,2,3,1,1,1,1,2,2,1,1,2,2,0,0,0
2008,48,457,1,480530,1,6,1,2,4,2,3,2,1,1,2,2,1,2,2,2,2,2,2,2,3,2,2,2,2,1,2,2,1,2,1,0,0,0
2008,48,339,1,480531,1,6,1,2,4,2,3,2,1,2,2,2,1,2,2,2,2,2,1,2,1,2,2,2,2,2,2,2,1,2,2,0,0,0
2008,48,199,1,480532,1,6,2,2,1,2,3,2,1,2,2,2,1,2,2,2,1,2,2,2,1,2,2,2,2,2,2,2,2,2,2,0,0,0
2008,48,329,1,480533,1,6,1,2,4,2,4,2,1,1,2,2,1,2,1,1,2,2,2,2,3,2,2,2,2,2,2,2,1,2,2,0,0,0
2008,48,29,1,480534,1,6,1,2,4,2,4,2,1,1,1,2,1,2,2,1,2,2,2,2,2,2,2,2,2,1,2,2,1,2,2,0,0,0
2008,48,245,1,480535,1,6,2,2,4,2,2,2,1,2,1,2,1,2,2,1,2,2,1,2,1,2,2,2,2,2,2,2,1,2,2,0,0,0
2008,48,29,1,480536,1,6,2,2,1,2,3,2,1,2,1,2,1,2,2,2,1,2,2,2,3,2,2,2,2,2,2,2,2,2,2,0,0,0
2008,48,303,1,480537,1,6,1,2,4,2,5,2,1,2,1,2,1,2,2,1,2,2,1,2,1,2,2,2,2,2,2,2,1,2,1,0,0,0
2008,48,479,1,480538,1,6,1,1,1,2,1,2,1,1,1,2,1,2,2,2,2,2,1,2,3,2,2,2,2,2,2,2,2,2,2,0,0,0
2008,48,373,1,480539,1,6,1,2,1,2,4,2,3,1,1,2,2,2,2,2,2,2,2,2,3,2,2,2,2,2,2,2,1,2,2,0,0,0
2008,48,67,1,480540,1,6,2,2,1,2,3,2,4,1,1,2,2,2,2,2,2,2,1,2,3,2,2,2,2,1,2,2,2,1,2,0,0,0
2008,48,91,1,480541,1,6,1,2,2,2,6,2,1,2,2,1,1,2,2,1,2,2,1,2,3,2,2,2,2,2,2,2,1,2,2,0,0,0
2008,48,375,1,480542,1,6,2,2,1,1,3,1,4,2,1,2,2,2,2,1,2,2,2,2,1,2,2,2,2,2,1,1,2,2,2,0,0,0
2008,48,439,1,480543,1,6,2,1,1,2,1,3,2,2,2,2,2,2,2,2,2,2,1,2,1,2,2,2,2,2,2,2,2,2,2,0,0,0
2008,48,339,1,480544,1,6,1,1,1,2,1,2,4,2,2,2,2,2,2,2,2,2,1,2,1,1,1,1,1,2,2,1,2,2,2,0,0,0
2008,48,423,1,480545,1,6,2,2,1,2,3,3,4,1,2,2,2,2,1,1,2,2,2,2,3,2,2,2,2,2,2,2,2,2,2,0,0,0
2008,48,429,1,480546,1,6,1,2,1,2,4,3,4,1,2,2,2,2,2,1,2,2,1,2,3,2,2,2,2,2,2,2,1,2,2,0,0,0
2008,48,435,1,480547,1,6,1,1,4,2,1,2,1,1,2,2,1,2,2,2,2,2,1,2,3,1,1,1,1,2,2,1,1,2,2,0,0,0
2008,48,473,1,480548,1,6,1,2,1,2,5,2,4,1,2,2,2,2,2,2,2,2,2,2,3,1,1,1,1,2,2,1,2,2,1,0,0,0
2008,48,121,1,480549,1,6,1,2,1,2,5,3,4,2,1,2,2,1,2,2,2,2,2,2,1,2,2,2,2,2,1,1,2,2,2,0,0,0
2008,48,297,1,480550,1,6,1,1,4,2,1,2,1,1,1,2,1,2,2,2,2,2,1,2,3,2,2,1,1,2,2,1,1,2,2,0,0,0
2008,48,397,1,480551,1,6,1,2,1,1,5,1,4,1,1,2,2,2,2,2,2,2,2,2,3,1,1,1,1,2,2,1,2,2,2,0,0,0
2008,48,457,5,480552,1,6,1,2,1,1,4,1,4,2,2,2,3,1,2,2,2,2,2,2,3,2,2,2,2,1,2,2,2,2,2,0,0,0
2008,48,459,1,480553,1,6,1,2,1,2,4,2,3,1,1,2,2,1,2,2,2,2,2,2,3,2,2,2,2,2,2,2,1,2,2,0,0,0
2008,48,353,1,480554,1,6,1,1,1,2,1,2,4,2,1,2,2,1,2,1,2,2,1,2,3,2,2,2,2,2,2,2,1,1,2,0,0,0
2008,48,15,1,480555,1,6,1,2,1,2,3,2,3,1,1,2,2,2,2,2,2,2,2,2,3,1,1,1,1,2,2,1,1,2,2,0,0,0
2008,48,343,1,480556,1,6,1,1,1,2,1,2,1,2,1,2,1,2,2,2,1,2,2,1,3,2,2,2,2,1,2,2,2,2,2,0,0,0
2008,48,365,1,480557,1,6,1,2,1,2,4,2,3,1,1,2,2,2,2,2,2,2,1,2,3,2,2,2,2,1,2,2,1,2,2,0,0,0
2008,48,411,1,480558,1,6,1,2,4,2,5,2,1,2,1,2,1,2,2,2,2,2,2,2,1,2,2,2,2,2,2,2,1,2,2,0,0,0
2008,48,467,1,480559,1,6,1,1,1,2,1,2,4,1,1,2,2,2,2,2,2,2,2,2,3,2,2,2,2,2,2,2,1,2,2,0,0,0
2008,48,499,1,480560,1,6,1,2,4,2,5,2,1,1,1,2,1,1,2,1,2,2,1,2,1,2,2,2,2,2,2,2,1,2,2,0,0,0
2008,48,201,1,480561,1,6,1,2,4,2,6,2,1,2,1,2,1,2,1,2,2,2,2,2,1,2,2,2,2,2,2,2,1,2,2,0,0,0
2008,48,215,1,480562,1,6,3,3,1,1,7,1,4,2,1,2,2,2,1,2,2,2,2,2,3,1,2,1,2,2,2,2,2,2,2,0,0,0
2008,48,245,1,480563,1,6,2,2,1,2,3,2,2,1,1,2,2,1,1,1,2,2,2,2,3,2,2,2,2,2,2,2,2,1,2,0,0,0
2008,48,373,1,480564,1,6,1,2,3,2,3,2,1,2,2,2,1,2,2,2,2,2,1,2,1,2,2,2,2,2,2,2,1,2,2,0,0,0
2008,48,377,1,480565,1,6,1,2,1,2,5,2,1,1,2,2,1,2,1,1,2,2,2,2,1,2,2,2,2,2,2,2,1,2,2,0,0,0
2008,48,387,1,480566,1,6,1,2,1,2,5,2,1,2,2,2,1,2,2,2,2,2,1,2,2,2,2,2,2,2,2,2,2,2,2,0,0,0
2008,48,491,1,480567,1,6,2,2,1,1,3,1,4,1,2,2,2,2,2,2,2,2,2,2,3,2,2,2,2,1,2,2,2,1,2,0,0,0
2008,48,139,1,480568,1,6,1,2,4,2,5,2,1,1,2,2,1,2,2,1,2,2,1,2,2,2,2,2,2,2,2,2,1,2,2,0,0,0
2008,48,141,2,480569,1,6,2,2,4,2,6,2,1,2,2,2,1,2,2,1,2,2,1,2,3,1,1,1,1,2,2,1,1,2,2,0,0,0
2008,48,479,1,480570,1,6,2,2,1,2,3,2,1,2,1,2,1,2,2,2,1,2,2,2,2,2,2,2,2,2,2,2,2,2,2,0,0,0
2008,48,491,1,480571,1,6,1,2,1,1,4,1,3,1,1,2,3,1,2,2,2,2,1,2,3,2,2,1,1,2,2,1,2,2,2,0,0,0
2008,48,329,1,480572,1,6,1,2,4,2,4,2,1,1,1,2,1,2,2,1,2,2,1,2,1,2,2,2,2,2,2,2,1,2,2,0,0,0
2008,48,27,1,480573,1,6,2,2,1,2,2,2,3,1,1,2,2,1,2,2,2,2,2,2,3,2,2,2,2,2,1,1,2,2,2,0,0,0
2008,48,201,1,480574,1,6,2,2,3,2,6,2,1,1,1,2,1,2,2,1,2,2,2,2,1,2,2,2,2,2,1,1,1,2,2,0,0,0
2008,48,287,1,480575,1,6,1,2,1,2,5,2,1,2,2,2,1,2,2,2,1,2,2,2,3,2,2,2,2,2,2,2,2,2,2,0,0,0
2008,48,361,1,480576,1,6,1,1,1,2,1,2,2,2,2,2,2,2,2,1,2,2,1,2,1,2,2,2,2,2,2,2,2,2,2,0,0,0
2008,48,401,1,480577,1,6,1,2,1,1,4,1,4,2,1,2,2,1,2,2,2,2,2,2,3,2,2,2,2,2,2,2,2,2,2,0,0,0
2008,48,453,1,480578,1,6,1,2,1,1,5,1,3,1,1,2,2,2,2,2,2,2,2,2,3,2,2,2,2,2,2,2,2,2,2,0,0,0
2008,48,141,1,480579,1,6,2,2,1,2,6,2,3,2,2,2,2,2,2,2,2,2,2,2,3,2,2,2,2,2,2,2,2,2,2,0,0,0
2008,48,427,1,480580,1,6,2,2,1,2,3,2,4,1,1,2,2,1,2,2,2,2,2,2,3,2,2,2,2,2,2,2,2,2,2,0,0,0
2008,48,367,1,480581,1,6,1,2,1,2,5,2,1,2,1,2,1,2,2,1,2,2,1,2,3,2,2,2,2,2,2,2,1,2,2,0,0,0
2008,48,309,1,480582,1,6,2,2,1,2,3,2,1,2,2,2,1,2,2,2,1,2,2,2,2,2,2,2,2,2,2,2,2,2,2,0,0,0
2008,48,221,1,480583,1,6,1,2,4,2,5,2,1,1,1,2,1,2,1,1,2,2,2,2,3,2,2,2,2,2,2,2,1,2,2,0,0,0
2008,48,469,1,480584,1,6,1,2,4,2,5,2,1,2,1,2,1,2,2,1,2,2,1,2,1,2,2,2,2,2,2,2,1,1,2,0,0,0
2008,48,149,1,480585,1,6,1,2,4,2,4,2,1,2,2,2,1,2,2,1,2,2,1,2,1,2,2,2,2,2,2,2,1,2,2,0,0,0
2008,48,179,1,480586,1,6,1,2,4,2,5,2,1,1,2,2,1,2,2,2,2,2,1,2,3,2,2,2,2,2,2,2,1,2,1,0,0,0
2008,48,201,2,480587,1,6,1,2,1,2,6,2,1,1,2,1,1,2,2,2,1,2,2,2,3,2,2,2,2,2,2,2,2,2,2,0,0,0
2008,48,355,1,480588,1,6,1,2,4,2,3,2,1,1,2,2,1,2,2,2,2,2,1,2,2,2,2,2,2,2,2,2,1,2,1,0,0,0
2008,48,439,1,480589,1,6,2,1,4,2,1,2,1,2,2,2,1,2,2,1,2,2,1,2,1,2,2,2,2,2,1,1,1,2,2,0,0,0
2008,48,395,1,480590,1,6,1,2,1,2,3,2,5,2,2,2,3,2,2,2,2,2,2,2,3,2,2,2,2,2,1,1,2,2,2,0,0,0
2008,48,405,1,480591,1,6,1,2,1,2,4,2,1,1,2,2,1,2,2,2,2,2,1,2,3,2,2,2,2,2,2,2,2,2,2,0,0,0
2008,48,423,2,480592,1,6,1,2,1,2,4,2,4,2,2,2,2,2,2,2,2,2,2,2,1,2,2,2,2,2,2,2,2,2,2,0,0,0
2008,48,61,1,480593,1,6,1,2,1,2,5,2,3,2,1,2,2,2,2,2,2,2,2,2,3,2,2,2,2,2,1,1,1,2,1,0,0,0
2008,48,161,1,480594,1,6,1,2,2,2,4,2,4,1,1,2,2,2,2,2,2,2,2,2,3,2,2,2,2,2,2,2,1,2,2,0,0,0
2008,48,291,2,480595,1,6,1,2,1,2,5,2,4,2,1,2,2,2,2,1,2,2,2,2,1,1,1,1,1,2,2,1,1,2,2,0,0,0
2008,48,419,5,480596,1,6,1,2,1,2,3,2,3,1,1,2,3,2,2,2,2,2,2,2,3,2,2,2,2,2,1,1,2,2,2,0,0,0
2008,48,481,2,480597,1,6,1,2,3,2,3,2,1,2,1,2,1,2,2,2,2,2,1,2,3,2,2,2,2,2,2,2,1,2,2,0,0,0
2008,48,203,1,480599,1,6,1,1,1,2,1,2,2,1,1,2,2,2,2,2,2,2,2,2,3,2,2,2,2,1,2,2,2,2,2,0,0,0
2008,48,215,1,480600,1,6,1,2,1,2,6,2,1,2,1,2,1,2,2,2,1,2,2,2,3,1,1,1,1,2,2,1,2,2,2,0,0,0
2008,48,277,1,480601,1,6,1,2,4,2,6,2,1,2,1,2,1,2,2,1,2,2,1,2,1,1,1,1,1,2,2,1,1,2,2,0,0,0
2008,48,199,1,480602,1,6,1,2,4,2,3,2,1,1,1,2,1,2,2,2,2,2,1,2,1,2,2,2,2,2,2,2,1,2,2,0,0,0
2008,48,439,1,480603,1,6,2,1,4,2,1,2,1,1,1,2,1,2,2,2,2,2,2,2,3,2,2,2,2,1,2,2,1,2,2,0,0,0
2008,48,29,1,480604,1,6,2,2,4,2,6,2,1,3,1,2,1,2,1,1,2,2,2,2,1,2,2,2,2,2,2,2,1,1,2,0,0,0
2008,48,209,1,480605,1,6,1,1,1,2,1,2,3,2,1,2,2,2,2,2,2,2,1,2,1,2,2,2,2,2,1,1,2,2,2,0,0,0
2008,48,245,1,480606,1,6,1,2,4,2,4,2,1,1,1,2,1,2,2,2,2,2,1,2,2,2,2,2,2,2,2,2,1,2,2,0,0,0
2008,48,265,1,480607,1,6,1,2,4,2,5,2,1,1,1,2,1,2,2,1,2,2,2,2,2,2,2,2,2,2,2,2,1,2,2,0,0,0
2008,48,277,1,480608,1,6,1,2,4,2,5,2,1,2,1,1,1,2,2,1,2,2,1,2,3,2,2,2,2,2,2,2,1,2,2,0,0,0
2008,48,339,1,480609,1,6,1,2,4,2,5,2,1,1,1,2,1,2,1,1,2,2,2,2,1,2,2,2,2,2,2,2,1,2,2,0,0,0
2008,48,415,1,480610,1,6,1,2,4,2,6,2,1,1,1,2,1,2,2,2,2,2,1,2,1,2,2,2,2,2,2,2,1,2,2,0,0,0
2008,48,439,1,480611,1,6,2,2,4,2,6,2,1,1,1,2,1,2,2,1,2,2,1,2,3,1,1,1,1,2,2,1,1,2,2,0,0,0
2008,48,27,1,480612,1,6,2,2,1,2,6,2,4,2,2,2,2,2,2,1,2,2,2,2,1,2,2,2,2,1,1,1,2,2,2,0,0,0
2008,48,185,1,480613,1,6,1,2,1,2,4,2,3,1,1,2,2,1,2,1,2,2,2,2,3,2,2,2,2,2,2,2,1,2,2,0,0,0
2008,48,203,1,480614,1,6,1,2,4,2,5,2,1,1,1,2,1,2,2,1,2,2,2,2,3,1,1,1,1,2,2,1,1,2,2,0,0,0
2008,48,339,1,480615,1,6,1,2,1,2,5,2,3,1,1,2,2,2,2,2,2,2,2,2,2,2,2,2,2,2,2,2,1,2,2,0,0,0
2008,48,467,1,480616,1,6,1,2,1,2,4,2,4,2,1,2,2,1,2,2,2,2,1,2,1,2,2,2,2,2,2,2,1,2,2,0,0,0
2008,48,29,1,480617,1,6,2,1,1,2,1,3,2,1,2,2,2,2,2,1,2,2,2,2,1,2,2,2,2,2,2,2,2,1,2,0,0,0
2008,48,39,1,480618,1,6,1,2,1,2,3,2,1,2,2,2,1,2,2,2,2,2,1,2,3,1,2,1,2,2,2,2,1,2,1,0,0,0
2008,48,77,1,480619,1,6,1,2,4,2,4,2,1,1,2,2,1,2,2,1,2,2,1,2,3,2,2,2,2,2,2,2,1,1,2,0,0,0
2008,48,97,1,480620,1,6,1,2,4,2,6,3,1,1,2,2,1,2,2,1,2,2,1,2,3,2,2,2,2,2,2,2,1,2,2,0,0,0
2008,48,113,1,480621,1,6,2,2,1,2,6,2,2,2,2,2,2,2,2,1,2,2,1,2,1,2,2,2,2,2,2,2,2,2,2,0,0,0
2008,48,127,1,480622,1,6,1,2,4,2,5,2,1,2,2,2,1,2,2,2,2,2,1,2,1,1,1,1,1,2,2,1,1,2,2,0,0,0
2008,48,157,1,480623,1,6,2,2,1,2,6,3,4,1,2,2,2,2,1,1,2,2,2,2,3,2,2,2,2,2,2,2,2,2,2,0,0,0
2008,48,199,1,480624,1,6,1,2,1,2,3,2,3,1,2,2,2,2,2,2,2,2,2,2,3,1,1,1,1,2,1,1,1,2,2,0,0,0
2008,48,405,2,480625,1,6,1,2,4,2,5,2,1,2,2,2,1,2,2,1,2,2,2,2,3,1,1,1,1,2,2,1,1,2,2,0,0,0
2008,48,459,1,480626,1,6,1,2,1,2,5,2,4,2,2,2,2,2,2,2,2,2,2,2,1,2,2,2,2,2,1,1,2,2,2,0,0,0
2008,48,17,2,480627,1,6,1,2,3,2,3,2,1,2,2,2,1,2,2,2,2,2,1,2,3,2,2,2,2,2,2,2,1,2,1,0,0,0
2008,48,89,1,480628,1,6,1,2,1,2,4,2,4,2,2,2,2,2,2,2,2,2,2,2,1,2,2,2,2,1,2,2,2,2,2,0,0,0
2008,48,325,2,480629,1,6,1,2,1,2,5,2,3,1,2,1,3,2,1,1,2,2,2,2,3,2,2,2,2,2,1,1,1,2,2,0,0,0
2008,48,497,1,480630,1,6,1,2,1,2,5,2,4,1,2,2,2,1,2,2,2,2,1,2,3,1,1,1,1,2,2,1,1,2,2,0,0,0
2008,48,113,1,480631,1,6,2,2,1,1,6,1,4,1,1,2,2,2,1,2,2,2,2,2,3,2,2,2,2,2,1,1,2,2,2,0,0,0
2008,48,181,1,480632,1,6,2,2,1,2,2,2,3,1,1,2,2,2,2,2,2,2,2,2,2,2,2,2,2,2,2,2,1,2,1,0,0,0
2008,48,369,1,480633,1,6,1,2,2,2,5,2,1,1,1,2,1,2,2,2,2,2,2,2,3,2,2,2,2,1,2,2,1,2,2,0,0,0
2008,48,373,1,480634,1,6,1,2,4,2,4,2,1,1,1,2,1,2,2,2,2,2,1,2,2,2,2,2,2,2,1,1,1,2,2,0,0,0
2008,48,373,1,480635,1,6,1,2,1,2,4,2,1,1,1,2,1,2,1,2,2,2,2,2,2,2,2,2,2,2,2,2,2,2,2,0,0,0
2008,48,439,1,480636,1,6,2,2,1,2,2,2,2,2,1,1,2,2,1,1,2,2,2,2,3,2,2,2,2,2,2,2,2,2,2,0,0,0
2008,48,29,1,480637,1,6,2,2,1,1,6,1,4,1,1,1,2,2,1,2,2,2,2,2,3,2,2,2,2,2,2,2,2,2,2,0,0,0
2008,48,29,1,480638,1,6,2,2,1,1,6,1,1,1,1,2,1,2,2,2,1,2,2,2,3,2,2,2,2,2,2,2,2,2,2,0,0,0
2008,48,203,1,480639,1,6,1,2,1,2,3,3,4,1,1,2,2,2,1,2,2,2,2,2,3,2,2,2,2,1,1,1,2,2,2,0,0,0
2008,48,425,1,480640,1,6,1,2,1,1,3,1,4,2,1,2,2,1,2,1,2,2,2,2,2,2,2,1,1,1,2,1,2,2,2,0,0,0
2008,48,453,1,480641,1,6,2,2,1,2,3,2,1,2,1,2,1,2,2,2,1,2,2,2,3,2,2,2,2,2,2,2,2,2,2,0,0,0
2008,48,85,1,480642,1,6,2,2,1,2,3,2,4,2,1,2,2,2,2,1,2,2,2,2,3,1,1,1,1,2,2,1,1,2,2,0,0,0
2008,48,253,2,480643,1,6,2,2,4,2,4,2,1,1,1,2,2,2,2,1,2,2,1,2,3,1,1,1,1,2,2,1,1,2,2,0,0,0
2008,48,289,1,480644,1,6,1,2,4,2,4,2,1,1,1,2,1,2,2,1,2,2,1,2,3,2,2,2,2,2,2,2,1,1,2,0,0,0
2008,48,25,1,480646,1,6,1,2,4,2,5,2,1,1,1,2,1,2,2,2,2,2,1,2,3,2,2,2,2,2,2,2,1,1,2,0,0,0
2008,48,479,1,480647,1,6,2,2,1,1,3,1,1,1,1,2,1,2,2,2,1,2,2,2,3,2,2,2,2,2,2,2,2,2,2,0,0,0
2008,48,221,1,480648,1,6,1,2,4,2,3,2,1,2,1,2,1,2,2,1,2,2,1,2,3,2,2,2,2,2,2,2,1,2,2,0,0,0
2008,48,85,1,480649,1,6,2,2,4,2,2,3,1,1,1,2,1,2,1,1,2,2,2,2,1,2,2,2,2,2,2,2,1,2,2,0,0,0
2008,48,113,2,480650,1,6,2,2,1,2,3,2,4,1,1,2,2,2,2,1,2,2,1,2,3,2,2,2,2,1,2,2,2,2,2,0,0,0
2008,48,113,1,480651,1,6,2,2,3,2,2,2,1,1,1,2,3,1,1,2,2,2,1,2,3,2,2,2,2,2,2,2,1,2,2,0,0,0
2008,48,113,1,480652,1,6,2,1,1,2,1,2,1,2,2,2,1,2,2,2,1,2,2,2,3,2,2,2,2,2,2,2,2,2,2,0,0,0
2008,48,239,1,480653,1,6,2,2,1,2,6,3,1,1,1,2,1,2,2,2,2,2,2,2,3,2,2,2,2,2,1,1,2,2,2,0,0,0
2008,48,469,1,480654,1,6,1,2,4,2,5,2,1,2,1,2,1,2,2,1,2,2,1,2,1,2,2,2,2,2,2,2,1,1,2,0,0,0
2008,48,31,1,480655,1,6,1,2,1,2,3,2,4,1,2,2,2,2,1,2,2,2,2,2,3,2,2,2,2,1,2,2,1,2,2,0,0,0
2008,48,27,1,480656,1,6,2,2,1,2,3,2,1,2,2,2,1,2,2,2,1,2,1,2,1,2,2,2,2,2,2,2,2,2,2,0,0,0
2008,48,29,1,480657,1,6,2,1,1,2,1,2,1,2,2,2,1,2,2,1,2,2,1,2,3,2,2,2,2,2,1,1,2,2,2,0,0,0
2008,48,29,1,480658,1,6,2,2,4,2,6,2,1,2,2,2,1,2,1,1,2,2,2,2,2,2,2,2,2,2,2,2,1,2,2,0,0,0
2008,48,71,1,480659,1,6,1,2,3,1,5,1,1,2,2,2,1,2,1,1,2,2,2,2,1,2,2,2,2,2,2,2,2,2,2,0,0,0
2008,48,113,1,480660,1,6,2,1,2,2,1,3,1,2,2,2,1,2,1,1,2,2,2,2,1,2,2,2,2,2,2,2,1,2,2,0,0,0
2008,48,113,1,480661,1,6,2,2,4,2,6,2,1,1,2,2,1,2,2,2,2,2,2,2,3,2,2,2,2,2,1,1,1,2,2,0,0,0
2008,48,453,1,480662,1,6,2,2,1,2,6,2,4,1,2,2,2,2,2,2,2,2,2,2,3,2,2,2,2,2,2,2,2,2,2,0,0,0
2008,48,113,1,480663,1,6,2,1,4,2,1,3,1,2,2,2,1,2,2,2,2,2,1,2,1,2,2,2,2,2,2,2,1,2,2,0,0,0
2008,48,303,1,480664,1,6,1,2,4,2,6,2,1,2,2,2,1,2,2,1,2,2,1,2,1,2,2,2,2,2,2,2,1,2,2,0,0,0
2008,48,361,1,480665,1,6,2,2,2,2,3,2,3,1,1,2,2,2,2,1,2,2,2,2,3,2,2,2,2,2,2,2,1,2,2,0,0,0
2008,48,453,2,480666,1,6,2,1,4,2,1,2,1,2,1,2,1,2,1,1,2,2,2,2,1,2,2,2,2,2,2,2,1,2,2,0,0,0
2008,48,201,1,480667,1,6,2,2,1,2,3,2,1,2,1,2,1,2,1,2,2,2,2,2,2,2,2,2,2,2,2,2,2,2,2,0,0,0
2008,48,233,1,480668,1,6,1,2,4,1,5,1,1,1,1,2,1,2,1,1,2,2,2,2,3,2,2,2,2,2,2,2,1,2,2,0,0,0
2008,48,473,1,480669,1,6,1,1,1,2,1,2,2,1,1,2,2,1,2,2,2,2,2,2,3,2,2,2,2,2,2,2,2,2,1,0,0,0
2008,48,29,1,480670,1,6,2,2,1,1,6,1,4,1,1,2,2,2,1,2,2,2,2,2,3,2,2,2,2,2,2,2,2,1,2,0,0,0
2008,48,29,1,480671,1,6,2,1,1,1,1,1,2,2,1,2,2,2,1,1,2,2,2,2,3,2,2,1,1,2,1,1,2,1,2,0,0,0
2008,48,339,1,480672,1,6,2,1,1,2,1,2,4,1,1,2,2,1,2,1,2,2,2,2,2,1,1,1,1,2,2,1,2,2,2,0,0,0
2008,48,439,1,480673,1,6,2,2,1,2,6,2,1,2,1,1,1,2,2,2,2,1,2,2,3,2,2,2,2,2,2,2,2,2,2,0,0,0
2008,48,463,1,480674,1,6,1,2,4,2,5,2,1,1,1,2,1,2,1,2,2,2,2,2,3,2,2,2,2,2,2,2,1,2,2,0,0,0
2008,48,1,1,480675,1,6,1,2,4,2,6,2,1,1,2,2,1,2,2,1,2,2,1,2,3,1,1,1,1,2,2,1,1,2,2,0,0,0
2008,48,189,1,480676,1,6,1,2,4,2,6,2,4,2,2,2,1,2,2,1,2,2,1,2,3,2,2,2,2,2,2,2,1,1,2,0,0,0
2008,48,347,1,480677,1,6,1,2,1,2,6,2,1,2,2,2,1,2,2,1,2,2,1,2,3,2,2,2,2,2,2,2,2,2,2,0,0,0
2008,48,29,1,480678,1,6,2,2,1,1,6,1,4,2,1,2,2,2,2,1,2,2,2,2,3,1,1,1,1,2,2,1,2,2,2,0,0,0
2008,48,201,1,480679,1,6,2,2,4,2,6,2,1,2,2,2,1,2,2,2,2,2,1,2,1,2,2,2,2,2,1,1,1,2,2,0,0,0
2008,48,29,1,480680,1,6,2,1,4,2,1,2,1,2,1,2,1,2,2,1,2,2,2,2,3,2,2,2,2,2,2,2,1,2,2,0,0,0
2008,48,251,1,480681,1,6,1,1,2,2,1,3,1,1,1,2,1,2,2,2,2,2,2,2,3,2,2,2,2,2,2,2,1,2,2,0,0,0
2008,48,225,1,480682,1,6,1,2,1,1,4,1,4,1,1,2,2,1,2,2,2,2,2,2,3,2,2,2,2,1,2,2,2,2,2,0,0,0
2008,48,29,1,480683,1,6,2,2,2,1,2,1,1,2,2,2,1,2,2,2,2,2,2,2,1,2,2,1,1,2,2,1,2,1,2,0,0,0
2008,48,379,1,480684,1,6,1,2,4,2,6,2,1,1,1,2,1,2,2,1,2,2,2,2,3,2,2,2,2,2,2,2,1,1,2,0,0,0
2008,48,167,3,480685,1,6,2,1,2,1,1,1,1,1,1,2,1,1,2,1,2,2,1,2,3,2,2,2,2,2,2,2,1,1,2,0,0,0
2008,48,201,1,480686,1,6,2,2,3,2,6,2,1,2,2,2,1,2,1,2,2,2,2,2,1,2,2,2,2,2,2,2,1,2,2,0,0,0
2008,48,427,4,480687,1,6,1,2,1,2,4,2,4,1,1,2,2,1,2,1,2,2,1,2,3,2,2,2,2,2,2,2,1,2,2,0,0,0
2008,48,27,1,480688,1,6,1,2,4,1,5,1,1,2,2,2,1,2,2,1,1,2,2,2,2,1,1,1,1,2,2,1,2,2,2,0,0,0
2008,48,39,1,480689,1,6,2,2,1,1,3,1,3,1,1,2,2,2,1,2,2,2,2,2,3,2,2,2,2,2,2,2,2,2,2,0,0,0
2008,48,27,1,480690,1,6,1,2,1,1,3,1,4,2,2,2,2,2,2,2,2,2,2,2,3,2,2,2,2,2,1,1,2,2,2,0,0,0
2008,48,149,1,480691,1,6,1,2,4,2,5,2,1,2,2,2,1,2,2,1,2,2,1,2,1,2,2,2,2,2,2,2,1,2,2,0,0,0
2008,48,439,1,480692,1,6,2,1,3,2,1,2,1,2,2,2,1,2,2,1,2,2,2,2,3,2,2,2,2,2,2,2,1,2,2,0,0,0
2008,48,201,1,480693,1,6,1,2,4,2,6,2,1,2,1,2,1,2,2,1,2,2,1,2,1,2,2,2,2,2,2,2,1,2,2,0,0,0
2008,48,61,1,480694,1,6,1,2,4,2,5,2,1,2,1,2,1,2,2,1,2,2,1,2,2,2,2,2,2,2,2,2,1,2,2,0,0,0
2008,48,113,1,480695,1,6,2,2,1,2,6,2,1,1,2,2,1,2,2,2,2,2,2,2,3,1,1,1,1,2,2,1,2,2,2,0,0,0
2008,48,439,1,480696,1,6,2,2,1,2,6,2,1,2,2,1,1,2,2,2,1,2,2,2,3,2,2,2,2,2,2,2,2,2,2,0,0,0
2008,48,201,1,480697,1,6,1,2,1,2,6,2,3,2,1,2,2,2,2,2,2,2,2,2,1,2,2,2,2,2,1,1,2,2,2,0,0,0
2008,48,239,1,480698,1,6,1,2,4,2,5,2,1,2,2,2,1,2,2,2,2,2,1,2,3,2,2,2,2,2,1,1,1,2,2,0,0,0
2008,48,439,2,480699,1,6,2,1,1,1,1,1,2,2,2,2,3,2,2,2,2,2,2,2,1,2,2,1,1,2,1,1,2,2,2,0,0,0
2008,48,27,1,480700,1,6,2,2,2,1,3,1,1,2,1,2,1,2,2,1,2,2,2,2,1,2,2,2,2,2,1,1,2,2,2,0,0,0
2008,48,39,1,480701,1,6,1,2,2,2,3,2,3,2,1,2,2,1,2,2,2,2,2,2,1,2,2,2,2,2,2,2,1,2,2,0,0,0
2008,48,271,1,480702,1,6,1,2,1,2,6,2,1,2,1,2,1,2,2,1,2,2,2,2,3,2,2,2,2,1,2,2,1,1,2,0,0,0
2008,48,375,1,480703,1,6,2,2,1,1,3,1,1,2,2,2,1,2,2,2,1,2,2,2,3,2,2,2,2,2,2,2,2,2,2,0,0,0
2008,48,215,1,480704,1,6,2,2,1,2,6,2,4,1,2,2,2,2,2,2,2,2,2,2,1,2,2,2,2,2,2,2,1,2,2,0,0,0
2008,48,215,1,480705,1,6,2,2,1,2,2,2,1,2,2,2,3,1,2,2,1,2,2,2,3,2,2,2,2,2,1,1,2,2,2,0,0,0
2008,48,71,1,480706,1,6,1,2,1,2,4,2,2,1,1,2,3,2,2,1,2,2,2,2,3,2,2,2,2,2,2,2,2,2,2,0,0,0
2008,48,453,1,480707,1,6,2,1,1,2,1,3,1,2,1,1,1,2,2,2,1,2,2,2,3,2,2,2,2,2,2,2,2,2,2,0,0,0
2008,48,253,1,480708,1,6,1,2,4,2,5,2,1,2,1,2,1,2,2,1,2,2,1,2,3,2,2,2,2,2,1,1,1,2,2,0,0,0
2008,48,85,1,480709,1,6,2,2,4,2,6,2,1,2,2,2,1,2,1,1,2,2,2,2,3,2,2,2,2,2,2,2,1,2,2,0,0,0
2008,48,159,1,480710,1,6,1,1,2,2,1,2,1,2,2,2,1,2,2,1,2,2,1,2,3,2,2,2,2,2,2,2,1,2,2,0,0,0
2008,48,185,1,480711,1,6,1,2,4,2,5,2,1,1,2,2,1,2,2,2,2,2,2,2,3,2,2,2,2,2,1,1,1,2,1,0,0,0
2008,48,491,1,480712,1,6,2,2,1,1,4,1,4,1,2,2,2,2,1,1,2,2,2,2,2,2,2,2,2,2,2,2,2,2,2,0,0,0
2008,48,303,1,480713,1,6,2,1,4,2,1,2,1,2,2,2,1,2,2,1,2,2,1,2,1,2,2,2,2,2,2,2,1,2,2,0,0,0
2008,48,349,1,480714,1,6,2,2,1,2,3,2,4,1,1,2,2,2,2,2,2,2,2,2,3,1,1,1,1,2,2,1,2,2,2,0,0,0
2008,48,459,1,480715,1,6,1,2,4,2,6,2,1,1,1,2,1,2,1,1,2,2,2,2,3,2,2,2,2,2,2,2,1,2,2,0,0,0
2008,48,497,1,480716,1,6,1,2,1,1,5,1,4,1,1,2,2,2,1,2,2,2,2,2,3,2,2,2,2,1,2,2,2,2,2,0,0,0
2008,48,61,1,480717,1,6,1,2,1,2,5,2,4,1,1,2,2,2,2,1,2,2,2,2,3,1,1,1,1,2,2,1,2,2,2,0,0,0
2008,48,375,1,480718,1,6,2,2,1,2,6,2,4,2,1,2,2,1,1,2,2,2,2,2,3,2,2,2,2,1,2,2,2,2,2,0,0,0
2008,48,401,1,480719,1,6,2,2,1,2,4,2,3,2,2,2,2,2,2,2,2,2,2,2,1,2,2,2,2,2,2,2,1,2,2,0,0,0
2008,48,491,1,480720,1,6,2,2,3,2,6,2,1,2,2,2,1,2,2,1,2,2,2,2,1,2,2,2,2,2,1,1,1,2,2,0,0,0
2008,48,143,1,480721,1,6,1,2,1,2,4,2,1,2,2,2,1,2,2,2,1,2,2,2,3,2,2,2,2,2,2,2,2,2,2,0,0,0
2008,48,157,1,480722,1,6,2,2,1,2,2,2,1,1,2,2,1,2,2,2,1,2,2,2,3,2,2,1,1,2,2,1,2,2,2,0,0,0
2008,48,363,1,480723,1,6,1,2,4,1,5,1,1,2,2,2,1,2,2,2,2,2,2,2,1,2,2,2,2,2,2,2,2,2,2,0,0,0
2008,48,245,1,480724,1,6,2,1,1,2,1,2,7,1,1,2,3,1,2,2,2,2,1,2,3,2,2,2,2,1,2,2,1,2,2,0,0,0
2008,48,491,1,480725,1,6,1,2,1,1,4,1,4,1,1,2,2,2,2,2,2,2,2,2,3,2,2,2,2,1,2,2,2,2,2,0,0,0
2008,48,491,2,480726,1,6,1,1,1,2,1,2,3,2,1,2,3,2,2,2,2,2,2,2,1,2,2,2,2,2,1,1,2,2,2,0,0,0
2008,48,309,1,480727,1,6,2,2,1,1,6,1,4,1,1,2,2,1,2,2,2,2,2,2,3,2,2,2,2,2,2,2,2,2,2,0,0,0
2008,48,339,1,480728,1,6,1,2,4,2,5,2,1,1,1,2,1,2,2,2,2,2,1,2,2,2,2,2,2,2,2,2,1,2,2,0,0,0
2008,48,367,1,480729,1,6,1,2,1,1,5,1,2,1,1,2,2,2,2,1,2,2,2,2,3,1,1,1,1,2,2,1,2,2,2,0,0,0
2008,48,479,1,480730,1,6,2,2,4,2,6,2,1,2,1,2,1,2,2,1,2,2,1,2,3,2,2,2,2,2,2,2,1,2,2,0,0,0
2008,48,29,1,480731,1,6,1,2,2,2,5,2,1,2,1,2,2,2,1,1,2,2,2,2,3,2,2,2,2,2,2,2,1,2,2,0,0,0
2008,48,121,3,480732,1,6,1,2,1,2,3,2,3,2,2,2,3,2,2,1,2,2,1,2,1,2,2,2,2,2,1,1,1,2,2,0,0,0
2008,48,201,1,480733,1,6,2,2,1,2,6,2,5,1,1,2,2,1,2,1,2,2,1,2,3,2,2,2,2,2,2,2,2,2,2,0,0,0
2008,48,85,1,480734,1,6,2,2,1,2,6,2,4,1,1,2,2,2,2,2,2,2,2,2,3,2,2,2,2,2,2,2,1,2,2,0,0,0
2008,48,479,1,480735,1,6,2,2,1,2,6,3,4,1,1,2,2,1,1,2,2,2,2,2,3,2,2,2,2,2,2,2,2,2,2,0,0,0
2008,48,201,1,480736,1,6,2,2,4,2,6,2,1,1,2,2,1,2,2,2,2,2,2,2,1,2,2,2,2,2,1,1,1,2,2,0,0,0
2008,48,453,1,480737,1,6,1,2,1,1,5,1,4,1,1,2,2,2,2,2,2,2,2,2,3,2,2,2,2,1,2,2,2,2,2,0,0,0
2008,48,113,1,480738,1,6,2,2,4,2,6,2,1,2,2,2,1,2,1,1,2,2,2,2,1,2,2,2,2,2,1,1,1,1,2,0,0,0
2008,48,139,1,480739,1,6,1,2,1,2,5,2,3,2,1,1,2,2,2,2,2,2,2,2,3,1,1,1,1,2,2,1,1,2,2,0,0,0
2008,48,55,1,480740,1,6,1,2,1,1,4,1,4,1,1,2,3,2,2,2,2,2,2,2,3,2,2,2,2,2,1,1,2,1,2,0,0,0
2008,48,201,1,480741,1,6,1,2,1,2,6,2,2,1,1,2,3,1,1,1,2,2,2,2,3,2,2,2,2,2,2,2,2,2,2,0,0,0
2008,48,201,1,480742,1,6,1,2,1,1,4,1,1,2,2,2,2,2,1,2,2,2,2,2,1,1,1,1,1,2,2,1,2,1,2,0,0,0
2008,48,315,1,480743,1,6,1,2,1,2,3,2,5,1,1,2,2,1,2,2,2,2,1,2,2,2,2,2,2,1,2,2,2,2,1,0,0,0
2008,48,329,2,480744,1,6,2,2,1,2,6,2,3,1,1,2,2,2,2,2,2,2,2,2,3,1,1,1,1,1,2,1,2,2,2,0,0,0
2008,48,479,1,480745,1,6,1,2,4,2,6,2,1,2,1,2,1,2,2,1,2,2,1,2,1,2,2,2,2,2,2,2,1,2,1,0,0,0
2008,48,401,1,480746,1,6,1,2,1,2,4,2,3,1,1,2,2,1,2,2,2,2,2,2,3,2,2,2,2,2,2,2,1,2,2,0,0,0
2008,48,47,1,480747,1,6,1,2,1,2,5,2,1,1,2,2,2,1,2,2,2,2,1,2,3,2,2,2,2,1,2,2,2,2,2,0,0,0
2008,48,113,1,480748,1,6,2,2,1,2,2,2,1,2,2,2,1,2,2,2,1,2,2,2,3,2,2,2,2,2,2,2,2,2,2,0,0,0
2008,48,183,1,480749,1,6,1,2,1,2,5,3,4,2,2,2,2,2,1,2,2,2,2,2,1,2,2,2,2,2,2,2,2,2,2,0,0,0
2008,48,257,1,480750,1,6,1,1,1,2,1,2,1,2,2,2,3,2,1,2,2,2,2,2,3,2,2,2,2,1,2,2,2,2,2,0,0,0
2008,48,309,2,480751,1,6,1,2,1,2,5,2,3,2,2,1,2,2,2,2,1,2,2,2,3,2,2,2,2,2,2,2,2,2,2,0,0,0
2008,48,481,1,480752,1,6,2,2,1,2,3,2,4,1,2,2,2,2,2,2,2,2,2,2,1,2,2,2,2,2,2,2,2,2,1,0,0,0
2008,48,221,1,480753,1,6,1,2,1,1,5,1,1,1,2,2,2,2,1,2,2,2,2,2,3,2,2,2,2,2,2,2,2,2,2,0,0,0
2008,48,53,1,480754,1,6,1,2,1,2,4,2,4,1,2,2,3,2,2,1,2,2,2,2,3,1,1,1,1,1,2,1,1,2,2,0,0,0
2008,48,441,1,480755,1,6,2,2,1,1,6,1,3,2,2,2,2,2,1,2,2,2,2,2,2,2,2,2,2,2,1,1,2,2,2,0,0,0
2008,48,453,1,480756,1,6,1,2,1,1,5,1,4,1,2,2,2,2,1,2,2,2,2,2,3,2,2,2,2,2,2,2,2,2,2,0,0,0
2008,48,473,1,480757,1,6,1,1,1,2,1,2,1,2,2,2,2,2,2,2,1,2,2,2,1,1,1,1,1,2,1,1,2,2,2,0,0,0
2008,48,213,2,480758,1,6,1,2,1,2,5,2,4,1,1,2,2,2,2,1,2,2,1,2,2,1,1,1,1,2,2,1,1,2,2,0,0,0
2008,48,339,1,480759,1,6,2,1,1,2,1,2,1,1,1,2,1,2,2,2,1,2,2,2,3,2,2,2,2,2,2,2,2,2,2,0,0,0
2008,48,453,1,480760,1,6,1,2,4,2,6,2,1,2,1,2,1,2,2,1,2,2,1,2,1,2,2,2,2,2,2,2,1,2,2,0,0,0
2008,48,113,1,480761,1,6,2,2,1,1,6,1,4,2,1,2,2,2,2,2,2,2,2,2,1,2,2,2,2,2,2,2,2,2,2,0,0,0
2008,48,213,1,480762,1,6,1,2,4,2,6,2,1,2,1,2,1,2,2,1,2,2,2,2,2,2,2,1,1,2,2,1,1,2,2,0,0,0
2008,48,473,1,480763,1,6,1,2,1,1,5,1,4,1,1,2,2,2,1,2,2,2,2,2,2,2,2,2,2,1,2,2,2,2,2,0,0,0
2008,48,29,1,480764,1,6,2,2,4,2,6,2,1,2,1,2,1,2,2,1,2,2,2,2,1,1,1,1,1,2,2,1,1,2,2,0,0,0
2008,48,113,1,480765,1,6,2,2,4,2,6,2,1,2,1,2,1,2,2,2,2,2,2,2,1,2,2,2,2,2,1,1,1,2,2,0,0,0
2008,48,113,1,480766,1,6,2,2,1,1,2,1,4,1,1,2,2,2,2,2,2,2,2,2,3,2,2,2,2,2,2,2,2,2,2,0,0,0
2008,48,395,1,480767,1,6,1,2,4,2,5,2,1,2,1,2,1,2,2,2,2,2,1,2,3,2,2,2,2,2,2,2,1,2,2,0,0,0
2008,48,23,1,480768,1,6,1,2,1,2,3,2,2,1,1,2,2,2,2,2,2,2,2,2,3,2,2,2,2,1,2,2,2,2,2,0,0,0
2008,48,395,1,480769,1,6,1,2,1,2,6,3,1,1,1,2,1,1,2,2,2,2,2,2,3,2,2,2,2,2,2,2,2,2,2,0,0,0
2008,48,203,1,480770,1,6,2,2,4,2,6,2,1,1,1,2,1,2,2,2,2,2,2,2,1,2,2,2,2,2,2,2,1,2,2,0,0,0
2008,48,143,1,480771,1,6,1,2,1,2,3,2,3,1,2,2,3,2,2,2,2,2,1,2,3,2,2,2,2,2,2,2,1,2,2,0,0,0
2008,48,167,1,480772,1,6,2,1,1,2,1,3,4,2,2,2,2,2,2,2,2,2,2,2,1,2,2,2,2,2,2,2,2,2,2,0,0,0
2008,48,339,1,480773,1,6,2,2,1,1,6,1,4,1,2,2,2,2,2,2,2,2,2,2,3,2,2,2,2,2,2,2,2,1,2,0,0,0
2008,48,449,1,480774,1,6,2,2,1,2,3,3,4,1,2,2,2,2,2,2,2,2,2,2,3,2,2,1,1,1,2,1,2,2,2,0,0,0
2008,48,455,1,480775,1,6,1,2,1,2,4,2,1,2,2,1,1,2,2,2,1,2,2,2,3,2,2,2,2,2,1,1,2,2,2,0,0,0
2008,48,61,1,480776,1,6,1,2,4,2,5,2,1,1,2,2,1,2,2,2,2,2,2,2,3,2,2,2,2,1,2,2,1,2,2,0,0,0
2008,48,21,4,480777,1,6,1,2,1,2,5,2,3,2,1,2,2,2,2,2,2,2,1,2,3,2,2,2,2,2,2,2,1,2,2,0,0,0
2008,48,35,1,480778,1,6,1,2,1,2,4,2,5,1,1,2,2,1,2,2,2,2,2,2,3,2,2,2,2,1,2,2,2,1,2,0,0,0
2008,48,453,1,480779,1,6,2,2,4,2,6,2,4,1,1,2,1,2,1,1,2,2,2,2,2,1,1,1,1,2,2,1,1,2,2,0,0,0
2008,48,439,1,480780,1,6,2,2,1,2,3,3,1,2,1,1,2,2,2,2,2,2,2,2,3,2,2,2,2,2,2,2,2,2,2,0,0,0
2008,48,453,1,480781,1,6,2,1,1,2,1,2,2,2,1,1,2,1,1,1,2,2,2,2,1,2,2,2,2,2,1,1,2,2,2,0,0,0
2008,48,179,1,480782,1,6,1,2,1,2,3,2,4,1,1,2,2,2,1,2,2,2,2,2,3,2,2,2,2,2,2,2,2,2,2,0,0,0
2008,48,419,1,480783,1,6,1,2,4,2,3,2,1,2,2,2,1,2,2,1,2,2,2,2,1,2,2,2,2,2,1,1,1,2,2,0,0,0
2008,48,113,1,480784,1,6,2,2,1,1,6,1,3,2,2,2,2,2,2,1,2,2,2,2,1,2,2,2,2,1,2,2,2,2,2,0,0,0
2008,48,201,1,480785,1,6,2,2,1,1,2,1,4,1,2,2,2,2,1,2,2,2,2,2,3,2,2,2,2,2,2,2,2,2,2,0,0,0
2008,48,381,1,480786,1,6,1,2,1,2,5,3,4,2,2,2,2,2,2,2,2,2,2,2,3,2,2,2,2,2,1,1,2,2,2,0,0,0
2008,48,245,3,480787,1,6,2,2,1,2,3,2,3,1,2,2,2,2,2,1,2,2,2,2,3,2,2,2,2,2,2,2,1,2,2,0,0,0
2008,48,339,1,480788,1,6,1,2,4,2,5,2,1,2,2,2,1,2,2,1,2,2,1,2,1,2,2,2,2,2,2,2,1,2,2,0,0,0
2008,48,333,1,480789,1,6,1,2,2,2,3,2,2,1,1,2,2,2,2,1,2,2,1,2,2,2,2,1,1,2,2,1,1,2,1,0,0,0
2008,48,213,1,480790,1,6,2,2,1,2,4,2,4,1,1,2,2,2,2,1,2,2,2,2,3,2,2,2,2,2,2,2,1,2,2,0,0,0
2008,48,29,1,480791,1,6,2,2,1,2,6,2,1,2,2,2,1,2,2,2,1,2,2,2,3,2,2,2,2,2,2,2,2,2,2,0,0,0
2008,48,367,1,480792,1,6,1,2,1,2,5,2,1,2,1,2,1,2,1,1,2,2,2,2,3,2,2,2,2,2,2,2,2,2,2,0,0,0
2008,48,361,1,480793,1,6,1,2,1,2,5,2,3,1,1,2,2,2,2,2,2,2,2,2,1,2,2,2,2,1,1,1,1,2,2,0,0,0
2008,48,29,1,480794,1,6,2,2,1,2,3,2,1,2,2,2,1,2,2,2,1,2,2,2,2,2,2,2,2,2,2,2,2,2,2,0,0,0
2008,48,439,1,480795,1,6,2,2,1,2,2,2,1,2,2,1,1,2,2,1,1,2,2,2,3,2,2,2,2,2,2,2,2,2,2,0,0,0
2008,48,113,1,480796,1,6,2,1,1,2,1,2,1,1,1,1,1,2,2,2,1,2,2,2,3,2,2,2,2,2,2,2,2,2,2,0,0,0
2008,48,397,1,480797,1,6,2,1,1,2,1,2,3,2,2,2,2,1,2,2,2,2,2,2,1,2,2,2,2,2,1,1,2,2,2,0,0,0
2008,48,309,1,480798,1,6,1,2,1,2,4,3,4,2,1,2,2,2,2,2,2,2,2,2,3,2,2,2,2,1,2,2,2,2,2,0,0,0
2008,48,199,1,480799,1,6,2,2,1,2,3,3,4,1,1,2,2,2,2,2,2,2,2,2,3,2,2,2,2,1,2,2,2,2,2,0,0,0
2008,48,201,1,480800,1,6,2,2,1,2,6,2,1,1,1,2,1,2,2,2,2,1,2,2,3,1,1,1,1,2,2,1,2,2,2,0,0,0
2008,48,29,1,480801,1,6,2,2,1,2,3,2,2,2,2,1,2,2,1,1,2,2,2,2,1,2,2,2,2,2,2,2,2,2,2,0,0,0
2008,48,217,1,480802,1,6,1,2,1,2,5,2,1,1,1,2,3,2,2,2,1,2,2,2,3,2,2,2,2,2,2,2,2,2,2,0,0,0
2008,48,305,1,480803,1,6,1,2,1,1,4,1,1,2,2,2,1,2,2,2,2,1,2,2,2,2,2,2,2,1,2,2,2,2,2,0,0,0
2008,48,371,1,480804,1,6,1,2,4,2,5,2,1,1,2,2,1,1,2,2,2,2,1,2,3,2,2,2,2,2,2,2,1,2,1,0,0,0
2008,48,201,1,480805,1,6,2,1,1,2,1,2,2,2,2,2,3,1,2,1,1,2,2,2,2,2,2,2,2,2,2,2,2,1,1,0,0,0
2008,48,493,1,480806,1,6,1,2,1,1,3,1,4,1,1,2,2,1,2,2,2,2,2,2,3,2,2,2,2,2,2,2,2,2,2,0,0,0
2008,48,215,1,480807,1,6,1,2,2,1,5,1,1,2,1,1,1,2,2,2,1,2,2,2,3,2,2,2,2,2,2,2,2,2,2,0,0,0
2008,48,215,3,480808,1,6,2,2,4,2,2,2,1,1,1,2,2,2,2,1,2,2,2,2,3,2,2,2,2,2,2,2,1,2,2,0,0,0
2008,48,3,1,480809,1,6,1,2,4,2,6,2,1,2,1,2,1,2,2,2,2,2,1,2,2,2,2,2,2,2,2,2,1,1,2,0,0,0
2008,48,371,1,480810,1,6,1,1,4,2,1,2,1,1,1,2,1,2,2,2,2,2,1,2,3,2,2,2,2,1,2,2,2,2,2,0,0,0
2008,48,201,1,480811,1,6,2,2,1,2,6,2,3,2,2,2,2,2,2,1,2,2,2,2,1,2,2,2,2,2,2,2,1,2,2,0,0,0
2008,48,35,1,480812,1,6,1,2,1,1,4,1,4,1,2,2,2,2,1,2,2,2,2,2,3,2,2,2,2,2,1,1,2,1,2,0,0,0
2008,48,29,1,480813,1,6,2,2,1,2,3,2,3,1,1,2,2,2,2,2,2,2,2,2,3,2,2,2,2,2,2,2,1,2,2,0,0,0
2008,48,61,1,480814,1,6,2,2,4,2,6,2,1,2,2,1,1,2,2,2,1,2,2,2,3,2,2,2,2,2,2,2,2,2,2,0,0,0
2008,48,439,1,480815,1,6,2,2,1,1,3,1,4,1,1,2,2,2,2,1,2,2,2,2,3,2,2,2,2,2,2,2,2,2,2,0,0,0
2008,48,439,1,480816,1,6,2,1,4,2,1,3,1,2,1,2,1,2,1,2,2,2,2,2,3,2,2,2,2,2,2,2,1,2,2,0,0,0
2008,48,29,1,480817,1,6,2,2,3,2,2,2,1,1,1,2,1,1,2,2,2,2,2,2,2,2,2,2,2,2,2,2,1,2,1,0,0,0
2008,48,215,1,480818,1,6,1,2,4,2,5,2,1,1,2,2,1,2,2,2,2,2,1,2,3,1,2,1,2,2,2,2,1,2,2,0,0,0
2008,48,165,1,480819,1,6,1,2,4,2,6,2,1,1,2,2,1,2,2,2,2,2,1,2,3,2,2,2,2,2,1,1,1,2,2,0,0,0
2008,48,201,1,480820,1,6,2,2,1,2,6,2,5,2,1,2,2,2,2,1,2,2,2,2,3,1,1,1,1,2,2,1,2,2,2,0,0,0
2008,48,329,1,480821,1,6,1,2,1,2,4,2,1,1,1,2,1,2,2,1,2,1,2,2,3,2,2,2,2,2,2,2,2,1,2,0,0,0
2008,48,287,1,480822,1,6,1,2,4,2,3,2,1,2,2,2,1,2,2,2,2,2,1,2,1,2,2,1,1,2,2,1,1,1,2,0,0,0
2008,48,339,1,480823,1,6,3,3,4,2,7,2,1,2,2,2,1,2,2,1,2,2,2,2,1,2,2,2,2,2,1,1,1,2,2,0,0,0
2008,48,365,1,480824,1,6,1,2,1,2,4,2,3,1,1,2,2,1,2,1,2,2,2,2,2,2,2,2,2,1,2,2,1,2,2,0,0,0
2008,48,33,1,480825,1,6,1,2,4,2,5,2,1,1,1,2,1,2,2,2,2,2,1,2,3,2,2,2,2,2,2,2,2,2,2,0,0,0
2008,48,29,1,480826,1,6,2,2,1,2,3,2,1,2,2,2,1,2,2,2,1,2,2,2,3,2,2,2,2,2,2,2,2,2,2,0,0,0
2008,48,227,1,480827,1,6,1,1,1,2,1,2,2,2,2,1,2,2,1,1,2,2,2,2,3,2,2,2,2,2,2,2,2,2,2,0,0,0
2008,48,361,1,480828,1,6,1,2,1,2,4,2,3,1,2,2,2,2,2,1,2,2,1,2,1,2,2,2,2,2,2,2,1,2,2,0,0,0
2008,48,113,1,480829,1,6,2,2,1,1,6,1,4,2,2,2,2,2,1,1,2,2,2,2,3,2,2,2,2,2,2,2,2,2,2,0,0,0
2008,48,329,1,480830,1,6,1,2,4,2,4,2,1,2,1,2,1,2,2,2,2,2,1,2,1,2,2,2,2,2,2,2,1,2,2,0,0,0
2008,48,41,1,480831,1,6,2,2,4,2,6,2,1,2,1,2,1,2,2,2,2,2,1,2,1,2,2,2,2,2,1,1,1,2,2,0,0,0
2008,48,183,1,480832,1,6,1,2,1,1,5,1,4,1,1,2,2,2,1,2,2,2,2,2,2,2,2,2,2,2,2,2,2,2,2,0,0,0
2008,48,113,1,480833,1,6,2,2,1,1,3,1,4,2,1,2,2,1,2,2,2,2,2,2,1,1,1,1,1,2,2,1,2,2,2,0,0,0
2008,48,183,1,480834,1,6,2,2,1,2,3,2,3,2,2,2,2,2,2,1,2,2,1,2,1,1,1,1,1,2,2,1,1,2,2,0,0,0
2008,48,1,1,480835,1,6,1,2,4,2,5,2,1,2,2,2,1,2,2,1,2,2,1,2,2,2,2,2,2,2,2,2,1,2,2,0,0,0
2008,48,135,1,480836,1,6,2,2,1,2,3,2,3,1,2,2,3,2,1,2,2,2,2,2,3,2,2,2,2,2,2,2,2,2,2,0,0,0
2008,48,361,1,480837,1,6,2,1,1,2,1,2,2,2,2,2,2,2,2,1,2,2,2,2,3,2,2,2,2,2,2,2,2,2,2,0,0,0
2008,48,141,1,480838,1,6,2,2,1,2,6,2,4,1,2,2,2,2,2,1,2,2,2,2,3,1,1,1,1,1,2,1,1,2,2,0,0,0
2008,48,183,1,480839,1,6,1,2,4,1,6,1,1,2,2,2,1,2,2,2,2,2,2,2,3,2,2,2,2,2,2,2,2,2,1,0,0,0
2008,48,287,1,480840,1,6,1,2,1,2,3,2,4,1,2,2,3,2,2,2,2,2,2,2,3,1,1,1,1,2,1,1,2,2,1,0,0,0
2008,48,465,1,480841,1,6,2,2,1,2,3,2,1,1,2,2,1,2,2,2,1,2,2,2,2,1,1,1,1,2,2,1,2,1,2,0,0,0
2008,48,491,1,480842,1,6,1,2,4,2,6,2,1,2,1,2,1,2,1,1,2,2,2,2,2,2,2,2,2,2,2,2,1,2,2,0,0,0
2008,48,389,1,480843,1,6,2,1,4,1,1,1,1,2,1,2,1,2,2,1,2,2,1,2,1,2,2,2,2,2,1,1,1,1,2,0,0,0
2008,48,201,1,480844,1,6,1,2,1,1,4,1,4,2,2,2,3,2,2,2,2,2,1,2,3,2,2,2,2,2,1,1,2,2,2,0,0,0
2008,48,117,1,480845,1,6,2,2,4,2,6,2,1,2,2,2,1,2,2,1,2,2,1,2,3,1,1,1,1,2,2,1,1,2,2,0,0,0
2008,48,135,1,480846,1,6,2,2,1,2,6,2,1,2,2,1,1,2,2,2,1,2,2,2,3,1,1,1,1,2,2,1,2,2,2,0,0,0
2008,48,309,1,480847,1,6,2,1,1,2,1,2,5,2,2,2,2,2,2,2,2,2,1,2,1,2,2,1,1,2,2,1,2,2,2,0,0,0
2008,48,439,1,480848,1,6,2,2,1,2,3,2,2,1,2,2,2,2,1,1,2,2,2,2,3,2,2,2,2,2,1,1,2,2,2,0,0,0
2008,48,113,1,480849,1,6,2,2,1,2,3,2,2,1,2,2,2,2,1,2,2,2,2,2,1,2,2,2,2,2,2,2,2,1,2,0,0,0
2008,48,123,1,480850,1,6,1,2,1,1,3,1,4,1,2,2,2,1,2,2,2,2,2,2,3,2,2,2,2,1,2,2,2,2,2,0,0,0
2008,48,139,1,480851,1,6,2,2,3,2,3,2,1,2,2,2,1,2,2,1,2,2,1,2,3,1,1,1,1,2,2,1,1,2,2,0,0,0
2008,48,251,1,480852,1,6,1,1,2,2,1,2,2,2,2,2,1,2,2,2,1,2,2,2,2,2,2,1,1,2,2,1,1,2,1,0,0,0
2008,48,367,1,480853,1,6,1,2,4,2,6,2,1,2,1,2,1,2,2,2,2,2,2,2,3,2,2,2,2,2,1,1,1,2,2,0,0,0
2008,48,501,1,480854,1,6,1,2,4,2,4,2,1,1,1,2,1,2,2,1,2,2,1,2,3,2,2,2,2,2,2,2,1,2,2,0,0,0
2008,48,27,1,480855,1,6,2,2,4,2,2,2,1,2,1,2,1,2,2,2,2,2,1,2,1,1,1,1,1,2,2,1,1,2,2,0,0,0
2008,48,167,2,480856,1,6,2,2,1,1,2,1,4,1,1,2,2,2,2,2,2,2,2,2,3,2,2,2,2,2,2,2,2,1,2,0,0,0
2008,48,201,1,480857,1,6,2,2,1,1,6,1,4,1,1,2,2,2,2,2,2,2,2,2,3,2,2,2,2,1,2,2,2,2,2,0,0,0
2008,48,245,1,480858,1,6,2,2,1,2,4,3,4,1,1,2,2,2,2,2,2,2,2,2,3,2,2,2,2,1,2,2,2,2,2,0,0,0
2008,48,3,1,480859,1,6,1,2,4,2,3,2,1,1,1,2,1,2,2,2,2,2,1,2,3,1,1,1,1,2,2,1,1,1,2,0,0,0
2008,48,73,2,480860,1,6,1,2,1,2,4,2,4,1,1,2,2,2,2,2,2,2,2,2,3,2,2,2,2,2,2,2,1,1,2,0,0,0
2008,48,473,1,480861,1,6,1,2,4,2,5,2,1,2,1,2,1,2,2,2,2,2,2,2,2,2,2,2,2,2,2,2,1,2,1,0,0,0
2008,48,497,1,480862,1,6,1,2,1,1,5,1,4,1,1,2,2,1,2,2,2,2,2,2,3,2,2,2,2,1,2,2,2,2,2,0,0,0
2008,48,69,1,480863,1,6,1,2,1,1,4,1,4,1,1,2,3,1,2,2,2,2,2,2,3,2,2,2,2,2,2,2,2,1,2,0,0,0
2008,48,135,1,480864,1,6,1,2,1,2,6,2,4,2,2,2,2,2,1,2,2,2,2,2,1,2,2,2,2,2,2,2,2,2,2,0,0,0
2008,48,149,1,480865,1,6,1,2,1,1,4,1,4,1,1,2,2,1,2,2,2,2,2,2,3,2,2,2,2,2,2,2,2,2,2,0,0,0
2008,48,27,1,480866,1,6,1,2,1,2,6,2,1,2,2,2,1,2,1,1,2,2,2,2,1,2,2,2,2,2,2,2,2,2,2,0,0,0
2008,48,29,1,480867,1,6,2,1,1,2,1,2,2,2,2,1,2,2,2,1,2,2,1,2,1,2,2,2,2,2,2,2,2,2,2,0,0,0
2008,48,39,1,480868,1,6,1,2,1,2,3,2,4,1,2,2,2,2,2,2,2,2,2,2,2,2,2,2,2,2,2,2,2,1,2,0,0,0
2008,48,185,2,480869,1,6,1,2,4,2,4,2,4,1,2,2,2,2,2,2,2,2,2,2,3,1,1,1,1,2,2,1,1,1,2,0,0,0
2008,48,367,1,480870,1,6,1,2,4,1,5,1,1,1,2,2,1,2,2,1,2,2,1,2,3,2,2,2,2,2,2,2,2,1,2,0,0,0
2008,48,251,1,480871,1,6,2,2,1,2,6,3,1,1,2,2,1,2,2,2,2,2,2,2,3,1,2,1,2,2,2,2,2,2,2,0,0,0
2008,48,453,1,480872,1,6,2,2,1,1,6,1,6,2,2,2,2,2,1,2,2,2,2,2,3,2,2,2,2,2,1,1,2,2,2,0,0,0
2008,48,167,1,480873,1,6,2,2,1,2,4,2,1,2,1,2,1,2,2,2,1,2,2,2,3,2,2,1,1,2,2,1,2,2,2,0,0,0
2008,48,29,1,480874,1,6,2,1,1,2,1,2,2,1,1,2,3,2,2,1,2,2,2,2,3,2,2,2,2,2,2,2,2,1,2,0,0,0
2008,48,29,1,480875,1,6,2,1,1,2,1,2,1,1,1,2,1,2,2,2,1,2,2,2,3,2,2,2,2,2,2,2,2,2,2,0,0,0
2008,48,201,1,480876,1,6,1,2,1,1,6,1,1,2,1,2,1,2,2,2,1,2,2,2,3,2,2,2,2,2,2,2,2,2,2,0,0,0
2008,48,29,1,480877,1,6,2,2,1,2,3,2,4,2,2,2,2,2,2,1,2,2,2,2,3,1,1,1,1,2,2,1,1,2,2,0,0,0
2008,48,15,1,480878,1,6,1,2,1,1,5,1,1,2,2,2,1,2,2,2,1,2,2,2,3,2,2,2,2,1,2,2,2,2,2,0,0,0
2008,48,47,1,480879,1,6,2,2,1,2,6,2,1,2,1,2,1,2,2,2,2,2,2,2,3,2,2,2,2,2,2,2,2,2,2,0,0,0
2008,48,479,1,480880,1,6,2,2,1,1,3,1,4,2,2,2,2,2,2,2,2,2,2,2,3,1,1,1,1,2,2,1,2,2,2,0,0,0
2008,48,29,1,480882,1,6,2,2,1,1,6,1,1,2,2,1,2,2,2,2,2,2,2,2,3,2,2,2,2,2,2,2,2,2,2,0,0,0
2008,48,439,1,480883,1,6,1,2,4,2,6,2,1,1,1,2,1,2,2,2,2,2,1,2,1,2,2,2,2,2,2,2,1,2,2,0,0,0
2008,48,201,1,480884,1,6,2,2,1,2,2,2,3,2,2,2,2,2,2,2,2,2,2,2,1,2,2,2,2,2,2,2,2,2,2,0,0,0
2008,48,113,2,480885,1,6,2,1,2,2,1,2,2,2,1,2,1,2,2,2,2,2,2,2,1,2,2,2,2,2,2,2,1,2,2,0,0,0
2008,48,113,1,480886,1,6,2,1,1,2,1,2,5,2,1,2,2,2,2,2,2,2,1,2,3,2,2,2,2,2,2,2,2,2,2,0,0,0
2008,48,201,1,480887,1,6,1,2,3,2,6,2,1,2,1,2,1,2,2,2,1,2,2,2,3,2,2,2,2,2,2,2,1,2,2,0,0,0
2008,48,113,1,480888,1,6,2,2,2,2,3,2,1,1,2,2,1,2,2,2,1,2,2,2,1,2,2,2,2,2,2,2,1,2,2,0,0,0
2008,48,113,1,480889,1,6,2,1,1,2,1,3,1,2,2,2,3,1,2,2,1,2,2,2,3,2,2,2,2,2,2,2,2,2,2,0,0,0
2008,48,297,1,480890,1,6,1,1,4,2,1,2,1,2,1,2,1,2,2,2,2,2,1,2,3,2,2,2,2,2,2,2,1,2,1,0,0,0
2008,48,215,1,480891,1,6,2,2,1,2,3,2,1,2,1,1,1,2,2,2,2,1,2,2,3,2,2,2,2,2,2,2,2,2,2,0,0,0
2008,48,215,1,480892,1,6,1,2,4,2,5,2,1,2,1,2,1,2,2,1,2,2,1,2,1,2,2,2,2,2,2,2,1,2,2,0,0,0
2008,48,167,1,480893,1,6,2,2,1,2,3,3,4,2,2,2,2,2,1,2,2,2,2,2,3,2,2,2,2,1,2,2,2,2,2,0,0,0
2008,48,153,2,480894,1,6,1,2,4,2,6,2,1,2,2,2,1,2,2,1,2,2,1,2,2,1,1,1,1,2,2,1,1,1,2,0,0,0
2008,48,187,1,480895,1,6,1,2,1,1,4,1,4,1,1,2,2,2,2,2,2,2,2,2,3,2,2,2,2,1,2,2,2,2,2,0,0,0
2008,48,181,2,480896,1,6,2,2,4,2,2,2,1,2,1,2,1,2,2,2,2,2,1,2,2,2,2,2,2,1,2,2,1,2,2,0,0,0
2008,48,27,1,480897,1,6,2,2,1,2,2,2,5,1,1,2,3,2,2,2,2,2,2,2,3,2,2,2,2,2,1,1,2,2,2,0,0,0
2008,48,139,1,480898,1,6,1,2,4,2,6,2,1,1,2,2,1,2,2,1,2,2,2,2,2,2,2,2,2,2,2,2,1,2,2,0,0,0
2008,48,245,1,480899,1,6,1,2,1,1,5,1,3,2,2,2,2,2,2,2,2,2,2,2,1,2,2,2,2,2,1,1,2,2,2,0,0,0
2008,48,181,1,480900,1,6,1,2,1,2,3,2,2,1,1,2,2,1,2,1,2,2,2,2,3,2,2,2,2,2,2,2,2,2,2,0,0,0
2008,48,141,1,480901,1,6,2,1,3,2,1,2,1,2,1,2,1,2,2,1,2,2,1,2,1,1,1,1,1,2,2,1,1,1,2,0,0,0
2008,48,367,1,480902,1,6,1,2,1,1,4,1,4,1,1,2,2,2,1,1,2,2,2,2,1,2,2,2,2,1,1,1,2,2,2,0,0,0
2008,48,39,1,480903,1,6,1,2,1,2,4,2,3,2,2,2,2,2,2,2,2,2,1,2,3,1,1,1,1,2,2,1,1,2,2,0,0,0
2008,48,201,2,480904,1,6,2,2,1,2,3,2,4,2,2,2,3,2,2,1,2,2,2,2,1,2,2,2,2,2,1,1,2,2,2,0,0,0
2008,48,201,1,480905,1,6,2,2,2,2,2,2,1,2,2,1,1,2,2,2,2,2,2,2,3,2,2,2,2,2,2,2,1,2,2,0,0,0
2008,48,245,1,480906,1,6,2,2,1,2,3,2,1,2,2,2,1,2,2,2,2,1,2,2,3,1,1,1,1,2,2,1,2,2,2,0,0,0
2008,48,113,1,480907,1,6,2,2,1,1,6,1,4,2,1,1,3,2,2,2,2,2,1,2,3,2,2,2,2,2,2,2,2,2,2,0,0,0
2008,48,37,1,480908,1,6,2,2,4,2,2,2,1,2,1,2,1,2,2,2,2,2,1,2,1,2,2,1,1,2,2,1,1,2,2,0,0,0
2008,48,363,3,480909,1,6,1,2,1,2,5,2,3,2,1,2,2,2,2,1,2,2,2,2,1,2,2,2,2,2,2,2,1,1,2,0,0,0
2008,48,183,1,480910,1,6,1,2,2,2,4,2,1,1,1,2,1,2,2,2,2,2,1,2,2,2,2,2,2,2,2,2,1,1,2,0,0,0
2008,48,321,1,480911,1,6,1,2,1,2,4,2,3,2,2,2,2,2,2,2,2,2,2,2,1,2,2,2,2,2,1,1,2,1,1,0,0,0
2008,48,401,1,480912,1,6,1,2,4,2,5,2,1,1,1,2,1,2,2,1,2,2,1,2,2,2,2,2,2,1,2,2,1,2,2,0,0,0
2008,48,423,1,480913,1,6,2,2,1,1,4,1,4,2,2,2,2,2,1,1,2,2,2,2,3,1,1,1,1,2,2,1,2,2,2,0,0,0
2008,48,67,1,480915,1,6,1,2,4,2,5,2,1,1,1,2,1,2,2,1,2,2,1,2,2,2,2,2,2,2,1,1,1,2,2,0,0,0
2008,48,453,1,480916,1,6,2,1,1,1,1,1,4,1,1,2,2,1,2,2,2,2,2,2,3,2,2,2,2,2,1,1,2,2,2,0,0,0
2008,48,467,1,480917,1,6,1,2,1,2,4,2,3,1,1,2,3,2,2,2,2,2,2,2,3,2,2,2,2,2,2,2,1,2,1,0,0,0
2008,48,91,1,480918,1,6,2,2,1,1,3,1,1,1,1,2,1,2,2,2,2,2,2,2,3,1,1,1,1,2,2,1,2,2,2,0,0,0
2008,48,239,1,480919,1,6,1,2,1,1,4,1,1,1,1,2,1,2,2,1,2,2,1,2,1,2,2,2,2,2,2,2,2,2,2,0,0,0
2008,48,439,1,480920,1,6,2,2,1,2,2,3,1,2,1,2,1,2,2,2,1,2,2,2,3,2,2,2,2,2,1,1,2,2,2,0,0,0
2008,48,113,1,480921,1,6,2,1,1,2,1,2,2,2,2,2,2,2,1,1,2,2,2,2,1,2,2,2,2,2,1,1,2,2,2,0,0,0
2008,48,223,2,480922,1,6,1,2,1,2,5,2,2,1,2,1,1,2,2,1,1,2,2,2,2,2,2,2,2,2,2,2,2,2,2,0,0,0
2008,48,61,1,480923,1,6,2,2,4,2,4,2,1,2,2,2,1,2,2,1,2,2,1,2,1,2,2,2,2,2,2,2,1,2,2,0,0,0
2008,48,113,1,480924,1,6,2,2,2,2,2,2,1,2,2,2,1,2,2,1,2,2,1,2,1,1,1,1,1,2,2,1,1,2,2,0,0,0
2008,48,341,2,480925,1,6,1,2,3,2,3,2,1,2,2,2,1,2,2,1,2,2,1,2,3,2,2,2,2,2,2,2,1,2,2,0,0,0
2008,48,113,1,480926,1,6,2,2,4,2,6,3,1,2,1,2,1,2,2,2,1,2,2,2,3,2,2,2,2,2,1,1,2,2,2,0,0,0
2008,48,403,1,480927,1,6,1,2,4,2,5,2,1,2,1,2,1,2,2,2,2,2,1,2,1,2,2,2,2,2,2,2,1,2,2,0,0,0
2008,48,423,1,480928,1,6,1,2,1,2,5,2,3,1,1,2,2,1,2,2,2,2,2,2,3,2,2,2,2,1,2,2,1,2,2,0,0,0
2008,48,27,1,480929,1,6,2,2,4,2,6,2,1,1,1,1,1,2,2,1,1,2,2,2,3,2,2,1,1,2,2,1,1,2,2,0,0,0
2008,48,183,1,480930,1,6,1,2,4,2,3,2,1,1,1,2,1,2,2,2,2,2,1,2,1,2,2,2,2,2,2,2,1,2,1,0,0,0
2008,48,199,1,480931,1,6,1,2,4,2,5,2,1,1,1,2,1,2,2,2,2,2,1,2,3,2,2,2,2,1,2,2,1,2,2,0,0,0
2008,48,211,1,480932,1,6,1,2,1,2,3,2,4,2,1,2,2,1,2,2,2,2,2,2,3,2,2,2,2,2,2,2,1,2,1,0,0,0
2008,48,245,1,480933,1,6,1,2,4,2,5,2,1,2,1,2,1,2,2,2,2,2,1,2,3,2,2,2,2,1,2,2,1,2,2,0,0,0
2008,48,29,1,480934,1,6,1,2,3,1,4,1,1,2,2,2,1,2,2,2,2,2,2,2,2,2,2,2,2,2,2,2,2,2,2,0,0,0
2008,48,167,1,480935,1,6,2,2,4,2,6,2,1,1,1,2,1,2,2,2,1,2,2,2,2,1,1,1,1,2,2,1,2,2,2,0,0,0
2008,48,361,1,480936,1,6,2,2,1,2,3,3,4,2,1,2,2,2,2,2,2,2,2,2,3,2,2,2,2,2,2,2,2,2,2,0,0,0
2008,48,15,2,480937,1,6,1,2,1,2,5,2,1,2,2,2,1,2,2,1,2,2,1,2,1,2,2,2,2,2,2,2,1,2,2,0,0,0
2008,48,29,2,480938,1,6,2,2,1,1,3,1,4,2,2,2,2,2,2,1,2,2,1,2,1,2,2,2,2,2,1,1,2,2,2,0,0,0
2008,48,479,1,480939,1,6,2,2,4,2,6,2,1,2,2,2,1,2,2,1,2,2,1,2,3,2,2,2,2,2,2,2,1,2,2,0,0,0
2008,48,57,1,480940,1,6,1,2,4,2,6,2,1,2,2,2,1,2,2,1,2,2,2,2,3,2,2,2,2,2,2,2,1,2,2,0,0,0
2008,48,359,1,480941,1,6,1,1,1,2,1,2,1,1,1,2,1,2,2,1,2,1,2,2,3,2,2,2,2,1,2,2,2,1,2,0,0,0
2008,48,189,1,480942,1,6,2,2,1,1,3,1,1,2,1,2,1,2,2,2,2,2,2,2,3,1,1,1,1,2,2,1,2,2,2,0,0,0
2008,48,359,1,480943,1,6,1,1,4,2,1,2,1,1,1,2,1,2,2,2,2,2,1,2,3,2,2,2,2,2,2,2,1,2,1,0,0,0
2008,48,201,1,480944,1,6,1,2,4,2,6,2,1,2,1,2,1,2,2,2,2,2,1,2,2,2,2,2,2,2,2,2,1,2,1,0,0,0
2008,48,209,1,480945,1,6,2,2,1,2,6,2,1,2,2,1,1,2,2,2,1,2,2,2,1,2,2,2,2,2,2,2,2,1,2,0,0,0
2008,48,215,1,480946,1,6,2,2,4,2,6,2,1,1,2,2,1,2,2,1,2,2,1,2,3,1,1,1,1,2,2,1,1,1,2,0,0,0
2008,48,245,1,480948,1,6,1,2,1,2,3,2,1,2,1,1,1,2,2,1,1,2,2,2,3,2,2,2,2,2,2,2,2,2,2,0,0,0
2008,48,339,1,480949,1,6,1,2,1,2,6,2,2,1,2,2,2,2,1,1,2,2,2,2,3,2,2,2,2,2,2,2,2,1,2,0,0,0
2008,48,201,1,480950,1,6,2,2,1,1,3,1,4,1,1,2,3,2,2,2,2,2,2,2,3,2,2,2,2,2,2,2,2,2,2,0,0,0
2008,48,201,1,480951,1,6,2,2,1,2,6,2,1,1,1,2,1,2,2,2,1,2,2,2,3,2,2,2,2,2,2,2,2,2,2,0,0,0
2008,48,229,1,480952,1,6,1,1,4,2,1,2,1,1,1,2,1,1,2,2,2,2,1,2,3,2,2,2,2,2,2,2,1,2,2,0,0,0
2008,48,209,2,480953,1,6,1,2,1,2,3,2,4,1,2,2,3,2,2,1,2,2,2,2,3,2,2,2,2,2,2,2,1,2,2,0,0,0
2008,48,39,3,480954,1,6,1,2,1,1,5,1,4,2,1,2,2,2,1,1,2,2,2,2,2,1,1,1,1,2,2,1,2,2,2,0,0,0
2008,48,199,1,480955,1,6,2,2,1,2,3,2,4,1,1,2,2,2,1,2,2,2,2,2,3,2,2,2,2,1,2,2,2,2,2,0,0,0
2008,48,201,1,480956,1,6,2,2,1,1,6,1,4,2,2,1,2,2,2,2,2,2,2,2,1,2,2,2,2,2,2,2,2,2,2,0,0,0
2008,48,113,1,480957,1,6,2,2,1,2,6,2,1,2,2,2,1,2,2,2,1,2,2,2,3,2,2,2,2,1,2,2,2,2,2,0,0,0
2008,48,201,1,480958,1,6,1,2,3,2,6,2,1,2,2,2,1,2,2,2,2,2,2,2,1,2,2,2,2,2,2,2,1,2,2,0,0,0
2008,48,29,1,480959,1,6,2,2,4,2,6,2,1,2,2,2,1,2,2,1,2,2,1,2,1,2,2,2,2,2,2,2,1,2,2,0,0,0
2008,48,201,1,480960,1,6,2,2,1,1,6,1,2,2,1,2,2,1,2,1,2,2,2,2,3,2,2,2,2,2,2,2,2,2,2,0,0,0
2008,48,395,1,480961,1,6,2,2,1,1,4,1,3,1,1,2,2,1,2,2,2,2,2,2,3,2,2,2,2,2,2,2,2,1,2,0,0,0
2008,48,201,1,480962,1,6,2,1,4,1,1,1,1,2,1,2,1,2,2,2,2,2,2,2,1,2,2,2,2,2,2,2,2,2,2,0,0,0
2008,48,201,1,480963,1,6,2,2,1,1,6,1,2,2,2,2,2,2,1,1,2,2,2,2,3,2,2,2,2,2,2,2,2,2,2,0,0,0
2008,48,439,1,480964,1,6,2,2,4,2,2,3,1,2,2,2,1,2,1,2,2,2,2,2,3,2,2,2,2,2,2,2,1,2,2,0,0,0
2008,48,453,1,480965,1,6,2,2,1,1,6,1,1,2,2,1,1,2,2,1,1,2,2,2,3,2,2,2,2,2,1,1,2,2,2,0,0,0
2008,48,29,1,480966,1,6,1,1,4,2,1,2,1,1,1,2,1,2,2,2,2,2,1,2,2,2,2,2,2,1,2,2,1,2,2,0,0,0
2008,48,39,1,480967,1,6,3,3,1,2,7,2,3,2,1,2,2,2,2,2,2,2,2,2,1,2,2,2,2,2,2,2,1,2,2,0,0,0
2008,48,39,1,480968,1,6,1,2,1,2,3,2,3,2,1,2,3,2,2,2,2,2,1,2,1,2,2,2,2,2,1,1,2,2,2,0,0,0
2008,48,167,1,480969,1,6,2,2,4,2,5,2,1,2,2,2,1,2,2,1,2,2,1,2,3,1,1,1,1,2,2,1,1,2,2,0,0,0
2008,48,339,1,480970,1,6,1,2,1,2,4,2,3,2,2,2,2,2,2,2,2,2,2,2,1,2,2,1,1,2,2,1,1,2,2,0,0,0
2008,48,471,1,480971,1,6,1,1,1,2,1,2,1,1,2,2,1,2,2,1,2,2,1,2,3,2,2,2,2,2,2,2,1,2,2,0,0,0
2008,48,497,1,480972,1,6,1,2,4,2,6,2,1,2,2,2,1,2,2,1,2,2,2,2,3,2,2,2,2,2,2,2,1,2,2,0,0,0
2008,48,431,1,480973,1,6,1,2,4,2,4,2,1,1,1,2,1,1,2,2,2,2,1,2,3,2,2,2,2,2,2,2,1,2,1,0,0,0
2008,48,59,1,480974,1,6,1,1,3,2,1,2,1,1,1,2,1,1,2,2,2,2,1,2,3,2,2,2,2,2,2,2,1,2,1,0,0,0
2008,48,201,1,480975,1,6,2,2,4,2,2,2,1,2,1,2,1,2,2,1,2,2,1,2,1,2,2,2,2,2,2,2,1,1,2,0,0,0
2008,48,113,1,480976,1,6,2,2,1,2,3,2,1,2,1,1,2,2,2,2,1,2,2,2,3,2,2,2,2,2,2,2,2,2,2,0,0,0
2008,48,157,1,480977,1,6,1,2,1,2,6,2,1,2,2,2,1,2,2,2,1,2,2,2,3,2,2,2,2,2,2,2,2,2,2,0,0,0
2008,48,479,1,480978,1,6,2,2,1,1,6,1,4,1,1,2,2,2,2,2,2,2,2,2,2,1,1,1,1,2,2,1,2,2,2,0,0,0
2008,48,113,1,480979,1,6,2,2,2,2,6,2,1,1,2,2,1,2,2,2,2,2,2,2,2,2,2,2,2,1,2,2,1,2,2,0,0,0
2008,48,441,1,480980,1,6,1,2,1,2,6,2,2,2,2,2,2,2,2,2,2,2,2,2,1,2,2,2,2,2,2,2,2,2,2,0,0,0
2008,48,339,1,480981,1,6,1,2,1,1,3,1,4,2,2,1,2,2,1,2,2,2,2,2,3,2,2,2,2,2,2,2,2,1,2,0,0,0
2008,48,473,1,480982,1,6,1,2,1,1,5,1,1,1,2,2,2,2,1,2,2,2,2,2,3,2,2,2,2,1,2,2,2,2,2,0,0,0
2008,48,481,1,480983,1,6,1,2,4,2,3,2,1,2,2,2,1,2,2,1,2,2,1,2,1,2,2,2,2,2,2,2,1,2,1,0,0,0
2008,48,497,2,480984,1,6,1,2,1,2,3,3,4,1,2,2,3,1,2,2,2,2,2,2,3,2,2,2,2,1,2,2,1,2,2,0,0,0
2008,48,31,1,480985,1,6,1,2,4,2,5,2,1,2,1,2,1,2,1,1,2,2,2,2,1,2,2,1,1,2,2,1,1,2,2,0,0,0
2008,48,53,1,480986,1,6,1,2,4,2,4,2,1,2,1,2,1,2,2,2,2,2,1,2,3,2,2,2,2,2,2,2,1,2,2,0,0,0
2008,48,153,1,480987,1,6,1,2,1,1,6,1,4,1,1,2,2,2,2,2,2,2,1,2,1,2,2,2,2,2,2,2,2,1,2,0,0,0
2008,48,181,1,480988,1,6,1,2,4,2,5,2,1,2,1,2,1,2,1,1,2,2,2,2,1,2,2,2,2,2,2,2,1,2,2,0,0,0
2008,48,215,1,480989,1,6,2,2,1,2,6,3,4,1,1,2,2,2,2,2,2,2,2,2,3,1,1,1,1,1,2,1,2,2,2,0,0,0
2008,48,439,1,480990,1,6,2,1,2,2,1,2,1,1,1,2,1,2,2,2,1,2,2,2,3,1,1,1,1,2,2,1,1,2,2,0,0,0
2008,48,19,1,480991,1,6,1,2,2,2,4,2,1,2,2,1,1,2,2,2,1,2,2,2,2,1,1,1,1,2,2,1,2,1,2,0,0,0
2008,48,21,1,480992,1,6,1,2,1,1,5,1,4,2,2,2,2,2,2,2,2,2,1,2,3,1,1,1,1,2,2,1,2,1,2,0,0,0
2008,48,29,1,480993,1,6,3,3,1,1,7,1,4,2,2,2,2,2,2,2,2,2,1,2,3,1,1,1,1,2,2,1,2,1,2,0,0,0
2008,48,361,1,480994,1,6,2,2,1,1,3,1,2,1,1,2,3,1,2,1,2,2,2,2,3,2,2,2,2,2,2,2,2,2,2,0,0,0
2008,48,53,1,480995,1,6,1,2,4,2,3,2,1,1,2,2,1,2,2,2,2,2,1,2,2,1,2,1,2,2,2,2,1,1,2,0,0,0
2008,48,253,2,480996,1,6,2,2,4,2,4,2,1,1,1,2,1,2,2,1,2,2,2,2,1,2,2,2,2,2,2,2,1,2,2,0,0,0
2008,48,141,1,480997,1,6,2,2,4,2,6,2,1,2,2,2,1,2,2,1,2,2,2,2,1,1,1,1,1,2,2,1,1,1,2,0,0,0
2008,48,55,1,480998,1,6,1,2,1,2,3,2,1,2,2,2,1,1,2,2,2,1,2,2,3,2,2,2,2,2,2,2,2,2,2,0,0,0
2008,48,439,1,480999,1,6,2,1,4,2,1,2,1,2,2,2,1,2,2,1,2,2,1,2,3,1,1,1,1,2,2,1,1,2,2,0,0,0
2008,48,53,1,481000,1,6,1,2,4,2,5,2,1,2,2,2,1,2,2,1,2,2,1,2,1,2,2,2,2,1,2,2,1,2,1,0,0,0
2008,48,53,1,481001,1,6,1,2,4,2,5,2,1,1,1,2,1,2,2,2,2,2,1,2,1,2,2,2,2,2,2,2,1,2,2,0,0,0
2008,48,141,1,481002,1,6,2,2,1,1,6,1,4,2,1,2,2,2,1,1,2,2,2,2,1,1,1,1,1,2,1,1,2,2,2,0,0,0
2008,48,129,1,481003,1,6,1,2,1,1,3,1,2,1,1,2,3,1,2,1,2,2,1,2,3,2,2,2,2,1,1,1,2,2,2,0,0,0
2008,48,113,1,481004,1,6,2,2,1,2,3,2,5,2,2,2,2,2,1,1,2,2,2,2,3,2,2,2,2,2,1,1,2,2,2,0,0,0
2008,48,203,1,481005,1,6,1,2,1,1,3,1,4,2,2,2,2,1,2,2,2,2,2,2,2,2,2,2,2,1,2,2,2,2,2,0,0,0
2008,48,439,1,481006,1,6,2,2,1,1,3,1,4,2,2,2,2,1,2,2,2,2,2,2,1,2,2,2,2,2,2,2,2,2,2,0,0,0
2008,48,167,1,481007,1,6,2,2,1,1,3,1,3,2,2,2,2,2,1,2,2,2,2,2,3,2,2,2,2,2,1,1,2,1,2,0,0,0
2008,48,309,1,481008,1,6,1,2,1,1,4,1,4,1,2,2,2,2,2,2,2,2,1,2,3,2,2,2,2,1,2,2,2,2,2,0,0,0
2008,48,485,1,481009,1,6,1,2,4,2,5,2,1,2,2,2,1,2,1,2,2,2,2,2,1,2,2,2,2,2,2,2,1,2,2,0,0,0
2008,48,135,1,481010,1,6,2,2,1,2,6,2,1,1,1,2,1,2,2,2,1,2,2,2,3,2,2,2,2,2,1,1,2,2,2,0,0,0
2008,48,309,1,481011,1,6,1,2,4,2,5,2,1,1,1,2,1,2,2,1,2,2,1,2,3,2,2,2,2,2,2,2,1,2,2,0,0,0
2008,48,201,1,481012,1,6,2,2,1,2,2,2,1,2,2,2,1,2,2,2,1,2,2,2,3,2,2,2,2,2,1,1,2,2,2,0,0,0
2008,48,367,1,481013,1,6,2,2,1,2,6,3,1,1,1,2,1,2,2,2,2,2,2,2,3,2,2,2,2,2,1,1,2,2,2,0,0,0
2008,48,141,1,481014,1,6,2,2,1,1,6,1,4,2,2,2,2,1,1,1,2,2,2,2,3,2,2,2,2,2,2,2,2,2,2,0,0,0
2008,48,201,1,481015,1,6,2,2,1,1,6,1,1,2,2,2,1,2,2,2,1,2,2,2,1,2,2,2,2,2,2,2,2,2,2,0,0,0
2008,48,439,1,481016,1,6,2,2,1,2,6,2,1,2,2,2,1,2,2,2,1,2,2,2,1,2,2,2,2,2,2,2,2,2,2,0,0,0
2008,48,201,1,481017,1,6,2,2,4,2,6,2,1,2,2,2,1,2,2,1,2,2,2,2,1,1,1,1,1,2,2,1,1,2,2,0,0,0
2008,48,491,1,481018,1,6,1,2,1,2,6,2,2,2,1,2,2,1,2,2,2,2,2,2,2,2,2,2,2,2,2,2,2,1,2,0,0,0
2008,48,381,1,481020,1,6,1,2,4,2,6,2,1,2,1,2,1,2,2,1,2,2,1,2,1,2,2,2,2,2,1,1,1,2,2,0,0,0
2008,48,215,1,481021,1,6,2,2,4,2,3,2,1,2,2,2,1,2,2,2,2,2,1,2,2,2,2,2,2,1,2,2,1,2,2,0,0,0
2008,48,309,1,481022,1,6,1,1,1,2,1,2,1,2,2,1,1,2,2,2,1,2,2,2,3,2,2,2,2,2,2,2,2,2,2,0,0,0
2008,48,283,1,481023,1,6,1,1,3,2,1,2,1,1,2,2,1,2,2,2,2,2,1,2,3,2,2,2,2,2,2,2,1,2,2,0,0,0
2008,48,303,1,481024,1,6,2,2,1,1,3,1,4,2,2,2,2,2,1,2,2,2,2,2,1,2,2,2,2,2,2,2,2,2,2,0,0,0
2008,48,423,1,481025,1,6,2,2,1,2,3,2,1,2,1,2,1,1,2,2,1,2,2,2,2,2,2,2,2,2,2,2,2,2,2,0,0,0
2008,48,507,1,481026,1,6,1,2,4,2,6,2,1,2,1,2,1,2,2,1,2,2,1,2,3,1,2,1,2,2,2,2,1,2,2,0,0,0
2008,48,213,1,481027,1,6,1,2,4,2,5,2,1,2,2,2,1,2,2,2,2,2,2,2,3,2,2,2,2,1,2,2,1,2,2,0,0,0
2008,48,251,1,481028,1,6,1,2,4,2,6,2,1,2,1,2,1,2,1,1,2,2,2,2,3,2,2,2,2,2,2,2,1,2,2,0,0,0
2008,48,113,1,481029,1,6,2,2,1,1,6,1,4,1,1,2,2,2,2,2,2,2,2,2,3,2,2,2,2,1,2,2,2,2,2,0,0,0
2008,48,215,1,481030,1,6,1,2,1,2,6,2,1,2,2,1,1,2,2,2,1,2,2,2,3,2,2,2,2,2,2,2,2,2,2,0,0,0
2008,48,421,1,481031,1,6,1,2,4,1,5,1,1,2,2,2,1,2,2,1,2,2,1,1,1,2,2,2,2,2,1,1,2,2,2,0,0,0
2008,48,113,1,481032,1,6,2,2,1,1,6,1,1,1,1,2,2,2,2,2,2,1,2,2,3,2,2,2,2,2,2,2,2,2,2,0,0,0
2008,48,265,1,481033,1,6,2,2,1,2,4,2,1,2,1,1,1,2,2,2,2,1,2,2,1,2,2,2,2,2,2,2,2,2,2,0,0,0
2008,48,141,1,481034,1,6,2,2,1,2,4,2,1,2,2,2,1,2,2,2,1,2,2,2,2,2,2,2,2,2,2,2,2,2,2,0,0,0
2008,48,215,1,481035,1,6,1,2,1,2,5,2,2,2,2,1,2,2,2,1,2,2,2,2,1,2,2,2,2,2,2,2,2,2,2,0,0,0
2008,48,373,1,481036,1,6,2,2,4,1,3,1,1,1,2,2,1,2,2,1,2,2,2,2,1,2,2,2,2,2,2,2,2,2,2,0,0,0
2008,48,365,1,481037,1,6,1,2,4,2,4,2,1,2,1,2,2,1,2,1,2,2,1,2,2,2,2,2,2,2,1,1,1,2,2,0,0,0
2008,48,427,1,481038,1,6,1,2,1,2,5,3,2,1,1,2,2,2,1,2,2,2,2,2,3,2,2,2,2,2,2,2,2,2,2,0,0,0
2008,48,451,1,481039,1,6,1,2,1,2,3,2,1,1,1,2,2,1,2,1,2,2,1,2,3,2,2,2,2,1,2,2,1,2,1,0,0,0
2008,48,223,1,481040,1,6,1,1,1,2,1,2,6,2,1,2,2,1,2,2,2,2,1,2,3,2,2,2,2,2,2,2,2,2,2,0,0,0
2008,48,213,1,481041,1,6,1,2,1,2,3,2,3,2,2,2,2,2,2,2,2,2,2,2,1,2,2,2,2,2,2,2,2,2,2,0,0,0
2008,48,113,2,481042,1,6,2,2,1,1,6,1,4,2,2,1,2,2,2,1,2,2,2,2,1,2,2,2,2,2,1,1,2,2,2,0,0,0
2008,48,201,1,481043,1,6,1,2,4,2,6,2,1,1,2,2,1,2,2,2,2,2,2,2,1,2,2,2,2,2,2,2,1,2,2,0,0,0
2008,48,201,1,481044,1,6,2,2,4,2,2,3,1,2,2,2,2,2,1,2,2,2,2,2,1,2,2,2,2,1,2,2,1,2,2,0,0,0
2008,48,453,1,481045,1,6,1,2,1,1,6,1,4,2,1,2,2,2,1,2,2,2,2,2,1,2,2,2,2,2,2,2,2,2,2,0,0,0
2008,48,221,1,481046,1,6,1,2,1,2,5,2,3,2,1,2,2,1,2,2,2,2,2,2,3,2,2,2,2,2,2,2,1,2,2,0,0,0
2008,48,491,1,481047,1,6,2,1,1,2,1,2,3,2,1,2,2,2,2,2,2,2,2,2,1,2,2,2,2,2,1,1,2,2,2,0,0,0
2008,48,121,1,481048,1,6,2,2,1,1,3,1,4,2,1,2,2,2,2,2,2,2,2,2,3,2,2,2,2,2,2,2,2,2,2,0,0,0
2008,48,423,1,481049,1,6,1,2,1,2,4,2,1,2,1,2,1,2,2,1,2,2,1,2,3,2,2,2,2,2,2,2,1,2,2,0,0,0
2008,48,407,1,481050,1,6,1,2,4,2,4,2,1,2,2,2,1,2,2,1,2,2,2,2,2,2,2,2,2,2,2,2,1,1,2,0,0,0
2008,48,85,1,481051,1,6,2,2,1,2,6,2,1,1,2,2,1,2,1,1,2,2,2,2,3,2,2,2,2,2,2,2,2,2,2,0,0,0
2008,48,467,1,481052,1,6,2,2,4,2,4,2,1,1,2,2,1,2,2,2,2,2,2,2,3,2,2,2,2,2,2,2,1,2,2,0,0,0
2008,48,251,3,481053,1,6,1,2,1,2,4,2,3,1,2,2,2,2,2,2,2,2,2,2,3,1,1,1,1,2,2,1,1,2,1,0,0,0
2008,48,201,1,481054,1,6,2,2,4,2,3,2,1,1,1,2,1,2,1,2,2,2,2,2,2,2,2,2,2,2,2,2,1,2,2,0,0,0
2008,48,29,1,481055,1,6,2,1,4,2,1,2,1,2,2,2,1,2,1,2,2,2,2,2,3,2,2,2,2,2,2,2,1,2,2,0,0,0
2008,48,201,1,481056,1,6,2,2,1,1,6,1,4,2,1,2,2,1,1,1,2,2,2,2,1,2,2,2,2,2,2,2,2,2,2,0,0,0
2008,48,1,1,481057,1,6,1,2,4,2,4,2,1,1,1,2,1,2,2,1,2,2,2,2,3,2,2,2,2,2,1,1,1,2,1,0,0,0
2008,48,319,1,481058,1,6,1,2,4,2,5,2,1,1,1,2,1,2,2,2,2,2,1,2,3,2,2,2,2,1,2,2,1,2,1,0,0,0
2008,48,213,1,481059,1,6,1,2,4,2,4,2,1,1,2,2,1,2,2,1,2,2,1,2,2,2,2,2,2,2,2,2,1,2,2,0,0,0
2008,48,265,1,481060,1,6,1,2,4,2,5,2,1,1,2,2,1,2,1,1,2,2,2,2,3,2,2,2,2,2,2,2,1,1,2,0,0,0
2008,48,477,2,481061,1,6,1,2,1,2,3,2,3,2,2,2,2,2,2,2,2,2,2,2,1,2,2,1,1,2,2,1,2,2,2,0,0,0
2008,48,149,1,481062,1,6,1,2,1,2,4,2,1,1,1,2,1,2,2,2,2,2,1,2,3,1,1,1,1,2,2,1,1,1,2,0,0,0
2008,48,1,1,481063,1,6,1,2,4,2,5,2,1,1,1,2,1,2,2,2,2,2,2,2,3,2,2,2,2,2,2,2,1,2,2,0,0,0
2008,48,293,1,481064,1,6,1,2,4,2,5,2,1,1,1,2,1,2,2,2,2,2,1,2,3,2,2,1,1,2,2,1,1,2,1,0,0,0
2008,48,359,1,481065,1,6,1,1,1,2,1,2,2,1,1,2,2,1,2,2,2,2,2,2,3,2,2,2,2,2,1,1,2,2,2,0,0,0
2008,48,251,1,481066,1,6,1,2,1,1,5,1,4,2,1,2,2,2,2,2,2,2,2,2,3,2,2,1,1,2,2,1,2,2,2,0,0,0
2008,48,251,1,481067,1,6,1,1,1,2,1,2,2,1,1,2,2,1,2,1,2,2,2,2,3,2,2,2,2,1,2,2,2,1,2,0,0,0
2008,48,281,1,481068,1,6,1,2,4,2,3,2,1,1,1,2,1,2,2,2,2,2,2,2,2,2,2,2,2,2,2,2,1,2,2,0,0,0
2008,48,113,1,481069,1,6,2,2,4,2,6,2,1,2,2,2,1,2,2,1,2,2,2,2,3,2,2,2,2,2,2,2,1,2,2,0,0,0
2008,48,113,1,481070,1,6,2,1,1,2,1,2,1,1,2,2,1,2,2,2,1,2,2,2,3,2,2,2,2,2,2,2,2,2,2,0,0,0
2008,48,293,2,481071,1,6,1,2,1,1,4,1,2,1,2,2,3,2,2,1,2,2,2,2,3,2,2,2,2,1,1,1,2,1,2,0,0,0
2008,48,245,1,481072,1,6,1,1,1,2,1,2,4,1,1,2,2,2,2,2,2,2,2,2,3,2,2,2,2,1,2,2,1,1,2,0,0,0
2008,48,381,1,481073,1,6,1,2,4,2,6,2,1,2,1,2,1,2,2,2,2,2,1,2,1,2,2,2,2,2,1,1,1,2,2,0,0,0
2008,48,293,1,481074,1,6,2,2,1,2,3,2,1,2,2,2,2,1,2,2,2,1,2,2,2,2,2,2,2,2,1,1,2,2,2,0,0,0
2008,48,229,1,481075,1,6,1,1,1,2,1,2,2,1,1,2,2,1,2,1,2,2,1,2,3,2,2,2,2,1,2,2,2,2,2,0,0,0
2008,48,201,1,481076,1,6,2,1,1,2,1,2,4,1,1,2,3,1,2,2,2,2,2,2,3,2,2,2,2,1,2,2,2,2,2,0,0,0
2008,48,215,1,481077,1,6,2,2,4,2,6,2,1,1,2,2,1,2,2,1,2,2,1,2,3,2,2,2,2,2,2,2,1,2,2,0,0,0
2008,48,339,1,481078,1,6,1,2,1,1,5,1,4,2,2,1,2,2,1,2,2,2,2,2,1,2,2,2,2,2,2,2,2,2,2,0,0,0
2008,48,19,1,481079,1,6,1,2,4,2,6,2,1,2,1,2,1,2,2,1,2,2,2,2,1,2,2,2,2,2,2,2,1,2,2,0,0,0
2008,48,267,1,481080,1,6,1,1,4,2,1,2,1,1,1,2,1,2,2,2,2,2,1,2,2,2,2,2,2,2,2,2,1,1,2,0,0,0
2008,48,439,1,481081,1,6,2,1,4,2,1,3,1,2,1,2,1,2,2,2,1,2,2,2,2,2,2,2,2,2,2,2,1,2,2,0,0,0
2008,48,231,2,481082,1,6,1,2,4,2,5,2,1,2,2,2,1,2,1,2,2,2,2,2,3,2,2,2,2,2,2,2,1,2,2,0,0,0
2008,48,341,1,481083,1,6,1,2,1,2,3,2,1,1,2,2,1,2,2,1,1,2,2,2,2,2,2,2,2,2,1,1,2,1,2,0,0,0
2008,48,201,2,481084,1,6,2,2,2,2,6,2,1,2,2,2,1,2,2,2,2,2,2,2,2,1,1,1,1,2,2,1,1,2,2,0,0,0
2008,48,453,1,481085,1,6,1,2,2,2,5,2,1,2,2,1,1,2,2,2,1,2,2,2,3,2,2,2,2,2,2,2,1,2,2,0,0,0
2008,48,181,1,481086,1,6,1,2,4,2,3,2,1,2,2,2,1,2,2,2,2,2,2,2,2,2,2,2,2,2,2,2,1,2,2,0,0,0
2008,48,339,1,481087,1,6,1,2,1,1,4,1,4,1,1,2,2,2,2,2,2,2,2,2,3,2,2,2,2,2,2,2,2,2,2,0,0,0
2008,48,171,1,481088,1,6,1,2,1,2,3,2,3,1,1,2,3,2,2,2,2,2,1,2,3,2,2,2,2,2,2,2,1,2,2,0,0,0
2008,48,113,1,481089,1,6,2,2,4,2,6,2,1,2,2,2,1,1,2,2,2,2,2,2,2,2,2,2,2,2,2,2,1,2,2,0,0,0
2008,48,71,3,481090,1,6,1,1,2,2,1,2,2,2,2,2,1,2,2,2,2,2,2,2,3,2,2,2,2,2,2,2,1,2,1,0,0,0
2008,48,157,1,481091,1,6,1,2,1,2,3,3,1,2,2,2,1,2,2,2,1,2,2,2,3,1,1,1,1,2,2,1,2,2,2,0,0,0
2008,48,289,2,481092,1,6,1,1,1,2,1,2,5,2,2,2,3,1,2,1,2,2,2,2,1,2,2,2,2,1,2,2,1,2,2,0,0,0
2008,48,423,1,481093,1,6,1,2,1,1,5,1,4,1,2,2,2,2,2,2,2,2,2,2,3,1,1,1,1,2,2,1,2,2,2,0,0,0
2008,48,201,1,481094,1,6,2,1,1,2,1,2,1,2,2,2,1,2,2,2,1,2,2,2,3,2,2,2,2,2,2,2,2,2,2,0,0,0
2008,48,253,3,481095,1,6,1,2,1,1,4,1,4,1,2,2,2,2,2,2,2,2,2,2,1,2,2,2,2,2,2,2,2,2,2,0,0,0
2008,48,167,1,481096,1,6,2,2,1,1,4,1,2,1,1,2,3,2,2,1,2,2,2,2,3,2,2,2,2,2,2,2,2,2,2,0,0,0
2008,48,55,1,481097,1,6,1,2,1,1,4,1,4,1,1,2,2,2,2,2,2,2,2,2,3,2,2,2,2,2,2,2,2,2,1,0,0,0
2008,48,113,1,481098,1,6,2,2,3,2,6,2,1,2,2,2,1,2,1,1,2,2,2,2,3,2,2,2,2,2,2,2,1,2,2,0,0,0
2008,48,157,1,481099,1,6,2,2,1,1,2,1,2,1,2,2,2,2,2,1,2,2,2,2,1,2,2,2,2,2,2,2,2,2,2,0,0,0
2008,48,309,1,481100,1,6,2,2,1,2,2,2,1,2,2,2,1,2,2,1,2,2,1,2,1,2,2,2,2,2,2,2,1,2,2,0,0,0
2008,48,209,1,481101,1,6,1,2,1,2,5,2,4,1,1,2,2,1,2,2,2,2,2,2,2,2,2,1,1,2,2,1,2,2,2,0,0,0
2008,48,71,1,481102,1,6,1,2,4,2,4,2,1,2,1,2,1,2,2,2,2,2,1,2,1,2,2,2,2,2,2,2,1,2,2,0,0,0
2008,48,473,1,481103,1,6,1,2,4,2,5,2,1,1,1,2,1,2,2,1,2,2,2,2,2,2,2,2,2,2,2,2,1,2,2,0,0,0
2008,48,183,1,481104,1,6,2,2,4,2,4,2,1,2,1,2,1,2,1,1,2,2,2,2,1,2,2,2,2,2,2,2,1,2,2,0,0,0
2008,48,395,1,481105,1,6,1,2,1,2,3,2,5,1,1,2,3,1,2,2,2,2,2,2,3,2,2,2,2,2,2,2,2,2,2,0,0,0
2008,48,439,1,481106,1,6,2,1,1,2,1,2,7,2,1,2,2,2,2,1,1,2,2,2,3,2,2,2,2,2,2,2,2,1,2,0,0,0
2008,48,395,1,481107,1,6,1,2,4,2,5,2,1,2,1,2,1,2,2,1,2,2,1,2,1,2,2,2,2,2,2,2,1,2,2,0,0,0
2008,48,415,1,481108,1,6,2,2,1,2,2,2,4,1,1,2,2,2,1,2,2,2,2,2,3,2,2,2,2,2,1,1,2,2,2,0,0,0
2008,48,425,1,481109,1,6,1,2,1,2,3,2,1,1,1,2,1,1,2,2,1,2,2,2,2,2,2,2,2,2,2,2,2,2,2,0,0,0
2008,48,439,1,481110,1,6,2,2,1,1,6,1,2,1,1,2,2,2,1,1,2,2,2,2,3,1,1,1,1,2,2,1,2,2,2,0,0,0
2008,48,463,1,481111,1,6,1,2,1,2,5,2,1,2,1,2,1,2,2,1,2,2,1,2,1,2,2,2,2,2,2,2,1,2,2,0,0,0
2008,48,199,1,481112,1,6,1,2,1,2,3,2,2,1,1,2,2,2,2,1,2,2,2,2,3,2,2,2,2,2,1,1,1,2,2,0,0,0
2008,48,251,1,481113,1,6,1,2,4,2,5,2,1,2,1,2,1,2,2,2,2,2,2,2,1,2,2,2,2,2,2,2,1,2,1,0,0,0
2008,48,55,1,481114,1,6,1,2,4,2,5,3,1,2,2,2,1,2,2,1,2,2,1,2,1,2,2,2,2,2,2,2,1,2,2,0,0,0
2008,48,439,1,481115,1,6,2,1,1,2,1,2,2,2,2,2,2,2,2,1,2,2,2,2,1,2,2,2,2,2,1,1,2,2,2,0,0,0
2008,48,181,1,481116,1,6,1,2,1,2,4,2,4,1,2,2,2,2,2,2,2,2,2,2,3,2,2,2,2,2,2,2,2,2,2,0,0,0
2008,48,199,1,481117,1,6,2,2,4,2,3,2,1,2,2,2,1,2,2,2,2,2,2,2,3,2,2,2,2,1,2,2,1,1,2,0,0,0
2008,48,339,1,481118,1,6,1,1,1,2,1,2,1,2,2,2,1,2,2,2,2,2,1,2,1,2,2,2,2,2,1,1,1,2,2,0,0,0
2008,48,363,1,481119,1,6,1,3,4,2,7,2,1,2,2,2,1,2,2,1,2,2,1,2,1,2,2,2,2,2,2,2,1,2,2,0,0,0
2008,48,467,1,481120,1,6,1,1,3,2,1,2,1,1,2,2,2,2,2,2,2,2,2,2,3,2,2,2,2,1,2,2,1,2,2,0,0,0
2008,48,27,1,481121,1,6,1,1,1,2,1,2,1,1,1,2,1,2,2,1,2,2,1,2,3,2,2,2,2,2,2,2,2,1,2,0,0,0
2008,48,161,1,481122,1,6,1,2,4,2,5,2,1,1,1,2,1,2,2,2,2,2,1,2,3,2,2,1,1,2,2,1,1,2,2,0,0,0
2008,48,347,1,481123,1,6,2,2,1,2,3,2,4,1,1,2,2,2,2,2,2,2,2,2,3,2,2,2,2,2,1,1,2,2,2,0,0,0
2008,48,39,1,481124,1,6,2,2,1,1,3,1,4,1,1,2,2,2,2,2,2,2,2,2,3,2,2,1,1,2,2,1,2,2,2,0,0,0
2008,48,481,2,481125,1,6,1,2,4,2,5,2,1,1,1,2,1,2,2,1,2,2,1,2,2,2,2,2,2,2,1,1,1,2,2,0,0,0
2008,48,201,1,481126,1,6,2,2,1,2,6,2,4,1,1,2,2,2,1,1,2,2,2,2,3,2,2,2,2,1,2,2,2,2,2,0,0,0
2008,48,309,1,481127,1,6,2,2,1,1,6,1,4,1,1,2,3,2,2,1,2,2,2,2,3,2,2,2,2,2,2,2,2,2,2,0,0,0
2008,48,113,1,481128,1,6,1,2,1,1,6,1,4,1,1,2,2,2,1,1,2,2,2,2,1,2,2,2,2,2,1,1,2,2,2,0,0,0
2008,48,355,1,481129,1,6,2,2,4,2,2,3,1,2,1,2,1,2,2,1,2,2,2,2,1,1,1,1,1,2,2,1,1,2,2,0,0,0
2008,48,113,1,481130,1,6,2,2,1,1,6,1,4,2,2,2,2,2,1,1,2,2,2,2,3,2,2,2,2,1,2,2,2,2,2,0,0,0
2008,48,367,2,481131,1,6,1,2,1,2,4,2,3,2,2,2,2,2,1,2,2,2,2,2,3,2,2,2,2,2,2,2,2,2,2,0,0,0
2008,48,429,1,481132,1,6,2,2,1,1,5,1,4,1,1,2,2,2,2,2,2,2,2,2,1,2,2,2,2,2,1,1,2,1,2,0,0,0
2008,48,29,1,481133,1,6,2,2,1,2,2,2,1,2,2,1,2,1,2,2,1,2,2,2,3,2,2,2,2,2,2,2,2,2,2,0,0,0
2008,48,309,1,481134,1,6,1,2,1,2,5,2,1,2,2,2,1,2,2,2,2,2,2,2,2,2,2,2,2,2,2,2,2,2,2,0,0,0
2008,48,439,1,481135,1,6,2,1,1,2,1,2,1,2,2,2,1,2,1,2,2,2,2,2,1,2,2,2,2,2,2,2,2,2,2,0,0,0
2008,48,71,2,481136,1,6,3,3,1,2,7,2,3,2,2,2,2,2,2,2,2,2,2,2,1,2,2,2,2,2,2,2,1,2,2,0,0,0
2008,48,85,5,481137,1,6,2,2,4,1,6,1,1,1,2,2,3,2,2,1,2,2,1,2,3,2,2,2,2,2,2,2,2,2,2,0,0,0
2008,48,113,1,481138,1,6,2,2,1,1,6,1,4,2,2,2,2,2,2,2,2,2,2,2,1,1,1,1,1,2,1,1,2,2,2,0,0,0
2008,48,221,1,481139,1,6,1,2,4,2,5,2,1,2,2,2,1,2,2,1,2,2,2,2,3,2,2,2,2,2,2,2,1,2,2,0,0,0
2008,48,305,1,481140,1,6,1,2,4,2,6,2,1,1,2,2,1,2,2,1,2,2,1,2,1,2,2,2,2,2,2,2,1,2,2,0,0,0
2008,48,439,1,481141,1,6,2,2,1,1,6,1,4,1,2,2,2,2,1,2,2,2,2,2,3,2,2,2,2,2,1,1,2,2,2,0,0,0
2008,48,61,1,481142,1,6,2,2,2,2,6,2,1,1,1,2,1,2,1,2,2,2,2,2,3,2,2,2,2,2,2,2,1,2,2,0,0,0
2008,48,189,1,481143,1,6,1,2,4,2,6,2,1,1,1,2,1,2,2,1,2,2,1,2,3,2,2,2,2,2,2,2,1,2,2,0,0,0
2008,48,141,2,481144,1,6,2,2,1,2,4,2,2,2,1,1,2,2,1,1,2,2,2,2,2,2,2,2,2,2,2,2,2,2,2,0,0,0
2008,48,209,1,481145,1,6,1,2,1,1,4,1,4,1,1,2,2,2,2,1,2,2,2,2,3,1,1,1,1,2,2,1,2,1,2,0,0,0
2008,48,381,1,481146,1,6,2,2,1,2,3,3,3,1,1,2,2,2,1,2,2,2,2,2,3,2,2,2,2,2,2,2,2,2,2,0,0,0
2008,48,213,1,481147,1,6,2,2,1,1,4,1,4,1,1,2,2,1,2,2,2,2,2,2,2,2,2,2,2,1,2,2,2,2,2,0,0,0
2008,48,113,1,481148,1,6,2,2,1,2,2,2,2,1,1,2,3,2,2,1,2,2,2,2,3,1,1,1,1,1,2,1,2,2,2,0,0,0
2008,48,297,1,481149,1,6,1,1,1,2,1,2,2,2,1,2,2,2,2,1,2,2,1,2,1,2,2,2,2,2,2,2,2,2,2,0,0,0
2008,48,29,2,481150,1,6,2,2,1,2,2,2,3,2,1,2,2,2,2,2,2,2,2,2,1,2,2,1,1,2,2,1,2,2,2,0,0,0
2008,48,291,1,481151,1,6,1,2,4,2,5,2,1,1,1,2,1,2,2,1,2,2,2,2,1,2,2,2,2,2,2,2,1,2,2,0,0,0
2008,48,215,1,481152,1,6,2,2,1,1,2,1,4,2,2,2,2,2,1,1,2,2,2,2,3,2,2,2,2,2,1,1,2,2,2,0,0,0
2008,48,291,1,481153,1,6,2,2,4,2,6,2,1,2,2,2,1,2,2,1,2,2,2,2,1,2,2,2,2,2,2,2,1,2,2,0,0,0
2008,48,201,1,481154,1,6,2,2,1,1,6,1,4,1,1,2,2,2,2,2,2,2,2,2,3,2,2,2,2,1,2,2,2,2,2,0,0,0
2008,48,201,1,481155,1,6,2,2,1,2,3,2,1,2,1,2,1,2,1,1,2,2,2,2,1,2,2,2,2,2,1,1,2,2,2,0,0,0
2008,48,361,1,481156,1,6,1,2,1,2,4,3,1,1,1,2,1,2,2,2,2,2,2,2,3,2,2,2,2,2,1,1,2,2,2,0,0,0
2008,48,321,1,481157,1,6,2,2,1,2,6,2,3,1,1,2,2,2,1,2,2,2,2,2,3,2,2,2,2,2,1,1,2,2,2,0,0,0
2008,48,309,1,481158,1,6,1,1,1,2,1,2,1,2,1,2,1,1,2,2,1,2,2,2,3,2,2,2,2,2,2,2,2,2,2,0,0,0
2008,48,329,1,481159,1,6,2,2,1,2,3,2,1,2,1,2,1,2,1,2,2,2,2,2,1,2,2,2,2,2,2,2,1,2,2,0,0,0
2008,48,21,1,481160,1,6,1,2,4,2,5,2,1,1,2,2,1,2,1,1,2,2,2,2,2,2,2,2,2,2,2,2,1,1,2,0,0,0
2008,48,29,1,481161,1,6,2,1,1,2,1,2,2,2,2,1,2,2,2,1,2,2,2,2,3,2,2,2,2,2,2,2,2,1,2,0,0,0
2008,48,113,1,481162,1,6,2,1,1,2,1,3,4,1,1,2,3,1,2,1,2,2,2,2,3,2,2,2,2,2,2,2,1,2,2,0,0,0
2008,48,61,3,481163,1,6,2,2,4,2,2,3,1,2,2,2,1,2,2,1,2,2,1,1,3,1,1,1,1,2,2,1,1,2,2,0,0,0
2008,48,141,1,481164,1,6,2,1,1,2,1,2,2,2,2,2,3,1,2,2,2,2,1,2,1,1,1,1,1,2,1,1,1,2,1,0,0,0
2008,48,29,1,481165,1,6,2,1,2,2,1,2,1,2,2,1,1,2,2,2,1,2,2,2,3,2,2,2,2,2,2,2,1,2,2,0,0,0
2008,48,497,1,481166,1,6,1,2,1,3,3,4,2,1,1,2,2,1,2,2,2,2,2,2,3,2,2,2,2,2,2,2,2,2,2,0,0,0
2008,48,497,1,481167,1,6,1,2,1,1,5,1,4,1,1,2,2,1,2,2,2,2,2,2,3,2,2,2,2,1,2,2,2,2,2,0,0,0
2008,48,187,1,481168,1,6,1,2,1,1,4,1,4,1,1,2,2,2,2,2,2,2,2,2,3,2,2,2,2,2,2,2,2,2,2,0,0,0
2008,48,411,1,481169,1,6,1,2,4,2,5,2,1,1,1,2,1,2,2,2,2,2,1,2,2,2,2,2,2,2,1,1,1,2,2,0,0,0
2008,48,13,1,481170,1,6,1,2,4,2,4,2,1,1,2,2,1,2,2,2,2,2,2,2,1,2,2,2,2,2,2,2,1,2,2,0,0,0
2008,48,329,1,481171,1,6,2,2,1,2,2,2,4,1,1,2,2,2,2,1,2,2,1,2,3,1,1,1,1,2,2,1,1,2,2,0,0,0
2008,48,183,1,481172,1,6,2,2,1,1,6,1,1,2,1,1,1,2,2,2,1,2,2,2,3,2,2,2,2,2,2,2,2,2,2,0,0,0
2008,48,187,1,481173,1,6,1,2,4,2,6,2,1,2,1,2,1,2,2,1,2,2,2,2,3,2,2,2,2,2,1,1,1,2,2,0,0,0
2008,48,141,1,481174,1,6,2,2,1,2,6,2,1,2,2,1,1,2,2,2,1,2,2,2,3,2,2,2,2,2,1,1,2,2,2,0,0,0
2008,48,493,1,481175,1,6,1,2,2,2,3,2,2,1,2,2,1,2,2,2,1,2,2,2,3,2,2,2,2,2,2,2,2,2,2,0,0,0
2008,48,355,1,481176,1,6,2,2,1,2,6,2,1,1,1,2,1,2,2,2,1,2,2,2,3,2,2,2,2,2,1,1,2,2,2,0,0,0
2008,48,201,1,481177,1,6,2,1,1,2,1,2,4,1,2,2,3,2,1,2,2,2,2,2,3,2,2,1,1,2,1,1,2,2,2,0,0,0
2008,48,423,1,481178,1,6,1,2,4,2,5,2,1,1,1,2,1,2,2,1,2,2,2,2,1,1,1,1,1,2,2,1,1,2,2,0,0,0
2008,48,339,1,481179,1,6,1,2,1,2,6,3,1,1,1,2,1,2,2,2,1,2,2,2,2,2,2,2,2,2,2,2,2,2,2,0,0,0
2008,48,313,3,481180,1,6,1,1,1,2,1,2,5,1,1,2,3,2,2,2,2,2,1,2,3,2,2,2,2,1,1,1,2,2,2,0,0,0
2008,48,27,1,481181,1,6,1,2,1,2,3,2,2,1,2,2,2,2,1,1,2,2,2,2,1,2,2,2,2,2,2,2,2,2,2,0,0,0
2008,48,453,1,481182,1,6,1,2,1,1,3,1,4,2,1,2,2,2,2,2,2,2,2,2,3,2,2,2,2,2,2,2,2,2,2,0,0,0
2008,48,471,1,481183,1,6,2,2,1,1,3,1,2,1,1,2,2,1,2,1,2,2,2,2,3,2,2,2,2,2,2,2,2,2,2,0,0,0
2008,48,215,1,481184,1,6,2,2,1,1,6,1,1,1,1,2,1,2,2,2,1,2,2,2,2,2,2,2,2,2,2,2,2,2,2,0,0,0
2008,48,113,1,481185,1,6,2,2,2,2,6,2,1,2,1,2,1,2,2,1,1,2,2,2,3,2,2,2,2,2,1,1,1,2,2,0,0,0
2008,48,139,1,481186,1,6,1,2,4,2,6,2,1,2,1,2,1,2,2,1,2,2,1,2,3,1,1,1,1,2,2,1,1,2,2,0,0,0
2008,48,225,1,481187,1,6,1,2,4,1,3,1,1,2,2,2,1,2,2,2,2,2,2,2,1,1,1,1,1,2,2,1,2,2,2,0,0,0
2008,48,233,1,481188,1,6,1,2,1,2,3,3,4,2,2,2,2,2,1,2,2,2,2,2,1,2,2,2,2,2,1,1,2,2,2,0,0,0
2008,48,27,1,481189,1,6,3,3,4,2,7,2,1,1,2,2,1,2,1,1,2,2,2,2,3,2,2,2,2,2,2,2,1,2,2,0,0,0
2008,48,425,1,481190,1,6,1,2,4,2,5,2,1,1,2,2,1,2,2,1,2,2,2,2,3,2,2,2,2,2,2,2,1,2,2,0,0,0
2008,48,53,1,481191,1,6,1,2,1,1,4,1,4,1,2,2,3,2,2,1,2,2,2,2,2,2,2,2,2,2,1,1,2,1,2,0,0,0
2008,48,365,1,481192,1,6,1,2,1,2,4,2,4,2,2,2,2,1,2,2,2,2,2,2,1,1,1,1,1,2,2,1,1,2,1,0,0,0
2008,48,459,1,481193,1,6,2,2,4,2,6,2,6,1,2,2,1,2,2,1,2,2,2,2,3,2,2,2,2,2,2,2,1,1,2,0,0,0
2008,48,113,1,481194,1,6,2,1,2,2,1,3,1,2,1,2,1,2,1,1,2,2,2,2,1,2,2,2,2,2,2,2,1,2,2,0,0,0
2008,48,349,1,481195,1,6,1,2,1,1,5,1,4,1,1,2,2,2,2,2,2,2,2,2,3,2,2,2,2,2,2,2,2,2,2,0,0,0
2008,48,423,1,481196,1,6,1,2,1,2,4,2,1,2,1,2,1,2,2,1,2,1,2,2,1,2,2,2,2,2,2,2,2,2,2,0,0,0
2008,48,217,1,481197,1,6,1,2,1,2,5,2,3,1,1,2,3,2,2,2,2,2,1,2,3,2,2,2,2,1,2,2,1,1,1,0,0,0
2008,48,179,2,481198,1,6,1,2,4,2,5,2,1,2,1,2,1,2,2,1,2,2,1,2,3,2,2,2,2,2,2,2,1,2,1,0,0,0
2008,48,145,1,481199,1,6,1,2,1,2,4,2,4,1,2,2,2,1,2,1,2,2,2,2,3,2,2,2,2,2,2,2,2,2,2,0,0,0
2008,48,171,1,481200,1,6,1,2,1,2,3,2,1,1,2,2,1,2,2,2,2,1,2,2,2,2,2,2,2,2,2,2,2,2,2,0,0,0
2008,48,27,3,481201,1,6,2,2,1,2,2,2,3,2,2,2,2,2,2,2,2,2,2,2,1,2,2,2,2,2,1,1,2,2,2,0,0,0
2008,48,113,1,481202,1,6,2,2,1,2,6,2,1,2,2,2,1,2,2,2,1,2,2,2,3,1,1,1,1,2,2,1,2,2,2,0,0,0
2008,48,237,1,481203,1,6,1,2,1,2,5,3,1,2,2,2,1,1,2,2,2,2,2,2,3,2,2,2,2,2,2,2,2,2,2,0,0,0
2008,48,309,1,481204,1,6,2,2,1,1,6,1,4,1,2,2,2,2,2,2,2,2,1,2,3,2,2,2,2,1,2,2,2,2,2,0,0,0
2008,48,419,1,481206,1,6,1,2,4,2,5,2,1,1,1,2,1,2,2,1,2,2,2,2,3,2,2,2,2,2,2,2,1,2,2,0,0,0
2008,48,37,1,481207,1,6,2,1,1,2,1,2,1,2,2,2,1,2,2,2,1,2,2,2,3,2,2,2,2,2,2,2,2,2,2,0,0,0
2008,48,85,1,481208,1,6,2,2,4,2,6,2,1,2,2,2,1,2,2,2,2,2,2,2,3,2,2,2,2,2,1,1,1,2,2,0,0,0
2008,48,497,1,481209,1,6,1,2,4,2,5,2,1,1,2,2,1,2,1,2,2,2,2,1,3,2,2,2,2,2,2,2,1,2,2,0,0,0
2008,48,73,1,481210,1,6,2,2,1,2,3,2,3,1,1,2,2,2,2,1,2,2,2,2,3,2,2,2,2,2,2,2,1,2,2,0,0,0
2008,48,453,1,481211,1,6,1,2,1,2,6,2,3,1,2,2,2,2,1,1,2,2,2,2,3,2,2,2,2,1,1,1,1,2,2,0,0,0
2008,48,221,1,481212,1,6,1,2,3,2,3,2,1,1,2,2,1,2,2,1,2,2,1,2,3,2,2,2,2,2,2,2,1,2,2,0,0,0
2008,48,167,2,481213,1,6,3,3,1,2,7,2,1,1,1,2,1,2,1,1,1,2,2,2,2,2,2,2,2,2,2,2,2,2,2,0,0,0
2008,48,131,1,481214,1,6,1,2,1,2,3,2,4,2,1,2,2,2,2,2,2,2,1,2,3,2,2,1,1,2,2,1,1,2,2,0,0,0
2008,48,99,1,481215,1,6,1,2,4,2,6,2,1,1,2,2,1,2,2,1,2,2,2,2,3,1,1,1,1,2,2,1,1,2,2,0,0,0
2008,48,201,1,481216,1,6,2,1,1,1,1,1,4,1,1,2,3,2,2,1,2,2,2,2,3,2,2,2,2,2,2,2,2,2,2,0,0,0
2008,48,185,1,481217,1,6,1,2,4,2,5,2,1,2,2,2,1,2,2,1,2,2,2,2,1,2,2,2,2,2,1,1,1,1,2,0,0,0
2008,48,201,1,481218,1,6,2,1,4,2,1,2,1,1,2,2,1,2,2,2,1,2,2,2,1,2,2,2,2,2,2,2,1,2,2,0,0,0
2008,48,201,2,481219,1,6,2,2,4,2,6,2,1,2,2,2,1,2,2,1,2,2,2,2,2,1,1,1,1,2,2,1,1,2,2,0,0,0
2008,48,141,1,481220,1,6,2,2,3,2,6,2,1,2,2,2,1,2,2,1,2,2,1,2,3,2,2,2,2,2,1,1,1,2,2,0,0,0
2008,48,375,1,481221,1,6,2,1,1,2,1,2,7,2,1,2,3,1,2,2,2,2,1,2,3,2,2,1,1,1,1,1,2,2,2,0,0,0
2008,48,389,2,481222,1,6,1,1,3,2,1,2,1,1,1,2,1,2,2,1,2,2,1,2,3,2,2,2,2,2,2,2,1,2,1,0,0,0
2008,48,439,1,481223,1,6,2,2,3,2,3,3,1,2,2,2,1,2,2,2,2,2,2,2,3,2,2,2,2,2,2,2,1,2,2,0,0,0
2008,48,167,1,481224,1,6,2,2,1,1,3,1,4,1,1,2,2,2,2,1,2,2,2,2,3,2,2,2,2,2,2,2,2,2,2,0,0,0
2008,48,383,1,481225,1,6,2,2,4,1,6,1,1,1,2,2,1,2,2,1,2,2,2,2,1,2,2,2,2,2,1,1,2,2,2,0,0,0
2008,48,231,1,481226,1,6,1,2,1,2,5,2,4,1,1,2,2,2,2,2,2,2,2,2,3,2,2,2,2,1,2,2,1,2,2,0,0,0
2008,48,409,1,481227,1,6,1,2,1,2,5,2,4,1,1,2,2,2,2,2,2,2,2,2,3,2,2,2,2,2,2,2,2,1,2,0,0,0
2008,48,229,1,481228,1,6,1,1,4,2,1,2,1,2,2,2,1,2,2,2,2,2,2,2,3,2,2,2,2,2,2,2,2,2,2,0,0,0
2008,48,463,1,481229,1,6,1,2,4,2,3,2,1,1,1,2,1,2,1,1,2,2,2,2,3,2,2,2,2,1,2,2,1,2,2,0,0,0
2008,48,141,1,481230,1,6,2,2,1,2,6,2,1,2,1,1,1,2,2,2,1,2,2,2,3,2,2,2,2,2,2,2,2,2,2,0,0,0
2008,48,439,1,481231,1,6,2,2,4,2,6,2,2,2,1,2,1,2,1,1,2,2,2,2,3,2,2,2,2,1,2,2,1,2,2,0,0,0
2008,48,201,1,481232,1,6,2,2,4,2,3,2,1,2,1,2,1,2,2,1,2,2,2,2,1,2,2,2,2,2,1,1,1,2,2,0,0,0
2008,48,167,1,481233,1,6,2,2,4,2,2,2,1,2,2,2,1,2,2,1,2,2,1,2,3,2,2,1,1,2,2,1,1,2,2,0,0,0
2008,48,141,1,481234,1,6,2,2,1,2,6,2,1,2,1,1,1,2,2,2,1,2,2,2,3,2,2,2,2,2,2,2,2,2,2,0,0,0
2008,48,201,1,481235,1,6,2,1,3,2,1,2,1,2,2,2,1,1,2,2,2,2,2,2,3,2,2,2,2,2,2,2,1,2,2,0,0,0
2008,48,29,1,481236,1,6,2,2,1,1,6,1,4,2,2,2,2,2,1,2,2,2,2,2,1,2,2,2,2,2,1,1,2,2,2,0,0,0
2008,48,201,1,481237,1,6,2,2,1,2,6,2,1,1,1,1,1,2,2,2,1,2,2,2,3,2,2,2,2,2,2,2,2,2,2,0,0,0
2008,48,201,3,481238,1,6,2,1,1,1,1,1,4,2,1,2,2,1,2,1,2,2,2,2,1,2,2,2,2,1,1,1,2,2,2,0,0,0
2008,48,121,1,481239,1,6,2,2,1,1,3,1,2,1,1,2,3,2,2,1,2,2,2,2,3,2,2,2,2,2,2,2,2,2,2,0,0,0
2008,48,467,1,481240,1,6,1,2,1,2,5,2,1,2,2,1,1,2,2,2,1,2,2,2,3,2,2,2,2,2,2,2,2,2,2,0,0,0
2008,48,427,1,481241,1,6,2,2,1,2,6,2,1,2,1,2,1,2,2,2,1,2,2,2,3,1,1,1,1,2,2,1,2,1,2,0,0,0
2008,48,201,1,481242,1,6,2,2,4,2,6,2,1,2,1,2,1,2,2,2,2,2,2,2,1,2,2,2,2,2,2,2,1,2,2,0,0,0
2008,48,245,1,481243,1,6,3,3,1,2,7,2,1,2,1,2,1,2,2,1,2,2,2,2,3,2,2,2,2,2,2,2,2,2,2,0,0,0
2008,48,151,1,481244,1,6,1,2,4,2,5,2,1,2,1,2,1,2,2,2,2,2,1,2,3,2,2,2,2,2,1,1,1,1,2,0,0,0
2008,48,167,1,481245,1,6,2,2,1,1,2,1,4,1,2,2,2,2,1,2,2,2,2,2,2,2,2,2,2,2,2,2,2,1,2,0,0,0
2008,48,329,1,481246,1,6,2,2,1,1,6,1,4,1,2,2,3,2,2,2,2,2,2,2,3,2,2,2,2,1,2,2,2,2,2,0,0,0
2008,48,453,1,481247,1,6,2,2,1,2,6,2,1,2,2,1,1,2,2,2,1,2,2,2,3,2,2,1,1,2,2,1,2,2,2,0,0,0
2008,48,223,1,481248,1,6,1,1,3,2,1,2,1,1,1,2,1,2,2,1,2,2,2,2,2,2,2,2,2,2,1,1,1,2,2,0,0,0
2008,48,121,1,481249,1,6,1,2,1,2,3,3,4,2,1,2,2,2,2,2,2,2,2,2,3,2,2,2,2,2,1,1,2,1,2,0,0,0
2008,48,201,1,481250,1,6,2,2,4,1,6,1,1,2,1,2,1,2,2,1,2,2,2,2,2,2,2,2,2,2,2,2,2,2,2,0,0,0
2008,48,439,1,481251,1,6,2,2,1,2,2,2,1,2,1,2,1,2,2,2,1,2,2,2,3,2,2,2,2,2,2,2,2,2,2,0,0,0
2008,48,29,1,481252,1,6,2,2,4,2,3,2,1,2,2,2,1,2,2,1,2,2,1,2,1,2,2,2,2,2,2,2,1,2,2,0,0,0
2008,48,245,1,481253,1,6,2,2,1,2,2,2,1,2,2,2,1,2,1,2,2,2,2,2,3,2,2,2,2,2,2,2,2,2,2,0,0,0
2008,48,245,1,481254,1,6,2,2,3,2,2,2,1,2,2,2,1,2,2,2,2,2,1,2,3,2,2,2,2,2,2,2,1,2,2,0,0,0
2008,48,439,1,481255,1,6,2,2,3,1,6,1,1,2,2,2,1,2,2,1,2,2,2,2,3,2,2,2,2,2,1,1,2,2,2,0,0,0
2008,48,167,1,481256,1,6,2,1,1,2,1,2,2,2,2,2,2,2,2,1,2,2,2,2,3,2,2,2,2,2,2,2,2,2,2,0,0,0
2008,48,337,1,481257,1,6,1,2,4,2,3,2,1,2,2,2,1,2,2,1,2,2,2,2,1,2,2,2,2,2,2,2,1,2,2,0,0,0
2008,48,61,1,481258,1,6,1,2,4,2,6,2,1,1,1,2,1,2,2,1,2,2,1,2,3,2,2,2,2,2,2,2,1,2,2,0,0,0
2008,48,325,2,481259,1,6,1,1,3,2,1,2,1,2,2,2,1,2,2,2,2,2,1,2,3,2,2,2,2,2,2,2,2,2,2,0,0,0
2008,48,61,1,481260,1,6,1,2,4,2,3,2,1,2,1,2,1,2,2,1,2,2,1,2,1,2,2,2,2,2,1,1,1,2,2,0,0,0
2008,48,29,1,481261,1,6,2,2,1,1,6,1,4,2,1,2,2,2,2,1,2,2,2,2,3,1,1,1,1,2,2,1,2,2,2,0,0,0
2008,48,303,2,481262,1,6,2,2,1,1,6,1,4,1,1,2,2,2,1,2,2,2,2,2,3,2,2,2,2,2,2,2,2,2,2,0,0,0
2008,48,351,1,481263,1,6,1,2,1,2,4,2,4,2,2,2,3,2,2,2,2,2,1,2,1,1,1,1,1,2,2,1,1,2,2,0,0,0
2008,48,467,1,481264,1,6,1,1,1,2,1,2,2,1,2,2,2,1,2,1,2,2,2,2,3,2,2,2,2,2,2,2,2,2,2,0,0,0
2008,48,57,1,481265,1,6,1,2,4,2,4,2,1,2,2,2,1,2,2,2,2,2,2,2,1,2,2,2,2,2,2,2,1,2,1,0,0,0
2008,48,467,1,481266,1,6,1,1,1,2,1,2,2,1,1,2,3,1,2,1,2,2,2,2,3,2,2,2,2,2,2,2,2,2,2,0,0,0
2008,48,27,1,481267,1,6,1,2,1,2,4,2,3,2,1,2,2,2,1,2,2,2,2,2,1,1,1,1,1,2,2,1,2,2,2,0,0,0
2008,48,439,1,481268,1,6,2,2,1,2,6,2,1,2,1,2,1,2,2,2,1,2,2,2,3,1,1,1,1,2,2,1,2,2,2,0,0,0
2008,48,71,1,481269,1,6,1,1,3,2,1,2,1,1,1,2,1,2,2,2,2,2,1,2,3,2,2,2,2,2,2,2,2,2,2,0,0,0
2008,48,201,1,481270,1,6,1,2,1,2,6,2,5,2,2,2,3,2,1,2,2,2,2,2,3,2,2,2,2,2,1,1,2,2,2,0,0,0
2008,48,241,2,481271,1,6,1,2,1,2,5,2,3,1,1,2,3,2,1,2,2,2,2,2,3,2,2,2,2,2,2,2,1,2,2,0,0,0
2008,48,423,1,481272,1,6,1,2,1,2,4,2,2,2,2,2,2,2,1,1,2,2,2,2,1,2,2,2,2,1,1,1,2,2,2,0,0,0
2008,48,439,1,481273,1,6,1,2,4,1,6,1,1,2,1,2,1,2,2,1,2,2,1,2,1,2,2,2,2,2,1,1,2,2,2,0,0,0
2008,48,439,1,481274,1,6,2,1,4,2,1,2,1,2,1,2,1,2,2,1,2,2,1,2,3,2,2,2,2,2,2,2,1,2,2,0,0,0
2008,48,201,1,481275,1,6,1,2,1,2,6,2,3,2,2,2,2,2,2,1,2,2,1,2,1,1,1,1,1,2,2,1,2,2,2,0,0,0
2008,48,201,1,481276,1,6,2,2,1,2,6,2,4,1,2,2,3,2,1,2,2,2,2,2,1,2,2,2,2,2,2,2,1,1,2,0,0,0
2008,48,375,1,481277,1,6,2,2,1,1,3,1,4,1,2,2,2,2,2,1,2,2,2,2,3,2,2,2,2,1,2,2,2,2,2,0,0,0
2008,48,75,1,481278,1,6,1,2,1,2,3,2,1,1,1,2,1,2,2,2,2,2,1,2,2,2,2,2,2,2,2,2,1,2,1,0,0,0
2008,48,201,1,481279,1,6,1,2,3,2,6,2,1,2,2,2,1,2,1,1,2,2,2,2,1,1,1,1,1,2,2,1,1,2,2,0,0,0
2008,48,347,2,481280,1,6,1,2,1,1,3,1,4,1,1,2,2,2,1,2,2,2,2,2,3,2,2,2,2,2,2,2,2,2,2,0,0,0
2008,48,201,1,481281,1,6,2,1,1,2,1,2,2,1,1,2,3,1,1,1,2,2,2,2,3,2,2,2,2,2,1,1,2,2,2,0,0,0
2008,48,357,2,481282,1,6,1,2,1,1,4,1,4,2,1,2,2,1,2,2,2,2,2,2,3,1,1,1,1,2,2,1,2,2,2,0,0,0
2008,48,423,1,481283,1,6,1,2,1,2,4,3,4,1,1,2,2,2,1,2,2,2,2,2,3,2,2,2,2,1,2,2,2,1,2,0,0,0
2008,48,451,1,481284,1,6,2,2,4,2,6,2,1,2,1,2,1,2,2,1,2,2,2,2,1,1,1,1,1,2,2,1,1,2,2,0,0,0
2008,48,241,1,481285,1,6,1,2,1,1,3,1,4,1,1,2,2,2,2,2,2,2,2,2,3,2,2,2,2,1,2,2,2,2,2,0,0,0
2008,48,355,1,481286,1,6,1,2,4,2,5,2,1,2,1,2,1,2,2,1,2,2,1,2,1,2,2,2,2,2,2,2,1,2,2,0,0,0
2008,48,61,1,481287,1,6,2,2,1,1,6,1,4,1,1,2,2,2,1,2,2,2,2,2,3,2,2,2,2,1,2,2,2,2,2,0,0,0
2008,48,273,1,481288,1,6,1,2,2,2,5,2,3,1,1,2,2,1,2,2,2,2,2,2,3,2,2,2,2,2,2,2,1,2,2,0,0,0
2008,48,71,1,481289,1,6,1,1,1,2,1,2,5,2,2,1,3,1,2,2,2,2,2,2,3,2,2,2,2,2,2,2,2,2,2,0,0,0
2008,48,339,1,481290,1,6,2,1,3,2,1,3,1,1,2,2,1,2,2,2,2,2,1,2,2,2,2,2,2,2,2,2,1,2,2,0,0,0
2008,48,29,1,481291,1,6,2,1,3,2,1,2,1,1,1,2,1,2,2,1,2,2,1,2,3,2,2,2,2,2,2,2,1,1,2,0,0,0
2008,48,85,1,481292,1,6,2,2,1,1,6,1,4,2,1,2,2,2,1,1,2,2,2,2,1,2,2,2,2,2,1,1,2,1,2,0,0,0
2008,48,209,1,481293,1,6,2,2,4,2,6,2,1,2,2,2,1,2,2,1,2,2,2,2,3,2,2,2,2,2,2,2,1,1,2,0,0,0
2008,48,29,1,481294,1,6,1,2,4,2,4,2,1,2,1,2,1,2,2,2,2,2,1,2,2,2,2,2,2,2,2,2,1,2,2,0,0,0
2008,48,303,1,481295,1,6,2,1,1,2,1,2,1,2,1,1,1,2,2,2,1,2,2,2,3,2,2,2,2,2,2,2,2,2,2,0,0,0
2008,48,303,1,481296,1,6,2,2,4,1,3,1,1,2,1,2,1,2,2,1,2,2,2,2,1,2,2,2,2,2,2,2,2,2,2,0,0,0
2008,48,147,1,481297,1,6,1,2,4,2,5,2,1,2,2,2,1,2,2,1,2,2,1,2,1,2,2,2,2,2,2,2,1,2,2,0,0,0
2008,48,335,1,481298,1,6,1,1,1,2,1,2,1,2,2,2,1,2,2,2,2,2,1,2,1,1,1,1,1,2,2,1,1,2,2,0,0,0
2008,48,223,1,481299,1,6,2,1,1,2,1,2,1,2,1,2,1,1,2,2,1,2,2,2,3,2,2,2,2,1,2,2,2,2,2,0,0,0
2008,48,27,1,481300,1,6,2,2,2,2,3,2,3,1,2,2,2,2,2,1,2,2,2,2,3,1,2,1,2,2,2,2,2,2,2,0,0,0
2008,48,463,1,481301,1,6,2,2,4,2,6,2,1,2,2,2,1,2,1,1,2,2,2,2,1,2,2,2,2,2,2,2,1,2,2,0,0,0
2008,48,113,1,481302,1,6,2,2,4,2,3,2,1,2,2,2,1,2,2,1,2,2,1,1,2,2,2,2,2,2,2,2,1,2,2,0,0,0
2008,48,139,1,481303,1,6,2,1,1,2,1,2,1,2,2,2,1,2,1,2,2,2,2,2,2,2,2,2,2,2,2,2,2,2,2,0,0,0
2008,48,121,1,481304,1,6,2,1,1,2,1,2,4,2,1,2,2,2,2,2,1,2,2,2,3,2,2,2,2,2,1,1,2,2,2,0,0,0
2008,48,113,1,481305,1,6,2,2,4,2,6,2,1,2,1,2,1,2,2,1,2,2,1,2,1,2,2,2,2,2,2,2,1,2,2,0,0,0
2008,48,113,1,481306,1,6,2,1,1,2,1,2,2,2,2,2,3,1,2,1,2,2,2,2,3,2,2,2,2,2,2,2,2,2,2,0,0,0
2008,48,189,1,481307,1,6,1,2,4,2,6,2,1,2,2,2,1,2,2,1,2,2,1,2,1,1,1,1,1,2,2,1,1,2,2,0,0,0
2008,48,439,1,481308,1,6,2,2,4,2,2,2,1,1,2,2,2,1,2,1,2,2,2,2,3,2,2,2,2,1,2,2,1,2,2,0,0,0
2008,48,441,1,481309,1,6,2,2,4,2,6,2,1,1,2,2,1,2,1,2,2,2,2,2,2,2,2,2,2,2,2,2,1,2,2,0,0,0
2008,48,21,1,481310,1,6,1,2,3,2,4,2,1,1,1,2,1,2,2,1,2,2,1,2,2,2,2,2,2,2,2,2,1,1,2,0,0,0
2008,48,335,1,481311,1,6,1,2,1,2,5,2,1,1,1,2,1,1,2,1,2,2,1,2,1,2,2,2,2,2,2,2,1,2,2,0,0,0
2008,48,113,1,481312,1,6,2,2,4,2,2,2,1,2,2,2,1,2,2,2,2,2,2,2,3,2,2,2,2,2,2,2,1,2,2,0,0,0
2008,48,389,2,481313,1,6,2,2,1,2,3,2,4,2,2,2,2,2,2,1,2,2,2,2,1,2,2,2,2,2,1,1,1,2,2,0,0,0
2008,48,113,1,481314,1,6,2,2,4,2,2,2,1,2,2,2,1,2,2,2,2,2,1,2,1,1,1,1,1,2,2,1,1,2,2,0,0,0
2008,48,501,1,481315,1,6,1,2,4,2,5,2,1,2,2,2,1,2,2,1,2,2,1,2,1,1,1,1,1,2,2,1,1,2,2,0,0,0
2008,48,113,1,481316,1,6,2,2,4,2,2,2,1,2,2,2,1,2,2,2,2,2,2,2,2,2,2,2,2,2,1,1,1,1,2,0,0,0
2008,48,189,3,481317,1,6,1,2,1,2,4,2,2,1,1,2,3,1,2,1,2,2,1,2,3,2,2,1,1,2,2,1,2,1,2,0,0,0
2008,48,201,1,481318,1,6,2,2,4,2,6,2,1,2,1,2,1,2,2,1,2,2,1,2,1,2,2,1,1,2,2,1,1,2,2,0,0,0
2008,48,251,1,481319,1,6,2,2,1,1,3,1,4,1,1,2,3,2,2,2,2,2,2,2,3,2,2,2,2,2,2,2,2,2,2,0,0,0
2008,48,113,1,481320,1,6,2,2,3,2,6,2,1,2,2,2,2,2,2,1,2,2,2,2,1,1,1,1,1,2,1,1,1,2,2,0,0,0
2008,48,141,2,481321,1,6,2,2,4,2,3,3,1,1,2,2,1,2,2,1,2,2,2,2,1,2,2,2,2,2,2,2,1,2,2,0,0,0
2008,48,309,1,481322,1,6,2,2,1,2,2,2,2,2,2,2,2,2,2,1,2,2,1,2,1,2,2,2,2,2,2,2,2,2,2,0,0,0
2008,48,389,1,481323,1,6,1,1,2,2,1,2,1,1,2,2,1,2,1,2,2,2,2,2,3,2,2,2,2,2,2,2,2,2,2,0,0,0
2008,48,215,1,481324,1,6,2,2,1,2,6,2,1,2,1,2,1,2,2,2,1,2,2,2,2,2,2,2,2,2,2,2,2,2,2,0,0,0
2008,48,375,3,481325,1,6,1,2,1,2,5,2,3,1,1,2,2,2,2,2,2,2,2,2,2,2,2,2,2,1,2,2,1,2,2,0,0,0
2008,48,419,1,481326,1,6,1,2,4,2,5,2,1,2,1,2,1,1,2,1,2,2,1,2,3,2,2,2,2,2,2,2,1,2,2,0,0,0
2008,48,201,1,481327,1,6,2,2,3,2,2,2,1,2,2,2,1,2,1,1,2,2,2,2,1,2,2,2,2,2,2,2,1,2,2,0,0,0
2008,48,347,1,481328,1,6,1,2,1,2,3,2,1,2,2,2,1,2,2,2,2,1,2,2,3,2,2,2,2,2,2,2,2,2,2,0,0,0
2008,48,439,1,481329,1,6,2,2,1,1,6,1,4,2,2,2,2,2,1,1,2,2,2,2,3,2,2,2,2,2,2,2,2,2,2,0,0,0
2008,48,473,1,481330,1,6,2,2,1,2,4,2,2,2,1,2,2,1,1,1,2,2,2,2,2,2,2,2,2,2,2,2,2,1,2,0,0,0
2008,48,487,1,481331,1,6,1,2,1,2,5,2,4,1,1,2,2,2,1,1,2,2,2,2,3,2,2,1,1,2,2,1,2,1,2,0,0,0
2008,48,355,2,481332,1,6,1,2,4,2,6,2,1,2,2,2,1,2,2,1,2,2,1,1,2,2,2,2,2,2,1,1,1,2,2,0,0,0
2008,48,439,1,481333,1,6,2,3,1,2,7,3,4,2,2,2,3,2,1,2,2,2,2,2,3,2,2,2,2,2,1,1,2,2,2,0,0,0
2008,48,39,1,481334,1,6,2,2,4,2,6,2,1,1,1,2,1,2,1,1,2,2,2,2,2,2,2,2,2,2,2,2,1,2,2,0,0,0
2008,48,49,1,481335,1,6,2,2,1,2,4,3,2,1,1,2,2,2,2,2,2,2,2,2,3,2,2,2,2,2,2,2,2,1,2,0,0,0
2008,48,453,1,481336,1,6,2,2,4,2,6,2,1,2,1,2,1,2,1,1,2,2,2,2,1,2,2,2,2,2,2,2,1,2,2,0,0,0
2008,48,5,1,481337,1,6,2,2,4,2,3,2,1,2,2,2,1,2,2,1,2,2,2,2,2,2,2,2,2,2,2,2,1,2,2,0,0,0
2008,48,135,1,481338,1,6,1,1,1,2,1,2,4,1,2,2,2,2,1,2,2,2,2,2,3,2,2,2,2,2,1,1,2,2,2,0,0,0
2008,48,135,2,481339,1,6,1,2,4,2,3,2,1,2,2,2,1,2,2,2,2,2,1,2,3,1,1,1,1,2,2,1,1,1,2,0,0,0
2008,48,303,1,481340,1,6,2,2,2,2,6,2,2,2,2,2,1,2,1,1,2,2,2,2,1,2,2,1,1,2,2,1,2,2,2,0,0,0
2008,48,141,1,481341,1,6,1,2,1,1,3,1,4,2,2,2,2,1,2,2,2,2,2,2,3,1,1,1,1,2,2,1,2,2,2,0,0,0
2008,48,201,1,481342,1,6,2,2,4,2,6,2,1,2,2,2,1,2,1,2,2,2,2,2,1,2,2,2,2,2,2,2,1,2,2,0,0,0
2008,48,367,1,481343,1,6,1,2,1,2,5,2,4,1,2,2,2,2,2,2,2,2,2,2,3,1,1,1,1,1,2,1,2,2,2,0,0,0
2008,48,467,1,481344,1,6,1,2,1,2,6,2,1,1,2,2,1,2,1,1,2,2,2,2,2,2,2,2,2,2,2,2,2,2,2,0,0,0
2008,48,21,1,481345,1,6,1,2,4,2,5,2,1,2,1,2,1,2,2,1,2,2,1,2,3,2,2,1,1,2,2,1,1,1,2,0,0,0
2008,48,389,1,481346,1,6,2,1,1,2,1,2,1,2,1,2,1,2,2,2,2,2,1,2,3,2,2,2,2,2,2,2,1,2,1,0,0,0
2008,48,29,1,481347,1,6,2,2,4,2,6,2,1,2,1,2,1,2,2,1,2,2,1,2,1,2,2,2,2,2,1,1,2,2,2,0,0,0
2008,48,29,1,481348,1,6,1,1,4,2,1,2,1,1,1,2,1,2,2,1,2,2,1,2,2,2,2,2,2,2,2,2,1,2,2,0,0,0
2008,48,289,1,481349,1,6,1,2,4,2,5,2,1,2,2,2,1,2,2,1,2,2,1,2,3,1,1,1,1,2,2,1,1,2,2,0,0,0
2008,48,289,1,481350,1,6,1,2,4,2,3,2,1,1,1,2,1,1,2,1,2,2,1,2,2,2,2,2,2,2,2,2,1,2,1,0,0,0
2008,48,439,1,481351,1,6,2,2,2,1,6,1,1,2,2,2,1,2,1,1,2,2,2,2,1,2,2,2,2,2,1,1,2,2,2,0,0,0
2008,48,287,1,481352,1,6,1,2,4,2,5,2,1,2,2,2,1,2,2,1,2,2,1,2,3,2,2,2,2,2,2,2,1,2,2,0,0,0
2008,48,491,1,481353,1,6,2,1,1,1,1,1,4,1,2,2,2,2,2,2,2,2,1,2,3,2,2,1,1,2,2,1,2,1,2,0,0,0
2008,48,229,1,481354,1,6,1,1,2,2,1,2,1,1,2,2,1,2,2,2,2,2,1,2,3,2,2,2,2,2,2,2,1,2,2,0,0,0
2008,48,113,1,481355,1,6,2,2,3,2,6,2,1,1,2,2,1,2,1,2,2,2,2,2,3,2,2,2,2,2,2,2,1,2,2,0,0,0
2008,48,73,2,481356,1,6,1,2,4,2,3,2,1,1,1,2,1,2,2,2,2,2,1,2,2,2,2,2,2,2,1,1,1,1,2,0,0,0
2008,48,201,1,481357,1,6,2,2,1,2,6,2,3,2,1,2,2,2,2,2,2,2,2,2,3,2,2,2,2,1,2,2,2,2,2,0,0,0
2008,48,375,1,481358,1,6,1,2,4,2,5,2,1,1,1,2,1,2,1,1,2,2,2,2,1,2,2,2,2,2,2,2,1,2,2,0,0,0
2008,48,453,1,481359,1,6,2,2,1,2,6,2,1,2,1,1,2,2,2,2,1,2,2,2,3,2,2,2,2,2,2,2,2,2,2,0,0,0
2008,48,485,1,481360,1,6,1,2,4,2,5,2,1,1,1,2,1,2,2,1,2,2,1,2,2,2,2,2,2,2,1,1,1,2,2,0,0,0
2008,48,113,1,481361,1,6,2,2,4,2,6,2,1,2,1,2,1,2,2,2,2,2,2,2,1,2,2,2,2,2,2,2,1,2,2,0,0,0
2008,48,467,1,481362,1,6,1,2,4,2,4,2,1,2,1,2,1,2,2,2,2,2,1,2,3,2,2,2,2,2,2,2,1,2,2,0,0,0
2008,48,481,1,481363,1,6,1,2,4,2,6,2,1,2,1,2,1,2,2,2,2,2,1,2,1,2,2,2,2,2,2,2,1,2,2,0,0,0
2008,48,449,2,481364,1,6,2,1,4,2,1,3,1,1,1,2,1,1,2,2,2,2,2,2,2,2,2,2,2,2,2,2,1,2,1,0,0,0
2008,48,469,1,481365,1,6,2,2,1,2,2,2,5,1,1,2,3,2,2,2,2,2,1,2,3,1,1,1,1,2,2,1,1,2,1,0,0,0
2008,48,27,1,481366,1,6,3,3,4,2,7,2,1,1,1,2,1,2,2,2,2,2,1,2,2,2,2,2,2,2,1,1,1,1,2,0,0,0
2008,48,363,1,481367,1,6,1,2,1,2,4,2,1,2,2,2,1,2,2,2,1,2,2,2,3,2,2,2,2,2,2,2,2,2,2,0,0,0
2008,48,365,1,481368,1,6,1,2,1,2,6,2,1,2,2,2,1,2,2,1,2,2,1,2,3,1,1,1,1,2,2,1,1,2,2,0,0,0
2008,48,371,1,481369,1,6,1,2,4,2,5,2,1,1,1,2,1,1,2,1,2,2,1,2,3,2,2,2,2,2,2,2,1,2,2,0,0,0
2008,48,423,1,481370,1,6,1,2,4,2,6,2,1,1,1,2,1,2,2,1,2,2,2,2,3,1,1,1,1,2,2,1,1,2,2,0,0,0
2008,48,61,1,481371,1,6,1,2,2,2,3,2,1,2,2,1,1,2,2,2,1,2,2,2,3,2,2,2,2,2,2,2,2,2,2,0,0,0
2008,48,113,1,481372,1,6,2,2,4,2,6,2,1,2,2,2,1,2,2,1,2,2,2,2,1,2,2,2,2,2,2,2,1,2,2,0,0,0
2008,48,343,1,481373,1,6,1,1,1,2,1,2,1,1,1,2,1,2,2,1,2,2,1,2,3,2,2,2,2,2,1,1,1,2,2,0,0,0
2008,48,201,1,481374,1,6,2,2,4,2,6,2,1,1,2,2,1,2,2,2,2,2,2,2,2,2,2,2,2,2,1,1,1,2,2,0,0,0
2008,48,439,1,481375,1,6,2,2,1,2,6,2,1,2,2,1,1,2,2,2,1,2,2,2,3,2,2,2,2,2,2,2,2,2,2,0,0,0
2008,48,201,1,481376,1,6,2,2,1,2,5,2,1,2,1,1,1,2,2,2,2,1,2,2,3,2,2,1,1,2,2,1,2,2,2,0,0,0
2008,48,505,1,481377,1,6,1,2,1,2,4,2,1,1,1,2,2,1,2,2,2,2,1,2,3,2,2,2,2,2,2,2,1,1,2,0,0,0
2008,48,201,1,481378,1,6,2,2,1,2,6,2,1,2,1,2,1,2,2,2,2,1,2,2,3,2,2,2,2,2,2,2,2,2,2,0,0,0
2008,48,201,1,481379,1,6,2,2,4,2,6,2,1,2,2,2,1,2,2,1,2,2,1,2,1,2,2,2,2,2,2,2,1,2,2,0,0,0
2008,48,463,1,481380,1,6,1,2,1,2,5,2,4,2,2,2,2,2,1,2,2,2,2,2,3,1,1,1,1,2,2,1,2,2,2,0,0,0
2008,48,245,1,481381,1,6,2,2,3,2,2,2,1,2,2,2,3,1,2,1,2,2,1,2,3,2,2,2,2,2,1,1,1,1,2,0,0,0
2008,48,5,1,481382,1,6,1,2,1,1,5,1,4,1,1,2,2,2,2,2,2,2,2,2,3,2,2,2,2,1,2,2,2,2,2,0,0,0
2008,48,39,2,481383,1,6,1,2,1,2,3,2,3,1,1,2,3,1,2,2,2,2,1,2,2,2,2,2,2,1,2,2,1,1,2,0,0,0
2008,48,201,1,481384,1,6,2,2,1,1,6,1,4,2,2,2,2,2,1,1,2,2,2,2,1,2,2,2,2,2,1,1,2,2,2,0,0,0
2008,48,201,2,481385,1,6,2,2,3,2,2,2,1,2,2,2,1,2,2,1,2,2,1,2,1,2,2,2,2,2,2,2,1,2,2,0,0,0
2008,48,201,1,481386,1,6,2,2,1,1,6,1,4,2,1,2,2,2,1,2,2,2,2,2,3,1,1,1,1,2,2,1,2,2,2,0,0,0
2008,48,201,1,481388,1,6,2,2,4,2,2,2,1,2,1,2,1,2,2,2,2,2,2,2,3,2,2,2,2,1,2,2,1,2,2,0,0,0
2008,48,121,1,481389,1,6,2,2,1,2,3,2,1,2,1,2,1,2,2,2,1,2,2,2,2,1,1,1,1,2,2,1,2,2,2,0,0,0
2008,48,201,1,481390,1,6,2,1,4,2,1,3,1,2,1,2,1,2,2,1,2,2,2,2,1,2,2,2,2,2,2,2,1,2,2,0,0,0
2008,48,201,1,481391,1,6,2,2,1,2,6,2,2,2,1,2,2,2,2,1,2,2,2,2,1,2,2,2,2,2,2,2,2,2,2,0,0,0
2008,48,339,1,481392,1,6,1,2,1,2,5,2,4,1,1,2,2,2,2,2,2,2,1,2,3,2,2,2,2,1,2,2,1,2,2,0,0,0
2008,48,115,1,481393,1,6,1,2,1,1,5,1,4,1,1,2,2,2,2,2,2,2,2,2,1,2,2,2,2,2,2,2,2,2,2,0,0,0
2008,48,245,1,481394,1,6,2,2,1,2,6,2,2,2,2,2,2,2,1,1,2,2,2,2,3,2,2,2,2,2,1,1,2,1,2,0,0,0
2008,48,113,1,481395,1,6,2,2,1,1,6,1,4,2,2,2,2,2,1,1,2,2,2,1,3,2,2,2,2,2,2,2,2,2,2,0,0,0
2008,48,479,1,481396,1,6,1,1,4,2,1,2,1,1,2,1,1,2,2,2,2,2,2,1,3,2,2,2,2,2,2,2,1,2,2,0,0,0
2008,48,363,1,481397,1,6,1,2,4,2,4,2,1,2,2,2,1,2,2,2,2,2,1,2,1,2,2,2,2,2,2,2,1,2,2,0,0,0
2008,48,395,1,481398,1,6,1,2,2,2,3,2,4,2,1,2,2,1,2,1,2,2,2,2,3,2,2,2,2,1,2,2,1,2,2,0,0,0
2008,48,339,1,481399,1,6,1,1,1,1,1,1,4,2,1,2,2,2,1,2,2,2,2,2,1,2,2,2,2,2,2,2,2,2,2,0,0,0
2008,48,439,1,481400,1,6,2,2,3,2,6,2,1,2,1,2,1,2,1,2,2,2,2,2,3,2,2,2,2,2,2,2,1,2,2,0,0,0
2008,48,201,1,481401,1,6,3,3,1,2,7,2,3,2,1,2,2,2,2,2,2,2,2,2,3,2,2,2,2,2,2,2,2,2,2,0,0,0
2008,48,453,1,481402,1,6,1,2,1,1,5,1,4,1,1,2,2,1,2,2,2,2,2,2,3,2,2,2,2,1,2,2,2,1,2,0,0,0
2008,48,51,1,481403,1,6,1,2,1,2,5,3,4,1,2,2,2,2,2,2,2,2,2,2,3,2,2,2,2,1,1,1,2,2,2,0,0,0
2008,48,481,1,481404,1,6,1,2,1,2,3,3,4,1,2,2,2,1,2,2,2,2,2,2,3,2,2,2,2,2,2,2,2,2,2,0,0,0
2008,48,29,1,481405,1,6,2,2,4,2,2,2,1,2,2,2,1,2,2,2,2,2,1,2,1,2,2,2,2,2,2,2,1,2,2,0,0,0
2008,48,283,1,481406,1,6,1,2,4,2,5,2,1,1,1,2,1,2,2,2,2,2,1,2,3,2,2,2,2,2,2,2,1,1,1,0,0,0
2008,48,303,1,481407,1,6,2,2,4,2,6,2,1,2,1,1,1,2,2,1,2,2,1,1,2,1,1,1,1,2,2,1,2,2,2,0,0,0
2008,48,449,1,481408,1,6,1,2,1,2,5,2,1,1,1,2,1,1,2,2,1,2,2,2,3,2,2,2,2,2,2,2,2,1,2,0,0,0
2008,48,459,1,481409,1,6,1,2,1,2,6,2,1,2,1,2,1,2,1,2,2,2,2,2,3,2,2,2,2,2,2,2,1,1,2,0,0,0
2008,48,221,1,481410,1,6,1,2,1,2,5,3,2,1,1,2,2,1,2,1,2,2,2,2,3,2,2,2,2,2,2,2,2,2,2,0,0,0
2008,48,339,1,481411,1,6,1,2,4,2,3,2,1,2,1,2,1,2,2,2,2,2,1,2,1,2,2,2,2,2,2,2,1,2,2,0,0,0
2008,48,215,1,481412,1,6,1,2,4,2,5,2,1,2,2,2,1,2,2,1,2,2,1,2,2,1,1,1,1,2,2,1,1,2,1,0,0,0
2008,48,325,1,481413,1,6,1,1,3,2,1,2,1,1,2,2,1,2,2,2,2,2,1,2,3,2,2,2,2,2,2,2,1,2,1,0,0,0
2008,48,365,1,481414,1,6,1,2,4,2,5,2,1,2,2,2,1,1,2,1,2,2,1,2,2,2,2,2,2,2,2,2,1,2,1,0,0,0
2008,48,93,1,481415,1,6,1,2,4,2,5,2,1,1,1,2,1,2,2,1,2,2,1,2,3,2,2,2,2,2,2,2,1,2,2,0,0,0
2008,48,139,1,481416,1,6,1,2,4,2,5,2,1,1,1,2,1,2,2,2,2,2,1,2,1,2,2,2,2,2,2,2,1,2,1,0,0,0
2008,48,439,1,481417,1,6,2,2,1,2,6,2,1,2,2,2,1,2,2,2,1,2,2,2,3,2,2,2,2,2,2,2,2,2,2,0,0,0
2008,48,481,1,481418,1,6,1,2,1,2,5,3,4,2,2,2,2,2,1,2,2,2,2,2,3,2,2,2,2,2,2,2,2,2,2,0,0,0
2008,48,299,1,481419,1,6,1,2,4,2,4,2,1,2,1,2,1,2,2,1,2,2,1,2,3,1,1,1,1,2,2,1,1,2,2,0,0,0
2008,48,453,1,481420,1,6,1,2,1,2,5,2,2,1,1,2,3,1,2,1,2,2,2,2,3,1,1,1,1,2,1,1,2,2,2,0,0,0
2008,48,99,1,481421,1,6,1,2,1,1,4,1,4,2,1,2,2,2,1,2,2,2,2,2,3,2,2,2,2,2,2,2,2,2,2,0,0,0
2008,48,161,1,481422,1,6,1,1,1,2,1,2,4,1,1,2,2,1,2,2,2,2,2,2,3,2,2,2,2,2,2,2,2,2,2,0,0,0
2008,48,197,1,481423,1,6,1,2,1,2,3,2,2,1,1,2,1,2,1,1,2,2,2,2,3,2,2,2,2,2,2,2,2,2,2,0,0,0
2008,48,217,1,481424,1,6,2,2,4,2,3,2,1,2,1,2,1,2,2,2,2,2,1,2,3,2,2,2,2,1,2,2,1,2,2,0,0,0
2008,48,287,1,481425,1,6,1,2,1,2,3,2,4,1,1,2,2,1,2,1,2,2,2,2,3,2,2,2,2,1,2,2,1,2,2,0,0,0
2008,48,1,1,481426,1,6,1,2,1,2,4,2,4,1,1,2,1,2,2,1,2,2,2,2,3,2,2,2,2,1,2,2,2,1,2,0,0,0
2008,48,41,1,481427,1,6,1,2,4,1,3,1,1,2,1,2,1,2,2,2,2,2,2,2,3,2,2,2,2,2,2,2,2,2,2,0,0,0
2008,48,339,1,481428,1,6,1,2,1,1,5,1,3,2,1,2,2,2,1,1,2,2,2,2,3,2,2,2,2,2,1,1,2,2,2,0,0,0
2008,48,183,1,481429,1,6,2,2,4,2,3,2,1,2,2,2,1,2,1,1,2,2,2,2,1,2,2,2,2,2,1,1,1,2,2,0,0,0
2008,48,439,1,481430,1,6,2,1,1,2,1,2,2,1,1,2,3,1,2,1,2,2,2,2,3,2,2,2,2,2,2,2,2,1,2,0,0,0
2008,48,29,1,481431,1,6,2,1,4,2,1,2,1,2,2,2,1,2,2,1,2,2,2,2,1,2,2,2,2,2,2,2,1,2,2,0,0,0
2008,48,365,1,481432,1,6,1,2,4,2,6,2,1,2,2,2,1,2,2,1,2,2,2,2,2,2,2,2,2,2,1,1,1,2,2,0,0,0
2008,48,289,1,481433,1,6,1,2,4,2,5,2,1,2,2,2,1,2,1,1,2,2,2,2,3,2,2,1,1,2,2,1,1,2,2,0,0,0
2008,48,335,2,481434,1,6,1,1,4,2,1,3,1,2,2,2,1,1,2,1,2,2,2,2,2,2,2,2,2,2,2,2,2,2,2,0,0,0
2008,48,423,1,481435,1,6,1,2,4,2,5,2,1,2,2,2,1,2,2,1,2,2,2,2,1,2,2,1,1,2,2,1,1,2,2,0,0,0
2008,48,31,1,481436,1,6,1,2,1,2,4,3,4,1,2,2,2,2,2,2,2,2,2,2,3,2,2,2,2,1,2,2,2,1,2,0,0,0
2008,48,453,1,481437,1,6,2,1,1,1,1,1,1,2,2,2,1,2,2,1,2,2,1,2,1,2,2,2,2,2,2,2,2,2,2,0,0,0
2008,48,303,1,481438,1,6,1,2,1,1,5,1,2,1,1,2,2,2,1,1,2,2,2,2,3,2,2,2,2,1,2,2,2,2,2,0,0,0
2008,48,331,1,481439,1,6,1,2,1,1,3,1,2,1,1,2,3,2,1,1,2,2,2,2,3,2,2,2,2,1,2,2,2,2,2,0,0,0
2008,48,453,1,481440,1,6,2,2,1,1,6,1,1,2,1,1,1,2,2,2,1,2,2,2,3,2,2,2,2,2,2,2,2,2,2,0,0,0
2008,48,293,1,481441,1,6,1,2,1,2,4,3,6,1,1,2,2,1,1,2,2,2,2,2,3,2,2,2,2,2,2,2,2,2,2,0,0,0
2008,48,339,2,481442,1,6,1,2,4,2,5,2,1,1,1,2,2,2,2,1,2,2,2,2,3,2,2,1,1,2,1,1,1,2,2,0,0,0
2008,48,453,1,481443,1,6,2,1,1,1,1,1,4,1,1,2,2,1,1,1,2,2,2,2,3,2,2,2,2,2,2,2,2,2,2,0,0,0
2008,48,91,1,481444,1,6,2,2,4,2,3,2,4,1,1,2,2,2,2,1,2,2,2,2,3,1,1,1,1,2,2,1,1,1,2,0,0,0
2008,48,147,1,481445,1,6,1,2,1,1,5,1,4,2,1,2,2,1,2,2,2,2,2,2,2,2,2,2,2,2,2,2,2,1,2,0,0,0
2008,48,439,1,481446,1,6,2,2,1,1,6,1,4,2,2,2,2,2,2,2,2,2,2,2,3,1,1,1,1,2,2,1,2,2,2,0,0,0
2008,48,439,1,481447,1,6,2,2,3,2,6,2,1,2,1,2,1,2,1,1,2,2,2,2,1,2,2,2,2,2,2,2,1,2,2,0,0,0
2008,48,29,1,481448,1,6,2,2,1,1,6,1,4,1,2,1,3,2,2,2,2,2,2,1,1,1,1,1,1,2,2,1,2,2,2,0,0,0
2008,48,199,1,481449,1,6,1,2,4,1,5,1,1,1,2,2,1,2,1,1,2,2,2,2,1,2,2,2,2,2,2,2,2,2,2,0,0,0
2008,48,325,1,481450,1,6,2,2,1,2,6,2,1,1,2,2,1,2,2,2,1,2,2,2,2,2,2,2,2,2,2,2,2,2,2,0,0,0
2008,48,329,1,481451,1,6,2,2,4,1,3,1,1,2,2,2,1,2,2,1,2,2,2,2,3,2,2,2,2,2,2,2,2,2,2,0,0,0
2008,48,339,1,481452,1,6,2,1,4,2,1,3,1,2,2,1,1,2,2,1,2,2,1,2,1,2,2,2,2,2,2,2,1,2,2,0,0,0
2008,48,5,1,481453,1,6,1,2,4,2,5,2,1,2,2,2,1,2,1,1,2,2,2,2,2,2,2,2,2,2,2,2,1,2,2,0,0,0
2008,48,451,1,481454,1,6,1,2,1,2,3,2,5,1,1,2,1,2,2,2,1,2,2,2,3,2,2,2,2,2,2,2,2,2,2,0,0,0
2008,48,29,1,481455,1,6,2,2,1,2,2,3,1,1,1,2,2,1,1,1,2,2,2,2,3,2,2,2,2,2,2,2,2,2,2,0,0,0
2008,48,181,2,481456,1,6,2,2,1,1,6,1,4,1,1,2,2,2,2,2,2,2,1,2,3,2,2,2,2,2,2,2,2,1,2,0,0,0
2008,48,453,1,481457,1,6,2,2,1,2,2,3,1,2,1,2,1,2,2,2,1,2,2,2,3,2,2,2,2,2,2,2,2,2,2,0,0,0
2008,48,121,1,481458,1,6,2,2,1,2,3,3,2,2,1,2,2,2,1,1,2,2,2,2,1,2,2,2,2,2,1,1,2,2,2,0,0,0
2008,48,361,1,481459,1,6,1,2,1,2,6,3,1,2,1,2,1,2,2,1,2,2,1,2,3,2,2,2,2,2,2,2,2,2,2,0,0,0
2008,48,401,1,481460,1,6,1,2,4,2,6,2,1,2,1,2,1,2,1,2,2,2,2,2,3,2,2,2,2,2,1,1,1,2,2,0,0,0
2008,48,39,1,481461,1,6,2,2,3,2,2,2,1,1,1,2,1,2,2,2,2,2,2,2,3,2,2,2,2,2,2,2,1,2,2,0,0,0
2008,48,85,1,481462,1,6,2,2,1,2,4,2,4,2,2,2,2,2,1,1,2,2,2,2,3,2,2,1,1,2,2,1,1,2,2,0,0,0
2008,48,205,2,481463,1,6,1,2,1,2,3,3,1,1,1,2,1,2,2,2,2,2,1,2,3,2,2,2,2,2,2,2,1,1,2,0,0,0
2008,48,303,1,481464,1,6,1,2,1,1,6,1,4,1,1,2,2,2,2,2,2,2,2,2,3,1,1,1,1,2,2,1,2,2,2,0,0,0
2008,48,325,1,481465,1,6,1,2,1,2,3,2,1,2,1,2,1,2,2,2,1,2,2,2,3,2,2,1,1,2,2,1,2,2,2,0,0,0
2008,48,199,1,481466,1,6,1,2,2,2,5,2,1,2,2,1,1,2,2,2,1,2,2,2,2,2,2,2,2,2,2,2,1,2,2,0,0,0
2008,48,245,1,481467,1,6,2,1,1,2,1,2,1,2,2,2,1,2,2,2,1,2,2,2,3,2,2,2,2,1,2,2,2,2,2,0,0,0
2008,48,27,1,481468,1,6,2,2,1,1,6,1,4,1,2,2,2,2,1,2,2,2,2,2,3,2,2,2,2,2,2,2,2,2,2,0,0,0
2008,48,121,1,481469,1,6,2,2,3,2,6,2,1,2,2,2,1,2,2,2,2,2,1,2,1,2,2,2,2,2,1,1,1,2,2,0,0,0
2008,48,201,2,481470,1,6,2,1,1,2,1,2,2,1,2,2,2,2,1,1,2,2,2,2,3,2,2,2,2,2,2,2,2,1,2,0,0,0
2008,48,209,1,481471,1,6,2,1,3,2,1,2,1,1,2,2,1,2,2,2,2,2,1,2,3,2,2,2,2,1,2,2,1,2,2,0,0,0
2008,48,157,1,481472,1,6,2,2,1,1,6,1,6,1,1,2,2,2,1,1,2,2,2,2,3,2,2,2,2,2,1,1,2,2,2,0,0,0
2008,48,291,1,481473,1,6,1,2,4,2,5,2,1,2,2,2,1,2,2,1,2,2,1,2,1,2,2,2,2,2,2,2,1,2,2,0,0,0
2008,48,291,1,481474,1,6,1,2,1,2,4,2,3,2,1,2,2,2,1,2,2,2,2,2,3,2,2,2,2,2,2,2,1,2,2,0,0,0
2008,48,305,2,481475,1,6,1,2,1,2,5,2,1,2,2,2,1,2,2,1,2,2,1,2,1,2,2,2,2,2,2,2,1,2,2,0,0,0
2008,48,41,3,481476,1,6,2,2,1,1,6,1,1,2,2,2,1,2,2,1,2,2,2,2,1,1,1,1,1,2,2,1,2,2,2,0,0,0
2008,48,201,1,481477,1,6,1,2,1,2,6,2,1,2,2,1,1,2,2,1,1,2,2,2,3,2,2,2,2,2,2,2,2,2,2,0,0,0
2008,48,381,1,481478,1,6,2,2,1,1,6,1,2,2,1,2,2,2,1,2,2,2,2,2,3,2,2,2,2,2,1,1,2,1,2,0,0,0
2008,48,441,2,481479,1,6,2,1,1,1,1,1,4,1,1,2,2,2,2,2,2,2,2,2,3,1,1,1,1,2,2,1,2,2,2,0,0,0
2008,48,7,1,481480,1,6,1,2,1,2,4,2,3,1,1,2,3,2,2,1,2,2,2,2,3,2,2,2,2,1,2,2,1,2,2,0,0,0
2008,48,499,1,481481,1,6,1,2,4,2,5,2,1,1,1,2,1,2,2,1,2,2,2,2,2,2,2,2,2,2,2,2,1,2,2,0,0,0
2008,48,245,1,481482,1,6,1,2,4,2,6,2,1,1,1,2,1,2,2,1,2,2,1,2,1,2,2,2,2,2,2,2,1,2,2,0,0,0
2008,48,485,1,481483,1,6,3,3,1,2,7,2,1,2,1,2,1,2,2,2,1,2,2,2,3,2,2,2,2,2,2,2,2,2,2,0,0,0
2008,48,245,1,481484,1,6,1,1,1,2,1,2,3,2,1,2,2,2,2,2,2,2,2,2,1,2,2,2,2,2,1,1,2,2,2,0,0,0
2008,48,61,1,481485,1,6,1,2,1,2,4,3,2,1,1,2,2,1,2,1,2,2,2,2,3,2,2,2,2,2,2,2,2,2,2,0,0,0
2008,48,419,1,481486,1,6,1,2,1,2,3,2,3,1,1,2,2,2,2,1,2,2,1,2,3,2,2,2,2,1,2,2,1,2,2,0,0,0
2008,48,229,1,481487,1,6,1,1,1,2,1,2,2,2,1,2,2,1,2,1,2,2,2,2,3,2,2,2,2,2,2,2,2,2,1,0,0,0
2008,48,361,1,481488,1,6,1,2,2,2,4,2,1,2,2,1,1,2,2,2,1,2,2,2,3,2,2,2,2,2,2,2,1,2,2,0,0,0
2008,48,113,2,481489,1,6,2,2,1,1,3,1,4,2,1,2,2,1,2,1,2,2,2,2,1,2,2,2,2,2,2,2,2,2,2,0,0,0
2008,48,113,1,481490,1,6,2,1,1,2,1,2,2,2,2,2,2,1,2,2,2,2,2,2,1,2,2,2,2,2,2,2,2,2,2,0,0,0
2008,48,113,2,481491,1,6,2,1,1,2,1,3,1,1,1,2,2,1,2,1,2,2,1,2,2,2,2,1,1,2,2,1,2,2,2,0,0,0
2008,48,113,1,481492,1,6,2,2,1,1,3,1,4,1,1,1,2,1,2,2,2,2,2,2,3,2,2,2,2,2,1,1,2,2,2,0,0,0
2008,48,201,1,481493,1,6,2,2,1,1,6,1,1,2,2,2,1,2,2,2,2,1,2,2,3,2,2,2,2,2,2,2,2,2,2,0,0,0
2008,48,43,1,481494,1,6,1,2,4,2,4,2,1,1,1,2,1,2,2,2,2,2,1,2,1,2,2,2,2,2,2,2,1,2,1,0,0,0
2008,48,113,1,481495,1,6,2,1,3,2,1,3,1,1,1,2,1,2,2,1,2,2,1,2,3,2,2,2,2,2,2,2,1,2,2,0,0,0
2008,48,491,1,481496,1,6,2,2,4,2,3,2,1,2,1,2,1,2,2,1,2,2,1,2,3,2,2,2,2,2,2,2,1,2,2,0,0,0
2008,48,193,1,481497,1,6,1,2,4,2,5,2,1,1,1,2,1,2,2,1,2,2,2,2,2,2,2,2,2,2,1,1,1,2,2,0,0,0
2008,48,215,1,481498,1,6,2,2,4,2,6,3,1,1,2,2,1,2,2,2,1,2,2,2,2,2,2,2,2,2,2,2,2,2,2,0,0,0
2008,48,239,1,481499,1,6,1,2,4,2,3,2,1,2,2,2,1,2,2,2,2,2,1,2,3,2,2,2,2,2,2,2,1,2,2,0,0,0
2008,48,29,1,481500,1,6,1,2,4,2,6,2,1,1,1,2,1,2,2,1,2,2,1,2,1,2,2,2,2,2,2,2,1,2,2,0,0,0
2008,48,181,1,481501,1,6,1,2,4,2,4,2,1,2,2,2,1,2,2,2,2,2,1,2,3,2,2,2,2,2,2,2,1,1,2,0,0,0
2008,48,389,1,481502,1,6,1,1,1,2,1,2,1,1,2,2,1,2,2,1,2,2,1,2,3,2,2,2,2,2,2,2,1,1,2,0,0,0
2008,48,103,1,481503,1,6,1,2,4,2,5,2,1,1,1,2,1,2,2,2,2,2,1,2,3,2,2,2,2,2,2,2,2,2,2,0,0,0
2008,48,141,1,481504,1,6,1,2,1,1,5,1,4,1,1,2,2,2,2,1,2,2,1,2,3,2,2,1,1,2,1,1,2,2,2,0,0,0
2008,48,337,1,481505,1,6,1,2,4,2,6,2,1,1,2,2,1,2,2,1,2,2,2,2,1,2,2,2,2,2,2,2,1,2,2,0,0,0
2008,48,411,1,481506,1,6,1,2,1,2,3,3,4,2,2,2,2,2,1,2,2,2,2,2,3,2,2,2,2,2,2,2,2,1,2,0,0,0
2008,48,221,1,481507,1,6,1,2,4,2,5,2,1,1,2,2,1,2,1,1,2,2,2,2,3,2,2,2,2,2,2,2,1,2,2,0,0,0
2008,48,293,1,481508,1,6,1,2,2,2,4,2,4,2,2,2,2,2,2,1,2,2,2,2,3,1,1,1,1,2,2,1,1,2,2,0,0,0
2008,48,439,1,481509,1,6,2,2,1,1,3,1,4,1,1,2,2,2,1,2,2,2,2,2,3,1,1,1,1,2,2,1,2,2,2,0,0,0
2008,48,85,1,481510,1,6,1,2,1,2,3,2,4,1,1,2,2,1,2,2,2,2,2,2,3,2,2,2,2,1,2,2,2,1,2,0,0,0
2008,48,29,1,481511,1,6,2,1,3,2,1,2,1,1,1,2,1,2,2,2,2,2,2,2,2,2,2,2,2,2,2,2,1,2,2,0,0,0
2008,48,29,1,481512,1,6,2,2,1,2,6,2,1,2,2,1,1,2,2,2,1,2,2,2,1,2,2,2,2,2,1,1,2,2,2,0,0,0
2008,48,29,1,481513,1,6,1,1,1,2,1,2,1,2,2,2,1,2,2,1,2,2,1,2,2,2,2,1,1,2,2,1,1,1,2,0,0,0
2008,48,27,1,481514,1,6,2,2,4,1,3,1,1,2,1,2,1,2,2,2,2,2,1,2,2,2,2,1,1,2,2,1,2,1,2,0,0,0
2008,48,117,1,481515,1,6,2,2,1,2,3,2,1,2,1,2,1,1,2,2,1,2,2,2,2,2,2,2,2,2,2,2,2,2,2,0,0,0
2008,48,27,1,481516,1,6,2,1,1,2,1,2,1,2,2,2,1,1,2,2,1,2,2,2,2,2,2,2,2,2,2,2,2,2,2,0,0,0
2008,48,253,1,481517,1,6,1,2,4,2,5,2,1,1,1,2,1,2,2,1,2,2,1,2,2,2,2,2,2,2,2,2,1,1,2,0,0,0
2008,48,201,1,481518,1,6,2,2,1,1,6,1,4,2,2,2,2,2,2,2,2,2,2,2,3,2,2,2,2,1,2,2,2,2,2,0,0,0
2008,48,201,1,481519,1,6,1,2,4,2,6,2,1,2,1,2,1,2,2,2,2,2,2,2,1,2,2,2,2,2,2,2,1,2,2,0,0,0
2008,48,215,1,481520,1,6,2,2,4,2,3,2,1,2,2,2,1,2,2,1,2,2,2,2,2,2,2,2,2,2,1,1,1,2,2,0,0,0
2008,48,29,1,481521,1,6,2,2,1,2,3,2,1,2,2,2,1,2,2,2,1,2,2,2,3,2,2,2,2,2,1,1,2,2,2,0,0,0
2008,48,439,1,481522,1,6,2,2,4,2,6,2,1,2,1,2,1,2,2,1,2,2,2,2,1,2,2,2,2,2,2,2,1,2,2,0,0,0
2008,48,201,1,481524,1,6,1,2,1,2,6,2,3,1,1,2,2,2,2,2,2,2,2,2,3,2,2,2,2,2,1,1,2,2,2,0,0,0
2008,48,231,1,481525,1,6,1,2,4,2,5,2,1,1,1,2,1,2,2,1,2,2,2,2,3,2,2,2,2,1,2,2,1,2,2,0,0,0
2008,48,77,1,481526,1,6,1,2,1,1,5,1,4,1,1,2,2,2,1,2,2,2,2,2,3,2,2,2,2,2,2,2,2,2,2,0,0,0
2008,48,439,1,481527,1,6,2,1,1,2,1,2,1,2,1,2,1,2,2,2,1,2,2,2,2,2,2,2,2,2,1,1,2,2,2,0,0,0
2008,48,439,2,481528,1,6,2,2,4,2,6,2,1,2,1,2,1,2,1,1,2,2,2,2,1,2,2,2,2,2,2,2,1,2,2,0,0,0
2008,48,353,2,481529,1,6,1,2,1,2,5,2,4,1,1,2,2,1,2,2,2,2,2,2,3,2,2,2,2,2,2,2,1,2,2,0,0,0
2008,48,61,1,481530,1,6,1,2,4,2,6,2,1,2,2,2,1,2,2,2,1,2,2,2,2,2,2,2,2,2,2,2,2,2,2,0,0,0
2008,48,201,1,481531,1,6,2,2,1,2,6,2,1,2,2,2,1,2,2,2,1,2,2,2,3,2,2,2,2,2,2,2,2,2,2,0,0,0
2008,48,245,1,481532,1,6,2,2,2,2,2,2,1,2,2,2,1,2,2,1,2,2,2,2,3,2,2,2,2,2,2,2,1,1,2,0,0,0
2008,48,245,1,481533,1,6,1,2,1,2,3,2,1,2,1,2,1,2,2,1,1,2,2,2,3,2,2,2,2,2,1,1,2,2,2,0,0,0
2008,48,201,1,481534,1,6,1,2,4,2,6,2,1,2,2,2,1,2,1,2,2,2,2,2,1,2,2,2,2,2,2,2,1,2,2,0,0,0
2008,48,361,1,481535,1,6,1,2,1,2,4,2,1,2,2,1,1,2,2,2,1,2,2,2,3,2,2,2,2,2,2,2,2,2,2,0,0,0
2008,48,445,1,481536,1,6,1,2,1,2,3,2,2,1,1,2,3,1,2,1,1,2,2,2,3,2,2,2,2,1,2,2,2,1,2,0,0,0
2008,48,139,1,481537,1,6,1,2,1,2,5,2,1,1,2,2,1,2,1,2,2,2,2,2,1,2,2,2,2,2,2,2,1,1,2,0,0,0
2008,48,485,1,481538,1,6,2,1,2,2,1,2,1,2,2,2,1,2,1,1,2,2,2,2,1,2,2,2,2,2,2,2,1,2,2,0,0,0
2008,48,37,1,481539,1,6,2,2,1,2,3,2,1,1,1,2,1,2,1,2,2,2,2,2,2,2,2,2,2,2,2,2,2,1,2,0,0,0
2008,48,201,1,481540,1,6,2,1,2,2,1,2,1,2,1,2,1,2,2,2,2,2,1,2,1,2,2,2,2,2,2,2,1,2,2,0,0,0
2008,48,245,1,481541,1,6,2,2,4,1,6,1,1,2,1,2,1,2,2,1,1,2,2,2,3,2,2,2,2,2,2,2,2,2,2,0,0,0
2008,48,37,1,481542,1,6,1,2,1,2,3,2,5,2,2,2,2,2,1,2,2,2,2,2,3,2,2,1,1,2,2,1,2,2,2,0,0,0
2008,48,85,1,481543,1,6,2,2,2,2,6,2,1,1,1,2,1,2,1,2,2,2,2,2,2,2,2,2,2,2,1,1,1,2,2,0,0,0
2008,48,339,1,481544,1,6,1,2,1,2,4,2,3,2,2,2,2,2,1,2,2,2,2,2,1,2,2,2,2,1,2,2,2,2,2,0,0,0
2008,48,209,1,481545,1,6,1,2,1,1,6,1,1,1,2,2,1,2,1,2,2,1,2,2,2,2,2,2,2,2,2,2,2,2,2,0,0,0
2008,48,221,1,481546,1,6,1,2,4,2,6,2,1,1,2,2,1,2,2,1,2,2,2,2,3,2,2,2,2,2,2,2,1,2,2,0,0,0
2008,48,339,1,481547,1,6,1,2,4,2,4,2,1,2,2,2,1,2,2,1,2,2,1,2,1,2,2,2,2,2,1,1,1,2,2,0,0,0
2008,48,183,1,481548,1,6,1,2,1,2,5,2,1,2,1,1,3,2,2,2,1,2,2,2,3,2,2,2,2,2,2,2,2,2,2,0,0,0
2008,48,353,1,481549,1,6,1,1,1,2,1,2,4,1,1,2,3,1,2,2,2,2,1,2,3,2,2,2,2,2,2,2,1,2,2,0,0,0
2008,48,491,1,481550,1,6,1,2,1,2,4,2,2,1,1,2,2,1,1,1,2,2,2,2,2,2,2,2,2,1,2,2,2,2,1,0,0,0
2008,48,473,1,481551,1,6,1,2,4,2,6,2,1,1,1,2,1,2,2,1,2,2,1,2,1,2,2,2,2,2,2,2,1,2,2,0,0,0
2008,48,497,1,481552,1,6,1,2,1,2,3,2,3,2,1,2,3,2,2,2,2,2,2,2,3,2,2,1,1,2,2,1,2,2,2,0,0,0
2008,48,249,1,481553,1,6,1,2,2,2,3,2,2,2,1,2,1,2,2,2,2,2,1,2,3,2,2,2,2,2,2,2,1,2,2,0,0,0
2008,48,147,1,481554,1,6,2,2,1,2,3,2,7,2,1,2,3,1,2,2,2,2,1,2,2,2,2,2,2,2,2,2,1,1,1,0,0,0
2008,48,459,1,481555,1,6,3,3,1,2,7,2,4,1,1,2,2,2,2,2,2,2,2,2,3,2,2,2,2,1,2,2,2,2,2,0,0,0
2008,48,471,2,481556,1,6,1,1,4,2,1,2,1,1,1,2,1,2,2,2,2,2,1,2,3,2,2,2,2,2,1,1,2,2,2,0,0,0
2008,48,491,2,481557,1,6,1,2,1,2,5,2,3,2,2,2,2,2,2,2,2,2,2,2,3,1,1,1,1,2,1,1,1,2,2,0,0,0
2008,48,185,1,481558,1,6,2,2,4,2,2,2,1,2,2,2,1,1,2,2,2,2,1,2,3,2,2,2,2,1,2,2,1,2,1,0,0,0
2008,48,201,1,481559,1,6,2,2,4,2,2,3,1,2,2,2,1,2,2,1,2,2,2,2,3,2,2,2,2,2,2,2,1,2,2,0,0,0
2008,48,423,1,481560,1,6,2,2,3,2,3,2,1,2,2,2,1,2,2,1,2,2,1,2,3,2,2,2,2,2,2,2,1,2,2,0,0,0
2008,48,167,1,481561,1,6,2,1,4,2,1,2,1,1,2,2,1,2,2,1,2,2,2,2,3,2,2,2,2,2,2,2,1,2,2,0,0,0
2008,48,185,1,481562,1,6,3,3,4,2,7,2,1,1,2,2,1,2,1,1,2,2,2,2,3,2,2,2,2,2,2,2,2,2,2,0,0,0
2008,48,347,1,481563,1,6,1,2,4,2,5,2,1,2,2,2,1,2,2,1,2,2,2,2,1,2,2,2,2,2,1,1,1,2,2,0,0,0
2008,48,423,1,481564,1,6,1,2,4,2,5,2,1,2,2,2,1,2,2,2,2,2,1,2,1,1,1,1,1,2,2,1,1,2,2,0,0,0
2008,48,439,1,481565,1,6,2,1,1,2,1,2,1,2,2,2,1,2,2,2,1,2,2,2,3,2,2,2,2,2,2,2,2,2,2,0,0,0
2008,48,157,1,481566,1,6,2,2,1,2,6,2,2,2,1,2,2,1,2,1,2,2,2,2,2,2,2,2,2,2,2,2,2,1,2,0,0,0
2008,48,439,1,481567,1,6,2,2,1,2,6,2,1,2,1,2,1,2,1,1,2,2,2,2,3,2,2,2,2,2,2,2,2,2,2,0,0,0
2008,48,183,1,481568,1,6,1,1,2,2,1,2,1,2,1,2,1,2,2,2,2,2,2,2,1,2,2,2,2,2,2,2,1,2,1,0,0,0
2008,48,215,1,481569,1,6,2,2,1,1,4,1,1,2,1,1,1,2,2,1,1,2,2,2,3,2,2,2,2,2,2,2,2,2,2,0,0,0
2008,48,423,1,481570,1,6,1,2,4,2,6,2,1,1,1,2,1,2,2,1,2,2,2,2,3,1,1,1,1,2,2,1,1,2,2,0,0,0
2008,48,423,2,481571,1,6,1,2,1,2,4,2,3,2,1,2,2,1,2,2,2,2,2,2,3,2,2,2,2,2,2,2,1,2,1,0,0,0
2008,48,453,1,481572,1,6,2,1,1,2,1,2,2,2,1,2,2,1,2,1,2,2,2,2,1,2,2,2,2,1,2,2,2,1,2,0,0,0
2008,48,459,1,481573,1,6,1,2,1,1,4,1,2,1,1,2,3,1,2,1,2,2,1,2,3,2,2,2,2,2,2,2,2,1,2,0,0,0
2008,48,71,2,481574,1,6,1,2,1,2,4,2,4,1,1,2,2,2,2,2,2,2,2,2,3,1,1,1,1,2,2,1,1,2,2,0,0,0
2008,48,113,1,481575,1,6,2,2,1,2,6,2,2,2,2,1,1,2,2,2,1,2,2,2,3,2,2,2,2,2,2,2,2,2,2,0,0,0
2008,48,245,1,481576,1,6,2,2,4,2,6,2,1,1,1,2,1,2,2,1,2,2,1,2,1,2,2,2,2,2,2,2,1,2,2,0,0,0
2008,48,245,1,481577,1,6,2,2,4,2,5,2,1,2,1,2,1,2,2,2,2,2,2,2,3,2,2,2,2,2,1,1,1,2,2,0,0,0
2008,48,277,1,481578,1,6,1,2,4,2,5,2,1,2,2,2,1,2,2,2,2,2,2,2,2,1,1,1,1,2,2,1,1,2,2,0,0,0
2008,48,5,1,481579,1,6,1,2,4,2,5,2,1,2,2,2,1,2,2,2,2,2,1,2,2,2,2,1,1,2,2,1,1,2,1,0,0,0
2008,48,5,1,481580,1,6,1,2,4,2,4,2,1,2,2,2,1,2,2,1,2,2,1,2,1,2,2,2,2,2,2,2,1,2,1,0,0,0
2008,48,55,1,481581,1,6,1,2,4,2,5,2,1,2,2,2,1,2,2,1,2,2,1,2,3,2,2,2,2,2,2,2,1,2,2,0,0,0
2008,48,289,1,481582,1,6,1,2,1,2,5,2,2,1,2,2,2,2,2,2,2,2,1,2,1,2,2,2,2,2,2,2,2,2,2,0,0,0
2008,48,435,2,481583,1,6,1,1,1,2,1,2,2,2,2,2,3,1,2,1,2,2,2,2,3,2,2,2,2,2,2,2,2,1,2,0,0,0
2008,48,453,1,481584,1,6,2,2,1,1,6,1,4,2,2,2,2,2,2,2,2,2,2,2,3,2,2,2,2,2,1,1,2,2,2,0,0,0
2008,48,491,2,481585,1,6,1,2,1,2,3,2,4,1,2,2,2,2,2,2,2,2,1,2,3,2,2,2,2,2,2,2,1,2,2,0,0,0
2008,48,215,1,481586,1,6,1,2,1,1,6,1,4,1,2,2,2,2,2,2,2,2,2,2,3,2,2,2,2,1,2,2,2,2,2,0,0,0
2008,48,289,1,481587,1,6,1,2,4,2,5,2,1,1,2,2,1,2,2,2,2,2,1,2,3,1,1,1,1,2,2,1,1,2,1,0,0,0
2008,48,441,1,481588,1,6,1,2,1,2,4,2,4,2,2,2,2,1,2,2,2,2,2,2,3,2,2,2,2,2,2,2,1,2,1,0,0,0
2008,48,157,1,481589,1,6,2,2,4,2,6,2,1,2,2,2,1,2,2,2,2,2,2,2,2,1,1,1,1,2,2,1,1,2,2,0,0,0
2008,48,199,1,481590,1,6,1,2,4,2,5,2,1,1,1,2,1,2,2,1,2,2,1,2,1,2,2,2,2,2,1,1,1,2,2,0,0,0
2008,48,341,1,481591,1,6,1,2,1,2,3,3,2,1,1,2,2,2,2,2,2,2,2,2,3,2,2,2,2,1,2,2,2,1,2,0,0,0
2008,48,467,1,481592,1,6,1,2,1,2,4,2,3,2,1,2,2,2,1,2,2,2,2,2,1,2,2,2,2,2,1,1,1,2,1,0,0,0
2008,48,119,1,481593,1,6,2,2,4,2,6,2,1,2,1,2,1,2,2,2,2,2,2,2,3,2,2,2,2,2,2,2,2,2,2,0,0,0
2008,48,209,1,481594,1,6,1,2,4,2,5,2,1,1,1,2,1,2,1,1,2,2,2,2,1,2,2,2,2,2,2,2,1,2,1,0,0,0
2008,48,37,2,481595,1,6,1,1,2,2,1,2,2,1,1,2,1,2,2,2,2,2,2,2,3,2,2,1,1,2,2,1,1,2,1,0,0,0
2008,48,203,1,481596,1,6,1,2,1,2,4,2,2,2,1,2,2,1,1,1,2,2,2,2,1,2,2,2,2,2,2,2,2,1,2,0,0,0
2008,48,209,1,481597,1,6,1,2,1,2,5,2,2,2,1,2,2,2,1,1,2,2,2,2,1,2,2,2,2,2,1,1,2,2,2,0,0,0
2008,48,453,1,481598,1,6,2,1,4,1,1,1,1,2,1,2,1,2,1,1,2,2,2,2,3,2,2,2,2,2,2,2,2,1,2,0,0,0
2008,48,1,1,481599,1,6,1,2,1,2,5,2,4,2,2,2,2,1,2,1,2,2,1,2,1,2,2,2,2,2,2,2,2,2,2,0,0,0
2008,48,39,1,481600,1,6,2,2,4,2,3,2,1,2,1,2,1,2,2,2,2,2,1,2,3,1,1,1,1,2,2,1,1,2,2,0,0,0
2008,48,21,1,481601,1,6,1,2,1,2,5,2,2,1,1,2,2,2,2,1,2,2,2,2,3,2,2,2,2,2,2,2,2,2,2,0,0,0
2008,48,71,1,481602,1,6,2,2,1,2,6,2,1,2,2,2,1,2,2,1,2,2,1,2,1,2,2,2,2,2,2,2,1,2,2,0,0,0
2008,48,183,1,481603,1,6,1,2,1,2,4,2,2,1,1,2,3,1,2,1,2,2,2,2,3,2,2,2,2,2,1,1,1,2,2,0,0,0
2008,48,201,1,481604,1,6,1,2,1,2,6,2,4,2,1,2,2,2,2,2,2,2,1,2,1,2,2,2,2,2,1,1,1,2,2,0,0,0
2008,48,309,1,481605,1,6,2,2,1,1,6,1,4,1,1,2,2,2,1,2,2,2,2,2,2,2,2,2,2,2,1,1,2,2,2,0,0,0
2008,48,357,1,481606,1,6,1,2,4,2,5,2,1,2,1,2,1,2,2,1,2,2,1,2,1,2,2,2,2,2,2,2,1,2,2,0,0,0
2008,48,309,1,481607,1,6,2,2,4,2,6,2,1,2,2,2,1,2,2,1,2,2,1,2,1,2,2,2,2,2,2,2,1,2,2,0,0,0
2008,48,201,1,481608,1,6,1,2,1,1,6,1,4,1,2,2,2,2,1,2,2,2,2,2,3,2,2,2,2,2,2,2,2,2,2,0,0,0
2008,48,309,1,481609,1,6,1,1,1,2,1,2,4,1,1,2,2,1,2,1,2,2,2,2,3,2,2,2,2,2,2,2,2,2,2,0,0,0
2008,48,457,2,481610,1,6,1,2,4,2,3,2,1,1,1,2,1,2,2,1,2,2,2,2,3,2,2,2,2,2,2,2,1,2,2,0,0,0
2008,48,201,1,481611,1,6,2,2,3,2,6,2,1,1,1,2,1,2,1,1,2,2,2,2,2,2,2,2,2,2,2,2,1,2,2,0,0,0
2008,48,61,1,481612,1,6,1,2,1,2,3,2,5,1,1,2,2,2,2,2,2,2,1,2,3,1,1,1,1,2,2,1,2,2,1,0,0,0
2008,48,241,2,481613,1,6,1,2,4,2,5,2,1,2,1,2,1,2,2,2,2,2,1,2,1,2,2,2,2,2,2,2,1,2,1,0,0,0
2008,48,453,1,481614,1,6,2,2,4,2,6,2,1,2,1,2,1,2,1,2,2,2,2,2,1,2,2,2,2,2,1,1,1,2,2,0,0,0
2008,48,491,1,481615,1,6,2,1,1,1,1,1,4,1,1,2,2,2,1,2,2,2,2,2,3,2,2,2,2,2,2,2,2,1,2,0,0,0
2008,48,111,1,481616,1,6,1,2,1,1,3,1,3,1,1,2,2,2,2,2,2,2,2,2,3,1,1,1,1,1,2,1,2,2,2,0,0,0
2008,48,167,1,481617,1,6,2,2,4,2,6,2,1,2,2,2,1,2,1,1,2,2,2,2,1,2,2,2,2,2,2,2,1,2,2,0,0,0
2008,48,453,1,481618,1,6,2,2,2,2,2,2,1,1,1,2,2,2,2,2,2,2,1,2,3,2,2,2,2,2,2,2,1,2,2,0,0,0
2008,48,29,1,481619,1,6,2,2,2,1,6,1,1,2,2,2,1,2,1,1,2,2,2,2,1,2,2,2,2,2,2,2,2,2,2,0,0,0
2008,48,85,2,481620,1,6,2,2,1,2,2,2,3,2,2,2,3,2,2,2,2,2,2,2,1,2,2,2,2,2,2,2,2,2,2,0,0,0
2008,48,201,1,481621,1,6,2,2,1,1,6,1,4,2,2,1,2,2,2,2,2,2,2,2,1,2,2,2,2,2,1,1,2,2,2,0,0,0
2008,48,201,1,481622,1,6,2,2,3,2,3,2,1,2,2,2,1,2,2,1,2,2,2,2,1,2,2,2,2,2,1,1,1,2,2,0,0,0
2008,48,29,1,481623,1,6,2,2,4,2,6,2,1,1,1,2,1,2,2,2,2,2,2,2,3,2,2,2,2,1,2,2,1,2,2,0,0,0
2008,48,201,1,481624,1,6,2,2,1,2,6,3,4,1,1,2,2,1,1,1,2,2,2,2,3,2,2,2,2,2,1,1,2,2,2,0,0,0
2008,48,201,1,481625,1,6,2,1,4,2,1,2,1,2,1,2,1,2,2,1,2,2,2,2,2,2,2,2,2,2,2,2,1,2,2,0,0,0
2008,48,181,1,481626,1,6,2,2,4,2,4,2,1,2,2,2,1,2,2,1,2,2,1,2,1,2,2,2,2,2,1,1,1,2,2,0,0,0
2008,48,157,1,481627,1,6,2,2,3,2,6,2,1,2,2,2,1,2,1,2,2,2,2,2,2,2,2,2,2,2,2,2,1,2,2,0,0,0
2008,48,427,1,481628,1,6,1,2,1,2,5,2,1,2,1,2,1,2,2,2,1,2,2,2,3,2,2,2,2,2,2,2,2,2,2,0,0,0
2008,48,309,1,481629,1,6,2,1,1,2,1,2,1,2,1,1,1,2,2,2,1,2,2,2,3,2,2,2,2,2,2,2,2,2,2,0,0,0
2008,48,277,1,481630,1,6,1,2,4,2,5,2,1,2,1,2,1,2,2,2,2,2,1,2,3,1,1,1,1,2,2,1,1,2,1,0,0,0
2008,48,113,1,481631,1,6,2,1,1,2,1,2,2,1,1,2,2,1,2,1,2,2,2,2,3,2,2,1,1,2,2,1,2,2,2,0,0,0
2008,48,201,1,481632,1,6,2,2,4,2,6,2,1,1,1,2,1,2,2,1,2,2,2,2,3,2,2,1,1,2,2,1,1,2,2,0,0,0
2008,48,201,1,481634,1,6,2,2,4,2,6,2,2,2,2,2,1,2,2,1,1,2,2,2,1,2,2,2,2,2,1,1,2,2,2,0,0,0
2008,48,439,1,481635,1,6,2,1,1,2,1,2,1,2,2,2,1,2,2,2,1,2,2,2,3,2,2,2,2,2,2,2,2,2,2,0,0,0
2008,48,201,1,481636,1,6,2,1,3,2,1,2,1,1,2,2,1,2,2,1,2,2,1,1,2,2,2,2,2,2,2,2,1,2,2,0,0,0
2008,48,375,1,481637,1,6,1,2,4,2,4,2,1,2,2,2,1,2,2,2,2,2,1,2,1,2,2,2,2,2,2,2,1,2,2,0,0,0
2008,48,39,1,481638,1,6,1,2,1,1,3,1,4,1,1,2,2,2,2,2,2,2,2,2,3,2,2,2,2,1,1,1,2,2,2,0,0,0
2008,48,283,1,481639,1,6,1,1,3,2,1,2,1,1,1,2,1,2,2,2,2,2,1,2,3,2,2,2,2,2,2,2,1,2,2,0,0,0
2008,48,135,1,481640,1,6,2,2,1,2,3,2,3,2,2,2,2,2,1,2,2,2,2,2,1,1,1,1,1,2,2,1,2,2,2,0,0,0
2008,48,201,1,481641,1,6,3,3,1,2,7,2,1,2,2,2,2,2,2,2,1,2,2,2,3,2,2,2,2,2,2,2,2,2,2,0,0,0
2008,48,39,1,481642,1,6,1,2,4,2,6,2,1,1,1,2,1,2,2,1,2,2,1,2,2,1,1,1,1,2,2,1,1,1,2,0,0,0
2008,48,375,1,481643,1,6,1,2,2,2,5,2,3,1,1,2,2,1,2,2,2,2,2,2,3,1,1,1,1,2,2,1,1,2,2,0,0,0
2008,48,179,1,481644,1,6,2,2,1,1,5,1,4,1,1,2,2,2,2,2,2,2,2,2,3,2,2,2,2,2,1,1,2,2,2,0,0,0
2008,48,245,1,481645,1,6,1,2,1,2,5,2,4,2,1,2,3,1,2,2,2,2,2,2,3,2,2,2,2,1,2,2,2,2,2,0,0,0
2008,48,339,1,481646,1,6,1,2,4,2,5,2,1,1,2,2,1,2,2,1,2,2,1,2,2,2,2,2,2,2,2,2,1,1,2,0,0,0
2008,48,141,1,481647,1,6,2,1,4,2,1,3,1,2,1,2,1,2,1,1,2,2,2,2,1,2,2,2,2,2,2,2,1,2,2,0,0,0
2008,48,419,1,481648,1,6,1,2,4,2,5,2,1,2,1,2,1,2,2,1,2,2,1,2,1,2,2,2,2,2,2,2,1,2,2,0,0,0
2008,48,473,1,481649,1,6,1,2,1,2,6,3,3,1,2,2,2,2,1,2,2,2,2,2,3,2,2,2,2,2,2,2,2,2,2,0,0,0
2008,48,89,1,481650,1,6,1,2,1,1,5,1,4,2,2,2,2,1,2,2,2,2,2,2,1,2,2,2,2,1,2,2,2,2,2,0,0,0
2008,48,203,1,481651,1,6,2,2,1,1,6,1,4,2,1,2,2,2,1,2,2,2,2,2,3,2,2,2,2,2,2,2,2,2,2,0,0,0
2008,48,137,1,481652,1,6,1,2,4,2,3,2,1,1,1,2,1,2,2,2,2,2,1,2,3,2,2,2,2,2,2,2,1,1,2,0,0,0
2008,48,167,1,481653,1,6,1,2,2,2,4,2,2,1,2,2,2,2,1,1,2,2,2,2,3,2,2,2,2,2,2,2,2,2,2,0,0,0
2008,48,303,1,481654,1,6,2,2,1,2,3,2,1,2,2,2,1,2,2,2,1,2,2,2,3,2,2,2,2,2,2,2,2,2,2,0,0,0
2008,48,477,1,481655,1,6,1,2,4,2,6,2,1,2,2,2,1,2,2,1,2,2,2,2,1,2,2,2,2,2,1,1,1,2,2,0,0,0
2008,48,231,1,481656,1,6,1,2,1,2,6,2,1,1,2,2,1,2,2,1,2,2,1,2,2,2,2,2,2,1,2,2,2,2,2,0,0,0
2008,48,239,1,481657,1,6,2,3,2,2,7,2,5,2,2,1,2,1,2,2,1,2,1,2,3,2,2,2,2,2,2,2,2,1,1,0,0,0
2008,48,253,1,481658,1,6,1,2,1,2,3,2,2,1,1,2,2,1,2,1,2,2,1,2,2,2,2,2,2,1,2,2,2,1,2,0,0,0
2008,48,499,1,481659,1,6,1,2,4,2,5,2,1,2,1,2,1,2,2,1,2,2,1,2,3,2,2,2,2,2,2,2,1,2,2,0,0,0
2008,48,113,1,481660,1,6,2,2,2,2,6,2,1,2,1,2,1,2,2,1,2,2,1,2,3,1,1,1,1,2,2,1,1,2,2,0,0,0
2008,48,297,5,481661,1,6,1,1,1,2,1,2,4,1,1,2,2,1,2,1,2,2,2,2,3,2,2,2,2,2,2,2,1,2,2,0,0,0
2008,48,185,1,481662,1,6,1,2,1,2,4,2,1,2,1,2,1,2,2,2,1,2,2,2,3,2,2,2,2,2,2,2,2,2,2,0,0,0
2008,48,271,1,481663,1,6,1,2,1,2,3,2,4,2,2,2,2,1,2,2,2,2,2,2,3,2,2,2,2,2,2,2,2,2,1,0,0,0
2008,48,7,1,481664,1,6,1,2,4,2,5,2,1,2,2,2,1,2,2,1,2,2,1,2,3,2,2,2,2,2,1,1,1,2,2,0,0,0
2008,48,149,1,481665,1,6,1,2,4,2,4,2,1,1,2,2,1,2,2,2,2,2,1,2,3,2,2,2,2,2,2,2,1,2,2,0,0,0
2008,48,181,1,481666,1,6,1,2,1,2,5,2,1,2,2,2,2,2,1,2,2,2,2,2,3,2,2,2,2,2,2,2,2,2,2,0,0,0
2008,48,473,1,481667,1,6,1,2,4,2,5,2,1,1,2,2,1,2,1,1,2,2,2,2,3,2,2,2,2,2,2,2,1,2,2,0,0,0
2008,48,477,1,481668,1,6,1,2,4,2,3,2,1,2,2,2,1,2,2,2,2,2,2,2,1,2,2,2,2,2,2,2,1,1,2,0,0,0
2008,48,161,1,481669,1,6,1,1,1,2,1,2,1,2,2,2,1,1,2,2,1,2,2,2,3,2,2,2,2,1,2,2,2,2,2,0,0,0
2008,48,113,1,481670,1,6,2,2,3,2,6,2,1,2,1,2,2,2,2,1,1,2,2,2,3,2,2,2,2,2,2,2,1,2,2,0,0,0
2008,48,439,1,481671,1,6,2,2,4,2,3,2,1,2,1,2,1,2,2,1,2,2,1,2,3,2,2,2,2,2,2,2,1,2,2,0,0,0
2008,48,113,1,481672,1,6,2,2,1,1,3,1,4,1,1,2,3,2,2,2,2,2,2,2,3,2,2,2,2,1,1,1,2,2,2,0,0,0
2008,48,71,1,481673,1,6,1,2,1,2,4,2,4,1,1,2,2,2,2,1,2,2,2,2,3,2,2,2,2,2,2,2,1,2,2,0,0,0
2008,48,241,2,481674,1,6,1,2,1,2,4,2,3,1,1,2,2,2,2,2,2,2,2,2,3,1,1,1,1,2,2,1,2,2,2,0,0,0
2008,48,3,1,481675,1,6,1,2,4,2,4,2,1,1,1,2,1,2,2,1,2,2,1,2,3,2,2,1,1,2,2,1,1,2,2,0,0,0
2008,48,201,1,481676,1,6,2,1,4,2,1,3,1,2,1,2,1,2,2,2,2,2,1,2,3,2,2,2,2,2,1,1,1,2,2,0,0,0
2008,48,475,1,481677,1,6,2,2,4,2,6,2,1,2,1,2,1,2,2,1,2,2,1,2,1,1,1,1,1,2,2,1,1,2,2,0,0,0
2008,48,231,1,481678,1,6,1,2,1,2,5,3,4,1,1,2,2,2,1,2,2,2,2,2,1,2,2,2,2,2,2,2,2,1,2,0,0,0
2008,48,231,1,481679,1,6,2,2,4,2,6,2,1,2,1,2,1,2,2,1,2,2,1,2,3,1,1,1,1,2,2,1,1,2,2,0,0,0
2008,48,39,2,481680,1,6,2,2,4,2,6,2,1,2,1,2,1,2,1,1,2,2,2,2,3,2,2,2,2,2,2,2,1,2,2,0,0,0
2008,48,115,2,481681,1,6,1,2,3,2,3,2,1,1,1,2,1,2,2,2,2,2,1,2,2,2,2,2,2,2,2,2,2,2,2,0,0,0
2008,48,135,1,481682,1,6,3,3,4,2,7,2,1,2,2,2,1,2,2,1,2,2,1,2,3,1,1,1,1,2,2,1,1,2,2,0,0,0
2008,48,367,1,481683,1,6,1,2,1,1,3,1,2,1,1,2,2,2,2,1,2,2,2,2,3,2,2,2,2,2,2,2,2,1,2,0,0,0
2008,48,113,1,481684,1,6,2,1,1,2,1,2,4,2,1,2,2,1,2,2,2,2,2,2,3,2,2,2,2,2,2,2,1,2,2,0,0,0
2008,48,361,1,481685,1,6,1,2,1,1,4,1,4,1,1,2,2,2,2,2,2,2,1,2,3,2,2,2,2,1,2,2,2,2,2,0,0,0
2008,48,291,1,481686,1,6,1,2,1,2,4,2,4,2,2,2,2,2,2,1,2,2,2,2,1,2,2,2,2,2,2,2,1,2,2,0,0,0
2008,48,329,1,481687,1,6,1,2,4,2,5,2,1,1,2,2,1,1,2,2,2,2,1,2,3,2,2,2,2,2,2,2,1,1,2,0,0,0
2008,48,445,1,481688,1,6,1,2,3,2,3,2,1,2,2,2,1,1,2,1,2,2,1,2,2,2,2,2,2,2,2,2,1,2,2,0,0,0
2008,48,407,1,481689,1,6,1,2,4,2,5,2,1,2,2,2,1,2,2,1,2,2,2,2,1,2,2,2,2,2,2,2,1,2,2,0,0,0
2008,48,403,1,481690,1,6,1,2,4,2,5,2,1,1,1,2,1,2,2,1,2,2,1,2,3,1,1,1,1,2,2,1,1,1,2,0,0,0
2008,48,291,1,481691,1,6,1,2,1,2,4,2,4,1,1,2,3,2,2,1,2,2,2,2,3,2,2,2,2,1,2,2,1,2,2,0,0,0
2008,48,113,1,481692,1,6,2,2,1,2,2,2,5,1,1,2,3,2,2,2,2,2,2,2,3,2,2,2,2,2,1,1,2,2,2,0,0,0
2008,48,201,1,481693,1,6,2,2,1,2,3,2,4,2,2,2,2,2,1,2,2,2,2,2,1,2,2,1,1,2,1,1,2,2,2,0,0,0
2008,48,245,1,481694,1,6,2,2,2,1,2,1,1,2,2,2,1,2,2,1,2,2,2,2,3,2,2,2,2,2,2,2,1,2,2,0,0,0
2008,48,201,1,481695,1,6,2,2,1,1,6,1,1,2,2,1,1,2,2,2,1,2,2,2,3,2,2,2,2,2,2,2,2,2,2,0,0,0
2008,48,257,2,481696,1,6,3,3,1,2,7,2,1,1,2,2,1,2,2,2,2,2,1,2,3,2,2,2,2,2,2,2,1,2,2,0,0,0
2008,48,123,1,481697,1,6,2,2,1,2,3,2,1,2,2,2,1,2,2,2,1,2,2,2,3,2,2,2,2,2,1,1,2,2,2,0,0,0
2008,48,113,1,481698,1,6,2,2,1,2,6,2,1,1,2,1,1,2,2,2,1,2,2,2,3,2,2,2,2,2,2,2,2,2,2,0,0,0
2008,48,29,1,481699,1,6,2,2,1,1,6,1,4,1,1,1,3,2,2,1,2,2,2,1,3,1,1,1,1,1,2,1,2,2,2,0,0,0
2008,48,329,1,481700,1,6,2,2,1,2,4,2,1,2,1,2,1,2,2,2,2,2,1,2,3,2,2,2,2,2,2,2,1,2,2,0,0,0
2008,48,29,1,481701,1,6,1,2,4,2,6,3,1,2,2,2,1,2,2,2,2,2,2,2,1,1,1,1,1,2,2,1,1,2,2,0,0,0
2008,48,27,1,481702,1,6,2,2,1,1,6,1,4,2,2,2,2,2,1,1,2,2,2,2,3,2,2,2,2,1,1,1,2,1,2,0,0,0
2008,48,113,1,481703,1,6,2,2,2,2,6,3,1,1,2,2,1,2,2,2,1,2,2,2,3,2,2,2,2,2,2,2,1,2,2,0,0,0
2008,48,113,1,481704,1,6,2,2,1,1,6,1,4,1,1,2,2,2,2,1,2,2,2,1,3,2,2,2,2,1,2,2,2,2,2,0,0,0
2008,48,27,1,481705,1,6,1,2,4,2,5,2,1,2,1,2,1,2,1,1,2,2,2,2,3,2,2,2,2,2,1,1,1,2,2,0,0,0
2008,48,141,1,481706,1,6,1,2,1,2,3,2,1,1,1,2,1,2,2,2,2,2,1,2,3,2,2,1,1,2,2,1,1,2,1,0,0,0
2008,48,381,1,481707,1,6,1,3,1,2,7,2,1,2,1,2,2,2,2,1,1,2,2,2,3,2,2,2,2,2,1,1,2,1,2,0,0,0
2008,48,181,1,481708,1,6,2,2,1,1,4,1,4,1,1,2,2,2,2,2,2,2,2,2,3,2,2,2,2,1,2,2,2,1,2,0,0,0
2008,48,201,1,481709,1,6,2,2,1,1,6,1,4,1,1,2,2,2,2,2,2,2,2,2,3,2,2,2,2,2,2,2,2,1,2,0,0,0
2008,48,439,1,481710,1,6,2,2,4,1,6,1,1,1,2,2,1,2,1,1,2,2,2,2,3,2,2,2,2,1,2,2,2,2,2,0,0,0
2008,48,201,1,481711,1,6,2,2,1,2,6,2,1,2,2,1,1,2,2,2,1,2,2,2,3,2,2,2,2,2,2,2,2,2,2,0,0,0
2008,48,303,1,481712,1,6,2,2,1,2,6,2,4,2,1,1,2,2,1,2,2,2,2,2,1,2,2,2,2,2,1,1,2,2,2,0,0,0
2008,48,85,1,481713,1,6,2,2,1,2,4,3,4,2,2,2,2,2,2,2,2,2,2,2,1,2,2,2,2,2,2,2,2,1,2,0,0,0
2008,48,135,1,481714,1,6,2,2,4,2,4,2,1,1,2,2,1,2,2,2,2,2,1,2,1,2,2,2,2,2,1,1,1,2,2,0,0,0
2008,48,139,1,481715,1,6,3,3,1,2,7,2,3,2,2,2,2,2,2,2,2,2,2,2,1,2,2,2,2,2,2,2,1,2,2,0,0,0
2008,48,343,1,481716,1,6,1,2,1,2,5,2,1,1,2,2,1,2,1,1,2,2,2,2,1,2,2,2,2,2,2,2,2,2,2,0,0,0
2008,48,85,1,481717,1,6,2,2,4,2,2,2,1,2,2,2,1,2,2,1,2,2,2,2,1,2,2,2,2,2,2,2,1,2,2,0,0,0
2008,48,113,2,481718,1,6,2,2,1,2,6,2,1,1,2,2,1,2,2,1,2,1,2,2,1,2,2,2,2,2,1,1,2,2,2,0,0,0
2008,48,201,1,481719,1,6,2,2,1,2,6,2,1,2,2,1,1,2,2,2,1,2,2,2,3,2,2,2,2,2,2,2,2,2,2,0,0,0
2008,48,41,1,481720,1,6,2,2,1,2,3,2,5,1,1,2,1,1,2,1,2,2,2,2,2,2,2,2,2,1,2,2,2,2,2,0,0,0
2008,48,215,1,481721,1,6,2,2,4,2,2,2,1,1,1,2,1,2,2,1,2,2,1,2,3,2,2,2,2,2,2,2,1,2,2,0,0,0
2008,48,453,1,481722,1,6,1,2,1,2,5,3,4,1,1,2,2,2,2,2,2,2,2,2,3,1,1,1,1,2,1,1,2,2,2,0,0,0
2008,48,209,1,481723,1,6,1,2,4,2,3,2,1,1,2,2,1,2,1,2,2,2,2,2,1,2,2,2,2,2,2,2,1,2,2,0,0,0
2008,48,61,1,481724,1,6,2,2,4,2,6,2,6,2,1,2,1,2,2,2,1,2,2,2,3,1,1,1,1,2,2,1,2,2,2,0,0,0
2008,48,309,1,481725,1,6,1,1,1,2,1,2,1,2,1,1,1,2,2,2,2,1,2,2,1,2,2,2,2,1,2,2,2,2,2,0,0,0
2008,48,439,1,481726,1,6,2,1,3,2,1,3,1,2,1,2,1,2,2,1,2,2,2,2,1,2,2,2,2,2,2,2,1,2,2,0,0,0
2008,48,389,1,481727,1,6,2,2,1,1,3,1,4,2,1,2,2,1,2,2,2,2,2,2,3,2,2,2,2,1,2,2,2,2,2,0,0,0
2008,48,251,1,481728,1,6,3,3,4,2,7,3,1,1,2,2,1,2,2,2,2,2,1,2,3,2,2,2,2,2,2,2,2,2,2,0,0,0
2008,48,25,1,481729,1,6,1,2,4,2,4,2,1,2,1,2,1,2,2,1,2,2,2,2,3,2,2,2,2,2,2,2,1,2,2,0,0,0
2008,48,141,2,481730,1,6,2,2,3,2,6,2,1,2,1,2,1,2,1,1,2,2,2,2,3,2,2,2,2,2,1,1,1,2,2,0,0,0
2008,48,29,2,481732,1,6,2,2,1,1,3,1,4,2,2,2,2,2,2,2,2,2,1,2,1,1,1,1,1,2,2,1,2,1,2,0,0,0
2008,48,149,1,481733,1,6,1,2,1,2,4,2,3,2,1,2,3,1,2,2,2,2,2,2,3,2,2,2,2,2,2,2,1,2,2,0,0,0
2008,48,73,1,481734,1,6,1,2,1,2,3,2,4,2,1,2,2,2,2,2,2,2,2,2,3,2,2,2,2,2,2,2,2,2,2,0,0,0
2008,48,135,1,481735,1,6,2,2,1,1,2,1,2,2,2,2,2,2,2,1,2,2,2,2,3,2,2,2,2,2,2,2,2,2,2,0,0,0
2008,48,211,1,481736,1,6,1,2,1,2,5,2,1,1,2,2,2,1,2,2,2,2,1,2,3,2,2,2,2,2,2,2,1,1,2,0,0,0
2008,48,213,1,481737,1,6,1,2,1,2,5,2,3,1,1,2,2,2,2,2,2,2,2,2,1,2,2,2,2,1,1,1,1,1,2,0,0,0
2008,48,491,1,481738,1,6,1,2,1,2,5,2,1,1,1,2,3,2,2,1,2,2,1,2,3,1,1,1,1,2,2,1,1,2,2,0,0,0
2008,48,337,2,481739,1,6,1,2,4,2,3,2,1,1,1,2,1,2,2,2,2,2,1,2,3,2,2,2,2,2,2,2,1,2,2,0,0,0
2008,48,257,1,481740,1,6,1,2,4,2,5,2,1,1,1,2,1,2,2,1,2,2,1,2,2,2,2,2,2,2,2,2,1,2,2,0,0,0
2008,48,201,1,481741,1,6,2,2,4,2,3,2,1,1,1,2,1,2,2,2,2,2,2,2,2,2,2,2,2,2,2,2,1,2,2,0,0,0
2008,48,201,1,481742,1,6,2,2,4,2,6,2,1,2,1,2,1,2,2,1,2,2,2,2,1,2,2,2,2,2,2,2,1,2,2,0,0,0
2008,48,405,1,481743,1,6,1,2,4,2,4,2,1,1,1,2,1,2,2,1,2,2,1,2,3,2,2,2,2,2,2,2,1,2,2,0,0,0
2008,48,27,1,481744,1,6,2,2,1,2,2,3,1,1,1,2,2,1,2,2,2,2,1,2,3,2,2,2,2,2,1,1,2,2,2,0,0,0
2008,48,29,1,481745,1,6,2,1,1,2,1,2,1,2,2,2,1,2,2,2,1,2,2,2,1,2,2,2,2,2,2,2,2,2,2,0,0,0
2008,48,361,1,481746,1,6,1,2,1,2,5,2,3,2,1,2,2,2,2,1,2,2,2,2,3,1,1,1,1,2,2,1,1,2,2,0,0,0
2008,48,201,1,481747,1,6,2,2,1,1,3,1,1,2,2,2,2,2,2,2,1,2,2,2,2,2,2,2,2,2,1,1,2,2,2,0,0,0
2008,48,85,1,481748,1,6,2,2,1,2,2,2,4,1,1,2,3,2,1,2,2,2,2,2,3,2,2,2,2,2,2,2,2,2,2,0,0,0
2008,48,37,1,481749,1,6,2,2,1,2,3,3,1,1,1,2,1,2,2,2,2,1,2,2,3,2,2,2,2,1,2,2,2,2,2,0,0,0
2008,48,167,1,481750,1,6,2,2,4,2,4,2,1,2,1,2,1,2,1,1,2,2,2,2,1,2,2,2,2,2,2,2,2,1,2,0,0,0
2008,48,439,1,481751,1,6,2,2,4,2,6,2,1,2,2,2,1,2,2,2,2,2,2,2,3,2,2,2,2,2,1,1,1,1,2,0,0,0
2008,48,29,1,481752,1,6,2,2,1,2,3,2,3,2,1,2,2,2,2,2,2,2,2,2,1,2,2,1,1,2,2,1,1,1,2,0,0,0
2008,48,71,1,481753,1,6,1,1,2,2,1,2,2,1,1,2,1,1,2,2,1,2,2,2,3,2,2,2,2,2,2,2,1,2,1,0,0,0
2008,48,7,1,481754,1,6,2,2,4,2,3,2,1,1,1,2,1,2,2,2,2,2,2,2,3,2,2,2,2,2,2,2,1,2,2,0,0,0
2008,48,29,1,481755,1,6,2,2,1,2,3,2,1,1,2,1,1,2,2,2,2,1,2,2,3,2,2,2,2,2,2,2,2,2,2,0,0,0
2008,48,29,1,481756,1,6,2,2,1,1,6,1,4,2,2,2,2,2,1,1,2,2,2,2,3,2,2,1,1,2,2,1,2,1,2,0,0,0
2008,48,441,2,481757,1,6,2,1,1,2,1,3,3,1,2,2,2,2,1,2,2,2,2,2,3,2,2,2,2,2,2,2,2,2,2,0,0,0
2008,48,61,1,481758,1,6,2,2,1,2,6,2,3,2,2,2,2,2,1,2,2,2,2,2,3,2,2,2,2,2,1,1,2,2,2,0,0,0
2008,48,223,1,481759,1,6,1,1,1,2,1,2,1,2,2,2,1,2,2,2,2,2,1,2,3,2,2,2,2,2,2,2,2,1,2,0,0,0
2008,48,65,1,481760,1,6,1,2,1,2,3,2,1,1,2,2,1,2,2,2,2,2,1,2,3,2,2,2,2,2,2,2,1,2,1,0,0,0
2008,48,301,1,481761,1,6,1,2,4,2,5,2,1,2,1,2,1,2,2,1,2,2,1,2,3,2,2,2,2,2,1,1,1,2,2,0,0,0
2008,48,339,3,481762,1,6,3,3,1,2,7,2,3,1,1,2,2,1,2,2,2,2,2,2,3,2,2,2,2,2,1,1,1,2,2,0,0,0
2008,48,113,1,481763,1,6,2,2,1,2,6,2,1,2,2,2,1,2,2,2,1,2,2,2,3,2,2,2,2,2,2,2,2,2,2,0,0,0
2008,48,183,1,481764,1,6,2,2,1,2,6,2,1,1,2,2,1,2,1,1,2,2,2,1,3,2,2,2,2,2,1,1,2,2,2,0,0,0
2008,48,201,1,481765,1,6,2,1,1,1,1,1,1,2,2,2,1,2,2,2,1,2,2,2,1,2,2,2,2,2,2,2,2,2,2,0,0,0
2008,48,339,1,481766,1,6,2,2,1,2,3,3,1,2,2,2,2,2,1,1,2,2,2,2,1,1,1,1,1,2,2,1,2,2,2,0,0,0
2008,48,251,1,481767,1,6,1,2,1,2,5,2,3,1,1,2,2,1,2,2,2,2,2,2,3,2,2,2,2,2,2,2,1,1,2,0,0,0
2008,48,409,1,481768,1,6,2,2,1,1,4,1,4,1,1,2,2,2,1,2,2,2,2,2,3,1,1,1,1,2,2,1,2,2,2,0,0,0
2008,48,215,1,481769,1,6,2,2,1,2,6,3,2,1,2,1,2,2,1,1,2,2,2,2,3,2,2,2,2,2,2,2,2,2,2,0,0,0
2008,48,479,1,481770,1,6,3,3,4,2,7,2,1,1,2,2,1,2,2,1,2,2,2,2,3,1,1,1,1,2,2,1,1,2,2,0,0,0
2008,48,103,1,481771,1,6,1,2,1,2,5,2,1,2,2,2,1,2,2,1,2,2,1,2,1,2,2,2,2,2,2,2,2,2,2,0,0,0
2008,48,123,1,481772,1,6,1,2,4,2,5,2,1,2,2,2,1,2,2,1,2,2,1,2,2,2,2,2,2,2,1,1,1,1,2,0,0,0
2008,48,497,1,481773,1,6,1,2,1,1,5,1,4,2,1,2,2,1,2,1,2,2,1,2,1,2,2,2,2,2,2,2,2,2,2,0,0,0
2008,48,401,1,481774,1,6,1,2,4,2,3,2,1,1,1,2,1,2,2,1,2,2,1,2,3,2,2,2,2,2,2,2,1,2,2,0,0,0
2008,48,63,1,481775,1,6,1,2,1,2,5,2,3,1,1,2,2,2,2,2,2,2,2,2,3,1,1,1,1,2,2,1,2,2,2,0,0,0
2008,48,85,1,481776,1,6,2,2,1,2,2,2,1,2,2,2,1,2,2,2,1,2,2,2,3,2,2,2,2,2,2,2,2,2,2,0,0,0
2008,48,121,1,481777,1,6,2,2,1,1,2,1,4,2,2,2,3,2,2,2,2,2,2,2,1,1,1,1,1,2,1,1,2,2,2,0,0,0
2008,48,141,1,481778,1,6,2,2,4,2,6,2,1,1,1,2,1,2,1,1,2,2,2,2,1,2,2,2,2,2,2,2,1,2,2,0,0,0
2008,48,113,1,481779,1,6,2,2,4,2,6,2,1,1,2,2,1,2,1,1,2,2,2,2,2,2,2,2,2,2,2,2,1,2,2,0,0,0
2008,48,113,1,481780,1,6,2,2,1,1,3,1,4,2,2,2,2,2,2,2,2,2,1,2,3,1,1,1,1,2,2,1,2,2,2,0,0,0
2008,48,113,1,481781,1,6,2,2,4,2,6,2,1,1,2,2,1,2,1,2,2,2,2,2,2,2,2,2,2,2,2,2,1,1,2,0,0,0
2008,48,219,1,481782,1,6,1,2,4,2,5,2,1,2,2,2,1,2,2,1,2,2,1,2,3,2,2,2,2,2,2,2,1,2,2,0,0,0
2008,48,347,1,481783,1,6,2,2,4,2,3,2,1,2,2,2,1,2,2,1,2,2,1,2,1,2,2,2,2,2,2,2,1,2,2,0,0,0
2008,48,177,1,481784,1,6,1,2,4,2,5,2,1,1,2,2,1,2,2,2,2,2,2,2,3,2,2,2,2,2,2,2,1,2,2,0,0,0
2008,48,373,1,481785,1,6,1,2,4,2,3,2,1,2,2,2,1,2,2,2,2,2,1,2,1,2,2,2,2,2,2,2,1,2,2,0,0,0
2008,48,377,1,481786,1,6,1,2,4,2,5,2,1,1,2,2,1,2,1,2,2,2,2,2,2,2,2,2,2,2,2,2,1,2,1,0,0,0
2008,48,473,1,481787,1,6,1,2,1,1,5,1,4,2,1,2,2,2,1,2,2,2,2,2,3,2,2,2,2,2,2,2,2,2,2,0,0,0
2008,48,29,1,481788,1,6,2,2,1,2,3,2,1,1,1,2,1,2,2,2,1,2,2,2,3,2,2,2,2,2,2,2,2,2,2,0,0,0
2008,48,113,1,481789,1,6,2,2,1,2,6,2,1,2,1,1,1,2,2,2,1,2,2,2,3,2,2,2,2,2,2,2,2,2,2,0,0,0
2008,48,135,1,481790,1,6,2,2,4,2,6,2,1,2,1,2,1,2,1,1,2,2,2,2,3,2,2,2,2,2,2,2,1,2,2,0,0,0
2008,48,201,1,481791,1,6,2,2,4,2,3,2,1,2,1,2,1,2,2,2,2,2,1,2,1,2,2,2,2,2,2,2,1,2,2,0,0,0
2008,48,201,1,481792,1,6,1,2,2,2,6,2,1,2,1,2,1,2,2,1,2,2,1,2,1,2,2,2,2,2,1,1,1,2,2,0,0,0
2008,48,375,1,481793,1,6,2,1,1,2,1,2,1,1,1,2,1,2,2,2,1,2,2,2,3,2,2,2,2,2,2,2,2,2,2,0,0,0
2008,48,113,1,481794,1,6,2,2,1,1,6,1,4,2,1,2,2,2,2,2,2,2,2,2,3,2,2,2,2,2,1,1,2,2,2,0,0,0
2008,48,201,1,481795,1,6,2,2,1,2,6,2,3,2,1,2,2,2,2,2,2,2,2,2,1,2,2,1,1,1,2,1,1,2,2,0,0,0
2008,48,209,1,481796,1,6,2,1,1,2,1,2,2,2,1,2,3,2,1,1,2,2,1,2,3,2,2,2,2,2,1,1,2,2,2,0,0,0
2008,48,257,1,481797,1,6,2,2,1,1,4,1,4,1,1,2,2,2,2,2,2,2,2,2,3,1,1,1,1,2,2,1,2,1,2,0,0,0
2008,48,337,1,481798,1,6,1,2,1,2,5,2,3,1,1,2,2,1,2,2,2,2,2,2,3,2,2,2,2,2,2,2,2,1,2,0,0,0
2008,48,251,1,481799,1,6,1,2,1,2,3,2,1,2,2,2,1,2,2,2,1,2,2,2,3,2,2,2,2,2,2,2,2,1,2,0,0,0
2008,48,233,1,481800,1,6,2,2,1,1,6,1,1,1,2,2,1,2,2,2,1,2,2,2,3,2,2,2,2,2,2,2,2,2,2,0,0,0
2008,48,347,1,481801,1,6,2,2,1,1,3,1,4,1,2,2,2,2,1,2,2,2,2,2,2,2,2,2,2,2,2,2,2,2,2,0,0,0
2008,48,455,1,481802,1,6,1,2,4,2,5,2,1,1,2,2,1,2,2,2,2,2,2,2,3,2,2,2,2,2,2,2,1,2,2,0,0,0
2008,48,135,3,481803,1,6,2,2,1,2,3,2,2,2,2,2,2,2,2,1,2,2,2,2,3,1,1,1,1,2,1,1,1,2,2,0,0,0
2008,48,251,1,481804,1,6,2,1,1,1,1,1,4,1,2,2,2,1,2,1,2,2,1,2,3,1,1,1,1,2,2,1,2,2,2,0,0,0
2008,48,113,1,481805,1,6,2,1,1,2,1,2,1,2,2,1,1,2,2,2,1,2,2,2,3,2,2,2,2,2,2,2,2,2,2,0,0,0
2008,48,321,2,481806,1,6,1,2,1,2,4,2,3,2,2,2,2,2,2,2,2,2,2,2,1,1,1,1,1,2,2,1,2,2,2,0,0,0
2008,48,423,1,481807,1,6,2,2,2,2,6,2,1,1,1,2,1,2,2,2,2,2,2,2,3,2,2,2,2,1,2,2,1,2,2,0,0,0
2008,48,113,1,481808,1,6,2,2,2,2,2,2,1,2,1,2,3,1,1,1,2,2,2,2,1,2,2,2,2,2,2,2,1,2,2,0,0,0
2008,48,199,1,481809,1,6,1,2,1,2,5,2,3,1,1,2,2,1,2,2,2,2,2,2,3,2,2,2,2,2,2,2,1,2,1,0,0,0
2008,48,483,1,481810,1,6,1,2,4,1,6,1,1,2,1,2,1,2,2,1,2,2,1,2,3,1,1,1,1,2,2,1,2,2,2,0,0,0
2008,48,309,4,481811,1,6,2,2,3,2,2,2,1,2,2,2,2,2,2,1,2,2,2,2,3,1,1,1,1,1,2,1,1,2,2,0,0,0
2008,48,423,1,481812,1,6,2,2,1,1,3,1,4,1,1,2,3,2,2,2,2,2,2,2,3,2,2,2,2,2,2,2,2,2,2,0,0,0
2008,48,469,1,481813,1,6,1,2,1,2,3,2,1,2,1,2,1,2,2,2,2,2,1,2,3,2,2,2,2,2,2,2,1,2,1,0,0,0
2008,48,201,1,481814,1,6,2,1,1,2,1,2,1,2,1,2,1,2,2,2,1,2,2,2,3,2,2,2,2,1,2,2,2,2,2,0,0,0
2008,48,135,1,481815,1,6,2,2,1,1,6,1,1,1,2,2,1,2,2,2,1,2,2,2,3,1,2,1,2,2,2,2,2,2,2,0,0,0
2008,48,201,1,481816,1,6,1,2,1,2,6,2,2,2,2,2,3,2,1,1,2,2,2,2,1,1,1,1,1,2,2,1,2,2,2,0,0,0
2008,48,201,1,481817,1,6,2,2,1,1,6,1,4,2,2,1,2,2,2,2,2,2,2,2,3,2,2,2,2,2,1,1,2,2,2,0,0,0
2008,48,5,1,481818,1,6,2,2,1,2,3,2,4,1,1,2,2,2,2,2,2,2,1,2,3,2,2,2,2,1,2,2,2,2,2,0,0,0
2008,48,201,1,481819,1,6,2,2,4,1,6,1,1,2,1,2,1,2,1,1,2,2,2,2,1,2,2,2,2,2,2,2,2,2,2,0,0,0
2008,48,201,1,481820,1,6,1,1,4,2,1,2,1,2,1,2,1,2,2,2,2,2,1,2,1,1,1,1,1,2,2,1,1,2,2,0,0,0
2008,48,479,1,481821,1,6,2,2,1,1,6,1,4,2,1,2,2,2,1,2,2,2,2,2,3,1,1,1,1,2,2,1,2,2,2,0,0,0
2008,48,201,1,481822,1,6,2,2,1,2,6,2,1,2,2,1,1,2,2,2,1,2,2,2,3,2,2,2,2,2,2,2,2,2,2,0,0,0
2008,48,39,1,481823,1,6,1,2,3,2,3,2,1,1,2,2,1,2,2,2,2,2,1,2,3,2,2,2,2,2,2,2,1,2,2,0,0,0
2008,48,201,1,481824,1,6,2,2,1,2,6,3,4,1,1,2,2,2,2,1,2,2,2,1,3,2,2,2,2,1,2,2,2,2,2,0,0,0
2008,48,201,1,481825,1,6,2,2,1,2,2,2,2,2,1,2,2,2,1,1,2,2,2,2,1,1,1,1,1,2,2,1,2,2,2,0,0,0
2008,48,29,1,481826,1,6,2,2,4,2,6,2,1,1,1,2,1,2,2,1,2,2,2,2,2,2,2,1,1,2,2,1,1,2,2,0,0,0
2008,48,201,1,481827,1,6,1,1,4,2,1,2,1,1,1,2,1,2,2,1,2,2,2,2,2,2,2,2,2,2,2,2,1,2,2,0,0,0
2008,48,209,1,481828,1,6,1,2,1,2,6,2,1,2,1,2,1,2,2,1,2,1,2,2,2,2,2,2,2,2,2,2,2,2,2,0,0,0
2008,48,201,1,481829,1,6,2,3,1,2,7,2,1,2,2,1,1,2,2,2,1,2,2,2,3,2,2,2,2,2,2,2,2,2,2,0,0,0
2008,48,181,1,481830,1,6,1,2,4,2,5,2,1,1,1,2,1,2,2,1,2,2,1,2,3,2,2,2,2,2,2,2,1,2,2,0,0,0
2008,48,141,1,481831,1,6,2,1,4,2,1,3,1,2,2,2,1,2,1,1,2,2,2,2,1,2,2,2,2,2,2,2,1,2,2,0,0,0
2008,48,29,1,481832,1,6,2,2,1,2,3,2,1,2,1,1,1,2,2,2,1,2,2,2,3,2,2,2,2,2,2,2,2,2,2,0,0,0
2008,48,29,1,481833,1,6,1,2,1,2,6,2,1,2,2,2,1,2,1,1,2,2,2,2,1,2,2,2,2,2,2,2,2,1,2,0,0,0
2008,48,201,1,481834,1,6,2,1,2,2,1,2,1,1,2,2,1,2,1,2,2,2,2,2,3,2,2,2,2,2,2,2,1,2,2,0,0,0
2008,48,353,1,481835,1,6,1,2,4,2,5,2,1,2,2,2,1,2,2,2,2,2,1,2,1,2,2,2,2,2,2,2,1,2,1,0,0,0
2008,48,423,1,481836,1,6,1,2,4,2,5,2,1,1,1,2,1,2,2,1,2,2,1,2,3,2,2,2,2,2,2,2,1,2,2,0,0,0
2008,48,453,1,481837,1,6,1,2,1,2,5,2,4,1,1,2,3,2,2,1,2,2,2,2,3,2,2,2,2,2,1,1,1,1,2,0,0,0
2008,48,303,1,481839,1,6,2,1,1,2,1,2,1,2,1,2,1,2,2,2,1,2,2,2,3,2,2,2,2,2,2,2,2,2,2,0,0,0
2008,48,141,1,481840,1,6,2,2,1,2,6,2,3,1,1,2,2,2,2,2,2,2,2,2,3,2,2,2,2,2,2,2,2,2,2,0,0,0
2008,48,141,1,481841,1,6,2,2,4,2,6,2,1,2,1,2,1,2,2,1,2,2,1,2,1,2,2,2,2,2,2,2,1,2,2,0,0,0
2008,48,181,17,481842,1,6,2,2,2,2,2,2,1,2,1,2,1,2,2,2,2,2,1,2,3,2,2,2,2,2,2,2,2,2,2,0,0,0
2008,48,353,1,481843,1,6,1,2,4,2,5,2,1,2,1,2,1,2,2,2,2,2,2,2,3,2,2,2,2,2,2,2,1,1,2,0,0,0
2008,48,417,1,481844,1,6,1,2,1,2,4,2,1,2,1,2,1,2,2,1,2,2,1,2,3,1,1,1,1,2,2,1,1,2,1,0,0,0
2008,48,329,1,481845,1,6,1,1,1,2,1,2,2,2,2,2,2,1,2,1,2,2,2,2,3,2,2,2,2,2,2,2,2,2,2,0,0,0
2008,48,141,2,481846,1,6,2,1,2,2,1,2,2,2,2,2,1,2,2,2,1,2,2,2,3,1,1,1,1,2,2,1,1,2,2,0,0,0
2008,48,333,1,481847,1,6,1,2,4,2,6,2,1,1,1,2,1,2,2,1,2,2,1,2,2,2,2,2,2,1,2,2,1,2,2,0,0,0
2008,48,141,1,481848,1,6,2,2,2,2,3,2,1,2,1,2,1,2,2,2,2,2,2,2,1,2,2,2,2,1,2,2,1,2,2,0,0,0
2008,48,133,1,481849,1,6,1,2,2,2,5,2,1,2,2,2,1,2,2,2,2,2,1,2,3,2,2,2,2,2,2,2,1,2,2,0,0,0
2008,48,181,1,481850,1,6,1,2,1,2,3,2,1,2,1,2,1,2,1,1,2,2,2,2,3,2,2,2,2,2,2,2,2,2,2,0,0,0
2008,48,479,1,481851,1,6,1,1,1,2,1,2,1,2,1,2,1,2,2,2,1,2,2,2,2,2,2,2,2,2,2,2,2,2,2,0,0,0
2008,48,145,1,481852,1,6,1,1,2,2,1,2,1,2,2,2,2,2,2,1,2,2,1,2,3,2,2,2,2,2,2,2,1,1,2,0,0,0
2008,48,439,1,481853,1,6,2,2,1,2,6,2,2,2,1,2,2,2,2,1,2,2,2,2,2,2,2,2,2,2,1,1,2,2,2,0,0,0
2008,48,231,1,481854,1,6,2,2,4,2,6,2,1,2,2,2,1,2,2,1,2,2,2,2,3,2,2,2,2,2,1,1,1,2,2,0,0,0
2008,48,201,1,481855,1,6,2,1,1,2,1,2,1,2,1,2,1,2,1,1,2,2,2,2,1,2,2,2,2,2,2,2,2,2,2,0,0,0
2008,48,349,1,481856,1,6,2,2,1,1,3,1,4,1,1,1,2,2,2,1,2,2,1,2,3,2,2,2,2,2,2,2,2,2,2,0,0,0
2008,48,201,1,481857,1,6,2,2,1,2,6,2,3,2,2,2,2,2,2,2,2,2,2,2,1,2,2,2,2,2,1,1,1,2,2,0,0,0
2008,48,29,1,481858,1,6,2,1,4,2,1,2,1,2,1,2,1,2,2,2,2,2,2,2,1,2,2,2,2,2,2,2,1,2,1,0,0,0
2008,48,449,1,481859,1,6,1,2,4,2,5,2,1,2,2,2,1,2,2,1,2,2,1,2,3,2,2,2,2,2,2,2,1,2,2,0,0,0
2008,48,477,1,481860,1,6,2,2,1,2,4,2,1,2,2,2,1,2,2,2,1,2,2,2,3,2,2,2,2,2,2,2,2,2,2,0,0,0
2008,48,201,1,481861,1,6,2,2,4,2,6,2,1,1,1,2,1,2,2,2,2,2,2,2,3,2,2,2,2,2,2,2,1,2,2,0,0,0
2008,48,391,2,481862,1,6,1,2,1,2,5,2,6,1,2,2,2,1,2,1,2,2,2,2,3,2,2,2,2,2,2,2,1,2,2,0,0,0
2008,48,283,1,481863,1,6,1,1,4,2,1,2,1,1,1,2,1,2,2,2,2,2,1,2,3,2,2,2,2,2,2,2,2,2,2,0,0,0
2008,48,183,1,481864,1,6,1,2,1,2,4,2,4,1,1,2,2,1,2,1,2,2,2,2,3,2,2,2,2,2,2,2,1,2,2,0,0,0
2008,48,245,1,481865,1,6,2,2,1,1,3,1,4,1,1,2,2,2,2,2,2,2,2,2,3,2,2,2,2,1,2,2,2,2,2,0,0,0
2008,48,167,1,481866,1,6,2,2,1,1,6,1,1,1,1,2,1,2,2,2,2,1,2,2,3,2,2,2,2,1,2,2,2,2,2,0,0,0
2008,48,289,1,481867,1,6,1,2,1,1,3,1,3,1,1,2,2,1,2,2,2,2,1,2,3,2,2,2,2,2,2,2,2,2,1,0,0,0
2008,48,497,1,481868,1,6,1,2,4,2,5,2,1,2,1,2,1,2,2,1,2,2,2,2,3,2,2,2,2,1,2,2,1,2,2,0,0,0
2008,48,97,1,481869,1,6,1,1,1,2,1,2,3,2,1,2,2,1,2,2,2,2,2,2,3,2,2,2,2,2,2,2,1,1,2,0,0,0
2008,48,339,1,481870,1,6,2,2,4,2,3,3,2,2,2,2,1,2,2,1,1,2,2,2,1,2,2,2,2,2,2,2,1,2,2,0,0,0
2008,48,31,1,481871,1,6,1,2,1,2,4,2,1,2,2,2,1,2,2,2,1,2,2,2,3,2,2,2,2,2,2,2,2,2,2,0,0,0
2008,48,401,1,481872,1,6,1,2,4,2,6,2,1,2,2,2,1,2,2,1,2,2,2,2,1,2,2,1,1,2,2,1,1,2,2,0,0,0
2008,48,141,1,481873,1,6,2,2,4,2,6,2,1,2,2,2,1,2,2,1,2,2,1,2,2,1,1,1,1,2,2,1,1,2,2,0,0,0
2008,48,395,1,481874,1,6,1,2,4,2,5,2,1,2,2,2,1,2,2,2,2,2,1,2,1,2,2,2,2,2,2,2,1,2,2,0,0,0
2008,48,213,1,481875,1,6,1,2,1,2,3,2,1,2,2,1,1,2,2,2,1,2,2,2,3,2,2,2,2,2,2,2,2,2,2,0,0,0
2008,48,71,1,481876,1,6,3,3,1,1,7,1,4,1,1,2,2,1,2,2,2,2,2,2,3,2,2,2,2,2,2,2,2,2,2,0,0,0
2008,48,209,1,481877,1,6,1,2,1,2,5,2,1,1,1,2,1,2,2,2,2,1,2,2,2,2,2,2,2,2,2,2,2,2,2,0,0,0
2008,48,201,1,481878,1,6,1,2,4,2,6,2,1,1,1,2,1,2,2,1,2,2,1,2,1,2,2,2,2,2,2,2,1,2,2,0,0,0
2008,48,339,1,481879,1,6,3,3,1,1,7,1,4,2,1,2,2,2,1,2,2,2,2,2,3,2,2,2,2,2,2,2,2,2,2,0,0,0
2008,48,181,1,481880,1,6,2,2,4,2,4,2,1,1,1,2,1,2,2,1,2,2,1,2,2,2,2,2,2,2,2,2,1,2,2,0,0,0
2008,48,309,4,481881,1,6,1,1,1,2,1,2,1,2,1,2,1,2,2,2,1,2,2,2,3,2,2,2,2,2,2,2,2,2,2,0,0,0
2008,48,373,1,481882,1,6,2,2,1,2,4,2,1,2,1,2,1,2,2,2,1,2,2,2,3,2,2,2,2,2,1,1,2,2,2,0,0,0
2008,48,49,1,481883,1,6,1,2,1,2,3,2,4,1,1,2,2,1,2,2,2,2,2,2,3,2,2,2,2,1,2,2,2,2,2,0,0,0
2008,48,85,1,481884,1,6,2,2,4,2,6,2,1,2,1,2,1,2,2,1,2,2,2,2,2,2,2,2,2,2,1,1,1,2,1,0,0,0
2008,48,167,1,481885,1,6,2,2,1,2,3,3,4,1,1,2,2,2,2,2,2,2,2,2,3,1,1,1,1,2,2,1,2,2,2,0,0,0
2008,48,309,1,481886,1,6,1,2,1,2,6,2,1,2,2,2,1,2,2,2,1,2,2,2,3,1,1,1,1,2,2,1,2,2,2,0,0,0
2008,48,367,1,481887,1,6,3,3,1,2,7,2,3,2,1,2,2,1,2,2,2,2,2,2,3,2,2,2,2,2,2,2,1,2,2,0,0,0
2008,48,147,1,481888,1,6,1,2,1,2,5,2,1,2,2,2,1,2,2,2,2,2,1,2,3,2,2,2,2,1,2,2,2,2,2,0,0,0
2008,48,201,1,481889,1,6,2,3,1,1,7,1,4,2,2,2,2,2,2,2,2,2,2,2,3,1,2,1,2,2,2,2,2,2,2,0,0,0
2008,48,303,1,481890,1,6,2,2,1,2,6,2,1,2,2,1,1,2,2,2,1,2,2,2,3,2,2,2,2,2,1,1,2,1,2,0,0,0
2008,48,439,1,481891,1,6,2,1,4,2,1,2,1,1,2,2,1,2,1,2,2,2,2,2,1,2,2,2,2,2,2,2,1,2,2,0,0,0
2008,48,459,1,481892,1,6,1,2,1,2,5,2,1,1,2,2,1,2,1,1,2,2,2,2,3,2,2,2,2,2,2,2,2,2,2,0,0,0
2008,48,21,1,481893,1,6,1,2,2,2,4,2,1,1,2,2,1,2,2,1,2,2,1,2,3,2,2,2,2,2,2,2,1,2,2,0,0,0
2008,48,29,1,481894,1,6,2,2,1,1,2,1,4,1,2,2,2,2,1,1,2,2,2,2,3,2,2,2,2,2,2,2,2,2,2,0,0,0
2008,48,147,1,481895,1,6,1,2,1,2,5,2,1,2,2,2,1,2,2,1,2,2,1,2,1,2,2,2,2,2,2,2,1,1,2,0,0,0
2008,48,209,1,481896,1,6,1,2,1,2,5,2,3,1,2,2,2,2,1,2,2,2,2,2,2,2,2,2,2,2,2,2,2,2,2,0,0,0
2008,48,215,1,481897,1,6,2,3,2,1,7,1,1,2,2,2,1,2,1,1,2,2,2,2,1,2,2,2,2,2,2,2,2,2,2,0,0,0
2008,48,331,1,481898,1,6,1,2,4,2,5,2,1,2,2,2,1,2,2,2,2,2,1,2,1,2,2,2,2,2,1,1,1,1,2,0,0,0
2008,48,361,1,481899,1,6,2,2,1,2,6,2,1,1,2,2,1,2,2,1,2,2,1,2,1,2,2,2,2,2,2,2,1,2,2,0,0,0
2008,48,453,1,481901,1,6,1,2,4,2,5,2,1,2,2,2,1,2,2,1,2,2,1,2,3,1,1,1,1,2,2,1,1,2,2,0,0,0
2008,48,423,1,481902,1,6,1,2,1,2,5,2,1,2,1,2,1,2,2,2,2,2,1,2,3,2,2,2,2,2,2,2,1,1,2,0,0,0
2008,48,143,1,481903,1,6,1,2,1,2,3,2,6,1,2,2,2,2,1,2,2,2,2,2,3,2,2,2,2,2,2,2,2,2,2,0,0,0
2008,48,445,1,481904,1,6,1,2,2,2,3,2,6,1,2,2,1,2,2,2,2,2,2,2,2,2,2,2,2,2,2,2,1,2,2,0,0,0
2008,48,491,1,481905,1,6,1,2,1,2,5,2,3,1,1,2,2,1,2,2,2,2,2,2,3,2,2,2,2,2,2,2,1,2,2,0,0,0
2008,48,491,1,481906,1,6,1,2,4,2,3,2,1,2,2,2,1,2,2,2,2,2,2,2,1,2,2,2,2,2,2,2,1,2,2,0,0,0
2008,48,201,1,481907,1,6,2,2,2,2,2,2,1,1,1,2,1,2,2,2,2,2,1,2,2,2,2,2,2,2,2,2,2,2,2,0,0,0
2008,48,201,1,481908,1,6,2,2,1,1,3,1,2,2,2,2,2,2,1,1,2,2,2,2,1,2,2,2,2,2,1,1,2,2,2,0,0,0
2008,48,339,2,481909,1,6,3,3,1,2,7,2,2,2,1,2,3,2,1,1,2,2,2,2,3,2,2,2,2,2,1,1,2,1,2,0,0,0
2008,48,447,1,481910,1,6,1,2,4,2,4,2,1,1,1,2,1,2,2,2,2,2,1,2,3,2,2,2,2,2,2,2,1,2,1,0,0,0
2008,48,183,2,481911,1,6,1,1,4,2,1,2,1,1,1,2,1,2,2,1,2,2,2,2,3,2,2,2,2,2,2,2,1,1,2,0,0,0
2008,48,303,1,481912,1,6,1,2,1,2,6,2,4,1,1,2,2,1,2,2,2,2,2,2,2,1,1,1,1,1,2,1,1,1,2,0,0,0
2008,48,309,1,481913,1,6,2,1,1,2,1,2,1,2,1,2,1,2,2,2,1,2,2,2,3,2,2,2,2,2,2,2,2,2,2,0,0,0
2008,48,23,1,481914,1,6,1,2,1,2,3,2,3,1,1,2,2,1,2,2,2,2,2,2,1,2,2,2,2,2,2,2,2,2,1,0,0,0
2008,48,29,1,481915,1,6,2,1,1,2,1,2,1,1,1,2,2,2,2,2,1,2,2,2,3,2,2,2,2,2,2,2,2,2,2,0,0,0
2008,48,29,1,481916,1,6,2,2,1,1,3,1,1,1,1,2,2,2,1,2,2,2,2,2,3,2,2,2,2,2,2,2,2,2,2,0,0,0
2008,48,113,2,481917,1,6,2,2,4,2,2,3,1,2,1,2,2,2,1,1,2,2,2,2,2,1,1,1,1,2,2,1,1,2,2,0,0,0
2008,48,439,1,481918,1,6,2,2,1,2,2,2,1,2,1,2,1,2,2,1,2,2,1,2,3,1,1,1,1,2,2,1,1,2,2,0,0,0
2008,48,139,1,481919,1,6,3,3,1,2,7,2,1,2,2,2,1,2,2,2,2,2,1,2,1,1,1,1,1,2,2,1,1,1,2,0,0,0
2008,48,315,3,481920,1,6,1,2,1,2,4,2,3,1,1,2,2,2,2,1,2,2,2,2,1,2,2,2,2,2,2,2,1,2,2,0,0,0
2008,48,51,2,481921,1,6,1,2,1,2,3,2,3,1,2,2,3,2,2,2,2,2,2,2,1,2,2,2,2,2,1,1,1,2,2,0,0,0
2008,48,113,1,481922,1,6,2,2,3,2,6,2,1,2,2,2,1,2,2,1,2,2,2,2,1,2,2,2,2,2,1,1,1,2,2,0,0,0
2008,48,121,1,481923,1,6,1,2,4,2,3,2,1,1,2,2,1,2,2,1,2,2,1,2,3,2,2,2,2,2,2,2,1,2,1,0,0,0
2008,48,143,1,481924,1,6,1,2,1,2,5,2,6,1,2,2,2,2,2,1,2,2,2,2,3,1,1,1,1,2,2,1,1,2,2,0,0,0
2008,48,339,1,481925,1,6,1,2,4,2,6,2,1,2,2,2,1,2,2,1,2,2,1,2,1,2,2,1,1,2,2,1,1,1,2,0,0,0
2008,48,439,1,481926,1,6,2,3,1,2,7,2,1,2,2,2,1,2,2,2,1,2,2,2,3,2,2,2,2,2,2,2,2,2,2,0,0,0
2008,48,487,1,481927,1,6,1,3,1,2,7,2,1,2,2,2,1,1,2,2,1,2,2,2,3,2,2,2,2,1,2,2,2,2,2,0,0,0
2008,48,85,1,481928,1,6,2,2,1,2,6,3,1,2,2,2,1,2,2,1,2,2,1,2,1,2,2,2,2,2,2,2,2,2,2,0,0,0
2008,48,297,1,481930,1,6,1,2,1,1,3,1,4,1,2,2,2,2,2,2,2,2,2,2,3,2,2,2,2,2,2,2,2,1,2,0,0,0
2008,48,349,1,481931,1,6,1,2,4,2,4,2,1,1,2,2,1,2,1,2,2,2,2,2,3,2,2,2,2,2,2,2,1,2,2,0,0,0
2008,48,375,1,481932,1,6,2,2,1,2,6,2,4,1,2,2,2,2,2,1,2,2,2,2,1,2,2,2,2,2,1,1,1,2,2,0,0,0
2008,48,35,1,481933,1,6,1,2,4,2,3,2,1,1,1,2,1,2,2,1,2,2,1,2,1,2,2,2,2,2,2,2,1,2,2,0,0,0
2008,48,121,1,481934,1,6,2,2,1,2,3,2,2,1,1,2,2,1,2,2,2,2,2,2,2,2,2,2,2,2,2,2,2,2,2,0,0,0
2008,48,121,1,481935,1,6,2,2,1,1,2,1,4,2,1,2,2,2,1,1,2,2,2,2,2,2,2,2,2,2,2,2,2,2,2,0,0,0
2008,48,325,1,481936,1,6,1,1,4,2,1,2,1,1,1,2,1,2,2,2,2,2,1,2,2,2,2,2,2,2,2,2,2,2,2,0,0,0
2008,48,439,1,481937,1,6,2,2,1,2,6,3,1,1,1,2,1,2,2,2,2,2,2,2,3,2,2,2,2,2,1,1,2,2,2,0,0,0
2008,48,37,1,481938,1,6,1,2,4,2,5,2,1,1,1,2,1,1,2,2,2,2,2,2,2,2,2,2,2,2,2,2,1,2,1,0,0,0
2008,48,61,1,481939,1,6,2,2,1,2,4,3,4,1,1,2,2,2,2,2,2,2,2,2,3,2,2,2,2,1,2,2,2,1,2,0,0,0
2008,48,179,1,481940,1,6,2,2,1,1,3,1,4,1,1,2,3,1,2,2,2,2,2,2,3,2,2,2,2,1,1,1,2,2,2,0,0,0
2008,48,339,1,481941,1,6,2,1,1,2,1,2,1,2,1,2,1,2,2,2,1,2,2,2,2,2,2,2,2,2,2,2,2,2,2,0,0,0
2008,48,357,1,481942,1,6,1,2,4,2,6,2,1,1,1,2,1,2,2,1,2,2,1,2,3,1,2,1,2,2,2,2,1,2,2,0,0,0
2008,48,113,1,481943,1,6,3,3,4,2,7,2,1,2,1,2,1,2,2,2,2,2,2,2,3,2,2,2,2,2,2,2,1,2,2,0,0,0
2008,48,251,1,481944,1,6,1,2,1,2,5,2,1,1,1,2,2,1,2,1,2,2,1,2,3,2,2,2,2,2,1,1,1,2,2,0,0,0
2008,48,423,1,481945,1,6,3,3,4,2,7,2,1,1,1,2,1,2,2,1,2,2,2,2,3,2,2,2,2,1,2,2,1,2,2,0,0,0
2008,48,31,1,481947,1,6,1,2,4,2,6,2,1,2,2,2,1,2,2,2,2,2,1,2,1,2,2,2,2,2,2,2,1,1,2,0,0,0
2008,48,141,1,481950,1,6,2,2,1,2,3,2,1,2,1,2,1,2,2,2,1,2,2,2,2,2,2,2,2,2,2,2,2,2,2,0,0,0
2008,48,41,1,481951,1,6,2,2,1,2,3,2,3,2,2,2,2,2,2,2,2,2,2,2,3,1,1,1,1,2,2,1,1,2,2,0,0,0
2008,48,303,1,481952,1,6,1,2,1,1,5,1,4,1,1,2,2,1,2,2,2,2,2,2,3,2,2,2,2,2,2,2,2,2,2,0,0,0
2008,48,405,1,481953,1,6,1,2,1,1,3,1,4,1,1,2,2,1,2,2,2,2,2,2,3,2,2,2,2,1,2,2,2,2,2,0,0,0
2008,48,407,1,481954,1,6,3,3,4,2,7,2,1,1,1,2,1,2,2,1,2,2,2,2,3,2,2,1,1,2,2,1,1,2,2,0,0,0
2008,48,457,1,481955,1,6,1,2,4,2,3,2,1,2,2,2,1,2,2,1,2,2,1,2,1,2,2,2,2,2,1,1,1,2,2,0,0,0
2008,48,29,1,481956,1,6,1,2,1,2,6,2,4,2,1,2,3,2,2,1,2,2,2,2,3,2,2,2,2,1,1,1,2,2,2,0,0,0
2008,48,55,1,481957,1,6,1,2,4,2,3,2,1,1,1,2,1,2,2,2,2,2,2,2,2,2,2,2,2,2,2,2,1,2,2,0,0,0
2008,48,113,1,481958,1,6,2,1,1,2,1,3,2,2,1,1,3,2,1,2,2,2,2,2,1,2,2,2,2,2,2,2,2,2,2,0,0,0
2008,48,113,1,481959,1,6,2,1,1,2,1,2,1,2,2,2,1,2,1,1,2,2,2,2,1,2,2,2,2,2,2,2,2,2,2,0,0,0
2008,48,183,1,481960,1,6,1,2,1,2,5,3,4,1,1,2,2,2,2,2,2,2,2,2,2,2,2,2,2,2,2,2,2,1,2,0,0,0
2008,48,29,1,481961,1,6,1,2,2,2,4,2,1,2,2,2,1,2,2,2,1,2,2,2,3,2,2,2,2,2,2,2,1,2,2,0,0,0
2008,48,31,1,481962,1,6,1,2,1,2,5,2,1,2,2,2,1,2,2,1,2,2,1,2,1,2,2,2,2,2,2,2,1,2,2,0,0,0
2008,48,259,2,481963,1,6,1,2,1,2,5,2,4,2,2,2,2,2,2,1,2,2,2,2,1,2,2,2,2,1,2,2,1,2,2,0,0,0
2008,48,479,1,481964,1,6,2,2,1,2,6,2,1,1,2,2,1,1,2,2,1,2,2,2,2,2,2,2,2,2,2,2,2,2,2,0,0,0
2008,48,145,1,481965,1,6,1,2,1,2,4,3,2,2,2,2,3,2,2,1,2,2,2,2,3,2,2,2,2,2,1,1,2,1,2,0,0,0
2008,48,201,1,481966,1,6,1,2,4,2,6,2,1,2,2,2,1,2,2,1,2,2,1,2,1,2,2,2,2,2,1,1,1,2,2,0,0,0
2008,48,333,1,481967,1,6,1,2,1,2,5,2,1,2,2,2,1,2,2,2,1,2,2,2,2,2,2,2,2,2,1,1,2,2,2,0,0,0
2008,48,343,1,481968,1,6,3,3,4,2,7,2,1,2,2,2,1,2,2,1,2,2,2,2,1,2,2,2,2,2,2,2,1,2,2,0,0,0
2008,48,141,1,481969,1,6,2,2,1,1,6,1,1,1,1,2,1,2,2,2,1,2,2,2,3,2,2,2,2,2,2,2,2,2,2,0,0,0
2008,48,337,1,481970,1,6,1,2,1,2,5,2,3,1,1,2,2,2,2,2,2,2,1,2,3,2,2,1,1,2,2,1,1,2,1,0,0,0
2008,48,373,2,481971,1,6,1,2,1,2,5,2,3,1,1,2,2,2,1,2,2,2,2,2,3,2,2,2,2,2,2,2,2,2,2,0,0,0
2008,48,439,1,481972,1,6,2,2,3,2,4,3,1,1,1,2,2,2,1,2,2,2,2,2,3,2,2,2,2,2,2,2,2,2,2,0,0,0
2008,48,181,1,481973,1,6,2,2,4,2,3,2,6,2,1,2,1,2,2,1,1,2,2,2,3,2,2,2,2,2,2,2,1,1,2,0,0,0
2008,48,85,1,481974,1,6,1,2,1,2,5,2,3,1,1,2,2,2,1,2,2,2,2,2,3,2,2,2,2,2,2,2,1,2,2,0,0,0
2008,48,403,2,481975,1,6,1,2,1,2,5,2,3,1,1,2,2,2,2,2,2,2,2,2,3,2,2,2,2,1,2,2,2,2,2,0,0,0
2008,48,469,1,481976,1,6,1,2,1,2,3,2,4,2,1,2,2,2,2,2,2,2,2,2,3,2,2,2,2,2,2,2,2,2,2,0,0,0
2008,48,113,1,481977,1,6,2,2,1,1,3,1,2,2,1,2,2,1,2,1,2,2,2,2,1,2,2,2,2,2,2,2,2,2,2,0,0,0
2008,48,409,1,481978,1,6,2,2,1,1,3,1,1,1,1,2,1,2,2,1,1,2,2,2,3,2,2,2,2,2,1,1,2,1,2,0,0,0
2008,48,439,1,481979,1,6,2,1,1,2,1,2,4,2,1,2,3,1,2,2,2,2,1,2,3,2,2,2,2,2,2,2,1,2,1,0,0,0
2008,48,473,1,481980,1,6,1,2,4,2,6,2,1,2,1,2,1,2,2,1,2,2,2,2,1,2,2,2,2,2,2,2,1,2,2,0,0,0
2008,48,479,1,481981,1,6,2,2,1,1,3,1,1,2,1,2,1,2,2,2,1,2,2,2,3,2,2,2,2,1,2,2,2,2,2,0,0,0
2008,48,29,1,481982,1,6,2,1,2,2,1,2,2,2,1,2,1,2,2,2,2,2,1,2,1,2,2,2,2,2,2,2,1,1,2,0,0,0
2008,48,69,1,481983,1,6,1,2,4,2,6,2,1,1,1,2,1,2,2,2,2,2,1,2,1,2,2,2,2,2,2,2,1,2,2,0,0,0
2008,48,85,1,481984,1,6,1,2,1,2,6,2,1,2,2,2,1,2,2,2,2,2,2,2,3,1,1,1,1,2,2,1,2,2,2,0,0,0
2008,48,99,1,481985,1,6,2,2,1,2,3,2,1,1,1,2,1,2,1,1,2,2,2,2,2,2,2,2,2,2,2,2,2,2,2,0,0,0
2008,48,189,2,481986,1,6,2,2,1,1,4,1,4,2,2,2,2,1,2,2,2,2,2,2,3,2,2,2,2,1,2,2,2,2,2,0,0,0
2008,48,347,1,481987,1,6,1,2,1,2,5,2,1,2,2,2,1,2,1,2,2,2,2,2,3,2,2,2,2,2,2,2,2,2,2,0,0,0
2008,48,401,1,481988,1,6,1,2,1,2,5,2,3,1,1,2,2,2,2,1,2,2,1,2,3,2,2,2,2,2,2,2,1,2,2,0,0,0
2008,48,469,1,481989,1,6,1,2,4,2,3,3,1,2,1,2,1,1,2,2,2,2,2,2,3,2,2,2,2,2,2,2,1,2,2,0,0,0
2008,48,469,1,481990,1,6,1,2,1,1,5,1,4,1,1,2,2,2,1,1,2,2,2,2,1,2,2,2,2,2,2,2,2,1,2,0,0,0
2008,48,29,1,481991,1,6,2,2,4,2,2,3,1,2,2,2,1,2,2,2,2,2,1,2,1,2,2,2,2,2,2,2,1,1,2,0,0,0
2008,48,49,1,481992,1,6,3,3,4,2,7,2,1,2,2,2,1,2,2,1,2,2,2,2,3,2,2,2,2,2,1,1,1,2,2,0,0,0
2008,48,187,1,481993,1,6,1,2,1,2,4,2,3,1,2,2,3,2,1,2,2,2,2,2,1,2,2,2,2,2,2,2,1,2,2,0,0,0
2008,48,355,1,481994,1,6,2,2,1,1,6,1,4,2,2,2,2,2,2,2,2,2,2,2,1,2,2,2,2,2,1,1,2,2,2,0,0,0
2008,48,29,1,481995,1,6,2,2,1,1,6,1,4,1,2,2,2,2,2,2,2,2,2,2,3,2,2,2,2,1,2,2,2,2,2,0,0,0
2008,48,201,1,481996,1,6,2,1,1,2,1,2,2,2,2,2,2,2,2,1,2,2,2,2,1,2,2,1,1,2,2,1,2,2,2,0,0,0
2008,48,349,1,481997,1,6,1,2,4,2,5,2,1,2,2,2,1,2,2,2,2,2,1,2,3,2,2,2,2,2,2,2,1,2,2,0,0,0
2008,48,439,1,481998,1,6,2,1,3,2,1,2,1,2,2,2,1,2,2,1,2,2,2,2,1,2,2,2,2,2,2,2,1,2,2,0,0,0
2008,48,201,1,481999,1,6,1,2,1,1,6,1,1,1,1,2,1,2,2,2,1,2,2,2,3,2,2,2,2,2,2,2,2,1,2,0,0,0
2008,48,27,1,482000,1,6,2,2,1,1,4,1,1,2,1,2,1,2,2,2,1,2,2,2,2,2,2,2,2,2,2,2,2,2,2,0,0,0
2008,48,339,1,482001,1,6,1,2,1,2,5,2,1,2,1,2,1,2,2,2,1,2,2,2,3,2,2,2,2,2,2,2,2,2,2,0,0,0
2008,48,409,1,482002,1,6,1,2,4,1,4,1,1,1,1,2,1,2,2,2,2,2,1,2,3,2,2,2,2,2,2,2,2,2,2,0,0,0
2008,48,419,2,482004,1,6,1,2,1,2,3,3,4,1,1,2,3,2,1,1,2,2,2,2,2,1,1,1,1,2,2,1,2,2,2,0,0,0
2008,48,337,1,482005,1,6,1,2,1,1,5,1,4,1,1,2,2,1,2,2,2,2,2,2,3,2,2,2,2,2,2,2,2,2,1,0,0,0
2008,48,373,1,482006,1,6,1,2,4,1,5,1,1,2,1,2,1,1,2,1,2,2,1,2,2,2,2,2,2,2,2,2,2,2,2,0,0,0
2008,48,439,1,482007,1,6,2,2,4,2,6,2,1,2,1,2,1,2,1,2,2,2,2,2,1,2,2,2,2,2,2,2,1,2,2,0,0,0
2008,48,29,1,482008,1,6,2,2,1,2,6,2,1,1,1,2,1,2,2,2,2,1,2,2,3,2,2,1,1,2,2,1,2,2,2,0,0,0
2008,48,85,1,482009,1,6,1,2,1,2,4,3,4,1,1,2,2,1,2,2,2,2,2,2,3,2,2,2,2,2,2,2,2,2,2,0,0,0
2008,48,201,1,482010,1,6,1,2,1,2,6,2,1,2,2,2,1,2,2,2,2,2,2,2,3,2,2,2,2,2,2,2,2,2,2,0,0,0
2008,48,439,1,482011,1,6,2,1,1,2,1,2,1,2,2,2,3,2,2,2,1,2,2,2,3,2,2,2,2,2,1,1,2,2,2,0,0,0
2008,48,201,1,482012,1,6,2,2,4,1,6,1,4,2,2,2,1,2,2,1,2,2,2,2,1,2,2,2,2,2,2,2,2,2,2,0,0,0
2008,48,439,1,482013,1,6,2,2,3,2,2,2,1,2,2,2,1,2,2,2,2,2,1,2,3,2,2,2,2,2,2,2,1,2,2,0,0,0
2008,48,29,1,482014,1,6,2,2,1,1,2,1,2,2,2,2,2,1,2,2,2,2,2,2,1,2,2,2,2,2,2,2,2,1,2,0,0,0
2008,48,29,1,482015,1,6,2,2,4,2,6,2,1,2,2,2,1,2,2,1,2,2,1,2,1,2,2,2,2,2,2,2,1,2,2,0,0,0
2008,48,291,1,482016,1,6,1,2,4,2,4,2,1,2,1,2,1,2,2,2,2,2,1,2,1,2,2,2,2,2,2,2,1,2,2,0,0,0
2008,48,209,1,482017,1,6,2,1,1,2,1,2,4,2,1,2,2,1,1,1,2,2,2,2,1,2,2,2,2,2,2,2,2,2,2,0,0,0
2008,48,491,1,482018,1,6,2,1,2,2,1,2,1,2,1,2,1,2,2,2,2,2,2,2,3,2,2,2,2,2,2,2,1,2,2,0,0,0
2008,48,209,1,482019,1,6,2,1,1,2,1,2,1,1,1,1,1,2,2,2,1,2,2,2,3,2,2,2,2,2,2,2,2,2,2,0,0,0
2008,48,201,1,482020,1,6,2,2,1,2,6,2,1,2,2,2,1,2,1,1,2,2,2,2,1,2,2,2,2,2,2,2,2,2,2,0,0,0
2008,48,439,1,482021,1,6,2,2,1,2,6,2,4,2,2,2,2,2,1,2,2,2,2,2,3,2,2,2,2,2,2,2,2,1,2,0,0,0
2008,48,201,1,482022,1,6,2,1,2,2,1,3,1,2,2,2,1,2,2,2,2,2,2,2,1,2,2,2,2,2,2,2,1,2,2,0,0,0
2008,48,201,1,482023,1,6,2,2,2,2,6,2,1,2,1,2,1,2,2,2,1,2,2,2,3,2,2,2,2,2,2,2,2,2,2,0,0,0
2008,48,201,1,482024,1,6,3,3,4,2,7,2,1,2,2,2,1,2,1,1,2,2,2,2,1,2,2,2,2,2,2,2,1,2,2,0,0,0
2008,48,53,1,482025,1,6,1,2,4,2,5,2,1,1,2,2,1,2,1,2,2,2,2,2,3,2,2,2,2,2,2,2,1,1,2,0,0,0
2008,48,201,1,482026,1,6,2,2,3,2,3,2,1,2,2,2,1,2,1,2,2,2,2,2,2,2,2,2,2,2,2,2,1,2,2,0,0,0
2008,48,439,1,482027,1,6,2,2,1,2,4,2,3,1,1,2,2,2,2,2,2,2,2,2,3,1,1,1,1,2,2,1,1,2,2,0,0,0
2008,48,317,1,482028,1,6,1,1,1,2,1,2,1,2,2,2,1,2,2,2,2,2,1,2,2,2,2,2,2,2,2,2,1,2,2,0,0,0
2008,48,439,1,482029,1,6,2,2,4,2,6,2,1,2,2,2,1,2,2,2,2,2,2,2,1,1,1,1,1,2,2,1,1,1,2,0,0,0
2008,48,497,1,482030,1,6,1,2,1,2,3,2,1,2,2,2,1,2,2,2,1,2,2,2,3,2,2,2,2,2,2,2,2,2,2,0,0,0
2008,48,507,1,482031,1,6,1,2,4,2,4,2,1,1,2,2,1,2,2,2,2,2,1,2,3,2,2,2,2,1,2,2,2,2,2,0,0,0
2008,48,231,1,482032,1,6,1,2,1,2,5,2,3,1,2,2,2,2,2,2,2,2,1,2,3,2,2,2,2,1,2,2,1,2,2,0,0,0
2008,48,213,1,482033,1,6,2,3,1,2,7,2,4,1,1,2,2,1,2,1,2,2,2,2,1,1,1,1,1,2,2,1,2,2,2,0,0,0
2008,48,329,1,482034,1,6,1,2,4,2,4,2,1,1,1,2,1,2,2,2,2,2,1,2,3,2,2,2,2,2,2,2,1,2,2,0,0,0
2008,48,479,1,482035,1,6,1,1,4,2,1,2,1,2,2,2,1,2,2,1,2,2,2,2,3,1,1,1,1,2,2,1,1,2,2,0,0,0
2008,48,61,1,482036,1,6,1,2,1,2,5,2,3,1,1,2,2,2,2,2,2,2,1,2,3,1,1,1,1,2,2,1,1,1,2,0,0,0
2008,48,439,1,482037,1,6,2,2,1,1,6,1,1,1,1,2,1,2,2,2,2,1,2,2,3,2,2,2,2,2,2,2,2,2,2,0,0,0
2008,48,113,1,482038,1,6,2,2,3,2,6,2,1,2,2,2,1,2,2,2,2,2,1,2,2,1,1,1,1,2,2,1,1,2,2,0,0,0
2008,48,39,1,482039,1,6,2,2,2,1,2,1,1,2,2,2,1,2,2,2,2,2,2,2,2,2,2,2,2,2,2,2,2,2,2,0,0,0
2008,48,147,3,482040,1,6,1,2,4,2,3,2,1,1,1,2,1,2,2,1,2,2,2,2,2,2,2,2,2,2,2,2,1,2,2,0,0,0
2008,48,253,1,482041,1,6,1,2,1,2,5,2,2,2,2,2,3,2,2,2,2,2,2,2,1,2,2,2,2,2,1,1,2,2,2,0,0,0
2008,48,313,1,482042,1,6,3,3,4,2,7,2,1,2,2,2,1,2,2,2,2,2,1,2,3,2,2,2,2,2,2,2,1,1,2,0,0,0
2008,48,91,1,482043,1,6,1,2,1,2,6,2,3,1,1,2,2,2,1,1,2,2,2,2,3,2,2,2,2,2,2,2,1,2,2,0,0,0
2008,48,493,1,482044,1,6,1,2,1,2,3,2,3,2,1,1,2,2,1,2,2,2,2,2,3,2,2,2,2,2,1,1,1,1,2,0,0,0
2008,48,101,1,482045,1,6,1,2,4,2,4,2,1,2,2,2,1,2,2,2,2,2,1,2,3,1,1,1,1,2,2,1,1,2,1,0,0,0
2008,48,139,2,482046,1,6,1,2,1,1,5,1,4,1,2,2,2,2,2,2,2,2,2,2,3,1,1,1,1,2,2,1,2,2,2,0,0,0
2008,48,213,1,482047,1,6,1,2,4,2,4,2,1,1,1,2,1,2,2,1,2,2,2,2,2,1,1,1,1,2,2,1,1,2,2,0,0,0
2008,48,257,1,482048,1,6,2,3,1,2,7,2,1,2,1,2,1,2,2,2,1,2,2,2,2,2,2,2,2,2,2,2,2,2,2,0,0,0
2008,48,471,1,482049,1,6,1,2,1,2,5,2,3,2,1,2,2,2,1,2,2,2,2,2,1,1,1,1,1,2,1,1,1,2,2,0,0,0
2008,48,491,1,482050,1,6,2,2,1,2,3,2,2,1,1,2,2,2,1,1,2,2,2,2,3,2,2,2,2,2,2,2,2,2,2,0,0,0
2008,48,113,1,482051,1,6,2,2,1,2,6,3,4,2,1,2,2,1,2,2,2,2,2,2,1,2,2,2,2,2,2,2,2,2,2,0,0,0
2008,48,491,1,482052,1,6,2,2,1,1,4,1,4,2,1,1,2,2,1,2,2,2,2,2,3,2,2,2,2,2,2,2,2,2,2,0,0,0
2008,48,135,1,482053,1,6,2,2,1,1,3,1,4,1,1,2,2,2,1,2,2,2,2,2,3,2,2,2,2,2,2,2,2,2,2,0,0,0
2008,48,27,1,482054,1,6,1,2,1,2,3,2,2,2,2,2,2,2,1,1,2,2,2,2,1,2,2,2,2,2,1,1,2,2,2,0,0,0
2008,48,153,1,482055,1,6,3,3,1,2,7,2,1,2,2,2,1,2,2,2,2,2,1,2,1,2,2,2,2,2,2,2,1,2,2,0,0,0
2008,48,5,1,482056,1,6,1,2,4,2,3,2,1,1,2,2,1,2,2,2,2,2,1,2,3,2,2,2,2,2,2,2,1,2,2,0,0,0
2008,48,85,1,482057,1,6,3,3,1,1,7,1,4,1,2,2,2,2,2,2,2,2,2,2,3,2,2,2,2,2,2,2,2,2,2,0,0,0
2008,48,439,1,482058,1,6,2,2,4,2,6,2,1,2,2,2,1,2,2,1,2,2,2,2,2,2,2,2,2,2,1,1,1,2,2,0,0,0
2008,48,453,1,482059,1,6,2,2,1,1,3,1,1,2,2,2,1,2,2,2,2,1,2,2,3,2,2,2,2,2,1,1,2,2,2,0,0,0
2008,48,29,1,482060,1,6,2,2,2,2,2,2,1,1,1,2,1,2,2,2,1,2,2,2,3,2,2,2,2,2,2,2,2,2,2,0,0,0
2008,48,113,1,482061,1,6,2,2,1,2,6,2,1,1,1,2,1,2,2,1,2,1,2,2,2,1,1,1,1,2,2,1,2,2,2,0,0,0
2008,48,181,1,482062,1,6,2,2,1,2,3,2,1,1,1,2,1,2,2,2,2,1,2,2,3,2,2,2,2,2,2,2,2,1,2,0,0,0
2008,48,219,1,482063,1,6,2,2,1,2,3,2,4,1,1,2,2,2,2,2,2,2,2,2,3,2,2,2,2,1,2,2,2,2,2,0,0,0
2008,48,329,1,482064,1,6,2,2,1,1,3,1,4,2,1,2,2,2,2,2,2,2,2,2,3,2,2,2,2,1,2,2,2,2,2,0,0,0
2008,48,421,2,482065,1,6,1,2,1,2,3,2,3,2,2,2,2,1,2,2,2,2,2,2,3,2,2,2,2,2,2,2,1,2,1,0,0,0
2008,48,439,1,482066,1,6,2,2,1,1,3,1,4,1,1,2,2,2,1,2,2,2,2,2,3,2,2,2,2,2,2,2,2,2,2,0,0,0
2008,48,113,1,482067,1,6,2,2,3,2,3,2,1,2,1,2,1,2,1,1,2,2,2,2,1,2,2,2,2,2,2,2,1,2,2,0,0,0
2008,48,113,1,482068,1,6,2,2,1,1,6,1,4,2,1,2,2,2,2,2,2,2,1,2,3,2,2,2,2,2,1,1,2,2,2,0,0,0
2008,48,201,1,482069,1,6,2,2,1,1,6,1,4,1,1,2,2,1,2,2,2,2,2,2,3,2,2,2,2,2,2,2,2,1,2,0,0,0
2008,48,217,1,482070,1,6,1,1,1,2,1,3,4,1,1,2,2,1,2,1,2,2,2,2,3,2,2,2,2,2,2,2,2,2,2,0,0,0
2008,48,393,1,482071,1,6,1,2,2,2,3,2,1,2,1,2,1,2,2,2,2,2,2,2,3,2,2,2,2,2,2,2,1,2,2,0,0,0
2008,48,67,1,482072,1,6,1,2,1,2,5,2,4,1,1,2,2,2,2,1,2,2,2,2,3,2,2,2,2,2,2,2,1,2,2,0,0,0
2008,48,121,1,482073,1,6,2,2,1,2,6,2,4,1,1,2,2,2,1,1,2,2,2,2,3,2,2,2,2,1,1,1,2,2,2,0,0,0
2008,48,237,1,482074,1,6,1,2,4,2,4,2,1,1,1,2,1,2,2,2,2,2,1,2,3,1,1,1,1,2,2,1,1,2,2,0,0,0
2008,48,27,1,482075,1,6,1,2,4,2,3,2,1,2,1,2,1,2,2,1,2,2,1,2,2,2,2,2,2,2,1,1,1,2,2,0,0,0
2008,48,139,1,482076,1,6,2,1,3,2,1,3,1,2,1,2,1,1,2,2,2,2,1,2,2,2,2,2,2,2,2,2,1,1,1,0,0,0
2008,48,157,1,482077,1,6,2,2,1,1,4,1,4,1,1,2,2,2,1,2,2,2,2,2,3,2,2,2,2,2,2,2,2,2,2,0,0,0
2008,48,113,1,482078,1,6,2,2,4,2,6,2,1,1,2,2,1,2,2,1,2,2,2,2,1,2,2,2,2,2,2,2,1,2,2,0,0,0
2008,48,29,1,482079,1,6,2,2,1,1,6,1,4,2,2,2,2,2,1,1,2,2,2,2,3,2,2,2,2,1,2,2,2,2,2,0,0,0
2008,48,157,1,482080,1,6,2,2,1,1,4,1,1,1,1,2,1,2,2,2,1,2,2,2,3,2,2,2,2,2,2,2,2,2,2,0,0,0
2008,48,471,2,482081,1,6,1,2,1,2,4,2,3,1,2,2,2,2,2,2,2,2,2,2,2,2,2,2,2,2,2,2,1,2,2,0,0,0
2008,48,157,1,482082,1,6,1,2,1,2,3,2,3,2,2,2,2,2,1,1,2,2,2,2,3,2,2,2,2,2,1,1,1,2,2,0,0,0
2008,48,89,1,482083,1,6,1,2,4,1,6,1,1,2,1,2,1,2,2,1,2,2,2,2,2,2,2,2,2,2,2,2,2,1,1,0,0,0
2008,48,339,1,482084,1,6,1,2,4,1,6,1,1,1,1,2,1,1,2,2,2,2,1,2,3,2,2,2,2,2,1,1,2,2,2,0,0,0
2008,48,89,1,482085,1,6,1,2,1,2,5,2,1,1,1,2,1,2,2,2,2,2,2,2,3,2,2,2,2,2,2,2,2,2,2,0,0,0
2008,48,53,1,482086,1,6,1,2,4,2,5,2,1,2,2,2,1,2,2,1,2,2,1,2,1,2,2,2,2,2,2,2,1,2,2,0,0,0
2008,48,201,1,482087,1,6,2,2,4,2,6,2,1,2,2,2,1,2,2,2,2,2,1,2,1,2,2,2,2,2,2,2,1,2,2,0,0,0
2008,48,355,1,482088,1,6,2,2,1,2,6,2,1,2,2,2,1,2,2,2,1,2,2,2,3,2,2,2,2,2,2,2,2,1,2,0,0,0
2008,48,355,1,482089,1,6,2,2,4,2,2,2,6,2,1,2,1,2,2,1,2,2,1,2,1,2,2,2,2,2,2,2,2,2,2,0,0,0
2008,48,355,2,482090,1,6,2,2,4,2,6,2,2,1,2,2,1,2,2,1,2,2,2,2,1,1,1,1,1,2,2,1,2,1,2,0,0,0
2008,48,145,1,482091,1,6,1,2,1,2,5,2,1,2,2,2,1,2,1,1,2,2,2,2,1,2,2,2,2,2,2,2,1,2,2,0,0,0
2008,48,323,2,482092,1,6,1,2,1,2,3,2,5,2,1,2,3,2,2,2,2,2,2,2,3,2,2,2,2,1,2,2,1,2,1,0,0,0
2008,48,47,3,482093,1,6,1,2,1,1,3,1,4,1,1,2,2,1,2,2,2,2,2,2,3,2,2,2,2,2,2,2,2,2,2,0,0,0
2008,48,355,1,482094,1,6,2,2,1,2,6,2,2,1,1,2,2,2,1,1,2,2,2,2,3,2,2,2,2,2,2,2,2,1,2,0,0,0
2008,48,209,1,482095,1,6,1,1,1,2,1,2,4,1,1,2,2,1,2,1,2,2,2,2,3,1,1,1,1,2,2,1,1,2,2,0,0,0
2008,48,201,1,482096,1,6,2,3,2,2,7,3,1,2,2,2,1,2,1,1,2,2,2,2,2,2,2,1,1,2,2,1,1,2,2,0,0,0
2008,48,141,1,482097,1,6,2,1,1,2,1,2,1,2,1,1,3,2,2,2,1,2,2,2,3,1,1,1,1,2,2,1,2,2,2,0,0,0
2008,48,201,1,482098,1,6,2,2,2,2,5,2,1,2,1,2,1,2,2,2,2,2,1,2,2,2,2,2,2,2,2,2,1,2,2,0,0,0
2008,48,201,1,482099,1,6,2,2,4,2,6,2,1,2,2,2,1,2,2,2,2,2,2,2,1,2,2,2,2,2,2,2,1,2,2,0,0,0
2008,48,231,1,482100,1,6,2,2,1,1,6,1,1,1,1,2,1,2,2,2,2,2,2,2,3,2,2,2,2,2,2,2,2,2,2,0,0,0
2008,48,475,1,482101,1,6,1,2,1,1,5,1,4,2,2,2,2,1,2,2,2,2,1,2,3,2,2,2,2,2,2,2,2,1,2,0,0,0
2008,48,475,1,482102,1,6,1,2,1,2,5,2,4,2,2,2,2,2,2,2,1,2,2,2,3,1,1,1,1,2,2,1,2,1,2,0,0,0
2008,48,201,1,482103,1,6,2,2,3,2,6,2,1,2,2,2,1,2,2,2,2,2,1,2,1,2,2,2,2,2,2,2,1,2,2,0,0,0
2008,48,13,1,482104,1,6,1,2,1,2,6,2,3,1,1,2,2,1,2,2,2,2,1,2,1,2,2,2,2,2,2,2,2,2,2,0,0,0
2008,48,215,1,482105,1,6,3,3,1,1,7,1,4,1,1,2,2,1,2,2,2,2,2,2,3,1,1,1,1,2,2,1,2,2,2,0,0,0
2008,48,201,1,482106,1,6,2,1,1,2,1,2,4,1,1,2,2,2,2,1,1,2,2,2,3,1,1,1,1,2,1,1,2,1,2,0,0,0
2008,48,367,1,482107,1,6,1,1,1,2,1,2,1,2,1,2,1,2,2,1,2,1,2,2,3,2,2,2,2,2,2,2,2,2,2,0,0,0
2008,48,3,1,482108,1,6,3,3,1,2,7,2,1,1,2,2,1,2,2,2,2,2,1,2,1,2,2,2,2,2,2,2,1,2,2,0,0,0
2008,48,201,1,482109,1,6,2,2,4,2,6,2,1,2,2,2,1,2,2,2,2,2,2,2,2,2,2,2,2,2,2,2,1,2,2,0,0,0
2008,48,201,1,482110,1,6,1,1,1,2,1,2,1,2,2,2,1,2,2,2,1,2,2,2,3,2,2,2,2,2,1,1,2,2,2,0,0,0
2008,48,201,1,482111,1,6,3,3,4,2,7,2,1,2,1,2,1,2,2,2,2,2,2,2,1,2,2,2,2,2,2,2,1,2,2,0,0,0
2008,48,335,1,482112,1,6,1,2,4,2,6,2,1,2,1,2,1,2,2,1,2,2,1,2,3,2,2,2,2,2,1,1,1,1,1,0,0,0
2008,48,355,1,482113,1,6,3,3,1,2,7,2,2,2,1,2,2,1,2,1,2,2,2,2,1,2,2,2,2,2,2,2,2,1,2,0,0,0
2008,48,201,1,482114,1,6,2,2,1,1,6,1,1,2,1,1,1,2,2,2,1,2,2,2,3,2,2,1,1,2,2,1,2,2,2,0,0,0
2008,48,493,1,482115,1,6,1,2,1,2,6,2,1,1,1,2,1,2,2,1,2,2,1,2,3,1,1,1,1,2,2,1,1,2,2,0,0,0
2008,48,39,2,482116,1,6,1,2,4,2,6,2,1,2,2,2,1,2,2,1,2,2,2,2,1,2,2,1,1,2,2,1,1,2,1,0,0,0
2008,48,201,1,482117,1,6,2,2,4,2,6,2,1,2,2,2,1,2,2,2,2,2,2,2,2,2,2,2,2,2,1,1,1,2,2,0,0,0
2008,48,201,1,482118,1,6,2,1,1,2,1,2,1,1,1,2,1,1,2,2,1,2,2,2,3,2,2,2,2,2,2,2,2,2,2,0,0,0
2008,48,201,1,482119,1,6,2,1,1,2,1,2,2,2,2,2,2,2,1,1,2,2,2,2,1,2,2,2,2,2,2,2,2,2,2,0,0,0
2008,48,201,1,482120,1,6,2,2,2,2,6,2,2,1,1,2,1,2,1,2,2,2,2,2,2,2,2,2,2,1,2,2,2,2,2,0,0,0
2008,48,201,1,482121,1,6,2,2,4,2,6,2,1,2,2,2,1,2,2,2,2,2,2,2,3,2,2,2,2,2,2,2,1,2,2,0,0,0
2008,48,29,1,482122,1,6,1,1,1,2,1,2,3,2,2,2,2,2,2,2,2,2,2,2,3,2,2,2,2,2,1,1,2,2,2,0,0,0
2008,48,5,1,482124,1,6,2,2,1,1,3,1,4,1,1,2,2,2,2,2,2,2,2,2,3,2,2,2,2,2,2,2,2,2,2,0,0,0
2008,48,21,1,482125,1,6,1,2,1,2,4,2,4,1,1,2,2,1,2,1,2,2,2,2,3,2,2,2,2,2,1,1,1,2,2,0,0,0
2008,48,339,1,482126,1,6,1,3,1,1,7,1,2,2,2,1,2,2,1,1,2,2,2,2,3,2,2,2,2,2,2,2,2,1,2,0,0,0
2008,48,141,1,482127,1,6,3,3,4,2,7,2,1,2,2,2,1,2,2,1,2,2,1,2,1,1,1,1,1,2,2,1,1,2,2,0,0,0
2008,48,339,2,482128,1,6,3,3,1,1,7,1,3,2,2,2,2,2,2,2,2,2,2,2,3,2,2,2,2,2,2,2,2,1,2,0,0,0
2008,48,113,1,482129,1,6,2,1,1,2,1,2,4,2,1,2,2,2,2,1,2,2,1,2,3,2,2,2,2,2,2,2,2,2,2,0,0,0
2008,48,201,1,482130,1,6,1,1,3,2,1,2,1,2,1,2,1,2,2,2,2,2,2,2,2,2,2,2,2,2,1,1,1,2,2,0,0,0
2008,48,365,1,482131,1,6,1,2,1,2,5,2,1,2,2,2,1,2,2,2,1,2,2,2,3,2,2,2,2,1,2,2,2,2,2,0,0,0
2008,48,39,1,482132,1,6,1,2,1,2,5,2,2,1,1,2,3,1,2,1,1,2,1,2,3,2,2,2,2,1,2,2,2,2,2,0,0,0
2008,48,29,1,482133,1,6,1,2,1,1,5,1,4,1,1,2,2,1,2,2,2,2,2,2,3,1,1,1,1,2,2,1,2,2,2,0,0,0
2008,48,439,1,482134,1,6,2,1,1,2,1,2,1,2,1,1,1,2,2,2,1,2,2,2,3,2,2,2,2,2,2,2,2,2,2,0,0,0
2008,48,321,1,482135,1,6,1,2,4,2,6,2,1,2,2,2,1,2,1,1,2,2,2,2,3,2,2,2,2,2,2,2,1,2,2,0,0,0
2008,48,453,1,482136,1,6,2,1,4,2,1,2,1,2,2,2,1,2,2,2,2,2,1,2,1,2,2,2,2,2,2,2,1,2,2,0,0,0
2008,48,41,1,482137,1,6,1,2,4,2,3,2,1,2,2,2,2,2,2,2,2,2,1,2,3,1,1,1,1,2,2,1,1,1,2,0,0,0
2008,48,29,1,482138,1,6,2,2,1,1,6,1,4,2,1,2,2,2,1,1,2,2,2,2,3,2,2,2,2,2,2,2,2,1,2,0,0,0
2008,48,29,1,482139,1,6,1,2,1,2,6,2,1,2,1,2,1,1,2,2,1,2,2,2,3,2,2,2,2,2,2,2,2,2,2,0,0,0
2008,48,423,1,482140,1,6,1,2,4,2,3,2,1,2,1,2,1,2,1,1,2,2,2,2,1,2,2,2,2,2,2,2,1,2,2,0,0,0
2008,48,61,1,482141,1,6,2,2,2,2,4,2,1,2,1,1,1,2,2,1,2,1,2,2,3,2,2,2,2,2,2,2,2,2,2,0,0,0
2008,48,113,1,482143,1,6,2,2,2,2,3,2,1,1,2,2,1,2,2,2,2,2,2,2,2,2,2,2,2,2,1,1,1,2,2,0,0,0
2008,48,339,1,482144,1,6,2,1,1,2,1,2,2,2,2,2,2,2,2,1,2,2,1,2,3,1,1,1,1,2,2,1,2,2,2,0,0,0
2008,48,143,1,482145,1,6,1,2,4,2,5,2,1,1,2,2,1,2,2,1,2,2,1,2,1,2,2,2,2,2,2,2,1,2,2,0,0,0
2008,48,335,2,482146,1,6,1,1,1,1,1,1,4,1,2,2,2,2,1,1,2,2,2,2,1,2,2,2,2,2,2,2,2,2,2,0,0,0
2008,48,439,1,482147,1,6,2,2,1,2,2,2,1,1,1,2,1,2,2,2,2,2,2,2,3,2,2,2,2,2,2,2,2,2,2,0,0,0
2008,48,183,1,482148,1,6,2,2,1,1,4,1,1,2,1,2,1,2,2,2,2,1,2,2,3,2,2,2,2,1,2,2,2,2,2,0,0,0
2008,48,459,1,482149,1,6,1,2,2,2,6,2,1,2,2,2,1,2,1,1,2,2,2,2,1,2,2,2,2,2,2,2,1,2,2,0,0,0
2008,48,113,1,482150,1,6,2,2,4,2,6,2,1,2,2,2,1,2,2,2,2,2,2,2,2,2,2,2,2,2,2,2,1,2,2,0,0,0
2008,48,349,2,482151,1,6,2,2,1,2,3,3,4,2,2,2,2,2,2,2,2,2,2,2,3,2,2,2,2,2,1,1,2,2,2,0,0,0
2008,48,185,1,482152,1,6,1,2,1,2,3,2,4,1,1,2,2,2,2,2,2,2,1,2,1,2,2,2,2,2,2,2,2,2,1,0,0,0
2008,48,251,1,482153,1,6,1,2,4,2,5,2,1,2,1,2,1,2,2,2,2,2,1,1,1,2,2,2,2,2,2,2,1,2,2,0,0,0
2008,48,293,1,482154,1,6,1,2,4,2,5,2,1,1,1,2,1,2,2,2,2,2,1,2,2,2,2,2,2,1,2,2,1,2,2,0,0,0
2008,48,441,1,482155,1,6,1,1,1,2,1,2,3,2,1,2,2,2,2,1,2,2,2,2,3,1,1,1,1,2,2,1,1,1,2,0,0,0
2008,48,29,3,482156,1,6,1,2,1,1,3,1,4,1,1,2,2,1,2,2,2,2,2,2,3,2,2,2,2,2,2,2,2,1,2,0,0,0
2008,48,71,1,482157,1,6,1,1,2,2,1,2,1,1,1,2,1,2,2,2,2,2,1,2,2,2,2,2,2,2,2,2,1,2,2,0,0,0
2008,48,167,1,482158,1,6,2,2,1,2,3,2,1,2,2,2,1,2,2,2,1,2,2,2,3,2,2,2,2,1,2,2,2,2,2,0,0,0
2008,48,303,1,482159,1,6,2,2,1,1,6,1,4,1,1,2,2,2,2,2,2,2,2,2,3,1,1,1,1,2,1,1,2,2,2,0,0,0
2008,48,473,1,482160,1,6,1,2,1,1,3,1,4,1,1,2,2,1,2,2,2,2,2,2,3,1,1,1,1,1,2,1,2,2,2,0,0,0
2008,48,43,1,482161,1,6,1,2,4,2,5,2,1,2,2,2,1,2,2,1,2,2,2,2,2,2,2,2,2,2,1,1,1,2,2,0,0,0
2008,48,83,1,482162,1,6,1,2,1,2,5,2,1,2,2,2,1,2,2,1,2,2,1,2,3,2,2,2,2,2,1,1,1,2,2,0,0,0
2008,48,217,1,482163,1,6,1,2,4,2,5,2,1,2,2,2,1,2,2,1,2,2,2,2,3,2,2,2,2,2,2,2,1,2,2,0,0,0
2008,48,215,1,482164,1,6,1,2,1,1,5,1,1,1,1,1,1,2,2,2,2,1,2,2,3,2,2,2,2,2,2,2,2,2,2,0,0,0
2008,48,141,2,482165,1,6,1,1,1,2,1,2,1,2,1,2,1,2,2,2,2,2,1,2,2,2,2,2,2,1,2,2,1,2,2,0,0,0
2008,48,381,1,482166,1,6,2,1,1,2,1,2,3,1,1,2,3,2,2,2,2,2,2,2,3,1,1,1,1,1,2,1,1,2,2,0,0,0
2008,48,423,2,482167,1,6,1,1,1,2,1,2,4,2,1,2,3,1,2,1,2,2,2,2,3,2,2,2,2,2,2,2,2,2,1,0,0,0
2008,48,507,1,482168,1,6,1,2,1,2,4,2,2,1,1,2,2,2,2,2,2,2,1,1,3,2,2,2,2,2,2,2,2,2,2,0,0,0
2008,48,153,1,482169,1,6,1,2,4,2,4,2,1,2,1,2,1,2,2,1,2,2,1,2,1,2,2,2,2,2,2,2,1,2,2,0,0,0
2008,48,425,2,482170,1,6,1,2,1,2,3,2,2,1,1,2,2,1,2,2,2,2,2,2,3,2,2,2,2,2,2,2,1,2,2,0,0,0
2008,48,485,1,482171,1,6,2,2,4,1,6,1,1,2,1,2,1,2,2,1,2,2,1,2,2,2,2,2,2,2,1,1,2,2,2,0,0,0
2008,48,201,1,482172,1,6,2,2,4,2,2,2,1,1,2,2,1,2,2,1,2,2,2,2,2,2,2,2,2,2,2,2,1,2,2,0,0,0
2008,48,201,1,482173,1,6,3,3,4,2,7,3,1,2,1,2,1,2,1,2,2,2,2,2,2,2,2,1,1,2,2,1,1,2,2,0,0,0
2008,48,215,1,482174,1,6,2,2,3,2,4,2,1,1,1,2,2,2,2,1,2,2,2,2,3,1,1,1,1,2,2,1,1,2,2,0,0,0
2008,48,113,1,482175,1,6,2,2,4,2,6,2,1,1,1,2,1,2,2,1,2,2,1,2,1,2,2,2,2,2,2,2,1,2,2,0,0,0
2008,48,201,1,482176,1,6,2,2,1,1,6,1,4,2,2,2,2,2,2,2,2,2,2,2,3,2,2,2,2,2,2,2,2,2,2,0,0,0
2008,48,497,1,482177,1,6,1,2,4,1,3,1,1,1,1,2,1,2,2,1,2,2,2,2,2,2,2,2,2,1,2,2,1,2,2,0,0,0
2008,48,487,1,482178,1,6,2,2,1,2,3,2,4,1,1,2,2,2,2,2,2,2,1,2,3,2,2,2,2,1,2,2,2,2,2,0,0,0
2008,48,167,1,482179,1,6,2,2,1,1,2,1,7,2,2,1,2,2,1,2,2,2,2,2,3,1,1,1,1,2,2,1,2,1,2,0,0,0
2008,48,441,1,482180,1,6,2,2,2,1,6,1,1,2,1,2,1,2,1,2,2,2,2,2,1,2,2,2,2,2,2,2,2,2,2,0,0,0
2008,48,215,1,482181,1,6,1,2,1,2,5,2,1,2,1,1,1,2,2,2,1,2,2,2,3,2,2,2,2,2,1,1,2,2,2,0,0,0
2008,48,201,1,482182,1,6,2,2,4,2,6,2,1,2,2,2,1,2,2,1,2,2,2,2,1,2,2,2,2,2,1,1,1,2,2,0,0,0
2008,48,273,1,482183,1,6,1,2,1,2,5,2,1,2,1,2,1,2,2,1,2,1,2,2,3,2,2,2,2,2,1,1,2,1,2,0,0,0
2008,48,329,1,482184,1,6,2,2,1,1,3,1,4,2,1,2,2,2,1,1,2,2,2,2,3,2,2,2,2,2,2,2,2,2,2,0,0,0
2008,48,121,2,482185,1,6,2,2,1,2,3,2,3,2,1,2,3,2,2,2,2,2,2,2,3,1,1,1,1,1,1,1,1,2,2,0,0,0
2008,48,367,1,482186,1,6,1,1,3,2,1,2,1,2,1,2,2,2,2,1,2,2,1,2,3,2,2,2,2,2,2,2,1,2,2,0,0,0
2008,48,439,1,482187,1,6,2,1,4,2,1,2,1,2,1,2,1,2,2,2,2,2,1,2,1,2,2,2,2,2,2,2,1,2,2,0,0,0
2008,48,485,1,482188,1,6,2,2,1,2,6,2,1,2,1,1,1,2,2,2,2,1,2,2,3,2,2,2,2,2,2,2,2,1,2,0,0,0
2008,48,167,1,482189,1,6,2,1,4,2,1,2,1,1,1,2,1,2,2,1,2,2,1,2,1,2,2,2,2,2,2,2,1,2,2,0,0,0
2008,48,29,1,482190,1,6,2,2,1,2,3,2,1,1,1,1,2,2,2,2,1,2,2,2,3,2,2,2,2,2,2,2,2,2,2,0,0,0
2008,48,61,1,482191,1,6,2,2,1,2,4,2,1,2,2,2,1,2,2,2,1,2,2,2,3,2,2,2,2,2,2,2,2,2,2,0,0,0
2008,48,113,1,482192,1,6,2,2,1,2,6,3,4,2,2,1,2,2,1,1,2,2,2,2,3,2,2,1,1,2,2,1,2,2,2,0,0,0
2008,48,201,1,482193,1,6,2,2,1,2,6,2,1,2,2,2,1,2,2,2,1,2,2,2,3,2,2,2,2,2,2,2,2,2,2,0,0,0
2008,48,209,1,482194,1,6,1,1,1,2,1,2,4,2,2,2,2,2,2,1,2,2,1,2,2,2,2,1,1,2,2,1,2,2,2,0,0,0
2008,48,113,1,482195,1,6,2,2,1,2,6,2,3,2,2,2,3,2,2,2,2,2,2,2,1,2,2,2,2,2,1,1,2,2,2,0,0,0
2008,48,113,1,482196,1,6,2,2,1,1,6,1,4,2,2,2,2,2,2,1,2,2,2,2,3,1,1,1,1,2,2,1,2,2,2,0,0,0
2008,48,113,2,482197,1,6,2,2,4,2,6,2,1,2,2,2,1,2,2,2,1,2,2,2,1,2,2,2,2,2,2,2,1,1,2,0,0,0
2008,48,477,1,482198,1,6,2,2,1,2,2,3,3,2,2,2,2,1,2,2,2,2,2,2,1,2,2,2,2,2,1,1,2,2,2,0,0,0
2008,48,39,1,482199,1,6,1,2,4,2,6,2,1,2,2,2,1,2,1,1,2,2,2,2,3,2,2,2,2,2,2,2,1,2,2,0,0,0
2008,48,57,1,482200,1,6,1,2,1,2,3,2,3,2,2,2,2,2,2,2,2,2,2,2,1,2,2,2,2,2,2,2,1,2,1,0,0,0
2008,48,159,1,482201,1,6,1,2,4,2,5,2,1,2,2,2,1,2,2,2,2,2,1,2,1,2,2,2,2,2,2,2,1,2,2,0,0,0
2008,48,291,1,482202,1,6,1,2,2,2,4,2,4,2,2,2,2,2,2,2,2,2,1,2,1,2,2,2,2,2,2,2,1,2,2,0,0,0
2008,48,201,1,482204,1,6,2,2,1,2,2,2,1,2,2,1,2,2,2,2,1,2,2,2,3,2,2,2,2,2,2,2,2,2,2,0,0,0
2008,48,201,1,482205,1,6,2,2,1,2,6,2,1,1,1,2,1,2,2,2,2,1,2,2,3,2,2,2,2,2,1,1,2,1,2,0,0,0
2008,48,289,1,482206,1,6,1,2,4,2,3,2,1,2,2,2,1,2,2,2,2,2,2,2,2,2,2,2,2,2,2,2,1,2,2,0,0,0
2008,48,331,1,482207,1,6,1,2,4,2,5,2,1,1,1,2,1,2,2,2,2,2,2,2,3,1,1,1,1,2,2,1,1,2,2,0,0,0
2008,48,433,1,482208,1,6,1,2,4,2,5,2,1,1,1,2,1,2,2,2,2,2,1,2,3,2,2,2,2,1,2,2,1,2,2,0,0,0
2008,48,485,1,482209,1,6,2,1,1,1,1,1,4,1,1,2,2,2,2,2,2,2,2,2,3,2,2,2,2,2,2,2,2,2,2,0,0,0
2008,48,1,1,482210,1,6,1,2,1,2,4,2,3,1,1,2,2,2,2,2,2,2,2,2,3,2,2,2,2,2,2,2,1,2,1,0,0,0
2008,48,27,1,482211,1,6,2,1,1,1,1,1,4,1,1,2,3,1,2,2,2,2,2,2,3,2,2,2,2,1,2,2,2,2,2,0,0,0
2008,48,181,1,482212,1,6,1,2,1,2,3,2,1,2,1,2,1,2,2,2,2,2,1,2,3,2,2,2,2,2,2,2,1,1,2,0,0,0
2008,48,231,1,482213,1,6,1,2,4,2,6,2,1,2,1,2,1,2,2,1,2,2,1,2,2,1,2,1,2,2,2,2,1,1,2,0,0,0
2008,48,287,1,482214,1,6,1,2,1,2,4,2,4,1,1,2,2,1,2,2,2,2,2,2,3,2,2,2,2,1,2,2,2,2,2,0,0,0
2008,48,409,1,482215,1,6,1,2,4,2,6,2,1,1,1,2,1,2,2,2,2,2,1,2,3,2,2,2,2,2,2,2,1,1,2,0,0,0
2008,48,423,1,482216,1,6,1,2,1,1,5,1,4,1,1,1,2,2,2,2,2,2,2,2,3,2,2,2,2,1,1,1,2,2,2,0,0,0
2008,48,21,1,482217,1,6,1,2,1,1,5,1,4,1,1,2,2,1,2,2,2,2,1,2,3,2,2,2,2,2,2,2,2,1,2,0,0,0
2008,48,21,1,482218,1,6,1,2,1,2,5,2,1,1,1,2,1,2,2,1,2,2,1,2,3,2,2,2,2,2,2,2,1,2,2,0,0,0
2008,48,209,1,482219,1,6,2,1,1,2,1,2,2,2,1,2,2,2,2,2,2,2,2,2,3,1,1,1,1,2,2,1,2,2,2,0,0,0
2008,48,59,1,482220,1,6,1,2,1,2,4,2,3,2,1,2,2,1,2,2,2,2,2,2,3,1,1,1,1,2,2,1,1,2,2,0,0,0
2008,48,201,1,482221,1,6,2,2,4,2,2,2,1,1,1,2,1,2,2,2,2,2,2,2,2,2,2,2,2,2,2,2,1,2,2,0,0,0
2008,48,215,1,482222,1,6,2,2,4,2,2,2,1,1,1,2,1,2,2,2,2,2,1,2,3,2,2,2,2,2,2,2,1,2,2,0,0,0
2008,48,251,1,482223,1,6,1,2,4,2,5,2,1,1,1,2,1,2,2,1,2,2,1,2,3,2,2,2,2,2,2,2,1,1,2,0,0,0
2008,48,427,1,482224,1,6,1,2,1,1,4,1,4,2,1,2,2,2,2,2,2,2,2,2,3,1,1,1,1,2,2,1,2,2,2,0,0,0
2008,48,453,1,482225,1,6,1,2,1,2,5,2,4,1,1,2,2,2,2,1,2,2,1,2,1,1,1,1,1,2,2,1,1,2,2,0,0,0
2008,48,113,1,482226,1,6,2,1,1,2,1,2,1,2,2,2,1,2,2,2,1,2,2,2,3,2,2,2,2,2,2,2,2,2,2,0,0,0
2008,48,201,1,482227,1,6,1,2,1,2,6,2,1,2,1,2,1,2,2,2,1,2,2,2,3,2,2,2,2,2,2,2,2,2,2,0,0,0
2008,48,213,1,482228,1,6,1,2,4,2,3,2,1,1,1,2,1,1,2,2,2,2,2,2,1,2,2,2,2,2,2,2,1,2,2,0,0,0
2008,48,439,1,482229,1,6,2,2,1,2,3,2,1,2,1,1,1,2,2,1,1,2,2,2,3,2,2,2,2,2,2,2,2,2,1,0,0,0
2008,48,497,1,482230,1,6,1,2,1,2,3,2,2,1,1,2,2,2,2,1,2,2,2,2,3,2,2,2,2,2,2,2,2,2,2,0,0,0
2008,48,27,1,482231,1,6,2,2,1,2,6,2,1,2,2,2,1,2,2,2,1,2,2,2,3,2,2,2,2,2,1,1,2,2,2,0,0,0
2008,48,149,2,482232,1,6,1,1,4,2,1,2,1,1,2,2,1,2,2,1,2,2,1,2,2,2,2,2,2,2,2,2,1,2,2,0,0,0
2008,48,213,1,482233,1,6,1,2,1,2,5,3,4,1,2,2,2,2,1,2,2,2,2,2,3,2,2,2,2,1,2,2,2,1,2,0,0,0
2008,48,257,1,482234,1,6,1,1,4,2,1,3,1,2,2,2,1,2,1,1,2,2,2,2,1,2,2,2,2,2,2,2,1,2,2,0,0,0
2008,48,339,1,482235,1,6,1,2,1,2,3,3,4,1,2,2,2,2,1,2,2,2,2,2,1,2,2,2,2,2,2,2,2,2,2,0,0,0
2008,48,439,1,482236,1,6,2,1,1,2,1,3,1,2,2,2,1,2,2,2,1,2,2,2,3,2,2,2,2,2,2,2,2,2,2,0,0,0
2008,48,453,1,482237,1,6,1,2,1,2,5,2,3,2,2,2,2,2,2,2,2,2,2,2,1,2,2,2,2,2,2,2,1,2,2,0,0,0
2008,48,29,2,482238,1,6,2,1,1,2,1,2,2,2,2,2,2,2,2,1,2,2,1,2,1,2,2,2,2,2,2,2,2,1,2,0,0,0
2008,48,201,1,482239,1,6,1,2,1,2,6,2,2,2,2,1,2,2,1,1,2,2,2,2,1,2,2,2,2,2,2,2,2,2,2,0,0,0
2008,48,215,1,482240,1,6,2,2,4,2,4,2,1,1,2,2,1,2,2,2,2,2,1,2,1,2,2,2,2,2,1,1,1,2,1,0,0,0
2008,48,321,1,482241,1,6,1,2,4,2,6,2,1,2,2,2,1,2,2,1,2,2,1,2,1,2,2,2,2,2,2,2,1,1,2,0,0,0
2008,48,395,1,482242,1,6,1,2,1,2,3,2,4,1,2,2,2,2,2,2,2,2,2,2,3,2,2,1,1,2,2,1,1,2,2,0,0,0
2008,48,477,1,482243,1,6,1,2,1,2,3,2,4,1,2,2,2,2,2,1,2,2,1,2,3,2,2,2,2,2,1,1,1,2,2,0,0,0
2008,48,479,1,482244,1,6,2,2,1,2,6,2,1,2,2,1,1,2,2,2,1,2,2,2,3,2,2,2,2,2,2,2,2,2,2,0,0,0
2008,48,485,1,482245,1,6,2,1,1,1,1,1,4,2,2,2,2,2,2,2,2,2,2,2,3,1,1,1,1,1,2,1,2,1,2,0,0,0
2008,48,91,1,482246,1,6,1,2,4,2,6,2,1,1,1,2,1,2,2,1,2,2,1,2,3,2,2,2,2,2,2,2,1,2,2,0,0,0
2008,48,141,1,482247,1,6,2,2,4,2,6,2,1,1,1,2,1,2,2,2,2,2,2,2,2,2,2,2,2,2,2,2,1,2,2,0,0,0
2008,48,167,1,482248,1,6,2,2,1,2,2,2,1,1,1,2,1,2,1,1,2,2,2,2,2,2,2,2,2,2,2,2,2,2,2,0,0,0
2008,48,201,1,482249,1,6,2,2,1,2,2,2,5,2,2,1,2,2,2,1,2,2,1,2,2,2,2,2,2,2,2,2,2,2,2,0,0,0
2008,48,213,2,482250,1,6,1,2,4,2,5,2,1,1,1,2,1,2,2,1,2,2,2,2,3,1,1,1,1,2,2,1,1,2,2,0,0,0
2008,48,321,1,482251,1,6,1,2,4,2,6,2,1,2,1,2,1,2,2,1,2,2,1,2,1,2,2,2,2,2,2,2,1,2,2,0,0,0
2008,48,439,1,482252,1,6,2,2,1,2,2,2,4,2,2,2,2,2,1,2,2,2,2,2,3,2,2,2,2,2,2,2,2,1,2,0,0,0
2008,48,225,1,482253,1,6,1,2,1,2,4,2,1,2,1,2,1,2,2,2,1,2,2,2,1,2,2,2,2,2,2,2,2,2,2,0,0,0
2008,48,239,1,482254,1,6,1,2,1,1,4,1,4,1,1,2,2,1,2,2,2,2,2,2,3,2,2,2,2,2,2,2,2,2,2,0,0,0
2008,48,281,1,482255,1,6,1,2,4,2,5,2,1,2,1,2,1,2,2,1,2,2,1,2,1,1,1,1,1,2,2,1,1,2,2,0,0,0
2008,48,291,1,482256,1,6,1,2,4,2,4,2,1,1,1,2,1,2,2,2,2,2,1,2,2,2,2,2,2,2,1,1,1,2,2,0,0,0
2008,48,349,2,482257,1,6,2,2,1,2,3,3,4,2,1,2,2,2,2,2,2,2,2,2,3,2,2,2,2,1,1,1,2,1,2,0,0,0
2008,48,451,1,482258,1,6,2,2,4,2,2,2,1,2,1,2,1,2,2,1,2,2,1,2,3,1,1,1,1,2,2,1,1,2,2,0,0,0
2008,48,453,1,482259,1,6,2,2,4,2,6,2,1,2,1,2,1,2,2,2,2,2,1,2,1,2,2,2,2,2,2,2,1,2,2,0,0,0
2008,48,481,1,482260,1,6,1,2,4,2,5,2,1,2,1,2,1,2,2,1,2,2,1,2,1,2,2,2,2,2,2,2,1,2,2,0,0,0
2008,48,485,3,482261,1,6,1,2,1,2,5,2,4,2,1,2,2,2,2,2,2,2,1,2,1,1,1,1,1,2,2,1,2,2,2,0,0,0
2008,48,41,1,482262,1,6,3,3,1,1,7,1,4,1,1,2,2,2,2,2,2,2,2,2,3,1,1,1,1,2,2,1,2,1,2,0,0,0
2008,48,91,1,482263,1,6,1,2,4,2,6,2,1,1,1,2,1,2,2,2,2,2,2,2,2,1,1,1,1,2,2,1,1,2,2,0,0,0
2008,48,145,1,482264,1,6,1,2,1,2,4,2,4,1,1,2,2,2,2,1,2,2,2,2,3,2,2,2,2,2,2,2,1,2,2,0,0,0
2008,48,159,1,482265,1,6,1,2,4,2,5,2,1,2,1,2,1,2,2,1,2,2,1,2,3,1,1,1,1,2,2,1,1,2,2,0,0,0
2008,48,161,1,482266,1,6,1,2,1,2,4,2,4,1,1,2,3,2,2,1,2,2,1,2,3,2,2,2,2,2,1,1,1,2,2,0,0,0
2008,48,395,1,482267,1,6,1,2,1,2,3,3,4,1,1,2,3,1,2,2,2,2,1,2,3,2,2,2,2,1,2,2,2,2,2,0,0,0
2008,48,439,1,482268,1,6,2,1,1,2,1,2,4,2,1,2,2,2,2,2,2,2,2,2,1,1,1,1,1,2,1,1,2,2,2,0,0,0
2008,48,441,1,482269,1,6,1,1,1,2,1,2,2,1,1,2,2,1,1,2,2,2,2,2,3,2,2,2,2,2,2,2,2,2,2,0,0,0
2008,48,483,1,482270,1,6,1,2,4,2,4,2,1,1,1,2,1,2,2,1,2,2,2,2,3,2,2,2,2,2,1,1,1,2,2,0,0,0
2008,48,27,1,482271,1,6,1,2,1,2,3,2,3,2,1,2,2,2,2,2,2,2,1,2,3,2,2,2,2,2,1,1,2,2,2,0,0,0
2008,48,113,1,482272,1,6,2,1,1,1,1,1,4,2,1,2,3,2,2,1,2,2,1,2,1,2,2,2,2,2,1,1,2,2,2,0,0,0
2008,48,149,1,482273,1,6,1,2,4,2,5,2,1,2,1,2,1,2,2,1,2,2,1,2,3,2,2,2,2,2,2,2,1,2,2,0,0,0
2008,48,405,1,482274,1,6,1,2,1,2,3,2,4,1,1,2,3,1,2,1,2,2,2,2,3,2,2,1,1,2,2,1,1,2,2,0,0,0
2008,48,439,1,482275,1,6,2,2,1,2,3,2,2,2,1,2,2,2,1,1,2,2,2,2,1,2,2,2,2,2,2,2,2,2,2,0,0,0
2008,48,29,1,482276,1,6,2,1,4,2,1,2,1,2,2,2,2,2,2,2,2,2,2,2,3,2,2,2,2,2,2,2,1,2,2,0,0,0
2008,48,167,1,482277,1,6,2,2,1,2,2,2,3,2,2,2,2,2,2,1,2,2,2,2,1,2,2,2,2,2,2,2,1,2,2,0,0,0
2008,48,217,1,482278,1,6,1,1,1,2,1,2,3,1,1,2,2,2,2,1,2,2,2,2,3,2,2,1,1,2,2,1,1,2,2,0,0,0
2008,48,315,1,482279,1,6,1,2,1,1,5,1,4,1,1,2,2,2,1,2,2,2,2,2,3,2,2,2,2,1,2,2,2,2,2,0,0,0
2008,48,309,1,482280,1,6,2,2,1,2,3,2,2,1,1,2,2,2,1,1,2,2,2,2,3,2,2,2,2,2,2,2,2,2,2,0,0,0
2008,48,355,1,482281,1,6,2,2,1,1,6,1,4,2,2,2,2,2,1,1,2,2,2,2,3,2,2,2,2,2,1,1,2,2,2,0,0,0
2008,48,375,1,482282,1,6,2,2,1,1,6,1,4,1,1,2,2,2,1,1,2,2,2,2,3,2,2,2,2,2,2,2,2,2,2,0,0,0
2008,48,5,1,482283,1,6,1,2,4,2,5,2,1,1,2,2,1,2,2,2,2,2,2,2,3,2,2,2,2,1,2,2,1,2,2,0,0,0
2008,48,29,1,482284,1,6,2,2,4,2,2,3,1,2,2,2,1,2,1,1,2,2,2,2,1,2,2,2,2,2,2,2,2,2,2,0,0,0
2008,48,183,1,482285,1,6,1,2,4,2,6,2,1,2,2,2,1,2,1,1,2,2,2,2,1,2,2,2,2,2,2,2,1,2,2,0,0,0
2008,48,213,2,482286,1,6,1,2,1,2,5,2,3,1,2,2,3,2,1,2,2,2,2,2,3,1,1,1,1,2,2,1,1,2,2,0,0,0
2008,48,213,1,482287,1,6,1,2,1,2,5,2,1,2,2,2,1,2,2,2,1,2,2,2,1,2,2,2,2,2,2,2,2,2,2,0,0,0
2008,48,395,1,482288,1,6,1,2,4,2,3,2,1,1,2,2,1,2,2,2,2,2,1,2,3,1,1,1,1,2,2,1,1,2,1,0,0,0
2008,48,403,1,482289,1,6,1,2,4,2,5,2,1,2,2,2,1,2,2,1,2,2,2,2,3,2,2,1,1,2,2,1,1,2,2,0,0,0
2008,48,451,1,482290,1,6,2,2,1,2,6,2,1,1,2,2,1,2,2,2,1,2,2,2,3,2,2,2,2,2,2,2,2,1,2,0,0,0
2008,48,453,1,482291,1,6,2,2,1,2,3,2,1,2,2,1,1,2,2,2,1,2,2,2,3,2,2,2,2,2,2,2,2,2,2,0,0,0
2008,48,487,1,482292,1,6,1,2,1,2,5,2,2,1,2,2,2,2,1,2,2,2,2,2,3,2,2,2,2,2,1,1,2,2,2,0,0,0
2008,48,163,1,482293,1,6,1,2,4,2,5,2,1,1,2,2,1,2,2,1,2,2,2,2,3,2,2,2,2,2,2,2,1,2,1,0,0,0
2008,48,231,1,482294,1,6,1,1,3,2,1,2,1,2,2,2,1,2,2,2,2,2,1,2,1,2,2,2,2,2,1,1,1,2,2,0,0,0
2008,48,337,1,482295,1,6,1,2,4,2,3,2,1,1,2,2,1,2,1,1,2,2,2,2,2,2,2,2,2,2,2,2,1,2,2,0,0,0
2008,48,409,1,482296,1,6,2,2,3,2,4,2,1,2,2,2,1,2,2,1,2,2,1,2,1,2,2,2,2,2,2,2,1,2,2,0,0,0
2008,48,423,1,482297,1,6,1,2,4,2,5,3,1,2,2,1,1,2,2,1,2,2,1,2,3,2,2,2,2,2,2,2,1,1,2,0,0,0
2008,48,467,1,482298,1,6,1,2,4,2,6,2,1,2,2,2,1,2,1,1,2,2,2,2,3,2,2,2,2,2,2,2,1,2,2,0,0,0
2008,48,29,2,482299,1,6,2,2,1,2,2,2,3,2,2,2,2,2,2,1,2,2,2,2,3,2,2,2,2,2,2,2,2,2,2,0,0,0
2008,48,73,1,482300,1,6,1,2,1,2,5,2,1,2,1,2,1,2,2,2,1,2,2,2,2,1,1,1,1,2,2,1,2,2,2,0,0,0
2008,48,81,1,482301,1,6,1,2,4,2,4,2,1,1,1,2,1,2,2,2,2,2,1,2,3,2,2,2,2,2,2,2,1,2,1,0,0,0
2008,48,85,1,482302,1,6,2,2,4,2,4,2,1,2,1,2,1,2,2,2,2,2,2,2,2,2,2,2,2,2,2,2,1,2,2,0,0,0
2008,48,113,1,482303,1,6,2,2,4,2,3,2,1,2,2,1,1,2,2,1,2,2,1,2,1,2,2,2,2,2,1,1,1,2,2,0,0,0
2008,48,157,1,482304,1,6,1,2,4,2,4,2,1,1,1,2,1,2,2,1,2,2,2,2,2,2,2,2,2,2,2,2,1,2,2,0,0,0
2008,48,113,1,482305,1,6,2,1,1,2,1,2,2,1,1,2,3,2,2,1,2,2,2,2,3,2,2,2,2,2,2,2,2,1,2,0,0,0
2008,48,187,2,482306,1,6,1,1,1,2,1,2,4,2,2,2,2,1,2,1,2,2,2,2,3,2,2,2,2,2,2,2,2,1,2,0,0,0
2008,48,251,1,482307,1,6,2,2,1,2,3,2,2,1,1,2,2,1,2,1,2,2,2,2,3,2,2,2,2,2,1,1,1,2,2,0,0,0
2008,48,113,1,482308,1,6,2,2,1,2,3,2,1,2,1,1,1,2,2,2,1,2,2,2,3,2,2,1,1,2,2,1,2,2,2,0,0,0
2008,48,201,2,482309,1,6,1,2,4,2,6,2,1,2,1,2,1,2,2,1,2,2,2,2,1,2,2,1,1,2,2,1,1,2,2,0,0,0
2008,48,439,1,482310,1,6,3,3,1,2,7,2,5,2,1,2,3,2,2,1,2,2,2,2,3,2,2,2,2,2,1,1,2,2,2,0,0,0
2008,48,471,1,482311,1,6,1,2,1,2,5,2,2,2,1,2,2,2,2,1,2,2,1,2,3,2,2,2,2,2,2,2,2,2,2,0,0,0
2008,48,497,1,482312,1,6,1,2,1,2,5,2,5,1,1,2,3,1,2,2,2,2,2,2,1,2,2,2,2,2,2,2,2,2,2,0,0,0
2008,48,85,1,482313,1,6,1,2,1,2,4,2,4,1,1,2,2,2,2,2,2,2,2,2,3,1,1,1,1,1,2,1,1,2,2,0,0,0
2008,48,245,1,482314,1,6,2,2,1,2,6,2,1,2,1,2,1,2,1,2,2,2,2,2,3,1,1,1,1,2,2,1,2,1,2,0,0,0
2008,48,339,1,482315,1,6,1,2,1,2,5,3,4,1,1,2,2,2,2,2,2,2,2,2,1,2,2,2,2,2,2,2,2,2,2,0,0,0
2008,48,339,1,482316,1,6,1,2,1,1,6,1,2,2,1,2,2,2,2,2,2,2,2,2,3,2,2,2,2,2,1,1,2,2,2,0,0,0
2008,48,441,1,482317,1,6,1,2,4,2,3,2,1,2,1,2,1,2,2,1,2,2,1,2,1,2,2,2,2,2,2,2,1,2,2,0,0,0
2008,48,481,1,482318,1,6,1,2,1,2,3,2,2,1,1,2,3,1,2,1,2,2,2,2,3,2,2,1,1,2,1,1,2,2,2,0,0,0
2008,48,141,1,482319,1,6,2,1,1,2,1,2,1,2,1,2,1,2,2,2,1,2,2,2,3,2,2,2,2,2,1,1,2,2,2,0,0,0
2008,48,339,1,482320,1,6,2,2,1,1,3,1,4,1,1,2,2,1,2,2,2,2,2,2,3,2,2,1,1,2,2,1,2,2,2,0,0,0
2008,48,453,1,482321,1,6,2,2,1,2,2,2,5,1,1,2,3,2,2,2,2,2,2,2,3,1,1,1,1,1,2,1,1,1,2,0,0,0
2008,48,479,1,482322,1,6,2,2,4,2,6,2,1,2,1,2,1,2,2,1,2,2,1,2,2,1,1,1,1,2,2,1,1,2,2,0,0,0
2008,48,501,1,482323,1,6,1,2,4,2,5,2,1,1,1,2,1,2,2,1,2,2,1,2,2,2,2,2,2,2,1,1,1,2,2,0,0,0
2008,48,21,1,482324,1,6,1,2,4,2,6,2,1,2,1,2,1,2,2,2,2,2,1,2,1,1,1,1,1,2,2,1,1,2,2,0,0,0
2008,48,201,1,482325,1,6,1,2,4,2,6,2,1,2,2,2,1,2,2,2,2,2,2,2,2,2,2,2,2,2,2,2,1,2,2,0,0,0
2008,48,167,1,482326,1,6,2,2,1,1,3,1,1,2,2,2,1,2,2,2,1,2,2,2,3,2,2,2,2,2,2,2,2,2,2,0,0,0
2008,48,191,1,482327,1,6,1,2,4,2,5,2,1,1,1,2,1,2,2,1,2,2,1,2,3,2,2,2,2,2,2,2,1,2,2,0,0,0
2008,48,201,1,482328,1,6,1,2,1,2,3,2,1,2,2,2,1,2,2,2,1,2,2,2,3,2,2,1,1,2,2,1,2,2,2,0,0,0
2008,48,217,1,482329,1,6,2,1,1,2,1,2,1,2,2,2,1,1,2,2,1,2,2,2,3,2,2,2,2,2,2,2,2,2,2,0,0,0
2008,48,341,1,482330,1,6,2,2,4,1,5,1,1,2,2,2,1,2,2,1,2,2,1,2,1,2,2,2,2,2,1,1,2,2,2,0,0,0
2008,48,453,1,482331,1,6,2,2,1,1,3,1,4,1,1,2,2,2,1,2,2,2,2,2,3,2,2,2,2,2,2,2,2,2,2,0,0,0
2008,48,129,1,482332,1,6,1,2,1,1,3,1,4,1,2,2,2,1,2,2,2,2,2,2,3,2,2,2,2,1,2,2,2,2,2,0,0,0
2008,48,141,1,482333,1,6,2,2,4,2,6,2,1,2,2,2,1,2,2,1,2,2,1,2,1,1,1,1,1,2,2,1,1,2,2,0,0,0
2008,48,367,1,482334,1,6,1,1,4,2,1,2,1,1,2,2,1,2,2,2,2,2,1,2,3,2,2,2,2,2,2,2,1,1,2,0,0,0
2008,48,411,1,482335,1,6,1,2,4,2,5,2,1,1,2,2,1,2,1,2,2,2,2,2,2,2,2,2,2,2,2,2,1,2,1,0,0,0
2008,48,423,1,482336,1,6,2,2,1,1,3,1,4,1,2,2,2,2,1,2,2,2,2,2,1,2,2,1,1,2,2,1,2,2,2,0,0,0
2008,48,29,1,482337,1,6,1,2,4,2,4,2,1,1,2,2,1,2,1,2,2,2,2,2,2,2,2,2,2,2,1,1,2,2,2,0,0,0
2008,48,113,1,482338,1,6,2,2,1,2,3,2,5,1,2,2,2,2,1,2,2,2,2,2,3,2,2,2,2,2,1,1,2,2,2,0,0,0
2008,48,121,2,482339,1,6,2,2,3,2,4,2,1,2,2,2,1,2,2,1,2,2,1,2,3,2,2,2,2,2,2,2,1,2,2,0,0,0
2008,48,179,1,482340,1,6,1,2,4,2,5,2,1,2,2,2,1,2,2,1,2,2,1,2,1,2,2,2,2,2,2,2,1,2,2,0,0,0
2008,48,183,1,482341,1,6,2,2,2,2,3,2,1,2,2,2,1,2,2,1,2,2,1,2,3,1,1,1,1,2,2,1,1,2,2,0,0,0
2008,48,199,1,482342,1,6,1,2,4,2,3,2,1,2,2,2,1,2,2,1,2,2,2,2,3,2,2,2,2,2,2,2,1,2,2,0,0,0
2008,48,293,2,482343,1,6,1,2,1,2,4,2,4,1,2,2,2,2,2,2,2,2,2,2,3,1,1,1,1,2,2,1,1,2,2,0,0,0
2008,48,339,1,482344,1,6,2,2,2,2,3,2,1,2,2,1,1,2,2,2,1,2,2,2,1,2,2,2,2,2,2,2,1,2,2,0,0,0
2008,48,453,1,482346,1,6,2,2,1,1,6,1,4,2,2,1,2,2,2,2,2,2,2,2,3,1,1,1,1,2,1,1,2,2,2,0,0,0
2008,48,183,1,482347,1,6,2,1,3,2,1,3,1,1,1,2,1,2,2,2,2,2,1,2,2,2,2,2,2,2,1,1,1,2,1,0,0,0
2008,48,201,1,482348,1,6,1,2,1,2,6,2,5,1,1,2,3,1,2,2,2,2,2,2,3,2,2,2,2,2,2,2,1,2,2,0,0,0
2008,48,361,1,482349,1,6,1,2,1,2,5,2,3,1,1,2,2,1,2,2,2,2,2,2,3,2,2,2,2,2,2,2,2,2,2,0,0,0
2008,48,409,1,482350,1,6,1,2,4,2,4,2,1,1,1,2,1,2,2,2,2,2,1,2,3,2,2,2,2,2,2,2,1,1,1,0,0,0
2008,48,367,1,482351,1,6,1,2,1,2,5,2,3,2,1,2,2,1,2,2,2,2,2,2,1,2,2,2,2,2,2,2,1,2,2,0,0,0
2008,48,409,1,482352,1,6,1,2,4,2,5,2,1,2,1,2,1,2,2,2,2,2,1,2,1,2,2,2,2,2,2,2,1,2,2,0,0,0
2008,48,439,1,482353,1,6,2,2,2,2,2,2,1,2,1,2,1,2,2,2,2,2,2,2,3,2,2,2,2,2,1,1,1,2,2,0,0,0
2008,48,497,1,482354,1,6,1,2,4,2,6,2,1,1,1,2,1,2,2,2,2,2,1,2,2,2,2,2,2,2,2,2,1,2,2,0,0,0
2008,48,1,1,482355,1,6,1,2,4,2,4,2,3,2,1,2,2,1,2,2,2,2,2,2,3,2,2,2,2,2,1,1,1,2,1,0,0,0
2008,48,375,1,482356,1,6,2,2,1,2,6,2,1,2,1,2,1,2,2,2,1,2,2,2,3,2,2,2,2,2,1,1,2,2,2,0,0,0
2008,48,403,2,482357,1,6,1,2,1,2,3,2,3,1,1,2,2,2,2,2,2,2,1,2,3,2,2,2,2,2,2,2,1,2,1,0,0,0
2008,48,293,1,482358,1,6,1,2,1,2,4,2,1,1,1,2,1,2,1,2,2,2,2,2,2,2,2,2,2,2,2,2,2,2,2,0,0,0
2008,48,373,1,482359,1,6,1,2,4,2,4,2,1,1,1,2,1,2,2,2,2,2,1,2,3,2,2,2,2,2,2,2,1,2,2,0,0,0
2008,48,29,1,482360,1,6,2,1,1,2,1,2,1,2,2,2,1,2,2,2,1,2,2,2,3,1,1,1,1,2,2,1,2,2,2,0,0,0
2008,48,39,1,482361,1,6,1,2,4,2,3,2,1,2,1,2,1,2,2,1,2,2,1,2,3,2,2,2,2,2,2,2,1,2,2,0,0,0
2008,48,39,1,482362,1,6,1,2,4,2,6,2,1,1,1,2,1,2,2,2,2,2,2,2,3,2,2,2,2,2,2,2,1,2,2,0,0,0
2008,48,85,1,482363,1,6,2,2,3,2,6,2,1,1,1,2,3,2,2,2,2,2,2,2,3,2,2,2,2,2,2,2,1,2,2,0,0,0
2008,48,199,1,482364,1,6,1,2,1,1,5,1,4,1,1,2,2,2,1,2,2,2,2,2,3,2,2,2,2,1,2,2,2,2,2,0,0,0
2008,48,245,1,482365,1,6,2,2,1,2,3,2,1,2,2,2,1,2,2,2,1,2,2,2,3,2,2,2,2,1,2,2,2,2,2,0,0,0
2008,48,287,1,482366,1,6,1,2,1,1,5,1,4,1,1,2,2,2,1,2,2,2,2,2,3,1,1,1,1,2,2,1,2,2,2,0,0,0
2008,48,291,1,482367,1,6,1,2,1,2,5,2,3,1,1,2,2,2,2,2,2,2,2,2,1,1,1,1,1,2,1,1,1,2,2,0,0,0
2008,48,365,1,482368,1,6,1,2,1,2,3,2,2,1,1,2,3,2,2,1,2,2,1,2,1,2,2,2,2,2,2,2,1,2,2,0,0,0
2008,48,439,1,482369,1,6,2,2,1,2,3,2,2,2,1,2,2,2,2,1,2,2,1,2,1,2,2,2,2,2,2,2,2,2,2,0,0,0
2008,48,439,1,482370,1,6,3,3,4,2,7,2,1,2,2,2,1,2,2,1,2,2,1,2,3,2,2,2,2,2,1,1,1,2,2,0,0,0
2008,48,471,1,482371,1,6,2,1,1,2,1,2,1,1,1,2,1,2,2,2,1,2,2,2,2,2,2,2,2,2,2,2,2,2,2,0,0,0
2008,48,9,2,482372,1,6,1,2,1,2,4,2,5,1,2,2,3,2,2,2,2,2,1,2,3,2,2,2,2,1,2,2,1,2,2,0,0,0
2008,48,29,3,482373,1,6,2,2,1,2,3,2,3,2,2,2,2,2,2,1,2,2,2,2,1,2,2,2,2,2,1,1,1,2,2,0,0,0
2008,48,225,1,482374,1,6,1,2,4,2,4,2,1,1,2,2,1,2,2,2,2,2,2,2,3,2,2,2,2,1,2,2,1,2,1,0,0,0
2008,48,329,1,482375,1,6,2,2,1,1,6,1,4,2,2,1,2,2,2,1,2,2,1,2,3,1,1,1,1,2,1,1,2,2,2,0,0,0
2008,48,453,1,482376,1,6,2,2,1,2,3,2,1,2,2,2,1,2,2,2,1,2,2,2,3,2,2,2,2,2,2,2,2,2,2,0,0,0
2008,48,29,1,482377,1,6,1,2,4,1,4,1,1,2,2,2,1,2,2,1,2,2,1,2,3,2,2,2,2,2,1,1,2,2,2,0,0,0
2008,48,141,1,482379,1,6,2,2,1,1,6,1,1,2,2,2,1,2,2,2,1,2,2,2,3,2,2,2,2,2,2,2,2,2,2,0,0,0
2008,48,201,1,482380,1,6,1,2,1,2,6,2,1,2,2,2,1,2,2,2,1,2,2,2,3,2,2,2,2,2,2,2,2,2,2,0,0,0
2008,48,491,1,482381,1,6,2,1,4,2,1,3,1,2,2,2,1,2,2,1,2,2,1,2,2,2,2,2,2,2,2,2,1,2,2,0,0,0
2008,48,19,4,482382,1,6,1,2,4,2,4,2,1,2,1,2,1,2,2,1,2,2,1,2,1,2,2,2,2,2,1,1,1,2,2,0,0,0
2008,48,29,1,482383,1,6,2,1,1,2,1,2,1,2,2,2,1,2,1,2,2,2,2,2,1,2,2,2,2,2,2,2,2,1,2,0,0,0
2008,48,135,1,482384,1,6,2,2,1,1,6,1,1,2,1,2,1,2,2,2,2,1,2,2,3,2,2,2,2,2,2,2,2,2,2,0,0,0
2008,48,453,1,482385,1,6,2,2,1,1,6,1,1,2,1,2,2,2,1,1,1,2,2,2,1,2,2,2,2,2,2,2,2,1,2,0,0,0
2008,48,361,1,482386,1,6,2,2,1,2,6,3,4,1,1,2,2,2,1,2,2,2,2,2,3,2,2,2,2,2,2,2,2,2,2,0,0,0
2008,48,179,1,482387,1,6,1,2,4,2,3,2,1,1,1,2,1,2,2,2,2,2,1,2,2,2,2,2,2,2,2,2,1,2,1,0,0,0
2008,48,201,1,482388,1,6,2,2,4,1,3,1,1,2,1,2,1,2,2,1,2,2,2,2,3,2,2,2,2,2,2,2,2,2,2,0,0,0
2008,48,39,1,482389,1,6,1,2,4,2,4,2,1,2,1,2,1,2,1,1,2,2,2,2,1,2,2,2,2,2,2,2,1,2,2,0,0,0
2008,48,167,2,482390,1,6,2,2,1,1,4,1,2,2,2,2,2,2,2,1,2,2,2,2,1,2,2,2,2,2,2,2,2,1,2,0,0,0
2008,48,141,1,482391,1,6,2,2,4,2,4,2,1,2,2,2,1,2,2,1,2,2,2,2,1,2,2,2,2,2,2,2,1,2,2,0,0,0
2008,48,309,1,482392,1,6,2,2,1,1,6,1,4,1,2,2,3,2,1,1,2,2,2,2,3,1,1,1,1,2,1,1,2,2,2,0,0,0
2008,48,201,1,482393,1,6,2,2,3,2,6,2,1,2,2,2,2,2,1,1,2,2,2,2,1,2,2,2,2,2,1,1,1,2,2,0,0,0
2008,48,375,1,482394,1,6,2,2,4,2,3,3,1,2,2,1,1,2,2,2,2,2,1,2,3,1,1,1,1,2,2,1,1,2,2,0,0,0
2008,48,441,1,482395,1,6,2,2,1,2,6,2,2,1,1,2,2,2,2,1,2,2,2,2,3,2,2,2,2,2,1,1,2,2,2,0,0,0
2008,48,113,1,482396,1,6,3,3,1,1,7,1,2,1,1,2,3,2,2,2,2,2,2,2,3,2,2,2,2,1,2,2,2,1,2,0,0,0
2008,48,201,1,482397,1,6,2,2,1,2,6,2,1,2,2,2,1,2,2,2,1,2,2,2,3,2,2,2,2,2,2,2,2,2,2,0,0,0
2008,48,31,1,482398,1,6,1,2,1,2,4,2,2,1,1,2,2,2,2,1,2,2,1,2,3,2,2,2,2,1,2,2,1,2,2,0,0,0
2008,48,113,1,482399,1,6,2,2,3,1,6,1,1,1,1,2,1,2,1,2,2,2,2,2,3,2,2,2,2,2,2,2,2,2,2,0,0,0
2008,48,77,2,482400,1,6,1,2,1,2,3,2,4,2,2,2,2,2,2,2,2,2,2,2,3,2,2,2,2,2,1,1,1,1,2,0,0,0
2008,48,113,1,482401,1,6,3,3,2,2,7,2,1,2,1,2,1,2,1,1,2,2,2,2,1,2,2,2,2,2,1,1,1,2,2,0,0,0
2008,48,113,1,482402,1,6,2,1,1,2,1,2,1,2,2,1,2,2,2,2,1,2,2,2,3,2,2,2,2,2,2,2,2,2,2,0,0,0
2008,48,303,1,482403,1,6,2,2,1,1,3,1,4,1,2,2,2,2,1,1,2,2,2,2,3,1,1,1,1,2,2,1,2,2,2,0,0,0
2008,48,381,2,482404,1,6,2,1,4,2,1,3,1,2,2,1,1,2,2,1,2,2,1,2,1,2,2,2,2,2,2,2,1,2,2,0,0,0
2008,48,113,1,482405,1,6,2,2,1,1,6,1,4,1,1,2,3,2,2,2,2,2,2,2,3,2,2,2,2,2,2,2,2,1,2,0,0,0
2008,48,303,2,482406,1,6,2,2,1,2,2,2,4,2,2,2,3,2,2,2,2,2,2,2,3,2,2,2,2,1,1,1,1,2,2,0,0,0
2008,48,465,1,482407,1,6,1,2,4,2,5,2,1,1,2,2,1,2,2,1,2,2,1,2,3,2,2,2,2,2,1,1,1,2,2,0,0,0
2008,48,201,1,482408,1,6,2,2,1,1,3,1,1,1,1,2,1,2,2,2,1,2,2,2,3,2,2,2,2,1,2,2,2,2,2,0,0,0
2008,48,201,2,482409,1,6,2,2,1,2,2,2,3,2,2,2,3,2,2,2,2,2,1,2,1,2,2,2,2,2,1,1,2,2,2,0,0,0
2008,48,187,1,482410,1,6,2,1,1,1,1,1,4,2,1,2,2,2,2,1,2,2,2,2,3,1,1,1,1,2,2,1,2,1,2,0,0,0
2008,48,439,1,482411,1,6,2,2,4,2,6,2,1,2,2,2,1,2,2,1,2,2,2,2,1,2,2,2,2,2,2,2,1,2,2,0,0,0
2008,48,439,1,482412,1,6,2,2,1,2,6,2,1,1,2,2,1,2,2,2,2,2,2,2,3,2,2,2,2,2,2,2,2,2,2,0,0,0
2008,48,303,1,482413,1,6,2,2,1,2,2,2,1,2,1,2,1,2,2,2,1,2,2,2,3,2,2,2,2,2,2,2,2,2,2,0,0,0
2008,48,479,1,482414,1,6,2,1,1,2,1,2,1,2,1,2,1,2,2,2,1,2,2,1,3,2,2,1,1,2,2,1,2,2,2,0,0,0
2008,48,201,1,482415,1,6,2,2,4,2,6,2,1,2,2,1,1,2,2,2,1,2,2,2,3,2,2,2,2,2,2,2,1,2,2,0,0,0
2008,48,479,1,482416,1,6,1,2,1,2,3,2,4,2,2,2,2,2,1,2,2,2,2,2,1,2,2,2,2,2,2,2,1,2,2,0,0,0
2008,48,201,1,482417,1,6,3,3,3,2,7,2,1,2,2,2,1,2,2,1,2,2,1,2,3,2,2,2,2,2,1,1,1,2,2,0,0,0
2008,48,395,4,482418,1,6,1,2,1,2,5,2,5,1,1,2,3,1,2,2,2,2,2,2,3,2,2,2,2,2,1,1,2,1,2,0,0,0
2008,48,181,1,482419,1,6,2,2,3,2,2,2,1,1,2,2,1,2,2,2,2,2,1,2,3,2,2,2,2,1,2,2,1,1,2,0,0,0
2008,48,135,1,482420,1,6,1,2,1,1,5,1,4,1,1,2,2,2,2,2,2,2,2,2,3,2,2,2,2,2,2,2,2,2,2,0,0,0
2008,48,141,1,482421,1,6,2,2,1,2,6,2,3,1,2,2,2,2,2,1,2,2,2,2,3,2,2,2,2,1,1,1,1,2,2,0,0,0
2008,48,329,1,482422,1,6,1,2,4,2,4,2,1,1,1,2,1,2,2,2,2,2,1,2,3,2,2,2,2,1,2,2,1,2,2,0,0,0
2008,48,329,1,482423,1,6,1,2,4,2,6,2,1,1,2,2,1,2,2,2,2,2,1,2,2,2,2,2,2,2,1,1,1,2,2,0,0,0
2008,48,339,1,482424,1,6,1,2,1,1,3,1,4,1,2,2,3,2,1,2,2,2,2,2,1,2,2,2,2,1,2,2,2,2,2,0,0,0
2008,48,439,1,482425,1,6,2,2,1,1,3,1,4,1,1,2,2,1,2,2,2,2,2,2,3,2,2,2,2,2,2,2,2,2,2,0,0,0
2008,48,39,1,482426,1,6,2,2,4,2,2,2,1,2,2,2,1,2,2,2,2,2,1,2,3,2,2,2,2,2,2,2,1,2,2,0,0,0
2008,48,141,1,482427,1,6,2,2,2,2,6,2,1,2,2,2,1,2,1,2,2,2,2,2,1,2,2,2,2,1,2,2,1,2,2,0,0,0
2008,48,215,1,482428,1,6,1,2,1,2,4,2,4,1,2,2,2,2,1,1,2,2,2,2,1,2,2,2,2,2,1,1,2,2,2,0,0,0
2008,48,229,2,482430,1,6,1,2,4,2,5,2,1,1,2,2,1,2,2,1,2,2,1,2,3,1,1,1,1,2,2,1,1,2,2,0,0,0
2008,48,493,1,482431,1,6,1,2,4,2,6,2,1,2,2,2,1,2,2,1,2,2,1,2,3,2,2,2,2,2,2,2,1,2,2,0,0,0
2008,48,329,1,482432,1,6,1,2,1,2,6,2,1,2,1,2,1,2,1,2,2,2,2,2,2,2,2,2,2,2,2,2,2,2,2,0,0,0
2008,48,121,1,482433,1,6,1,2,1,2,3,2,5,2,1,2,2,1,2,2,2,2,2,2,3,2,2,2,2,2,2,2,1,2,2,0,0,0
2008,48,173,1,482434,1,6,1,2,4,2,6,2,1,2,2,2,1,2,2,1,2,2,1,2,3,2,2,2,2,2,1,1,1,2,2,0,0,0
2008,48,451,1,482435,1,6,1,2,1,1,4,1,4,2,2,2,3,2,2,2,2,2,1,2,3,2,2,2,2,2,1,1,2,1,2,0,0,0
2008,48,61,1,482436,1,6,1,2,1,2,5,2,3,2,2,2,3,2,2,1,2,2,1,2,1,1,1,1,1,2,1,1,1,2,2,0,0,0
2008,48,117,2,482437,1,6,2,2,1,2,6,3,1,2,2,2,1,2,2,2,2,2,2,2,1,2,2,2,2,2,1,1,2,2,2,0,0,0
2008,48,303,1,482438,1,6,2,2,1,1,3,1,4,2,2,2,2,2,2,1,2,2,2,2,1,2,2,2,2,2,1,1,2,2,2,0,0,0
2008,48,39,1,482439,1,6,1,2,4,2,6,2,1,1,1,2,1,2,2,1,2,2,2,2,1,2,2,2,2,2,2,2,1,2,2,0,0,0
2008,48,113,1,482440,1,6,2,2,3,2,3,2,1,2,2,2,1,2,2,2,2,2,2,2,1,2,2,2,2,2,2,2,1,2,2,0,0,0
2008,48,215,1,482441,1,6,1,2,3,2,3,2,1,1,1,2,1,2,2,1,2,2,2,2,3,2,2,2,2,2,2,2,1,2,2,0,0,0
2008,48,73,1,482442,1,6,1,2,1,2,5,2,4,1,1,2,2,2,2,2,2,2,2,2,3,2,2,2,2,2,2,2,1,2,2,0,0,0
2008,48,113,1,482443,1,6,2,2,1,2,6,2,3,1,1,2,2,2,2,1,2,2,2,2,3,2,2,2,2,2,2,2,1,1,2,0,0,0
2008,48,37,1,482444,1,6,1,2,1,2,5,2,6,1,1,2,2,2,2,1,2,2,2,2,2,1,1,1,1,2,2,1,1,1,2,0,0,0
2008,48,55,1,482445,1,6,1,2,1,2,5,2,1,1,1,2,1,2,2,2,1,2,2,2,3,2,2,2,2,2,2,2,2,2,2,0,0,0
2008,48,111,1,482446,1,6,1,2,1,2,6,3,1,1,1,2,1,1,2,2,2,2,2,2,3,2,2,2,2,1,2,2,2,2,2,0,0,0
2008,48,5,2,482447,1,6,1,2,4,2,5,2,1,2,1,2,1,2,2,1,2,2,2,2,1,1,1,1,1,2,2,1,1,2,2,0,0,0
2008,48,441,1,482448,1,6,1,2,1,2,4,2,1,1,1,2,1,2,2,1,2,2,2,2,3,2,2,2,2,2,1,1,2,2,2,0,0,0
2008,48,259,1,482449,1,6,1,1,3,2,1,2,1,3,2,2,1,2,2,2,2,2,1,2,1,2,2,2,2,2,2,2,1,2,1,0,0,0
2008,48,61,3,482450,1,6,1,2,1,2,5,2,4,2,2,2,2,2,2,2,2,2,2,2,1,2,2,2,2,2,1,1,1,2,2,0,0,0
2008,48,201,1,482451,1,6,2,2,1,1,6,1,4,2,1,2,2,2,2,2,2,2,2,2,3,1,1,1,1,2,2,1,2,2,2,0,0,0
2008,48,201,1,482452,1,6,2,2,1,1,6,1,4,1,2,2,2,2,2,2,2,2,2,2,1,2,2,2,2,1,2,2,2,2,2,0,0,0
2008,48,157,1,482453,1,6,2,2,1,2,2,2,4,2,2,2,2,2,2,2,2,2,2,2,3,2,2,2,2,2,1,1,2,2,2,0,0,0
2008,48,201,1,482454,1,6,2,1,1,2,1,2,2,2,1,2,2,2,1,1,2,2,2,1,1,2,2,2,2,2,1,1,2,2,2,0,0,0
2008,48,201,1,482455,1,6,2,1,4,2,1,2,1,2,2,2,1,2,2,2,2,2,2,2,1,2,2,2,2,2,2,2,1,2,2,0,0,0
2008,48,439,1,482456,1,6,2,1,1,2,1,2,1,2,2,2,2,2,2,2,1,2,2,2,3,2,2,2,2,2,2,2,2,2,2,0,0,0
2008,48,411,1,482457,1,6,1,2,4,2,5,2,1,1,1,2,1,2,2,2,2,2,2,2,2,2,2,1,1,2,2,1,1,1,2,0,0,0
2008,48,215,1,482458,1,6,2,2,1,2,2,2,2,2,1,2,2,2,2,1,2,2,1,2,1,2,2,2,2,2,2,2,2,2,2,0,0,0
2008,48,229,1,482459,1,6,1,1,1,2,1,2,1,1,1,2,1,2,2,2,2,2,1,2,3,2,2,2,2,2,2,2,2,2,2,0,0,0
2008,48,291,1,482460,1,6,1,2,1,2,5,2,1,2,1,2,1,2,2,2,1,2,2,2,3,2,2,2,2,2,2,2,2,2,2,0,0,0
2008,48,141,1,482461,1,6,2,1,4,2,1,2,1,2,2,2,1,2,2,1,2,2,1,2,3,2,2,2,2,2,1,1,1,1,2,0,0,0
2008,48,221,1,482462,1,6,2,2,4,1,6,1,1,2,2,2,1,2,2,1,2,2,2,2,3,2,2,2,2,2,2,2,2,2,2,0,0,0
2008,48,339,1,482463,1,6,1,2,4,2,3,2,1,1,1,2,1,2,2,2,2,2,2,2,3,2,2,2,2,2,2,2,1,2,1,0,0,0
2008,48,121,1,482464,1,6,2,1,2,1,1,1,1,1,1,2,1,2,2,1,1,2,2,2,3,1,1,1,1,2,2,1,2,2,2,0,0,0
2008,48,507,2,482465,1,6,1,2,4,2,5,2,1,2,1,2,1,2,2,1,2,2,1,2,3,2,2,2,2,2,1,1,1,2,2,0,0,0
2008,48,71,1,482466,1,6,1,1,1,2,1,2,1,2,2,1,1,2,2,2,1,2,2,2,3,2,2,2,2,2,2,2,2,2,2,0,0,0
2008,48,73,1,482467,1,6,1,2,4,2,6,2,1,2,2,2,1,2,2,1,2,2,2,2,1,2,2,2,2,2,2,2,1,2,2,0,0,0
2008,48,85,1,482468,1,6,2,2,1,2,2,2,1,2,2,2,1,2,1,2,2,2,2,2,1,2,2,2,2,2,2,2,1,2,2,0,0,0
2008,48,113,1,482469,1,6,2,2,4,2,6,2,1,2,2,2,1,2,1,2,2,2,2,2,2,1,1,1,1,2,2,1,1,2,2,0,0,0
2008,48,251,1,482470,1,6,1,2,4,2,6,2,1,2,2,2,1,2,2,1,2,2,1,2,2,1,1,1,1,2,2,1,1,2,2,0,0,0
2008,48,113,1,482471,1,6,2,2,4,2,6,2,1,2,2,1,1,2,2,2,2,2,2,2,1,1,1,1,1,2,2,1,1,2,1,0,0,0
2008,48,201,1,482472,1,6,1,2,4,2,6,2,1,1,2,2,1,2,2,1,2,2,2,2,1,2,2,2,2,2,2,2,1,2,2,0,0,0
2008,48,225,1,482473,1,6,1,2,4,2,4,2,1,1,2,2,1,2,2,2,2,2,1,2,1,2,2,2,2,1,2,2,1,2,2,0,0,0
2008,48,257,1,482474,1,6,2,2,4,2,4,2,1,2,2,2,1,2,2,1,2,2,1,2,1,2,2,1,1,2,2,1,1,2,2,0,0,0
2008,48,303,1,482475,1,6,2,2,1,2,6,2,3,2,2,2,3,2,1,1,2,2,2,2,1,2,2,1,1,2,1,1,2,2,2,0,0,0
2008,48,339,1,482476,1,6,1,2,1,2,6,2,1,1,2,2,2,2,1,1,2,2,2,2,3,1,1,1,1,2,2,1,2,2,2,0,0,0
2008,48,349,1,482477,1,6,1,2,4,1,6,1,1,2,2,2,1,2,2,2,2,2,1,2,1,2,2,2,2,2,2,2,2,1,2,0,0,0
2008,48,89,1,482478,1,6,1,1,1,2,1,2,1,2,2,2,1,1,2,2,1,2,2,2,2,2,2,2,2,2,2,2,2,2,2,0,0,0
2008,48,135,1,482479,1,6,1,2,1,1,4,1,4,2,2,2,2,1,2,2,2,2,2,2,3,2,2,2,2,2,2,2,2,2,2,0,0,0
2008,48,363,2,482480,1,6,1,2,1,2,4,2,4,1,1,2,3,1,2,2,2,2,2,2,3,2,2,2,2,2,2,2,1,2,2,0,0,0
2008,48,367,1,482481,1,6,2,2,4,2,6,2,1,1,1,2,1,2,1,1,2,2,2,2,3,2,2,2,2,2,2,2,1,2,2,0,0,0
2008,48,375,1,482482,1,6,3,3,1,2,7,3,1,2,2,2,1,1,2,2,1,2,2,2,3,2,2,2,2,2,2,2,2,2,2,0,0,0
2008,48,453,1,482483,1,6,1,2,4,2,6,2,1,1,1,2,1,2,2,1,2,2,1,2,1,2,2,2,2,2,2,2,1,2,2,0,0,0
2008,48,401,2,482484,1,6,1,2,1,2,3,2,3,2,1,2,2,2,2,2,2,2,2,2,2,2,2,2,2,2,2,2,1,2,1,0,0,0
2008,48,439,1,482485,1,6,2,2,1,1,6,1,4,1,1,2,2,2,1,1,2,2,2,2,3,2,2,2,2,1,2,2,2,2,2,0,0,0
2008,48,343,1,482486,1,6,2,2,2,2,6,2,1,1,1,2,1,2,1,1,2,2,2,2,3,2,2,2,2,2,2,2,1,1,2,0,0,0
2008,48,453,1,482487,1,6,1,2,1,1,4,1,4,1,1,2,2,1,2,2,2,2,2,2,3,2,2,2,2,1,2,2,2,1,2,0,0,0
2008,48,73,1,482488,1,6,1,2,2,2,3,2,2,2,1,2,1,2,2,2,2,2,2,2,1,2,2,2,2,2,2,2,1,2,2,0,0,0
2008,48,73,1,482489,1,6,1,2,1,2,5,2,3,1,1,2,2,2,2,2,2,2,1,2,3,2,2,2,2,2,1,1,1,2,2,0,0,0
2008,48,113,1,482490,1,6,2,2,1,1,6,1,4,2,1,2,3,2,2,1,2,2,1,1,1,2,2,2,2,2,2,2,2,2,2,0,0,0
2008,48,203,1,482491,1,6,1,1,4,2,1,2,1,1,1,2,1,2,2,1,2,2,2,2,3,2,2,2,2,2,2,2,1,2,2,0,0,0
2008,48,215,1,482492,1,6,2,2,2,1,2,1,1,2,1,2,1,2,2,1,2,2,2,2,2,2,2,2,2,2,1,1,2,2,2,0,0,0
2008,48,303,1,482493,1,6,1,2,1,2,3,2,3,2,1,2,2,2,2,2,2,2,2,2,3,2,2,2,2,1,2,2,2,2,2,0,0,0
2008,48,439,1,482494,1,6,2,2,1,2,6,2,1,2,1,1,1,2,2,2,1,2,2,2,3,2,2,2,2,2,2,2,2,2,2,0,0,0
2008,48,85,1,482495,1,6,2,2,3,2,2,2,1,1,1,2,1,2,2,1,2,2,1,2,3,2,2,2,2,2,2,2,1,2,2,0,0,0
2008,48,93,1,482496,1,6,1,2,1,2,5,2,2,1,1,2,2,2,2,1,2,2,1,2,3,2,2,2,2,2,2,2,2,2,2,0,0,0
2008,48,231,1,482497,1,6,1,2,1,2,4,2,3,1,1,2,2,1,2,2,2,2,2,2,3,2,2,2,2,1,2,2,1,2,2,0,0,0
2008,48,491,1,482498,1,6,1,2,3,2,3,2,1,1,2,2,1,2,2,2,2,2,2,2,3,2,2,2,2,2,2,2,1,2,2,0,0,0
2008,48,215,1,482500,1,6,1,2,4,2,6,2,1,2,1,2,1,2,2,1,2,2,2,2,1,2,2,2,2,2,2,2,1,2,2,0,0,0
2008,48,241,1,482501,1,6,1,2,1,2,3,2,3,2,2,2,2,2,2,2,2,2,2,2,3,1,1,1,1,2,1,1,2,2,2,0,0,0
2008,48,113,1,482502,1,6,2,2,4,2,6,2,1,2,2,2,1,2,2,1,2,2,1,2,1,2,2,2,2,2,1,1,1,2,2,0,0,0
2008,48,213,1,482503,1,6,1,2,4,2,6,2,1,1,2,2,1,2,2,2,2,2,2,2,2,1,1,1,1,2,2,1,1,1,2,0,0,0
2008,48,215,1,482504,1,6,1,2,1,2,3,3,4,1,2,2,2,2,1,2,2,2,2,2,3,2,2,2,2,1,2,2,2,2,2,0,0,0
2008,48,293,1,482505,1,6,1,2,1,2,6,2,1,2,2,2,1,2,2,1,2,2,1,2,3,1,1,1,1,2,2,1,1,2,2,0,0,0
2008,48,491,1,482506,1,6,2,2,4,2,3,2,1,2,2,2,1,2,2,1,2,2,2,2,3,2,2,2,2,2,2,2,1,2,2,0,0,0
2008,48,441,1,482507,1,6,2,2,4,2,4,2,1,2,1,2,1,2,1,1,2,2,2,2,1,2,2,2,2,2,2,2,1,2,2,0,0,0
2008,48,453,1,482508,1,6,2,2,1,2,6,2,1,2,1,1,1,2,2,2,1,2,2,2,3,2,2,2,2,2,2,2,2,2,2,0,0,0
2008,48,439,1,482509,1,6,2,2,1,2,3,2,1,2,1,2,1,2,2,2,1,2,2,2,3,2,2,2,2,2,1,1,2,2,2,0,0,0
2008,48,371,1,482510,1,6,1,1,1,2,1,2,4,1,2,2,2,2,2,2,2,2,2,2,3,1,1,1,1,2,2,1,2,2,2,0,0,0
2008,48,183,1,482511,1,6,2,2,1,2,3,2,3,1,1,2,2,2,2,2,2,2,2,2,3,2,2,2,2,1,2,2,2,2,2,0,0,0
2008,48,441,1,482512,1,6,2,2,4,2,6,2,1,2,2,2,1,2,2,1,2,2,1,2,1,2,2,2,2,2,2,2,1,2,2,0,0,0
2008,48,351,1,482513,1,6,1,2,4,2,5,2,1,1,1,2,1,2,2,2,2,2,1,2,3,2,2,2,2,2,2,2,1,2,1,0,0,0
2008,48,201,1,482514,1,6,1,2,1,2,6,2,1,2,2,2,1,2,2,2,1,2,2,2,3,2,2,2,2,2,2,2,2,2,2,0,0,0
2008,48,141,1,482515,1,6,2,2,1,2,3,2,1,2,2,1,1,2,2,2,1,2,2,2,3,2,2,2,2,2,2,2,2,2,2,0,0,0
2008,48,449,1,482516,1,6,3,3,1,2,7,2,1,1,1,2,1,1,2,2,2,2,1,2,2,2,2,2,2,2,2,2,2,2,2,0,0,0
2008,48,455,1,482517,1,6,1,2,4,2,4,2,1,2,1,2,1,2,2,2,2,2,1,2,1,2,2,2,2,2,2,2,1,2,2,0,0,0
2008,48,423,1,482518,1,6,1,2,4,2,4,2,1,1,1,2,1,2,2,2,2,2,1,2,1,2,2,2,2,2,2,2,1,2,2,0,0,0
2008,48,181,1,482519,1,6,2,2,4,2,6,2,1,2,2,2,1,2,2,2,2,2,2,2,1,2,2,2,2,2,2,2,1,1,2,0,0,0
2008,48,113,1,482520,1,6,2,2,4,2,6,2,1,2,2,2,1,2,2,1,2,2,2,2,1,1,1,1,1,2,2,1,1,2,2,0,0,0
2008,48,121,1,482521,1,6,2,1,1,1,1,1,4,2,2,2,2,2,1,2,2,2,2,2,3,2,2,2,2,2,1,1,2,2,2,0,0,0
2008,48,185,3,482522,1,6,1,2,1,2,3,2,3,1,2,2,2,2,2,2,2,2,2,2,3,1,1,1,1,2,2,1,1,2,2,0,0,0
2008,48,203,3,482523,1,6,1,1,2,2,1,2,1,2,2,2,1,1,2,2,1,2,2,2,2,2,2,2,2,2,2,2,1,2,2,0,0,0
2008,48,347,1,482524,1,6,2,2,3,2,4,2,1,1,2,2,1,2,2,2,2,2,1,2,2,2,2,2,2,2,2,2,1,2,1,0,0,0
2008,48,441,1,482525,1,6,2,2,4,2,2,2,1,2,2,2,1,2,2,1,2,2,2,2,1,2,2,2,2,2,1,1,1,2,2,0,0,0
2008,48,117,1,482526,1,6,1,2,1,2,3,3,2,1,1,2,2,1,2,1,2,2,2,2,3,2,2,2,2,2,2,2,2,2,1,0,0,0
2008,48,213,1,482527,1,6,1,2,4,2,5,2,4,1,1,2,1,2,2,2,1,2,2,2,1,2,2,2,2,2,2,2,1,2,2,0,0,0
2008,48,215,1,482528,1,6,1,2,1,2,5,2,1,2,1,2,1,1,2,2,1,2,2,2,3,2,2,2,2,2,2,2,2,2,2,0,0,0
2008,48,419,1,482529,1,6,1,2,4,2,4,2,1,1,1,2,1,2,2,2,2,2,2,2,2,2,2,2,2,2,1,1,1,2,2,0,0,0
2008,48,199,2,482530,1,6,1,2,1,2,3,2,3,1,1,2,2,1,2,1,2,2,2,2,3,2,2,2,2,2,2,2,1,2,2,0,0,0
2008,48,491,1,482531,1,6,1,2,4,2,4,2,1,2,2,2,1,2,1,1,2,2,2,2,1,2,2,2,2,2,1,1,1,2,2,0,0,0
2008,48,29,1,482532,1,6,1,2,4,2,6,2,1,2,1,2,1,2,2,2,2,2,2,2,1,1,1,1,1,2,2,1,1,1,2,0,0,0
2008,48,423,1,482533,1,6,1,2,4,2,5,2,1,1,1,2,1,2,2,1,2,2,1,2,3,2,2,2,2,1,2,2,1,2,2,0,0,0
2008,48,249,1,482534,1,6,1,2,3,2,3,2,1,1,1,2,1,2,2,2,2,2,2,2,2,2,2,2,2,2,2,2,1,1,2,0,0,0
2008,48,291,1,482535,1,6,2,2,4,2,3,3,1,2,1,2,1,2,2,2,2,2,2,2,1,2,2,2,2,1,2,2,1,2,2,0,0,0
2008,48,355,1,482536,1,6,1,2,1,2,4,2,1,2,1,2,1,2,2,2,1,2,2,2,2,1,1,1,1,2,2,1,2,2,2,0,0,0
2008,48,473,1,482537,1,6,1,2,1,2,5,2,1,2,1,2,1,2,1,1,2,2,2,2,1,2,2,2,2,2,2,2,2,2,2,0,0,0
2008,48,29,1,482538,1,6,2,2,1,1,6,1,4,2,1,2,2,2,1,1,2,2,2,2,3,1,1,1,1,2,2,1,2,2,2,0,0,0
2008,48,113,1,482539,1,6,2,2,1,2,3,2,1,2,1,2,1,2,2,2,1,2,2,2,3,2,2,2,2,2,2,2,2,2,2,0,0,0
2008,48,139,1,482540,1,6,1,2,4,1,5,1,1,2,1,2,1,2,2,1,2,2,2,2,2,2,2,2,2,1,2,2,2,2,2,0,0,0
2008,48,199,1,482541,1,6,1,2,1,2,3,2,1,2,1,2,1,2,2,2,1,2,2,2,3,2,2,2,2,2,2,2,2,2,2,0,0,0
2008,48,407,1,482542,1,6,1,2,1,1,3,1,4,1,1,2,2,2,2,2,2,2,2,2,3,2,2,2,2,2,2,2,2,2,2,0,0,0
2008,48,439,1,482543,1,6,1,2,1,1,6,1,4,1,1,2,2,2,2,2,2,2,2,2,3,2,2,2,2,2,2,2,2,2,2,0,0,0
2008,48,459,1,482544,1,6,1,2,1,2,4,2,2,1,1,2,2,2,2,1,2,2,1,2,1,2,2,2,2,2,2,2,2,1,2,0,0,0
2008,48,201,1,482545,1,6,2,2,1,1,2,1,4,2,2,2,2,1,2,2,2,2,2,2,1,2,2,2,2,2,2,2,2,2,2,0,0,0
2008,48,329,1,482546,1,6,2,2,1,1,6,1,4,2,1,2,3,2,2,1,2,2,1,2,1,2,2,2,2,2,1,1,2,2,2,0,0,0
2008,48,19,1,482547,1,6,1,2,2,2,4,2,1,1,2,2,1,2,1,2,2,2,2,2,2,2,2,2,2,2,2,2,1,2,2,0,0,0
2008,48,99,1,482548,1,6,1,2,1,2,4,2,1,2,2,2,1,2,2,1,2,2,1,2,3,1,1,1,1,2,2,1,1,1,2,0,0,0
2008,48,135,1,482549,1,6,2,2,1,2,6,3,1,2,2,2,1,2,2,2,2,2,1,2,3,2,2,2,2,2,1,1,2,2,2,0,0,0
2008,48,189,1,482550,1,6,2,2,4,2,4,2,1,2,2,2,1,2,2,1,2,2,1,2,3,2,2,2,2,2,1,1,1,2,2,0,0,0
2008,48,219,1,482551,1,6,1,2,1,1,5,1,4,1,2,2,2,2,2,2,2,2,1,2,3,2,2,2,2,1,1,1,2,2,2,0,0,0
2008,48,257,1,482552,1,6,2,2,1,2,3,2,2,1,2,2,2,2,2,1,2,2,2,2,3,1,1,1,1,2,2,1,2,1,2,0,0,0
2008,48,477,1,482553,1,6,1,2,4,2,4,2,1,2,2,2,1,2,2,2,2,2,1,2,3,2,2,2,2,2,2,2,1,2,2,0,0,0
2008,48,503,2,482554,1,6,1,2,1,2,5,2,3,2,2,2,2,2,1,2,2,2,1,2,3,2,2,1,1,2,2,1,2,2,2,0,0,0
2008,48,201,1,482555,1,6,2,2,1,2,2,2,1,2,2,1,2,2,2,2,1,2,2,2,3,2,2,2,2,2,2,2,2,2,2,0,0,0
2008,48,211,1,482556,1,6,1,2,4,2,6,2,1,1,2,2,1,2,2,1,2,2,1,2,3,2,2,2,2,1,2,2,1,2,2,0,0,0
2008,48,245,1,482557,1,6,1,1,1,2,1,2,4,1,2,2,2,2,2,2,2,2,1,2,3,2,2,2,2,1,2,2,1,1,2,0,0,0
2008,48,439,1,482558,1,6,2,2,1,2,6,2,1,1,2,2,1,2,2,2,1,2,2,2,3,2,2,1,1,2,2,1,2,1,2,0,0,0
2008,48,441,1,482559,1,6,2,2,4,2,6,2,1,1,2,2,1,2,2,1,2,2,1,2,1,2,2,2,2,2,2,2,1,2,2,0,0,0
2008,48,209,1,482561,1,6,1,2,4,1,4,1,1,2,2,2,1,2,2,2,2,2,2,2,1,2,2,2,2,2,2,2,2,2,2,0,0,0
2008,48,381,2,482562,1,6,1,2,1,1,5,1,4,1,1,2,3,1,2,2,2,2,2,2,3,1,1,1,1,2,1,1,2,1,2,0,0,0
2008,48,37,1,482563,1,6,2,2,1,1,4,1,4,1,1,2,3,2,2,2,2,2,2,2,3,2,2,2,2,1,2,2,2,1,2,0,0,0
2008,48,183,1,482564,1,6,1,2,4,2,4,2,1,1,1,2,1,2,2,2,2,2,1,2,1,2,2,2,2,2,1,1,1,2,2,0,0,0
2008,48,381,1,482565,1,6,1,2,1,2,3,2,1,2,1,2,1,2,2,2,2,2,1,2,3,2,2,2,2,2,1,1,2,2,2,0,0,0
2008,48,405,1,482566,1,6,1,2,4,2,5,2,1,1,1,2,1,2,2,1,2,2,1,2,3,2,2,2,2,2,2,2,1,2,2,0,0,0
2008,48,423,1,482567,1,6,2,2,1,2,3,2,1,2,1,2,1,2,2,2,1,2,2,2,3,2,2,2,2,2,2,2,2,2,2,0,0,0
2008,48,17,1,482568,1,6,1,2,1,2,5,2,3,1,1,2,2,2,2,2,2,2,2,2,3,2,2,2,2,1,2,2,1,1,2,0,0,0
2008,48,21,1,482569,1,6,1,2,1,1,4,1,4,1,1,2,2,2,2,2,2,2,2,2,3,2,2,2,2,1,1,1,2,1,2,0,0,0
2008,48,201,1,482570,1,6,1,2,4,2,6,2,1,2,1,2,1,2,2,1,2,2,2,2,1,2,2,2,2,2,2,2,1,2,2,0,0,0
2008,48,29,2,482571,1,6,2,1,4,2,1,2,1,2,1,1,1,2,2,2,2,2,2,1,2,2,2,2,2,2,2,2,1,2,2,0,0,0
2008,48,349,2,482572,1,6,1,2,1,2,3,2,4,2,1,2,2,2,2,2,2,2,2,2,3,1,1,1,1,2,1,1,2,2,2,0,0,0
2008,48,421,1,482573,1,6,1,2,4,2,3,2,1,2,1,2,2,1,2,1,2,2,1,2,3,2,2,2,2,1,2,2,1,2,1,0,0,0
2008,48,41,1,482574,1,6,2,2,3,1,2,1,1,1,1,2,1,2,2,2,2,2,2,2,3,2,2,2,2,2,2,2,1,2,2,0,0,0
2008,48,73,1,482575,1,6,2,2,1,1,3,1,4,1,1,2,2,2,2,2,2,2,2,2,3,2,2,2,2,2,2,2,2,2,1,0,0,0
2008,48,181,1,482576,1,6,1,2,1,1,3,1,2,2,2,2,3,2,2,1,2,2,2,2,3,1,1,1,1,2,1,1,2,2,2,0,0,0
2008,48,349,1,482577,1,6,1,2,4,2,3,2,1,1,1,2,1,2,2,1,2,2,2,2,3,2,2,2,2,2,2,2,1,2,2,0,0,0
2008,48,57,1,482578,1,6,1,2,4,1,5,1,1,2,2,2,1,2,2,2,2,2,2,2,3,2,2,2,2,2,2,2,2,2,1,0,0,0
2008,48,75,1,482579,1,6,1,2,4,2,4,2,1,1,2,2,1,2,2,2,2,2,1,2,3,2,2,2,2,2,2,2,1,1,2,0,0,0
2008,48,213,1,482580,1,6,1,2,4,2,3,2,1,2,2,2,1,2,2,2,2,2,1,2,2,2,2,2,2,2,1,1,1,2,1,0,0,0
2008,48,439,1,482581,1,6,2,2,1,2,3,2,1,2,2,2,1,2,2,2,1,2,2,2,3,2,2,2,2,2,2,2,2,2,2,0,0,0
2008,48,481,1,482582,1,6,1,2,3,2,3,2,1,2,2,2,1,2,2,2,2,2,1,2,3,2,2,2,2,2,1,1,2,2,2,0,0,0
2008,48,29,1,482583,1,6,1,2,1,2,4,2,2,2,2,2,2,1,2,1,2,2,2,2,1,2,2,2,2,2,2,2,2,2,2,0,0,0
2008,48,29,1,482584,1,6,2,2,1,1,3,1,1,2,2,2,2,2,2,2,2,1,2,2,3,2,2,2,2,2,1,1,2,2,2,0,0,0
2008,48,39,2,482585,1,6,1,2,4,2,3,2,1,2,2,2,1,2,2,1,2,2,2,2,1,2,2,2,2,2,2,2,1,2,1,0,0,0
2008,48,121,1,482586,1,6,1,2,4,2,5,2,1,2,2,2,1,2,2,1,2,2,1,2,1,2,2,2,2,2,1,1,1,2,2,0,0,0
2008,48,139,1,482587,1,6,2,2,1,2,4,2,4,2,2,2,2,2,2,1,2,2,1,2,1,1,1,1,1,2,1,1,2,2,2,0,0,0
2008,48,201,1,482588,1,6,1,2,1,2,6,2,6,2,2,2,2,2,2,2,2,2,2,2,3,2,2,2,2,2,2,2,2,2,2,0,0,0
2008,48,201,1,482589,1,6,2,2,4,2,2,2,1,1,2,2,1,2,1,1,2,2,2,2,3,2,2,2,2,2,2,2,1,2,2,0,0,0
2008,48,245,1,482590,1,6,2,2,1,1,2,1,4,1,2,2,2,2,2,2,2,2,2,2,3,1,1,1,1,1,2,1,2,2,2,0,0,0
2008,48,367,1,482591,1,6,1,2,4,2,5,2,1,1,2,2,1,2,2,1,2,2,2,2,3,2,2,2,2,2,2,2,1,2,2,0,0,0
2008,48,375,1,482592,1,6,1,2,4,2,5,2,1,2,2,2,1,2,2,1,2,2,1,2,1,2,2,2,2,2,2,2,1,2,2,0,0,0
2008,48,479,1,482593,1,6,2,2,4,2,6,2,1,2,2,2,1,2,2,1,2,2,2,2,3,2,2,2,2,2,2,2,1,2,2,0,0,0
2008,48,143,1,482594,1,6,1,2,1,2,3,2,3,1,1,2,3,1,2,2,2,2,2,2,3,2,2,2,2,2,2,2,1,2,1,0,0,0
2008,48,161,3,482595,1,6,1,2,1,2,4,2,3,2,2,2,2,2,2,2,2,2,1,2,3,2,2,2,2,2,2,2,2,2,2,0,0,0
2008,48,167,1,482596,1,6,2,2,1,2,6,2,1,2,1,2,1,2,2,1,2,2,1,2,3,2,2,2,2,2,1,1,1,2,2,0,0,0
2008,48,199,1,482597,1,6,1,2,1,1,5,1,4,2,1,2,2,1,2,2,2,2,2,2,3,1,1,1,1,2,2,1,2,2,2,0,0,0
2008,48,291,1,482598,1,6,1,2,3,2,3,2,1,1,1,2,1,2,2,2,2,2,1,2,2,2,2,2,2,2,2,2,1,2,2,0,0,0
2008,48,355,1,482599,1,6,2,2,4,2,2,2,1,1,1,2,2,2,1,1,2,2,2,2,3,2,2,2,2,2,2,2,1,2,2,0,0,0
2008,48,203,1,482600,1,6,1,2,1,2,3,2,6,2,1,2,2,1,2,2,2,2,2,2,3,2,2,2,2,2,2,2,2,2,2,0,0,0
2008,48,277,1,482601,1,6,1,2,1,2,5,2,6,1,1,2,2,1,2,2,2,2,2,2,1,2,2,2,2,1,2,2,2,2,2,0,0,0
2008,48,299,1,482602,1,6,1,2,4,2,6,2,1,1,1,2,1,2,2,1,2,2,2,2,2,2,2,2,2,2,2,2,1,2,2,0,0,0
2008,48,415,1,482603,1,6,1,2,1,1,3,1,4,1,1,2,2,1,2,2,2,2,2,2,3,2,2,2,2,1,2,2,2,2,2,0,0,0
2008,48,29,1,482604,1,6,2,2,1,2,2,3,4,2,1,2,2,2,2,2,2,2,2,2,1,2,2,2,2,1,2,2,2,1,2,0,0,0
2008,48,29,1,482605,1,6,2,1,4,2,1,2,1,2,1,2,1,2,1,2,2,2,2,2,1,2,2,2,2,2,2,2,1,1,2,0,0,0
2008,48,53,1,482606,1,6,1,2,4,2,5,2,1,2,1,2,1,2,2,2,2,2,1,2,1,2,2,2,2,2,2,2,1,2,2,0,0,0
2008,48,113,1,482607,1,6,2,1,1,1,1,1,1,2,1,2,1,2,2,2,1,2,2,2,3,2,2,2,2,2,2,2,2,2,2,0,0,0
2008,48,115,1,482608,1,6,1,2,1,1,5,1,4,1,1,2,3,2,2,2,2,2,2,2,1,2,2,2,2,2,2,2,2,2,2,0,0,0
2008,48,149,2,482609,1,6,1,2,4,2,4,3,1,2,1,2,1,2,2,2,2,2,1,2,3,2,2,1,1,2,2,1,1,1,2,0,0,0
2008,48,121,1,482610,1,6,1,2,1,2,4,2,2,2,2,2,2,2,1,1,2,2,2,2,1,2,2,2,2,2,2,2,2,2,2,0,0,0
2008,48,491,1,482611,1,6,2,2,4,2,6,2,1,1,1,2,1,2,1,1,2,2,2,2,3,2,2,2,2,2,2,2,1,1,2,0,0,0
2008,48,503,1,482612,1,6,1,2,4,2,4,2,1,1,1,2,1,2,2,2,2,2,2,2,1,2,2,2,2,2,2,2,1,2,1,0,0,0
2008,48,349,1,482613,1,6,1,2,4,2,6,2,1,2,1,2,1,2,2,2,2,2,2,2,1,2,2,2,2,2,2,2,1,2,2,0,0,0
2008,48,349,1,482614,1,6,1,2,4,2,5,2,1,1,1,2,1,2,2,1,2,2,1,2,1,2,2,2,2,2,2,2,1,1,2,0,0,0
2008,48,455,1,482615,1,6,1,2,4,2,5,2,1,2,1,2,1,2,2,1,2,2,2,2,2,2,2,2,2,2,2,2,1,2,2,0,0,0
2008,48,29,1,482616,1,6,1,2,1,2,4,2,4,1,1,2,2,2,2,1,2,2,2,2,3,2,2,2,2,2,2,2,1,2,2,0,0,0
2008,48,53,1,482617,1,6,1,2,4,2,5,2,1,2,1,2,1,2,2,1,2,2,1,2,2,2,2,2,2,2,2,2,1,2,2,0,0,0
2008,48,113,1,482618,1,6,2,2,2,2,3,2,1,1,1,2,2,2,2,2,2,2,2,2,3,2,2,2,2,2,2,2,1,2,2,0,0,0
2008,48,113,1,482619,1,6,2,2,1,2,2,2,1,1,1,2,1,2,1,1,2,2,2,2,2,2,2,1,1,2,2,1,2,2,2,0,0,0
2008,48,289,3,482620,1,6,1,2,1,2,3,2,3,1,1,2,3,2,2,2,2,2,2,2,3,2,2,2,2,1,2,2,1,2,2,0,0,0
2008,48,291,2,482621,1,6,1,2,1,2,4,2,3,2,2,2,2,2,2,2,2,2,1,2,1,2,2,2,2,2,2,2,1,2,2,0,0,0
2008,48,367,1,482622,1,6,1,2,1,2,5,2,4,1,1,2,2,2,2,1,2,2,2,2,3,2,2,1,1,2,2,1,1,2,2,0,0,0
2008,48,481,1,482623,1,6,2,2,4,2,4,2,1,2,1,2,1,2,2,2,2,2,2,2,1,2,2,2,2,2,2,2,1,2,2,0,0,0
2008,48,29,1,482624,1,6,2,1,1,2,1,2,1,1,2,2,1,2,1,2,2,2,2,2,2,2,2,2,2,2,2,2,2,2,2,0,0,0
2008,48,75,1,482625,1,6,1,2,3,2,3,2,1,2,2,2,1,2,2,2,2,2,1,2,3,2,2,2,2,2,2,2,1,2,1,0,0,0
2008,48,293,2,482626,1,6,1,2,2,2,5,2,3,2,2,2,2,2,2,2,2,2,2,2,3,2,2,2,2,1,2,2,2,2,2,0,0,0
2008,48,309,1,482627,1,6,2,2,1,2,3,2,1,1,1,2,1,2,2,2,1,2,2,2,3,2,2,2,2,2,1,1,2,2,2,0,0,0
2008,48,385,2,482628,1,6,1,2,4,2,5,2,1,1,2,2,1,2,1,1,2,2,2,2,3,2,2,2,2,1,2,2,1,1,2,0,0,0
2008,48,479,1,482629,1,6,2,2,1,2,6,2,1,2,2,2,1,2,2,2,1,2,2,2,2,2,2,2,2,2,2,2,2,2,2,0,0,0
2008,48,73,1,482630,1,6,1,2,4,2,4,2,1,2,2,2,1,2,2,1,2,2,1,2,1,2,2,2,2,2,1,1,1,2,2,0,0,0
2008,48,141,1,482631,1,6,2,2,1,2,4,2,1,2,2,2,1,2,1,2,2,2,2,2,1,2,2,2,2,2,2,2,2,2,2,0,0,0
2008,48,149,1,482632,1,6,1,2,2,2,5,2,1,2,2,2,1,2,2,1,1,2,2,2,1,2,2,2,2,2,2,2,1,2,2,0,0,0
2008,48,339,1,482633,1,6,2,2,1,2,4,2,3,2,2,1,2,2,2,2,2,2,2,2,3,2,2,2,2,2,2,2,1,2,2,0,0,0
2008,48,415,1,482634,1,6,1,2,1,2,4,2,1,1,1,2,1,2,2,2,1,2,2,2,3,2,2,2,2,2,2,2,2,2,2,0,0,0
2008,48,201,1,482635,1,6,2,2,1,2,2,2,3,2,2,2,3,2,2,2,2,2,2,2,1,2,2,2,2,2,1,1,2,2,2,0,0,0
2008,48,201,1,482636,1,6,2,1,1,2,1,2,6,1,2,2,2,1,2,2,2,2,2,2,3,2,2,2,2,2,2,2,2,2,2,0,0,0
2008,48,201,1,482637,1,6,2,1,1,2,1,2,1,2,2,2,2,2,2,2,1,2,2,2,3,2,2,2,2,1,2,2,2,2,2,0,0,0
2008,48,439,1,482638,1,6,2,2,1,2,3,2,1,2,1,2,1,2,2,2,1,2,2,2,3,2,2,2,2,2,2,2,2,2,2,0,0,0
2008,48,29,1,482639,1,6,2,1,4,2,1,2,1,1,1,2,1,2,2,1,2,2,1,2,3,2,2,1,1,2,2,1,1,1,2,0,0,0
2008,48,133,1,482640,1,6,1,2,1,1,4,1,2,1,1,2,2,2,2,1,2,2,2,2,3,2,2,1,1,1,2,1,2,1,2,0,0,0
2008,48,201,1,482641,1,6,2,2,3,2,6,2,1,2,1,2,1,2,2,2,2,2,2,2,1,1,1,1,1,2,2,1,1,2,2,0,0,0
2008,48,453,1,482642,1,6,1,2,1,2,5,2,3,1,2,2,2,1,2,2,2,2,2,2,3,2,2,2,2,2,2,2,2,2,2,0,0,0
2008,48,223,1,482643,1,6,1,2,4,1,5,1,1,1,1,2,1,2,2,2,2,2,1,2,1,2,2,2,2,2,2,2,2,2,2,0,0,0
2008,48,1,1,482644,1,6,1,2,2,2,4,2,2,1,2,2,1,2,2,2,2,2,2,2,3,1,1,1,1,2,2,1,1,2,1,0,0,0
2008,48,363,1,482645,1,6,1,2,4,2,5,2,1,1,2,2,1,1,2,2,2,2,1,2,2,2,2,2,2,1,2,2,1,2,2,0,0,0
2008,48,291,1,482646,1,6,2,2,1,1,6,1,4,1,1,2,2,1,2,2,2,2,2,2,3,2,2,2,2,2,2,2,2,2,2,0,0,0
2008,48,373,1,482647,1,6,2,2,1,1,4,1,4,1,1,2,2,1,2,2,2,2,2,2,3,2,2,2,2,1,2,2,2,2,2,0,0,0
2008,48,241,1,482648,1,6,2,2,1,2,3,2,4,1,1,2,2,2,2,2,2,2,2,2,3,2,2,2,2,2,2,2,2,1,2,0,0,0
2008,48,215,1,482649,1,6,3,3,1,1,7,1,4,1,2,2,2,2,2,2,2,2,2,2,1,2,2,2,2,2,1,1,2,2,2,0,0,0
2008,48,149,1,482650,1,6,1,2,4,2,5,2,1,1,2,2,1,2,2,2,2,2,1,2,3,2,2,2,2,1,2,2,1,2,1,0,0,0
2008,48,185,1,482651,1,6,1,2,4,2,4,2,1,1,2,2,1,2,2,2,2,2,1,2,3,2,2,2,2,1,2,2,1,1,2,0,0,0
2008,48,215,1,482652,1,6,2,2,1,2,6,2,2,2,2,2,2,2,2,1,2,2,2,2,3,1,2,1,2,2,2,2,2,2,2,0,0,0
2008,48,261,3,482653,1,6,1,2,3,2,3,2,1,1,2,2,1,2,2,1,2,2,1,2,2,2,2,2,2,2,2,2,1,2,2,0,0,0
2008,48,305,1,482654,1,6,1,2,4,2,6,2,1,2,2,2,1,2,2,2,2,2,2,2,3,2,2,2,2,2,2,2,1,2,2,0,0,0
2008,48,39,1,482655,1,6,1,2,4,2,6,2,1,1,2,2,1,2,1,1,2,2,2,2,2,2,2,2,2,2,2,2,1,2,2,0,0,0
2008,48,183,3,482656,1,6,1,2,1,2,4,2,4,2,2,2,3,2,2,2,2,2,2,2,1,2,2,2,2,2,1,1,2,2,2,0,0,0
2008,48,423,1,482657,1,6,1,1,3,2,1,2,1,1,2,2,1,2,2,1,2,2,1,2,3,2,2,2,2,2,2,2,1,2,2,0,0,0
2008,48,201,1,482658,1,6,2,2,1,2,3,2,1,2,2,1,2,2,2,2,1,2,2,2,3,2,2,2,2,2,2,2,2,2,2,0,0,0
2008,48,179,1,482659,1,6,1,2,1,1,5,1,4,1,1,2,3,1,2,2,2,2,2,2,3,2,2,2,2,2,2,2,2,2,2,0,0,0
2008,48,329,1,482660,1,6,1,2,1,1,4,1,4,1,1,2,2,2,2,2,2,2,2,2,3,2,2,2,2,2,1,1,2,2,2,0,0,0
2008,48,453,1,482661,1,6,2,2,4,2,6,2,1,2,2,2,1,2,2,1,2,2,1,2,1,1,1,1,1,2,2,1,1,2,1,0,0,0
2008,48,459,1,482662,1,6,1,2,4,2,4,2,1,2,1,2,1,2,2,2,2,2,1,2,3,2,2,2,2,1,2,2,1,2,2,0,0,0
2008,48,479,1,482663,1,6,2,1,1,1,1,1,1,2,1,1,1,2,2,2,1,2,2,2,3,2,2,2,2,2,2,2,2,2,2,0,0,0
2008,48,29,1,482664,1,6,2,2,1,2,2,3,2,1,1,2,2,2,2,1,2,2,2,2,3,2,2,2,2,1,2,2,2,1,2,0,0,0
2008,48,61,1,482665,1,6,2,2,2,2,2,2,1,2,1,2,1,2,2,2,2,2,1,2,3,2,2,2,2,2,1,1,1,2,2,0,0,0
2008,48,113,1,482666,1,6,2,2,4,2,2,3,1,3,1,2,1,2,2,2,2,2,1,2,1,2,2,2,2,2,2,2,1,2,2,0,0,0
2008,48,199,1,482667,1,6,1,2,4,2,6,2,1,1,1,2,1,2,2,1,2,2,1,2,3,2,2,2,2,1,2,2,1,2,2,0,0,0
2008,48,67,1,482668,1,6,1,2,1,2,3,2,5,1,1,2,2,2,2,1,2,2,1,2,1,2,2,2,2,2,2,2,2,2,2,0,0,0
2008,48,401,1,482669,1,6,1,2,1,2,3,2,4,1,1,2,2,2,2,1,2,2,2,2,3,1,1,1,1,2,2,1,1,2,2,0,0,0
2008,48,401,1,482670,1,6,2,2,1,2,3,2,1,2,1,2,1,2,2,2,1,2,2,2,2,2,2,2,2,2,1,1,2,2,2,0,0,0
2008,48,459,1,482671,1,6,1,2,1,2,4,2,3,2,1,2,2,1,2,2,2,2,2,2,3,2,2,2,2,2,2,2,1,2,1,0,0,0
2008,48,141,1,482672,1,6,2,2,1,1,6,1,4,1,1,2,2,2,2,2,2,2,2,2,3,2,2,2,2,2,2,2,2,2,2,0,0,0
2008,48,251,1,482673,1,6,1,2,1,1,3,1,4,1,1,2,3,1,2,2,2,2,2,2,3,2,2,2,2,2,1,1,2,2,2,0,0,0
2008,48,309,2,482674,1,6,1,2,1,2,5,2,1,1,1,2,1,1,2,1,2,2,1,2,2,2,2,2,2,2,2,2,1,2,2,0,0,0
2008,48,441,1,482675,1,6,2,2,1,1,6,1,4,1,1,2,2,2,1,1,2,2,2,2,3,2,2,2,2,2,1,1,2,2,2,0,0,0
2008,48,441,1,482676,1,6,2,2,4,2,6,2,4,2,1,2,1,2,2,1,2,2,2,2,1,2,2,2,2,2,2,2,1,2,2,0,0,0
2008,48,491,1,482677,1,6,2,2,1,2,3,2,1,2,1,2,1,2,2,2,1,2,2,2,2,2,2,1,1,2,2,1,2,1,2,0,0,0
2008,48,113,1,482678,1,6,2,2,2,2,6,2,1,1,1,2,1,2,2,2,2,2,2,2,2,2,2,2,2,2,2,2,1,2,2,0,0,0
2008,48,113,1,482679,1,6,2,2,1,2,6,2,1,2,2,2,1,2,2,2,1,2,2,2,3,2,2,2,2,1,2,2,2,2,2,0,0,0
2008,48,181,1,482680,1,6,2,2,3,2,2,2,1,1,1,2,1,2,2,1,2,2,1,2,2,1,1,1,1,2,2,1,1,2,2,0,0,0
2008,48,201,1,482681,1,6,2,2,1,2,6,2,1,2,2,1,1,2,2,2,1,2,2,2,3,2,2,2,2,2,2,2,2,1,2,0,0,0
2008,48,201,1,482682,1,6,2,2,1,1,2,1,4,2,2,1,2,2,1,2,2,2,2,2,1,2,2,2,2,2,2,2,2,1,2,0,0,0
2008,48,355,1,482683,1,6,1,2,1,1,6,1,4,2,2,2,2,2,2,2,2,2,1,2,3,1,1,1,1,2,2,1,2,1,2,0,0,0
2008,48,439,1,482684,1,6,2,2,2,2,2,3,1,2,2,2,1,2,1,2,2,2,2,2,3,2,2,2,2,2,2,2,1,2,2,0,0,0
2008,48,1,2,482685,1,6,1,2,4,2,5,2,1,2,2,2,1,2,2,1,2,2,2,2,1,2,2,1,1,2,2,1,1,2,2,0,0,0
2008,48,113,1,482686,1,6,2,2,4,2,6,2,1,2,2,2,1,2,2,2,2,2,2,2,1,2,2,2,2,2,2,2,1,2,2,0,0,0
2008,48,113,1,482687,1,6,2,1,3,2,1,3,1,1,2,2,1,2,1,1,2,2,2,2,2,2,2,2,2,1,2,2,1,2,2,0,0,0
2008,48,201,1,482688,1,6,1,2,1,2,6,2,5,2,2,2,3,2,2,2,2,2,2,2,1,1,1,1,1,2,2,1,1,2,2,0,0,0
2008,48,215,1,482689,1,6,2,2,1,2,6,2,1,2,2,1,1,2,2,2,1,2,2,2,3,2,2,2,2,2,2,2,2,2,2,0,0,0
2008,48,241,1,482690,1,6,1,2,4,2,4,2,1,2,2,2,1,2,2,1,2,2,1,2,1,2,2,2,2,2,2,2,1,2,2,0,0,0
2008,48,245,1,482691,1,6,2,2,1,2,6,2,1,2,2,2,1,2,2,2,1,2,2,2,3,2,2,2,2,2,2,2,2,2,2,0,0,0
2008,48,439,1,482692,1,6,2,2,4,1,6,1,1,2,2,2,1,2,2,2,2,2,1,2,1,1,1,1,1,2,2,1,2,2,2,0,0,0
2008,48,453,1,482693,1,6,2,2,1,1,6,1,4,1,2,1,2,2,1,2,2,2,2,2,3,2,2,2,2,2,1,1,2,2,2,0,0,0
2008,48,29,1,482694,1,6,2,2,1,2,6,2,1,2,2,1,1,2,2,2,1,2,2,2,3,2,2,2,2,2,2,2,2,1,2,0,0,0
2008,48,29,1,482695,1,6,2,2,1,2,6,3,4,2,2,2,2,2,1,2,2,2,2,2,1,2,2,2,2,2,1,1,2,1,2,0,0,0
2008,48,65,2,482696,1,6,1,2,4,2,3,2,1,2,2,2,1,2,2,2,2,2,2,2,3,1,1,1,1,2,2,1,1,1,2,0,0,0
2008,48,85,1,482697,1,6,2,2,1,1,3,1,4,2,2,2,2,2,2,2,2,2,2,2,3,2,2,2,2,2,1,1,2,1,2,0,0,0
2008,48,201,1,482698,1,6,1,2,4,2,6,2,1,2,2,2,1,2,2,2,2,2,2,2,1,2,2,2,2,2,2,2,1,2,2,0,0,0
2008,48,201,1,482699,1,6,2,2,1,2,3,2,1,2,2,2,1,2,2,2,2,2,2,2,3,2,2,2,2,1,2,2,2,2,2,0,0,0
2008,48,485,1,482701,1,6,2,2,1,2,2,2,1,2,1,2,1,2,2,2,1,2,2,2,3,2,2,2,2,2,2,2,2,2,2,0,0,0
2008,48,29,1,482702,1,6,2,2,2,2,3,2,1,2,1,2,1,2,2,1,2,2,1,2,1,2,2,2,2,2,2,2,1,1,2,0,0,0
2008,48,107,1,482703,1,6,1,2,4,2,5,2,1,2,1,2,1,2,2,1,2,2,1,2,2,2,2,2,2,2,2,2,1,2,1,0,0,0
2008,48,375,1,482704,1,6,1,2,1,2,5,2,4,1,1,2,2,1,2,1,2,2,2,2,3,2,2,2,2,2,2,2,1,2,2,0,0,0
2008,48,453,1,482705,1,6,2,2,1,2,6,2,4,2,1,2,2,2,2,1,2,2,2,2,1,2,2,2,2,2,1,1,1,2,2,0,0,0
2008,48,201,1,482706,1,6,2,1,1,2,1,2,3,2,1,2,2,1,2,2,2,2,2,2,1,2,2,2,2,2,2,2,2,2,2,0,0,0
2008,48,245,1,482707,1,6,2,2,1,1,6,1,4,2,1,2,2,2,2,2,2,2,2,2,1,2,2,2,2,2,2,2,2,2,2,0,0,0
2008,48,251,1,482708,1,6,2,2,1,2,2,2,1,2,1,2,1,2,2,2,2,2,1,2,3,1,1,1,1,2,2,1,1,2,1,0,0,0
2008,48,113,1,482709,1,6,2,2,1,2,6,2,1,2,2,2,1,2,2,1,2,2,2,2,3,2,2,2,2,2,2,2,2,2,2,0,0,0
2008,48,361,1,482710,1,6,1,2,1,2,4,2,1,2,2,2,1,2,2,2,2,1,2,2,3,2,2,2,2,1,2,2,2,2,2,0,0,0
2008,48,201,1,482711,1,6,2,2,1,1,2,1,3,2,2,2,2,2,2,2,2,2,2,2,1,2,2,2,2,2,2,2,2,2,2,0,0,0
2008,48,113,1,482712,1,6,2,2,4,2,6,2,1,2,1,2,1,2,2,1,2,2,2,2,1,2,2,2,2,2,2,2,1,2,2,0,0,0
2008,48,251,1,482713,1,6,1,1,4,2,1,2,1,2,1,2,1,2,2,1,2,2,1,2,3,2,2,2,2,2,2,2,1,2,2,0,0,0
2008,48,439,1,482714,1,6,2,2,3,2,2,2,1,2,1,2,1,2,2,1,2,2,1,2,1,2,2,1,1,2,2,1,1,2,2,0,0,0
2008,48,29,1,482715,1,6,2,2,1,2,3,2,5,2,1,2,2,2,2,1,2,2,2,2,3,2,2,2,2,2,2,2,2,2,2,0,0,0
2008,48,27,1,482716,1,6,2,2,4,1,3,1,1,1,1,2,1,2,2,2,2,2,1,2,2,2,2,2,2,2,2,2,2,2,2,0,0,0
2008,48,355,1,482717,1,6,2,2,1,2,6,2,1,1,2,2,1,2,1,1,2,2,2,2,2,2,2,2,2,2,2,2,2,2,2,0,0,0
2008,48,453,1,482718,1,6,2,2,1,2,3,2,1,2,2,2,2,2,1,1,2,2,2,2,3,2,2,2,2,2,1,1,2,2,2,0,0,0
2008,48,41,1,482719,1,6,2,2,2,2,2,2,1,1,1,2,1,2,2,2,2,2,2,2,3,2,2,1,1,2,2,1,1,1,2,0,0,0
2008,48,201,1,482720,1,6,2,2,1,2,2,2,4,1,1,2,2,1,2,2,2,2,2,2,3,2,2,2,2,2,2,2,2,2,2,0,0,0
2008,48,201,1,482721,1,6,2,2,1,2,3,2,1,2,1,1,1,2,2,2,1,2,2,2,3,2,2,2,2,2,2,2,2,2,2,0,0,0
2008,48,491,1,482722,1,6,1,2,1,1,3,1,4,1,2,2,2,2,2,2,2,2,1,2,3,2,2,2,2,2,2,2,2,2,2,0,0,0
2008,48,201,1,482723,1,6,1,2,4,2,6,2,1,2,2,2,1,2,2,2,2,2,2,2,2,2,2,2,2,2,2,2,1,2,2,0,0,0
2008,48,29,1,482724,1,6,2,2,3,2,6,2,1,2,1,2,1,2,1,1,2,2,2,2,3,2,2,2,2,2,2,2,1,1,2,0,0,0
2008,48,491,1,482725,1,6,3,3,1,2,7,2,1,2,1,1,1,2,2,2,2,1,2,2,3,2,2,2,2,2,2,2,2,2,2,0,0,0
2008,48,201,1,482726,1,6,2,2,4,1,6,1,1,2,2,1,1,2,2,2,1,2,2,2,3,2,2,2,2,2,2,2,2,2,2,0,0,0
2008,48,201,1,482727,1,6,2,2,2,2,2,2,2,1,1,2,2,1,2,1,2,2,2,2,3,2,2,1,1,2,2,1,1,2,2,0,0,0
2008,48,25,1,482728,1,6,2,2,1,2,4,3,4,2,1,2,2,2,2,1,2,2,2,2,1,2,2,2,2,1,1,1,2,2,2,0,0,0
2008,48,201,1,482729,1,6,2,2,1,2,3,2,1,2,2,2,1,2,2,2,1,2,2,2,3,2,2,2,2,2,2,2,2,2,2,0,0,0
2008,48,1,1,482730,1,6,2,2,4,2,3,2,1,1,1,2,1,2,2,2,2,2,1,2,2,2,2,2,2,2,2,2,1,2,2,0,0,0
2008,48,491,1,482731,1,6,3,3,1,2,7,3,1,2,2,2,1,2,2,2,2,2,2,2,1,2,2,2,2,2,2,2,2,1,2,0,0,0
2008,48,139,1,482732,1,6,2,2,1,1,3,1,4,1,2,2,2,2,1,2,2,2,2,2,3,2,2,2,2,1,2,2,2,2,2,0,0,0
2008,48,201,1,482733,1,6,2,2,1,2,6,2,1,2,2,2,2,2,2,2,1,2,2,2,2,2,2,2,2,2,2,2,2,2,2,0,0,0
2008,48,201,1,482734,1,6,2,2,4,2,6,2,1,2,2,2,1,2,2,2,2,2,2,2,1,2,2,2,2,2,2,2,1,2,2,0,0,0
2008,48,201,1,482735,1,6,2,1,4,2,1,2,1,1,1,2,1,2,2,2,2,2,2,2,2,2,2,2,2,2,2,2,1,2,2,0,0,0
2008,48,419,1,482736,1,6,1,2,4,2,4,2,1,1,1,2,1,2,2,2,2,2,2,2,3,2,2,2,2,2,2,2,1,2,2,0,0,0
2008,48,303,1,482737,1,6,2,2,1,2,6,3,4,2,2,2,2,2,2,1,2,2,2,2,1,2,2,1,1,2,2,1,2,2,2,0,0,0
2008,48,473,1,482738,1,6,1,2,4,1,5,1,1,2,2,2,1,2,2,2,2,2,1,2,1,2,2,2,2,2,2,2,2,2,2,0,0,0
2008,48,21,2,482739,1,6,1,2,4,2,6,2,1,2,2,1,1,2,2,2,2,2,2,2,3,2,2,2,2,2,2,2,1,1,2,0,0,0
2008,48,131,3,482740,1,6,1,2,4,2,6,2,1,1,1,2,1,2,2,1,2,2,1,1,3,2,2,1,1,2,2,1,1,2,2,0,0,0
2008,48,403,1,482741,1,6,1,2,1,2,4,2,3,1,1,2,2,2,2,1,2,2,2,2,3,2,2,2,2,1,2,2,1,2,2,0,0,0
2008,48,333,1,482742,1,6,1,2,1,2,3,3,3,1,1,2,2,2,2,2,2,2,2,2,3,2,2,2,2,2,2,2,1,2,2,0,0,0
2008,48,491,1,482743,1,6,1,2,4,2,3,2,1,2,1,2,1,2,2,2,2,2,1,2,1,2,2,2,2,2,2,2,1,2,2,0,0,0
2008,48,29,1,482744,1,6,2,2,1,1,3,1,4,2,2,2,2,2,2,1,1,2,2,2,3,2,2,1,1,2,2,1,2,2,2,0,0,0
2008,48,73,1,482745,1,6,1,2,4,2,5,2,1,2,2,2,1,2,2,1,2,2,2,2,1,2,2,2,2,2,2,2,1,2,2,0,0,0
2008,48,93,1,482746,1,6,1,2,1,2,4,2,4,1,1,2,2,1,2,1,2,2,1,2,3,2,2,2,2,1,2,2,1,2,2,0,0,0
2008,48,289,1,482747,1,6,1,2,1,2,3,2,1,1,1,2,1,1,2,2,1,2,2,2,3,2,2,2,2,1,2,2,2,2,2,0,0,0
2008,48,85,1,482748,1,6,3,3,4,2,7,2,1,1,1,2,1,2,2,1,2,2,1,2,1,2,2,2,2,2,2,2,1,2,2,0,0,0
2008,48,185,1,482749,1,6,1,2,4,2,5,2,1,2,1,2,1,2,2,2,2,2,2,2,1,2,2,2,2,2,2,2,1,1,2,0,0,0
2008,48,201,1,482750,1,6,1,2,2,2,6,2,1,2,1,2,1,2,2,2,2,2,1,2,1,2,2,2,2,2,2,2,1,2,2,0,0,0
2008,48,117,1,482751,1,6,1,2,4,2,6,2,1,1,1,2,1,2,2,1,2,2,1,2,3,2,2,2,2,2,2,2,1,2,2,0,0,0
2008,48,73,1,482752,1,6,1,2,4,2,5,2,1,2,2,2,1,2,2,1,2,2,2,2,3,2,2,1,1,2,2,1,1,2,2,0,0,0
2008,48,451,1,482753,1,6,2,2,4,2,6,2,1,2,2,2,1,2,2,1,2,2,1,2,3,2,2,2,2,2,2,2,1,2,2,0,0,0
2008,48,171,1,482754,1,6,1,2,1,2,5,2,6,1,1,1,2,2,2,2,2,2,2,2,3,2,2,2,2,2,2,2,2,2,2,0,0,0
2008,48,201,1,482756,1,6,2,2,1,1,6,1,4,2,2,2,2,2,2,2,2,2,2,2,1,2,2,2,2,2,2,2,2,2,2,0,0,0
2008,48,213,1,482757,1,6,1,2,1,2,5,2,3,1,1,2,2,2,2,2,2,2,2,2,3,2,2,2,2,2,2,2,1,2,2,0,0,0
2008,48,231,1,482758,1,6,2,1,3,2,1,2,1,1,1,2,1,2,2,2,2,2,1,2,3,2,2,2,2,2,2,2,2,2,2,0,0,0
2008,48,121,1,482759,1,6,2,2,1,2,6,2,1,2,2,2,1,2,2,2,1,2,2,2,3,1,1,1,1,2,2,1,2,1,2,0,0,0
2008,48,355,1,482760,1,6,2,2,4,1,6,1,1,2,2,2,1,2,2,1,2,2,1,2,1,2,2,2,2,2,2,2,2,1,1,0,0,0
2008,48,497,1,482761,1,6,1,2,1,2,3,2,3,2,2,2,2,2,2,2,2,2,2,2,3,2,2,2,2,2,2,2,1,2,2,0,0,0
2008,48,201,1,482762,1,6,1,2,1,1,6,1,4,1,1,1,2,2,2,2,1,2,2,2,1,2,2,2,2,2,2,2,2,2,2,0,0,0
2008,48,349,1,482763,1,6,1,2,4,2,3,2,1,1,1,2,1,2,2,1,2,2,1,2,3,2,2,2,2,1,2,2,1,2,2,0,0,0
2008,48,367,1,482764,1,6,1,2,4,1,5,1,1,2,1,2,1,2,2,1,2,2,2,2,3,2,2,2,2,2,2,2,2,2,2,0,0,0
2008,48,201,1,482765,1,6,2,2,1,2,6,2,1,1,1,2,1,2,2,2,1,2,2,2,2,2,2,2,2,2,2,2,2,2,2,0,0,0
2008,48,257,1,482766,1,6,1,2,1,1,3,1,4,1,1,2,2,1,2,2,2,2,2,2,3,2,2,2,2,1,2,2,2,1,2,0,0,0
2008,48,373,1,482767,1,6,1,2,1,2,5,2,1,2,2,2,1,2,2,1,2,2,1,2,1,2,2,2,2,2,2,2,2,2,2,0,0,0
2008,48,135,1,482768,1,6,2,2,4,2,6,2,1,2,2,2,1,2,1,1,2,2,2,2,3,2,2,2,2,2,2,2,1,2,2,0,0,0
2008,48,135,1,482769,1,6,1,2,1,1,4,1,4,2,2,1,2,2,1,2,2,2,2,2,3,2,2,1,1,2,2,1,2,2,2,0,0,0
2008,48,293,1,482770,1,6,2,2,1,2,6,2,1,2,2,2,1,2,2,2,1,2,2,2,2,2,2,2,2,2,2,2,2,2,2,0,0,0
2008,48,479,1,482771,1,6,2,2,4,2,6,2,1,2,2,2,1,2,2,1,2,2,1,2,1,1,1,1,1,2,2,1,1,2,2,0,0,0
2008,48,41,2,482772,1,6,1,2,4,2,3,2,1,1,1,2,1,2,2,1,2,2,1,2,3,2,2,2,2,1,2,2,1,2,2,0,0,0
2008,48,439,2,482774,1,6,2,2,1,2,6,3,4,1,1,2,2,2,2,2,2,2,2,2,3,2,2,1,1,2,2,1,1,2,2,0,0,0
2008,48,29,1,482775,1,6,2,2,1,1,6,1,1,1,1,2,2,2,1,2,2,2,2,2,3,2,2,2,2,2,1,1,2,2,2,0,0,0
2008,48,201,1,482776,1,6,2,2,1,2,6,2,1,1,1,2,1,1,2,2,2,2,2,2,3,2,2,2,2,2,2,2,2,2,2,0,0,0
2008,48,141,1,482777,1,6,1,2,3,2,3,2,1,1,1,2,1,2,1,1,2,2,2,2,2,2,2,2,2,2,2,2,1,2,2,0,0,0
2008,48,147,3,482778,1,6,1,2,1,1,4,1,4,2,1,2,2,2,2,2,2,2,1,2,2,2,2,2,2,2,2,2,2,1,1,0,0,0
2008,48,491,1,482779,1,6,2,1,4,2,1,2,1,1,1,2,1,2,2,1,2,2,1,2,3,2,2,2,2,2,2,2,1,2,2,0,0,0
2008,48,175,1,482780,1,6,1,2,1,2,4,2,3,1,2,2,2,2,2,2,2,2,2,2,3,2,2,2,2,1,2,2,1,2,2,0,0,0
2008,48,201,1,482781,1,6,2,2,3,2,2,2,1,1,2,2,2,2,2,2,2,2,2,2,3,1,1,1,1,2,2,1,1,2,2,0,0,0
2008,48,27,1,482782,1,6,2,2,4,2,6,2,1,2,1,2,1,2,2,1,2,2,1,2,3,2,2,1,1,2,2,1,1,2,2,0,0,0
2008,48,201,1,482784,1,6,2,2,1,2,6,2,1,2,2,1,1,2,2,2,1,2,2,2,1,2,2,2,2,2,2,2,2,2,2,0,0,0
2008,48,395,1,482785,1,6,2,2,1,2,3,2,1,2,1,2,1,2,2,2,1,2,2,2,3,2,2,2,2,2,2,2,2,2,2,0,0,0
2008,48,251,1,482786,1,6,1,2,4,2,5,2,1,1,1,2,1,2,2,1,2,2,2,2,3,2,2,2,2,2,2,2,1,2,1,0,0,0
2008,48,187,1,482787,1,6,2,2,4,2,6,2,1,2,2,2,1,2,1,1,2,2,2,2,3,2,2,2,2,2,2,2,1,1,2,0,0,0
2008,48,453,1,482788,1,6,2,2,1,2,6,2,4,2,1,2,2,2,2,1,2,2,2,2,3,2,2,2,2,2,2,2,1,2,2,0,0,0
2008,48,201,1,482789,1,6,2,1,1,1,1,1,1,2,2,2,1,2,2,2,1,2,2,2,3,2,2,2,2,2,2,2,2,2,2,0,0,0
2008,48,113,1,482790,1,6,2,2,1,2,6,2,4,1,1,2,2,2,2,2,2,2,2,2,3,1,1,1,1,1,2,1,2,2,2,0,0,0
2008,48,201,1,482791,1,6,1,2,1,2,6,2,2,2,1,2,2,1,2,1,2,2,2,2,2,2,2,2,2,1,2,2,2,2,2,0,0,0
2008,48,29,1,482792,1,6,1,2,4,2,6,2,1,2,2,2,1,2,2,1,2,2,1,2,1,2,2,2,2,2,2,2,1,2,2,0,0,0
2008,48,323,1,482793,1,6,1,2,1,2,4,2,3,2,2,2,2,2,2,2,2,2,2,2,3,2,2,2,2,2,2,2,1,2,2,0,0,0
2008,48,201,1,482794,1,6,2,2,2,2,2,3,1,2,2,2,1,2,1,2,2,2,2,2,3,2,2,2,2,2,2,2,1,1,2,0,0,0
2008,48,309,1,482795,1,6,1,2,4,2,5,2,1,2,2,2,1,2,2,1,2,2,1,2,1,1,1,1,1,2,2,1,1,2,2,0,0,0
2008,48,289,1,482796,1,6,1,2,4,2,5,2,1,1,2,2,1,2,2,2,2,2,1,2,3,2,2,2,2,1,2,2,1,2,1,0,0,0
2008,48,287,1,482797,1,6,1,2,1,2,4,2,2,1,1,2,3,1,2,1,2,2,2,2,3,2,2,1,1,2,2,1,2,2,2,0,0,0
2008,48,303,1,482798,1,6,1,2,1,2,5,2,1,2,2,2,1,2,2,1,1,2,2,2,3,2,2,2,2,2,2,2,2,2,2,0,0,0
2008,48,13,1,482799,1,6,1,2,4,2,5,2,1,2,2,2,1,2,2,2,2,2,1,2,3,2,2,2,2,2,1,1,1,2,1,0,0,0
2008,48,303,1,482800,1,6,2,2,4,2,2,3,1,2,2,2,1,2,2,1,2,2,2,2,1,2,2,2,2,2,2,2,1,2,2,0,0,0
2008,48,187,1,482801,1,6,1,2,1,2,5,3,1,1,1,2,2,1,1,2,2,2,2,2,3,1,1,1,1,2,2,1,2,2,2,0,0,0
2008,48,85,1,482802,1,6,2,2,1,1,6,1,4,1,1,2,2,2,2,1,2,2,2,2,3,1,1,1,1,2,2,1,2,2,2,0,0,0
2008,48,409,1,482803,1,6,2,2,1,2,3,2,1,2,1,1,1,2,2,2,1,2,2,2,3,2,2,2,2,2,2,2,2,2,2,0,0,0
2008,48,441,1,482804,1,6,1,2,2,2,3,2,1,2,1,2,1,2,2,2,1,2,2,2,3,2,2,2,2,2,2,2,1,2,2,0,0,0
2008,48,13,1,482805,1,6,1,1,1,2,1,2,1,1,2,2,1,2,2,2,2,2,1,2,3,2,2,2,2,1,2,2,1,1,2,0,0,0
2008,48,139,1,482806,1,6,1,2,2,2,5,2,1,2,2,2,1,2,2,1,2,2,1,2,3,1,1,1,1,2,2,1,1,1,2,0,0,0
2008,48,353,1,482807,1,6,2,1,2,2,1,2,1,1,2,2,1,2,2,2,2,2,1,2,2,1,1,1,1,2,2,1,1,2,2,0,0,0
2008,48,231,1,482808,1,6,1,2,1,2,5,2,1,2,1,1,3,2,2,2,1,2,2,2,3,2,2,2,2,2,2,2,2,2,2,0,0,0
2008,48,273,1,482809,1,6,1,2,1,2,5,2,1,2,1,2,1,2,1,2,2,2,2,2,2,2,2,2,2,2,2,2,2,2,2,0,0,0
2008,48,203,1,482810,1,6,1,2,4,2,6,2,1,2,1,2,1,2,2,1,2,2,1,2,1,2,2,2,2,2,2,2,1,2,2,0,0,0
2008,48,469,1,482811,1,6,2,2,1,1,3,1,4,2,1,2,2,1,2,2,2,2,2,2,1,2,2,2,2,2,2,2,2,2,2,0,0,0
2008,48,113,1,482812,1,6,3,3,4,2,7,2,1,1,2,2,1,2,2,1,2,2,2,2,3,2,2,2,2,2,2,2,1,2,2,0,0,0
2008,48,357,1,482813,1,6,1,2,1,2,6,2,1,1,2,2,1,2,2,1,2,2,1,2,1,2,2,2,2,2,2,2,1,2,2,0,0,0
2008,48,77,1,482814,1,6,1,2,4,2,3,2,1,2,1,2,1,2,2,2,2,2,1,2,3,2,2,2,2,2,2,2,1,2,2,0,0,0
2008,48,439,1,482815,1,6,2,2,4,1,6,1,1,1,1,2,1,2,2,1,2,2,2,2,3,1,1,1,1,2,2,1,2,2,2,0,0,0
2008,48,215,1,482816,1,6,3,3,1,1,7,1,4,2,1,2,2,2,2,1,2,2,2,2,3,2,2,2,2,1,2,2,2,2,2,0,0,0
2008,48,491,1,482817,1,6,1,2,1,2,5,2,4,1,1,2,2,2,2,1,2,2,1,2,3,2,2,2,2,2,2,2,1,2,1,0,0,0
2008,48,21,1,482818,1,6,1,2,1,2,4,2,3,2,1,2,3,2,2,2,2,2,2,2,3,2,2,2,2,1,2,2,1,2,2,0,0,0
2008,48,41,1,482819,1,6,1,2,1,2,3,2,4,1,1,2,3,2,2,1,2,2,2,2,3,1,1,1,1,2,2,1,1,2,2,0,0,0
2008,48,71,1,482820,1,6,1,2,1,2,4,2,1,1,1,2,1,2,1,2,1,2,2,2,3,2,2,2,2,2,2,2,2,2,2,0,0,0
2008,48,289,1,482821,1,6,1,1,4,2,1,2,1,2,1,2,1,2,2,1,2,2,1,2,3,1,1,1,1,2,2,1,1,2,2,0,0,0
2008,48,399,1,482822,1,6,1,2,1,2,5,2,1,1,1,2,1,2,2,1,2,1,2,2,3,2,2,2,2,1,2,2,2,1,2,0,0,0
2008,48,113,1,482823,1,6,2,1,1,2,1,2,1,1,1,2,1,2,2,2,1,2,2,2,3,2,2,2,2,2,2,2,2,2,2,0,0,0
2008,48,285,1,482824,1,6,1,2,1,2,4,2,4,2,1,2,3,1,2,2,2,2,2,2,1,2,2,2,2,2,2,2,1,2,2,0,0,0
2008,48,303,1,482825,1,6,2,2,4,2,6,2,1,2,1,2,1,2,2,2,2,2,2,2,1,2,2,2,2,2,2,2,1,2,2,0,0,0
2008,48,459,3,482826,1,6,1,2,4,2,6,2,1,1,1,2,1,2,2,1,2,2,2,2,3,1,1,1,1,2,2,1,1,2,2,0,0,0
2008,48,47,2,482827,1,6,2,2,3,2,3,2,1,1,2,2,1,2,2,2,2,2,2,2,3,2,2,2,2,2,2,2,1,2,1,0,0,0
2008,48,313,1,482828,1,6,1,1,4,2,1,2,1,1,2,2,1,2,2,1,2,2,1,2,3,1,1,1,1,2,2,1,1,2,2,0,0,0
2008,48,283,1,482829,1,6,1,1,4,2,1,2,1,1,2,2,1,2,2,2,2,2,1,2,3,2,2,2,2,2,2,2,1,1,2,0,0,0
2008,48,323,1,482830,1,6,1,2,4,2,6,2,1,2,2,2,1,2,2,1,2,2,1,2,3,2,2,2,2,2,2,2,1,2,2,0,0,0
2008,48,499,1,482831,1,6,1,2,4,2,4,2,1,2,2,2,1,1,2,2,2,2,2,2,3,2,2,2,2,2,2,2,1,2,2,0,0,0
2008,48,251,1,482832,1,6,1,2,4,2,6,2,1,1,1,2,1,1,2,1,2,2,1,2,3,2,2,2,2,2,2,2,1,2,1,0,0,0
2008,48,467,1,482833,1,6,1,1,4,2,1,3,1,2,1,2,1,2,2,1,2,2,1,2,3,2,2,2,2,2,2,2,1,2,2,0,0,0
2008,48,499,1,482834,1,6,1,2,4,2,5,2,1,2,1,2,1,2,2,1,2,2,1,2,3,2,2,2,2,2,2,2,1,2,2,0,0,0
2008,48,21,2,482835,1,6,1,2,1,2,4,2,4,1,1,2,2,2,2,2,2,2,2,2,3,1,1,1,1,2,2,1,1,1,2,0,0,0
2008,48,73,1,482836,1,6,1,2,1,2,3,2,4,1,1,2,2,2,2,2,2,2,2,2,3,2,2,2,2,1,1,1,1,1,1,0,0,0
2008,48,343,1,482837,1,6,1,2,1,1,5,1,4,2,1,2,2,2,2,1,2,2,2,2,3,1,1,1,1,2,2,1,2,2,2,0,0,0
2008,48,441,1,482838,1,6,1,2,1,2,4,2,3,2,1,2,2,1,2,1,2,2,2,2,1,2,2,2,2,1,2,2,1,2,2,0,0,0
2008,48,395,1,482839,1,6,1,2,1,2,6,2,3,2,1,2,2,2,2,2,2,2,2,2,3,2,2,2,2,2,2,2,2,2,2,0,0,0
2008,48,475,1,482840,1,6,2,2,1,2,3,3,1,1,1,2,1,1,2,2,2,1,2,2,3,2,2,2,2,2,2,2,2,2,2,0,0,0
2008,48,459,1,482841,1,6,1,2,1,2,3,2,2,2,1,2,2,1,2,1,2,2,2,2,3,2,2,2,2,2,2,2,2,2,2,0,0,0
2008,48,201,1,482842,1,6,2,2,4,2,6,2,1,1,1,2,1,2,1,1,2,2,2,2,2,2,2,2,2,2,2,2,1,2,2,0,0,0
2008,48,187,1,482843,1,6,1,2,4,2,6,2,1,2,1,2,1,2,2,1,2,2,1,2,2,1,1,1,1,2,2,1,1,1,2,0,0,0
2008,48,491,1,482844,1,6,1,2,4,2,5,2,1,2,2,2,1,2,2,1,2,2,1,2,3,2,2,2,2,2,2,2,1,2,2,0,0,0
2008,48,41,1,482845,1,6,2,2,4,2,3,2,1,1,2,2,1,2,2,2,2,2,1,2,3,2,2,2,2,2,2,2,1,2,2,0,0,0
2008,48,133,1,482846,1,6,1,1,1,2,1,2,1,1,2,2,1,2,2,2,2,2,1,2,3,2,2,2,2,1,2,2,1,2,2,0,0,0
2008,48,325,1,482847,1,6,1,2,4,2,6,2,1,2,2,2,1,2,2,1,2,2,1,2,1,2,2,2,2,2,2,2,1,1,2,0,0,0
2008,48,325,1,482848,1,6,1,2,4,2,6,2,1,2,2,2,1,2,2,1,2,2,2,2,1,2,2,2,2,2,2,2,1,2,2,0,0,0
2008,48,491,1,482849,1,6,1,2,4,2,5,2,1,2,2,2,1,2,2,1,2,2,1,2,1,2,2,2,2,2,1,1,1,2,2,0,0,0
2008,48,61,2,482850,1,6,2,2,4,2,2,2,1,1,2,2,1,2,2,2,2,2,2,2,3,2,2,2,2,2,2,2,1,2,2,0,0,0
2008,48,401,1,482851,1,6,1,2,4,2,5,2,1,2,2,2,1,2,2,1,2,2,1,2,2,2,2,2,2,2,2,2,1,2,2,0,0,0
2008,48,493,2,482852,1,6,1,2,4,2,6,2,1,2,2,2,1,2,2,1,2,2,1,2,3,1,2,1,2,2,2,2,1,2,2,0,0,0
2008,48,113,1,482853,1,6,2,2,1,1,6,1,4,1,1,2,3,2,2,1,2,2,2,2,3,1,1,1,1,2,2,1,2,2,2,0,0,0
2008,48,415,2,482854,1,6,2,2,1,2,2,2,3,1,1,2,2,2,2,2,2,2,2,2,3,2,2,2,2,1,2,2,2,2,2,0,0,0
2008,48,453,1,482855,1,6,2,2,1,1,3,1,4,1,1,2,2,2,2,2,2,2,1,2,3,2,2,2,2,1,1,1,2,2,2,0,0,0
2008,48,121,1,482856,1,6,3,3,1,1,7,1,4,1,1,2,2,2,2,2,2,2,1,2,3,2,2,2,2,2,2,2,2,2,2,0,0,0
2008,48,27,1,482857,1,6,1,1,4,2,1,2,1,1,1,2,1,1,2,2,2,2,2,2,2,2,2,2,2,2,2,2,1,2,2,0,0,0
2008,48,113,1,482858,1,6,2,2,1,1,6,1,4,2,2,2,2,2,2,2,2,2,2,2,3,2,2,2,2,2,1,1,2,2,2,0,0,0
2008,48,201,2,482859,1,6,2,2,1,1,3,1,4,2,1,2,2,2,2,1,2,2,2,2,1,2,2,2,2,2,1,1,2,2,2,0,0,0
2008,48,201,1,482860,1,6,2,2,1,2,3,2,1,2,2,2,1,2,2,2,1,2,2,2,3,2,2,2,2,2,2,2,2,2,2,0,0,0
2008,48,203,2,482861,1,6,1,1,1,2,1,2,3,2,1,2,2,2,2,2,2,2,2,2,1,2,2,2,2,2,2,2,2,2,2,0,0,0
2008,48,387,1,482862,1,6,1,2,4,2,6,2,1,1,1,2,1,2,2,1,2,2,1,2,3,1,2,1,2,2,2,2,1,2,2,0,0,0
2008,48,439,1,482863,1,6,2,1,1,2,1,2,1,1,1,2,1,2,2,1,2,2,1,2,1,2,2,2,2,2,2,2,2,2,2,0,0,0
2008,48,215,1,482864,1,6,2,2,1,2,6,2,1,2,2,1,1,2,2,2,1,2,2,2,3,2,2,2,2,2,2,2,2,2,2,0,0,0
2008,48,401,1,482865,1,6,1,2,1,2,3,2,3,2,2,2,3,2,2,2,2,2,1,2,3,2,2,2,2,2,1,1,2,2,2,0,0,0
2008,48,453,1,482866,1,6,2,1,4,2,1,2,1,2,2,2,1,2,2,2,2,2,1,2,1,2,2,2,2,2,2,2,1,2,1,0,0,0
2008,48,497,1,482867,1,6,1,2,1,2,6,2,1,2,2,2,1,2,2,1,2,2,1,2,3,2,2,2,2,2,2,2,1,2,2,0,0,0
2008,48,121,1,482868,1,6,2,2,1,1,4,1,4,1,1,2,2,2,1,2,2,2,2,2,3,2,2,2,2,2,2,2,2,2,2,0,0,0
2008,48,215,1,482869,1,6,3,3,1,2,7,2,1,2,1,2,1,2,2,2,1,2,2,2,2,2,2,2,2,2,2,2,2,2,2,0,0,0
2008,48,245,1,482870,1,6,2,2,1,1,3,1,4,2,1,2,2,2,2,2,2,2,2,2,3,1,1,1,1,1,2,1,2,2,2,0,0,0
2008,48,201,1,482871,1,6,2,2,1,1,6,1,4,1,2,2,2,2,2,2,2,2,1,2,3,2,2,2,2,2,1,1,2,2,2,0,0,0
2008,48,201,1,482872,1,6,3,3,1,2,7,2,1,2,2,1,2,2,2,2,2,2,2,2,1,2,2,2,2,2,2,2,2,2,2,0,0,0
2008,48,201,1,482873,1,6,2,1,1,2,1,2,2,2,1,2,2,2,1,1,2,2,2,2,1,2,2,2,2,2,1,1,2,2,2,0,0,0
2008,48,201,1,482874,1,6,2,1,1,2,1,2,1,1,2,2,1,2,1,2,1,2,2,2,1,2,2,2,2,2,2,2,2,2,2,0,0,0
2008,48,201,1,482875,1,6,2,2,1,1,6,1,4,1,1,2,2,2,2,2,1,2,2,2,3,2,2,2,2,2,2,2,2,2,2,0,0,0
2008,48,201,1,482876,1,6,2,1,1,2,1,2,1,1,2,2,1,2,1,2,2,2,2,2,3,2,2,2,2,2,2,2,2,2,2,0,0,0
2008,48,201,1,482877,1,6,2,2,1,1,6,1,1,1,2,2,1,2,2,2,1,2,2,2,3,2,2,2,2,2,2,2,2,2,2,0,0,0
2008,48,201,1,482878,1,6,2,2,1,1,6,1,4,1,1,2,3,2,2,2,2,2,2,2,3,2,2,2,2,2,1,1,2,2,2,0,0,0
2008,48,201,1,482879,1,6,2,2,1,2,3,2,1,2,1,2,1,2,2,2,1,2,2,2,3,2,2,2,2,1,2,2,2,2,2,0,0,0
2008,48,201,1,482880,1,6,2,2,2,1,6,1,1,2,1,2,1,2,1,1,2,2,2,1,1,2,2,2,2,2,1,1,2,2,2,0,0,0
2008,48,139,1,482881,1,6,1,1,2,2,1,2,1,2,2,2,1,1,2,2,2,2,1,2,2,2,2,2,2,2,2,2,1,2,2,0,0,0
2008,48,201,1,482882,1,6,2,2,1,1,6,1,1,2,2,2,1,2,2,2,1,2,2,2,3,2,2,2,2,2,2,2,2,2,2,0,0,0
2008,48,257,1,482883,1,6,1,2,1,2,3,2,1,2,1,1,1,2,2,2,1,2,2,2,3,2,2,2,2,2,2,2,2,2,2,0,0,0
2008,48,135,1,482884,1,6,3,3,1,2,7,2,1,2,2,1,1,2,2,1,1,2,2,2,3,2,2,2,2,2,2,2,2,2,2,0,0,0
2008,48,201,2,482885,1,6,2,1,1,2,1,3,4,2,2,2,3,1,1,1,2,2,2,2,1,2,2,2,2,2,1,1,2,2,2,0,0,0
2008,48,201,1,482886,1,6,3,3,1,2,7,2,1,2,2,2,1,2,1,2,1,2,2,2,2,2,2,2,2,2,2,2,2,2,2,0,0,0
2008,48,201,2,482887,1,6,3,3,1,2,7,2,2,2,2,2,2,2,2,1,2,2,2,2,1,2,2,2,2,2,1,1,2,2,2,0,0,0
2008,48,201,1,482888,1,6,2,2,1,1,6,1,4,2,2,2,2,2,1,1,2,2,2,2,1,1,1,1,1,2,1,1,2,2,2,0,0,0
2008,48,201,1,482889,1,6,2,2,4,2,6,2,1,2,2,2,1,2,2,2,2,2,2,2,1,2,2,2,2,2,2,2,1,2,2,0,0,0
2008,48,201,1,482890,1,6,2,2,1,1,6,1,1,1,1,2,1,2,2,2,1,2,2,2,3,2,2,2,2,1,2,2,2,1,2,0,0,0
2008,48,201,1,482891,1,6,3,3,1,2,7,2,1,2,2,2,1,2,2,2,1,2,2,2,3,1,1,1,1,2,2,1,2,2,2,0,0,0
2008,48,201,1,482892,1,6,2,1,1,2,1,3,2,1,2,2,2,2,2,1,2,2,2,2,1,2,2,2,2,2,2,2,2,2,2,0,0,0
2008,48,201,1,482893,1,6,3,3,1,2,7,2,5,2,2,2,3,2,2,2,2,2,1,2,1,2,2,2,2,2,1,1,2,2,2,0,0,0
2008,48,201,1,482894,1,6,2,2,1,2,3,2,4,2,2,2,2,1,2,2,1,2,2,2,3,2,2,2,2,2,2,2,2,2,2,0,0,0
2008,48,201,1,482895,1,6,2,2,1,1,6,1,4,2,2,2,2,2,2,1,2,2,2,2,1,2,2,2,2,2,1,1,2,2,2,0,0,0
2008,48,201,1,482896,1,6,2,1,2,2,1,2,2,2,2,2,2,2,2,1,2,2,2,2,3,2,2,2,2,2,2,2,1,2,2,0,0,0
2008,48,201,1,482897,1,6,2,2,1,2,3,2,1,2,1,1,1,2,2,2,1,2,2,2,3,2,2,2,2,2,2,2,2,2,2,0,0,0
2008,48,303,1,482898,1,6,2,2,1,1,2,1,4,1,1,2,2,2,2,2,2,2,2,2,3,2,2,2,2,2,2,2,2,2,2,0,0,0
2008,48,61,1,482899,1,6,2,2,4,2,6,2,1,2,2,2,1,2,2,1,2,2,2,2,1,2,2,2,2,2,1,1,1,2,2,0,0,0
2008,48,201,1,482900,1,6,2,2,3,2,6,2,1,2,2,2,1,2,1,2,2,2,2,2,1,2,2,2,2,2,2,2,1,2,2,0,0,0
2008,48,201,2,482901,1,6,2,2,4,2,3,2,1,2,2,2,1,2,2,2,2,2,2,2,1,2,2,1,1,2,2,1,1,2,2,0,0,0
2008,48,201,1,482902,1,6,2,2,1,1,6,1,4,2,1,2,2,2,1,2,2,2,2,2,3,1,1,1,1,2,2,1,2,2,2,0,0,0
2008,48,453,1,482903,1,6,2,2,1,2,2,2,2,2,1,2,2,2,2,2,2,2,2,2,3,1,1,1,1,1,2,1,2,2,2,0,0,0
2008,48,201,1,482904,1,6,2,2,4,2,6,2,1,2,2,2,1,2,2,1,2,2,2,2,1,2,2,2,2,2,1,1,1,2,2,0,0,0
2008,48,201,1,482905,1,6,2,2,4,2,6,2,1,2,1,2,1,2,2,1,2,2,2,2,3,1,1,1,1,2,2,1,1,2,2,0,0,0
2008,48,49,1,482906,1,6,1,2,4,2,3,2,1,2,2,2,1,2,1,1,2,2,2,2,3,2,2,2,2,2,2,2,1,2,2,0,0,0
2008,48,339,1,482907,1,6,1,2,1,2,5,2,4,2,2,2,2,2,2,1,2,2,1,2,1,2,2,2,2,2,2,2,1,2,2,0,0,0
2008,48,201,1,482908,1,6,2,2,1,1,6,1,4,1,2,2,2,2,1,2,2,2,2,2,3,2,2,2,2,1,2,2,2,1,2,0,0,0
2008,48,201,1,482909,1,6,2,2,1,2,6,2,1,2,1,2,1,2,2,2,1,2,2,2,3,2,2,2,2,2,2,2,2,2,2,0,0,0
2008,48,201,1,482910,1,6,3,3,1,2,7,2,3,2,1,2,2,2,2,2,2,2,2,2,1,2,2,2,2,2,2,2,2,2,2,0,0,0
2008,48,201,2,482911,1,6,2,2,1,2,6,2,2,1,1,2,3,2,2,1,2,2,2,2,3,2,2,2,2,1,2,2,2,2,2,0,0,0
2008,48,471,1,482912,1,6,2,2,4,2,6,2,1,2,2,2,1,2,2,1,2,2,2,2,1,2,2,2,2,2,2,2,1,2,2,0,0,0
2008,48,201,1,482913,1,6,2,1,1,2,1,2,5,1,1,2,2,2,1,1,2,2,2,2,3,2,2,2,2,2,2,2,2,2,2,0,0,0
2008,48,201,1,482914,1,6,2,2,1,1,3,1,4,2,2,2,2,2,2,2,2,2,2,2,3,2,2,2,2,2,2,2,2,2,2,0,0,0
2008,48,61,1,482915,1,6,2,2,1,2,2,2,4,2,1,2,3,2,2,2,2,2,2,2,3,2,2,1,1,2,2,1,2,2,2,0,0,0
2008,48,185,1,482916,1,6,1,2,4,2,6,2,1,1,1,2,1,2,2,1,2,2,2,2,3,2,2,2,2,2,2,2,1,1,2,0,0,0
2008,48,231,1,482917,1,6,1,2,4,2,5,2,1,2,1,2,1,2,2,1,2,2,1,2,3,2,2,2,2,2,2,2,2,2,2,0,0,0
2008,48,257,1,482918,1,6,1,2,4,2,5,2,1,2,1,2,1,2,2,2,2,2,1,2,1,2,2,2,2,2,2,2,1,1,2,0,0,0
2008,48,201,1,482920,1,6,2,2,1,2,6,2,1,2,2,2,1,2,2,2,1,2,2,2,3,2,2,2,2,2,2,2,2,2,2,0,0,0
2008,48,339,1,482921,1,6,2,2,3,1,6,1,1,2,2,2,1,2,2,1,2,2,2,2,1,2,2,2,2,2,2,2,2,2,1,0,0,0
2008,48,435,1,482922,1,6,1,2,4,2,3,2,1,1,2,2,1,2,2,1,2,2,1,2,3,2,2,2,2,2,2,2,1,2,2,0,0,0
2008,48,473,1,482923,1,6,1,2,1,1,5,1,1,2,1,2,1,2,2,2,1,2,2,2,3,2,2,2,2,2,2,2,2,2,2,0,0,0
2008,48,201,1,482924,1,6,2,2,4,2,6,2,1,2,1,2,1,2,2,1,2,2,2,2,1,2,2,2,2,2,2,2,1,2,2,0,0,0
2008,48,257,1,482925,1,6,1,2,1,2,6,2,1,1,1,2,1,2,1,1,2,2,2,2,2,2,2,2,2,2,1,1,1,2,2,0,0,0
2008,48,201,4,482926,1,6,3,3,3,2,7,2,1,2,1,2,1,2,2,1,2,2,2,2,2,1,1,1,1,2,2,1,1,2,2,0,0,0
2008,48,217,1,482927,1,6,2,1,2,2,1,2,4,2,1,2,1,2,2,1,2,2,2,2,2,2,2,2,2,2,2,2,1,2,2,0,0,0
2008,48,121,1,482928,1,6,2,2,1,1,6,1,4,1,1,2,2,2,2,2,2,2,2,2,3,2,2,2,2,1,2,2,2,2,2,0,0,0
2008,48,485,1,482929,1,6,3,3,3,2,7,2,1,2,1,2,1,2,2,1,2,2,2,2,1,2,2,2,2,2,2,2,1,2,2,0,0,0
2008,48,139,1,482930,1,6,2,2,1,2,3,3,4,1,1,2,2,1,2,2,2,2,2,2,3,2,2,2,2,1,2,2,2,2,2,0,0,0
2008,48,91,1,482931,1,6,2,1,1,2,1,2,1,1,1,2,1,2,2,1,2,2,1,2,3,2,2,2,2,1,2,2,2,2,2,0,0,0
2008,48,201,1,482932,1,6,2,1,1,1,1,1,4,1,1,2,2,2,2,2,2,2,1,2,3,2,2,2,2,2,1,1,2,2,2,0,0,0
2008,48,201,1,482933,1,6,2,2,3,2,6,2,1,2,2,2,1,2,2,2,2,2,2,2,1,2,2,2,2,2,1,1,1,2,2,0,0,0
2008,48,439,1,482934,1,6,2,1,1,2,1,2,1,1,1,2,1,2,2,1,2,2,1,2,3,2,2,2,2,2,1,1,2,1,2,0,0,0
2008,48,201,2,482936,1,6,2,2,4,2,2,3,1,2,1,2,1,2,2,2,2,2,2,2,3,2,2,2,2,2,1,1,1,2,2,0,0,0
2008,48,245,1,482937,1,6,2,2,4,2,6,2,1,2,1,2,1,2,2,1,2,2,2,2,3,2,2,2,2,2,1,1,1,2,2,0,0,0
2008,48,187,1,482938,1,6,1,2,1,1,5,1,4,1,1,2,3,2,2,2,2,2,2,2,1,2,2,2,2,1,2,2,2,2,2,0,0,0
2008,48,29,1,482939,1,6,2,1,4,2,1,2,1,1,2,2,1,2,2,1,2,2,2,2,1,2,2,1,1,2,2,1,1,1,2,0,0,0
2008,48,59,2,482940,1,6,1,2,1,2,4,2,1,1,1,2,1,2,2,2,1,2,2,2,3,2,2,2,2,2,2,2,2,1,2,0,0,0
2008,48,323,2,482941,1,6,1,2,1,2,3,2,4,2,1,2,2,2,2,2,2,2,2,2,1,2,2,1,1,2,2,1,1,2,2,0,0,0
2008,48,465,1,482942,1,6,2,2,2,2,3,2,1,2,2,2,1,2,2,2,2,2,1,2,3,2,2,2,2,2,1,1,1,1,2,0,0,0
2008,48,321,1,482943,1,6,2,2,1,1,3,1,2,1,1,2,2,2,2,1,2,2,2,2,3,2,2,2,2,2,2,2,2,1,2,0,0,0
2008,48,113,1,482944,1,6,2,2,4,2,6,2,1,1,1,2,1,2,2,1,2,2,2,2,3,2,2,2,2,1,2,2,1,2,2,0,0,0
2008,48,331,1,482945,1,6,1,2,4,2,5,2,1,1,1,2,1,2,2,1,2,2,2,2,3,2,2,2,2,2,1,1,1,2,2,0,0,0
2008,48,201,1,482946,1,6,1,2,1,2,6,2,2,2,1,2,2,1,1,1,2,2,2,2,1,2,2,2,2,2,2,2,2,1,2,0,0,0
2008,48,257,2,482948,1,6,1,2,1,2,4,2,3,1,2,2,2,2,2,2,2,2,2,2,1,2,2,2,2,1,2,2,1,2,2,0,0,0
2008,48,245,2,482949,1,6,2,2,1,1,6,1,4,2,1,2,2,2,2,2,2,2,2,2,2,1,1,1,1,2,1,1,2,1,2,0,0,0
2008,48,29,1,482950,1,6,2,2,1,1,6,1,1,1,1,2,1,2,2,2,2,2,2,2,3,2,2,2,2,2,2,2,2,2,2,0,0,0
2008,48,225,1,482951,1,6,1,2,4,2,6,2,1,1,1,2,1,2,2,1,2,2,2,2,3,2,2,2,2,2,2,2,1,1,2,0,0,0
2008,48,227,1,482952,1,6,1,2,4,1,6,1,1,1,1,2,1,1,2,1,2,2,1,2,3,2,2,2,2,2,2,2,2,2,2,0,0,0
2008,48,339,1,482953,1,6,1,2,1,2,4,2,3,2,1,2,2,2,2,1,2,2,2,2,3,2,2,2,2,2,2,2,1,2,2,0,0,0
2008,48,503,1,482954,1,6,1,2,4,2,4,2,1,2,1,2,1,2,2,2,2,2,2,2,2,2,2,2,2,2,2,2,1,2,1,0,0,0
2008,48,93,1,482955,1,6,1,2,4,2,5,2,1,2,2,2,1,2,2,1,2,2,1,2,1,2,2,2,2,2,1,1,1,2,2,0,0,0
2008,48,29,1,482956,1,6,2,1,4,2,1,3,1,1,1,2,1,2,2,1,2,2,2,2,3,2,2,2,2,2,2,2,1,1,2,0,0,0
2008,48,161,1,482957,1,6,1,1,3,2,1,2,1,1,1,2,1,2,2,1,2,2,1,2,3,2,2,2,2,2,2,2,1,2,2,0,0,0
2008,48,209,1,482958,1,6,1,2,1,2,5,2,4,2,1,2,2,2,2,2,2,2,2,2,1,1,1,1,1,2,2,1,1,2,2,0,0,0
2008,48,67,1,482959,1,6,1,2,1,1,5,1,4,1,1,2,2,1,2,2,2,2,2,2,3,2,2,2,2,1,2,2,2,2,2,0,0,0
2008,48,215,1,482960,1,6,1,2,1,1,5,1,4,1,1,2,2,2,2,2,2,2,1,2,3,2,2,2,2,1,2,2,2,2,2,0,0,0
2008,48,291,1,482961,1,6,2,2,1,2,3,2,1,1,1,2,1,2,2,2,1,2,2,2,3,2,2,2,2,1,2,2,2,2,2,0,0,0
2008,48,439,1,482962,1,6,2,1,1,2,1,3,2,1,1,2,2,2,2,1,2,2,1,2,3,2,2,2,2,2,2,2,2,2,2,0,0,0
2008,48,135,1,482963,1,6,2,2,1,1,4,1,4,1,2,2,2,1,1,2,2,2,2,2,3,2,2,2,2,1,1,1,2,2,2,0,0,0
2008,48,329,1,482964,1,6,1,1,1,2,1,2,1,2,2,2,1,1,2,2,1,2,2,2,3,2,2,2,2,2,2,2,2,2,2,0,0,0
2008,48,121,1,482965,1,6,2,2,1,2,4,2,4,1,2,2,2,2,2,1,2,2,2,2,1,2,2,2,2,2,2,2,1,2,2,0,0,0
2008,48,217,1,482966,1,6,1,2,4,2,6,2,1,2,2,2,1,2,2,1,2,2,1,2,3,2,2,2,2,2,2,2,1,2,2,0,0,0
2008,48,329,1,482967,1,6,1,2,4,2,5,2,1,2,2,2,1,2,2,1,2,2,1,2,2,2,2,1,1,2,2,1,1,2,2,0,0,0
2008,48,307,1,482968,1,6,2,2,1,2,3,3,2,1,1,2,2,1,2,1,2,2,2,2,2,2,2,2,2,2,2,2,2,2,2,0,0,0
2008,48,449,1,482969,1,6,1,2,1,2,3,2,3,1,1,2,2,2,2,2,2,2,2,2,3,2,2,2,2,2,2,2,1,2,1,0,0,0
2008,48,491,2,482970,1,6,1,2,1,2,4,2,3,1,1,2,2,1,2,2,2,2,1,2,2,2,2,2,2,1,2,2,2,2,2,0,0,0
2008,48,55,1,482971,1,6,1,2,1,2,5,2,1,1,1,2,1,2,1,1,2,2,2,2,2,2,2,2,2,2,2,2,2,2,2,0,0,0
2008,48,215,2,482972,1,6,2,2,4,2,4,2,1,2,1,2,1,2,2,1,2,2,2,2,2,2,2,2,2,2,2,2,1,2,2,0,0,0
2008,48,309,2,482973,1,6,1,2,1,1,5,1,4,1,1,2,2,2,2,2,2,2,2,2,3,2,2,2,2,2,2,2,2,2,2,0,0,0
2008,48,481,1,482974,1,6,1,2,1,2,5,3,3,1,1,2,2,1,2,2,2,2,2,2,3,2,2,2,2,1,2,2,2,2,2,0,0,0
2008,48,215,1,482975,1,6,1,2,2,2,6,2,2,1,1,2,1,2,2,1,2,2,2,2,1,1,1,1,1,2,2,1,1,2,2,0,0,0
2008,48,491,1,482976,1,6,1,2,4,2,5,2,1,2,1,2,1,2,2,1,2,2,1,2,3,1,1,1,1,2,2,1,1,2,2,0,0,0
2008,48,31,1,482977,1,6,1,2,4,2,5,2,1,2,2,2,1,2,1,1,2,2,2,2,1,2,2,2,2,2,2,2,1,2,2,0,0,0
2008,48,265,1,482978,1,6,1,2,4,2,6,2,1,1,1,2,1,2,1,1,2,2,2,2,1,2,2,2,2,2,2,2,1,2,2,0,0,0
2008,48,353,1,482979,1,6,1,1,2,2,1,2,1,1,1,2,1,2,2,1,2,2,2,2,2,2,2,2,2,2,2,2,1,2,1,0,0,0
2008,48,423,1,482980,1,6,1,2,4,2,6,2,1,2,2,2,1,2,2,1,2,2,1,2,1,2,2,1,1,2,2,1,1,2,2,0,0,0
2008,48,439,1,482981,1,6,2,2,4,2,6,2,1,2,2,2,1,2,2,1,2,2,2,2,1,2,2,2,2,2,2,2,1,2,2,0,0,0
2008,48,21,1,482982,1,6,3,3,1,2,7,2,1,2,2,2,1,2,2,2,2,1,2,2,3,2,2,2,2,2,2,2,2,2,2,0,0,0
2008,48,245,1,482983,1,6,2,2,1,2,2,2,3,2,2,2,2,2,2,2,2,2,2,2,3,2,2,1,1,1,2,1,2,2,2,0,0,0
2008,48,303,2,482984,1,6,2,2,4,1,6,1,1,2,2,2,1,2,2,2,2,2,2,2,3,2,2,2,2,2,2,2,2,2,2,0,0,0
2008,48,3,1,482985,1,6,1,2,4,1,6,1,1,1,2,2,1,2,1,1,2,2,2,2,1,2,2,2,2,2,2,2,2,2,2,0,0,0
2008,48,303,1,482986,1,6,2,2,1,1,4,1,4,2,2,2,2,2,2,2,2,2,1,2,1,2,2,2,2,2,1,1,2,2,2,0,0,0
2008,48,53,1,482987,1,6,1,2,1,2,4,2,4,1,1,2,2,2,1,2,2,2,2,2,3,2,2,2,2,2,2,2,1,2,2,0,0,0
2008,48,113,1,482988,1,6,2,2,1,1,6,1,4,2,1,2,2,2,2,2,2,2,2,2,1,1,1,1,1,2,2,1,2,2,2,0,0,0
2008,48,319,1,482989,1,6,1,2,1,1,4,1,2,1,1,2,2,2,2,1,2,2,2,2,2,2,2,2,2,2,2,2,2,2,2,0,0,0
2008,48,47,1,482990,1,6,1,2,3,2,3,2,1,1,1,2,1,2,2,1,2,2,1,2,3,2,2,2,2,2,2,2,1,2,2,0,0,0
2008,48,265,1,482991,1,6,1,1,2,2,1,2,5,2,1,2,1,1,2,2,1,2,2,2,3,2,2,2,2,2,2,2,2,2,1,0,0,0
2008,48,201,1,482992,1,6,2,1,4,2,1,2,1,2,1,2,1,2,2,2,2,2,1,2,2,2,2,2,2,2,2,2,1,2,2,0,0,0
2008,48,29,1,482993,1,6,2,2,1,2,3,2,1,2,2,2,1,2,2,2,2,1,2,2,3,2,2,2,2,2,2,2,2,2,2,0,0,0
2008,48,29,1,482994,1,6,1,2,1,1,5,1,3,2,2,2,2,2,2,2,2,2,2,2,1,2,2,2,2,1,2,2,2,1,2,0,0,0
2008,48,485,1,482995,1,6,2,2,1,2,2,2,4,2,1,2,2,2,2,2,2,2,2,2,1,2,2,2,2,2,2,2,2,2,2,0,0,0
2008,48,39,1,482996,1,6,2,2,1,1,2,1,4,2,1,2,2,1,2,2,2,2,2,2,3,2,2,2,2,1,2,2,2,2,2,0,0,0
2008,48,245,1,482997,1,6,2,2,2,2,2,2,1,2,1,2,1,2,2,1,2,2,1,2,1,2,2,2,2,2,2,2,1,2,2,0,0,0
2008,48,201,1,482998,1,6,2,2,1,1,6,1,1,1,1,2,1,2,2,2,1,2,2,2,3,2,2,2,2,2,2,2,2,1,2,0,0,0
2008,48,439,1,482999,1,6,2,2,1,2,6,2,1,2,1,1,1,2,2,2,1,2,2,2,3,2,2,2,2,2,2,2,2,2,2,0,0,0
2008,48,339,1,483000,1,6,1,2,1,2,5,2,3,1,1,2,2,2,2,1,2,2,2,2,3,1,1,1,1,1,2,1,1,2,2,0,0,0
2008,48,303,1,483001,1,6,2,2,1,2,6,3,1,2,2,2,1,2,2,2,2,2,2,2,2,2,2,2,2,2,1,1,2,2,2,0,0,0
2008,48,361,1,483002,1,6,2,1,1,2,1,2,1,2,1,1,1,2,2,2,1,2,2,2,3,2,2,2,2,2,2,2,2,2,2,0,0,0
2008,48,39,2,483004,1,6,1,2,1,1,5,1,4,1,1,2,2,2,2,2,2,2,2,2,3,2,2,2,2,1,2,2,2,2,2,0,0,0
2008,48,215,1,483005,1,6,2,2,1,1,6,1,4,1,2,2,2,2,2,2,1,2,2,2,2,2,2,1,1,2,2,1,2,2,2,0,0,0
2008,48,453,1,483006,1,6,1,2,4,2,6,2,1,1,1,2,1,2,2,2,2,2,1,2,2,2,2,2,2,2,2,2,1,2,2,0,0,0
2008,48,39,1,483007,1,6,2,2,1,2,3,2,1,2,1,2,1,2,2,2,1,2,2,2,3,2,2,2,2,2,1,1,2,2,2,0,0,0
2008,48,317,1,483008,1,6,1,2,3,2,3,2,1,1,1,2,1,2,2,2,2,2,1,2,3,2,2,2,2,2,2,2,1,2,2,0,0,0
2008,48,339,1,483009,1,6,1,2,4,2,6,2,1,2,2,2,1,2,1,1,2,2,2,2,1,2,2,2,2,2,2,2,1,2,2,0,0,0
2008,48,203,1,483010,1,6,1,2,4,2,5,2,1,2,2,2,1,2,2,1,2,2,1,2,1,1,1,1,1,2,2,1,1,2,2,0,0,0
2008,48,1,1,483011,1,6,1,2,1,2,5,3,4,1,1,2,2,1,2,2,2,2,1,2,3,1,1,1,1,2,2,1,2,2,2,0,0,0
2008,48,5,1,483012,1,6,2,2,1,2,6,2,1,2,1,2,1,2,2,2,1,2,2,2,2,2,2,2,2,2,2,2,2,2,2,0,0,0
2008,48,39,1,483013,1,6,2,2,1,1,6,1,1,1,1,2,1,2,2,2,2,2,2,2,3,2,2,2,2,2,2,2,2,1,2,0,0,0
2008,48,167,1,483014,1,6,2,2,1,1,2,1,4,2,1,2,2,2,2,2,2,2,2,2,3,1,1,1,1,2,2,1,2,2,2,0,0,0
2008,48,113,1,483015,1,6,2,1,4,2,1,2,1,1,1,2,1,2,2,2,2,2,1,2,1,2,2,2,2,2,2,2,1,2,1,0,0,0
2008,48,231,1,483016,1,6,1,2,1,2,3,2,5,2,1,2,3,2,2,2,2,2,1,2,1,2,2,2,2,1,1,1,1,2,2,0,0,0
2008,48,257,1,483018,1,6,3,3,1,2,7,2,6,2,1,2,2,2,1,2,1,2,2,2,3,2,2,2,2,2,2,2,2,2,2,0,0,0
2008,48,427,2,483019,1,6,1,2,1,2,5,2,2,2,1,2,2,2,2,1,2,2,1,2,1,2,2,2,2,2,1,1,2,2,2,0,0,0
2008,48,303,1,483020,1,6,2,2,1,2,6,2,4,1,2,2,2,2,1,1,2,2,2,2,1,2,2,2,2,2,2,2,2,2,2,0,0,0
2008,48,201,1,483021,1,6,2,1,1,2,1,2,3,1,1,2,2,2,2,2,1,2,2,2,3,2,2,2,2,2,2,2,2,2,2,0,0,0
2008,48,485,1,483023,1,6,1,2,4,2,5,2,1,1,1,2,1,2,2,2,2,2,1,2,2,1,1,1,1,2,2,1,1,1,2,0,0,0
2008,48,29,1,483024,1,6,1,1,3,2,1,2,1,1,1,2,3,1,2,2,2,2,1,2,3,2,2,2,2,2,2,2,1,1,2,0,0,0
2008,48,157,1,483025,1,6,1,2,4,2,6,2,1,1,1,2,1,2,2,2,2,2,1,2,3,2,2,2,2,2,1,1,1,1,2,0,0,0
2008,48,201,1,483026,1,6,2,2,1,1,6,1,4,1,1,2,2,2,2,2,2,2,2,2,3,2,2,2,2,2,1,1,2,2,2,0,0,0
2008,48,29,1,483027,1,6,2,2,1,2,3,2,3,2,2,2,2,2,1,1,2,2,2,2,1,2,2,1,1,2,2,1,1,2,2,0,0,0
2008,48,167,1,483029,1,6,2,1,1,2,1,2,1,1,1,2,3,2,1,2,2,2,2,2,3,2,2,2,2,2,2,2,2,2,2,0,0,0
2008,48,453,1,483030,1,6,2,2,1,2,2,2,2,2,1,1,2,2,1,1,2,2,2,2,3,2,2,2,2,2,2,2,2,2,2,0,0,0
2008,48,453,1,483031,1,6,2,2,4,2,3,2,1,2,2,2,1,2,2,1,2,2,2,2,1,2,2,2,2,2,2,2,1,2,2,0,0,0
2008,48,453,1,483032,1,6,2,2,4,2,6,2,1,1,1,2,1,1,2,2,1,2,2,2,2,2,2,2,2,2,2,2,2,2,2,0,0,0
2008,48,453,1,483033,1,6,1,2,4,2,5,2,1,2,2,2,1,2,2,1,2,2,1,2,1,2,2,2,2,2,2,2,1,2,2,0,0,0
2008,48,453,1,483034,1,6,2,2,4,2,6,2,2,2,1,2,1,2,1,2,2,2,2,2,1,2,2,2,2,2,2,2,2,1,2,0,0,0
2008,48,245,1,483035,1,6,2,2,1,2,3,2,1,1,1,2,1,2,2,2,1,2,2,2,3,2,2,2,2,2,2,2,2,2,2,0,0,0
2008,48,201,1,483036,1,6,3,3,1,2,7,2,4,2,1,2,2,1,2,2,2,2,2,2,2,2,2,2,2,2,2,2,2,2,2,0,0,0
2008,48,113,1,483037,1,6,2,2,1,2,6,2,1,2,2,2,1,2,2,2,2,1,2,2,3,2,2,2,2,2,2,2,2,2,2,0,0,0
2008,48,135,1,483038,1,6,1,2,1,2,6,3,4,2,1,2,2,1,2,1,2,2,2,2,3,1,1,1,1,2,2,1,2,2,2,0,0,0
2008,48,201,1,483039,1,6,1,2,1,2,6,2,1,2,1,2,1,2,2,2,1,2,2,2,1,2,2,2,2,2,2,2,2,1,2,0,0,0
2008,48,209,1,483040,1,6,2,1,1,2,1,2,1,1,2,2,1,2,1,1,2,2,2,2,2,2,2,2,2,2,2,2,2,2,2,0,0,0
2008,48,141,1,483041,1,6,2,1,4,2,1,3,1,2,1,2,1,2,2,2,2,2,1,2,1,2,2,2,2,2,2,2,1,2,2,0,0,0
2008,48,433,1,483042,1,6,1,2,4,2,6,2,1,2,1,2,1,2,2,2,2,2,2,2,1,2,2,2,2,2,2,2,1,2,2,0,0,0
2008,48,201,1,483043,1,6,2,2,4,2,6,2,1,1,1,2,1,2,2,2,1,2,2,2,3,2,2,2,2,2,2,2,2,2,2,0,0,0
2008,48,303,1,483044,1,6,2,2,1,1,3,1,4,2,1,2,2,2,2,1,2,2,2,2,3,1,1,1,1,2,2,1,2,2,2,0,0,0
2008,48,29,1,483045,1,6,2,2,1,1,3,1,4,1,1,2,2,1,2,2,2,2,2,2,3,2,2,2,2,2,2,2,2,1,2,0,0,0
2008,48,39,1,483046,1,6,2,2,1,2,3,2,1,2,1,1,1,2,2,2,1,2,2,2,3,2,2,2,2,2,2,2,2,1,2,0,0,0
2008,48,141,1,483047,1,6,2,2,1,2,2,3,1,2,1,2,2,2,2,1,1,2,2,2,3,2,2,2,2,2,2,2,2,1,2,0,0,0
2008,48,29,1,483048,1,6,1,2,1,1,5,1,4,1,2,2,2,2,2,1,2,2,2,2,3,1,1,1,1,2,1,1,2,1,2,0,0,0
2008,48,201,1,483049,1,6,1,2,4,2,6,2,1,2,2,2,1,2,2,2,2,2,1,2,1,2,2,2,2,2,2,2,1,2,2,0,0,0
2008,48,113,1,483050,1,6,2,2,1,1,6,1,1,2,1,2,1,2,2,2,1,2,2,2,3,2,2,2,2,2,2,2,2,2,2,0,0,0
2008,48,141,1,483051,1,6,2,2,1,2,2,2,2,1,2,2,2,2,1,1,2,2,2,2,3,1,1,1,1,2,2,1,2,2,2,0,0,0
2008,48,215,1,483052,1,6,2,2,1,1,6,1,4,2,2,2,2,2,2,2,2,2,2,2,1,2,2,2,2,2,1,1,2,2,2,0,0,0
2008,48,201,1,483053,1,6,3,3,1,2,7,2,1,2,2,2,1,2,2,2,1,2,2,1,3,1,1,1,1,2,2,1,2,2,2,0,0,0
2008,48,293,1,483054,1,6,1,2,4,2,5,2,1,1,1,2,1,2,2,1,2,2,2,2,3,2,2,2,2,1,2,2,1,2,2,0,0,0
2008,48,201,1,483055,1,6,2,2,1,2,6,2,1,2,2,1,1,1,2,2,2,2,2,2,2,2,2,2,2,2,2,2,2,2,2,0,0,0
2008,48,113,1,483056,1,6,2,2,1,2,6,2,4,2,2,2,2,2,2,1,2,2,1,2,1,1,1,1,1,2,2,1,1,2,2,0,0,0
2008,48,141,1,483057,1,6,2,2,1,2,6,2,1,2,1,2,1,2,2,2,1,2,2,2,3,2,2,2,2,2,2,2,2,2,2,0,0,0
2008,48,453,1,483058,1,6,1,2,4,2,6,3,1,1,1,2,1,2,2,1,1,2,2,2,1,2,2,2,2,2,2,2,1,2,2,0,0,0
2008,48,141,1,483059,1,6,2,2,1,2,6,2,1,2,2,1,1,2,2,2,1,2,2,2,3,2,2,2,2,2,2,2,2,2,2,0,0,0
2008,48,113,1,483060,1,6,2,2,1,1,6,1,1,1,1,2,1,2,2,2,1,2,2,2,3,2,2,2,2,2,2,2,2,2,2,0,0,0
2008,48,141,1,483061,1,6,2,2,2,2,6,2,4,2,2,2,1,2,2,1,2,2,1,2,1,2,2,2,2,2,1,1,1,2,2,0,0,0
2008,48,215,3,483062,1,6,2,2,1,1,2,1,4,2,2,2,2,1,2,2,2,2,2,2,1,2,2,2,2,2,2,2,2,2,2,0,0,0
2008,48,229,1,483063,1,6,1,1,4,2,1,3,1,1,2,2,1,1,2,2,2,2,1,2,2,2,2,2,2,2,2,2,1,2,2,0,0,0
2008,48,439,1,483064,1,6,2,2,1,2,6,3,4,2,2,2,2,2,2,1,2,2,2,2,3,2,2,2,2,2,2,2,2,2,2,0,0,0
2008,48,349,1,483065,1,6,1,2,1,2,3,2,5,1,1,2,2,1,2,2,2,2,2,2,3,2,2,2,2,1,1,1,2,2,2,0,0,0
2008,48,157,1,483066,1,6,1,2,1,2,3,2,3,2,2,2,2,2,2,2,2,2,2,2,1,2,2,2,2,1,2,2,2,2,2,0,0,0
2008,48,437,1,483067,1,6,1,2,4,2,5,2,1,1,2,2,1,2,2,1,2,2,1,2,3,2,2,2,2,2,2,2,1,1,2,0,0,0
2008,48,439,1,483068,1,6,2,2,4,2,6,2,1,2,2,2,1,2,2,1,2,2,2,2,1,2,2,2,2,2,2,2,1,2,2,0,0,0
2008,48,39,1,483069,1,6,1,2,4,2,6,2,1,1,1,2,1,2,2,1,2,2,2,2,2,1,1,1,1,2,2,1,1,2,2,0,0,0
2008,48,215,1,483070,1,6,1,2,1,1,6,1,4,1,1,2,2,2,2,2,2,2,2,2,3,2,2,1,1,2,2,1,2,2,2,0,0,0
2008,48,439,2,483071,1,6,3,3,1,2,7,2,3,2,2,2,2,2,2,2,2,2,2,2,1,2,2,2,2,2,2,2,2,2,2,0,0,0
2008,48,21,3,483072,1,6,1,2,1,2,5,2,4,2,1,2,2,2,2,2,2,2,2,2,3,2,2,2,2,2,1,1,1,1,2,0,0,0
2008,48,439,1,483073,1,6,2,1,1,2,1,2,1,2,1,1,2,2,2,2,1,2,2,2,3,2,2,2,2,2,2,2,2,2,2,0,0,0
2008,48,29,1,483074,1,6,2,2,1,1,2,1,4,2,2,2,2,2,2,1,2,2,1,2,3,2,2,2,2,2,1,1,2,2,2,0,0,0
2008,48,201,1,483075,1,6,2,2,1,2,6,2,2,2,2,2,2,2,2,1,2,2,2,2,3,1,1,1,1,2,2,1,2,2,2,0,0,0
2008,48,215,1,483076,1,6,1,2,1,2,6,2,1,2,2,1,1,2,2,2,1,2,2,2,3,2,2,2,2,2,2,2,2,2,2,0,0,0
2008,48,491,1,483077,1,6,2,2,4,2,6,2,1,2,2,2,1,2,2,1,2,2,2,2,1,2,2,2,2,2,2,2,1,2,2,0,0,0
2008,48,469,1,483078,1,6,1,2,1,1,5,1,4,1,2,2,2,2,2,1,2,2,2,2,1,2,2,2,2,2,2,2,2,2,2,0,0,0
2008,48,355,1,483079,1,6,2,2,1,2,6,2,4,1,1,2,2,2,1,2,2,2,2,2,3,2,2,2,2,1,2,2,2,2,2,0,0,0
2008,48,303,1,483080,1,6,2,2,1,1,3,1,4,1,1,2,2,2,2,2,2,2,2,2,3,2,2,2,2,1,2,2,2,2,2,0,0,0
2008,48,73,1,483081,1,6,1,2,4,2,5,2,1,1,2,2,1,2,2,1,2,2,1,2,2,1,1,1,1,2,2,1,1,2,2,0,0,0
2008,48,167,1,483082,1,6,2,2,1,2,3,2,2,2,1,2,2,1,2,1,2,2,2,2,1,2,2,2,2,2,2,2,2,2,2,0,0,0
2008,48,303,1,483083,1,6,2,2,1,2,6,2,1,2,2,1,1,2,2,1,1,2,2,2,3,2,2,2,2,2,1,1,2,1,2,0,0,0
2008,48,113,3,483084,1,6,2,2,4,2,2,2,1,2,2,2,1,2,2,1,2,2,1,2,1,2,2,2,2,2,1,1,1,2,2,0,0,0
2008,48,329,1,483085,1,6,2,2,1,2,6,2,1,2,1,1,1,2,2,1,1,2,2,2,3,2,2,2,2,2,2,2,2,2,2,0,0,0
2008,48,91,1,483086,1,6,1,2,4,2,5,2,1,2,2,2,1,2,2,1,2,2,1,2,1,2,2,2,2,2,2,2,1,2,2,0,0,0
2008,48,113,1,483087,1,6,2,1,1,2,1,2,1,2,1,1,3,1,2,2,1,2,2,2,3,2,2,2,2,1,2,2,2,2,2,0,0,0
2008,48,113,2,483088,1,6,2,2,1,1,2,1,4,2,2,2,3,2,2,1,2,2,1,1,1,1,1,1,1,2,1,1,2,2,2,0,0,0
2008,48,113,1,483089,1,6,1,2,4,2,6,2,1,2,1,2,1,2,2,1,2,2,2,2,1,2,2,2,2,2,2,2,1,2,2,0,0,0
2008,48,113,1,483090,1,6,2,2,1,1,2,1,4,1,1,2,2,2,2,2,2,2,2,2,3,2,2,2,2,2,1,1,2,2,2,0,0,0
2008,48,113,1,483091,1,6,2,1,4,2,1,2,1,2,2,2,1,2,2,2,2,2,2,2,1,2,2,2,2,2,2,2,1,2,2,0,0,0
2008,48,85,1,483092,1,6,2,2,1,2,3,2,3,2,2,2,2,2,2,2,2,2,2,2,1,2,2,2,2,2,2,2,2,2,2,0,0,0
2008,48,439,1,483093,1,6,2,2,1,2,4,2,4,1,1,2,2,2,2,1,2,2,2,2,3,1,1,1,1,2,2,1,1,2,2,0,0,0
2008,48,201,1,483094,1,6,2,1,4,2,1,2,1,2,1,2,1,2,2,1,2,2,1,2,1,2,2,1,1,2,2,1,1,2,2,0,0,0
2008,48,181,1,483095,1,6,1,2,4,2,5,2,1,1,1,2,1,2,2,1,2,2,2,2,2,2,2,2,2,1,2,2,1,2,2,0,0,0
2008,48,375,1,483096,1,6,2,2,1,1,6,1,4,1,1,2,2,2,2,2,2,2,1,2,3,2,2,2,2,2,2,2,2,2,2,0,0,0
2008,48,113,1,483097,1,6,2,2,3,2,3,2,1,2,1,2,1,2,2,1,2,2,2,2,3,1,1,1,1,2,2,1,1,2,2,0,0,0
2008,48,85,1,483098,1,6,2,2,1,1,6,1,1,2,1,2,1,2,1,1,2,2,2,2,1,2,2,2,2,2,1,1,2,2,2,0,0,0
2008,48,39,3,483099,1,6,1,2,4,2,5,2,1,1,2,2,1,2,2,2,2,2,2,2,1,2,2,2,2,2,1,1,1,2,2,0,0,0
2008,48,201,1,483100,1,6,2,2,4,2,4,2,1,2,2,2,1,2,2,2,2,2,2,2,1,2,2,2,2,2,2,2,1,2,2,0,0,0
2008,48,167,1,483101,1,6,2,2,4,2,6,2,1,2,2,2,1,2,1,1,2,2,2,2,3,2,2,2,2,2,2,2,1,2,2,0,0,0
2008,48,113,1,483102,1,6,1,2,4,2,6,2,1,1,1,2,1,2,2,2,2,2,1,2,3,2,2,2,2,2,2,2,1,1,2,0,0,0
2008,48,491,2,483103,1,6,2,2,4,2,6,2,1,2,2,2,1,2,2,1,2,2,2,2,3,1,2,1,2,2,2,2,1,2,2,0,0,0
2008,48,113,1,483104,1,6,2,1,3,2,1,2,1,1,1,2,2,1,2,2,2,2,2,2,3,2,2,2,2,2,2,2,1,2,2,0,0,0
2008,48,113,1,483105,1,6,2,1,1,2,1,2,4,1,1,2,2,1,2,1,2,2,2,2,3,2,2,2,2,2,2,2,2,2,2,0,0,0
2008,48,113,2,483106,1,6,2,1,1,2,1,2,1,2,2,2,1,2,2,2,2,2,1,2,3,2,2,2,2,2,1,1,2,2,2,0,0,0
2008,48,113,1,483107,1,6,2,2,2,2,3,2,1,1,2,2,1,2,2,2,2,2,1,2,3,2,2,2,2,2,2,2,1,2,2,0,0,0
2008,48,113,1,483108,1,6,2,1,4,2,1,3,1,2,1,2,2,2,2,2,2,2,2,2,1,2,2,2,2,2,2,2,1,2,2,0,0,0
2008,48,167,1,483109,1,6,2,2,4,2,2,2,1,2,1,2,1,2,2,2,2,2,1,2,3,1,1,1,1,2,2,1,1,1,2,0,0,0
2008,48,471,1,483110,1,6,1,2,4,2,5,2,1,1,2,2,1,2,1,2,2,2,2,2,3,2,2,2,2,2,2,2,1,2,2,0,0,0
2008,48,113,1,483111,1,6,2,1,1,1,1,1,2,2,2,2,2,1,2,1,2,2,2,2,3,2,2,2,2,2,2,2,2,1,2,0,0,0
2008,48,113,1,483112,1,6,1,2,4,2,6,2,1,1,1,2,1,2,2,2,2,2,1,2,1,2,2,2,2,1,2,2,1,2,2,0,0,0
2008,48,113,1,483113,1,6,2,2,4,2,2,3,1,2,1,2,1,2,2,1,2,2,2,2,3,2,2,2,2,2,2,2,1,2,2,0,0,0
2008,48,113,1,483114,1,6,2,2,1,2,2,2,1,1,1,1,1,2,2,2,2,2,1,2,3,2,2,2,2,2,1,1,2,2,2,0,0,0
2008,48,113,1,483115,1,6,2,2,4,2,6,2,1,2,1,2,1,2,2,2,2,2,1,2,1,2,2,2,2,2,2,2,1,1,2,0,0,0
2008,48,113,1,483116,1,6,2,1,1,2,1,2,5,1,1,2,2,1,2,2,2,2,1,2,3,2,2,2,2,2,2,2,2,1,2,0,0,0
2008,48,113,1,483117,1,6,2,2,3,2,2,2,1,1,1,2,1,2,2,2,2,2,1,2,2,2,2,2,2,2,2,2,1,1,2,0,0,0
2008,48,113,1,483118,1,6,2,1,1,2,1,2,2,2,2,2,2,1,2,2,2,2,2,2,1,2,2,2,2,2,2,2,2,2,1,0,0,0
2008,48,503,1,483119,1,6,1,2,4,2,4,2,1,2,2,2,1,2,2,1,2,2,1,2,3,2,2,2,2,2,2,2,1,2,2,0,0,0
2008,48,409,1,483120,1,6,1,2,4,2,6,2,1,2,2,2,1,2,2,2,2,2,2,2,3,2,2,2,2,2,2,2,1,2,2,0,0,0
2008,48,113,1,483121,1,6,2,2,4,2,6,2,1,2,1,2,1,2,2,2,2,2,1,2,1,2,2,2,2,2,2,2,1,1,2,0,0,0
2008,48,113,1,483122,1,6,2,1,1,2,1,2,3,2,1,2,2,1,2,2,2,2,2,2,1,2,2,2,2,2,2,2,2,2,2,0,0,0
2008,48,201,1,483123,1,6,2,2,1,2,3,2,4,2,2,2,2,2,2,2,2,2,2,2,1,2,2,2,2,2,2,2,2,2,2,0,0,0
2008,48,167,1,483124,1,6,3,3,1,2,7,2,6,1,2,2,2,2,1,1,2,2,2,2,1,2,2,2,2,2,2,2,2,2,2,0,0,0
2008,48,113,1,483125,1,6,2,1,4,2,1,3,1,1,2,2,1,2,2,2,2,2,2,2,1,2,2,2,2,2,2,2,1,2,2,0,0,0
2008,48,201,1,483126,1,6,3,3,1,2,7,2,5,2,1,2,2,2,2,2,2,2,1,2,3,2,2,2,2,2,2,2,2,2,2,0,0,0
2008,48,113,1,483127,1,6,2,1,1,2,1,3,2,2,1,2,2,1,2,1,2,2,2,2,1,2,2,2,2,2,1,1,2,2,2,0,0,0
2008,48,201,1,483128,1,6,2,2,1,1,3,1,2,1,1,2,3,2,2,1,2,2,2,2,3,2,2,2,2,2,2,2,2,2,2,0,0,0
2008,48,113,1,483129,1,6,2,1,1,2,1,2,2,2,1,2,2,2,2,2,2,2,2,2,3,2,2,2,2,2,2,2,2,2,2,0,0,0
2008,48,479,2,483130,1,6,1,1,1,2,1,2,4,2,1,2,2,1,2,2,2,2,2,2,3,2,2,2,2,2,2,2,1,2,2,0,0,0
2008,48,217,1,483131,1,6,2,1,4,2,1,2,1,2,1,2,1,2,2,1,2,2,1,2,3,2,2,2,2,2,2,2,1,1,2,0,0,0
2008,48,113,1,483132,1,6,2,2,1,2,2,3,1,2,2,2,1,2,2,2,2,2,1,2,2,2,2,2,2,2,2,2,2,2,2,0,0,0
2008,48,29,1,483133,1,6,2,2,4,2,6,2,1,2,2,2,1,2,2,1,2,2,2,2,3,2,2,2,2,2,1,1,1,2,2,0,0,0
2008,48,201,1,483134,1,6,2,2,4,2,2,2,1,1,2,2,2,2,2,2,2,2,2,2,3,2,2,2,2,2,2,2,1,2,2,0,0,0
2008,48,209,1,483135,1,6,2,1,2,2,1,2,2,2,2,2,1,2,2,2,2,2,2,2,3,2,2,2,2,2,2,2,1,2,2,0,0,0
2008,48,113,1,483136,1,6,2,2,1,2,3,3,1,2,1,2,1,2,2,2,1,2,2,2,3,2,2,2,2,2,2,2,2,2,2,0,0,0
2008,48,113,1,483137,1,6,2,2,2,2,2,2,1,1,1,2,1,2,2,1,2,2,2,2,2,2,2,2,2,2,1,1,1,2,2,0,0,0
2008,48,113,1,483138,1,6,2,2,1,2,2,2,1,2,2,2,1,2,2,2,1,2,2,2,3,2,2,2,2,2,2,2,2,1,2,0,0,0
2008,48,113,1,483139,1,6,2,1,1,2,1,2,2,2,2,2,2,2,1,2,2,2,2,2,3,2,2,2,2,2,2,2,2,1,2,0,0,0
2008,48,171,1,483140,1,6,2,2,1,1,3,1,4,1,1,2,2,2,2,2,2,2,2,2,3,2,2,2,2,1,2,2,2,1,2,0,0,0
2008,48,113,1,483141,1,6,2,1,1,2,1,3,2,2,1,2,3,2,2,1,1,2,2,2,3,2,2,2,2,2,2,2,2,2,2,0,0,0
2008,48,453,1,483142,1,6,2,2,4,2,6,2,1,2,2,2,1,2,1,1,2,2,2,2,1,2,2,2,2,2,1,1,1,2,2,0,0,0
2008,48,113,1,483143,1,6,2,2,1,2,2,2,1,2,2,2,1,2,2,2,1,2,2,2,3,2,2,2,2,2,2,2,2,2,2,0,0,0
2008,48,113,1,483144,1,6,2,1,1,2,1,2,1,2,1,2,1,2,2,2,1,2,2,2,3,2,2,2,2,2,2,2,2,2,2,0,0,0
2008,48,113,1,483145,1,6,2,2,2,2,2,2,1,2,1,2,1,2,2,2,1,2,2,2,3,2,2,2,2,2,2,2,1,2,2,0,0,0
2008,48,27,1,483146,1,6,2,2,2,2,2,2,1,1,1,1,1,2,2,2,1,2,2,2,3,2,2,2,2,2,2,2,1,2,2,0,0,0
2008,48,113,1,483147,1,6,2,2,1,2,6,2,1,2,1,2,1,2,2,2,1,2,2,2,3,2,2,2,2,2,2,2,2,2,2,0,0,0
2008,48,355,1,483148,1,6,2,1,1,2,1,2,1,2,2,2,1,2,2,2,1,2,2,2,3,2,2,2,2,2,2,2,2,2,2,0,0,0
2008,48,453,1,483149,1,6,2,2,1,1,2,1,4,2,2,2,2,2,2,2,2,2,2,2,3,2,2,2,2,1,2,2,2,2,2,0,0,0
2008,48,113,1,483150,1,6,2,1,4,2,1,2,1,1,1,1,2,2,2,1,1,2,2,2,3,2,2,2,2,2,1,1,1,2,2,0,0,0
2008,48,453,1,483151,1,6,2,1,2,2,1,2,2,1,1,2,1,1,2,2,1,2,2,2,3,2,2,2,2,2,2,2,1,2,2,0,0,0
2008,48,113,1,483152,1,6,2,2,1,2,2,2,1,1,1,2,1,2,2,2,1,2,2,2,3,2,2,2,2,2,2,2,2,2,2,0,0,0
2008,48,113,1,483153,1,6,2,1,1,2,1,2,1,2,1,2,1,2,2,2,1,2,2,2,3,2,2,2,2,2,2,2,2,2,2,0,0,0
2008,48,353,1,483154,1,6,1,2,4,2,5,2,1,1,2,2,1,2,2,2,2,2,1,2,3,2,2,2,2,2,2,2,1,2,1,0,0,0
2008,48,439,1,483155,1,6,2,2,1,2,6,2,3,2,1,2,2,2,2,2,2,2,2,2,1,2,2,2,2,2,2,2,1,2,2,0,0,0
2008,48,113,1,483156,1,6,2,1,1,2,1,2,1,2,1,2,1,2,2,2,1,2,2,2,3,2,2,2,2,2,2,2,2,2,2,0,0,0
2008,48,143,1,483157,1,6,2,2,1,1,4,1,4,1,1,2,2,2,2,2,2,2,2,2,3,2,2,2,2,1,2,2,2,2,2,0,0,0
2008,48,29,1,483158,1,6,2,2,1,2,3,2,1,3,2,2,1,2,2,2,1,2,2,2,3,2,2,2,2,2,2,2,2,2,2,0,0,0
2008,48,157,2,483159,1,6,2,2,4,2,6,2,1,2,1,2,1,2,2,2,2,2,2,2,3,2,2,2,2,2,2,2,1,2,2,0,0,0
2008,48,201,1,483160,1,6,2,2,1,2,3,2,1,2,2,2,1,2,2,2,1,2,2,2,2,2,2,1,1,2,2,1,2,2,2,0,0,0
2008,48,201,1,483161,1,6,1,2,1,1,6,1,4,2,1,2,2,2,2,1,2,2,1,2,3,1,1,1,1,1,2,1,2,2,2,0,0,0
2008,48,201,1,483162,1,6,2,1,1,2,1,2,1,2,2,2,1,2,2,2,1,2,2,2,3,2,2,2,2,2,2,2,2,2,2,0,0,0
2008,48,113,1,483163,1,6,2,2,1,1,6,1,4,2,2,2,2,2,2,2,2,2,1,2,2,2,2,2,2,2,2,2,2,2,2,0,0,0
2008,48,141,1,483164,1,6,2,2,1,2,3,2,1,1,2,2,1,2,1,1,2,2,2,2,3,2,2,2,2,2,1,1,1,2,2,0,0,0
2008,49,49,2,490001,1,8,1,2,1,2,4,2,4,2,1,2,2,2,2,1,2,2,2,2,2,2,2,1,1,2,2,1,1,2,2,0,0,0
2008,49,49,1,490002,1,8,2,2,1,1,3,1,1,1,1,2,1,2,2,2,1,2,2,2,2,2,2,2,2,1,2,2,2,2,2,0,0,0
2008,49,47,1,490003,1,8,1,2,1,2,6,2,4,2,1,2,2,2,2,2,2,2,2,2,3,2,2,2,2,1,1,1,2,2,2,0,0,0
2008,49,35,1,490004,1,8,2,2,4,2,3,2,1,2,2,2,1,2,2,1,2,2,1,2,3,2,2,2,2,2,2,2,1,2,2,0,0,0
2008,49,37,9,490005,1,8,1,2,4,2,4,2,1,2,2,2,1,2,2,1,2,2,1,2,3,2,2,2,2,1,2,2,1,2,1,0,0,0
2008,49,11,1,490006,1,8,1,2,1,2,6,2,1,1,1,2,1,2,2,2,1,2,2,2,2,2,2,2,2,2,2,2,2,2,2,0,0,0
2008,49,49,1,490007,1,8,2,1,1,2,1,2,3,2,1,2,3,1,2,2,2,2,2,2,3,2,2,2,2,1,2,2,2,2,2,0,0,0
2008,49,53,1,490008,1,8,1,1,4,2,1,2,1,1,1,2,1,1,2,2,2,2,2,2,3,2,2,2,2,2,2,2,1,2,2,0,0,0
2008,49,11,1,490009,1,8,1,2,1,1,6,1,1,2,2,2,1,2,2,2,1,2,2,2,2,2,2,1,1,2,2,1,2,2,2,0,0,0
2008,49,13,1,490010,1,8,1,2,1,2,3,2,5,1,2,2,2,1,2,2,2,2,2,2,3,2,2,2,2,2,1,1,1,2,1,0,0,0
2008,49,35,1,490011,1,8,2,2,1,1,3,1,1,2,2,2,1,2,2,2,1,2,2,2,2,2,2,2,2,2,2,2,2,2,2,0,0,0
2008,49,45,1,490012,1,8,1,2,4,2,4,2,1,1,1,2,1,2,2,1,2,2,1,2,3,2,2,2,2,2,2,2,1,2,2,0,0,0
2008,49,49,1,490013,1,8,2,2,2,2,6,2,1,1,1,2,1,2,2,1,1,2,2,2,2,2,2,2,2,2,1,1,1,2,2,0,0,0
2008,49,57,1,490014,1,8,1,2,1,1,4,1,4,1,1,2,2,2,2,2,2,2,2,2,2,2,2,2,2,2,2,2,2,2,2,0,0,0
2008,49,47,1,490015,1,8,1,2,1,2,4,2,6,1,1,2,2,1,2,2,2,2,2,2,3,2,2,2,2,2,2,2,2,2,2,0,0,0
2008,49,45,1,490016,1,8,1,1,4,2,1,2,1,2,2,2,1,2,2,2,2,2,1,2,1,2,2,2,2,2,2,2,1,2,2,0,0,0
2008,49,35,1,490017,1,8,2,2,1,1,6,1,4,1,1,2,2,2,2,2,2,2,2,2,3,1,1,1,1,2,2,1,2,2,2,0,0,0
2008,49,35,1,490018,1,8,2,2,4,2,6,2,1,2,1,2,1,2,2,1,2,2,2,2,1,2,2,2,2,2,2,2,1,1,2,0,0,0
2008,49,57,1,490019,1,8,2,2,1,2,3,2,5,1,1,2,3,2,2,1,2,2,2,2,3,1,1,1,1,2,1,1,2,2,2,0,0,0
2008,49,37,1,490020,1,8,1,2,1,2,4,2,5,2,1,2,2,1,2,2,2,2,2,2,1,2,2,2,2,2,2,2,1,2,2,0,0,0
2008,49,53,1,490021,1,8,2,2,1,2,6,2,1,1,2,2,1,2,2,1,2,2,1,2,3,2,2,2,2,2,2,2,2,2,2,0,0,0
2008,49,27,1,490022,1,8,1,2,4,2,4,2,1,1,1,2,1,2,2,1,2,2,2,2,2,2,2,2,2,2,2,2,1,2,2,0,0,0
2008,49,45,1,490023,1,8,1,2,4,1,6,1,1,2,1,2,1,2,2,1,2,2,2,2,1,2,2,1,1,2,2,1,2,2,2,0,0,0
2008,49,15,1,490024,1,8,1,2,1,2,4,2,1,1,2,2,1,2,2,2,2,2,1,2,3,2,2,2,2,1,2,2,1,2,2,0,0,0
2008,49,35,1,490025,1,8,2,1,1,2,1,2,1,2,2,2,2,2,2,2,1,2,2,2,3,2,2,2,2,2,2,2,2,2,2,0,0,0
2008,49,35,1,490026,1,8,2,2,4,2,6,2,1,1,2,2,1,2,1,1,2,2,2,2,1,2,2,2,2,2,2,2,2,2,2,0,0,0
2008,49,35,1,490027,1,8,2,2,1,1,6,1,4,2,2,2,2,2,2,2,2,2,2,2,2,2,2,2,2,2,1,1,2,2,2,0,0,0
2008,49,5,1,490028,1,8,1,2,4,1,4,1,1,2,1,2,1,2,2,2,2,2,1,2,3,2,2,2,2,2,2,2,2,2,2,0,0,0
2008,49,35,1,490029,1,8,2,1,4,2,1,2,1,1,2,2,1,2,2,1,2,2,1,2,2,2,2,2,2,2,2,2,2,2,2,0,0,0
2008,49,17,1,490030,1,8,1,2,1,2,3,2,5,2,2,2,2,1,2,2,2,2,1,2,3,2,2,2,2,2,2,2,1,2,2,0,0,0
2008,49,1,1,490031,1,8,1,1,4,2,1,2,1,2,2,2,1,2,2,1,2,2,1,2,3,2,2,2,2,2,2,2,1,2,2,0,0,0
2008,49,53,1,490032,1,8,1,1,1,2,1,2,1,2,1,2,1,2,2,2,2,2,1,2,1,2,2,2,2,2,1,1,1,2,2,0,0,0
2008,49,49,1,490033,1,8,2,2,1,2,3,2,2,1,1,2,2,2,1,2,2,2,2,2,3,2,2,2,2,2,2,2,2,2,2,0,0,0
2008,49,35,1,490034,1,8,2,2,1,1,6,1,1,1,1,2,1,2,2,2,1,2,2,2,3,2,2,2,2,2,2,2,2,2,2,0,0,0
2008,49,7,1,490035,1,8,1,2,1,1,4,1,4,1,1,2,2,1,2,2,2,2,1,2,3,2,2,2,2,1,2,2,2,2,2,0,0,0
2008,49,57,1,490036,1,8,1,2,1,2,4,2,1,2,2,2,1,2,2,2,2,1,2,2,2,2,2,2,2,2,2,2,2,2,2,0,0,0
2008,49,35,1,490037,1,8,1,2,1,1,6,1,4,2,2,2,2,2,2,2,2,2,1,2,3,2,2,2,2,2,2,2,2,1,2,0,0,0
2008,49,31,1,490038,1,8,1,2,4,2,4,2,1,1,1,2,1,2,2,1,2,2,1,2,3,2,2,2,2,2,2,2,1,2,2,0,0,0
2008,49,49,1,490039,1,8,2,2,4,2,6,2,1,1,1,2,1,2,1,1,2,2,2,2,3,2,2,2,2,2,2,2,1,2,2,0,0,0
2008,49,5,1,490040,1,8,1,2,1,2,3,2,3,2,1,2,2,2,1,1,2,2,2,2,2,2,2,2,2,2,2,2,1,2,2,0,0,0
2008,49,41,1,490041,1,8,1,2,4,2,6,2,1,1,1,2,1,2,2,1,2,2,1,2,3,2,2,2,2,2,2,2,1,2,2,0,0,0
2008,49,45,1,490042,1,8,1,1,4,2,1,2,1,1,2,2,1,2,2,2,2,2,1,2,3,2,2,2,2,1,2,2,1,2,1,0,0,0
2008,49,11,1,490043,1,8,2,1,4,2,1,2,1,2,2,2,1,2,2,1,2,2,2,2,1,2,2,2,2,2,2,2,1,2,2,0,0,0
2008,49,51,1,490044,1,8,2,2,1,2,3,3,4,1,2,2,2,2,1,2,2,2,2,2,3,2,2,2,2,2,2,2,2,2,2,0,0,0
2008,49,43,1,490045,1,8,1,2,4,2,6,2,1,2,1,2,1,2,2,1,2,2,2,2,1,2,2,2,2,2,2,2,1,1,2,0,0,0
2008,49,35,1,490046,1,8,2,2,4,1,6,1,1,1,2,2,1,2,1,1,2,2,2,2,3,2,2,2,2,2,2,2,2,2,2,0,0,0
2008,49,11,1,490047,1,8,1,2,4,2,6,2,1,2,2,2,1,2,1,1,2,2,2,2,3,2,2,2,2,2,1,1,1,2,2,0,0,0
2008,49,21,1,490048,1,8,2,2,1,1,6,1,4,1,1,2,2,2,2,2,2,2,2,2,3,2,2,2,2,1,2,2,2,2,2,0,0,0
2008,49,57,1,490049,1,8,1,2,1,1,6,1,1,2,1,2,1,2,1,2,2,2,2,2,3,2,2,2,2,2,2,2,2,2,2,0,0,0
2008,49,53,2,490050,1,8,1,2,1,2,6,2,3,2,2,2,2,2,2,2,2,2,2,2,3,2,2,2,2,1,1,1,2,2,2,0,0,0
2008,49,49,1,490051,1,8,1,2,4,2,6,2,1,2,2,2,1,2,2,2,2,2,1,2,1,2,2,2,2,2,2,2,1,2,2,0,0,0
2008,49,57,1,490052,1,8,1,2,1,1,6,1,4,2,2,1,2,2,1,2,2,2,2,2,3,2,2,2,2,2,1,1,2,2,2,0,0,0
2008,49,35,1,490053,1,8,1,2,1,2,4,2,1,2,1,2,1,2,2,1,2,2,1,2,2,1,1,1,1,2,2,1,1,2,2,0,0,0
2008,49,11,1,490054,1,8,2,1,1,2,1,2,1,2,2,2,1,2,2,2,2,2,1,2,3,2,2,2,2,2,2,2,1,2,2,0,0,0
2008,49,35,1,490055,1,8,1,2,1,1,3,1,4,1,1,2,2,2,1,2,2,2,2,2,3,2,2,2,2,2,2,2,2,2,2,0,0,0
2008,49,11,1,490056,1,8,2,2,1,2,3,2,1,1,1,2,1,2,1,1,2,2,2,2,3,2,2,2,2,2,2,2,2,2,2,0,0,0
2008,49,35,1,490057,1,8,2,1,4,2,1,2,1,2,1,2,1,2,2,1,2,2,1,2,2,1,1,1,1,2,2,1,1,2,2,0,0,0
2008,49,35,1,490058,1,8,2,1,1,2,1,2,5,1,2,2,2,1,2,1,2,2,2,1,2,2,2,2,2,2,2,2,2,2,2,0,0,0
2008,49,43,1,490059,1,8,1,1,4,2,1,2,1,2,2,2,1,2,2,1,2,2,1,2,3,2,2,2,2,2,2,2,1,2,2,0,0,0
2008,49,23,1,490060,1,8,1,2,1,2,6,2,5,2,2,2,2,2,1,2,2,2,2,2,3,2,2,2,2,2,2,2,2,2,2,0,0,0
2008,49,11,2,490061,1,8,1,2,1,1,4,1,4,1,1,2,2,2,2,2,2,2,2,2,2,2,2,2,2,1,2,2,2,2,2,0,0,0
2008,49,35,1,490062,1,8,2,2,1,2,6,2,3,1,1,2,2,2,2,2,2,2,2,2,3,2,2,2,2,2,2,2,2,2,2,0,0,0
2008,49,53,1,490063,1,8,1,2,1,2,6,2,5,2,1,2,3,2,2,2,2,2,2,2,1,2,2,2,2,1,1,1,1,2,2,0,0,0
2008,49,25,1,490064,1,8,1,2,1,2,3,2,2,1,1,2,2,2,1,2,2,2,2,2,3,2,2,2,2,1,2,2,1,2,2,0,0,0
2008,49,11,1,490065,1,8,2,2,1,1,6,1,4,1,1,2,2,2,1,2,2,2,2,2,3,2,2,2,2,2,1,1,2,2,2,0,0,0
2008,49,43,1,490066,1,8,1,1,1,2,1,2,5,1,2,2,2,1,2,2,2,2,1,2,1,2,2,2,2,2,2,2,1,2,2,0,0,0
2008,49,35,1,490067,1,8,1,2,1,2,6,2,4,1,1,2,2,2,2,2,2,2,2,2,3,1,1,1,1,2,2,1,2,2,2,0,0,0
2008,49,11,1,490068,1,8,2,1,1,2,1,2,5,1,1,2,2,2,2,2,2,2,2,2,2,2,2,2,2,2,2,2,2,2,2,0,0,0
2008,49,41,1,490069,1,8,1,1,3,2,1,2,1,1,1,2,1,2,2,2,2,2,1,2,3,2,2,2,2,2,2,2,2,2,2,0,0,0
2008,49,39,1,490070,1,8,1,2,4,2,4,2,1,1,1,2,1,2,2,2,2,2,1,2,3,2,2,2,2,2,1,1,1,2,2,0,0,0
2008,49,27,1,490071,1,8,1,1,4,2,1,2,1,1,1,2,1,2,2,2,2,2,1,2,2,2,2,2,2,1,2,2,1,2,1,0,0,0
2008,49,31,1,490072,1,8,1,2,1,2,4,2,1,1,1,2,1,2,2,2,2,2,1,2,3,2,2,2,2,2,2,2,1,2,2,0,0,0
2008,49,35,1,490073,1,8,2,1,2,2,1,3,2,2,2,2,1,2,1,2,2,2,2,2,3,2,2,2,2,2,2,2,1,2,2,0,0,0
2008,49,57,1,490074,1,8,2,2,4,2,5,2,1,2,1,2,1,2,1,2,2,2,2,2,3,2,2,2,2,2,2,2,2,2,2,0,0,0
2008,49,35,1,490075,1,8,2,2,1,1,6,1,1,2,1,2,1,2,2,2,2,1,2,2,3,2,2,2,2,2,2,2,2,2,2,0,0,0
2008,49,57,1,490076,1,8,1,2,4,2,4,2,1,1,2,2,1,2,1,2,2,2,2,2,3,2,2,2,2,2,2,2,1,2,2,0,0,0
2008,49,21,1,490077,1,8,1,1,1,2,1,2,1,1,1,2,1,2,2,2,2,2,1,2,3,2,2,2,2,2,2,2,2,2,1,0,0,0
2008,49,15,1,490078,1,8,1,2,4,2,4,2,1,1,1,2,1,2,2,2,2,2,1,2,1,2,2,2,2,1,2,2,1,2,2,0,0,0
2008,49,35,1,490080,1,8,2,2,1,2,3,2,1,2,2,2,1,2,1,2,2,2,2,2,3,2,2,2,2,2,2,2,2,2,2,0,0,0
2008,49,35,1,490081,1,8,2,2,4,2,6,2,3,2,1,2,1,2,2,2,2,2,2,2,2,2,2,2,2,2,1,1,1,2,2,0,0,0
2008,49,35,1,490082,1,8,2,1,1,2,1,2,1,1,1,2,1,2,2,1,2,2,1,2,3,2,2,2,2,2,2,2,2,2,2,0,0,0
2008,49,29,1,490083,1,8,1,2,4,2,4,2,1,2,2,2,1,2,2,1,2,2,1,2,1,2,2,2,2,2,2,2,1,2,2,0,0,0
2008,49,47,1,490084,1,8,1,2,1,2,3,2,1,2,2,2,1,2,2,2,2,2,1,2,3,2,2,2,2,2,1,1,2,2,2,0,0,0
2008,49,35,1,490085,1,8,2,1,4,2,1,2,1,1,2,2,1,2,2,2,2,2,1,2,3,2,2,2,2,2,2,2,1,2,2,0,0,0
2008,49,3,1,490086,1,8,1,1,1,2,1,2,1,1,2,2,1,2,2,1,2,2,1,2,3,2,2,2,2,2,1,1,1,2,2,0,0,0
2008,49,47,1,490087,1,8,1,2,1,2,4,2,3,1,1,2,2,1,2,1,2,2,2,2,3,2,2,2,2,2,1,1,1,2,2,0,0,0
2008,49,49,1,490088,1,8,1,2,4,2,4,2,1,1,1,2,1,2,2,1,1,2,2,2,3,2,2,2,2,2,2,2,1,2,2,0,0,0
2008,49,35,2,490089,1,8,2,1,1,2,1,2,2,1,1,2,2,2,2,1,2,2,2,2,3,2,2,2,2,2,1,1,2,2,2,0,0,0
2008,49,35,1,490090,1,8,2,2,1,1,3,1,3,2,1,2,2,2,2,1,2,2,2,2,1,2,2,2,2,2,2,2,2,2,2,0,0,0
2008,49,49,2,490091,1,8,1,2,1,1,3,1,4,1,2,2,2,2,2,2,2,2,2,2,3,2,2,2,2,2,2,2,2,2,2,0,0,0
2008,49,13,1,490092,1,8,1,2,1,2,4,2,1,2,2,2,1,1,2,1,2,2,1,2,3,2,2,2,2,2,2,2,2,2,2,0,0,0
2008,49,49,1,490093,1,8,2,2,1,1,3,1,4,2,1,2,2,2,2,2,2,2,2,2,2,2,2,2,2,2,1,1,2,2,2,0,0,0
2008,49,41,2,490095,1,8,1,1,3,2,1,2,1,1,1,2,1,2,2,1,2,2,2,2,2,2,2,2,2,2,2,2,1,2,2,0,0,0
2008,49,35,1,490096,1,8,2,2,1,1,3,1,4,1,1,2,2,2,2,2,2,2,2,2,3,2,2,2,2,1,2,2,2,2,2,0,0,0
2008,49,27,2,490097,1,8,1,1,1,2,1,3,5,1,2,2,2,2,2,2,2,2,1,2,3,2,2,2,2,1,2,2,2,2,2,0,0,0
2008,49,45,1,490098,1,8,1,2,4,2,6,2,1,1,2,2,1,2,2,1,2,2,1,2,3,2,2,2,2,2,1,1,1,2,2,0,0,0
2008,49,53,1,490099,1,8,1,1,1,2,1,2,5,1,2,2,2,2,2,2,2,2,1,2,1,2,2,2,2,2,1,1,2,2,1,0,0,0
2008,49,35,1,490100,1,8,2,1,2,2,1,2,1,1,2,1,1,2,2,2,1,2,2,2,3,2,2,2,2,2,2,2,2,2,2,0,0,0
2008,49,15,3,490101,1,8,1,2,1,2,4,2,1,2,2,2,1,2,2,1,2,2,1,2,3,2,2,2,2,2,2,2,2,2,2,0,0,0
2008,49,57,1,490102,1,8,1,2,1,1,4,1,4,1,1,2,2,2,2,1,2,2,2,2,2,2,2,2,2,2,2,2,2,1,2,0,0,0
2008,49,49,1,490103,1,8,2,2,1,1,3,1,4,1,1,2,2,1,1,2,2,2,2,2,2,2,2,2,2,2,2,2,2,2,2,0,0,0
2008,49,15,1,490104,1,8,1,1,3,2,1,2,1,2,2,2,1,2,2,2,2,2,1,2,3,2,2,2,2,2,2,2,1,2,2,0,0,0
2008,49,35,1,490105,1,8,2,2,4,2,2,3,1,2,2,2,1,2,2,1,2,2,1,2,3,2,2,2,2,2,2,2,1,2,2,0,0,0
2008,49,49,1,490106,1,8,1,2,1,1,5,1,1,1,1,2,1,2,2,2,1,2,2,2,2,2,2,2,2,2,2,2,2,2,2,0,0,0
2008,49,49,1,490107,1,8,1,1,1,2,1,2,5,1,1,2,3,1,2,2,2,2,2,2,1,2,2,2,2,2,2,2,2,2,2,0,0,0
2008,49,53,2,490108,1,8,1,1,4,2,1,2,1,1,1,2,1,2,2,2,2,2,1,2,2,2,2,2,2,2,2,2,1,2,1,0,0,0
2008,49,3,1,490109,1,8,1,2,4,2,4,2,1,1,1,2,1,1,2,2,2,2,1,2,2,2,2,2,2,2,2,2,2,2,1,0,0,0
2008,49,57,1,490110,1,8,2,2,1,1,3,1,4,2,1,2,2,2,2,1,2,2,2,1,1,2,2,2,2,2,2,2,2,2,2,0,0,0
2008,49,11,1,490111,1,8,1,1,4,2,1,2,1,1,2,2,1,2,2,1,2,2,1,2,1,2,2,2,2,2,2,2,1,2,2,0,0,0
2008,49,39,1,490112,1,8,1,2,1,1,6,1,1,2,1,2,1,2,2,2,2,2,1,2,3,2,2,2,2,2,2,2,2,2,2,0,0,0
2008,49,25,1,490113,1,8,1,2,4,2,6,2,1,2,2,2,1,2,2,2,2,2,1,2,3,1,2,1,2,2,2,2,1,2,2,0,0,0
2008,49,5,1,490114,1,8,1,2,1,2,3,2,4,1,1,2,2,2,1,2,2,2,2,2,3,2,2,2,2,2,2,2,2,2,2,0,0,0
2008,49,49,2,490115,1,8,2,1,1,2,1,2,1,1,2,2,1,2,2,2,2,2,1,2,3,2,2,2,2,2,2,2,1,2,2,0,0,0
2008,49,1,1,490116,1,8,1,1,4,2,1,2,1,1,2,2,1,2,2,2,2,2,1,2,3,2,2,2,2,2,1,1,2,2,2,0,0,0
2008,49,7,1,490117,1,8,1,2,4,2,6,2,1,1,1,2,1,2,2,1,2,2,1,2,3,2,2,2,2,2,2,2,2,2,2,0,0,0
2008,49,43,1,490118,1,8,1,2,4,2,6,2,1,2,2,2,1,2,2,1,2,2,1,2,2,2,2,2,2,2,2,2,1,2,2,0,0,0
2008,49,53,1,490119,1,8,1,1,3,2,1,2,1,2,1,2,1,2,2,2,2,2,1,2,1,1,1,1,1,2,2,1,2,2,1,0,0,0
2008,49,35,1,490120,1,8,2,2,1,2,6,2,1,2,1,2,1,2,2,2,1,2,2,2,2,2,2,2,2,2,2,2,2,2,2,0,0,0
2008,49,57,1,490121,1,8,2,2,1,2,3,2,1,2,2,2,1,2,2,2,1,2,2,2,2,1,1,1,1,2,2,1,2,2,2,0,0,0
2008,49,35,1,490122,1,8,2,2,1,1,4,1,4,1,2,2,2,2,2,2,2,2,1,2,1,2,2,2,2,2,1,1,2,2,2,0,0,0
2008,49,35,1,490123,1,8,2,1,4,2,1,2,1,2,2,2,1,2,2,2,2,2,1,2,1,2,2,2,2,2,1,1,1,2,1,0,0,0
2008,49,45,1,490124,1,8,1,1,1,2,1,2,1,2,2,2,1,2,2,2,2,2,1,2,3,2,2,2,2,2,2,2,1,2,1,0,0,0
2008,49,49,1,490125,1,8,1,2,1,1,4,1,4,2,2,2,2,2,1,1,2,2,2,2,3,2,2,2,2,2,2,2,2,2,2,0,0,0
2008,49,35,1,490126,1,8,2,2,4,2,3,2,1,2,1,2,1,2,1,1,2,2,2,2,3,1,1,1,1,2,2,1,1,2,2,0,0,0
2008,49,35,1,490127,1,8,2,2,1,2,3,2,4,1,1,2,2,2,1,2,2,2,2,2,2,2,2,2,2,1,2,2,2,2,2,0,0,0
2008,49,53,2,490128,1,8,1,1,4,2,1,2,1,2,2,2,1,2,2,1,2,2,1,2,1,2,2,2,2,2,2,2,1,2,2,0,0,0
2008,49,35,1,490129,1,8,2,2,1,2,3,2,1,2,1,2,1,2,2,2,1,2,2,2,2,2,2,2,2,2,2,2,2,2,2,0,0,0
2008,49,27,1,490130,1,8,1,2,1,2,4,2,1,1,1,2,1,2,2,2,2,2,1,2,2,2,2,2,2,2,2,2,2,2,2,0,0,0
2008,49,49,1,490131,1,8,1,2,1,1,6,1,1,1,1,2,1,2,2,2,2,1,2,2,2,1,2,1,2,2,2,2,2,1,2,0,0,0
2008,49,29,1,490132,1,8,1,2,4,2,4,2,1,2,2,2,1,2,2,2,2,2,1,2,1,2,2,2,2,2,2,2,1,2,2,0,0,0
2008,49,21,1,490133,1,8,1,2,1,1,4,1,4,2,1,2,2,2,1,2,2,2,2,2,2,1,1,1,1,2,2,1,2,2,2,0,0,0
2008,49,11,1,490134,1,8,1,2,1,2,6,2,5,2,1,2,2,2,1,2,2,2,2,2,3,2,2,2,2,2,2,2,2,2,2,0,0,0
2008,49,53,2,490135,1,8,1,2,1,2,3,2,3,2,1,2,2,2,2,2,2,2,2,2,2,2,2,2,2,2,2,2,2,2,2,0,0,0
2008,49,43,1,490136,1,8,1,1,3,2,1,2,1,1,1,2,1,2,2,1,2,2,1,2,3,1,1,1,1,2,2,1,1,2,2,0,0,0
2008,49,35,1,490137,1,8,2,2,1,1,3,1,2,2,1,2,2,2,2,2,2,2,2,2,2,1,1,1,1,2,2,1,2,2,2,0,0,0
2008,49,57,1,490138,1,8,1,2,1,1,6,1,4,2,2,2,2,2,2,2,2,2,2,2,3,1,1,1,1,2,2,1,2,2,2,0,0,0
2008,49,49,1,490139,1,8,1,1,1,2,1,2,2,2,2,2,2,2,1,1,2,2,2,2,3,2,2,1,1,2,2,1,2,2,2,0,0,0
2008,49,35,1,490140,1,8,2,2,4,2,6,2,1,1,1,2,1,1,2,1,2,2,1,2,2,2,2,2,2,2,2,2,2,2,2,0,0,0
2008,49,3,1,490141,1,8,1,1,4,2,1,2,1,1,1,2,1,2,2,2,2,2,1,2,3,2,2,2,2,1,2,2,1,2,2,0,0,0
2008,49,49,1,490142,1,8,1,1,1,2,1,2,5,1,1,2,2,2,2,2,2,2,1,2,3,2,2,2,2,2,2,2,1,2,2,0,0,0
2008,49,41,1,490143,1,8,1,1,4,2,1,2,1,1,1,2,1,2,2,2,2,2,1,2,3,2,2,2,2,2,2,2,1,2,2,0,0,0
2008,49,27,1,490144,1,8,1,1,2,2,1,2,1,1,1,2,1,2,2,2,2,2,1,2,3,2,2,2,2,2,2,2,1,2,2,0,0,0
2008,49,45,1,490145,1,8,1,2,2,2,4,2,2,1,1,2,2,2,2,2,2,2,2,2,3,2,2,2,2,2,2,2,2,2,2,0,0,0
2008,49,57,1,490146,1,8,1,1,3,2,1,2,1,2,1,2,1,2,2,2,2,2,1,2,3,2,2,2,2,2,1,1,1,2,1,0,0,0
2008,49,45,1,490147,1,8,1,1,1,2,1,2,5,1,1,2,2,2,2,1,2,2,1,2,1,2,2,2,2,2,2,2,1,2,2,0,0,0
2008,49,25,1,490148,1,8,1,2,1,2,3,2,3,1,1,2,2,2,2,2,2,2,2,2,1,2,2,2,2,2,2,2,1,2,2,0,0,0
2008,49,49,1,490149,1,8,2,1,4,2,1,2,1,2,1,2,1,2,2,1,2,2,1,2,3,1,1,1,1,2,2,1,1,2,2,0,0,0
2008,49,43,1,490150,1,8,1,1,1,2,1,2,1,2,2,2,1,2,2,1,2,2,1,2,3,2,2,1,1,2,2,1,1,2,2,0,0,0
2008,49,35,1,490151,1,8,2,2,1,2,6,2,5,1,1,2,2,1,1,1,2,2,2,2,2,2,2,2,2,2,2,2,2,2,2,0,0,0
2008,49,11,1,490152,1,8,2,2,1,1,3,1,4,1,1,2,3,2,2,2,2,2,2,2,3,2,2,2,2,1,2,2,2,2,2,0,0,0
2008,49,37,1,490153,1,8,1,2,1,2,4,2,4,2,1,1,2,1,2,2,2,2,1,2,1,2,2,2,2,2,1,1,1,2,2,0,0,0
2008,49,49,1,490154,1,8,2,2,1,1,6,1,4,1,1,2,2,2,1,2,2,2,2,2,2,2,2,2,2,2,1,1,2,2,2,0,0,0
2008,49,49,1,490155,1,8,2,1,2,2,1,2,1,1,1,2,1,2,2,2,2,2,1,2,3,2,2,2,2,2,2,2,1,2,2,0,0,0
2008,49,49,1,490156,1,8,1,2,1,2,3,2,3,1,1,2,2,2,2,2,2,2,2,2,3,2,2,2,2,2,1,1,1,2,2,0,0,0
2008,49,37,1,490157,1,8,1,2,2,2,4,2,1,1,1,2,1,2,2,1,2,2,1,2,1,2,2,2,2,2,2,2,1,2,2,0,0,0
2008,49,49,1,490158,1,8,2,2,1,1,3,1,1,1,2,2,1,2,2,2,1,2,2,2,3,2,2,2,2,2,1,1,2,2,2,0,0,0
2008,49,23,1,490159,1,8,1,2,4,2,4,2,1,2,2,2,1,2,2,1,2,2,1,2,2,2,2,2,2,2,2,2,1,2,2,0,0,0
2008,49,35,1,490160,1,8,2,1,4,2,1,2,1,2,2,2,1,2,2,1,2,2,1,2,3,2,2,2,2,2,1,1,1,2,2,0,0,0
2008,49,45,1,490161,1,8,1,1,4,2,1,2,1,1,1,2,1,2,2,2,2,2,2,2,3,2,2,2,2,2,1,1,1,2,2,0,0,0
2008,49,23,1,490162,1,8,1,1,3,2,1,2,1,1,2,2,2,1,2,2,2,2,1,2,2,2,2,2,2,1,2,2,1,2,2,0,0,0
2008,49,19,1,490163,1,8,1,1,3,2,1,2,1,1,1,2,1,2,2,2,2,2,1,2,2,2,2,2,2,2,1,1,1,2,2,0,0,0
2008,49,3,1,490164,1,8,1,2,1,2,4,2,1,2,1,2,1,2,2,2,2,2,1,2,3,2,2,2,2,2,2,2,2,2,2,0,0,0
2008,49,53,1,490165,1,8,2,2,1,1,3,1,4,1,1,2,2,2,2,2,2,2,2,2,3,1,1,1,1,1,2,1,2,2,2,0,0,0
2008,49,41,1,490166,1,8,1,2,4,2,4,2,1,1,2,2,1,2,2,1,2,2,1,2,3,1,1,1,1,2,2,1,1,2,2,0,0,0
2008,49,23,1,490167,1,8,1,1,4,2,1,2,1,2,1,2,1,2,2,2,2,2,1,2,2,2,2,2,2,2,2,2,1,2,2,0,0,0
2008,49,49,1,490168,1,8,1,2,4,2,4,2,1,2,1,2,1,2,2,1,2,2,1,2,1,2,2,2,2,2,2,2,1,2,2,0,0,0
2008,49,45,1,490169,1,8,1,1,4,2,1,2,1,1,1,2,1,2,2,2,2,2,1,2,3,2,2,2,2,1,2,2,1,2,2,0,0,0
2008,49,35,1,490170,1,8,2,2,1,2,3,2,4,1,1,2,3,1,2,2,2,2,2,2,2,2,2,2,2,2,1,1,2,2,2,0,0,0
2008,49,47,1,490171,1,8,1,2,4,2,3,2,1,1,2,2,1,2,2,2,2,2,1,2,2,1,1,1,1,2,2,1,1,1,2,0,0,0
2008,49,27,1,490172,1,8,1,1,4,2,1,2,1,1,1,2,1,2,2,2,2,2,1,2,3,2,2,2,2,2,2,2,1,2,2,0,0,0
2008,49,35,1,490173,1,8,2,2,1,1,6,1,4,2,1,2,2,2,1,2,2,2,2,2,2,1,1,1,1,2,1,1,2,2,2,0,0,0
2008,49,35,1,490174,1,8,2,2,1,2,6,2,1,2,1,1,1,2,2,2,1,2,2,2,3,2,2,2,2,2,2,2,2,2,2,0,0,0
2008,49,53,1,490175,1,8,1,2,4,2,6,2,1,1,2,2,1,2,1,1,2,2,2,2,3,2,2,2,2,2,2,2,2,2,2,0,0,0
2008,49,57,1,490177,1,8,2,2,1,2,3,2,1,2,1,1,1,2,2,1,1,2,2,2,3,2,2,2,2,2,1,1,2,2,2,0,0,0
2008,49,49,1,490178,1,8,1,2,4,2,4,2,1,2,2,2,1,2,2,1,2,2,1,2,1,2,2,2,2,2,2,2,1,2,2,0,0,0
2008,49,35,1,490179,1,8,1,1,4,2,1,2,1,2,2,2,1,2,2,2,2,2,1,2,3,2,2,2,2,2,2,2,1,1,2,0,0,0
2008,49,41,1,490180,1,8,1,1,1,2,1,2,1,1,1,2,1,2,2,2,2,2,1,2,3,2,2,2,2,1,2,2,1,2,1,0,0,0
2008,49,35,1,490181,1,8,2,2,1,2,6,2,1,1,2,2,1,2,2,2,2,2,2,2,2,2,2,2,2,2,1,1,2,2,2,0,0,0
2008,49,17,1,490182,1,8,1,2,4,2,6,2,1,1,1,2,1,2,2,1,2,2,1,2,3,2,2,2,2,2,2,2,1,2,2,0,0,0
2008,49,35,1,490183,1,8,2,1,1,2,1,2,1,2,1,1,1,2,2,2,1,2,2,2,3,2,2,2,2,2,2,2,2,2,2,0,0,0
2008,49,33,1,490184,1,8,1,2,1,2,4,2,3,1,2,2,2,2,1,1,2,2,2,2,3,2,2,2,2,2,2,2,1,2,2,0,0,0
2008,49,15,1,490185,1,8,1,2,4,2,4,2,1,2,1,2,1,2,2,2,2,2,1,2,3,2,2,2,2,1,2,2,2,2,1,0,0,0
2008,49,35,2,490186,1,8,2,2,4,1,4,1,1,2,2,2,1,2,2,1,2,2,2,2,3,2,2,2,2,2,2,2,2,2,2,0,0,0
2008,49,15,1,490187,1,8,1,2,1,2,4,2,1,2,1,2,1,2,2,2,1,2,2,2,2,1,1,1,1,2,2,1,2,2,2,0,0,0
2008,49,35,1,490188,1,8,2,2,1,1,6,1,4,1,2,2,3,2,1,2,2,2,2,2,2,1,1,1,1,2,1,1,2,2,2,0,0,0
2008,49,39,2,490189,1,8,1,2,1,2,4,2,1,1,1,2,1,2,2,2,1,2,2,2,2,2,2,2,2,2,2,2,2,2,2,0,0,0
2008,49,35,1,490190,1,8,2,2,1,1,3,1,4,2,2,2,2,2,2,2,2,2,2,2,3,2,2,2,2,2,2,2,2,2,2,0,0,0
2008,49,37,2,490191,1,8,1,2,1,1,4,1,4,1,1,2,2,2,2,1,2,2,2,2,3,2,2,2,2,1,2,2,2,2,2,0,0,0
2008,49,3,1,490192,1,8,1,1,3,2,1,2,1,1,2,2,2,2,2,1,2,2,2,2,3,1,1,1,1,2,1,1,1,1,2,0,0,0
2008,49,11,1,490193,1,8,2,2,4,2,3,2,1,2,2,2,1,2,2,1,2,2,2,2,3,2,2,2,2,2,2,2,1,2,2,0,0,0
2008,49,43,2,490194,1,8,1,2,4,2,3,2,1,1,1,2,1,2,2,1,2,2,1,2,2,2,2,2,2,2,2,2,1,2,2,0,0,0
2008,49,3,1,490195,1,8,1,2,1,2,3,2,4,1,1,2,2,2,2,1,2,2,2,2,3,2,2,2,2,2,2,2,1,1,2,0,0,0
2008,49,43,2,490196,1,8,1,2,4,2,3,2,1,2,2,2,1,2,2,1,2,2,1,2,1,2,2,2,2,2,2,2,1,2,2,0,0,0
2008,49,49,1,490197,1,8,1,2,4,2,4,2,1,3,3,2,1,2,2,2,2,2,1,2,1,2,2,2,2,2,2,2,1,2,2,0,0,0
2008,49,49,1,490198,1,8,2,1,1,2,1,2,4,1,1,2,2,1,2,2,2,2,2,2,3,2,2,1,1,2,2,1,2,2,2,0,0,0
2008,49,35,1,490199,1,8,2,2,1,1,6,1,4,2,1,2,2,1,2,1,2,2,1,2,1,2,2,2,2,2,2,2,2,2,2,0,0,0
2008,49,45,1,490200,1,8,1,1,4,2,1,2,1,2,2,2,1,2,2,2,2,2,1,2,2,2,2,2,2,1,2,2,1,1,2,0,0,0
2008,49,35,1,490201,1,8,2,2,1,2,3,2,4,1,2,2,2,2,1,2,2,2,2,2,2,2,2,2,2,2,2,2,2,2,2,0,0,0
2008,49,49,1,490202,1,8,1,1,1,2,1,2,5,2,2,2,2,1,2,2,2,2,2,2,2,1,1,1,1,2,2,1,2,2,2,0,0,0
2008,49,57,1,490203,1,8,2,2,4,1,3,1,1,1,2,2,1,2,2,1,2,2,2,2,2,1,1,1,1,2,2,1,2,2,2,0,0,0
2008,49,45,1,490204,1,8,1,1,2,2,1,2,1,2,2,2,1,2,2,1,2,2,1,2,3,2,2,2,2,2,2,2,1,2,1,0,0,0
2008,49,49,1,490205,1,8,2,2,1,2,6,2,1,1,1,2,1,2,2,2,1,2,2,2,3,2,2,2,2,2,2,2,2,2,2,0,0,0
2008,49,47,1,490206,1,8,1,2,2,2,6,2,1,2,2,2,1,2,2,1,1,2,2,2,2,2,2,2,2,2,1,1,1,2,2,0,0,0
2008,49,49,1,490207,1,8,2,1,1,2,1,2,1,2,1,2,1,1,2,2,1,2,2,2,2,2,2,2,2,2,1,1,2,2,2,0,0,0
2008,49,35,1,490208,1,8,2,2,2,2,4,2,1,1,1,2,1,2,2,2,1,2,2,2,3,1,1,1,1,2,2,1,1,2,2,0,0,0
2008,49,45,1,490209,1,8,2,1,1,2,1,2,2,2,2,2,2,2,2,1,2,2,1,2,2,2,2,2,2,2,1,1,2,2,2,0,0,0
2008,49,35,1,490210,1,8,2,2,1,2,6,2,5,2,2,2,2,2,1,2,2,2,2,2,3,2,2,2,2,2,1,1,2,2,2,0,0,0
2008,49,49,1,490211,1,8,1,2,1,2,3,2,3,1,1,2,2,2,2,2,2,2,1,2,3,2,2,2,2,2,2,2,1,2,2,0,0,0
2008,49,49,1,490212,1,8,1,2,1,2,6,2,1,2,1,2,1,2,2,2,2,2,2,2,2,1,1,1,1,2,2,1,2,1,2,0,0,0
2008,49,35,1,490213,1,8,2,2,1,2,6,2,1,1,1,2,1,2,2,2,2,1,2,2,3,2,2,2,2,2,2,2,2,2,2,0,0,0
2008,49,35,1,490214,1,8,2,2,1,1,6,1,4,1,1,2,2,2,2,1,2,2,2,2,2,1,1,1,1,2,2,1,2,2,2,0,0,0
2008,49,19,1,490215,1,8,1,2,1,2,4,2,5,1,1,2,2,1,2,2,2,2,2,2,3,2,2,2,2,1,2,2,1,2,2,0,0,0
2008,49,53,2,490216,1,8,2,2,1,2,6,2,4,1,1,2,2,1,2,2,2,2,2,2,2,2,2,2,2,2,2,2,1,2,2,0,0,0
2008,49,47,2,490217,1,8,1,2,1,2,3,3,3,1,1,2,2,2,2,2,2,2,2,2,3,2,2,2,2,2,1,1,2,2,2,1,0,1
2008,49,23,1,490218,1,8,1,2,4,2,4,2,1,1,2,2,1,2,1,2,2,2,2,2,2,2,2,2,2,2,2,2,1,2,2,0,0,0
2008,49,45,1,490219,1,8,1,2,4,2,6,2,1,2,1,2,1,2,2,2,2,2,2,2,3,2,2,2,2,2,1,1,1,2,2,0,0,0
2008,49,35,1,490220,1,8,2,2,1,2,3,2,3,1,1,2,2,2,2,2,2,2,2,2,2,2,2,2,2,2,2,2,1,2,2,0,0,0
2008,49,43,1,490221,1,8,1,1,4,2,1,2,1,1,2,2,1,2,2,2,2,2,1,2,3,2,2,2,2,2,2,2,1,2,2,0,0,0
2008,49,35,1,490222,1,8,2,2,1,1,6,1,4,1,1,2,2,2,1,2,2,2,2,2,2,2,2,2,2,2,1,1,2,2,2,0,0,0
2008,49,45,1,490223,1,8,1,2,1,1,4,1,4,1,1,2,2,1,2,2,2,2,2,2,2,2,2,2,2,2,2,2,2,2,2,0,0,0
2008,49,19,1,490224,1,8,1,2,4,2,4,2,1,1,1,2,1,2,2,2,2,2,1,2,3,2,2,2,2,1,2,2,1,2,1,0,0,0
2008,49,3,3,490225,1,8,1,2,1,2,3,2,3,2,2,2,2,2,2,2,2,2,2,2,2,1,1,1,1,2,2,1,1,2,1,0,0,0
2008,49,47,1,490226,1,8,1,2,4,2,4,2,1,2,2,2,1,2,2,1,2,2,1,2,1,2,2,2,2,2,2,2,1,2,2,0,0,0
2008,49,43,1,490227,1,8,1,1,1,2,1,2,3,2,2,2,2,1,2,2,2,2,2,2,1,2,2,2,2,2,2,2,2,2,2,0,0,0
2008,49,19,1,490228,1,8,1,2,4,2,4,2,1,1,2,2,1,2,2,2,2,2,1,2,3,2,2,2,2,2,2,2,1,2,1,0,0,0
2008,49,39,1,490229,1,8,1,2,4,2,6,2,1,1,2,2,1,2,2,1,2,2,1,2,1,2,2,2,2,2,1,1,1,2,2,0,0,0
2008,49,55,1,490230,1,8,1,2,4,2,3,2,1,1,2,2,1,2,2,1,2,2,2,2,3,2,2,2,2,1,2,2,1,2,2,0,0,0
2008,49,49,1,490231,1,8,2,2,1,1,6,1,1,1,2,2,1,2,2,2,1,2,2,2,2,2,2,2,2,2,2,2,2,2,2,0,0,0
2008,49,5,1,490232,1,8,1,2,1,2,4,2,3,1,1,2,2,2,2,2,2,2,2,2,3,2,2,2,2,2,1,1,1,2,2,0,0,0
2008,49,49,1,490233,1,8,2,2,1,2,3,2,1,2,2,2,1,2,2,1,1,2,2,2,2,2,2,2,2,2,2,2,2,2,2,0,0,0
2008,49,57,1,490234,1,8,2,2,1,2,5,2,1,2,1,2,1,2,2,2,1,2,2,2,3,2,2,2,2,2,2,2,2,2,2,0,0,0
2008,49,35,1,490235,1,8,2,2,1,1,6,1,4,1,1,2,2,2,2,1,2,2,2,2,3,2,2,2,2,1,2,2,2,2,2,0,0,0
2008,49,49,1,490236,1,8,2,1,1,2,1,2,3,2,1,2,3,2,2,2,2,2,2,2,1,1,1,1,1,2,2,1,2,2,2,0,0,0
2008,49,49,2,490237,1,8,1,2,1,2,3,2,4,1,1,2,3,2,2,2,2,2,2,2,3,1,1,1,1,1,2,1,1,2,2,0,0,0
2008,49,5,1,490238,1,8,1,2,1,2,6,2,1,2,1,2,1,2,2,2,1,2,2,2,2,2,2,2,2,2,2,2,2,2,2,0,0,0
2008,49,49,1,490239,1,8,2,2,1,2,3,2,1,2,1,2,1,2,2,2,1,2,2,2,3,2,2,2,2,2,2,2,2,2,2,0,0,0
2008,49,35,1,490240,1,8,2,2,4,1,3,1,1,2,2,2,1,2,2,1,2,2,2,2,3,2,2,2,2,2,1,1,2,2,2,0,0,0
2008,49,35,1,490241,1,8,2,2,4,2,6,2,2,1,1,2,1,2,2,2,2,2,2,2,3,2,2,2,2,2,2,2,2,2,2,0,0,0
2008,49,49,1,490242,1,8,1,2,4,2,6,2,1,1,1,2,1,2,2,1,2,2,1,2,2,2,2,2,2,2,2,2,2,2,2,0,0,0
2008,49,35,1,490243,1,8,2,2,1,1,3,1,4,2,2,2,2,2,2,2,2,2,2,2,1,2,2,2,2,2,2,2,2,2,2,0,0,0
2008,49,35,1,490244,1,8,2,2,1,2,6,2,1,1,1,2,1,2,2,1,1,2,2,2,3,2,2,2,2,2,2,2,2,2,2,0,0,0
2008,49,35,1,490245,1,8,2,2,1,1,6,1,1,1,1,2,1,2,2,2,1,2,2,2,3,1,1,1,1,2,2,1,2,2,2,0,0,0
2008,49,47,1,490246,1,8,1,2,1,2,3,2,3,1,1,2,2,1,2,1,2,2,2,2,2,2,2,2,2,2,2,2,1,2,2,0,0,0
2008,49,35,1,490247,1,8,2,2,1,2,3,2,1,2,2,2,2,2,2,2,1,2,2,2,2,2,2,2,2,2,2,2,2,2,2,0,0,0
2008,49,37,1,490248,1,8,1,2,1,2,4,2,1,1,1,2,1,2,2,1,2,2,1,2,3,2,2,2,2,2,1,1,1,2,2,1,1,1
2008,50,17,1,500001,1,1,1,2,1,2,5,2,3,1,1,2,2,2,2,2,2,2,2,2,2,2,2,2,2,2,2,2,1,2,2,0,0,0
2008,50,19,2,500002,1,1,1,2,1,2,6,2,4,1,1,2,2,2,2,1,2,2,2,2,3,2,2,1,1,2,2,1,1,2,2,0,0,0
2008,50,25,1,500003,1,1,1,1,3,2,1,2,1,2,2,2,2,1,2,1,2,2,1,2,2,2,2,2,2,2,2,2,1,2,2,0,0,0
2008,50,7,1,500004,1,1,1,2,1,2,5,2,4,1,1,2,2,2,2,1,2,2,2,2,3,1,1,1,1,2,1,1,1,2,2,0,0,0
2008,50,25,1,500005,1,1,2,1,2,2,1,2,1,1,1,2,2,1,2,1,2,2,2,2,3,2,2,2,2,1,2,2,1,2,2,0,0,0
2008,50,9,1,500006,1,1,1,2,1,2,3,2,4,1,1,2,2,1,2,2,2,2,2,2,2,2,2,2,2,2,2,2,1,2,2,0,0,0
2008,50,1,3,500007,1,1,2,2,2,2,2,2,4,1,1,2,2,2,2,1,2,2,2,2,3,2,2,2,2,2,2,2,1,2,2,0,0,0
2008,50,23,1,500008,1,1,1,1,3,2,1,2,1,1,2,2,1,2,2,1,2,2,1,2,3,2,2,2,2,2,2,2,1,2,2,0,0,0
2008,50,15,1,500009,1,1,1,2,2,2,5,2,1,1,1,2,1,2,2,2,2,2,1,2,3,2,2,2,2,2,2,2,1,2,2,0,0,0
2008,50,27,1,500010,1,1,1,1,3,2,1,2,1,1,2,2,1,2,2,1,2,2,1,2,3,2,2,2,2,2,2,2,1,2,2,0,0,0
2008,50,21,1,500011,1,1,2,2,1,1,2,1,4,1,2,2,2,2,2,2,2,2,2,2,3,2,2,2,2,1,2,2,2,2,2,0,0,0
2008,50,27,1,500012,1,1,1,1,2,2,1,2,1,2,2,2,1,2,2,2,2,2,1,2,1,2,2,2,2,2,2,2,1,1,2,0,0,0
2008,50,15,1,500013,1,1,1,2,4,2,5,2,1,2,2,2,1,2,2,2,2,2,1,2,1,2,2,2,2,2,2,2,1,2,2,0,0,0
2008,50,11,1,500014,1,1,1,1,3,2,1,2,1,2,1,2,1,2,2,2,2,2,1,2,2,2,2,2,2,2,2,2,1,2,1,0,0,0
2008,50,3,2,500015,1,1,1,2,1,2,3,2,6,1,1,2,3,1,2,1,2,2,1,2,3,2,2,2,2,1,2,2,2,2,2,0,0,0
2008,50,25,1,500016,1,1,1,2,4,2,5,2,1,1,1,2,1,2,2,1,2,2,2,2,2,2,2,2,2,2,2,2,1,2,2,0,0,0
2008,50,13,1,500017,1,1,1,2,4,2,5,2,1,1,1,2,1,2,2,2,2,2,1,2,2,2,2,2,2,1,2,2,1,2,2,0,0,0
2008,50,17,1,500018,1,1,1,1,4,2,1,2,1,1,2,2,1,2,2,1,2,2,1,2,1,2,2,2,2,2,2,2,1,2,2,0,0,0
2008,50,9,1,500019,1,1,1,2,4,2,3,2,1,1,2,2,1,2,2,2,2,2,1,2,1,2,2,2,2,2,2,2,1,2,2,0,0,0
2008,50,17,1,500020,1,1,1,1,3,2,1,2,1,1,1,2,1,2,2,2,2,2,2,2,3,2,2,2,2,2,2,2,1,2,2,0,0,0
2008,50,1,1,500021,1,1,1,2,1,2,3,2,4,1,1,2,3,1,2,2,2,2,2,2,3,2,2,2,2,2,2,2,2,2,2,0,0,0
2008,50,27,1,500022,1,1,1,2,1,2,3,2,4,1,1,2,2,2,2,1,2,2,2,2,3,2,2,2,2,2,2,2,1,2,2,0,0,0
2008,50,21,1,500023,1,1,1,2,1,2,5,2,4,1,1,2,2,2,2,2,2,2,2,2,3,1,1,1,1,2,2,1,1,2,2,0,0,0
2008,50,21,1,500024,1,1,1,2,1,1,3,1,4,1,2,2,2,2,2,2,2,2,2,2,3,1,1,1,1,2,2,1,2,1,1,0,0,0
2008,50,7,1,500025,1,1,2,1,2,2,1,2,1,1,1,2,1,2,2,2,2,2,1,2,2,2,2,2,2,2,2,2,1,2,2,0,0,0
2008,50,27,1,500026,1,1,1,2,1,2,5,2,1,1,2,2,1,2,1,1,2,2,2,2,2,2,2,2,2,2,2,2,2,2,2,0,0,0
2008,50,27,1,500027,1,1,1,1,4,2,1,2,1,2,2,2,1,2,2,2,2,2,2,2,1,2,2,2,2,2,2,2,1,2,2,0,0,0
2008,50,23,1,500028,1,1,1,1,3,2,1,2,1,1,2,2,1,2,2,2,2,2,1,2,2,2,2,2,2,2,2,2,1,2,2,0,0,0
2008,50,1,1,500029,1,1,2,2,1,2,2,2,3,1,1,2,3,2,2,2,2,2,2,2,3,2,2,2,2,1,2,2,1,2,2,0,0,0
2008,50,11,1,500030,1,1,1,2,2,2,5,2,1,1,1,2,1,2,2,2,2,2,1,2,2,1,1,1,1,2,2,1,1,2,1,0,0,0
2008,50,23,1,500031,1,1,1,2,4,2,5,2,1,1,1,2,1,2,2,2,2,2,2,2,3,2,2,2,2,1,2,2,1,1,2,0,0,0
2008,50,21,1,500032,1,1,1,2,4,2,5,2,1,1,1,2,1,2,2,2,2,2,1,2,1,2,2,2,2,2,2,2,1,2,2,0,0,0
2008,50,25,2,500033,1,1,1,1,2,2,1,2,1,1,1,2,2,2,2,2,2,2,1,2,3,2,2,2,2,1,2,2,1,1,2,0,0,0
2008,50,1,1,500034,1,1,1,2,1,1,3,1,4,1,1,2,3,2,1,1,2,2,2,2,3,2,2,2,2,1,2,2,2,1,2,0,0,0
2008,50,27,1,500035,1,1,1,1,4,2,1,2,1,1,1,2,1,2,2,2,2,2,1,2,1,2,2,2,2,2,2,2,1,2,2,0,0,0
2008,50,15,1,500036,1,1,1,2,4,2,6,2,1,2,2,2,1,2,2,1,2,2,2,2,1,2,2,2,2,2,2,2,1,2,2,0,0,0
2008,50,25,1,500037,1,1,1,2,1,2,4,2,3,1,2,2,2,2,2,2,2,2,2,2,2,2,2,2,2,2,1,1,1,2,2,0,0,0
2008,50,5,1,500038,1,1,1,2,4,2,5,2,1,2,2,2,1,2,2,1,2,2,1,2,1,2,2,2,2,2,1,1,1,2,2,0,0,0
2008,50,23,1,500039,1,1,1,2,1,2,6,2,1,2,1,2,2,2,1,1,2,2,2,2,2,1,1,1,1,2,2,1,2,2,2,0,0,0
2008,50,9,1,500040,1,1,1,2,1,2,5,2,3,2,1,2,2,2,1,2,2,2,2,2,2,2,2,2,2,2,2,2,1,2,2,0,0,0
2008,50,1,1,500041,1,1,1,2,4,1,4,1,1,1,2,2,1,2,2,2,2,2,2,2,2,1,1,1,1,2,2,1,2,2,2,0,0,0
2008,50,1,1,500042,1,1,1,2,4,2,5,2,1,3,2,2,1,2,2,2,2,2,2,2,2,1,1,1,1,2,2,1,1,2,2,0,0,0
2008,50,27,1,500043,1,1,1,2,4,2,5,2,1,1,2,2,1,2,2,2,2,2,2,2,2,2,2,2,2,2,2,2,1,2,2,0,0,0
2008,50,7,1,500044,1,1,2,2,1,1,2,1,2,1,1,2,3,2,2,2,2,2,2,2,3,2,2,2,2,1,2,2,2,1,2,0,0,0
2008,50,1,1,500045,1,1,1,2,4,2,3,2,1,1,1,2,1,2,2,2,2,2,2,2,2,2,2,2,2,1,2,2,1,2,2,0,0,0
2008,50,7,1,500046,1,1,2,2,4,2,5,2,1,2,2,2,1,2,2,1,2,2,1,2,2,1,1,1,1,2,2,1,1,2,2,0,0,0
2008,50,11,1,500047,1,1,1,2,1,1,5,1,3,2,1,2,2,2,1,2,2,2,2,2,1,2,2,2,2,2,2,2,2,2,2,0,0,0
2008,50,21,1,500048,1,1,1,2,1,2,3,3,4,1,1,2,2,2,2,2,2,2,2,2,3,2,2,2,2,1,2,2,2,2,2,0,0,0
2008,50,23,1,500049,1,1,1,2,1,2,4,2,3,1,1,2,2,2,2,2,2,2,2,2,3,2,2,2,2,1,2,2,1,2,2,0,0,0
2008,50,15,1,500050,1,1,1,2,2,2,5,2,1,1,1,2,1,2,2,2,2,2,2,2,3,2,2,2,2,2,2,2,1,2,2,0,0,0
2008,50,5,2,500051,1,1,1,2,4,2,6,2,1,2,1,2,1,2,2,1,2,2,1,2,1,2,2,2,2,2,1,1,1,2,2,0,0,0
2008,50,3,1,500052,1,1,1,2,2,2,3,2,3,1,1,2,2,2,2,2,2,2,1,2,2,2,2,2,2,2,2,2,2,2,2,0,0,0
2008,50,5,1,500053,1,1,1,2,4,2,6,2,1,1,2,2,1,2,2,1,2,2,1,2,3,1,1,1,1,2,2,1,1,2,2,0,0,0
2008,50,3,1,500054,1,1,1,2,1,2,5,2,1,2,1,2,2,2,2,2,2,2,2,2,3,2,2,2,2,2,2,2,2,2,2,0,0,0
2008,50,25,1,500055,1,1,2,2,1,2,2,2,1,1,1,1,1,2,2,2,1,2,2,2,1,2,2,2,2,2,2,2,1,2,2,0,0,0
2008,50,5,1,500056,1,1,1,2,4,2,5,2,1,1,1,2,1,2,1,2,2,2,2,2,2,2,2,2,2,1,2,2,1,2,2,0,0,0
2008,50,19,1,500057,1,1,1,2,1,2,5,2,3,1,1,2,2,2,2,2,2,2,2,2,3,2,2,2,2,1,2,2,1,2,2,0,0,0
2008,50,25,1,500058,1,1,1,2,2,2,6,2,1,1,2,2,1,2,1,2,2,2,2,2,3,2,2,2,2,2,2,2,1,2,2,0,0,0
2008,50,3,1,500059,1,1,1,2,4,2,5,2,1,1,2,2,1,2,2,2,2,2,1,2,3,2,2,2,2,2,2,2,1,2,2,0,0,0
2008,50,3,1,500060,1,1,1,2,1,2,4,2,4,1,1,2,2,2,2,2,2,2,2,2,3,1,1,1,1,2,2,1,1,1,2,0,0,0
2008,50,7,2,500061,1,1,2,2,1,1,4,1,3,2,2,2,2,2,2,2,2,2,1,1,3,2,2,2,2,2,2,2,2,2,2,0,0,0
2008,50,17,1,500062,1,1,1,2,4,1,5,1,1,1,1,2,1,2,2,2,2,2,2,2,3,2,2,2,2,2,2,2,2,2,2,0,0,0
2008,50,21,1,500063,1,1,1,2,1,2,3,2,3,1,1,2,2,2,2,2,2,2,2,2,3,1,1,1,1,1,2,1,1,2,1,0,0,0
2008,50,25,1,500064,1,1,2,2,4,2,2,2,1,1,2,2,1,2,2,2,2,2,2,2,3,1,1,1,1,2,2,1,1,2,2,0,0,0
2008,50,15,1,500065,1,1,1,2,1,2,4,2,5,2,1,2,3,1,2,2,2,2,2,2,3,2,2,2,2,2,2,2,1,1,2,0,0,0
2008,50,19,1,500066,1,1,1,2,4,2,6,2,1,1,1,2,1,2,2,1,2,2,2,2,3,2,2,2,2,1,2,2,1,2,2,0,0,0
2008,51,141,1,510001,1,3,1,2,4,2,6,2,1,2,1,2,1,2,2,2,2,2,2,2,1,2,2,2,2,1,2,2,1,2,2,0,0,0
2008,51,195,1,510002,1,3,1,2,3,2,3,2,1,1,1,2,1,2,2,2,2,2,1,2,3,2,2,2,2,2,2,2,1,2,2,0,0,0
2008,51,15,1,510003,1,3,1,2,4,2,5,2,1,1,1,2,1,2,2,2,2,2,2,2,3,1,1,1,1,2,2,1,1,2,2,0,0,0
2008,51,5,1,510004,1,3,1,2,1,2,6,2,1,2,1,2,1,2,2,2,1,2,2,2,3,2,2,2,2,2,2,2,2,2,2,0,0,0
2008,51,3,1,510005,1,3,2,2,4,2,4,2,3,2,1,2,2,2,2,1,2,2,2,2,3,2,2,2,2,2,2,2,1,2,2,0,0,0
2008,51,107,1,510006,1,3,1,2,1,2,5,2,1,2,2,2,1,2,2,2,2,2,1,2,1,2,2,2,2,2,2,2,1,2,2,0,0,0
2008,51,73,2,510007,1,3,1,2,2,1,5,1,1,2,2,2,1,2,2,2,2,2,2,2,3,2,2,2,2,2,2,2,2,2,2,0,0,0
2008,51,183,1,510008,1,3,1,2,4,2,6,2,1,1,1,2,1,2,1,2,2,2,2,2,2,2,2,2,2,2,1,1,1,2,2,0,0,0
2008,51,41,1,510009,1,3,2,2,4,2,5,2,1,2,1,2,1,2,2,2,2,2,2,2,2,2,2,2,2,2,2,2,1,2,2,0,0,0
2008,51,75,1,510010,1,3,1,2,1,2,5,2,4,2,2,2,2,1,2,2,2,2,2,2,3,2,2,2,2,1,2,2,2,2,2,0,0,0
2008,51,710,1,510011,1,3,2,2,4,2,4,2,1,2,2,2,1,2,2,2,2,1,2,2,3,2,2,2,2,2,1,1,1,2,2,0,0,0
2008,51,111,1,510012,1,3,1,2,4,2,4,2,1,2,2,2,1,2,2,1,2,2,2,2,1,2,2,2,2,2,2,2,1,2,2,0,0,0
2008,51,630,1,510013,1,3,2,2,1,2,3,2,3,1,1,2,2,2,2,2,2,2,2,2,1,2,2,2,2,2,2,2,1,2,2,0,0,0
2008,51,89,1,510014,1,3,1,2,4,2,5,2,1,1,1,2,1,2,2,1,2,2,2,2,3,2,2,2,2,2,2,2,1,2,2,0,0,0
2008,51,41,2,510015,1,3,2,2,1,2,3,2,4,1,1,2,2,1,2,2,2,2,2,2,3,1,1,1,1,2,2,1,1,2,2,0,0,0
2008,51,177,1,510016,1,3,2,2,1,1,3,1,1,2,2,1,1,2,2,2,1,2,2,2,3,2,2,2,2,2,1,1,2,2,2,0,0,0
2008,51,520,1,510017,1,3,2,2,1,2,3,2,4,1,1,2,3,2,2,2,2,2,2,2,3,1,1,1,1,1,2,1,1,2,2,0,0,0
2008,51,760,1,510018,1,3,2,2,1,2,4,2,1,1,1,2,1,2,2,2,2,2,2,2,3,2,2,2,2,2,2,2,2,2,2,0,0,0
2008,51,810,1,510019,1,3,2,2,2,2,4,2,1,2,1,2,1,1,2,2,1,2,2,2,3,2,2,2,2,2,2,2,1,2,2,0,0,0
2008,51,59,1,510020,1,3,2,1,1,2,1,3,2,2,1,2,3,1,2,1,2,2,2,2,3,2,2,2,2,2,2,2,2,2,2,0,0,0
2008,51,137,1,510021,1,3,1,2,1,2,4,2,2,1,1,2,3,1,2,2,2,2,1,2,3,2,2,2,2,2,2,2,2,2,2,0,0,0
2008,51,131,1,510022,1,3,1,2,1,2,3,3,4,2,1,2,2,1,2,2,2,2,2,2,3,2,2,2,2,2,2,2,2,2,2,0,0,0
2008,51,175,1,510023,1,3,1,2,4,2,4,2,1,1,1,2,1,1,2,2,2,2,1,2,3,2,2,2,2,2,2,2,1,2,2,0,0,0
2008,51,7,1,510024,1,3,1,2,4,2,6,2,1,2,2,2,1,2,2,2,2,2,2,2,2,2,2,2,2,1,2,2,1,2,2,0,0,0
2008,51,47,1,510025,1,3,1,2,1,1,4,1,4,2,2,2,2,1,2,2,2,2,2,2,3,2,2,2,2,2,2,2,2,2,2,0,0,0
2008,51,83,1,510026,1,3,1,2,1,2,6,2,4,2,2,2,2,2,2,2,2,2,2,2,3,1,1,1,1,2,2,1,1,2,2,0,0,0
2008,51,1,1,510027,1,3,1,2,4,2,6,2,1,2,1,2,1,2,2,2,2,2,2,2,1,2,2,1,1,2,2,1,1,2,2,0,0,0
2008,51,41,1,510028,1,3,2,1,2,2,1,3,1,1,1,2,1,2,2,2,2,2,1,2,2,2,2,2,2,2,2,2,1,2,2,0,0,0
2008,51,1,1,510029,1,3,1,2,4,2,5,2,1,2,1,2,1,2,2,1,2,2,2,1,3,2,2,2,2,2,2,2,1,2,2,0,0,0
2008,51,800,1,510030,1,3,2,2,4,2,2,2,1,2,2,2,1,2,2,2,2,2,2,2,2,2,2,2,2,2,1,1,1,2,2,0,0,0
2008,51,147,1,510031,1,3,1,2,1,2,6,2,3,2,1,2,2,2,2,2,2,2,2,2,3,2,2,2,2,2,2,2,1,2,2,0,0,0
2008,51,93,2,510032,1,3,2,2,1,2,5,2,3,2,2,2,2,2,2,1,2,2,2,2,1,2,2,2,2,1,1,1,1,2,2,0,0,0
2008,51,9,1,510033,1,3,2,2,1,1,5,1,1,1,1,1,1,2,2,2,1,2,2,2,3,1,1,1,1,2,2,1,2,1,2,0,0,0
2008,51,185,1,510034,1,3,1,2,4,2,3,2,1,1,1,2,1,2,2,1,2,2,1,2,3,2,2,2,2,2,2,2,1,2,2,0,0,0
2008,51,59,1,510035,1,3,2,2,1,1,3,1,1,2,2,2,1,2,2,2,1,2,2,2,3,2,2,2,2,2,2,2,2,2,2,0,0,0
2008,51,107,1,510036,1,3,2,2,2,2,6,2,1,2,2,1,1,2,2,2,2,2,2,2,3,2,2,2,2,2,2,2,1,2,2,0,0,0
2008,51,179,1,510037,1,3,2,2,2,2,6,2,1,1,1,2,1,2,2,2,2,2,1,2,3,2,2,2,2,2,2,2,1,2,2,0,0,0
2008,51,197,1,510038,1,3,1,2,4,2,6,2,1,2,2,2,1,2,2,2,2,2,2,2,2,2,2,2,2,2,2,2,1,2,2,0,0,0
2008,51,153,1,510039,1,3,1,2,4,2,5,2,1,2,1,2,1,2,2,2,2,2,2,2,1,2,2,2,2,2,2,2,1,2,2,0,0,0
2008,51,199,1,510040,1,3,2,1,4,2,1,3,1,2,1,2,1,2,2,2,2,2,1,2,2,2,2,2,2,2,2,2,1,2,2,0,0,0
2008,51,3,1,510041,1,3,1,1,4,2,1,2,1,2,1,2,1,2,2,2,2,2,1,2,1,2,2,2,2,2,2,2,1,2,2,0,0,0
2008,51,133,1,510042,1,3,1,2,4,2,6,2,1,2,2,2,1,2,2,2,2,2,1,2,1,2,2,2,2,2,1,1,1,2,2,0,0,0
2008,51,195,1,510043,1,3,1,2,4,2,3,2,1,1,1,2,1,2,2,2,2,2,1,2,3,2,2,2,2,2,2,2,1,2,2,0,0,0
2008,51,65,1,510044,1,3,1,2,4,2,5,2,1,2,1,2,1,2,2,2,2,2,2,2,3,2,2,2,2,2,2,2,1,2,2,0,0,0
2008,51,87,1,510045,1,3,2,2,1,1,4,1,4,2,2,2,2,2,2,2,2,2,2,2,2,2,2,2,2,1,2,2,2,2,2,0,0,0
2008,51,31,1,510046,1,3,1,2,1,1,3,1,4,2,1,2,2,2,2,2,2,2,2,2,3,2,2,2,2,2,2,2,2,2,2,0,0,0
2008,51,199,1,510047,1,3,2,2,1,1,3,1,4,2,1,2,3,2,2,2,2,2,2,2,3,2,2,1,1,2,1,1,2,2,2,0,0,0
2008,51,161,1,510048,1,3,1,2,1,2,6,2,4,1,1,2,2,2,2,1,2,2,2,2,1,1,1,1,1,2,2,1,1,2,2,0,0,0
2008,51,87,1,510049,1,3,2,2,4,2,6,2,1,1,2,2,1,2,2,1,2,2,2,2,3,2,2,2,2,2,2,2,1,2,2,0,0,0
2008,51,9,1,510050,1,3,2,2,1,2,3,2,1,2,1,2,1,2,2,2,1,2,2,2,3,2,2,2,2,2,2,2,2,2,2,0,0,0
2008,51,89,1,510051,1,3,1,2,4,2,5,2,1,1,2,2,1,2,2,1,2,2,2,2,1,2,2,2,2,2,2,2,1,2,2,0,0,0
2008,51,159,1,510052,1,3,1,2,4,2,5,2,1,2,2,2,1,2,2,1,2,2,1,2,3,1,1,1,1,2,2,1,1,2,2,0,0,0
2008,51,61,1,510053,1,3,1,1,4,2,1,2,1,2,1,2,1,1,2,2,2,2,2,2,2,2,2,2,2,2,2,2,1,2,2,0,0,0
2008,51,69,1,510054,1,3,1,2,1,1,4,1,4,1,1,2,2,2,2,2,2,2,2,2,3,1,1,1,1,2,2,1,2,2,2,0,0,0
2008,51,195,1,510055,1,3,1,2,4,2,3,2,1,2,1,2,1,2,2,1,2,2,1,2,1,2,2,2,2,2,2,2,1,2,2,0,0,0
2008,51,143,1,510056,1,3,1,2,2,1,4,1,4,1,2,2,2,2,2,2,2,2,2,2,3,2,2,2,2,2,2,2,2,2,2,0,0,0
2008,51,143,1,510057,1,3,1,2,1,2,5,2,4,1,1,2,2,2,2,2,2,2,2,2,3,2,2,2,2,2,2,2,1,2,2,0,0,0
2008,51,23,1,510058,1,3,1,2,4,2,3,2,1,1,1,2,1,2,2,2,2,2,2,2,3,2,2,2,2,1,2,2,1,2,2,0,0,0
2008,51,29,1,510059,1,3,1,2,2,2,4,2,1,2,2,2,1,2,2,2,2,2,2,2,1,2,2,2,2,2,2,2,1,2,2,0,0,0
2008,51,71,1,510060,1,3,1,2,2,2,4,2,1,2,2,2,1,2,2,2,2,2,1,2,2,2,2,2,2,2,2,2,1,2,2,0,0,0
2008,51,165,1,510061,1,3,2,2,4,2,6,2,1,2,2,2,1,2,2,1,2,2,1,2,1,2,2,2,2,2,2,2,1,2,2,0,0,0
2008,51,153,1,510062,1,3,1,2,1,1,6,1,4,2,2,2,2,1,2,2,2,2,2,2,3,2,2,2,2,2,2,2,2,2,2,0,0,0
2008,51,650,1,510063,1,3,2,1,2,2,1,3,1,2,1,2,1,2,2,2,2,2,1,2,3,2,2,2,2,2,2,2,1,2,2,0,0,0
2008,51,67,1,510064,1,3,1,2,4,2,4,2,1,2,1,2,1,2,2,2,2,2,2,2,3,1,1,1,1,2,2,1,1,2,2,0,0,0
2008,51,800,1,510065,1,3,2,2,1,2,3,2,1,2,1,2,1,1,2,2,1,2,2,2,2,2,2,2,2,2,2,2,2,2,2,0,0,0
2008,51,650,1,510066,1,3,2,2,1,2,4,2,3,1,1,2,2,2,2,2,2,2,2,2,3,1,1,1,1,2,2,1,1,2,2,0,0,0
2008,51,9,1,510067,1,3,1,2,4,2,4,2,1,1,1,2,1,2,2,2,2,2,1,2,3,1,1,1,1,2,2,1,1,2,2,0,0,0
2008,51,167,1,510068,1,3,1,2,2,2,3,2,1,1,1,2,1,2,2,1,2,2,1,2,2,2,2,2,2,2,1,1,1,2,2,0,0,0
2008,51,143,1,510069,1,3,1,2,1,2,5,2,1,2,2,1,1,2,2,2,1,2,2,2,2,2,2,2,2,2,2,2,2,2,2,0,0,0
2008,51,59,1,510070,1,3,2,2,4,2,6,2,4,2,1,2,2,2,1,2,2,2,2,2,2,2,2,2,2,2,2,2,1,2,2,0,0,0
2008,51,83,1,510071,1,3,1,2,1,1,4,1,4,2,2,2,2,2,2,2,2,2,2,2,3,1,1,1,1,2,2,1,2,2,2,0,0,0
2008,51,191,1,510072,1,3,1,2,4,2,5,2,1,1,1,2,1,2,2,1,2,2,2,2,3,2,2,1,1,2,2,1,1,2,2,0,0,0
2008,51,183,1,510073,1,3,1,1,1,2,1,3,1,2,1,2,1,2,2,2,1,2,2,2,3,2,2,2,2,2,2,2,2,2,2,0,0,0
2008,51,67,1,510074,1,3,1,2,4,2,6,2,1,1,1,2,1,2,2,1,2,2,1,2,1,2,2,2,2,2,2,2,1,2,2,0,0,0
2008,51,650,1,510075,1,3,2,2,1,1,4,1,4,1,2,2,3,2,2,2,2,2,2,2,3,2,2,2,2,1,2,2,2,2,2,0,0,0
2008,51,141,1,510076,1,3,1,2,4,2,5,2,1,2,2,2,1,2,2,1,2,2,2,2,1,2,2,2,2,2,2,2,1,2,2,0,0,0
2008,51,79,1,510077,1,3,1,2,1,1,3,1,4,1,2,2,2,2,2,2,2,2,2,2,3,2,2,2,2,2,2,2,2,2,2,0,0,0
2008,51,143,1,510078,1,3,1,2,4,2,4,2,1,1,2,2,1,2,2,2,2,2,1,2,2,2,2,2,2,2,2,2,1,2,2,0,0,0
2008,51,15,1,510079,1,3,2,2,1,2,4,2,3,1,2,2,2,2,2,2,2,2,2,2,1,2,2,2,2,2,1,1,1,2,2,0,0,0
2008,51,73,1,510080,1,3,1,2,1,2,5,2,3,2,2,2,2,2,2,2,2,2,2,2,1,2,2,2,2,2,2,2,1,2,2,0,0,0
2008,51,53,1,510081,1,3,2,1,1,2,1,2,2,2,2,2,3,2,2,2,2,2,2,2,3,2,2,2,2,2,1,1,1,2,2,0,0,0
2008,51,165,1,510082,1,3,1,1,1,2,1,2,1,2,2,2,1,1,2,2,1,2,2,2,3,2,2,2,2,2,2,2,2,2,2,0,0,0
2008,51,125,1,510083,1,3,1,2,1,1,3,1,4,2,1,2,2,1,2,2,2,2,2,2,3,2,2,2,2,1,2,2,2,2,2,0,0,0
2008,51,165,1,510084,1,3,2,2,1,1,3,1,4,1,1,2,2,2,2,2,2,2,2,2,3,2,2,2,2,1,2,2,2,2,2,0,0,0
2008,51,83,2,510085,1,3,1,2,4,2,5,2,1,2,2,2,1,2,2,2,2,2,1,2,1,2,2,2,2,2,2,2,1,2,2,0,0,0
2008,51,181,1,510086,1,3,1,2,1,2,5,2,1,2,1,2,1,2,2,2,2,2,2,2,3,2,2,2,2,2,2,2,2,2,2,0,0,0
2008,51,83,1,510087,1,3,1,2,4,2,6,2,1,1,1,2,1,2,2,2,2,2,1,2,2,2,2,2,2,2,2,2,1,2,2,0,0,0
2008,51,165,1,510088,1,3,1,1,1,2,1,3,2,2,2,2,2,2,2,2,2,2,2,2,3,1,1,1,1,2,2,1,2,2,2,0,0,0
2008,51,650,2,510089,1,3,2,2,2,2,3,2,1,2,2,2,1,2,2,1,2,2,2,2,2,2,2,2,2,2,1,1,1,2,2,0,0,0
2008,51,179,1,510090,1,3,2,2,2,2,5,2,1,2,1,2,1,2,2,2,2,2,1,2,1,2,2,2,2,2,2,2,1,2,2,0,0,0
2008,51,35,1,510091,1,3,1,2,1,2,5,2,3,2,1,2,2,2,2,2,2,2,1,2,1,2,2,2,2,2,2,2,1,2,2,0,0,0
2008,51,89,2,510092,1,3,2,2,4,2,5,2,1,2,2,2,1,2,2,1,2,2,2,2,1,1,1,1,1,2,2,1,1,2,2,0,0,0
2008,51,95,2,510093,1,3,1,1,3,2,1,2,1,2,2,2,1,2,2,2,2,2,2,2,3,1,1,1,1,2,2,1,1,2,1,0,0,0
2008,51,67,1,510094,1,3,1,2,4,2,6,2,1,1,1,2,1,2,2,2,2,2,2,2,2,2,2,2,2,1,2,2,1,2,2,0,0,0
2008,51,87,1,510095,1,3,2,2,1,2,3,2,1,1,1,1,1,2,2,2,1,2,2,2,3,2,2,2,2,2,2,2,2,2,2,0,0,0
2008,51,117,1,510096,1,3,1,2,1,1,3,1,4,1,1,2,2,1,2,2,2,2,2,2,3,2,2,2,2,2,2,2,2,2,2,0,0,0
2008,51,165,2,510097,1,3,2,1,1,2,1,3,3,2,1,2,2,1,2,2,2,2,2,2,3,2,2,2,2,2,2,2,1,1,2,0,0,0
2008,51,153,1,510098,1,3,2,2,4,1,4,1,1,2,1,2,1,2,2,1,2,2,1,2,3,2,2,2,2,2,1,1,2,2,2,0,0,0
2008,51,650,1,510099,1,3,2,2,1,2,4,2,1,2,1,2,1,2,2,2,1,2,2,2,3,2,2,2,2,2,2,2,2,2,2,0,0,0
2008,51,19,1,510100,1,3,1,2,4,2,4,2,1,2,1,2,1,2,2,1,2,2,1,2,1,2,2,2,2,2,2,2,1,2,2,0,0,0
2008,51,135,1,510101,1,3,1,2,4,2,5,2,2,1,1,2,2,1,2,2,2,2,2,2,3,2,2,2,2,2,2,2,1,2,2,0,0,0
2008,51,69,1,510102,1,3,1,2,1,2,5,2,3,1,1,2,2,2,2,2,2,2,2,2,3,2,2,2,2,1,2,2,1,2,2,0,0,0
2008,51,1,1,510103,1,3,1,2,1,2,3,2,1,2,1,2,1,2,2,2,2,1,2,2,1,2,2,2,2,2,2,2,2,2,2,0,0,0
2008,51,109,1,510104,1,3,1,2,4,2,5,2,1,1,1,2,1,2,2,2,2,2,2,2,3,2,2,2,2,2,2,2,1,2,2,0,0,0
2008,51,161,1,510105,1,3,2,2,1,2,3,2,2,2,1,2,3,1,2,2,1,2,2,2,1,2,2,2,2,2,2,2,2,2,2,0,0,0
2008,51,95,1,510106,1,3,1,1,1,2,1,2,1,1,2,2,1,2,2,2,2,2,1,2,3,2,2,2,2,1,2,2,1,2,2,0,0,0
2008,51,41,1,510107,1,3,2,2,1,1,4,1,1,2,2,2,1,2,2,2,1,2,2,2,3,1,1,1,1,2,2,1,2,2,2,0,0,0
2008,51,183,1,510108,1,3,1,2,4,2,4,2,1,1,1,2,1,2,2,2,2,2,1,2,3,2,2,2,2,2,2,2,1,2,2,0,0,0
2008,51,7,1,510109,1,3,1,2,2,2,6,2,1,1,1,2,1,2,2,2,2,2,1,2,2,2,2,2,2,1,2,2,1,2,2,0,0,0
2008,51,121,1,510110,1,3,2,2,1,1,6,1,1,2,2,2,1,2,2,2,1,2,2,2,3,2,2,2,2,2,1,1,2,2,2,0,0,0
2008,51,161,1,510111,1,3,2,2,1,2,6,2,1,2,2,1,1,2,2,2,1,2,2,2,3,2,2,2,2,2,2,2,2,2,2,0,0,0
2008,51,9,1,510112,1,3,2,2,1,2,3,2,1,2,1,2,1,2,2,2,1,2,2,2,3,2,2,2,2,1,2,2,2,2,2,0,0,0
2008,51,800,1,510113,1,3,2,2,4,2,4,2,1,2,2,2,1,2,2,2,2,2,2,2,1,2,2,2,2,2,2,2,1,2,2,0,0,0
2008,51,193,1,510114,1,3,1,2,1,2,4,2,1,2,2,1,1,2,2,2,1,2,2,2,3,2,2,2,2,2,2,2,2,2,2,0,0,0
2008,51,111,1,510115,1,3,1,2,4,2,6,2,1,1,2,2,1,2,2,2,2,2,1,2,1,2,2,2,2,2,2,2,1,2,2,0,0,0
2008,51,65,2,510116,1,3,1,2,4,2,6,2,1,2,2,2,1,2,2,1,2,2,1,2,1,2,2,1,1,2,2,1,1,2,2,0,0,0
2008,51,87,1,510117,1,3,2,2,1,2,3,2,2,1,1,2,2,2,2,2,2,2,2,2,1,2,2,2,2,2,2,2,1,2,2,0,0,0
2008,51,15,1,510118,1,3,1,2,4,2,6,2,1,2,1,2,1,2,2,2,2,2,1,2,3,1,1,1,1,2,2,1,1,2,2,0,0,0
2008,51,35,1,510119,1,3,1,2,4,2,4,2,1,1,1,2,1,2,2,2,2,2,1,2,3,2,2,2,2,1,2,2,1,2,2,0,0,0
2008,51,183,3,510120,1,3,1,2,4,2,6,2,1,2,1,2,1,2,2,1,2,2,2,2,2,2,2,2,2,2,1,1,1,2,2,0,0,0
2008,51,103,1,510121,1,3,1,2,4,2,5,2,1,1,1,2,1,2,2,1,2,2,2,2,3,2,2,2,2,2,2,2,1,2,2,0,0,0
2008,51,177,1,510122,1,3,1,1,4,2,1,2,1,2,1,2,1,2,2,1,2,2,1,2,2,2,2,1,1,2,2,1,1,2,2,0,0,0
2008,51,153,1,510123,1,3,1,2,1,2,4,2,3,2,1,2,2,1,2,2,2,2,2,2,3,2,2,2,2,2,1,1,1,2,2,0,0,0
2008,51,73,1,510124,1,3,1,2,1,2,4,2,5,1,2,2,2,2,2,2,2,2,2,2,3,2,2,2,2,1,2,2,1,2,2,0,0,0
2008,51,179,1,510125,1,3,2,2,4,1,5,1,1,2,2,2,1,2,2,1,2,2,2,2,1,2,2,2,2,2,2,2,2,2,2,0,0,0
2008,51,59,1,510126,1,3,2,2,1,2,3,2,1,1,1,2,1,2,2,2,1,2,2,2,3,2,2,2,2,2,2,2,2,2,2,0,0,0
2008,51,11,1,510127,1,3,1,2,2,2,3,2,1,1,1,2,1,2,2,2,2,2,1,2,3,2,2,2,2,2,2,2,1,2,2,0,0,0
2008,51,59,1,510128,1,3,2,2,4,2,4,2,1,2,1,2,1,2,2,1,2,2,2,2,1,2,2,2,2,2,1,1,1,2,2,0,0,0
2008,51,195,1,510129,1,3,1,2,2,2,3,2,1,1,1,2,2,2,2,2,2,2,2,2,3,2,2,2,2,2,2,2,1,2,2,0,0,0
2008,51,95,1,510130,1,3,2,2,4,2,5,2,1,2,1,2,1,2,2,1,2,2,2,2,1,2,2,2,2,2,2,2,1,2,2,0,0,0
2008,51,83,1,510131,1,3,1,2,1,2,4,2,1,2,2,2,1,2,2,2,2,2,1,2,3,2,2,2,2,2,1,1,1,2,2,0,0,0
2008,51,23,1,510132,1,3,2,2,1,2,3,2,1,2,1,2,1,2,2,2,1,2,2,2,1,2,2,2,2,2,2,2,2,2,2,0,0,0
2008,51,179,1,510133,1,3,2,2,1,2,3,2,3,1,2,2,2,2,2,2,2,2,2,2,3,2,2,2,2,2,1,1,1,2,2,0,0,0
2008,51,183,1,510134,1,3,1,2,4,2,5,2,1,2,2,2,1,2,2,1,2,2,1,2,1,2,2,2,2,2,2,2,1,2,2,0,0,0
2008,51,107,1,510135,1,3,2,2,3,1,3,1,1,1,2,1,3,2,2,2,2,2,2,2,3,2,2,2,2,2,2,2,2,2,2,0,0,0
2008,51,710,1,510136,1,3,2,2,4,1,6,1,1,2,1,2,1,2,1,1,2,2,2,2,3,2,2,2,2,2,1,1,2,2,2,0,0,0
2008,51,81,1,510137,1,3,1,2,1,1,5,1,4,1,1,2,2,2,2,2,2,2,2,2,3,2,2,2,2,1,2,2,2,2,2,0,0,0
2008,51,71,1,510138,1,3,1,2,1,2,5,2,1,1,1,2,1,2,2,2,1,2,2,2,3,2,2,2,2,2,2,2,2,2,2,0,0,0
2008,51,171,1,510139,1,3,1,2,4,2,5,3,1,2,1,2,1,2,2,2,2,2,2,2,3,1,1,1,1,2,2,1,1,2,2,0,0,0
2008,51,179,1,510140,1,3,2,2,1,2,6,2,3,2,2,2,2,2,2,1,2,2,2,2,1,2,2,2,2,2,2,2,1,2,2,0,0,0
2008,51,87,1,510141,1,3,2,2,4,2,4,2,1,2,1,2,1,2,2,1,2,2,2,2,1,2,2,2,2,2,2,2,1,2,2,0,0,0
2008,51,41,1,510142,1,3,2,1,2,2,1,2,1,1,2,2,1,2,2,2,2,2,2,2,1,2,2,2,2,2,2,2,1,2,2,0,0,0
2008,51,760,1,510143,1,3,2,2,3,1,4,1,1,1,2,2,1,2,2,2,2,2,2,2,2,2,2,2,2,1,2,2,2,2,2,0,0,0
2008,51,153,1,510144,1,3,1,2,1,2,5,2,3,2,2,2,2,2,2,2,2,2,2,2,1,2,2,2,2,2,2,2,1,2,2,0,0,0
2008,51,35,3,510145,1,3,1,1,3,2,1,2,1,1,2,2,2,2,2,2,2,2,2,2,3,2,2,2,2,2,2,2,1,2,2,0,0,0
2008,51,167,1,510146,1,3,2,2,4,2,5,2,1,2,2,2,1,2,2,1,2,2,1,2,1,2,2,2,2,2,2,2,1,2,2,0,0,0
2008,51,810,1,510147,1,3,2,2,4,2,4,2,1,2,2,2,1,2,2,1,2,2,1,2,1,2,2,2,2,2,2,2,1,2,2,0,0,0
2008,51,109,1,510148,1,3,1,2,1,2,6,2,3,1,1,2,2,2,2,2,2,2,2,2,3,1,1,1,1,2,2,1,1,2,2,0,0,0
2008,51,137,1,510149,1,3,1,2,1,2,5,2,1,1,2,2,1,2,2,2,2,1,2,2,3,2,2,2,2,2,2,2,2,2,2,0,0,0
2008,51,117,1,510150,1,3,1,2,1,1,3,1,4,1,1,2,3,2,2,2,2,2,2,2,3,2,2,2,2,1,2,2,2,2,2,0,0,0
2008,51,47,1,510151,1,3,1,2,4,2,5,2,1,2,2,2,1,2,2,1,2,2,2,2,1,2,2,2,2,2,2,2,1,2,2,0,0,0
2008,51,800,1,510152,1,3,1,2,1,2,3,2,2,1,1,2,2,1,2,2,2,2,2,2,2,2,2,2,2,1,2,2,2,2,2,0,0,0
2008,51,105,1,510153,1,3,1,2,1,2,4,2,1,1,1,2,1,2,2,2,2,1,2,2,3,2,2,2,2,2,2,2,2,2,2,0,0,0
2008,51,73,1,510154,1,3,2,2,1,2,5,2,1,1,1,2,1,2,2,2,1,2,2,2,3,1,1,1,1,2,2,1,2,2,2,0,0,0
2008,51,59,1,510155,1,3,2,1,4,2,1,3,1,1,1,2,1,2,2,2,2,2,2,2,3,2,2,2,2,1,2,2,1,2,2,0,0,0
2008,51,113,1,510156,1,3,1,2,4,2,5,2,1,2,2,2,1,2,2,1,2,2,2,2,1,2,2,2,2,2,2,2,1,2,2,0,0,0
2008,51,31,1,510157,1,3,2,2,1,2,2,2,1,2,2,2,1,2,2,2,1,2,2,2,3,2,2,2,2,2,1,1,2,2,2,0,0,0
2008,51,197,1,510158,1,3,2,2,4,1,5,1,1,1,1,2,1,2,2,2,2,2,2,2,2,2,2,2,2,2,2,2,2,2,2,0,0,0
2008,51,550,1,510159,1,3,2,2,1,2,4,2,3,1,1,2,2,2,2,2,2,2,2,2,3,2,2,2,2,2,2,2,1,2,2,0,0,0
2008,51,760,1,510160,1,3,2,2,1,1,3,1,4,1,1,2,2,2,2,1,2,2,2,2,3,2,2,2,2,2,1,1,2,2,2,0,0,0
2008,51,41,1,510161,1,3,2,1,1,2,1,3,5,2,1,2,2,2,2,2,2,2,2,2,3,2,2,2,2,1,2,2,2,2,2,0,0,0
2008,51,810,1,510162,1,3,2,2,3,1,4,1,1,2,2,2,1,2,2,2,2,2,2,2,1,2,2,2,2,1,2,2,2,2,2,0,0,0
2008,51,131,1,510163,1,3,1,2,1,2,3,2,4,1,2,2,2,1,2,1,2,2,2,2,3,2,2,2,2,2,2,2,1,2,2,0,0,0
2008,51,179,1,510164,1,3,2,2,1,2,5,2,4,2,2,2,2,2,2,1,2,2,2,2,3,2,2,2,2,2,2,2,1,2,2,0,0,0
2008,51,19,1,510165,1,3,1,2,4,2,6,2,1,2,1,2,1,2,2,1,2,2,1,2,1,2,2,2,2,2,2,2,1,2,2,0,0,0
2008,51,153,1,510166,1,3,2,2,1,2,4,2,1,2,1,2,3,2,2,2,1,2,2,2,3,1,1,1,1,2,2,1,2,2,2,0,0,0
2008,51,169,1,510167,1,3,1,2,1,2,3,2,1,2,2,2,1,2,2,2,2,2,1,2,3,2,2,2,2,2,2,2,1,2,2,0,0,0
2008,51,143,1,510168,1,3,2,2,1,1,3,1,4,1,1,2,2,2,2,2,2,2,2,2,3,2,2,2,2,1,2,2,2,2,2,0,0,0
2008,51,35,1,510169,1,3,1,2,4,2,6,2,1,1,1,2,1,2,2,1,2,2,1,2,1,2,2,2,2,2,2,2,1,2,2,0,0,0
2008,51,109,1,510170,1,3,1,2,4,2,4,2,1,2,2,2,1,2,2,1,2,2,2,2,1,2,2,2,2,2,2,2,1,2,2,0,0,0
2008,51,800,1,510171,1,3,1,2,4,2,4,2,1,2,2,2,1,2,2,2,2,2,1,2,1,2,2,2,2,2,1,1,1,2,2,0,0,0
2008,51,89,1,510172,1,3,1,2,1,2,4,2,4,2,1,2,2,2,2,2,2,2,2,2,3,2,2,2,2,2,2,2,2,2,2,0,0,0
2008,51,650,1,510173,1,3,2,2,4,2,5,2,1,2,2,2,1,2,2,2,2,2,2,2,1,2,2,2,2,2,1,1,1,2,2,0,0,0
2008,51,159,1,510174,1,3,1,2,1,2,5,2,1,2,2,2,1,2,2,2,2,2,1,2,3,2,2,2,2,2,1,1,1,2,2,0,0,0
2008,51,800,1,510175,1,3,2,2,1,2,3,2,2,2,2,2,1,2,2,2,1,2,2,2,3,2,2,2,2,2,2,2,2,2,2,0,0,0
2008,51,109,1,510176,1,3,1,2,4,2,4,2,1,2,1,2,1,2,2,1,2,2,2,1,1,2,2,2,2,2,2,2,1,2,2,0,0,0
2008,51,810,1,510177,1,3,2,2,1,2,4,2,1,1,1,2,1,2,2,2,2,2,2,2,1,2,2,2,2,1,2,2,1,2,2,0,0,0
2008,51,35,1,510178,1,3,1,2,1,2,4,2,1,1,1,2,1,2,2,2,1,2,2,2,3,2,2,2,2,1,2,2,2,2,2,0,0,0
2008,51,197,1,510179,1,3,1,1,1,2,1,3,2,1,1,2,2,2,2,1,2,2,1,2,3,2,2,2,2,2,1,1,2,2,2,0,0,0
2008,51,93,1,510180,1,3,2,2,4,2,3,2,1,1,1,2,1,2,2,1,2,2,2,1,3,2,2,2,2,2,2,2,1,2,2,0,0,0
2008,51,133,1,510181,1,3,1,2,4,2,5,2,1,1,1,2,1,2,2,2,2,2,2,2,2,2,2,2,2,1,2,2,1,2,2,0,0,0
2008,51,810,1,510182,1,3,2,2,1,2,3,2,1,2,2,2,1,2,2,2,1,2,2,2,3,2,2,2,2,2,1,1,2,2,2,0,0,0
2008,51,550,1,510183,1,3,2,2,4,2,3,2,1,2,2,2,1,2,2,2,2,2,2,2,3,2,2,2,2,1,2,2,1,2,2,0,0,0
2008,51,133,1,510184,1,3,1,2,2,2,3,2,1,1,2,2,1,2,2,2,2,2,2,2,2,2,2,2,2,1,2,2,1,2,2,0,0,0
2008,51,650,1,510185,1,3,2,2,1,1,6,1,3,1,1,2,2,2,2,2,2,2,2,2,3,2,2,2,2,1,1,1,2,2,2,0,0,0
2008,51,59,1,510186,1,3,2,2,1,1,3,1,4,1,1,2,2,2,2,2,2,2,2,1,3,2,2,2,2,2,1,1,2,2,2,0,0,0
2008,51,117,1,510187,1,3,1,2,2,2,6,2,1,2,2,2,1,2,2,1,2,2,1,2,1,2,2,2,2,2,1,1,1,1,2,0,0,0
2008,51,87,1,510188,1,3,2,2,4,2,4,2,1,2,2,2,1,2,2,2,2,2,2,2,1,2,2,2,2,2,2,2,1,2,2,0,0,0
2008,51,550,1,510189,1,3,2,2,1,1,3,1,2,1,1,2,2,2,1,2,2,2,2,2,3,2,2,2,2,1,2,2,2,2,2,0,0,0
2008,51,31,1,510190,1,3,2,2,4,2,5,2,1,2,1,2,1,2,2,2,2,2,2,2,1,2,2,2,2,2,2,2,1,2,2,0,0,0
2008,51,83,1,510191,1,3,1,2,1,2,4,2,4,1,1,2,2,1,2,2,2,2,2,2,1,1,1,1,1,2,2,1,2,2,2,0,0,0
2008,51,153,1,510192,1,3,2,2,1,2,3,2,1,2,1,2,2,2,2,2,1,2,2,2,3,2,2,2,2,2,2,2,2,2,2,0,0,0
2008,51,15,1,510193,1,3,1,2,4,2,6,2,1,1,1,2,1,2,2,1,2,2,2,2,2,2,2,2,2,1,2,2,1,2,2,0,0,0
2008,51,27,2,510194,1,3,1,2,4,2,5,2,1,1,2,2,1,2,2,1,2,2,1,2,1,2,2,2,2,2,2,2,1,2,2,0,0,0
2008,51,61,1,510195,1,3,1,2,4,2,6,2,1,2,2,1,1,2,2,1,1,2,2,2,1,2,2,2,2,2,2,2,1,2,2,0,0,0
2008,51,177,1,510196,1,3,1,2,4,2,6,2,1,2,2,2,1,2,1,1,2,2,2,2,1,2,2,2,2,2,2,2,1,2,2,0,0,0
2008,51,143,1,510197,1,3,1,2,4,2,6,2,1,2,2,2,1,2,2,2,2,2,1,2,1,2,2,2,2,2,2,2,1,2,2,0,0,0
2008,51,109,1,510198,1,3,1,2,2,2,5,2,1,2,1,2,1,2,2,1,2,2,2,2,3,1,1,1,1,2,2,1,1,2,2,0,0,0
2008,51,65,1,510199,1,3,1,2,4,2,5,2,1,1,1,2,1,2,2,1,2,2,1,2,1,2,2,2,2,2,1,1,1,2,2,0,0,0
2008,51,67,1,510200,1,3,2,2,2,2,3,2,1,2,1,2,1,2,2,1,2,2,1,2,1,2,2,2,2,2,1,1,1,2,2,0,0,0
2008,51,5,1,510201,1,3,1,2,1,2,4,2,3,1,1,2,2,2,2,2,2,2,2,2,3,2,2,2,2,2,2,2,1,2,2,0,0,0
2008,51,41,1,510202,1,3,2,2,1,1,5,1,4,1,1,2,2,1,2,2,2,2,2,2,3,2,2,2,2,2,2,2,2,2,2,0,0,0
2008,51,25,1,510203,1,3,1,2,4,2,6,2,1,2,2,2,1,2,2,1,2,2,1,2,1,2,2,2,2,2,1,1,1,2,2,0,0,0
2008,51,157,1,510204,1,3,1,2,4,2,3,2,1,1,1,2,1,2,2,1,2,2,1,2,2,2,2,2,2,2,2,2,1,2,2,0,0,0
2008,51,105,1,510205,1,3,1,2,2,2,4,2,1,1,1,2,1,2,2,2,2,2,2,2,3,2,2,2,2,1,2,2,1,2,2,0,0,0
2008,51,85,1,510206,1,3,2,1,4,2,1,2,1,2,1,2,1,2,2,2,2,2,2,2,2,2,2,2,2,2,2,2,1,2,2,0,0,0
2008,51,121,1,510207,1,3,1,2,4,2,5,2,1,2,1,2,1,2,2,1,2,2,1,2,3,2,2,2,2,2,2,2,1,2,2,0,0,0
2008,51,810,1,510208,1,3,2,2,4,2,5,2,1,2,1,2,1,2,2,1,2,2,2,2,1,2,2,1,1,2,2,1,1,2,2,0,0,0
2008,51,590,1,510209,1,3,2,2,1,1,3,1,1,1,2,2,1,2,2,2,1,2,2,2,3,2,2,2,2,2,2,2,2,2,2,0,0,0
2008,51,31,1,510210,1,3,1,2,4,2,5,2,1,2,2,2,1,2,1,1,2,2,2,2,1,2,2,2,2,2,2,2,1,2,2,0,0,0
2008,51,710,1,510211,1,3,2,1,2,2,1,3,1,2,2,2,1,2,2,1,2,2,1,2,1,2,2,2,2,2,2,2,1,2,2,0,0,0
2008,51,153,1,510212,1,3,2,1,1,2,1,3,5,1,2,2,2,2,2,2,2,2,2,2,3,2,2,2,2,2,2,2,1,2,2,0,0,0
2008,51,75,1,510213,1,3,1,2,4,2,5,2,1,1,2,2,1,2,2,2,2,2,2,2,3,2,2,2,2,1,2,2,1,2,2,0,0,0
2008,51,23,1,510214,1,3,1,2,4,2,3,2,1,2,1,2,1,2,2,2,2,2,2,2,1,2,2,2,2,2,2,2,1,2,2,0,0,0
2008,51,550,1,510215,1,3,2,2,1,2,4,2,1,2,1,2,1,2,2,2,1,2,2,2,3,2,2,2,2,2,1,1,2,2,2,0,0,0
2008,51,197,2,510216,1,3,1,1,1,2,1,3,3,1,1,2,2,1,2,1,1,2,2,2,1,2,2,2,2,2,2,2,1,2,2,0,0,0
2008,51,61,1,510217,1,3,1,2,4,2,5,2,1,1,1,2,1,2,1,1,2,2,2,2,3,2,2,2,2,2,2,2,1,2,2,0,0,0
2008,51,163,1,510218,1,3,1,2,1,2,4,2,4,2,1,2,2,2,2,2,2,2,2,2,2,2,2,2,2,1,2,2,2,2,2,0,0,0
2008,51,67,1,510219,1,3,1,2,4,2,5,2,1,2,2,2,1,2,2,2,2,2,1,2,1,2,2,2,2,2,2,2,1,2,2,0,0,0
2008,51,810,1,510220,1,3,2,2,4,2,5,2,1,1,2,2,1,2,2,2,2,2,1,2,1,2,2,2,2,2,2,2,1,2,2,0,0,0
2008,51,83,1,510221,1,3,1,2,4,2,5,2,1,2,2,2,1,2,2,1,2,2,1,2,1,2,2,2,2,2,2,2,1,2,2,0,0,0
2008,51,45,1,510222,1,3,1,2,4,2,5,2,1,1,1,2,1,2,2,1,2,2,2,2,3,2,2,2,2,2,2,2,1,2,2,0,0,0
2008,51,41,1,510223,1,3,2,2,4,2,5,2,1,1,1,2,1,2,1,2,2,2,2,2,3,2,2,2,2,2,2,2,1,2,2,0,0,0
2008,51,73,1,510224,1,3,1,2,4,2,4,2,1,2,1,2,1,2,2,2,2,2,2,2,1,2,2,2,2,2,1,1,1,2,2,0,0,0
2008,51,710,1,510225,1,3,2,2,2,2,3,3,1,1,2,2,1,2,2,2,2,1,2,2,2,2,2,2,2,2,2,2,1,2,1,0,0,0
2008,51,85,1,510226,1,3,1,2,4,2,6,2,1,1,2,2,1,2,2,2,2,2,2,2,1,2,2,2,2,2,2,2,1,2,2,0,0,0
2008,51,177,1,510227,1,3,1,2,4,2,4,2,1,2,2,2,1,2,2,2,2,2,1,2,1,2,2,2,2,2,1,1,1,2,2,0,0,0
2008,51,13,1,510228,1,3,2,2,1,1,3,1,4,1,1,2,2,2,2,2,2,2,2,2,3,2,2,2,2,1,2,2,2,2,2,0,0,0
2008,51,127,1,510229,1,3,1,1,4,2,1,3,1,1,2,2,1,2,2,2,2,2,2,2,2,2,2,2,2,1,2,2,1,2,2,0,0,0
2008,51,540,1,510230,1,3,2,2,1,2,4,2,2,2,1,2,3,2,2,2,2,2,2,2,3,2,2,2,2,1,1,1,2,2,2,0,0,0
2008,51,37,1,510231,1,3,1,2,4,2,3,2,1,1,2,2,1,2,2,2,2,2,2,2,2,2,2,2,2,2,1,1,1,2,2,0,0,0
2008,51,750,1,510232,1,3,2,2,1,1,3,1,1,2,1,2,1,2,2,2,2,1,2,2,3,2,2,1,1,2,2,1,2,2,2,0,0,0
2008,51,73,1,510233,1,3,1,2,1,2,6,3,2,1,1,2,2,2,1,2,2,2,2,2,3,1,1,1,1,1,2,1,2,1,2,0,0,0
2008,51,65,1,510234,1,3,1,2,1,2,5,2,2,1,2,2,2,2,2,2,2,2,2,2,3,2,2,2,2,2,2,2,2,2,2,0,0,0
2008,51,710,1,510235,1,3,2,1,1,2,1,2,4,1,1,2,2,2,2,2,2,2,2,2,3,2,2,1,1,2,2,1,1,2,2,0,0,0
2008,51,185,1,510236,1,3,1,2,1,1,3,1,4,1,1,2,2,2,1,2,2,2,2,2,3,2,2,2,2,1,1,1,2,2,2,0,0,0
2008,51,65,1,510237,1,3,1,2,1,2,4,2,4,2,2,2,2,2,2,1,2,2,2,2,3,2,2,2,2,2,2,2,2,2,2,0,0,0
2008,51,650,1,510238,1,3,2,2,1,1,4,1,2,1,1,2,3,2,2,2,2,2,2,2,3,1,1,1,1,2,2,1,2,2,2,0,0,0
2008,51,85,1,510239,1,3,2,2,1,2,4,2,1,2,1,2,1,2,2,2,1,2,2,2,3,2,2,2,2,2,2,2,2,2,2,0,0,0
2008,51,700,1,510240,1,3,2,2,6,2,6,2,3,1,1,2,2,2,2,2,2,2,2,2,2,2,2,2,2,1,2,2,1,2,2,0,0,0
2008,51,153,1,510241,1,3,2,1,1,2,1,3,2,2,2,2,2,2,2,2,2,2,2,2,1,2,2,2,2,2,2,2,2,2,2,0,0,0
2008,51,31,1,510242,1,3,1,2,4,2,5,2,1,1,1,2,1,2,2,1,2,2,2,2,1,2,2,2,2,2,2,2,1,2,2,0,0,0
2008,51,31,1,510243,1,3,1,2,2,2,6,3,1,2,1,2,1,2,2,1,2,2,2,2,1,2,2,2,2,2,2,2,1,2,2,0,0,0
2008,51,175,2,510244,1,3,1,2,4,2,6,2,1,2,1,2,1,2,2,1,2,2,2,2,3,1,1,1,1,2,2,1,1,2,2,0,0,0
2008,51,169,1,510245,1,3,1,2,2,2,4,2,1,2,2,2,1,2,2,2,2,2,1,2,1,2,2,2,2,2,2,2,1,2,2,0,0,0
2008,51,33,1,510246,1,3,1,2,4,2,4,2,1,1,2,2,1,2,2,2,2,2,2,2,1,2,2,2,2,2,2,2,1,2,2,0,0,0
2008,51,187,1,510247,1,3,2,2,1,2,3,2,3,1,2,2,3,2,1,1,2,2,2,2,1,2,2,2,2,2,2,2,1,2,2,0,0,0
2008,51,91,1,510248,1,3,1,2,4,2,4,2,1,2,2,2,1,2,2,1,2,2,2,2,3,2,2,2,2,2,2,2,1,2,2,0,0,0
2008,51,590,1,510249,1,3,2,2,2,2,4,2,1,2,2,2,1,2,1,2,2,2,2,2,1,2,2,2,2,2,2,2,1,2,2,0,0,0
2008,51,31,1,510250,1,3,1,2,4,2,3,2,1,1,2,2,1,2,2,2,2,2,2,2,3,1,1,1,1,2,2,1,1,2,2,0,0,0
2008,51,131,1,510251,1,3,1,2,4,2,3,2,1,1,1,2,1,2,2,2,2,2,1,2,3,2,2,1,1,2,2,1,1,2,2,0,0,0
2008,51,810,1,510252,1,3,2,2,1,1,4,1,4,2,2,2,2,2,2,2,2,2,2,2,1,2,2,2,2,2,2,2,2,2,2,0,0,0
2008,51,177,1,510253,1,3,1,2,1,2,5,2,3,2,2,2,2,2,2,1,2,2,2,2,1,2,2,2,2,2,2,2,1,2,2,0,0,0
2008,51,7,1,510254,1,3,1,2,1,1,3,1,2,1,1,2,2,2,2,2,2,2,2,2,2,2,2,2,2,1,2,2,2,2,2,0,0,0
2008,51,165,1,510255,1,3,1,2,4,2,4,2,1,2,2,2,1,2,2,1,2,2,1,2,1,2,2,2,2,2,2,2,1,2,2,0,0,0
2008,51,11,1,510256,1,3,1,2,4,2,6,2,1,2,1,2,1,2,2,1,2,2,1,2,1,2,2,2,2,2,2,2,1,2,2,0,0,0
2008,51,41,1,510257,1,3,2,2,4,2,2,3,1,2,1,2,1,2,2,1,2,2,2,2,1,2,2,2,2,2,1,1,1,2,2,0,0,0
2008,51,79,1,510258,1,3,1,2,4,2,3,2,1,1,1,2,1,1,2,1,2,2,1,2,2,2,2,2,2,2,2,2,1,2,2,0,0,0
2008,51,37,1,510259,1,3,1,2,4,2,4,2,1,1,1,2,1,2,2,1,2,2,2,2,2,2,2,2,2,2,2,2,1,2,2,0,0,0
2008,51,107,1,510260,1,3,1,2,2,2,3,2,1,2,1,2,1,2,2,1,2,2,1,2,3,2,2,2,2,2,2,2,1,2,2,0,0,0
2008,51,3,1,510261,1,3,2,2,1,1,3,1,4,1,1,2,2,1,2,2,2,2,2,2,3,1,1,1,1,2,2,1,2,2,2,0,0,0
2008,51,153,1,510262,1,3,2,2,2,1,3,1,2,2,2,2,2,2,2,2,2,2,2,2,1,2,2,1,1,2,2,1,2,2,2,0,0,0
2008,51,171,1,510263,1,3,1,2,1,2,6,2,4,2,1,2,2,2,2,2,2,2,2,2,1,2,2,1,1,2,2,1,1,2,2,0,0,0
2008,51,47,1,510264,1,3,1,2,4,2,5,3,1,2,2,2,1,2,2,2,2,2,1,2,1,2,2,2,2,2,2,2,1,2,2,0,0,0
2008,51,61,1,510265,1,3,1,2,4,2,6,2,1,2,2,2,1,2,2,1,2,2,2,2,3,1,1,1,1,2,2,1,1,2,2,0,0,0
2008,51,800,1,510266,1,3,2,1,2,2,1,3,1,2,2,2,1,2,1,2,2,2,2,2,3,2,2,2,2,2,2,2,1,2,2,0,0,0
2008,51,65,5,510267,1,3,1,2,4,2,6,2,1,2,2,2,1,2,2,1,2,2,1,2,1,2,2,2,2,2,2,2,1,2,2,0,0,0
2008,51,109,1,510268,1,3,1,2,1,2,4,2,4,1,2,2,2,2,2,2,2,2,2,2,3,2,2,2,2,2,2,2,1,2,2,0,0,0
2008,51,83,1,510269,1,3,1,2,1,2,4,2,1,1,1,2,1,2,2,2,2,2,1,2,1,2,2,2,2,2,2,2,1,2,2,0,0,0
2008,51,15,2,510270,1,3,1,2,1,1,4,1,4,1,1,2,2,2,2,2,2,2,2,2,3,1,1,1,1,2,2,1,2,2,2,0,0,0
2008,51,165,1,510271,1,3,1,2,1,2,4,2,3,1,1,2,2,2,2,1,2,2,2,2,2,2,2,2,2,2,2,2,1,2,2,0,0,0
2008,51,810,1,510272,1,3,2,2,1,2,4,2,1,1,1,2,1,2,2,2,2,1,2,2,3,2,2,2,2,2,2,2,2,2,2,0,0,0
2008,51,99,1,510273,1,3,1,2,1,2,4,2,3,2,1,2,2,2,2,2,2,2,2,2,3,2,2,2,2,1,2,2,1,2,2,0,0,0
2008,51,760,1,510274,1,3,2,2,4,2,3,2,1,2,1,2,1,2,2,1,2,2,2,1,1,2,2,2,2,2,2,2,1,2,2,0,0,0
2008,51,143,1,510275,1,3,1,2,4,2,6,2,1,2,2,2,1,2,2,2,2,2,1,2,1,2,2,2,2,2,2,2,1,2,2,0,0,0
2008,51,59,1,510276,1,3,2,1,1,2,1,2,2,2,2,2,2,2,2,2,2,2,1,2,3,2,2,2,2,2,1,1,2,2,2,0,0,0
2008,51,760,1,510277,1,3,2,2,1,2,5,2,4,2,2,2,2,2,1,2,2,2,2,2,1,2,2,2,2,2,1,1,2,2,2,0,0,0
2008,51,35,1,510278,1,3,1,2,1,2,5,2,1,1,2,2,1,2,1,1,2,2,2,2,1,2,2,2,2,2,2,2,1,2,2,0,0,0
2008,51,85,1,510279,1,3,1,2,4,2,6,2,1,2,2,2,1,2,2,1,2,2,2,2,1,1,1,1,1,2,2,1,1,2,2,0,0,0
2008,51,650,1,510280,1,3,2,1,4,2,1,3,1,1,1,2,1,2,1,1,2,2,2,2,2,2,2,2,2,2,2,2,1,2,2,0,0,0
2008,51,810,1,510281,1,3,2,2,4,2,5,2,1,2,1,2,1,2,2,1,2,2,1,1,3,1,1,1,1,2,2,1,1,2,2,0,0,0
2008,51,141,1,510282,1,3,1,2,4,2,4,2,1,1,1,2,1,2,1,1,2,2,2,2,2,2,2,2,2,2,2,2,1,2,2,0,0,0
2008,51,13,1,510283,1,3,2,1,1,2,1,3,2,1,2,2,3,2,1,1,2,2,2,2,3,2,2,2,2,1,2,2,2,2,2,0,0,0
2008,51,23,2,510284,1,3,1,2,1,2,3,2,3,2,1,2,2,1,2,2,2,2,2,2,3,2,2,2,2,2,2,2,1,2,2,0,0,0
2008,51,710,1,510285,1,3,2,2,2,2,3,2,1,2,1,2,1,2,2,1,2,2,1,2,1,2,2,2,2,2,2,2,1,2,2,0,0,0
2008,51,810,1,510286,1,3,2,2,4,2,2,2,1,2,1,2,1,2,2,2,2,2,2,2,2,2,2,2,2,2,1,1,1,2,2,0,0,0
2008,51,710,1,510287,1,3,2,2,1,1,3,1,4,2,1,2,2,2,2,2,2,2,2,2,3,2,2,2,2,2,1,1,2,2,2,0,0,0
2008,51,93,1,510288,1,3,1,2,1,2,3,2,2,1,1,2,2,1,2,2,2,2,2,2,1,1,1,1,1,2,1,1,2,2,2,0,0,0
2008,51,67,1,510289,1,3,1,2,1,1,3,1,4,1,1,2,2,2,2,2,2,2,2,2,3,2,2,2,2,2,2,2,2,2,2,0,0,0
2008,51,159,1,510290,1,3,1,2,4,2,3,2,1,1,2,2,1,2,2,2,2,2,2,2,2,2,2,2,2,1,2,2,1,2,2,0,0,0
2008,51,153,1,510291,1,3,2,2,1,2,3,2,4,2,2,2,2,2,2,2,2,2,2,2,3,1,1,1,1,2,2,1,1,2,2,0,0,0
2008,51,127,1,510292,1,3,1,1,1,2,1,3,2,2,2,2,2,2,2,1,2,2,2,2,3,2,2,2,2,2,1,1,2,2,2,0,0,0
2008,51,3,1,510293,1,3,1,2,4,2,5,2,1,1,1,2,1,2,2,2,2,2,2,1,3,1,1,1,1,2,2,1,1,2,2,0,0,0
2008,51,550,2,510294,1,3,2,1,4,2,1,3,1,2,2,2,1,2,2,1,2,2,1,2,2,1,1,1,1,2,2,1,1,2,2,0,0,0
2008,51,95,1,510295,1,3,1,2,4,2,6,2,1,1,2,2,1,2,2,1,2,2,2,2,3,1,1,1,1,2,2,1,1,2,2,0,0,0
2008,51,760,2,510296,1,3,2,2,4,2,6,3,2,2,2,2,1,2,2,2,1,2,2,2,1,2,2,2,2,2,2,2,2,2,2,0,0,0
2008,51,710,1,510297,1,3,2,2,1,2,4,2,4,1,1,2,2,2,2,2,2,2,2,2,3,2,2,1,1,1,2,1,2,2,2,0,0,0
2008,51,141,1,510298,1,3,1,2,1,2,4,2,3,1,2,2,2,2,2,1,2,2,2,2,1,2,2,2,2,1,2,2,1,2,2,0,0,0
2008,51,69,1,510299,1,3,1,2,1,2,5,2,1,2,2,2,1,2,2,1,2,2,2,2,1,2,2,2,2,2,2,2,2,2,2,0,0,0
2008,51,113,1,510300,1,3,1,2,4,2,6,2,1,1,2,2,1,2,2,2,2,2,2,2,3,2,2,2,2,1,2,2,1,2,2,0,0,0
2008,51,173,1,510301,1,3,1,1,2,2,1,2,1,1,1,2,1,2,1,2,2,2,2,2,3,2,2,2,2,2,2,2,1,2,2,0,0,0
2008,51,15,1,510302,1,3,1,2,1,2,4,2,3,1,1,2,3,2,2,2,2,2,2,2,1,2,2,2,2,2,1,1,2,2,2,0,0,0
2008,51,141,1,510303,1,3,1,2,1,2,4,2,1,1,2,2,2,2,2,2,2,2,2,2,3,1,1,1,1,1,2,1,2,2,2,0,0,0
2008,51,87,1,510304,1,3,2,2,1,1,3,1,1,2,1,2,1,2,2,2,1,2,2,2,3,2,2,2,2,2,2,2,2,2,2,0,0,0
2008,51,133,1,510305,1,3,1,2,1,1,3,1,4,2,2,2,2,2,1,2,2,2,2,2,3,1,1,1,1,1,2,1,2,2,2,0,0,0
2008,51,199,1,510306,1,3,2,2,4,2,5,2,1,2,2,2,1,2,1,2,2,2,2,2,1,2,2,2,2,2,1,1,1,2,2,0,0,0
2008,51,171,1,510307,1,3,1,2,1,1,5,1,4,1,1,2,2,1,2,2,2,2,2,2,1,2,2,2,2,2,2,2,2,2,2,0,0,0
2008,51,710,1,510308,1,3,2,1,4,2,1,2,1,2,1,2,1,2,1,1,2,2,2,2,1,2,2,2,2,2,2,2,1,2,2,0,0,0
2008,51,163,1,510309,1,3,1,1,4,2,1,2,1,2,1,2,1,2,2,2,2,2,1,2,1,2,2,2,2,2,2,2,1,2,2,0,0,0
2008,51,810,1,510310,1,3,2,2,4,1,6,1,1,2,1,2,1,2,2,1,2,2,2,2,1,2,2,2,2,2,2,2,2,2,2,0,0,0
2008,51,179,2,510311,1,3,2,1,1,2,1,2,2,2,1,2,2,1,2,2,2,2,2,2,3,2,2,2,2,2,2,2,2,2,2,0,0,0
2008,51,31,1,510312,1,3,1,2,1,2,5,2,1,2,2,2,1,2,2,2,2,2,1,2,1,2,2,2,2,2,2,2,1,2,2,0,0,0
2008,51,810,1,510313,1,3,2,2,1,1,4,1,4,2,1,2,2,2,2,2,2,2,2,2,3,1,1,1,1,2,2,1,2,2,2,0,0,0
2008,51,590,1,510314,1,3,2,2,2,2,3,2,1,1,1,2,1,2,2,2,2,2,2,2,2,2,2,2,2,2,2,2,1,2,2,0,0,0
2008,51,61,1,510315,1,3,1,2,4,2,5,2,1,2,1,2,1,2,2,1,2,2,2,2,1,2,2,1,1,2,2,1,1,2,2,0,0,0
2008,51,169,1,510317,1,3,1,2,4,2,5,2,1,2,1,2,1,2,2,1,2,2,2,2,3,2,2,2,2,2,2,2,1,2,2,0,0,0
2008,51,195,1,510318,1,3,1,2,1,1,3,1,4,2,2,2,2,2,2,2,2,2,2,2,3,2,2,2,2,2,2,2,2,2,2,0,0,0
2008,51,89,1,510319,1,3,2,2,4,2,5,2,1,2,2,2,1,2,2,1,2,2,2,2,1,2,2,2,2,2,2,2,1,2,2,0,0,0
2008,51,185,1,510320,1,3,1,2,1,2,5,2,3,1,2,2,2,2,1,1,2,2,2,2,3,1,1,1,1,2,2,1,2,2,2,0,0,0
2008,51,117,1,510321,1,3,1,2,4,2,5,2,1,1,2,2,1,2,1,1,2,2,2,2,1,2,2,2,2,2,2,2,1,2,2,0,0,0
2008,51,173,1,510322,1,3,1,1,1,2,1,3,3,2,2,2,2,1,2,2,2,2,2,2,3,1,1,1,1,2,2,1,1,2,2,0,0,0
2008,51,83,1,510323,1,3,1,2,4,2,4,2,1,2,2,2,1,2,2,1,2,2,2,2,1,2,2,2,2,2,2,2,1,2,2,0,0,0
2008,51,131,1,510324,1,3,1,2,3,2,3,2,1,2,2,2,1,2,2,2,2,2,1,2,2,2,2,2,2,2,2,2,1,2,2,0,0,0
2008,51,810,1,510325,1,3,2,1,1,2,1,3,3,1,1,2,2,2,2,1,2,2,2,2,3,2,2,2,2,1,2,2,1,2,2,0,0,0
2008,51,73,2,510326,1,3,1,2,4,2,6,2,1,2,2,2,1,2,2,1,2,2,1,2,1,2,2,2,2,2,2,2,1,2,2,0,0,0
2008,51,163,1,510327,1,3,1,2,1,1,5,1,1,2,1,2,1,2,2,2,2,2,2,2,3,1,1,1,1,2,2,1,2,2,2,0,0,0
2008,51,137,1,510328,1,3,1,2,4,2,6,2,1,1,1,2,1,2,2,1,2,2,2,2,1,2,2,2,2,2,2,2,1,2,2,0,0,0
2008,51,710,1,510329,1,3,2,2,1,2,3,2,1,2,1,2,1,2,2,2,1,2,2,2,2,2,2,2,2,2,2,2,2,2,2,0,0,0
2008,51,199,1,510330,1,3,1,1,4,2,1,2,1,1,1,2,1,2,2,2,2,2,2,2,3,2,2,2,2,2,2,2,1,2,2,0,0,0
2008,51,143,1,510331,1,3,1,2,1,2,3,2,1,2,1,2,1,2,2,2,2,2,1,2,1,2,2,2,2,2,2,2,2,2,2,0,0,0
2008,51,195,1,510332,1,3,1,2,4,2,5,2,1,2,1,2,1,2,2,1,2,2,2,2,1,2,2,2,2,2,2,2,1,2,2,0,0,0
2008,51,179,1,510333,1,3,1,2,1,2,5,2,1,1,2,2,1,2,2,2,2,1,2,2,2,2,2,2,2,2,2,2,2,2,2,0,0,0
2008,51,143,1,510334,1,3,1,2,4,2,5,2,1,2,2,2,1,2,2,2,2,2,1,2,1,2,2,2,2,2,2,2,1,2,2,0,0,0
2008,51,19,1,510335,1,3,1,2,4,2,6,2,1,2,2,2,1,2,2,1,2,2,2,2,2,1,1,1,1,2,2,1,1,2,2,0,0,0
2008,51,187,1,510336,1,3,1,2,4,2,6,2,1,2,2,2,1,2,2,1,2,2,2,2,3,2,2,2,2,2,1,1,1,2,2,0,0,0
2008,51,11,1,510337,1,3,1,2,1,2,3,2,1,1,1,2,1,2,2,2,2,2,1,2,2,2,2,2,2,2,2,2,1,2,2,0,0,0
2008,51,19,1,510338,1,3,1,2,4,2,4,2,1,1,1,2,1,2,2,2,2,2,2,2,3,2,2,2,2,2,1,1,1,2,2,0,0,0
2008,51,1,1,510339,1,3,1,2,1,1,3,1,4,1,1,2,2,2,1,2,2,2,2,2,3,2,2,2,2,2,2,2,2,2,2,0,0,0
2008,51,85,1,510340,1,3,1,2,1,2,4,2,3,2,1,2,2,2,1,2,2,2,2,2,3,2,2,2,2,2,2,2,1,2,2,0,0,0
2008,51,131,1,510341,1,3,1,2,1,2,3,2,3,1,1,2,2,2,2,2,2,2,2,2,3,2,2,2,2,2,2,2,2,2,2,0,0,0
2008,51,143,1,510342,1,3,1,2,1,2,4,2,3,1,1,2,2,2,2,2,2,2,2,2,3,2,2,2,2,2,2,2,2,2,2,0,0,0
2008,51,41,1,510343,1,3,1,2,4,2,3,2,1,1,1,2,1,2,2,2,2,2,2,2,3,2,2,2,2,2,2,2,1,2,2,0,0,0
2008,51,550,1,510344,1,3,2,1,4,2,1,2,1,2,1,2,1,2,1,1,2,2,2,2,3,2,2,2,2,2,2,2,1,2,2,0,0,0
2008,51,179,1,510345,1,3,2,1,1,2,1,3,2,2,1,2,3,1,2,2,2,2,2,2,3,2,2,2,2,2,2,2,2,2,2,0,0,0
2008,51,197,3,510346,1,3,1,1,1,2,1,3,4,2,1,2,2,1,2,1,2,2,1,2,3,2,2,2,2,2,2,2,1,2,2,0,0,0
2008,51,95,1,510347,1,3,1,1,4,2,1,2,1,1,1,2,1,2,2,2,2,2,2,2,2,2,2,2,2,2,2,2,1,2,2,0,0,0
2008,51,760,1,510348,1,3,2,2,4,2,3,2,1,2,2,2,1,2,1,2,2,2,2,2,1,2,2,2,2,2,2,2,1,1,2,0,0,0
2008,51,3,1,510349,1,3,1,2,4,2,5,2,1,2,2,2,1,2,1,2,2,2,2,2,1,2,2,2,2,2,1,1,1,2,2,0,0,0
2008,51,121,1,510350,1,3,2,2,4,2,2,2,1,2,2,2,1,2,2,2,2,2,1,2,1,1,1,1,1,2,2,1,1,2,2,0,0,0
2008,51,159,1,510351,1,3,1,2,1,2,6,2,1,1,2,2,1,2,2,2,2,2,1,2,2,1,1,1,1,2,2,1,1,2,2,0,0,0
2008,51,550,1,510352,1,3,2,2,4,2,4,2,1,2,2,2,1,2,1,1,2,2,2,2,3,2,2,2,2,2,2,2,1,2,2,0,0,0
2008,51,85,1,510353,1,3,1,1,4,2,1,2,1,2,2,2,1,2,2,1,2,2,2,2,1,2,2,2,2,2,2,2,1,2,2,0,0,0
2008,51,177,1,510354,1,3,2,2,1,1,3,1,4,2,2,2,2,2,2,2,2,2,2,2,3,2,2,2,2,2,2,2,2,2,2,0,0,0
2008,51,760,1,510355,1,3,2,2,4,2,3,3,1,1,1,2,1,2,2,2,2,2,1,2,3,2,2,2,2,2,2,2,1,2,2,0,0,0
2008,51,165,1,510356,1,3,1,2,1,2,6,2,3,2,2,2,2,2,1,2,2,2,2,2,3,1,1,1,1,2,2,1,1,2,2,0,0,0
2008,51,5,1,510357,1,3,3,3,4,2,7,2,1,1,1,2,1,2,1,2,2,2,2,2,3,2,2,2,2,1,2,2,1,2,2,0,0,0
2008,51,5,1,510358,1,3,3,3,2,2,7,2,1,1,2,2,1,2,1,2,2,2,2,2,3,2,2,2,2,2,2,2,1,2,2,0,0,0
2008,51,75,1,510359,1,3,1,2,1,2,5,2,2,1,1,2,3,2,2,2,2,2,2,2,1,2,2,1,1,2,2,1,2,2,2,0,0,0
2008,51,810,1,510360,1,3,2,2,3,2,4,2,1,1,1,2,1,2,2,2,2,2,2,2,3,2,2,2,2,1,2,2,1,2,2,0,0,0
2008,51,177,3,510361,1,3,1,2,1,2,5,2,4,2,1,2,3,2,2,2,2,2,2,2,1,2,2,2,2,2,2,2,1,2,2,0,0,0
2008,51,85,1,510362,1,3,1,1,2,2,1,3,1,2,2,1,2,1,2,2,1,2,2,2,3,2,2,2,2,2,2,2,2,2,2,0,0,0
2008,51,810,1,510363,1,3,2,2,2,2,4,2,1,2,1,2,1,2,2,2,2,2,1,2,1,2,2,2,2,2,1,1,1,2,2,0,0,0
2008,51,760,1,510364,1,3,2,2,1,1,6,1,4,1,1,2,2,2,2,2,2,2,2,2,3,1,1,1,1,2,2,1,2,2,2,0,0,0
2008,51,760,1,510365,1,3,2,2,1,1,3,1,4,2,2,2,2,2,1,2,2,2,2,2,3,1,1,1,1,2,2,1,2,2,2,0,0,0
2008,51,53,1,510366,1,3,1,2,1,2,6,2,3,1,1,2,2,2,2,2,2,2,1,2,3,2,2,2,2,2,2,2,1,2,2,0,0,0
2008,51,53,2,510367,1,3,1,2,4,2,5,2,1,2,2,2,1,2,2,1,2,2,1,2,1,2,2,2,2,2,2,2,1,2,2,0,0,0
2008,51,103,1,510368,1,3,2,2,4,2,3,2,1,2,2,2,1,2,2,2,2,2,1,2,2,2,2,2,2,2,1,1,1,2,2,0,0,0
2008,51,75,1,510369,1,3,1,2,2,2,6,2,1,2,2,2,1,2,2,1,2,2,1,1,2,2,2,2,2,2,2,2,1,2,2,0,0,0
2008,51,163,1,510370,1,3,1,2,1,2,5,2,1,2,2,2,1,2,1,2,2,2,2,2,3,2,2,2,2,2,2,2,2,2,2,0,0,0
2008,51,89,1,510371,1,3,1,2,1,2,5,2,3,1,1,2,2,2,2,1,2,2,2,2,1,2,2,2,2,2,2,2,1,2,2,0,0,0
2008,51,800,1,510372,1,3,2,2,4,2,6,2,1,1,2,2,1,2,1,1,2,2,2,2,2,2,2,2,2,2,2,2,1,2,2,0,0,0
2008,51,191,1,510373,1,3,1,2,1,2,6,2,1,2,2,2,1,2,1,2,2,2,2,2,1,2,2,2,2,2,2,2,2,2,2,0,0,0
2008,51,107,1,510374,1,3,1,2,1,2,4,2,4,1,1,2,2,1,2,2,2,2,2,2,1,2,2,2,2,2,1,1,1,2,2,0,0,0
2008,51,111,1,510375,1,3,1,2,4,2,5,2,1,1,1,2,1,2,2,1,2,2,1,2,1,2,2,2,2,2,2,2,1,2,1,0,0,0
2008,51,35,1,510376,1,3,1,2,1,2,4,2,3,2,2,2,2,2,2,2,2,2,2,2,3,2,2,2,2,1,2,2,1,2,2,0,0,0
2008,51,41,1,510377,1,3,2,2,2,2,6,2,1,2,1,2,1,2,2,1,2,2,2,2,3,2,2,2,2,2,1,1,1,2,2,0,0,0
2008,51,177,1,510378,1,3,1,2,1,1,5,1,4,1,1,2,2,1,2,1,2,2,2,2,3,2,2,1,1,2,2,1,2,2,2,0,0,0
2008,51,75,1,510379,1,3,1,2,4,2,5,2,1,1,1,2,1,2,2,2,2,2,2,2,1,2,2,2,2,2,1,1,1,2,2,0,0,0
2008,51,179,1,510380,1,3,2,1,2,2,1,2,1,1,2,2,1,2,2,2,2,2,1,2,3,2,2,2,2,1,2,2,1,2,2,0,0,0
2008,51,83,1,510381,1,3,1,2,4,2,4,2,1,2,2,2,1,2,2,1,2,2,2,2,1,1,1,1,1,2,2,1,1,1,2,0,0,0
2008,51,81,1,510382,1,3,1,2,1,2,5,2,3,2,2,2,2,2,2,2,2,2,2,2,3,2,2,2,2,2,2,2,1,2,2,0,0,0
2008,51,31,1,510383,1,3,1,2,2,2,4,2,1,2,1,2,1,2,2,1,2,2,1,2,1,2,2,2,2,2,2,2,1,2,2,0,0,0
2008,51,153,1,510384,1,3,2,2,4,2,6,2,1,2,2,2,1,2,2,2,2,2,2,2,1,1,1,1,1,2,2,1,1,2,2,0,0,0
2008,51,81,1,510385,1,3,1,1,2,2,1,3,1,2,2,2,2,2,2,2,2,2,2,2,1,2,2,2,2,2,2,2,1,2,2,0,0,0
2008,51,690,1,510386,1,3,2,2,4,2,6,2,1,1,1,2,1,2,2,2,2,2,2,2,3,2,2,2,2,2,2,2,1,2,2,0,0,0
2008,51,93,1,510387,1,3,2,2,4,2,6,2,1,2,1,2,1,2,2,1,2,2,1,2,1,2,2,2,2,2,1,1,1,2,2,0,0,0
2008,51,65,1,510388,1,3,1,2,4,2,5,2,1,2,1,2,1,2,2,2,2,2,2,2,3,2,2,1,1,2,2,1,1,2,2,0,0,0
2008,51,810,1,510389,1,3,2,2,4,2,6,2,1,1,2,2,1,2,2,2,2,2,1,2,3,2,2,2,2,2,2,2,1,2,2,0,0,0
2008,51,53,1,510390,1,3,2,2,4,2,4,2,1,2,1,2,1,2,2,1,2,2,2,2,1,2,2,2,2,2,1,1,1,2,2,0,0,0
2008,51,183,1,510391,1,3,1,2,4,2,5,2,1,2,1,2,1,2,2,2,2,2,2,2,1,2,2,2,2,2,1,1,1,2,2,0,0,0
2008,51,131,1,510392,1,3,1,2,1,2,3,2,1,2,1,2,1,2,2,2,1,2,2,2,3,2,2,2,2,2,2,2,2,2,2,0,0,0
2008,51,107,1,510393,1,3,2,2,1,1,3,1,4,1,1,2,2,2,1,2,2,2,2,2,3,2,2,2,2,2,2,2,2,2,2,0,0,0
2008,51,700,1,510394,1,3,2,1,1,2,1,3,2,2,1,2,3,1,2,1,2,2,2,2,3,2,2,2,2,2,1,1,2,2,2,0,0,0
2008,51,75,1,510395,1,3,1,2,1,2,5,2,3,2,2,2,2,2,2,1,2,2,2,2,1,2,2,2,2,2,1,1,1,2,2,0,0,0
2008,51,165,1,510396,1,3,1,2,4,2,5,2,1,2,2,2,1,2,2,1,2,2,1,2,1,2,2,2,2,2,1,1,1,2,2,0,0,0
2008,51,163,1,510397,1,3,1,2,2,2,4,2,1,1,2,2,1,2,1,2,2,2,2,2,3,2,2,2,2,2,2,2,1,2,2,0,0,0
2008,51,67,1,510398,1,3,1,2,4,2,6,2,1,2,2,2,1,2,2,2,2,2,1,2,1,2,2,2,2,2,1,1,1,2,2,0,0,0
2008,51,700,1,510399,1,3,2,2,1,2,3,2,1,2,2,2,1,2,2,2,2,1,2,2,3,2,2,2,2,2,2,2,2,2,2,0,0,0
2008,51,770,1,510400,1,3,2,2,2,2,2,2,1,2,2,2,1,1,2,1,2,2,1,2,3,2,2,2,2,2,1,1,1,2,2,0,0,0
2008,51,153,1,510401,1,3,2,2,1,2,4,2,3,1,2,2,2,2,2,2,2,2,2,2,3,2,2,2,2,1,2,2,1,2,2,0,0,0
2008,51,810,1,510402,1,3,2,2,1,2,4,2,2,2,2,2,3,2,2,2,2,2,2,2,1,2,2,2,2,2,1,1,2,2,2,0,0,0
2008,51,17,1,510403,1,3,1,2,4,2,4,2,1,2,1,2,1,2,2,2,2,2,1,2,1,2,2,2,2,1,2,2,1,2,2,0,0,0
2008,51,810,1,510404,1,3,2,2,1,2,4,2,1,2,1,2,1,2,2,2,1,2,2,2,3,2,2,2,2,2,2,2,2,2,2,0,0,0
2008,51,550,1,510405,1,3,2,2,1,2,5,2,3,2,2,2,2,2,2,2,2,2,2,2,1,2,2,2,2,2,1,1,1,2,2,0,0,0
2008,51,11,1,510406,1,3,1,2,1,1,3,1,4,2,1,2,2,2,2,2,2,2,2,2,3,1,1,1,1,2,2,1,2,2,2,0,0,0
2008,51,107,1,510407,1,3,2,2,4,2,5,2,1,2,1,2,1,2,2,1,2,2,2,2,1,2,2,2,2,2,2,2,1,2,2,0,0,0
2008,51,550,1,510408,1,3,2,2,1,1,3,1,4,1,1,2,2,2,1,2,2,2,2,2,2,2,2,2,2,2,1,1,2,2,2,0,0,0
2008,51,107,1,510409,1,3,1,2,4,2,5,2,1,1,1,2,1,1,2,2,2,2,2,2,3,2,2,2,2,2,2,2,1,2,2,0,0,0
2008,51,157,1,510410,1,3,1,2,4,2,6,2,1,2,2,2,1,2,2,1,2,2,2,2,1,2,2,2,2,2,1,1,1,2,2,0,0,0
2008,51,169,1,510411,1,3,1,2,4,2,4,2,1,2,2,2,1,2,2,1,2,2,2,2,1,2,2,2,2,2,2,2,1,2,2,0,0,0
2008,51,67,1,510412,1,3,2,2,4,2,6,2,1,2,2,2,1,2,1,1,2,2,2,2,1,2,2,2,2,2,2,2,1,2,2,0,0,0
2008,51,800,1,510413,1,3,2,2,4,2,3,2,1,2,2,2,1,2,2,1,2,2,1,2,3,2,2,2,2,2,2,2,1,2,2,0,0,0
2008,51,199,1,510414,1,3,2,2,1,1,3,1,4,1,2,2,2,2,2,2,2,2,2,2,3,2,2,2,2,2,2,2,2,2,2,0,0,0
2008,51,7,1,510415,1,3,1,2,1,1,3,1,4,1,2,2,2,2,1,2,2,2,2,2,1,2,2,2,2,1,2,2,2,2,2,0,0,0
2008,51,11,1,510416,1,3,1,2,4,2,4,2,1,1,1,2,1,2,2,2,2,2,1,2,3,2,2,2,2,1,2,2,1,2,2,0,0,0
2008,51,105,1,510417,1,3,1,2,1,2,4,2,4,1,1,2,2,1,2,2,2,2,2,2,3,2,2,2,2,2,2,2,2,2,2,0,0,0
2008,51,730,2,510418,1,3,2,2,4,2,4,2,1,2,1,2,1,2,2,1,2,2,2,2,2,1,1,1,1,2,2,1,1,2,2,0,0,0
2008,51,199,1,510419,1,3,2,2,4,2,5,2,1,1,1,2,1,2,2,1,2,2,2,2,3,2,2,2,2,2,2,2,1,2,2,0,0,0
2008,51,710,1,510420,1,3,2,1,1,2,1,2,1,2,1,2,2,2,2,1,2,2,1,2,1,2,2,2,2,2,1,1,2,2,2,0,0,0
2008,51,67,1,510421,1,3,1,2,4,2,6,2,1,2,1,2,1,2,2,2,2,2,1,2,1,2,2,2,2,2,2,2,1,2,2,0,0,0
2008,51,95,2,510422,1,3,2,2,4,2,4,2,1,2,1,2,1,2,2,1,2,2,1,2,1,1,1,1,1,2,2,1,1,2,2,0,0,0
2008,51,810,1,510423,1,3,2,2,4,2,4,2,1,2,2,2,1,2,2,2,2,2,1,2,1,2,2,2,2,2,2,2,1,2,2,0,0,0
2008,51,87,1,510424,1,3,2,2,2,1,4,1,1,2,2,2,1,2,2,2,2,2,1,2,1,2,2,2,2,2,1,1,2,2,2,0,0,0
2008,51,800,1,510425,1,3,2,2,1,2,3,2,3,1,2,2,2,2,2,2,2,2,2,2,3,2,2,2,2,2,2,2,1,2,2,0,0,0
2008,51,3,1,510426,1,3,1,2,4,2,6,2,1,2,2,2,1,2,2,2,2,2,1,2,1,2,2,2,2,2,2,2,1,2,2,0,0,0
2008,51,19,1,510427,1,3,1,2,4,2,3,2,1,1,1,2,1,2,2,2,2,2,1,2,1,2,2,2,2,2,2,2,1,2,2,0,0,0
2008,51,87,1,510428,1,3,2,2,1,1,4,1,2,2,1,2,2,2,1,2,2,2,2,2,1,2,2,2,2,2,2,2,2,2,2,0,0,0
2008,51,79,1,510429,1,3,1,2,4,2,6,2,1,2,1,2,1,2,2,2,2,2,1,2,3,2,2,2,2,2,2,2,1,2,2,0,0,0
2008,51,165,1,510430,1,3,2,1,1,2,1,3,3,2,1,2,2,1,2,2,2,2,2,2,3,2,2,2,2,1,2,2,1,2,2,0,0,0
2008,51,33,1,510431,1,3,1,2,2,2,3,2,1,2,2,2,1,2,2,2,2,2,2,2,3,2,2,2,2,2,1,1,1,2,1,0,0,0
2008,51,510,1,510432,1,3,2,2,1,1,4,1,4,1,2,2,2,2,2,2,2,2,2,2,3,1,2,1,2,2,2,2,2,2,2,0,0,0
2008,51,41,1,510433,1,3,2,2,4,2,2,2,1,2,1,2,1,2,2,1,2,2,2,2,2,2,2,2,2,2,2,2,1,2,2,0,0,0
2008,51,770,1,510434,1,3,2,2,1,2,3,2,1,2,2,1,1,2,2,2,1,2,2,2,3,2,2,2,2,2,2,2,2,2,2,0,0,0
2008,51,770,1,510435,1,3,2,2,3,1,3,1,1,2,1,2,1,2,1,2,2,2,2,2,1,2,2,2,2,2,2,2,2,2,2,0,0,0
2008,51,87,1,510436,1,3,2,1,1,2,1,2,1,1,2,2,1,2,1,1,2,2,2,2,2,2,2,2,2,2,2,2,2,2,2,0,0,0
2008,51,820,1,510437,1,3,2,2,1,2,3,2,3,2,2,2,2,2,1,2,2,2,2,2,1,2,2,2,2,2,2,2,1,2,2,0,0,0
2008,51,59,1,510438,1,3,1,2,1,2,4,2,3,1,1,2,2,1,2,2,2,2,2,2,3,2,2,2,2,2,2,2,1,2,2,0,0,0
2008,51,700,1,510439,1,3,2,2,1,1,6,1,4,1,2,2,2,2,1,2,2,2,2,2,3,2,2,2,2,2,2,2,2,2,2,0,0,0
2008,51,5,1,510440,1,3,1,2,4,2,6,2,1,2,1,2,1,2,2,2,2,2,2,2,1,2,2,2,2,2,2,2,1,2,2,0,0,0
2008,51,153,1,510441,1,3,2,2,4,2,5,2,1,2,1,2,1,2,2,2,2,1,2,2,2,2,2,2,2,2,2,2,1,2,2,0,0,0
2008,51,149,1,510442,1,3,1,2,4,2,6,2,1,1,2,2,1,2,2,2,2,2,1,2,2,1,2,1,2,2,2,2,1,2,2,0,0,0
2008,51,59,1,510443,1,3,2,2,2,2,4,2,7,1,1,2,1,2,1,1,2,2,2,2,3,2,2,2,2,2,2,2,2,2,2,0,0,0
2008,51,36,1,510444,1,3,1,2,4,2,4,2,1,2,1,2,1,2,2,1,2,2,2,2,3,2,2,2,2,2,2,2,1,2,2,0,0,0
2008,51,193,1,510445,1,3,1,2,1,2,4,2,3,1,1,2,2,2,2,2,2,2,2,2,3,1,1,1,1,2,2,1,1,2,2,0,0,0
2008,51,810,1,510446,1,3,2,2,1,1,5,1,4,1,2,2,2,2,1,2,2,2,2,2,3,1,1,1,1,2,2,1,2,2,2,0,0,0
2008,51,171,1,510447,1,3,1,2,4,2,3,2,1,2,1,2,1,2,2,1,2,2,1,2,2,2,2,2,2,1,2,2,1,2,2,0,0,0
2008,51,111,1,510448,1,3,1,2,1,2,4,2,1,2,1,2,1,2,2,2,2,2,1,2,1,2,2,2,2,2,2,2,1,2,2,0,0,0
2008,51,177,1,510449,1,3,2,2,1,1,5,1,1,2,2,2,1,2,2,2,1,2,2,2,3,2,2,1,1,2,2,1,2,2,2,0,0,0
2008,51,510,1,510450,1,3,2,2,1,2,6,2,4,2,1,2,2,2,1,2,2,2,2,2,3,2,2,2,2,2,2,2,2,2,2,0,0,0
2008,51,710,1,510451,1,3,2,2,1,2,4,2,1,2,1,2,3,2,2,2,1,2,2,2,3,1,1,1,1,2,1,1,2,2,2,0,0,0
2008,51,25,1,510452,1,3,1,2,4,2,5,2,1,1,1,2,1,2,2,2,2,2,2,2,3,2,2,2,2,1,2,2,1,2,2,0,0,0
2008,51,800,1,510453,1,3,1,2,1,1,3,1,4,2,2,2,2,2,2,2,2,2,2,2,1,2,2,2,2,2,2,2,2,2,2,0,0,0
2008,51,710,1,510454,1,3,2,2,4,1,6,1,1,2,2,2,1,2,2,2,2,2,1,2,2,1,1,1,1,2,2,1,2,2,2,0,0,0
2008,51,185,1,510455,1,3,1,2,1,2,4,2,4,2,2,2,2,2,2,2,2,2,2,2,3,2,2,2,2,2,2,2,1,2,2,0,0,0
2008,51,165,1,510456,1,3,1,2,1,2,4,2,3,1,1,2,2,2,2,2,2,2,2,2,3,1,1,1,1,2,2,1,1,2,2,0,0,0
2008,51,41,1,510457,1,3,1,2,1,2,4,2,4,2,1,2,2,2,2,2,2,2,2,2,3,2,2,2,2,2,2,2,1,2,2,0,0,0
2008,51,710,1,510458,1,3,2,2,1,2,3,2,2,2,1,2,2,2,2,2,1,2,2,2,3,2,2,2,2,1,2,2,2,2,2,0,0,0
2008,51,15,1,510459,1,3,1,2,2,2,5,2,1,2,1,2,1,2,1,1,2,2,2,2,3,2,2,2,2,2,1,1,1,2,2,0,0,0
2008,51,740,1,510460,1,3,2,2,1,1,4,1,4,2,2,2,2,2,1,2,2,2,2,2,3,2,2,2,2,1,2,2,2,2,2,0,0,0
2008,51,191,1,510461,1,3,2,2,1,2,6,2,3,1,2,2,2,2,1,1,2,2,2,2,3,2,2,2,2,2,1,1,1,2,2,0,0,0
2008,51,185,1,510462,1,3,1,2,4,2,5,2,1,2,2,2,1,2,2,2,2,2,1,2,1,2,2,2,2,2,2,2,1,2,2,0,0,0
2008,51,7,2,510463,1,3,1,2,4,2,5,2,6,1,2,2,1,2,2,1,2,2,1,2,1,2,2,2,2,2,2,2,1,2,2,0,0,0
2008,51,97,1,510464,1,3,1,2,2,1,6,1,1,2,2,2,1,2,2,2,2,2,1,2,1,1,1,1,1,2,2,1,2,2,2,0,0,0
2008,51,197,1,510465,1,3,1,1,2,2,1,2,1,1,2,2,1,2,1,2,2,2,2,2,3,2,2,2,2,1,2,2,1,2,2,0,0,0
2008,51,590,1,510466,1,3,2,2,1,1,3,1,4,1,1,2,2,2,2,2,2,2,2,2,3,2,2,2,2,1,2,2,2,2,2,0,0,0
2008,51,650,1,510467,1,3,2,1,4,2,1,2,1,2,2,1,2,2,1,2,2,2,2,2,1,2,2,2,2,2,2,2,1,2,2,0,0,0
2008,51,93,1,510468,1,3,2,2,1,1,3,1,4,2,2,2,2,2,2,1,2,2,2,2,1,1,1,1,1,2,1,1,2,2,2,0,0,0
2008,51,31,1,510469,1,3,1,2,1,2,5,2,3,2,2,2,2,2,1,1,2,2,2,2,3,2,2,2,2,2,2,2,1,2,2,0,0,0
2008,51,3,1,510470,1,3,2,2,2,2,4,2,4,1,2,2,2,2,2,2,2,2,2,2,3,1,1,1,1,1,2,1,2,2,2,0,0,0
2008,51,187,1,510471,1,3,1,2,1,2,4,2,3,1,1,2,2,1,2,2,2,2,2,2,3,2,2,2,2,2,1,1,2,2,2,0,0,0
2008,51,93,1,510472,1,3,1,2,4,2,3,2,1,1,1,2,2,1,2,1,2,2,2,2,3,2,2,2,2,2,2,2,1,2,2,0,0,0
2008,51,117,1,510473,1,3,1,1,4,2,1,2,1,1,1,2,1,2,2,2,2,2,2,2,2,2,2,2,2,1,2,2,1,2,1,0,0,0
2008,51,67,1,510474,1,3,1,2,4,2,5,2,1,2,2,2,1,2,2,2,2,2,2,2,1,2,2,2,2,2,1,1,1,2,2,0,0,0
2008,51,97,1,510475,1,3,1,2,4,2,5,2,1,2,2,2,1,2,2,1,2,2,1,2,1,2,2,2,2,2,2,2,1,2,2,0,0,0
2008,51,760,1,510476,1,3,2,2,2,1,5,1,1,1,1,2,1,2,2,2,2,2,2,2,2,2,2,2,2,2,2,2,2,2,2,0,0,0
2008,51,149,1,510477,1,3,1,2,1,2,5,2,1,1,2,2,1,2,2,2,2,2,1,2,1,2,2,2,2,2,1,1,1,2,2,0,0,0
2008,51,111,2,510478,1,3,1,2,1,2,6,2,1,2,2,2,1,2,2,1,2,2,1,2,1,2,2,2,2,2,2,2,1,2,2,0,0,0
2008,51,143,2,510479,1,3,1,2,4,2,6,2,1,2,1,2,1,2,2,2,2,2,1,2,1,2,2,2,2,2,2,2,1,2,2,0,0,0
2008,51,89,1,510480,1,3,1,2,1,2,3,2,1,1,1,1,1,2,2,2,1,2,2,2,3,2,2,2,2,2,2,2,2,2,2,0,0,0
2008,51,550,1,510481,1,3,2,2,1,1,3,1,4,1,1,2,2,2,2,2,2,2,2,2,3,2,2,2,2,1,2,2,2,2,2,0,0,0
2008,51,790,1,510482,1,3,2,2,1,1,4,1,4,1,1,2,2,2,2,2,2,2,2,2,3,2,2,2,2,1,2,2,2,2,2,0,0,0
2008,51,177,2,510483,1,3,1,2,4,2,4,2,1,2,1,2,1,2,2,2,2,2,2,2,1,1,1,1,1,2,2,1,1,2,2,0,0,0
2008,51,109,1,510484,1,3,1,2,1,1,4,1,4,1,1,2,2,2,2,2,2,2,2,2,3,2,2,2,2,2,2,2,2,2,2,0,0,0
2008,51,61,1,510485,1,3,1,2,4,2,6,2,1,1,1,2,1,2,2,2,2,2,2,2,2,2,2,2,2,2,2,2,1,2,2,0,0,0
2008,51,171,1,510486,1,3,1,1,4,2,1,3,1,1,2,2,1,1,2,2,2,2,2,2,2,2,2,2,2,2,2,2,1,2,2,0,0,0
2008,51,43,1,510487,1,3,1,2,4,2,5,2,1,1,1,2,1,2,2,1,2,2,2,2,2,2,2,2,2,1,2,2,1,2,2,0,0,0
2008,51,71,2,510488,1,3,1,2,1,1,3,1,4,2,1,2,2,2,2,2,2,2,2,2,3,2,2,2,2,2,2,2,2,2,2,0,0,0
2008,51,197,1,510489,1,3,1,1,2,2,1,2,1,1,1,2,1,2,2,2,2,2,1,2,2,2,2,2,2,2,2,2,1,2,2,0,0,0
2008,51,19,1,510490,1,3,1,2,1,2,3,2,2,2,2,2,2,2,1,2,2,2,2,2,1,2,2,2,2,2,2,2,2,2,2,0,0,0
2008,51,193,1,510491,1,3,1,2,4,2,4,2,1,2,2,2,1,2,2,2,2,2,1,2,2,2,2,2,2,2,2,2,1,2,2,0,0,0
2008,51,61,1,510492,1,3,1,2,2,3,3,3,1,1,1,2,1,2,2,1,2,2,1,2,1,2,2,2,2,2,1,1,1,2,2,0,0,0
2008,51,49,1,510493,1,3,1,2,4,2,4,2,1,2,1,2,1,2,2,1,2,2,2,2,1,2,2,1,1,2,2,1,1,2,2,0,0,0
2008,51,47,1,510494,1,3,1,2,1,2,4,2,3,1,1,2,2,2,2,2,2,2,2,2,3,1,1,1,1,2,2,1,1,2,2,0,0,0
2008,51,21,1,510495,1,3,1,2,2,2,5,2,1,1,2,2,1,2,1,2,2,2,2,2,3,2,2,2,2,2,2,2,1,2,2,0,0,0
2008,51,137,1,510496,1,3,1,2,4,2,4,2,1,2,2,2,1,2,2,1,2,2,2,2,1,2,2,2,2,2,2,2,1,2,2,0,0,0
2008,51,59,1,510497,1,3,2,2,2,2,5,2,1,2,2,2,1,2,1,2,2,2,2,2,1,2,2,2,2,2,2,2,1,2,2,0,0,0
2008,51,13,1,510498,1,3,2,1,2,2,1,2,1,2,2,2,1,2,2,2,2,2,1,2,1,2,2,2,2,2,2,2,1,2,2,0,0,0
2008,51,700,1,510499,1,3,2,1,2,2,1,3,1,2,2,2,1,2,1,1,2,2,2,2,1,2,2,2,2,2,1,1,1,2,2,0,0,0
2008,51,169,1,510500,1,3,1,2,1,2,5,2,3,2,1,2,2,2,2,2,2,2,2,2,3,1,1,1,1,2,2,1,1,2,2,0,0,0
2008,51,810,1,510501,1,3,2,2,1,1,4,1,4,1,2,2,2,2,1,1,2,2,2,2,1,2,2,2,2,2,2,2,2,2,2,0,0,0
2008,51,59,1,510502,1,3,2,2,2,2,3,3,1,2,2,2,3,2,2,1,2,2,2,2,1,2,2,2,2,2,1,1,1,2,2,0,0,0
2008,51,59,1,510503,1,3,2,2,4,2,5,2,1,1,1,2,1,2,2,1,2,2,2,2,3,1,2,1,2,2,2,2,1,2,2,0,0,0
2008,51,760,1,510504,1,3,2,2,1,1,4,1,4,1,1,2,2,2,2,2,2,2,2,2,3,2,2,2,2,1,2,2,2,2,2,0,0,0
2008,51,3,1,510505,1,3,1,2,1,1,5,1,2,1,2,2,3,2,1,2,2,2,2,2,3,2,2,2,2,1,1,1,2,2,2,0,0,0
2008,51,25,1,510506,1,3,1,2,3,2,3,2,1,2,2,2,1,2,2,2,2,2,1,2,3,2,2,2,2,2,2,2,1,2,2,0,0,0
2008,51,800,1,510507,1,3,2,2,1,2,4,3,4,1,1,2,2,1,2,2,2,2,2,2,3,2,2,2,2,1,2,2,2,2,2,0,0,0
2008,51,199,1,510508,1,3,1,1,2,2,1,3,1,1,1,2,1,2,2,2,2,2,2,2,3,2,2,2,2,2,1,1,1,2,1,0,0,0
2008,51,199,1,510509,1,3,2,2,2,2,5,2,1,2,2,2,1,2,2,2,2,2,2,2,2,2,2,2,2,2,2,2,1,2,2,0,0,0
2008,51,53,1,510510,1,3,1,2,4,2,3,2,1,2,1,2,1,2,1,1,2,2,2,2,1,2,2,2,2,2,2,2,1,2,2,0,0,0
2008,51,53,1,510511,1,3,1,2,4,2,5,2,1,1,1,2,1,2,2,1,2,2,1,2,3,1,1,1,1,2,2,1,1,2,2,0,0,0
2008,51,97,1,510512,1,3,1,2,1,2,4,3,7,1,1,2,2,1,2,2,2,2,2,2,3,2,2,2,2,1,2,2,2,2,2,0,0,0
2008,51,760,1,510513,1,3,2,2,1,1,4,1,4,1,1,2,2,2,1,1,2,2,2,2,3,2,2,2,2,2,2,2,2,2,2,0,0,0
2008,51,810,1,510514,1,3,2,2,1,2,6,2,1,2,2,2,1,2,1,2,2,2,2,2,2,2,2,2,2,2,2,2,1,2,2,0,0,0
2008,51,810,1,510515,1,3,2,2,2,3,6,4,1,2,2,2,1,2,2,2,2,2,2,2,2,1,1,1,1,2,2,1,1,2,2,0,0,0
2008,51,41,1,510516,1,3,1,2,2,2,4,2,1,2,1,2,1,2,2,2,2,2,1,1,1,2,2,2,2,2,2,2,1,2,2,0,0,0
2008,51,125,1,510517,1,3,1,2,1,2,5,2,3,1,1,2,2,2,2,2,2,2,2,2,3,1,1,1,1,2,2,1,1,2,2,0,0,0
2008,51,650,1,510518,1,3,2,2,1,1,3,1,7,1,1,2,2,2,2,2,1,2,2,2,3,2,2,2,2,2,2,2,2,2,2,0,0,0
2008,51,87,1,510519,1,3,2,2,1,2,4,2,2,2,2,1,2,2,2,2,2,2,2,2,3,2,2,2,2,1,2,2,2,2,2,0,0,0
2008,51,41,1,510520,1,3,2,2,2,2,2,3,1,2,1,2,1,2,2,1,2,2,1,2,3,2,2,2,2,2,2,2,1,2,2,0,0,0
2008,51,3,1,510521,1,3,1,2,4,2,5,2,1,2,2,2,1,2,2,2,2,2,2,2,1,1,1,1,1,2,2,1,1,2,2,0,0,0
2008,51,89,1,510522,1,3,1,2,2,2,5,2,1,2,1,2,1,2,2,2,2,2,2,2,1,2,2,2,2,2,2,2,1,2,2,0,0,0
2008,51,185,1,510523,1,3,1,2,4,2,5,2,1,1,1,2,1,2,2,1,2,2,2,2,2,2,2,2,2,2,1,1,1,2,2,0,0,0
2008,51,99,1,510524,1,3,1,2,4,2,5,2,1,2,2,2,1,2,1,2,2,2,2,2,2,2,2,2,2,2,2,2,1,2,2,0,0,0
2008,51,41,1,510525,1,3,2,2,2,2,3,2,1,1,2,2,1,2,2,2,2,2,2,2,2,2,2,2,2,2,2,2,1,2,2,0,0,0
2008,51,41,2,510526,1,3,2,2,4,2,5,2,1,1,2,2,1,2,2,1,2,2,2,2,1,2,2,2,2,2,2,2,1,2,2,0,0,0
2008,51,141,1,510527,1,3,1,2,4,2,6,2,1,1,2,2,1,2,2,2,2,2,1,2,3,1,1,1,1,2,2,1,1,2,2,0,0,0
2008,51,161,1,510528,1,3,2,2,1,2,4,2,3,2,2,2,3,2,2,2,2,2,2,2,1,1,1,1,1,2,2,1,1,2,2,0,0,0
2008,51,15,1,510529,1,3,1,2,2,2,5,2,1,2,2,2,1,2,1,2,2,2,2,2,1,2,2,2,2,2,2,2,1,2,2,0,0,0
2008,51,35,1,510530,1,3,1,2,4,2,6,2,1,2,1,2,1,2,2,1,2,2,1,2,2,2,2,2,2,2,2,2,1,2,2,0,0,0
2008,51,760,1,510531,1,3,2,2,1,2,3,2,1,2,2,1,3,2,2,2,1,2,2,2,3,2,2,2,2,2,2,2,2,2,2,0,0,0
2008,51,153,1,510532,1,3,2,2,2,2,3,2,1,1,1,2,1,1,2,2,1,2,2,2,3,2,2,2,2,2,2,2,1,2,2,0,0,0
2008,51,800,1,510533,1,3,2,2,2,2,6,2,1,2,2,2,1,2,2,1,2,2,2,2,1,2,2,2,2,2,2,2,1,2,2,0,0,0
2008,51,153,1,510534,1,3,1,2,2,2,5,2,1,1,2,2,1,2,2,2,2,2,2,2,2,2,2,2,2,1,2,2,1,2,2,0,0,0
2008,51,143,1,510535,1,3,1,2,4,2,6,2,1,2,2,2,1,2,2,1,2,2,2,2,2,2,2,2,2,2,2,2,1,2,2,0,0,0
2008,51,127,1,510536,1,3,1,2,4,2,5,2,1,2,1,2,1,2,2,2,2,2,2,2,3,2,2,2,2,1,2,2,1,2,2,0,0,0
2008,51,81,1,510537,1,3,1,2,4,2,3,2,1,1,2,2,1,2,2,1,2,2,2,2,1,2,2,2,2,2,2,2,1,2,2,0,0,0
2008,51,153,1,510538,1,3,1,2,2,2,5,2,1,1,1,2,1,2,2,2,2,2,2,2,3,2,2,2,2,1,2,2,1,2,2,0,0,0
2008,51,59,1,510539,1,3,2,2,1,1,3,1,4,1,1,2,2,2,2,2,2,2,2,2,3,2,2,2,2,1,2,2,2,2,2,0,0,0
2008,51,153,2,510540,1,3,2,2,2,2,6,2,1,1,2,2,1,2,2,1,2,2,1,2,2,1,1,1,1,2,2,1,1,2,2,0,0,0
2008,51,25,1,510541,1,3,1,2,4,2,6,2,1,1,1,2,1,2,2,1,2,2,1,2,3,1,1,1,1,2,2,1,1,2,2,0,0,0
2008,51,143,1,510542,1,3,1,2,1,2,3,2,1,2,1,2,1,2,2,2,1,2,2,2,3,2,2,2,2,2,2,2,2,2,2,0,0,0
2008,51,197,1,510543,1,3,1,2,1,2,6,2,1,1,1,2,1,2,2,2,2,2,1,2,1,2,2,2,2,2,2,2,2,2,2,0,0,0
2008,51,7,2,510544,1,3,1,2,1,2,3,3,4,1,2,2,2,2,2,2,2,2,2,2,3,2,2,2,2,2,1,1,2,2,2,0,0,0
2008,51,171,1,510545,1,3,1,1,1,2,1,3,4,2,1,2,2,2,1,2,2,2,2,2,3,2,2,2,2,2,1,1,2,2,2,0,0,0
2008,51,83,1,510546,1,3,1,2,1,2,4,2,3,2,1,2,2,2,2,2,2,2,2,2,3,2,2,1,1,2,2,1,1,2,1,0,0,0
2008,51,700,1,510547,1,3,2,1,2,2,1,3,1,2,1,2,1,2,2,2,2,2,1,1,1,1,1,1,1,2,2,1,1,2,2,0,0,0
2008,51,41,1,510548,1,3,2,2,1,2,3,2,4,2,2,2,2,2,2,2,2,2,2,2,1,2,2,2,2,2,1,1,1,2,2,0,0,0
2008,51,163,1,510549,1,3,1,2,1,2,5,2,1,1,1,2,1,2,1,2,2,2,2,2,2,2,2,2,2,2,2,2,2,2,2,0,0,0
2008,51,163,1,510550,1,3,1,1,4,2,1,3,1,1,2,2,1,2,1,1,2,2,2,2,2,2,2,2,2,1,2,2,1,2,2,0,0,0
2008,51,19,1,510551,1,3,1,2,1,2,5,2,1,2,2,2,1,2,2,2,2,2,1,2,3,1,1,1,1,2,2,1,2,2,2,0,0,0
2008,51,161,1,510552,1,3,2,2,1,2,5,2,1,2,2,2,2,2,2,2,1,2,2,2,3,1,1,1,1,2,2,1,2,2,2,0,0,0
2008,51,770,1,510553,1,3,2,2,1,2,6,2,3,1,1,2,2,2,2,2,2,2,1,2,3,2,2,2,2,1,1,1,1,2,2,0,0,0
2008,51,770,1,510554,1,3,2,2,1,2,3,2,1,1,1,2,1,2,2,2,1,2,2,2,3,2,2,2,2,2,2,2,2,1,2,0,0,0
2008,51,153,1,510555,1,3,2,2,1,3,4,4,5,1,1,2,2,2,2,2,2,2,1,2,3,2,2,2,2,1,1,1,2,2,2,0,0,0
2008,51,760,1,510556,1,3,2,2,1,1,3,1,1,2,2,2,1,2,2,2,1,2,2,2,3,2,2,2,2,1,2,2,2,2,2,0,0,0
2008,51,153,1,510557,1,3,2,2,1,2,3,2,4,1,2,2,2,2,2,1,2,2,1,2,3,2,2,2,2,2,2,2,1,2,2,0,0,0
2008,51,550,1,510558,1,3,2,2,1,2,6,2,3,2,2,2,2,2,2,2,2,2,2,2,3,1,1,1,1,2,2,1,1,2,2,0,0,0
2008,51,760,1,510559,1,3,2,2,1,2,3,2,1,1,1,2,1,2,2,2,1,2,2,2,3,2,2,2,2,2,2,2,2,2,2,0,0,0
2008,51,800,1,510560,1,3,2,2,4,2,2,3,1,2,2,2,1,1,2,2,2,2,1,2,2,2,2,2,2,2,2,2,1,2,2,0,0,0
2008,51,149,1,510561,1,3,2,2,1,2,3,2,1,1,1,2,1,1,2,2,1,2,2,2,3,2,2,2,2,2,2,2,2,2,2,0,0,0
2008,51,87,2,510562,1,3,2,2,2,2,3,2,1,2,1,2,1,2,2,2,2,2,2,2,1,1,1,1,1,2,2,1,1,2,2,0,0,0
2008,51,85,1,510563,1,3,1,2,2,1,5,1,1,2,1,2,1,2,1,2,2,2,2,2,1,2,2,2,2,2,1,1,2,2,2,0,0,0
2008,51,171,1,510564,1,3,1,2,1,2,5,2,1,1,1,2,1,2,2,2,1,2,2,2,3,2,2,2,2,2,2,2,2,2,2,0,0,0
2008,51,570,1,510565,1,3,2,1,2,2,1,2,1,2,2,2,1,1,2,2,2,2,2,2,3,2,2,2,2,2,2,2,1,2,2,0,0,0
2008,51,710,1,510566,1,3,2,2,1,1,5,1,4,1,1,2,2,2,2,2,2,2,2,2,3,2,2,2,2,1,2,2,2,2,2,0,0,0
2008,51,23,1,510567,1,3,1,2,4,2,6,2,1,2,2,2,1,2,2,2,2,2,1,2,2,1,1,1,1,2,2,1,1,2,2,0,0,0
2008,51,155,1,510568,1,3,2,2,1,1,3,1,4,2,2,2,2,2,1,1,2,2,2,2,1,2,2,2,2,2,2,2,2,2,2,0,0,0
2008,51,53,1,510570,1,3,1,1,2,2,1,2,1,2,1,2,1,1,2,2,2,2,1,2,3,2,2,2,2,2,2,2,1,2,1,0,0,0
2008,51,181,1,510571,1,3,1,2,2,2,4,2,1,2,1,2,1,2,2,2,2,2,1,2,1,1,1,1,1,2,2,1,1,2,2,0,0,0
2008,51,53,1,510572,1,3,1,1,4,2,1,2,1,1,1,2,1,2,2,1,1,2,2,2,3,2,2,2,2,2,2,2,1,2,1,0,0,0
2008,51,95,1,510573,1,3,2,2,2,2,4,2,1,1,1,2,1,2,1,2,2,2,2,2,2,2,2,2,2,2,2,2,1,2,2,0,0,0
2008,51,680,1,510574,1,3,2,2,4,2,4,2,1,2,1,2,1,2,1,2,2,2,2,2,1,2,2,2,2,2,2,2,1,2,2,0,0,0
2008,51,510,1,510575,1,3,3,3,4,2,7,2,1,2,1,2,1,2,1,2,2,2,2,2,2,2,2,2,2,2,1,1,1,2,2,0,0,0
2008,51,89,1,510576,1,3,1,2,4,2,5,2,1,2,1,2,1,2,2,2,2,2,2,2,2,1,1,1,1,2,2,1,1,2,2,0,0,0
2008,51,75,1,510577,1,3,1,2,4,2,5,2,1,2,1,2,1,2,2,2,2,2,2,2,1,2,2,2,2,2,2,2,1,2,2,0,0,0
2008,51,27,4,510578,1,3,1,2,2,2,6,2,1,1,1,2,1,2,2,1,2,2,2,2,3,2,2,2,2,1,2,2,1,2,2,0,0,0
2008,51,87,1,510579,1,3,2,2,2,1,6,1,1,1,1,2,1,2,1,2,2,2,2,2,1,2,2,2,2,2,2,2,1,2,2,0,0,0
2008,51,93,1,510580,1,3,1,2,1,2,4,2,3,1,1,2,2,1,2,2,2,2,2,2,3,2,2,2,2,2,2,2,1,2,2,0,0,0
2008,51,69,1,510581,1,3,1,2,2,2,4,2,1,1,2,2,1,2,2,2,2,2,1,2,3,1,1,1,1,2,2,1,1,2,2,0,0,0
2008,51,41,1,510582,1,3,2,2,2,1,3,1,1,2,2,2,1,2,1,2,2,2,2,2,2,2,2,2,2,2,2,2,1,2,2,0,0,0
2008,51,141,1,510583,1,3,1,2,4,2,4,2,1,1,2,2,1,2,2,2,2,2,1,2,3,2,2,2,2,2,2,2,1,2,2,0,0,0
2008,51,87,1,510584,1,3,2,2,1,1,5,1,1,2,1,2,1,2,2,2,1,2,2,2,1,2,2,2,2,2,2,2,2,2,2,0,0,0
2008,51,43,1,510585,1,3,1,2,2,2,4,2,1,1,1,2,1,2,2,2,2,2,1,2,2,2,2,2,2,1,2,2,1,2,2,0,0,0
2008,51,165,1,510586,1,3,2,2,1,2,4,2,3,1,1,2,2,2,2,2,2,2,2,2,3,2,2,2,2,2,1,1,1,2,2,0,0,0
2008,51,117,1,510587,1,3,1,1,4,2,1,3,1,1,1,2,1,2,2,2,2,2,2,2,3,2,2,2,2,1,2,2,1,2,1,0,0,0
2008,51,750,2,510588,1,3,2,2,4,1,4,1,1,1,2,2,1,2,2,2,2,2,2,2,2,2,2,2,2,1,2,2,1,2,2,0,0,0
2008,51,87,1,510589,1,3,2,2,2,2,4,2,1,2,2,2,1,2,2,1,2,2,2,2,1,2,2,2,2,2,1,1,1,2,2,0,0,0
2008,51,53,1,510590,1,3,1,2,4,2,6,2,1,2,2,2,1,2,2,1,2,2,2,2,1,2,2,2,2,2,2,2,1,2,2,0,0,0
2008,51,550,1,510591,1,3,2,1,3,2,1,2,1,1,2,2,1,1,2,2,2,2,1,2,3,2,2,1,1,2,2,1,1,2,1,0,0,0
2008,51,59,1,510592,1,3,2,2,4,2,4,2,1,1,1,2,1,2,2,2,2,2,2,2,1,2,2,2,2,2,2,2,1,1,1,0,0,0
2008,51,187,1,510593,1,3,1,2,1,1,5,1,6,1,2,2,2,2,2,2,2,2,2,2,3,2,2,2,2,2,2,2,2,2,2,0,0,0
2008,51,31,1,510594,1,3,2,2,1,2,3,2,3,1,2,2,2,2,1,2,2,2,2,2,3,2,2,2,2,2,2,2,1,2,2,0,0,0
2008,51,83,1,510595,1,3,1,2,4,2,5,2,1,2,1,2,1,2,2,1,2,2,1,2,2,1,1,1,1,2,2,1,1,2,2,0,0,0
2008,51,153,1,510596,1,3,2,2,1,1,4,1,2,2,1,2,3,2,2,2,2,2,2,2,3,2,2,2,2,2,2,2,2,1,2,0,0,0
2008,51,3,1,510597,1,3,1,2,4,2,3,2,1,2,1,2,1,2,2,1,2,2,2,2,3,2,2,2,2,2,1,1,1,2,2,0,0,0
2008,51,179,1,510598,1,3,2,1,1,2,1,3,2,2,1,2,2,2,2,2,2,2,2,2,1,2,2,2,2,2,2,2,2,2,2,0,0,0
2008,51,83,1,510599,1,3,1,2,4,2,4,2,1,2,2,2,1,2,2,2,2,2,1,2,1,2,2,2,2,2,2,2,1,2,2,0,0,0
2008,51,35,1,510600,1,3,1,2,1,2,6,2,3,1,1,2,2,2,2,1,2,2,2,2,1,1,1,1,1,2,2,1,1,2,2,0,0,0
2008,51,107,1,510601,1,3,2,2,3,2,3,2,1,1,2,2,1,2,2,1,2,2,2,2,2,1,1,1,1,2,2,1,1,1,2,0,0,0
2008,51,73,1,510602,1,3,1,2,2,2,5,2,1,2,2,2,1,2,2,1,2,2,1,2,1,2,2,1,1,2,2,1,1,2,2,0,0,0
2008,51,15,1,510603,1,3,1,2,1,2,4,2,3,1,1,2,3,2,2,2,2,2,2,2,3,1,1,1,1,2,2,1,1,2,2,0,0,0
2008,51,59,1,510604,1,3,2,2,1,1,3,1,1,2,1,2,1,2,2,2,1,2,2,2,3,2,2,2,2,2,2,2,2,2,2,0,0,0
2008,51,710,1,510605,1,3,2,2,1,1,6,1,5,2,1,2,2,2,2,2,2,2,2,2,1,2,2,2,2,2,1,1,2,2,2,0,0,0
2008,51,510,1,510606,1,3,2,1,1,1,1,1,4,1,2,2,2,2,2,2,2,2,2,2,2,2,2,2,2,2,2,2,2,2,2,0,0,0
2008,51,61,2,510607,1,3,1,2,4,2,5,2,1,2,1,2,1,2,2,2,2,2,1,2,1,1,1,1,1,2,2,1,1,2,2,0,0,0
2008,51,69,1,510608,1,3,1,2,4,2,5,2,1,1,1,2,1,2,2,2,2,2,1,2,1,2,2,2,2,2,2,2,1,2,2,0,0,0
2008,51,69,1,510609,1,3,1,2,1,2,3,2,3,2,2,2,2,2,2,2,2,2,2,2,1,2,2,2,2,2,2,2,1,2,2,0,0,0
2008,51,165,1,510610,1,3,1,2,2,2,4,2,1,2,1,2,1,2,2,2,2,2,1,2,1,2,2,2,2,2,1,1,1,2,2,0,0,0
2008,51,41,1,510611,1,3,2,2,2,2,3,2,1,2,2,2,1,2,2,1,2,2,1,2,3,1,1,1,1,2,2,1,1,2,2,0,0,0
2008,51,53,1,510612,1,3,1,1,4,2,1,2,1,1,2,2,1,2,2,2,2,2,2,2,2,2,2,2,2,2,2,2,1,2,2,0,0,0
2008,51,59,1,510613,1,3,2,2,1,2,3,2,6,1,1,2,3,1,2,2,2,2,2,2,3,2,2,2,2,2,2,2,2,2,2,0,0,0
2008,51,105,1,510614,1,3,1,2,1,2,5,2,3,2,2,2,2,2,2,2,2,2,1,2,3,1,1,1,1,2,2,1,1,2,2,0,0,0
2008,51,740,1,510615,1,3,2,1,4,2,1,2,1,2,2,2,1,2,2,2,2,2,2,2,1,2,2,2,2,2,2,2,1,2,2,0,0,0
2008,51,83,2,510616,1,3,1,2,1,2,3,2,2,2,1,2,2,1,2,2,2,2,1,2,3,2,2,2,2,2,2,2,2,1,2,0,0,0
2008,51,23,1,510617,1,3,1,2,2,2,3,2,1,1,1,2,1,2,2,2,2,2,1,2,1,2,2,2,2,2,2,2,1,2,2,0,0,0
2008,51,61,1,510618,1,3,1,2,1,2,4,2,3,1,2,2,2,2,2,2,2,2,2,2,3,2,2,2,2,2,1,1,1,2,2,0,0,0
2008,51,61,1,510619,1,3,1,2,4,2,5,2,1,2,2,2,1,2,2,1,2,2,1,2,1,1,1,1,1,2,2,1,1,2,2,0,0,0
2008,51,17,1,510620,1,3,1,2,1,2,4,2,3,1,1,2,3,2,2,2,2,2,1,2,3,1,1,1,1,2,2,1,1,1,2,0,0,0
2008,51,85,1,510621,1,3,2,2,1,2,5,2,3,1,1,2,2,2,2,2,2,2,2,2,1,2,2,2,2,2,1,1,2,2,2,0,0,0
2008,51,31,2,510622,1,3,1,2,4,2,6,2,1,2,1,2,2,2,2,2,2,2,2,2,1,2,2,2,2,2,2,2,1,2,2,0,0,0
2008,51,15,1,510623,1,3,1,2,1,2,4,3,4,1,1,2,2,2,2,2,2,2,1,2,3,2,2,2,2,2,2,2,2,2,2,0,0,0
2008,51,650,1,510624,1,3,2,2,1,2,4,2,1,1,1,2,1,2,2,2,1,2,2,2,3,2,2,2,2,2,2,2,2,2,2,0,0,0
2008,51,167,1,510625,1,3,1,2,1,2,4,2,1,2,1,2,1,2,2,2,1,2,2,2,3,2,2,2,2,2,2,2,2,2,2,0,0,0
2008,51,63,1,510626,1,3,1,2,2,2,5,2,1,2,2,2,1,2,2,2,2,2,2,2,1,2,2,2,2,2,2,2,1,2,2,0,0,0
2008,51,153,1,510627,1,3,2,1,1,2,1,2,2,2,2,2,3,2,2,2,2,2,2,2,3,2,2,2,2,2,1,1,2,2,2,0,0,0
2008,51,9,1,510628,1,3,2,2,4,2,6,2,1,2,2,2,1,2,2,2,2,2,2,2,2,1,1,1,1,2,2,1,1,2,2,0,0,0
2008,51,59,1,510629,1,3,2,2,4,2,4,2,1,2,2,2,1,2,2,1,2,2,2,2,1,2,2,2,2,2,2,2,1,2,2,0,0,0
2008,51,770,1,510630,1,3,1,1,1,2,1,2,4,2,2,2,2,2,2,1,2,2,2,2,1,2,2,2,2,2,2,2,2,2,2,0,0,0
2008,51,41,1,510631,1,3,2,2,1,2,3,2,1,2,1,2,1,2,2,2,1,2,2,2,2,2,2,2,2,2,2,2,2,2,2,0,0,0
2008,51,135,1,510632,1,3,1,2,4,2,6,2,1,1,2,2,1,2,2,2,2,2,2,2,3,2,2,2,2,1,2,2,1,2,2,0,0,0
2008,51,15,1,510633,1,3,1,2,1,2,4,2,3,2,1,2,2,2,2,2,2,2,2,2,3,2,2,2,2,2,2,2,1,2,2,0,0,0
2008,51,23,1,510634,1,3,1,1,2,2,1,2,2,1,1,2,1,1,2,2,2,2,2,2,2,2,2,2,2,2,2,2,1,2,2,0,0,0
2008,51,15,1,510635,1,3,1,1,1,2,1,2,4,1,2,2,2,1,2,2,2,2,2,2,3,2,2,2,2,1,2,2,1,2,2,0,0,0
2008,51,740,1,510636,1,3,2,2,4,1,5,1,6,1,2,2,1,2,1,1,2,2,2,2,2,2,2,2,2,2,2,2,1,2,2,0,0,0
2008,51,515,1,510637,1,3,2,2,4,2,6,2,1,2,1,2,1,2,2,2,2,2,2,2,2,2,2,2,2,2,2,2,1,2,2,0,0,0
2008,51,710,1,510638,1,3,2,2,1,1,4,1,4,1,1,2,2,2,2,2,2,2,2,2,3,1,1,1,1,2,1,1,2,2,2,0,0,0
2008,51,700,1,510639,1,3,2,2,3,2,4,2,1,2,1,2,1,2,2,2,2,2,1,2,2,1,1,1,1,2,2,1,1,2,2,0,0,0
2008,51,107,1,510640,1,3,1,2,1,2,3,2,2,2,2,2,2,2,2,2,2,2,2,2,3,2,2,1,1,1,2,1,2,2,2,0,0,0
2008,51,9,1,510641,1,3,2,2,4,2,2,2,1,1,2,2,1,2,2,2,2,2,1,2,1,2,2,2,2,2,2,2,2,2,2,0,0,0
2008,51,51,1,510642,1,3,1,2,1,2,4,2,4,1,1,2,2,2,2,2,2,2,2,2,3,2,2,2,2,1,2,2,2,2,2,0,0,0
2008,51,7,1,510643,1,3,1,2,2,2,6,2,1,2,2,2,1,2,2,1,2,2,1,2,1,2,2,2,2,2,2,2,1,2,2,0,0,0
2008,51,53,1,510644,1,3,1,1,1,2,1,2,1,2,2,2,2,2,2,2,1,2,2,2,3,2,2,2,2,2,1,1,2,2,2,0,0,0
2008,51,810,1,510645,1,3,2,2,4,2,5,2,1,2,1,2,1,2,1,2,2,2,2,2,3,2,2,2,2,2,2,2,1,2,2,0,0,0
2008,51,710,1,510646,1,3,2,2,1,1,3,1,4,2,1,2,2,1,2,2,2,2,2,2,1,2,2,2,2,2,2,2,2,2,2,0,0,0
2008,51,73,1,510647,1,3,1,2,2,1,5,1,1,2,2,2,1,2,2,2,2,2,1,2,1,2,2,1,1,2,2,1,1,2,2,0,0,0
2008,51,19,1,510648,1,3,1,2,4,2,3,2,1,2,2,2,1,2,2,2,2,2,1,2,1,2,2,2,2,2,2,2,1,2,2,0,0,0
2008,51,89,1,510649,1,3,1,2,4,2,5,2,1,1,1,2,1,2,2,2,2,2,1,2,3,1,1,1,1,2,2,1,1,2,2,0,0,0
2008,51,15,1,510650,1,3,1,1,2,2,1,3,1,2,2,2,1,1,2,2,2,2,2,2,1,2,2,2,2,1,2,2,1,2,2,0,0,0
2008,51,105,1,510651,1,3,1,2,4,2,5,2,1,2,2,2,1,2,2,2,2,2,1,2,2,2,2,2,2,2,2,2,1,2,2,0,0,0
2008,51,59,1,510652,1,3,2,2,4,2,4,2,1,2,2,2,1,2,2,1,2,2,2,2,1,1,1,1,1,2,2,1,1,2,2,0,0,0
2008,51,29,1,510653,1,3,1,2,4,2,5,2,1,1,2,2,1,2,2,1,2,2,2,2,1,2,2,2,2,2,2,2,1,2,2,0,0,0
2008,51,83,1,510654,1,3,1,2,1,2,5,2,3,1,2,2,2,2,2,2,2,2,2,2,3,2,2,2,2,1,2,2,1,2,2,0,0,0
2008,51,71,1,510655,1,3,1,2,1,2,6,2,3,1,1,2,2,2,2,2,2,2,2,2,3,2,2,2,2,1,2,2,2,2,2,0,0,0
2008,51,41,3,510656,1,3,2,2,2,1,6,1,1,2,1,2,1,2,2,1,2,2,2,2,1,2,2,2,2,2,1,1,1,2,2,0,0,0
2008,51,147,1,510657,1,3,1,2,4,2,5,2,1,2,1,2,1,2,2,2,2,2,2,2,1,2,2,2,2,2,1,1,1,2,2,0,0,0
2008,51,165,1,510658,1,3,1,2,2,2,5,2,1,2,1,2,1,2,2,2,2,2,1,2,2,1,1,1,1,2,2,1,1,2,2,0,0,0
2008,51,810,1,510659,1,3,2,2,1,1,4,1,5,1,2,2,2,2,2,2,2,2,2,2,3,2,2,2,2,1,2,2,2,2,2,0,0,0
2008,51,5,1,510660,1,3,1,2,4,2,4,2,1,2,1,2,1,2,2,2,2,2,1,2,1,2,2,2,2,2,2,2,1,2,2,0,0,0
2008,51,119,1,510661,1,3,1,2,1,1,3,1,5,1,1,2,2,1,2,2,2,2,2,2,3,2,2,2,2,2,2,2,2,2,2,0,0,0
2008,51,59,1,510662,1,3,2,1,1,2,1,2,2,2,1,2,2,1,2,2,2,2,2,2,1,2,2,2,2,2,1,1,2,2,2,0,0,0
2008,51,89,1,510663,1,3,1,2,1,2,6,2,1,2,1,2,1,2,2,1,2,2,1,2,3,2,2,2,2,2,2,2,1,2,2,0,0,0
2008,51,810,3,510664,1,3,2,2,1,2,5,2,3,1,1,2,2,2,2,2,2,2,2,2,3,1,1,1,1,2,2,1,1,2,2,0,0,0
2008,51,167,1,510665,1,3,1,2,4,2,5,2,1,2,2,2,1,2,2,2,2,2,1,2,1,1,1,1,1,2,2,1,1,2,2,0,0,0
2008,51,137,1,510666,1,3,1,2,4,2,4,2,1,1,2,2,1,2,1,2,2,2,2,2,3,2,2,2,2,2,1,1,1,2,2,0,0,0
2008,51,23,1,510667,1,3,1,2,2,2,3,2,1,1,1,2,1,2,2,2,2,2,1,2,3,2,2,2,2,2,2,2,1,2,2,0,0,0
2008,51,87,1,510668,1,3,2,2,3,1,4,1,1,2,2,2,1,2,2,2,2,2,2,2,1,1,1,1,1,2,2,1,1,2,2,0,0,0
2008,51,59,1,510669,1,3,2,2,1,1,3,1,4,1,1,2,3,2,1,2,2,2,2,2,3,2,2,2,2,1,2,2,2,2,2,0,0,0
2008,51,5,1,510670,1,3,1,1,2,2,1,2,7,1,1,2,2,1,2,2,2,2,1,2,3,2,2,2,2,2,2,2,1,2,2,0,0,0
2008,51,27,1,510671,1,3,1,2,2,2,3,2,4,2,1,2,2,2,2,2,2,2,1,2,3,1,1,1,1,2,2,1,1,2,2,0,0,0
2008,51,33,1,510672,1,3,1,2,1,1,3,1,4,1,1,2,2,2,2,2,2,2,2,2,3,2,2,2,2,1,2,2,2,2,2,0,0,0
2008,51,59,1,510673,1,3,2,2,1,1,4,1,3,1,1,2,2,2,2,2,2,2,2,2,3,2,2,2,2,2,2,2,2,2,2,0,0,0
2008,51,59,1,510674,1,3,2,2,1,1,3,1,2,1,1,2,3,1,2,2,2,2,2,2,3,2,2,2,2,2,2,2,2,2,2,0,0,0
2008,51,177,1,510675,1,3,2,2,1,2,3,2,3,2,1,2,2,2,2,2,2,2,1,2,3,2,2,2,2,2,2,2,1,2,2,0,0,0
2008,51,760,1,510676,1,3,2,2,1,1,4,1,4,2,1,2,3,2,2,2,2,2,2,2,3,2,2,2,2,1,2,2,2,2,2,0,0,0
2008,51,59,1,510677,1,3,2,1,1,2,1,3,3,2,1,2,2,1,2,1,2,2,2,2,3,2,2,2,2,2,1,1,2,2,2,0,0,0
2008,51,3,1,510678,1,3,2,1,4,2,1,3,1,1,1,2,1,2,2,1,2,2,1,2,1,2,2,2,2,2,1,1,1,2,2,0,0,0
2008,51,143,1,510679,1,3,1,2,2,2,5,2,1,1,2,2,1,2,2,1,2,2,1,2,1,2,2,2,2,2,2,2,1,2,2,0,0,0
2008,51,69,1,510680,1,3,1,1,1,2,1,3,2,1,2,2,3,1,1,1,2,2,2,1,3,2,2,2,2,2,1,1,2,2,2,0,0,0
2008,51,710,1,510681,1,3,2,2,1,1,5,1,4,2,2,1,2,2,2,2,2,2,2,2,3,2,2,2,2,2,2,2,2,2,2,0,0,0
2008,51,59,1,510682,1,3,2,2,2,2,4,2,1,2,2,2,1,2,2,1,2,2,2,2,1,2,2,2,2,2,2,2,1,2,2,0,0,0
2008,51,171,1,510683,1,3,1,2,4,2,6,2,1,1,1,2,1,2,2,1,2,2,1,2,2,1,1,1,1,2,2,1,1,2,2,0,0,0
2008,51,101,1,510684,1,3,1,2,1,2,4,2,3,1,2,2,2,2,2,1,2,2,2,1,3,1,1,1,1,2,2,1,1,2,2,0,0,0
2008,51,171,3,510685,1,3,1,1,1,2,1,3,2,1,1,2,3,1,2,1,2,2,2,2,3,2,2,2,2,1,2,2,2,2,2,0,0,0
2008,51,161,1,510686,1,3,2,2,1,2,6,2,3,2,1,2,2,2,2,2,2,2,2,2,3,2,2,2,2,1,1,1,1,2,2,0,0,0
2008,51,41,1,510687,1,3,2,2,4,2,6,2,1,1,2,2,1,2,2,2,2,2,2,2,3,2,2,2,2,1,2,2,1,2,2,0,0,0
2008,51,760,1,510688,1,3,2,2,4,1,6,1,1,1,1,2,1,2,1,2,2,2,2,2,1,2,2,2,2,2,1,1,1,2,2,0,0,0
2008,51,89,1,510689,1,3,1,2,4,2,5,2,1,2,2,2,1,2,2,1,2,2,2,2,2,2,2,2,2,2,2,2,1,2,2,0,0,0
2008,51,41,1,510690,1,3,2,2,1,2,3,2,4,2,2,2,2,2,2,2,2,2,2,2,3,2,2,2,2,2,2,2,2,2,2,0,0,0
2008,51,3,1,510691,1,3,2,2,1,2,2,2,7,2,1,2,2,2,2,2,2,2,1,2,1,2,2,1,1,2,2,1,1,2,2,0,0,0
2008,51,153,1,510692,1,3,2,2,1,1,4,1,1,2,2,1,1,2,2,2,1,2,2,2,3,2,2,2,2,2,1,1,2,2,2,0,0,0
2008,51,163,1,510693,1,3,1,2,2,2,6,2,1,1,1,2,1,2,2,1,2,2,1,2,3,1,1,1,1,2,2,1,1,2,2,0,0,0
2008,51,13,2,510694,1,3,2,1,1,2,1,3,3,2,2,2,2,2,2,2,2,2,2,2,1,1,1,1,1,2,2,1,1,2,2,0,0,0
2008,51,650,1,510695,1,3,2,2,1,2,2,3,1,2,1,2,1,2,2,1,2,2,1,2,3,2,2,2,2,2,1,1,1,2,2,0,0,0
2008,51,810,1,510696,1,3,2,2,1,2,3,2,2,2,1,2,2,2,2,2,1,2,2,2,3,2,2,2,2,2,2,2,2,2,2,0,0,0
2008,51,109,1,510697,1,3,1,2,2,2,5,2,1,2,2,2,1,2,2,2,2,2,1,2,1,2,2,2,2,2,2,2,1,2,2,0,0,0
2008,51,59,1,510698,1,3,2,2,1,2,3,3,1,2,1,1,1,2,2,2,2,1,2,2,2,2,2,2,2,2,2,2,2,2,2,0,0,0
2008,51,35,1,510699,1,3,1,2,1,1,4,1,4,1,2,2,2,2,2,2,2,2,2,2,3,2,2,2,2,1,2,2,2,2,2,0,0,0
2008,51,760,1,510700,1,3,2,2,1,1,3,1,4,2,2,2,2,2,2,2,2,2,1,2,1,2,2,2,2,2,1,1,2,2,2,0,0,0
2008,51,700,1,510701,1,3,2,2,2,2,4,2,2,2,2,2,3,2,2,1,2,2,2,2,3,1,1,1,1,2,1,1,2,2,2,0,0,0
2008,51,175,1,510702,1,3,1,2,4,2,3,2,1,1,2,2,1,2,2,2,2,2,2,2,3,2,2,2,2,2,2,2,1,2,2,0,0,0
2008,51,41,1,510703,1,3,2,2,1,1,5,1,2,2,2,2,3,2,2,2,2,2,2,2,1,2,2,1,1,2,1,1,2,2,2,0,0,0
2008,51,145,1,510704,1,3,1,2,1,2,4,2,3,2,2,2,2,2,2,2,2,2,2,2,1,2,2,2,2,2,2,2,1,2,2,0,0,0
2008,51,35,1,510705,1,3,1,2,1,2,4,2,1,1,2,2,1,2,2,2,2,1,2,2,3,2,2,2,2,2,2,2,2,2,2,0,0,0
2008,51,109,1,510706,1,3,1,2,1,1,4,1,3,1,1,2,2,2,2,2,2,2,2,2,3,2,2,2,2,2,2,2,2,2,2,0,0,0
2008,51,87,1,510707,1,3,2,2,1,1,4,1,3,1,2,2,2,2,2,2,2,2,2,2,3,2,2,2,2,1,2,2,2,2,2,0,0,0
2008,51,121,1,510708,1,3,1,1,4,2,1,2,1,2,1,2,1,2,2,2,2,2,1,2,3,2,2,2,2,1,2,2,1,2,2,0,0,0
2008,51,550,1,510709,1,3,2,2,2,2,3,2,1,1,1,2,1,2,2,2,2,1,2,2,3,2,2,2,2,2,2,2,2,2,2,0,0,0
2008,51,85,1,510710,1,3,2,2,1,2,4,2,1,1,1,2,2,2,1,2,2,2,2,2,3,2,2,2,2,2,2,2,2,2,2,0,0,0
2008,51,13,1,510711,1,3,2,2,1,2,2,2,1,2,2,2,1,2,2,2,1,2,2,2,3,2,2,2,2,2,2,2,2,2,2,0,0,0
2008,51,59,1,510712,1,3,2,2,2,2,3,2,1,2,1,2,1,2,2,1,2,2,1,2,1,2,2,2,2,2,2,2,1,2,2,0,0,0
2008,51,183,1,510713,1,3,1,2,2,2,6,2,1,1,2,2,1,2,2,2,2,2,1,2,3,2,2,2,2,2,2,2,1,2,2,0,0,0
2008,51,143,1,510714,1,3,1,2,4,2,5,2,1,1,1,2,1,2,2,2,2,2,1,2,2,2,2,2,2,2,2,2,1,2,2,0,0,0
2008,51,775,1,510715,1,3,2,2,1,1,4,1,1,1,1,2,1,2,2,2,1,2,2,2,3,2,2,2,2,1,2,2,2,2,2,0,0,0
2008,51,83,1,510716,1,3,1,2,2,2,5,2,1,2,2,2,1,2,2,2,2,2,1,2,1,2,2,2,2,2,2,2,1,2,2,0,0,0
2008,51,121,3,510718,1,3,2,2,1,2,2,2,3,2,2,2,3,2,2,2,2,2,2,2,1,2,2,2,2,2,1,1,1,2,2,0,0,0
2008,51,133,1,510719,1,3,1,2,2,2,5,2,1,2,2,2,1,2,2,2,2,2,2,2,3,1,1,1,1,2,2,1,1,2,2,0,0,0
2008,51,59,1,510720,1,3,2,2,4,2,5,2,1,2,1,2,1,2,2,1,2,2,1,2,1,2,2,2,2,2,2,2,1,2,2,0,0,0
2008,51,550,1,510721,1,3,2,2,4,2,4,2,1,2,1,2,1,2,2,2,2,2,2,2,2,2,2,2,2,2,2,2,1,1,2,0,0,0
2008,51,23,2,510722,1,3,1,1,4,2,1,2,1,1,1,2,1,2,2,1,2,2,2,2,3,2,2,2,2,2,2,2,1,2,2,0,0,0
2008,51,197,2,510723,1,3,2,1,1,2,1,2,2,2,2,2,2,1,2,2,2,2,1,2,2,2,2,2,2,2,2,2,2,2,2,0,0,0
2008,51,167,1,510724,1,3,1,2,1,2,4,2,3,2,2,2,2,2,2,2,2,2,2,2,1,2,2,2,2,2,2,2,1,2,2,0,0,0
2008,51,47,1,510725,1,3,1,2,1,2,3,2,1,1,2,2,1,2,2,2,1,2,2,2,3,2,2,2,2,2,2,2,2,2,2,0,0,0
2008,51,109,1,510726,1,3,1,2,1,1,4,1,4,1,2,2,2,2,2,2,2,2,2,2,3,2,2,2,2,2,2,2,2,2,2,0,0,0
2008,51,47,1,510727,1,3,1,2,2,2,4,2,3,1,1,2,2,2,2,2,2,2,2,2,3,2,2,2,2,2,2,2,1,2,1,0,0,0
2008,51,75,1,510728,1,3,1,2,2,2,5,2,1,2,1,2,1,2,2,2,2,2,2,2,1,1,1,1,1,2,2,1,1,2,2,0,0,0
2008,51,15,1,510729,1,3,1,2,2,2,5,2,1,2,2,2,1,2,2,2,2,2,1,2,1,1,1,1,1,2,2,1,1,2,2,0,0,0
2008,51,800,2,510730,1,3,1,2,2,2,3,2,1,1,2,2,1,2,2,2,2,2,2,2,3,2,2,2,2,2,2,2,1,2,2,0,0,0
2008,51,3,1,510731,1,3,1,2,4,2,4,2,1,1,1,2,1,2,2,2,2,2,2,2,3,2,2,2,2,2,2,2,1,2,2,0,0,0
2008,51,1,1,510732,1,3,1,2,1,1,3,1,4,2,2,2,2,2,2,2,2,2,2,2,3,2,2,2,2,2,2,2,2,2,2,0,0,0
2008,51,73,1,510733,1,3,1,2,2,2,4,2,1,2,2,2,1,2,2,2,2,2,2,2,2,2,2,2,2,2,2,2,1,2,2,0,0,0
2008,51,1,1,510734,1,3,1,2,1,2,3,2,1,2,2,1,1,2,2,2,1,2,2,2,3,2,2,2,2,2,2,2,2,2,2,0,0,0
2008,51,800,1,510735,1,3,1,2,2,2,3,2,1,1,1,2,1,2,2,2,2,2,2,2,2,2,2,2,2,2,2,2,1,2,2,0,0,0
2008,51,37,1,510736,1,3,1,2,4,2,4,2,1,1,1,2,1,2,2,2,2,2,2,2,2,2,2,2,2,1,2,2,1,2,2,0,0,0
2008,51,13,1,510737,1,3,2,1,2,1,1,1,1,1,1,2,1,2,2,2,2,2,1,2,3,2,2,2,2,2,2,2,1,2,2,0,0,0
2008,51,149,1,510738,1,3,1,1,1,2,1,2,2,1,1,2,3,1,2,2,2,2,1,2,3,2,2,2,2,1,1,1,2,2,2,0,0,0
2008,51,153,1,510739,1,3,2,2,1,2,4,2,1,2,1,1,2,2,2,2,1,2,2,2,3,2,2,2,2,2,2,2,2,2,2,0,0,0
2008,51,155,1,510740,1,3,2,2,2,2,4,2,1,1,1,2,1,2,2,2,2,2,2,2,3,2,2,2,2,1,2,2,1,2,2,0,0,0
2008,51,165,1,510741,1,3,1,2,4,2,5,2,1,1,1,2,1,2,1,1,2,2,2,2,2,2,2,2,2,2,2,2,1,2,2,0,0,0
2008,51,3,1,510742,1,3,2,2,1,2,3,2,1,2,1,2,1,2,2,2,1,2,2,2,3,2,2,2,2,2,2,2,2,2,2,0,0,0
2008,51,173,1,510743,1,3,1,2,1,2,5,2,3,1,2,2,2,2,2,1,2,2,2,2,3,2,2,2,2,2,1,1,1,2,2,0,0,0
2008,51,53,1,510744,1,3,1,1,1,2,1,3,4,1,1,2,2,1,2,2,2,2,1,2,1,2,2,2,2,1,2,2,1,2,2,0,0,0
2008,51,810,1,510745,1,3,2,2,4,2,5,2,1,2,2,2,1,2,2,1,2,2,2,2,1,2,2,1,1,2,2,1,1,2,2,0,0,0
2008,51,15,1,510746,1,3,1,2,4,2,5,2,1,1,1,2,1,2,2,2,2,2,1,2,3,2,2,2,2,1,2,2,1,2,2,0,0,0
2008,51,27,1,510748,1,3,1,2,1,2,5,2,3,1,1,2,2,1,2,1,2,2,2,2,1,2,2,2,2,2,1,1,1,2,2,0,0,0
2008,51,27,1,510749,1,3,1,2,4,2,6,2,1,2,1,2,1,2,2,1,2,2,1,2,2,1,1,1,1,2,2,1,1,2,2,0,0,0
2008,51,23,1,510750,1,3,1,2,4,2,5,2,1,2,1,2,1,2,2,1,2,2,1,2,1,1,1,1,1,2,2,1,1,2,2,0,0,0
2008,51,183,1,510751,1,3,1,2,1,2,4,2,1,1,1,2,1,2,2,2,2,2,2,2,3,2,2,2,2,2,2,2,2,2,2,0,0,0
2008,51,173,1,510752,1,3,1,2,4,2,6,2,1,1,1,2,1,2,2,2,2,2,2,2,3,2,2,2,2,1,2,2,1,2,2,0,0,0
2008,51,107,1,510753,1,3,2,2,4,2,5,2,1,1,1,2,1,2,2,2,2,2,2,2,2,2,2,2,2,2,2,2,1,2,2,0,0,0
2008,51,41,1,510754,1,3,1,2,4,2,5,2,1,1,1,2,1,2,2,2,2,2,2,2,3,2,2,2,2,2,2,2,1,2,2,0,0,0
2008,51,15,1,510755,1,3,1,2,4,2,5,2,1,2,2,2,1,2,2,2,2,2,2,2,1,2,2,2,2,2,2,2,1,2,2,0,0,0
2008,51,13,1,510756,1,3,2,1,2,2,1,3,1,2,2,2,1,2,2,1,2,2,1,2,1,2,2,2,2,2,2,2,1,2,2,0,0,0
2008,51,29,1,510757,1,3,1,2,4,2,6,2,1,2,1,2,1,2,2,1,2,2,2,2,1,2,2,2,2,2,2,2,1,2,2,0,0,0
2008,51,191,1,510758,1,3,1,2,1,2,5,2,1,2,1,2,1,2,2,2,1,2,2,2,3,2,2,2,2,2,2,2,2,2,2,0,0,0
2008,51,121,1,510759,1,3,1,2,4,2,6,2,1,1,2,2,1,2,2,1,2,2,1,2,1,2,2,2,2,2,2,2,1,2,2,0,0,0
2008,51,595,1,510760,1,3,2,2,1,2,4,2,1,2,1,2,2,2,2,2,1,2,2,2,3,2,2,2,2,2,2,2,2,2,2,0,0,0
2008,51,59,1,510761,1,3,2,2,3,2,3,2,1,1,2,2,2,2,2,2,2,2,1,2,1,2,2,2,2,2,1,1,1,2,2,0,0,0
2008,51,93,1,510762,1,3,1,2,1,2,5,2,5,2,1,2,2,2,2,2,2,2,2,2,3,2,2,2,2,1,2,2,1,2,2,0,0,0
2008,51,590,1,510763,1,3,2,2,1,1,3,1,1,1,1,2,1,2,2,2,1,2,2,2,3,2,2,2,2,2,2,2,2,2,2,0,0,0
2008,51,700,1,510764,1,3,2,2,1,1,4,1,1,1,1,2,1,2,2,2,1,2,2,2,3,2,2,2,2,2,2,2,2,2,2,0,0,0
2008,51,740,1,510765,1,3,2,2,1,2,6,2,1,2,1,1,1,2,2,2,1,2,2,2,3,2,2,2,2,2,2,2,2,2,2,0,0,0
2008,51,165,1,510766,1,3,2,2,2,2,5,2,1,2,1,2,1,2,2,2,2,2,2,2,1,2,2,2,2,2,2,2,1,2,2,0,0,0
2008,51,183,1,510767,1,3,1,2,4,2,3,2,1,1,1,2,1,2,2,2,2,2,1,2,2,2,2,2,2,2,2,2,1,2,2,0,0,0
2008,51,117,1,510768,1,3,1,1,1,2,1,2,1,1,1,2,1,2,2,2,2,2,2,2,3,2,2,2,2,1,2,2,2,2,2,0,0,0
2008,53,77,1,530002,1,10,1,2,4,2,5,2,1,2,2,2,1,2,2,1,2,2,1,2,1,2,2,2,2,2,2,2,1,2,2,1,1,1
2008,53,33,1,530003,1,10,2,2,1,2,3,2,4,2,2,2,2,2,2,2,2,2,2,2,1,2,2,2,2,2,2,2,1,2,2,0,0,0
2008,53,73,1,530004,1,10,2,2,1,2,4,2,1,2,1,1,1,2,2,2,1,2,2,2,1,2,2,1,1,2,2,1,1,2,2,0,0,0
2008,53,53,1,530005,1,10,2,2,1,2,4,2,4,1,1,2,2,2,2,1,2,2,2,2,3,2,2,2,2,2,2,2,1,2,2,1,0,1
2008,53,33,1,530006,1,10,2,2,2,2,5,2,2,2,1,2,1,2,2,1,2,2,2,2,1,2,2,2,2,2,2,2,1,2,2,0,0,0
2008,53,33,1,530007,1,10,2,1,4,2,1,3,1,2,2,2,1,2,2,2,2,2,2,2,1,2,2,2,2,2,2,2,1,2,2,0,0,0
2008,53,33,1,530008,1,10,2,2,1,2,3,2,1,2,2,2,1,2,2,2,1,2,2,2,1,2,2,2,2,2,1,1,2,2,2,0,0,0
2008,53,65,1,530009,1,10,1,2,1,2,5,2,4,2,1,2,2,2,2,1,2,2,2,2,3,2,2,2,2,2,2,2,1,1,2,0,0,0
2008,53,33,2,530010,1,10,2,1,1,2,1,2,3,2,2,2,2,2,2,2,2,2,2,2,1,2,2,2,2,2,1,1,2,1,2,0,0,0
2008,53,35,1,530011,1,10,2,2,1,2,5,2,2,1,2,2,2,2,1,1,2,2,2,2,1,2,2,2,2,1,2,2,2,2,2,0,0,0
2008,53,31,1,530012,1,10,1,2,1,2,5,2,1,1,1,2,1,2,2,2,2,2,2,2,2,2,2,2,2,1,2,2,2,2,2,0,0,0
2008,53,61,1,530013,1,10,2,2,3,2,5,2,1,1,1,2,3,2,2,1,2,2,2,2,3,1,1,1,1,2,2,1,2,2,2,0,0,0
2008,53,53,1,530014,1,10,2,2,1,1,4,1,4,2,1,2,2,2,2,2,2,2,2,2,1,2,2,2,2,1,2,2,2,2,2,0,0,0
2008,53,15,1,530015,1,10,2,2,1,2,3,2,1,1,1,2,1,2,2,2,1,2,2,2,1,2,2,2,2,2,1,1,2,1,2,0,0,0
2008,53,11,1,530016,1,10,1,2,1,2,3,2,4,1,1,2,2,2,2,2,2,2,2,2,1,2,2,2,2,2,2,2,1,2,2,0,0,0
2008,53,33,1,530017,1,10,2,1,1,2,1,2,2,1,1,1,3,2,2,1,2,2,2,2,3,2,2,2,2,2,1,1,2,2,2,0,0,0
2008,53,53,1,530018,1,10,2,2,1,1,3,1,4,1,1,2,2,2,1,2,2,2,2,2,3,2,2,2,2,1,1,1,2,2,2,0,0,0
2008,53,73,1,530019,1,10,1,2,1,2,5,2,1,2,2,2,1,2,2,2,2,1,2,2,2,2,2,2,2,2,1,1,2,2,2,1,0,1
2008,53,61,1,530020,1,10,1,2,1,2,5,2,3,1,2,2,2,1,2,2,2,2,2,2,3,2,2,2,2,2,2,2,1,2,2,0,0,0
2008,53,61,1,530021,1,10,2,2,1,2,4,2,1,1,2,2,1,2,2,2,1,2,2,2,3,2,2,2,2,2,2,2,2,2,2,0,0,0
2008,53,21,1,530022,1,10,1,2,1,2,3,2,1,2,2,2,1,2,2,2,2,2,1,2,1,2,2,2,2,2,2,2,1,1,2,0,0,0
2008,53,33,1,530023,1,10,2,2,1,2,4,2,1,1,1,2,1,2,2,2,1,2,2,2,2,2,2,2,2,2,2,2,1,2,2,0,0,0
2008,53,77,1,530024,1,10,1,2,1,1,5,1,4,1,2,2,2,2,2,2,2,2,2,2,1,1,1,1,1,2,2,1,2,1,2,0,0,0
2008,53,61,1,530025,1,10,1,2,1,2,6,2,4,2,2,2,2,2,2,1,2,2,1,2,1,1,1,1,1,2,2,1,2,2,2,0,0,0
2008,53,35,1,530026,1,10,2,2,1,1,4,1,3,1,1,2,2,2,2,1,2,2,2,2,1,2,2,2,2,2,2,2,2,1,2,0,0,0
2008,53,33,1,530027,1,10,2,2,4,2,2,2,2,2,1,2,1,2,2,1,1,2,2,2,1,2,2,2,2,2,1,1,2,2,2,0,0,0
2008,53,7,1,530028,1,10,1,2,1,2,3,2,4,1,1,2,2,2,2,2,2,2,2,2,3,2,2,2,2,2,2,2,1,2,2,0,0,0
2008,53,21,1,530029,1,10,2,2,4,1,4,1,1,2,1,2,1,2,2,1,2,2,2,1,1,1,1,1,1,2,2,1,2,1,2,0,0,0
2008,53,33,1,530030,1,10,2,2,1,2,3,2,3,1,1,2,2,2,2,2,2,2,2,2,1,2,2,2,2,2,2,2,1,1,2,0,0,0
2008,53,35,1,530031,1,10,1,3,1,2,7,2,1,1,1,1,1,2,2,1,1,2,2,2,3,2,2,2,2,2,2,2,2,2,2,0,0,0
2008,53,33,1,530032,1,10,1,3,4,2,7,2,1,1,2,2,1,2,2,1,2,2,2,2,2,2,2,2,2,2,1,1,2,2,2,0,0,0
2008,53,57,1,530033,1,10,1,2,4,2,5,2,1,2,2,2,1,2,2,1,2,2,2,2,2,2,2,2,2,1,2,2,1,2,2,0,0,0
2008,53,53,1,530034,1,10,2,1,1,2,1,2,1,2,2,2,1,2,2,2,1,2,2,2,3,2,2,2,2,1,2,2,2,2,2,0,0,0
2008,53,71,1,530035,1,10,1,2,1,2,3,2,3,1,1,2,2,1,2,2,2,2,2,2,2,2,2,2,2,2,2,2,1,1,2,0,0,0
2008,53,11,1,530036,1,10,2,1,1,2,1,2,1,1,2,2,1,1,2,2,1,2,2,2,3,2,2,2,2,2,2,2,2,2,2,0,0,0
2008,53,67,2,530037,1,10,1,2,4,2,3,2,1,2,2,2,1,2,2,2,2,2,1,2,1,2,2,2,2,2,1,1,1,1,2,0,0,0
2008,53,53,1,530038,1,10,2,2,4,2,4,2,1,2,1,2,1,2,2,1,2,2,2,2,1,2,2,2,2,2,1,1,1,2,2,0,0,0
2008,53,61,1,530039,1,10,1,1,1,2,1,2,3,2,1,2,2,2,2,2,2,2,2,2,1,2,2,2,2,2,2,2,2,1,2,0,0,0
2008,53,53,1,530040,1,10,1,2,4,2,4,2,1,2,1,2,1,2,2,1,2,2,2,2,1,2,2,2,2,2,2,2,1,1,2,0,0,0
2008,53,1,1,530041,1,10,2,2,2,2,2,2,1,2,2,2,1,1,2,2,1,2,2,2,2,2,2,2,2,2,2,2,2,2,2,0,0,0
2008,53,21,1,530042,1,10,1,2,4,2,5,2,1,1,1,2,1,2,2,2,2,2,1,2,1,1,1,1,1,2,2,1,1,1,2,0,0,0
2008,53,67,1,530043,1,10,1,2,1,2,4,2,3,1,1,2,2,2,2,1,2,2,2,2,3,2,2,2,2,2,2,2,1,2,2,0,0,0
2008,53,53,1,530044,1,10,1,2,1,2,4,2,2,1,1,2,2,1,2,2,2,2,2,2,3,2,2,2,2,1,2,2,1,2,2,0,0,0
2008,53,49,1,530045,1,10,1,2,1,2,6,2,1,1,1,2,1,2,2,2,1,2,2,2,2,2,2,2,2,2,2,2,2,2,2,0,0,0
2008,53,33,1,530046,1,10,1,2,4,2,4,2,1,1,1,2,1,2,2,2,2,2,1,2,2,2,2,2,2,2,2,2,1,2,2,0,0,0
2008,53,21,1,530047,1,10,1,2,1,2,3,2,2,2,2,2,2,1,2,1,2,2,2,2,1,1,1,1,1,2,2,1,1,2,2,0,0,0
2008,53,53,1,530048,1,10,2,2,1,2,3,2,1,2,2,1,1,2,2,2,1,2,2,2,3,2,2,2,2,2,2,2,2,2,2,1,0,1
2008,53,53,1,530049,1,10,2,2,1,1,3,1,4,2,2,1,2,2,2,1,2,2,2,2,1,2,2,2,2,2,2,2,2,2,2,0,0,0
2008,53,25,1,530050,1,10,1,2,1,2,3,2,3,1,2,2,2,2,2,2,2,2,2,2,3,2,2,2,2,2,2,2,1,2,2,0,0,0
2008,53,33,1,530051,1,10,2,2,1,1,2,1,1,1,1,2,1,2,2,2,1,2,2,2,3,2,2,2,2,1,2,2,2,2,2,0,0,0
2008,53,73,1,530052,1,10,1,2,4,2,3,2,1,1,1,2,1,2,2,1,2,2,2,2,2,2,2,1,1,2,2,1,1,2,2,0,0,0
2008,53,25,1,530053,1,10,1,2,4,2,5,2,1,1,1,2,1,2,2,2,2,2,1,2,2,2,2,2,2,1,2,2,1,2,2,0,0,0
2008,53,33,1,530054,1,10,2,2,1,2,4,2,1,2,2,2,1,2,2,2,1,2,2,2,3,2,2,2,2,2,2,2,2,2,2,0,0,0
2008,53,11,1,530055,1,10,2,2,1,2,6,2,1,2,2,2,1,2,2,2,2,2,2,2,2,2,2,2,2,2,2,2,2,2,2,0,0,0
2008,53,61,1,530056,1,10,1,2,1,2,3,2,1,2,1,2,1,2,2,2,1,2,2,2,3,2,2,2,2,2,2,2,2,2,2,0,0,0
2008,53,35,1,530057,1,10,2,2,4,2,4,2,1,2,1,2,1,2,1,1,2,2,2,2,2,2,2,1,1,2,2,1,1,2,2,0,0,0
2008,53,33,1,530058,1,10,2,2,2,1,6,1,1,2,1,2,1,2,1,1,2,2,2,2,1,2,2,2,2,2,2,2,2,2,2,0,0,0
2008,53,33,1,530059,1,10,2,2,4,1,6,1,1,1,1,2,1,2,2,1,2,2,1,2,2,2,2,2,2,2,1,1,2,1,2,0,0,0
2008,53,53,1,530060,1,10,2,2,1,2,4,2,4,2,2,2,2,2,1,1,2,2,2,2,1,2,2,2,2,2,2,2,2,2,2,0,0,0
2008,53,73,1,530061,1,10,2,2,1,1,6,1,4,1,1,2,2,1,2,2,2,2,2,2,3,2,2,2,2,2,1,1,2,2,2,0,0,0
2008,53,33,1,530062,1,10,1,2,4,2,6,2,1,2,2,2,1,2,2,1,2,2,2,2,2,1,1,1,1,2,2,1,1,2,2,0,0,0
2008,53,53,1,530063,1,10,2,2,1,1,3,1,4,1,2,2,3,2,2,2,2,2,2,2,3,2,2,2,2,2,2,2,2,1,2,0,0,0
2008,53,77,1,530065,1,10,1,2,1,2,3,2,1,2,1,2,1,1,2,2,1,2,2,2,3,2,2,2,2,2,2,2,2,2,2,1,0,1
2008,53,75,2,530066,1,10,1,2,2,2,3,2,3,1,1,2,2,1,2,2,2,2,2,2,3,2,2,2,2,1,2,2,2,1,2,0,0,0
2008,53,77,1,530067,1,10,1,2,1,2,5,2,1,2,1,2,1,2,2,2,1,2,2,2,2,1,1,1,1,2,2,1,2,2,2,1,0,1
2008,53,39,1,530068,1,10,2,2,4,2,2,2,1,1,1,2,1,1,2,1,2,2,1,2,2,2,2,2,2,2,2,2,1,1,2,0,0,0
2008,53,53,1,530069,1,10,1,2,1,2,6,2,3,1,2,2,2,2,2,1,2,2,2,2,1,2,2,2,2,2,2,2,1,1,2,0,0,0
2008,53,73,1,530070,1,10,1,2,4,2,5,2,1,2,2,2,1,2,2,1,2,2,1,2,1,2,2,2,2,2,2,2,1,2,2,0,0,0
2008,53,9,2,530071,1,10,2,2,4,2,2,2,1,2,2,2,2,2,2,1,2,2,1,2,1,1,1,1,1,2,2,1,1,2,2,0,0,0
2008,53,53,1,530072,1,10,1,2,4,2,5,2,1,2,2,2,1,2,2,1,2,2,2,2,1,2,2,2,2,2,2,2,1,2,2,0,0,0
2008,53,77,1,530073,1,10,1,2,1,2,5,2,1,2,2,1,1,2,2,2,1,2,2,2,1,2,2,2,2,2,2,2,2,2,2,1,0,1
2008,53,33,1,530074,1,10,2,2,1,2,4,2,3,1,1,2,2,2,2,2,2,2,2,2,3,2,2,2,2,2,2,2,1,2,2,0,0,0
2008,53,15,2,530075,1,10,1,1,1,2,1,2,2,1,1,2,3,2,2,1,2,2,2,2,1,2,2,2,2,2,1,1,2,1,2,0,0,0
2008,53,77,1,530076,1,10,2,2,1,2,3,2,1,2,2,2,1,2,2,2,1,2,2,2,3,2,2,2,2,2,2,2,2,2,2,0,0,0
2008,53,25,1,530077,1,10,1,2,1,2,4,2,3,1,1,2,2,2,2,2,2,2,2,2,3,2,2,2,2,2,2,2,1,2,2,0,0,0
2008,53,9,1,530078,1,10,1,2,4,2,3,2,1,1,1,2,1,2,2,1,2,2,2,2,2,2,2,2,2,2,2,2,1,2,2,0,0,0
2008,53,33,1,530079,1,10,2,2,1,2,3,2,1,2,1,2,1,2,2,2,2,2,2,2,3,2,2,2,2,2,2,2,2,2,2,0,0,0
2008,53,53,1,530080,1,10,2,2,1,2,2,2,4,2,1,2,3,1,2,2,2,2,2,2,3,2,2,2,2,2,1,1,1,1,2,0,0,0
2008,53,63,1,530081,1,10,2,2,1,2,2,2,3,1,1,2,2,2,2,2,2,2,2,2,3,2,2,2,2,1,2,2,1,2,2,0,0,0
2008,53,53,1,530082,1,10,2,2,4,2,2,2,1,1,1,2,1,2,2,2,2,2,2,2,2,1,1,1,1,2,2,1,1,2,1,0,0,0
2008,53,55,1,530083,1,10,1,2,4,2,6,2,1,2,2,2,1,2,2,1,2,2,2,2,1,2,2,2,2,2,2,2,1,2,2,0,0,0
2008,53,33,1,530084,1,10,1,2,1,2,5,2,1,2,1,2,1,2,2,1,2,2,2,2,1,2,2,2,2,2,1,1,1,2,2,0,0,0
2008,53,11,1,530085,1,10,2,2,1,1,5,1,4,1,1,2,2,2,2,2,2,2,2,2,3,1,1,1,1,2,2,1,2,2,2,0,0,0
2008,53,33,2,530086,1,10,2,2,1,2,4,2,4,1,1,2,2,2,2,1,2,2,2,2,1,2,2,2,2,2,1,1,1,1,2,0,0,0
2008,53,21,2,530087,1,10,2,1,3,2,1,2,1,1,2,2,1,2,2,1,2,2,2,2,1,2,2,2,2,2,1,1,1,1,2,0,0,0
2008,53,67,2,530088,1,10,1,2,1,2,5,2,3,2,1,2,2,2,2,1,2,2,2,2,1,2,2,2,2,2,2,2,1,2,2,0,0,0
2008,53,61,1,530089,1,10,2,2,1,2,3,2,1,2,1,2,1,2,2,2,1,2,2,2,3,2,2,2,2,2,2,2,2,2,2,0,0,0
2008,53,15,1,530090,1,10,2,1,1,2,1,2,4,1,2,2,3,2,2,1,2,2,2,2,3,2,2,2,2,1,2,2,1,2,2,0,0,0
2008,53,33,1,530091,1,10,2,2,1,1,4,1,1,2,2,2,1,2,2,2,1,2,2,2,3,2,2,2,2,2,2,2,2,1,2,0,0,0
2008,53,67,1,530092,1,10,2,2,1,2,3,2,1,1,2,2,1,2,2,2,1,2,2,2,2,2,2,2,2,2,1,1,2,2,2,0,0,0
2008,53,53,1,530093,1,10,2,2,1,2,2,2,2,2,1,2,2,1,2,1,2,2,2,2,1,2,2,2,2,2,2,2,2,1,2,0,0,0
2008,53,29,1,530094,1,10,1,2,4,2,5,2,1,2,2,2,1,2,2,2,2,2,2,2,2,2,2,2,2,2,2,2,1,1,2,0,0,0
2008,53,53,1,530095,1,10,2,2,1,2,3,2,1,2,1,2,1,2,2,2,2,2,1,2,1,2,2,2,2,2,1,1,1,1,2,0,0,0
2008,53,33,1,530096,1,10,2,2,2,2,3,2,4,2,1,2,1,2,2,1,2,2,2,2,2,2,2,2,2,2,2,2,2,2,2,0,0,0
2008,53,77,1,530097,1,10,2,1,1,2,1,2,2,1,1,2,2,2,2,2,2,2,2,2,3,2,2,2,2,2,2,2,2,2,2,0,0,0
2008,53,1,1,530098,1,10,1,1,1,2,1,2,4,1,1,2,2,2,2,2,2,2,2,2,3,2,2,2,2,1,2,2,2,1,2,0,0,0
2008,53,63,1,530099,1,10,1,2,1,1,3,1,4,1,1,2,2,2,2,2,2,2,2,2,3,1,1,1,1,1,2,1,2,2,2,0,0,0
2008,53,45,1,530100,1,10,1,2,4,2,5,2,1,1,1,2,1,2,2,1,2,2,1,2,2,1,1,1,1,2,2,1,1,2,2,0,0,0
2008,53,77,1,530101,1,10,1,2,1,2,6,3,1,1,2,2,1,2,2,2,2,2,1,2,2,1,1,1,1,2,2,1,1,1,2,0,0,0
2008,53,77,1,530102,1,10,1,2,1,2,3,2,1,2,2,2,2,1,2,2,1,2,2,2,3,2,2,2,2,2,2,2,2,2,2,1,0,1
2008,53,25,1,530103,1,10,2,2,2,1,4,1,1,1,2,2,1,2,2,1,2,2,1,2,1,2,2,1,1,2,2,1,2,1,2,0,0,0
2008,53,61,1,530104,1,10,2,2,1,1,4,1,4,2,2,2,2,2,1,1,2,2,2,2,2,2,2,2,2,2,2,2,2,2,2,0,0,0
2008,53,35,1,530105,1,10,2,2,4,2,4,2,1,2,1,2,1,2,2,1,2,2,1,2,1,2,2,2,2,1,2,2,1,1,2,0,0,0
2008,53,77,1,530106,1,10,1,2,1,2,5,2,3,2,2,2,2,2,2,1,2,2,2,2,3,2,2,2,2,2,1,1,1,2,2,1,1,1
2008,53,41,1,530107,1,10,1,1,1,2,1,2,1,2,1,2,1,2,2,2,1,2,2,2,3,2,2,2,2,2,2,2,2,2,2,0,0,0
2008,53,67,1,530108,1,10,1,2,1,1,6,1,2,1,2,2,2,2,1,1,2,2,2,2,3,1,1,1,1,2,2,1,2,2,2,0,0,0
2008,53,33,1,530109,1,10,2,2,1,2,4,2,5,1,1,1,3,2,2,2,2,2,2,2,3,2,2,2,2,1,1,1,2,1,2,0,0,0
2008,53,33,1,530110,1,10,2,2,1,1,4,1,4,1,1,1,2,2,2,1,2,2,2,2,1,2,2,2,2,1,1,1,2,2,2,0,0,0
2008,53,61,1,530111,1,10,2,2,4,2,5,2,1,2,1,1,1,2,2,1,1,2,2,2,3,2,2,2,2,2,2,2,1,1,1,1,1,1
2008,53,33,1,530112,1,10,2,1,1,2,1,2,1,2,1,2,1,1,2,2,1,2,2,2,3,2,2,2,2,2,2,2,2,2,2,0,0,0
2008,53,33,2,530113,1,10,2,2,1,2,4,2,4,2,2,2,2,2,2,1,2,2,2,2,1,2,2,2,2,2,2,2,1,2,2,0,0,0
2008,53,37,1,530114,1,10,1,1,4,2,1,2,1,1,1,2,1,2,2,1,2,2,1,2,3,1,1,1,1,2,2,1,1,1,2,0,0,0
2008,53,61,1,530115,1,10,1,2,1,2,3,3,4,1,2,2,2,1,1,1,2,2,2,2,3,2,2,2,2,1,2,2,1,1,2,0,0,0
2008,53,33,1,530116,1,10,2,2,1,2,4,2,3,2,2,2,2,2,2,2,2,2,2,2,1,1,1,1,1,2,2,1,1,2,2,0,0,0
2008,53,33,1,530117,1,10,1,2,4,2,5,2,1,1,1,2,1,2,2,1,2,2,1,2,1,2,2,2,2,2,2,2,1,2,2,0,0,0
2008,53,33,1,530118,1,10,2,2,2,2,4,2,1,2,1,2,1,2,2,1,2,2,1,2,1,2,2,2,2,2,2,2,1,1,2,0,0,0
2008,53,61,1,530119,1,10,2,2,1,1,3,1,4,2,1,2,2,1,2,2,2,2,2,2,1,2,2,2,2,2,2,2,2,2,2,0,0,0
2008,53,1,2,530120,1,10,1,2,1,2,3,2,3,1,1,2,3,2,2,2,2,2,1,2,1,2,2,2,2,2,2,2,1,1,2,0,0,0
2008,53,53,2,530121,1,10,2,2,1,2,4,2,3,1,2,2,2,2,2,1,2,2,2,2,3,2,2,2,2,2,2,2,1,1,2,0,0,0
2008,53,67,1,530122,1,10,2,1,2,2,1,2,1,1,1,2,1,2,2,2,2,2,2,2,2,2,2,2,2,1,2,2,1,2,2,0,0,0
2008,53,53,1,530123,1,10,2,2,1,2,4,2,1,2,2,1,2,2,2,2,1,2,2,2,3,2,2,2,2,2,2,2,2,2,2,0,0,0
2008,53,63,1,530124,1,10,1,1,3,2,1,2,1,1,2,2,1,2,2,1,2,2,1,2,3,2,2,2,2,1,2,2,1,2,2,0,0,0
2008,53,35,1,530125,1,10,1,2,4,2,3,2,1,1,2,2,1,2,2,2,2,2,2,2,2,2,2,2,2,2,2,2,1,1,2,0,0,0
2008,53,53,1,530126,1,10,2,2,1,1,4,1,1,1,1,2,1,2,2,2,1,2,2,2,2,2,2,2,2,2,2,2,2,2,2,0,0,0
2008,53,33,1,530127,1,10,2,1,1,2,1,2,4,1,1,2,2,2,2,1,2,2,2,2,3,1,1,1,1,2,2,1,1,2,2,0,0,0
2008,53,33,1,530128,1,10,2,2,1,2,4,2,4,1,1,2,2,2,1,2,2,2,2,2,2,2,2,2,2,2,2,2,2,2,2,0,0,0
2008,53,33,1,530129,1,10,2,2,1,1,4,1,1,2,1,2,1,2,2,2,1,2,2,2,3,2,2,2,2,2,2,2,2,2,2,0,0,0
2008,53,35,1,530130,1,10,1,2,4,2,5,2,1,2,2,2,1,2,2,1,2,2,1,2,1,2,2,2,2,2,1,1,1,2,2,0,0,0
2008,53,27,1,530131,1,10,1,2,1,1,3,1,4,1,2,2,2,2,2,2,2,2,2,2,3,2,2,2,2,1,2,2,2,1,2,0,0,0
2008,53,33,1,530132,1,10,1,2,4,2,5,2,1,2,2,2,1,2,2,1,2,2,1,2,2,2,2,2,2,2,2,2,1,2,2,0,0,0
2008,53,53,1,530133,1,10,2,2,4,2,4,2,1,2,2,2,1,2,2,1,2,2,2,2,1,2,2,2,2,2,2,2,1,1,2,0,0,0
2008,53,33,1,530134,1,10,2,1,4,2,1,2,1,2,2,2,1,2,2,1,2,2,2,2,2,2,2,2,2,2,2,2,1,2,2,0,0,0
2008,53,23,1,530135,1,10,1,2,4,2,3,2,1,1,1,2,2,1,2,2,2,2,2,2,3,2,2,2,2,2,1,1,2,1,2,0,0,0
2008,53,33,1,530136,1,10,1,2,1,2,3,2,4,1,1,2,2,2,2,1,2,2,2,2,3,2,2,2,2,2,1,1,1,2,2,0,0,0
2008,53,47,2,530137,1,10,1,2,1,2,3,2,3,1,1,2,2,2,2,2,2,2,2,2,3,2,2,2,2,2,1,1,1,1,2,1,1,1
2008,53,73,1,530138,1,10,1,2,1,1,3,1,4,1,1,2,2,2,2,2,2,2,2,2,3,2,2,2,2,1,1,1,2,2,2,0,0,0
2008,53,73,1,530139,1,10,2,2,1,1,6,1,1,1,1,2,1,2,2,2,2,1,2,2,3,1,1,1,1,2,2,1,2,2,2,0,0,0
2008,53,35,1,530140,1,10,2,2,1,1,3,1,4,2,2,2,3,2,2,1,2,2,2,2,3,1,1,1,1,2,2,1,2,2,2,0,0,0
2008,53,77,1,530141,1,10,1,1,1,2,1,3,1,1,2,2,1,2,2,2,2,1,2,2,3,2,2,2,2,1,2,2,2,2,2,0,0,0
2008,53,1,1,530142,1,10,1,2,1,1,3,1,4,2,1,2,2,1,2,2,2,2,2,2,3,2,2,2,2,1,2,2,2,2,2,0,0,0
2008,53,33,1,530143,1,10,2,2,1,2,6,2,4,1,2,2,2,2,2,1,2,2,2,2,1,2,2,1,1,2,1,1,1,2,2,0,0,0
2008,53,43,1,530144,1,10,1,2,1,1,5,1,3,1,2,2,2,2,1,2,2,2,2,2,1,2,2,2,2,2,1,1,2,2,2,0,0,0
2008,53,15,1,530145,1,10,2,2,4,2,6,2,1,2,1,2,1,2,2,2,2,2,1,2,1,2,2,2,2,2,2,2,1,2,2,0,0,0
2008,53,35,1,530146,1,10,2,2,4,2,2,2,1,1,2,2,1,2,2,2,2,2,2,2,3,2,2,2,2,2,2,2,1,2,1,0,0,0
2008,53,21,1,530147,1,10,1,2,1,2,3,2,5,1,2,2,2,2,2,1,2,2,2,2,1,2,2,2,2,2,2,2,1,1,2,0,0,0
2008,53,53,1,530148,1,10,2,2,1,1,3,1,5,1,1,2,3,2,2,2,2,2,2,2,3,2,2,2,2,1,2,2,2,1,2,0,0,0
2008,53,53,1,530149,1,10,2,2,1,2,3,2,3,1,1,2,2,2,2,2,2,2,2,2,3,2,2,2,2,1,2,2,1,2,2,0,0,0
2008,53,53,1,530150,1,10,1,2,1,1,4,1,1,2,2,2,1,2,2,2,1,2,2,2,3,2,2,2,2,2,2,2,2,2,2,0,0,0
2008,53,67,1,530151,1,10,1,2,4,2,4,2,1,1,2,2,1,2,1,1,2,2,2,2,1,2,2,2,2,2,2,2,1,2,2,0,0,0
2008,53,61,1,530152,1,10,2,2,4,1,6,1,1,2,1,2,1,2,1,1,2,2,2,2,1,2,2,2,2,2,2,2,2,2,2,0,0,0
2008,53,63,1,530153,1,10,1,2,4,2,5,2,1,2,2,2,1,2,2,2,2,2,1,2,1,2,2,2,2,2,2,2,1,1,2,0,0,0
2008,53,67,1,530154,1,10,1,3,1,2,7,2,1,1,2,2,1,2,2,1,2,2,1,2,1,2,2,2,2,2,2,2,2,2,2,0,0,0
2008,53,57,1,530155,1,10,2,2,1,1,4,1,4,1,1,2,2,1,1,2,2,2,2,2,2,2,2,2,2,2,2,2,2,2,2,0,0,0
2008,53,33,1,530156,1,10,2,2,4,2,6,2,1,2,2,2,1,2,2,2,2,2,2,2,1,2,2,2,2,2,2,2,1,2,2,0,0,0
2008,53,45,1,530157,1,10,1,2,1,2,6,2,3,1,1,2,2,1,2,2,2,2,2,2,2,2,2,2,2,2,1,1,1,2,2,0,0,0
2008,53,33,1,530158,1,10,1,2,1,2,3,2,3,1,1,2,2,2,1,2,2,2,2,2,1,2,2,2,2,1,2,2,1,2,2,0,0,0
2008,53,33,1,530160,1,10,2,2,1,2,2,2,1,2,2,2,1,1,2,2,1,2,2,2,3,2,2,2,2,2,2,2,2,2,2,0,0,0
2008,53,37,1,530161,1,10,2,2,1,2,2,2,3,1,2,2,2,1,2,2,2,2,2,2,3,2,2,2,2,1,2,2,2,1,2,0,0,0
2008,53,61,1,530162,1,10,2,2,1,2,4,2,4,1,2,2,2,2,2,2,2,2,2,2,3,2,2,2,2,2,2,2,2,1,2,0,0,0
2008,53,53,1,530163,1,10,1,2,1,1,4,1,4,2,1,1,2,2,2,2,2,2,2,2,1,2,2,2,2,2,2,2,2,1,2,1,0,1
2008,53,63,1,530164,1,10,2,2,4,2,6,2,1,2,2,2,1,2,2,1,2,2,2,2,1,2,2,2,2,2,1,1,1,2,2,0,0,0
2008,53,57,1,530165,1,10,1,3,4,2,7,2,1,1,1,2,1,1,2,2,2,2,2,2,2,2,2,2,2,2,2,2,1,1,2,0,0,0
2008,53,33,1,530166,1,10,2,2,4,2,5,2,1,1,2,2,1,2,1,1,2,2,2,2,1,2,2,2,2,2,2,2,1,2,2,0,0,0
2008,53,33,1,530167,1,10,2,2,1,2,3,2,1,2,1,2,1,2,2,2,1,2,2,2,3,2,2,2,2,2,2,2,2,2,2,0,0,0
2008,53,33,1,530168,1,10,2,2,1,2,2,3,4,1,2,2,2,2,2,1,2,2,2,2,1,2,2,2,2,1,2,2,2,2,2,0,0,0
2008,53,57,1,530169,1,10,2,2,4,2,2,2,1,1,1,2,1,2,2,2,2,2,2,2,2,2,2,2,2,2,2,2,1,2,2,0,0,0
2008,53,33,1,530170,1,10,2,2,1,2,3,2,2,2,1,2,2,2,1,2,2,2,2,2,1,2,2,2,2,2,1,1,2,2,2,0,0,0
2008,53,53,1,530171,1,10,2,2,3,2,2,2,1,1,1,2,1,2,2,1,2,2,1,2,1,2,2,2,2,2,2,2,1,1,2,0,0,0
2008,53,61,1,530172,1,10,2,2,4,2,4,2,1,2,2,2,1,2,2,1,1,2,1,2,1,2,2,2,2,2,2,2,1,2,2,0,0,0
2008,53,65,1,530173,1,10,1,3,4,2,7,2,1,1,1,2,1,2,2,2,2,2,1,2,1,2,2,2,2,2,2,2,1,2,2,0,0,0
2008,53,45,1,530174,1,10,1,2,4,2,5,2,1,2,2,2,1,2,2,2,2,2,2,2,1,1,1,1,1,2,2,1,1,1,2,0,0,0
2008,53,7,1,530175,1,10,1,3,4,2,7,2,1,2,2,2,1,2,1,2,2,2,2,2,2,2,2,2,2,2,2,2,1,2,2,0,0,0
2008,53,7,1,530176,1,10,1,2,1,2,6,2,1,2,2,2,2,2,2,2,1,2,2,2,1,2,2,2,2,2,2,2,2,2,2,0,0,0
2008,53,53,1,530177,1,10,2,2,1,2,3,2,4,1,1,2,2,2,2,1,2,2,2,2,1,2,2,2,2,1,2,2,1,2,2,0,0,0
2008,53,53,1,530178,1,10,2,2,1,1,4,1,4,1,1,2,2,2,2,2,2,2,2,2,3,2,2,2,2,1,2,2,2,1,2,0,0,0
2008,53,63,1,530179,1,10,2,2,3,1,3,1,1,1,1,2,1,2,2,2,2,2,2,2,3,2,2,2,2,1,2,2,2,2,2,0,0,0
2008,53,77,1,530180,1,10,1,2,4,2,5,2,1,2,1,2,1,2,2,1,2,2,1,2,1,2,2,2,2,2,1,1,1,2,2,1,0,1
2008,53,37,1,530181,1,10,1,2,2,2,5,2,1,2,2,2,1,2,2,1,2,2,2,2,1,2,2,2,2,2,2,2,1,2,2,0,0,0
2008,53,33,1,530182,1,10,2,2,4,2,3,2,1,2,1,2,1,2,2,1,2,2,2,2,1,2,2,2,2,2,2,2,1,2,2,0,0,0
2008,53,1,1,530183,1,10,1,2,1,2,5,2,1,2,2,2,1,2,2,2,1,2,2,2,3,2,2,2,2,2,1,1,2,2,2,0,0,0
2008,53,11,1,530184,1,10,1,2,2,2,6,2,1,2,2,2,1,2,2,2,2,2,2,2,1,2,2,2,2,2,1,1,2,2,2,0,0,0
2008,53,43,2,530185,1,10,1,2,4,2,5,2,6,2,2,2,1,2,2,1,2,2,2,2,1,2,2,2,2,2,2,2,1,2,2,0,0,0
2008,53,33,1,530186,1,10,2,2,4,2,4,2,1,2,2,2,1,2,2,2,2,2,2,2,1,2,2,2,2,2,2,2,1,2,2,0,0,0
2008,53,41,1,530187,1,10,1,2,1,2,3,2,4,1,2,2,2,2,2,2,2,2,2,2,3,1,1,1,1,2,2,1,1,1,2,0,0,0
2008,53,33,1,530188,1,10,2,2,1,1,4,1,4,1,1,2,2,1,2,2,2,2,2,2,3,2,2,2,2,1,2,2,2,2,2,0,0,0
2008,53,35,1,530189,1,10,2,2,2,2,4,2,1,2,1,2,1,2,2,2,2,2,1,2,3,1,2,1,2,2,2,2,1,1,2,0,0,0
2008,53,53,1,530190,1,10,2,2,1,1,3,1,4,1,1,2,2,2,1,2,2,2,2,2,3,2,2,2,2,2,2,2,2,2,2,0,0,0
2008,53,37,1,530191,1,10,1,3,4,2,7,2,1,1,2,2,1,2,2,1,2,2,2,2,2,1,1,1,1,2,2,1,1,2,2,0,0,0
2008,53,63,1,530192,1,10,1,2,4,2,5,2,1,1,1,2,1,2,2,1,2,2,1,2,2,2,2,2,2,2,1,1,1,2,2,0,0,0
2008,53,29,1,530193,1,10,1,2,1,2,3,2,1,1,2,2,1,2,1,1,2,2,2,2,1,2,2,2,2,2,2,2,1,2,2,0,0,0
2008,53,33,1,530194,1,10,2,2,1,2,2,2,2,1,1,2,3,2,2,1,2,2,2,2,3,1,1,1,1,2,2,1,2,1,2,0,0,0
2008,53,19,1,530195,1,10,1,2,2,1,3,1,1,1,2,2,1,2,1,1,2,2,2,2,1,2,2,2,2,2,2,2,2,1,2,0,0,0
2008,53,5,1,530196,1,10,1,2,2,2,5,2,1,2,2,2,1,2,1,1,2,2,2,2,1,2,2,2,2,2,2,2,1,2,2,0,0,0
2008,53,61,1,530197,1,10,2,2,4,2,4,2,1,1,1,2,1,2,2,1,2,2,2,2,1,1,1,1,1,2,2,1,1,2,2,0,0,0
2008,53,57,1,530198,1,10,1,2,1,2,3,2,3,2,2,2,2,2,1,2,2,2,2,2,1,2,2,2,2,2,2,2,1,2,2,0,0,0
2008,53,13,1,530200,1,10,1,2,1,2,5,2,1,2,2,2,1,2,2,2,2,2,1,2,1,2,2,2,2,2,2,2,1,2,2,0,0,0
2008,53,37,1,530201,1,10,1,2,1,2,3,2,3,2,2,2,2,1,2,2,2,2,2,2,3,2,2,2,2,2,2,2,1,2,2,0,0,0
2008,53,33,1,530202,1,10,2,2,2,2,4,2,2,1,1,2,1,2,2,1,2,2,2,2,2,2,2,2,2,2,2,2,1,1,2,0,0,0
2008,53,5,1,530203,1,10,2,2,1,2,4,2,1,1,1,2,1,2,1,2,2,2,2,2,2,2,2,2,2,2,2,2,2,2,2,0,0,0
2008,53,1,1,530204,1,10,1,2,4,2,5,2,1,2,2,2,1,2,1,1,2,2,2,2,2,2,2,2,2,2,1,1,1,2,2,0,0,0
2008,53,63,1,530205,1,10,2,2,1,1,3,1,4,2,1,2,2,1,2,2,2,2,2,2,3,2,2,2,2,1,2,2,2,2,2,0,0,0
2008,53,53,2,530206,1,10,2,2,4,2,3,2,1,2,2,2,1,2,2,1,2,2,1,2,1,2,2,2,2,2,2,2,1,2,2,0,0,0
2008,53,57,1,530207,1,10,1,2,1,1,6,1,4,1,1,2,2,2,2,2,2,2,1,2,3,2,2,2,2,1,2,2,2,2,2,0,0,0
2008,53,39,1,530208,1,10,1,2,4,2,3,2,1,2,2,2,1,2,2,1,2,2,2,2,1,2,2,2,2,2,2,2,1,1,2,0,0,0
2008,53,13,1,530209,1,10,2,2,1,2,2,2,2,1,1,2,2,1,2,2,2,2,2,2,3,1,1,1,1,2,2,1,2,1,2,0,0,0
2008,53,53,1,530210,1,10,2,2,2,2,2,2,1,2,2,2,1,2,1,1,2,2,2,2,1,2,2,1,1,2,2,1,1,2,2,0,0,0
2008,53,27,1,530212,1,10,1,2,2,2,3,2,1,1,2,2,2,2,2,2,2,2,2,2,2,2,2,2,2,2,2,2,1,2,2,0,0,0
2008,53,77,1,530213,1,10,1,2,4,2,5,2,1,2,2,2,1,2,2,1,2,2,1,2,1,2,2,2,2,2,2,2,1,1,2,0,0,0
2008,53,33,1,530214,1,10,2,2,1,2,4,2,1,2,1,1,1,2,2,2,1,2,2,2,1,2,2,2,2,2,2,2,2,2,2,0,0,0
2008,53,73,1,530215,1,10,2,2,1,1,3,1,1,1,2,2,1,2,2,2,1,2,2,2,3,2,2,2,2,2,2,2,2,2,2,0,0,0
2008,53,11,2,530216,1,10,2,2,4,2,5,2,1,2,2,2,1,2,2,1,2,2,1,2,1,2,2,2,2,2,2,2,1,2,2,0,0,0
2008,53,33,1,530217,1,10,2,2,4,2,3,2,1,1,2,2,2,2,2,1,2,2,1,2,1,2,2,2,2,2,2,2,1,2,2,0,0,0
2008,53,41,1,530218,1,10,1,2,1,1,3,1,1,1,1,2,1,1,2,2,1,2,2,2,3,2,2,2,2,2,2,2,2,2,2,0,0,0
2008,53,37,2,530219,1,10,1,2,4,2,5,2,1,2,1,2,1,2,2,2,2,2,2,2,3,2,2,2,2,2,2,2,1,2,2,0,0,0
2008,53,77,1,530220,1,10,1,2,1,1,5,1,4,1,1,2,2,2,2,2,2,2,1,2,3,2,2,2,2,2,2,2,2,2,2,0,0,0
2008,53,33,1,530221,1,10,2,1,2,2,1,2,1,2,2,2,1,2,1,1,2,2,2,2,1,2,2,2,2,2,2,2,1,1,2,0,0,0
2008,53,63,1,530223,1,10,2,2,1,2,4,2,2,1,1,2,2,2,1,2,2,2,2,2,3,2,2,2,2,2,2,2,2,1,2,0,0,0
2008,53,73,1,530224,1,10,1,2,1,1,3,1,4,2,2,2,2,1,2,1,2,2,2,2,1,2,2,2,2,2,2,2,2,2,2,0,0,0
2008,53,33,1,530225,1,10,2,2,1,2,3,2,1,2,1,2,1,2,2,2,1,2,2,2,2,2,2,2,2,2,2,2,2,2,2,0,0,0
2008,53,53,1,530226,1,10,1,2,2,2,4,2,1,1,1,2,1,2,2,1,1,2,2,2,2,2,2,2,2,2,2,2,1,2,2,0,0,0
2008,53,53,1,530227,1,10,1,2,1,2,4,2,1,2,2,2,1,2,2,1,2,2,1,2,1,2,2,2,2,2,2,2,1,2,2,0,0,0
2008,53,73,1,530228,1,10,2,2,4,2,4,2,1,2,2,2,1,2,2,1,2,2,1,2,1,2,2,2,2,2,1,1,1,1,2,0,0,0
2008,53,63,1,530229,1,10,2,2,4,1,4,1,1,2,1,2,1,2,1,1,2,2,2,2,1,2,2,2,2,2,2,2,2,2,2,0,0,0
2008,53,53,1,530230,1,10,2,2,1,2,5,2,3,1,1,2,2,1,2,2,2,2,2,2,3,2,2,2,2,1,2,2,1,2,2,0,0,0
2008,53,61,2,530231,1,10,1,2,1,1,4,1,4,2,1,2,2,2,1,1,2,2,1,2,1,1,1,1,1,2,2,1,2,2,2,0,0,0
2008,53,25,1,530232,1,10,1,2,2,2,5,2,1,2,1,2,1,2,2,1,2,2,1,2,1,2,2,2,2,2,2,2,1,2,2,0,0,0
2008,53,77,1,530234,1,10,1,2,1,1,5,1,1,1,1,2,1,2,1,2,2,2,2,2,2,2,2,2,2,2,1,1,2,2,2,0,0,0
2008,53,63,2,530235,1,10,1,2,1,2,3,2,4,1,1,2,2,2,2,2,2,2,1,2,3,2,2,2,2,1,2,2,2,2,2,0,0,0
2008,53,19,1,530236,1,10,1,2,4,2,6,2,1,2,2,2,1,2,2,2,2,2,1,2,1,2,2,2,2,2,2,2,1,1,2,0,0,0
2008,53,77,1,530237,1,10,1,2,1,2,3,2,3,2,1,2,2,2,2,2,2,2,2,2,3,2,2,2,2,2,2,2,1,2,2,0,0,0
2008,53,75,1,530238,1,10,1,2,4,2,5,2,1,2,2,2,1,2,2,1,2,2,1,2,3,1,1,1,1,2,2,1,1,2,2,0,0,0
2008,53,45,1,530239,1,10,1,2,4,2,3,2,1,1,1,2,1,2,1,2,2,2,2,2,2,2,2,2,2,1,2,2,1,1,2,0,0,0
2008,53,61,1,530240,1,10,2,2,1,1,3,1,4,2,1,2,2,2,1,2,2,2,2,2,3,2,2,2,2,2,2,2,2,2,2,0,0,0
2008,53,41,1,530241,1,10,1,2,1,2,5,2,1,2,2,2,1,2,2,1,2,2,1,2,2,1,1,1,1,2,2,1,2,1,2,0,0,0
2008,53,57,1,530242,1,10,1,2,1,2,5,2,1,2,2,2,1,2,2,2,1,2,2,2,3,2,2,2,2,2,2,2,2,2,2,0,0,0
2008,53,33,1,530243,1,10,2,2,1,2,3,2,3,1,2,2,2,2,1,1,2,2,2,2,2,2,2,2,2,2,1,1,1,2,2,0,0,0
2008,53,45,1,530244,1,10,1,2,2,2,5,2,1,2,2,2,1,2,2,1,2,2,1,2,1,2,2,2,2,2,1,1,1,2,2,0,0,0
2008,53,61,1,530245,1,10,1,2,1,2,3,2,2,2,2,2,3,2,1,2,2,2,2,2,3,2,2,2,2,1,2,2,2,2,2,0,0,0
2008,53,15,1,530246,1,10,1,3,1,2,7,2,1,1,2,2,1,1,2,1,2,2,1,2,2,2,2,2,2,2,2,2,1,1,2,0,0,0
2008,53,11,1,530247,1,10,2,1,1,2,1,3,1,2,1,2,1,2,2,2,1,2,2,2,2,2,2,2,2,2,1,1,2,2,2,0,0,0
2008,53,73,1,530248,1,10,1,2,4,2,5,2,1,1,1,2,1,2,2,1,2,2,1,2,2,2,2,2,2,2,2,2,1,2,2,0,0,0
2008,53,61,1,530249,1,10,2,2,1,1,3,1,4,2,2,2,2,2,2,2,2,2,2,2,3,2,2,2,2,1,2,2,2,2,2,0,0,0
2008,53,53,1,530250,1,10,1,2,4,1,5,1,1,2,2,2,1,2,2,1,2,2,2,2,1,2,2,2,2,2,2,2,2,2,2,0,0,0
2008,53,53,1,530251,1,10,2,2,1,1,3,1,4,1,1,2,2,2,2,1,2,2,2,2,3,2,2,2,2,2,2,2,2,1,2,0,0,0
2008,53,7,1,530252,1,10,2,2,1,2,4,2,1,1,1,2,1,2,2,2,1,2,2,2,3,2,2,2,2,2,2,2,2,2,2,0,0,0
2008,53,47,1,530253,1,10,1,2,4,2,3,2,1,2,2,2,1,2,1,2,2,2,2,2,2,2,2,2,2,2,2,2,1,2,2,0,0,0
2008,53,75,1,530254,1,10,2,2,2,2,4,2,1,2,1,2,1,2,1,1,2,2,2,2,2,2,2,1,1,2,2,1,1,2,2,0,0,0
2008,53,33,1,530255,1,10,2,2,4,2,4,2,1,2,2,2,1,2,2,2,2,2,2,2,3,1,1,1,1,2,2,1,1,1,2,0,0,0
2008,53,73,1,530256,1,10,2,1,1,2,1,2,1,2,2,2,1,2,2,2,1,2,2,2,3,2,2,2,2,2,2,2,2,2,2,0,0,0
2008,53,53,2,530257,1,10,2,2,1,2,4,2,5,1,2,2,2,2,1,1,2,2,2,2,2,2,2,2,2,2,2,2,2,1,2,0,0,0
2008,53,53,1,530258,1,10,2,2,4,2,4,2,1,2,1,1,1,2,2,2,2,2,1,2,1,1,1,1,1,2,2,1,1,1,2,0,0,0
2008,53,67,1,530259,1,10,1,2,1,1,3,1,4,1,2,2,2,2,2,2,2,2,2,2,2,2,2,2,2,1,1,1,2,2,2,0,0,0
2008,53,35,1,530260,1,10,1,2,1,2,3,2,4,1,1,2,2,2,2,2,2,2,2,2,3,2,2,2,2,2,2,2,1,2,2,0,0,0
2008,53,11,1,530261,1,10,2,2,4,1,3,1,1,1,1,2,1,2,2,1,2,2,2,2,2,2,2,2,2,2,2,2,2,2,2,0,0,0
2008,53,25,1,530262,1,10,1,2,4,2,3,2,1,2,2,2,1,2,2,2,2,2,1,2,1,2,2,2,2,2,2,2,1,2,2,0,0,0
2008,53,77,1,530263,1,10,1,3,1,2,7,2,1,1,1,2,2,2,2,1,2,2,2,2,3,1,1,1,1,2,2,1,2,1,2,0,0,0
2008,53,15,1,530264,1,10,1,2,1,2,3,2,1,1,1,2,1,2,2,2,2,2,2,2,3,2,2,2,2,1,2,2,2,2,2,0,0,0
2008,53,7,1,530265,1,10,1,2,4,2,5,2,1,1,1,2,1,2,2,2,2,2,1,2,3,2,2,1,1,2,2,1,1,1,2,0,0,0
2008,53,53,1,530266,1,10,1,2,4,2,3,2,1,2,2,2,1,2,2,1,2,2,1,2,1,2,2,2,2,2,2,2,1,2,2,0,0,0
2008,53,33,1,530267,1,10,1,2,1,1,6,1,4,2,2,2,2,2,2,2,2,2,1,2,2,2,2,2,2,2,1,1,2,2,2,0,0,0
2008,53,33,1,530268,1,10,2,2,1,2,3,2,4,1,1,2,2,2,1,2,2,2,2,2,3,2,2,1,1,2,2,1,2,1,2,0,0,0
2008,53,7,1,530269,1,10,1,2,1,2,3,2,4,1,1,2,2,2,1,2,2,2,2,2,3,2,2,2,2,2,2,2,1,2,2,0,0,0
2008,53,53,1,530270,1,10,1,2,1,1,3,1,2,1,2,2,2,2,1,2,2,2,2,2,3,2,2,2,2,1,2,2,2,2,2,0,0,0
2008,53,47,1,530271,1,10,1,2,1,2,3,2,4,1,1,2,3,1,2,2,2,2,2,2,3,2,2,2,2,2,2,2,1,1,2,0,0,0
2008,53,63,1,530272,1,10,2,2,1,2,3,2,3,1,2,2,2,2,2,2,2,2,2,2,3,2,2,2,2,1,1,1,1,1,2,0,0,0
2008,53,75,1,530273,1,10,2,2,4,2,3,2,1,1,2,2,1,2,2,2,2,2,1,2,3,2,2,2,2,1,2,2,1,1,2,0,0,0
2008,53,9,1,530274,1,10,1,2,1,2,3,2,4,1,1,2,2,1,2,2,2,2,2,2,3,2,2,2,2,1,2,2,2,1,2,0,0,0
2008,53,61,1,530275,1,10,1,2,4,2,5,2,1,2,2,2,1,2,2,1,2,2,1,2,1,2,2,2,2,2,2,2,1,1,2,0,0,0
2008,53,33,1,530276,1,10,1,2,1,2,3,2,2,1,2,2,3,2,1,1,2,2,2,2,3,2,2,2,2,1,2,2,2,1,2,0,0,0
2008,53,15,1,530277,1,10,1,2,1,2,3,2,3,1,1,2,2,2,2,2,2,2,2,2,1,2,2,2,2,1,2,2,1,2,2,0,0,0
2008,53,25,1,530278,1,10,1,3,4,2,7,2,1,2,1,2,1,2,2,2,2,2,1,2,1,2,2,2,2,2,2,2,1,1,2,0,0,0
2008,53,57,1,530279,1,10,2,2,1,1,3,1,1,1,2,2,2,2,1,1,2,2,2,2,3,2,2,2,2,2,2,2,2,2,2,0,0,0
2008,53,57,1,530280,1,10,1,2,1,2,3,2,1,1,2,2,2,2,1,1,2,2,2,2,3,2,2,2,2,1,2,2,1,2,2,0,0,0
2008,53,63,1,530281,1,10,1,1,1,2,1,2,1,2,2,2,1,2,2,1,2,2,1,2,1,2,2,2,2,2,2,2,2,1,2,0,0,0
2008,53,17,1,530282,1,10,2,2,4,2,2,2,1,2,2,2,1,2,2,1,2,2,1,2,1,2,2,1,1,2,2,1,1,1,2,0,0,0
2008,53,61,1,530283,1,10,2,2,1,2,3,2,1,2,2,2,1,2,2,1,2,2,1,2,1,2,2,2,2,2,1,1,2,1,2,0,0,0
2008,53,33,1,530284,1,10,2,2,4,2,3,2,1,2,1,2,1,2,2,2,2,2,1,2,2,2,2,2,2,2,2,2,2,1,2,0,0,0
2008,53,53,1,530285,1,10,2,1,4,2,1,3,1,2,1,2,1,2,2,2,2,2,2,2,2,1,1,1,1,2,2,1,1,2,2,0,0,0
2008,53,67,1,530286,1,10,2,2,1,2,6,3,1,1,1,2,1,2,2,2,2,2,2,2,2,2,2,2,2,1,2,2,2,2,2,0,0,0
2008,53,57,1,530287,1,10,1,2,1,2,5,2,1,2,2,2,1,2,2,1,2,2,1,2,1,2,2,2,2,2,1,1,2,2,2,0,0,0
2008,53,49,1,530288,1,10,1,2,1,1,3,1,4,1,1,2,2,2,2,2,2,2,2,2,3,2,2,2,2,1,2,2,2,2,2,0,0,0
2008,53,33,1,530289,1,10,2,2,3,2,3,2,1,2,2,2,1,2,1,1,2,2,2,2,1,2,2,2,2,2,2,2,1,2,2,0,0,0
2008,53,29,1,530290,1,10,1,2,4,1,6,1,1,2,1,2,1,2,1,2,2,2,2,2,1,2,2,2,2,2,1,1,2,2,2,0,0,0
2008,53,73,1,530291,1,10,1,2,4,2,5,2,1,2,2,2,1,2,2,1,2,2,2,2,2,2,2,2,2,2,2,2,1,2,2,0,0,0
2008,53,53,1,530292,1,10,2,2,4,2,3,2,1,2,2,2,1,2,2,1,2,2,2,2,1,2,2,2,2,2,2,2,1,2,2,0,0,0
2008,53,69,1,530293,1,10,1,2,4,2,5,2,1,2,2,2,1,2,2,2,2,2,1,2,1,2,2,2,2,2,2,2,1,1,2,0,0,0
2008,53,21,1,530294,1,10,1,2,1,2,3,2,1,2,1,2,1,2,2,2,2,2,1,2,1,2,2,2,2,2,2,2,2,1,2,0,0,0
2008,53,33,1,530295,1,10,2,2,1,2,6,2,1,2,2,2,1,2,2,2,1,2,2,2,3,2,2,2,2,2,2,2,2,2,2,0,0,0
2008,53,21,2,530296,1,10,1,2,1,1,5,1,4,2,1,2,2,2,1,2,2,2,2,2,1,1,1,1,1,2,2,1,2,2,2,0,0,0
2008,53,61,1,530297,1,10,1,2,1,2,3,2,4,2,2,2,3,2,2,2,2,2,1,2,1,2,2,2,2,2,2,2,1,1,2,0,0,0
2008,53,57,1,530298,1,10,1,2,1,2,3,2,3,1,2,2,2,2,2,2,2,2,2,2,1,2,2,2,2,1,1,1,1,2,2,0,0,0
2008,53,57,1,530299,1,10,1,2,4,2,6,2,1,1,1,2,1,2,2,2,2,2,1,2,3,2,2,2,2,2,2,2,1,1,2,0,0,0
2008,53,25,1,530300,1,10,1,2,1,2,3,2,4,1,1,2,2,2,2,2,2,2,2,2,3,2,2,2,2,2,2,2,2,2,2,0,0,0
2008,53,33,1,530301,1,10,2,2,1,2,3,2,2,1,1,2,2,2,2,2,1,2,2,2,3,2,2,2,2,2,2,2,2,2,2,0,0,0
2008,53,41,2,530302,1,10,1,2,1,2,3,2,3,1,2,2,2,2,2,2,2,2,2,2,3,1,1,1,1,2,2,1,1,2,2,0,0,0
2008,53,67,2,530303,1,10,2,2,1,1,4,1,4,1,2,2,2,2,1,1,2,2,2,2,3,2,2,2,2,2,2,2,2,2,2,0,0,0
2008,53,49,1,530304,1,10,1,2,1,2,5,2,3,1,1,2,2,2,2,1,2,2,2,2,3,2,2,1,1,2,2,1,2,2,2,0,0,0
2008,53,15,1,530305,1,10,2,2,1,1,3,1,1,1,1,2,1,2,2,2,2,1,2,2,3,2,2,2,2,2,2,2,2,2,2,0,0,0
2008,53,53,1,530306,1,10,1,2,4,2,4,2,1,2,1,2,1,2,2,2,2,2,1,2,3,2,2,2,2,2,2,2,1,1,2,0,0,0
2008,53,33,1,530307,1,10,2,1,1,2,1,2,2,1,1,2,3,1,2,2,2,2,2,2,3,2,2,2,2,2,2,2,2,2,2,0,0,0
2008,53,53,1,530308,1,10,2,2,1,2,5,2,1,1,1,2,1,2,1,1,2,2,2,2,2,2,2,2,2,2,2,2,1,2,2,0,0,0
2008,53,77,1,530309,1,10,1,2,4,2,5,2,1,2,2,2,1,2,2,2,2,2,1,2,1,2,2,2,2,2,2,2,1,1,2,1,1,1
2008,53,77,1,530310,1,10,1,3,1,2,7,2,1,1,2,2,1,2,2,1,2,2,1,2,2,2,2,2,2,2,2,2,2,2,2,0,0,0
2008,53,51,1,530311,1,10,1,2,4,2,5,2,1,2,2,2,1,2,2,1,2,2,1,2,3,2,2,2,2,2,2,2,1,2,2,0,0,0
2008,53,33,1,530312,1,10,2,2,1,2,4,2,4,1,1,2,2,2,1,2,2,2,2,2,3,1,1,1,1,2,2,1,2,1,2,0,0,0
2008,53,33,1,530313,1,10,2,2,3,1,3,1,1,2,1,2,1,2,1,2,2,2,2,2,1,2,2,2,2,2,2,2,2,1,2,0,0,0
2008,53,11,1,530314,1,10,1,2,1,2,6,2,3,1,2,2,2,2,2,2,2,2,1,2,1,1,1,1,1,2,2,1,1,2,2,0,0,0
2008,53,61,1,530315,1,10,1,2,4,2,5,2,1,2,2,2,1,2,2,2,2,2,1,2,1,2,2,1,1,2,2,1,1,1,2,0,0,0
2008,53,61,1,530316,1,10,2,2,4,2,6,2,1,2,1,2,1,2,1,1,2,2,2,2,1,2,2,2,2,2,2,2,1,2,2,0,0,0
2008,53,53,1,530317,1,10,2,2,1,2,4,2,1,2,1,1,1,2,2,2,2,1,2,2,3,2,2,2,2,2,1,1,2,2,2,0,0,0
2008,53,33,1,530318,1,10,2,2,1,2,3,2,1,2,2,2,1,2,2,2,1,2,2,2,3,2,2,2,2,2,2,2,2,2,2,0,0,0
2008,53,57,1,530319,1,10,1,2,1,2,3,2,3,1,1,2,2,2,1,2,2,2,2,2,3,2,2,2,2,2,2,2,1,1,2,0,0,0
2008,53,67,2,530320,1,10,1,2,4,2,5,2,1,2,2,2,1,2,2,1,2,2,2,2,1,2,2,2,2,2,2,2,1,2,2,0,0,0
2008,53,9,1,530321,1,10,1,2,1,2,5,2,2,2,2,2,2,2,1,1,2,2,2,2,1,2,2,2,2,1,2,2,2,2,2,0,0,0
2008,53,73,1,530322,1,10,1,2,4,2,6,2,1,2,2,2,1,2,2,2,2,2,2,2,1,2,2,2,2,2,2,2,1,2,2,0,0,0
2008,53,33,1,530323,1,10,2,2,1,1,3,1,1,1,1,2,1,2,2,2,1,2,2,2,3,2,2,2,2,2,2,2,2,1,2,0,0,0
2008,53,11,1,530324,1,10,1,2,4,2,6,2,1,2,1,2,1,2,1,2,2,2,2,2,2,2,2,2,2,2,2,2,1,1,2,0,0,0
2008,53,11,1,530325,1,10,1,2,4,1,6,1,1,2,1,2,1,2,2,2,2,2,2,2,1,2,2,2,2,2,2,2,2,1,2,0,0,0
2008,53,53,1,530326,1,10,2,2,4,2,4,2,1,2,1,2,1,2,1,2,2,2,2,2,2,1,1,1,1,2,2,1,1,1,2,0,0,0
2008,53,53,1,530327,1,10,2,2,1,2,3,2,3,1,1,2,2,2,2,2,2,2,2,2,3,2,2,2,2,1,2,2,1,2,2,0,0,0
2008,53,67,1,530328,1,10,2,2,4,1,5,1,1,1,1,2,1,2,2,1,2,2,2,2,3,2,2,2,2,1,2,2,2,1,2,0,0,0
2008,53,41,1,530329,1,10,1,2,4,2,3,2,1,2,2,2,1,2,2,2,2,2,1,2,1,2,2,2,2,2,2,2,1,2,2,0,0,0
2008,53,25,1,530330,1,10,1,1,1,2,1,2,2,1,2,2,1,2,1,2,2,2,2,2,2,2,2,2,2,2,2,2,2,1,2,0,0,0
2008,53,53,1,530331,1,10,2,2,4,2,4,2,1,1,1,2,1,2,2,1,2,2,2,2,1,2,2,2,2,2,2,2,1,2,2,0,0,0
2008,53,59,1,530332,1,10,1,3,4,2,7,2,1,2,1,2,1,2,2,2,2,2,1,2,2,2,2,2,2,1,2,2,1,2,2,0,0,0
2008,53,61,1,530333,1,10,2,1,1,2,1,2,4,2,2,2,2,1,2,2,2,2,1,2,1,2,2,2,2,2,2,2,2,2,2,0,0,0
2008,53,45,1,530334,1,10,1,2,1,2,3,2,1,2,1,1,1,2,2,2,1,2,2,2,3,2,2,2,2,2,2,2,2,2,2,0,0,0
2008,53,31,2,530335,1,10,1,2,1,2,3,2,3,1,1,2,2,2,2,2,2,2,2,2,3,2,2,2,2,1,2,2,1,1,2,0,0,0
2008,53,57,1,530336,1,10,1,2,4,2,3,2,1,1,1,2,1,2,1,1,2,2,2,2,2,2,2,2,2,2,2,2,1,2,2,0,0,0
2008,53,61,1,530337,1,10,2,2,1,1,4,1,3,2,1,2,3,2,2,2,2,2,2,2,1,2,2,2,2,1,2,2,2,1,2,0,0,0
2008,53,25,1,530338,1,10,1,2,1,1,5,1,4,1,1,2,2,1,2,2,2,2,2,2,3,1,1,1,1,1,2,1,2,2,2,0,0,0
2008,53,65,1,530339,1,10,1,2,2,2,6,2,1,2,2,2,1,2,2,2,2,2,1,2,1,2,2,2,2,2,2,2,1,2,2,0,0,0
2008,53,33,1,530340,1,10,2,2,1,2,4,2,1,1,1,2,1,2,2,2,1,2,2,2,3,2,2,2,2,1,2,2,2,2,2,0,0,0
2008,53,31,1,530341,1,10,3,3,4,1,7,1,1,1,1,2,1,2,2,1,2,2,2,2,2,2,2,2,2,2,2,2,2,2,2,0,0,0
2008,53,67,1,530342,1,10,1,2,4,2,6,2,1,1,1,2,1,2,2,2,2,2,2,2,2,2,2,2,2,2,2,2,1,2,2,0,0,0
2008,53,7,1,530343,1,10,1,2,1,2,3,2,4,2,1,2,2,2,2,1,2,2,2,2,2,2,2,2,2,2,1,1,1,2,2,0,0,0
2008,53,41,1,530344,1,10,1,1,3,2,1,2,1,2,1,2,1,2,2,2,1,2,2,2,2,2,2,2,2,2,1,1,1,2,2,0,0,0
2008,53,43,1,530345,1,10,1,2,1,2,5,2,1,2,2,2,1,2,1,2,2,2,2,2,2,2,2,2,2,2,2,2,2,2,2,0,0,0
2008,53,35,1,530346,1,10,2,2,4,2,3,2,1,2,2,2,1,2,2,2,1,2,2,2,3,2,2,2,2,2,1,1,1,1,2,0,0,0
2008,53,33,1,530347,1,10,2,2,4,1,6,1,1,1,1,2,1,2,2,2,2,2,1,2,2,2,2,2,2,1,2,2,2,2,2,0,0,0
2008,53,33,1,530348,1,10,2,2,1,1,3,1,1,2,1,2,2,2,1,2,2,1,2,2,3,2,2,1,1,2,2,1,2,2,2,0,0,0
2008,53,57,1,530349,1,10,1,2,2,2,3,2,1,3,2,1,1,2,2,2,1,2,2,2,3,2,2,2,2,2,2,2,2,2,2,0,0,0
2008,53,39,1,530350,1,10,1,2,1,2,3,2,1,1,1,2,1,2,1,1,2,2,2,2,1,2,2,2,2,2,2,2,2,2,2,0,0,0
2008,53,53,1,530351,1,10,2,2,1,2,4,2,1,2,1,2,1,2,2,1,1,2,2,2,1,2,2,2,2,2,1,1,2,2,2,0,0,0
2008,53,37,1,530352,1,10,1,2,2,2,3,2,1,1,2,2,1,2,2,1,2,2,1,2,1,2,2,2,2,2,2,2,1,2,2,0,0,0
2008,53,73,1,530353,1,10,1,3,4,2,7,2,1,1,2,2,1,2,2,1,2,2,2,2,1,2,2,2,2,2,2,2,1,2,2,0,0,0
2008,53,73,1,530354,1,10,1,1,2,2,1,2,1,1,2,2,1,2,1,2,2,2,2,2,1,2,2,2,2,2,2,2,1,2,2,0,0,0
2008,53,63,1,530355,1,10,1,2,4,2,6,2,1,2,2,2,1,2,1,2,2,2,2,2,1,2,2,2,2,2,2,2,1,2,2,0,0,0
2008,53,25,1,530356,1,10,1,2,4,1,3,1,1,2,2,2,1,2,2,1,2,2,1,2,1,2,2,1,1,2,2,1,2,2,2,0,0,0
2008,53,27,1,530358,1,10,1,2,4,2,3,2,1,2,1,2,1,2,2,2,2,2,1,2,1,2,2,2,2,2,2,2,1,1,2,0,0,0
2008,53,45,2,530360,1,10,2,2,4,2,4,2,1,2,2,2,1,2,2,1,2,2,2,2,1,2,2,2,2,2,1,1,1,2,2,0,0,0
2008,53,73,1,530361,1,10,1,2,2,2,3,2,1,1,1,2,1,2,1,2,2,2,2,2,2,2,2,2,2,2,2,2,1,2,2,0,0,0
2008,53,5,1,530362,1,10,2,1,1,2,1,3,4,1,1,2,2,1,2,2,2,2,2,2,3,2,2,2,2,2,2,2,1,2,2,0,0,0
2008,53,49,1,530363,1,10,1,2,4,2,5,2,1,2,2,2,1,2,1,1,2,2,2,2,1,2,2,2,2,2,2,2,1,1,2,0,0,0
2008,53,45,1,530364,1,10,1,2,1,1,3,1,4,2,2,2,2,2,1,2,2,2,2,2,3,2,2,2,2,2,2,2,2,1,2,0,0,0
2008,53,67,1,530365,1,10,2,2,4,2,4,2,1,2,2,2,1,2,2,1,2,2,2,2,3,2,2,2,2,2,1,1,1,2,2,0,0,0
2008,53,9,1,530366,1,10,1,2,1,2,3,2,3,2,1,2,2,2,2,2,2,2,2,2,1,2,2,2,2,2,2,2,1,2,2,0,0,0
2008,53,25,1,530367,1,10,1,2,1,2,6,2,1,2,2,2,1,2,2,1,2,2,1,2,1,2,2,2,2,2,2,2,1,2,2,0,0,0
2008,53,59,1,530368,1,10,1,2,2,2,3,2,3,1,1,2,2,2,2,2,2,2,2,2,3,2,2,2,2,1,2,2,1,2,2,0,0,0
2008,53,77,1,530369,1,10,1,2,4,2,5,2,1,2,1,2,1,2,2,1,2,2,1,2,2,2,2,2,2,2,2,2,1,1,2,1,1,1
2008,53,57,2,530370,1,10,1,2,1,2,3,2,3,1,1,2,3,2,1,2,2,2,2,2,1,2,2,2,2,2,1,1,1,2,2,0,0,0
2008,53,77,1,530371,1,10,1,2,1,1,5,1,3,2,2,2,2,2,2,2,2,2,2,2,1,2,2,2,2,2,1,1,2,2,2,0,0,0
2008,53,35,1,530372,1,10,1,2,1,2,3,2,3,1,1,2,3,1,2,2,2,2,1,2,3,2,2,2,2,2,1,1,1,1,2,0,0,0
2008,53,61,1,530373,1,10,2,2,1,2,4,2,1,2,1,2,1,2,2,2,2,2,2,2,3,2,2,1,1,2,2,1,2,2,2,0,0,0
2008,53,53,1,530374,1,10,2,2,1,2,4,2,1,1,1,2,1,1,2,2,2,1,2,2,3,2,2,2,2,2,2,2,2,2,2,0,0,0
2008,53,53,1,530375,1,10,2,2,1,1,4,1,4,2,2,2,2,2,1,2,2,2,2,2,3,1,1,1,1,2,1,1,2,1,2,0,0,0
2008,53,53,1,530376,1,10,2,2,1,2,5,2,1,2,1,2,1,2,1,1,2,2,2,2,1,2,2,2,2,2,2,2,2,2,2,0,0,0
2008,53,63,1,530377,1,10,1,2,4,2,3,2,1,1,1,2,1,2,2,2,2,2,1,2,1,2,2,2,2,2,2,2,1,2,1,0,0,0
2008,53,57,1,530378,1,10,1,2,1,2,3,2,3,1,2,2,2,2,1,1,2,2,2,2,3,2,2,2,2,2,1,1,1,2,2,0,0,0
2008,53,73,1,530379,1,10,1,2,1,1,3,1,4,2,1,2,2,2,1,2,2,2,2,2,3,2,2,2,2,2,2,2,2,2,2,0,0,0
2008,53,31,1,530380,1,10,1,2,1,1,5,1,4,1,1,2,2,1,2,2,2,2,2,2,1,2,2,2,2,2,2,2,2,2,2,0,0,0
2008,53,11,1,530381,1,10,2,2,1,2,6,2,2,2,1,2,1,2,1,1,2,2,2,2,1,2,2,2,2,2,2,2,2,1,2,0,0,0
2008,53,33,1,530382,1,10,2,2,4,2,3,2,1,2,1,2,1,2,2,1,2,2,2,2,2,2,2,2,2,2,2,2,1,2,2,0,0,0
2008,53,33,1,530383,1,10,2,2,4,1,4,1,1,2,2,2,1,2,1,1,2,2,2,2,1,2,2,2,2,2,2,2,2,2,2,0,0,0
2008,53,11,1,530385,1,10,2,2,4,2,6,2,1,2,2,2,1,2,1,1,2,2,2,2,1,2,2,2,2,2,2,2,1,2,2,0,0,0
2008,53,33,1,530386,1,10,2,2,1,1,3,1,4,1,1,2,2,2,2,2,2,2,2,2,3,2,2,2,2,2,2,2,2,1,2,0,0,0
2008,53,33,1,530387,1,10,2,2,4,1,6,1,1,2,1,1,1,2,2,1,2,2,2,2,3,2,2,2,2,2,1,1,2,2,2,0,0,0
2008,53,65,1,530388,1,10,1,2,1,2,3,2,3,2,2,2,3,2,2,2,2,2,1,2,3,1,1,1,1,1,1,1,1,2,2,0,0,0
2008,53,25,1,530389,1,10,1,2,1,1,3,1,4,1,2,2,2,2,2,1,2,2,2,2,3,1,1,1,1,2,2,1,2,2,2,0,0,0
2008,53,27,2,530390,1,10,1,2,4,2,5,2,1,2,1,2,1,2,2,1,2,2,1,2,1,2,2,2,2,2,2,2,1,2,2,0,0,0
2008,53,57,1,530391,1,10,1,2,1,1,3,1,2,1,1,2,3,2,2,2,2,2,2,2,3,2,2,2,2,2,2,2,2,2,2,0,0,0
2008,53,33,1,530392,1,10,2,2,1,2,3,2,1,1,1,2,1,2,2,2,1,2,2,2,3,2,2,2,2,2,2,2,2,2,2,1,0,1
2008,53,33,1,530393,1,10,1,2,1,2,3,2,1,2,1,2,1,2,2,2,2,2,1,2,1,2,2,2,2,2,2,2,2,2,2,0,0,0
2008,53,71,1,530394,1,10,2,2,1,1,4,1,1,1,1,2,1,2,2,2,1,2,2,2,3,2,2,2,2,2,2,2,2,1,2,0,0,0
2008,53,15,1,530395,1,10,1,2,4,2,5,2,1,2,2,2,1,2,2,1,2,2,1,2,1,2,2,2,2,2,2,2,1,2,2,0,0,0
2008,53,67,2,530397,1,10,1,1,1,2,1,2,3,1,1,2,2,1,2,2,2,2,2,2,3,2,2,2,2,2,2,2,1,1,2,0,0,0
2008,53,77,1,530398,1,10,1,2,1,2,5,2,1,2,2,2,1,2,2,2,1,2,2,2,3,2,2,2,2,2,2,2,2,2,2,1,0,1
2008,53,67,1,530399,1,10,2,1,1,2,1,2,3,2,1,2,3,2,2,2,2,2,2,2,1,2,2,2,2,1,2,2,2,1,2,0,0,0
2008,53,53,1,530400,1,10,1,2,1,2,3,2,1,2,1,2,1,2,2,2,2,2,2,2,3,2,2,2,2,2,2,2,2,2,2,0,0,0
2008,53,53,1,530401,1,10,2,2,1,1,3,1,4,1,1,2,3,2,2,2,2,2,2,2,3,2,2,2,2,1,2,2,2,2,2,0,0,0
2008,53,21,1,530402,1,10,1,2,4,2,5,2,1,1,2,2,1,2,2,2,2,2,1,2,1,2,2,2,2,2,2,2,1,2,2,0,0,0
2008,53,11,1,530403,1,10,1,2,1,2,6,2,1,2,1,2,1,2,2,2,2,2,1,2,2,2,2,1,1,2,2,1,1,2,2,0,0,0
2008,53,41,1,530404,1,10,1,2,1,1,3,1,4,1,1,2,2,2,2,2,2,2,2,2,3,2,2,2,2,1,2,2,2,1,2,0,0,0
2008,53,73,1,530405,1,10,1,2,4,2,5,2,1,2,1,2,1,2,2,1,2,2,2,2,3,2,2,2,2,2,2,2,1,1,2,0,0,0
2008,53,57,1,530406,1,10,1,2,4,2,3,2,1,1,1,2,1,2,2,2,2,2,2,2,1,2,2,2,2,2,2,2,1,1,2,0,0,0
2008,53,61,1,530407,1,10,1,2,1,2,3,2,3,2,2,2,2,2,2,1,2,2,1,2,1,2,2,2,2,2,2,2,1,2,2,0,0,0
2008,53,67,1,530408,1,10,1,2,1,2,4,2,2,1,1,2,2,2,2,1,2,2,2,2,3,2,2,2,2,2,1,1,1,2,2,0,0,0
2008,53,21,1,530409,1,10,1,2,1,2,5,2,1,2,1,2,1,2,2,1,2,2,1,2,2,2,2,2,2,2,1,1,1,2,2,0,0,0
2008,53,33,2,530410,1,10,2,1,1,2,1,2,3,1,1,2,3,2,2,2,2,2,1,2,3,2,2,2,2,2,2,2,1,1,2,0,0,0
2008,53,39,1,530411,1,10,1,2,1,1,3,1,4,1,2,2,2,2,2,2,2,2,2,2,3,2,2,2,2,1,2,2,2,2,2,0,0,0
2008,53,39,1,530412,1,10,1,2,2,2,3,2,1,1,1,2,1,1,2,2,2,2,1,2,2,2,2,2,2,2,2,2,1,2,2,0,0,0
2008,53,53,1,530413,1,10,1,2,4,2,3,2,1,2,2,2,1,2,2,1,2,2,1,2,1,2,2,2,2,2,1,1,1,2,2,0,0,0
2008,53,7,1,530414,1,10,1,2,2,2,3,2,1,1,1,2,1,2,2,1,2,2,1,2,2,2,2,2,2,2,2,2,1,2,2,0,0,0
2008,53,7,1,530415,1,10,1,2,1,1,3,1,4,1,1,2,2,1,2,2,2,2,2,2,3,2,2,2,2,1,1,1,2,2,2,0,0,0
2008,53,67,1,530416,1,10,2,1,2,2,1,2,1,2,1,2,1,1,2,2,2,2,2,2,2,2,2,2,2,2,2,2,1,2,2,0,0,0
2008,53,53,1,530417,1,10,2,2,1,2,2,2,3,1,1,2,3,1,2,2,2,2,1,2,3,2,2,2,2,2,2,2,1,2,2,0,0,0
2008,53,73,1,530418,1,10,1,2,4,2,3,2,1,1,1,2,1,2,1,1,2,2,2,2,2,2,2,2,2,2,2,2,1,2,2,0,0,0
2008,53,25,1,530419,1,10,1,1,4,2,1,2,1,1,2,2,1,2,1,2,2,2,2,2,2,2,2,2,2,2,2,2,1,1,2,0,0,0
2008,53,41,1,530420,1,10,1,2,1,2,3,2,3,1,1,2,2,1,2,2,2,2,2,2,2,2,2,2,2,2,2,2,2,2,2,0,0,0
2008,53,71,2,530421,1,10,1,2,1,1,3,1,4,2,2,2,2,1,2,2,2,2,1,2,2,1,1,1,1,2,2,1,2,2,2,0,0,0
2008,53,67,1,530422,1,10,1,2,4,2,6,2,1,2,1,2,1,2,2,1,2,2,1,2,1,2,2,2,2,2,2,2,1,2,2,0,0,0
2008,53,53,1,530423,1,10,2,2,1,1,5,1,4,1,1,2,2,2,2,2,2,2,2,2,3,2,2,2,2,1,2,2,2,1,2,0,0,0
2008,53,35,1,530424,1,10,1,2,4,2,5,2,1,1,2,2,1,2,2,2,2,2,2,2,1,2,2,2,2,2,2,2,1,1,2,0,0,0
2008,53,33,2,530425,1,10,1,2,4,2,5,2,1,1,1,2,1,2,2,1,2,2,2,2,2,1,1,1,1,2,2,1,1,2,2,0,0,0
2008,53,7,1,530426,1,10,1,2,4,2,3,2,1,2,2,2,1,2,2,2,2,2,2,2,1,2,2,2,2,2,2,2,1,1,2,0,0,0
2008,53,53,1,530427,1,10,2,2,4,2,4,2,1,2,1,2,1,2,2,2,2,2,2,2,1,2,2,2,2,2,2,2,1,2,2,0,0,0
2008,53,75,1,530428,1,10,1,2,1,2,3,2,3,1,1,2,2,2,2,2,2,2,2,2,3,2,2,2,2,2,2,2,1,1,2,0,0,0
2008,53,33,1,530430,1,10,2,2,1,1,3,1,1,1,1,2,1,2,2,2,2,1,2,2,3,2,2,2,2,2,2,2,2,2,2,0,0,0
2008,53,25,1,530431,1,10,1,2,4,2,5,2,1,2,2,2,1,2,2,1,2,2,1,2,1,2,2,2,2,2,2,2,1,2,1,0,0,0
2008,53,63,1,530432,1,10,1,2,1,2,6,2,5,2,2,2,2,2,2,2,2,2,2,2,1,2,2,2,2,2,2,2,2,2,2,0,0,0
2008,53,33,1,530433,1,10,2,2,4,2,2,2,1,2,1,2,1,2,2,2,2,2,2,2,1,2,2,2,2,2,2,2,1,2,2,0,0,0
2008,53,33,1,530434,1,10,2,2,1,1,4,1,4,2,1,2,2,2,2,2,2,2,2,2,3,2,2,2,2,2,2,2,2,2,2,0,0,0
2008,53,35,1,530435,1,10,2,2,1,1,4,1,4,2,2,2,2,2,1,2,2,2,2,2,1,2,2,2,2,1,2,2,2,2,2,0,0,0
2008,53,61,1,530436,1,10,2,2,4,2,6,2,1,1,1,2,1,2,2,2,1,2,2,2,3,2,2,2,2,2,2,2,1,2,2,0,0,0
2008,53,27,1,530437,1,10,1,3,1,2,7,2,1,1,1,2,1,2,2,1,2,2,1,2,1,2,2,2,2,2,2,2,1,2,2,0,0,0
2008,53,77,1,530438,1,10,1,2,1,2,6,2,1,1,2,1,1,2,2,1,2,2,1,2,3,2,2,2,2,2,1,1,1,2,2,1,0,1
2008,53,61,1,530439,1,10,2,2,1,1,4,1,4,2,2,2,2,2,1,1,2,2,2,2,1,1,1,1,1,2,2,1,2,2,2,0,0,0
2008,53,27,1,530441,1,10,1,2,4,2,5,2,1,2,2,2,1,2,2,1,2,2,2,2,1,2,2,2,2,2,1,1,1,2,2,0,0,0
2008,53,71,1,530442,1,10,2,2,1,1,4,1,2,1,2,2,1,2,2,2,2,2,1,2,2,2,2,2,2,1,2,2,2,1,2,0,0,0
2008,53,43,1,530443,1,10,1,2,1,2,3,2,4,1,1,2,2,2,2,1,2,2,2,2,3,2,2,2,2,2,2,2,1,2,2,0,0,0
2008,53,51,1,530444,1,10,1,2,4,2,3,2,1,1,1,2,1,2,2,2,2,2,1,2,2,2,2,2,2,2,2,2,1,1,2,0,0,0
2008,53,37,1,530445,1,10,1,2,1,2,3,2,3,1,1,2,2,2,2,1,2,2,2,2,3,2,2,2,2,2,2,2,1,2,2,0,0,0
2008,53,65,1,530446,1,10,1,2,4,2,5,2,1,2,2,2,1,2,2,1,2,2,2,2,1,2,2,2,2,2,2,2,1,2,2,0,0,0
2008,53,33,1,530447,1,10,2,2,1,1,3,1,1,1,2,2,1,2,2,2,1,2,2,2,3,2,2,2,2,2,1,1,2,2,2,0,0,0
2008,53,39,1,530448,1,10,1,2,1,2,3,2,4,1,2,2,2,2,2,2,2,2,2,2,3,2,2,2,2,2,2,2,1,2,2,0,0,0
2008,53,33,1,530449,1,10,2,2,4,2,4,2,1,2,2,2,1,2,2,2,2,2,2,2,2,2,2,2,2,2,2,2,1,2,2,0,0,0
2008,53,31,1,530450,1,10,1,2,4,2,3,2,1,1,2,2,1,2,2,2,2,2,2,2,3,2,2,2,2,2,2,2,1,1,2,0,0,0
2008,53,63,2,530451,1,10,1,2,1,2,5,2,4,1,1,2,2,2,2,1,2,2,2,2,2,2,2,1,1,2,2,1,1,2,2,0,0,0
2008,53,77,1,530452,1,10,1,2,1,1,6,1,4,1,1,1,2,2,2,1,2,2,2,2,3,1,1,1,1,2,1,1,2,2,2,1,0,1
2008,53,53,1,530453,1,10,2,2,1,1,5,1,4,2,2,1,2,2,2,1,2,2,2,2,3,1,1,1,1,2,1,1,2,2,2,0,0,0
2008,53,47,1,530454,1,10,1,2,4,2,6,2,1,1,2,2,1,1,2,1,2,2,1,2,2,2,2,2,2,1,2,2,1,2,2,0,0,0
2008,53,65,1,530455,1,10,1,2,1,2,3,2,3,1,1,2,3,1,2,2,2,2,2,2,3,2,2,2,2,1,2,2,1,2,2,0,0,0
2008,53,53,1,530456,1,10,2,2,4,2,3,2,1,2,2,2,1,2,2,1,2,2,2,2,1,2,2,2,2,2,2,2,1,2,2,0,0,0
2008,53,23,1,530458,1,10,1,2,1,2,3,2,3,1,1,2,3,1,2,2,2,2,2,2,3,2,2,2,2,1,2,2,2,2,2,0,0,0
2008,53,53,1,530459,1,10,1,2,1,2,4,2,3,2,2,2,2,2,2,2,2,2,2,2,2,2,2,2,2,2,2,2,1,1,2,0,0,0
2008,53,53,1,530460,1,10,2,2,4,2,3,2,1,2,1,2,1,2,2,2,2,2,2,2,3,2,2,2,2,2,2,2,2,1,2,0,0,0
2008,53,63,1,530461,1,10,2,2,4,2,4,2,1,1,2,2,1,2,2,2,2,2,2,2,2,2,2,2,2,1,2,2,2,1,2,0,0,0
2008,53,33,1,530462,1,10,1,2,1,2,5,2,3,2,2,2,2,2,2,2,2,2,2,2,2,1,1,1,1,2,2,1,1,1,2,0,0,0
2008,53,15,1,530463,1,10,1,1,1,2,1,2,1,1,1,2,1,2,2,1,2,2,1,2,3,2,2,2,2,2,2,2,1,2,2,0,0,0
2008,53,73,1,530464,1,10,1,2,1,1,3,1,4,1,1,2,2,2,2,2,2,2,2,2,1,2,2,2,2,1,2,2,2,2,2,0,0,0
2008,53,75,1,530465,1,10,1,2,1,2,3,2,4,1,2,2,2,2,2,1,2,2,2,2,2,2,2,2,2,2,2,2,1,2,2,0,0,0
2008,53,71,1,530466,1,10,1,2,1,2,3,2,1,2,2,2,1,1,2,2,2,2,1,2,2,2,2,2,2,2,2,2,1,1,2,0,0,0
2008,53,75,1,530467,1,10,1,2,4,1,3,1,1,1,2,2,1,2,2,2,2,2,2,2,2,2,2,2,2,1,2,2,2,2,2,0,0,0
2008,53,61,2,530468,1,10,2,2,4,2,6,2,1,2,2,2,1,2,2,1,2,2,2,2,1,2,2,2,2,2,2,2,1,2,2,0,0,0
2008,53,9,1,530469,1,10,1,2,2,2,3,2,1,1,1,2,1,2,2,1,2,2,1,2,2,2,2,2,2,2,2,2,1,2,2,0,0,0
2008,53,61,1,530470,1,10,2,2,1,2,5,2,1,1,2,2,1,2,2,2,1,2,2,2,3,2,2,2,2,2,2,2,2,2,2,0,0,0
2008,53,63,1,530471,1,10,1,2,1,1,3,1,4,1,1,2,2,2,2,2,2,2,2,2,3,2,2,2,2,1,2,2,2,2,2,0,0,0
2008,53,15,1,530472,1,10,2,1,2,2,1,2,1,1,1,2,1,1,2,1,2,2,2,2,2,2,2,2,2,2,2,2,1,2,2,0,0,0
2008,53,25,1,530473,1,10,2,2,2,2,2,2,1,2,2,2,1,2,2,2,2,2,1,2,1,2,2,2,2,2,2,2,1,2,2,0,0,0
2008,53,33,1,530474,1,10,2,2,1,1,4,1,1,1,1,2,1,2,2,2,2,1,2,2,2,2,2,2,2,1,2,2,2,1,2,0,0,0
2008,53,53,1,530475,1,10,2,2,1,2,4,2,1,2,1,1,1,2,2,2,1,2,2,2,3,2,2,2,2,2,1,1,2,2,2,0,0,0
2008,53,53,1,530476,1,10,2,2,1,2,3,2,1,2,2,1,1,2,2,2,1,2,2,2,3,2,2,2,2,2,2,2,2,2,2,0,0,0
2008,53,33,1,530477,1,10,2,2,1,2,5,2,1,2,2,2,1,2,2,2,1,2,2,2,2,1,1,1,1,2,2,1,2,1,2,0,0,0
2008,53,63,1,530478,1,10,2,2,1,2,4,2,3,1,2,2,2,2,2,1,2,2,2,2,3,1,1,1,1,2,2,1,1,2,2,0,0,0
2008,53,35,2,530479,1,10,2,2,1,2,6,2,4,1,1,2,2,2,2,2,2,2,2,2,2,2,2,2,2,2,2,2,1,2,2,0,0,0
2008,53,35,1,530480,1,10,1,2,1,2,3,2,1,2,1,2,1,2,1,1,2,2,2,2,2,2,2,2,2,2,2,2,1,2,2,0,0,0
2008,53,33,1,530481,1,10,2,2,1,1,6,1,4,2,2,2,2,2,2,1,2,2,2,2,1,2,2,2,2,2,1,1,2,2,2,0,0,0
2008,53,27,1,530482,1,10,1,2,1,2,3,2,4,1,2,2,2,2,2,1,2,2,2,2,3,2,2,2,2,2,1,1,1,2,2,0,0,0
2008,53,31,1,530483,1,10,1,2,4,2,3,2,1,1,1,2,1,2,2,2,2,2,2,2,2,2,2,2,2,1,2,2,1,1,1,0,0,0
2008,53,47,2,530484,1,10,1,2,1,2,3,2,4,1,1,2,3,2,2,2,2,2,2,2,1,2,2,2,2,1,2,2,1,1,2,0,0,0
2008,53,17,1,530485,1,10,1,3,1,2,7,2,1,1,2,2,1,2,2,1,2,2,2,2,2,2,2,2,2,2,1,1,2,2,2,0,0,0
2008,53,33,1,530486,1,10,2,2,1,2,4,2,1,1,1,2,1,2,1,2,2,2,2,2,2,2,2,2,2,2,2,2,2,1,2,0,0,0
2008,53,59,1,530487,1,10,1,2,4,2,3,2,1,2,1,2,1,2,2,1,2,2,1,2,1,2,2,2,2,2,2,2,1,2,2,0,0,0
2008,53,53,2,530488,1,10,1,2,1,1,5,1,4,1,1,2,2,2,2,2,2,2,2,2,3,2,2,2,2,1,1,1,2,1,2,0,0,0
2008,53,33,2,530489,1,10,2,2,4,2,4,2,1,2,1,2,1,2,2,1,2,2,1,2,1,2,2,2,2,2,1,1,1,2,2,0,0,0
2008,53,47,2,530490,1,10,1,3,2,2,7,2,1,2,1,2,1,2,2,1,2,2,1,2,3,2,2,2,2,2,2,2,1,2,2,1,1,1
2008,53,75,2,530493,1,10,1,2,4,2,4,2,1,1,1,2,1,2,2,1,2,2,1,2,2,1,1,1,1,2,2,1,1,1,2,0,0,0
2008,53,33,1,530494,1,10,2,2,1,1,5,1,4,2,1,1,2,2,1,2,2,2,2,2,3,2,2,2,2,2,2,2,2,2,2,0,0,0
2008,53,33,1,530495,1,10,2,2,4,2,3,2,1,2,1,2,1,2,2,2,2,2,1,2,1,2,2,2,2,2,2,2,1,2,2,0,0,0
2008,53,67,1,530496,1,10,2,2,4,2,4,2,1,2,1,2,1,2,2,1,2,2,2,2,1,2,2,2,2,2,2,2,1,2,2,0,0,0
2008,53,25,1,530497,1,10,2,2,1,2,4,2,1,1,1,2,1,2,2,2,1,2,2,2,2,2,2,2,2,2,2,2,2,2,2,0,0,0
2008,53,41,1,530498,1,10,1,2,1,2,6,2,1,2,1,2,1,2,2,2,2,2,2,2,3,1,1,1,1,2,2,1,2,2,2,0,0,0
2008,54,39,1,540001,1,3,2,2,1,1,3,1,4,1,1,2,2,2,2,2,2,2,2,2,3,2,2,2,2,2,1,1,2,2,2,0,0,0
2008,54,33,1,540002,1,3,2,2,4,2,4,2,1,1,1,2,1,2,2,1,2,2,1,2,2,2,2,2,2,2,1,1,1,2,1,0,0,0
2008,54,61,1,540003,1,3,1,2,4,2,4,2,1,1,1,2,1,2,2,2,2,2,2,2,3,2,2,2,2,2,2,2,1,2,2,0,0,0
2008,54,25,1,540004,1,3,1,1,2,2,1,2,1,1,1,2,2,2,2,2,2,2,2,2,3,2,2,2,2,2,1,1,2,2,2,0,0,0
2008,54,37,1,540005,1,3,1,2,4,2,6,2,1,2,2,2,1,2,2,2,2,2,1,2,3,2,2,2,2,2,2,2,1,2,2,0,0,0
2008,54,3,1,540006,1,3,2,1,3,2,1,2,1,2,2,2,1,2,2,2,2,2,1,2,2,2,2,1,1,2,2,1,1,2,2,0,0,0
2008,54,3,1,540007,1,3,1,2,4,2,5,2,1,1,1,2,1,2,2,2,2,2,2,2,2,2,2,2,2,1,2,2,1,2,2,0,0,0
2008,54,47,1,540008,1,3,1,2,2,2,3,2,1,3,1,2,2,1,2,2,2,2,2,2,3,2,2,2,2,2,2,2,1,2,2,0,0,0
2008,54,3,1,540009,1,3,1,1,1,2,1,2,1,1,1,2,3,1,2,2,2,2,2,2,3,2,2,1,1,2,2,1,2,2,2,0,0,0
2008,54,43,1,540010,1,3,1,2,1,2,4,2,3,1,1,2,2,2,2,2,2,2,2,2,3,2,2,2,2,1,2,2,1,2,2,0,0,0
2008,54,15,1,540011,1,3,1,2,4,2,5,2,1,2,1,2,1,2,2,2,2,2,1,2,1,2,2,2,2,2,2,2,1,2,2,0,0,0
2008,54,3,1,540012,1,3,2,1,4,2,1,2,1,1,1,2,2,1,2,2,2,2,1,2,3,2,2,2,2,1,2,2,1,1,1,0,0,0
2008,54,39,1,540013,1,3,2,2,1,2,4,2,3,1,1,2,3,2,2,2,2,2,2,2,3,2,2,2,2,2,1,1,1,2,2,0,0,0
2008,54,81,1,540014,1,3,1,2,4,2,5,2,1,1,1,2,1,2,2,2,2,2,2,2,2,2,2,2,2,1,2,2,1,2,2,0,0,0
2008,54,63,1,540015,1,3,1,2,2,2,3,2,1,2,2,2,1,2,2,2,2,2,1,2,3,2,2,2,2,2,2,2,1,2,2,0,0,0
2008,54,25,1,540016,1,3,1,2,2,2,3,2,1,1,2,2,1,2,2,2,2,2,2,2,3,1,1,1,1,2,2,1,1,2,1,0,0,0
2008,54,55,1,540017,1,3,2,2,2,2,5,2,1,2,2,2,1,2,2,1,2,2,1,2,1,1,1,1,1,2,2,1,1,2,2,0,0,0
2008,54,99,1,540018,1,3,1,2,4,2,5,2,1,3,1,2,1,2,2,2,2,2,2,2,2,2,2,2,2,2,2,2,1,2,2,0,0,0
2008,54,49,1,540019,1,3,2,2,1,2,4,2,5,1,1,2,3,1,2,2,1,2,2,2,3,2,2,2,2,2,1,1,1,2,2,0,0,0
2008,54,109,1,540020,1,3,1,2,4,2,4,2,1,2,1,2,1,2,2,2,2,2,2,2,2,2,2,2,2,2,2,2,1,2,2,0,0,0
2008,54,109,1,540021,1,3,1,2,2,2,4,2,1,2,1,2,1,2,2,2,2,2,1,2,3,2,2,2,2,2,2,2,1,2,2,0,0,0
2008,54,77,1,540022,1,3,1,1,4,2,1,2,1,2,2,2,1,2,2,1,2,2,1,2,1,2,2,2,2,2,1,1,1,2,2,0,0,0
2008,54,3,1,540023,1,3,2,1,4,2,1,2,1,2,2,2,1,2,2,2,2,2,2,2,1,2,2,2,2,2,2,2,1,2,2,0,0,0
2008,54,31,1,540024,1,3,1,2,1,2,5,2,3,1,1,2,2,1,2,1,2,2,2,2,3,2,2,1,1,2,1,1,1,2,2,0,0,0
2008,54,97,1,540025,1,3,1,2,1,2,3,2,4,1,1,2,2,2,2,2,2,2,1,2,3,2,2,2,2,2,2,2,2,2,2,0,0,0
2008,54,23,1,540026,1,3,1,2,4,2,4,2,1,2,1,2,1,2,2,2,2,2,1,2,2,2,2,1,1,2,2,1,1,2,1,0,0,0
2008,54,11,1,540027,1,3,2,2,4,2,6,2,1,1,1,2,1,2,2,2,2,2,2,2,1,2,2,2,2,2,2,2,1,2,2,0,0,0
2008,54,15,1,540028,1,3,1,2,2,2,5,2,1,1,1,2,1,1,2,1,2,2,1,2,3,2,2,2,2,2,2,2,1,2,2,0,0,0
2008,54,45,1,540029,1,3,1,2,2,2,4,2,1,2,2,2,1,2,2,2,2,2,2,2,2,2,2,2,2,2,2,2,1,2,2,0,0,0
2008,54,61,1,540030,1,3,2,2,2,2,4,2,1,2,2,2,1,2,2,2,2,2,2,2,2,2,2,2,2,2,2,2,1,2,2,0,0,0
2008,54,49,1,540031,1,3,2,2,4,2,5,2,1,2,1,2,1,2,2,2,2,2,1,2,2,2,2,2,2,2,2,2,1,2,2,0,0,0
2008,54,35,2,540032,1,3,1,1,1,2,1,2,4,1,1,2,2,1,2,2,2,2,2,2,3,2,2,2,2,2,2,2,1,2,2,0,0,0
2008,54,37,4,540033,1,3,1,2,1,2,3,2,3,1,1,2,2,1,2,1,2,2,2,2,3,2,2,2,2,2,2,2,1,2,2,0,0,0
2008,54,103,1,540034,1,3,2,2,3,2,2,2,1,1,1,2,1,2,2,2,2,2,2,2,2,2,2,2,2,2,2,2,1,2,2,0,0,0
2008,54,39,1,540035,1,3,1,1,1,2,1,2,1,2,1,2,1,1,2,2,1,2,2,2,3,2,2,2,2,2,2,2,2,2,2,0,0,0
2008,54,41,2,540036,1,3,1,1,1,2,1,2,5,1,1,2,2,1,2,2,2,2,1,2,3,2,2,2,2,2,2,2,2,2,1,0,0,0
2008,54,67,2,540037,1,3,1,2,1,2,4,2,3,2,2,2,2,1,2,2,2,2,2,2,1,2,2,2,2,2,1,1,1,2,2,0,0,0
2008,54,109,1,540038,1,3,1,2,4,2,6,2,1,3,3,2,1,2,2,2,2,2,1,2,1,2,2,2,2,1,2,2,1,2,2,0,0,0
2008,54,47,1,540039,1,3,1,2,4,2,5,2,1,3,2,2,1,2,2,2,2,2,1,2,1,2,2,2,2,2,2,2,1,2,2,0,0,0
2008,54,53,1,540040,1,3,1,2,1,2,4,2,2,1,1,2,3,2,2,2,2,2,2,2,3,2,2,2,2,2,1,1,1,2,2,0,0,0
2008,54,81,1,540041,1,3,1,2,2,2,5,2,1,3,1,2,1,2,2,2,2,2,1,2,2,2,2,2,2,2,1,1,1,2,2,0,0,0
2008,54,67,1,540042,1,3,1,2,1,2,5,2,1,1,2,2,1,2,2,2,2,2,1,2,2,2,2,2,2,1,2,2,1,2,2,0,0,0
2008,54,21,1,540043,1,3,1,2,4,2,4,2,1,1,2,2,1,2,2,2,2,2,1,2,3,2,2,2,2,1,2,2,1,2,2,0,0,0
2008,54,67,1,540044,1,3,1,2,2,2,4,2,1,2,2,2,1,2,2,1,2,2,2,2,1,2,2,2,2,2,2,2,1,2,2,0,0,0
2008,54,5,1,540045,1,3,1,2,1,2,3,2,2,2,1,2,2,1,2,1,2,2,2,2,3,2,2,2,2,2,1,1,2,2,2,0,0,0
2008,54,77,1,540046,1,3,1,2,4,2,5,2,1,2,2,2,1,2,2,1,2,2,1,2,2,2,2,2,2,2,2,2,1,2,2,0,0,0
2008,54,3,1,540047,1,3,1,2,2,2,3,2,1,1,2,2,3,2,2,2,2,2,2,2,3,2,2,2,2,2,2,2,1,2,2,0,0,0
2008,54,13,1,540048,1,3,1,2,1,2,5,2,3,2,2,2,2,2,2,2,2,2,2,2,3,1,1,1,1,2,2,1,1,2,2,0,0,0
2008,54,39,1,540049,1,3,2,2,1,2,3,2,4,2,2,2,2,2,2,2,2,2,2,2,1,2,2,2,2,2,2,2,2,2,2,0,0,0
2008,54,11,1,540050,1,3,1,2,4,2,4,2,1,3,2,2,1,2,2,1,2,2,2,2,1,2,2,2,2,2,2,2,1,2,2,0,0,0
2008,54,29,1,540051,1,3,2,2,1,1,4,1,4,1,2,2,2,2,2,2,2,2,2,2,1,2,2,2,2,1,2,2,2,2,2,0,0,0
2008,54,27,1,540052,1,3,1,2,4,2,5,2,1,2,1,2,1,2,2,2,2,2,2,2,2,2,2,2,2,2,2,2,1,2,2,0,0,0
2008,54,75,2,540053,1,3,1,2,1,2,3,2,4,2,1,2,2,2,2,1,2,2,2,2,1,2,2,2,2,2,2,2,1,2,2,0,0,0
2008,54,35,1,540054,1,3,1,2,2,2,6,2,1,2,1,2,1,2,2,1,2,2,1,2,2,1,1,1,1,2,2,1,1,2,2,0,0,0
2008,54,87,1,540055,1,3,1,2,2,2,5,2,1,3,2,2,1,2,2,2,2,2,2,2,1,2,2,2,2,2,2,2,1,2,2,0,0,0
2008,54,55,1,540056,1,3,1,1,1,2,1,2,2,1,1,2,2,1,2,2,2,2,2,2,3,2,2,2,2,2,2,2,2,2,2,0,0,0
2008,54,93,1,540057,1,3,1,2,2,2,3,2,1,2,2,2,1,2,2,2,2,2,2,2,1,2,2,2,2,2,2,2,1,2,2,0,0,0
2008,54,3,1,540058,1,3,2,2,2,2,6,2,1,2,2,2,1,2,2,1,2,2,2,2,1,2,2,2,2,2,2,2,1,2,2,0,0,0
2008,54,11,1,540059,1,3,2,2,2,1,6,1,1,2,2,2,1,2,2,2,2,2,2,2,1,2,2,2,2,2,2,2,2,2,2,0,0,0
2008,54,43,1,540060,1,3,1,2,2,2,6,2,1,1,1,2,1,2,2,1,2,2,1,2,2,1,1,1,1,2,2,1,1,2,2,0,0,0
2008,54,59,1,540061,1,3,1,2,1,1,3,1,4,1,1,2,2,2,2,2,2,2,2,2,3,2,2,2,2,2,2,2,2,2,2,0,0,0
2008,54,81,1,540062,1,3,1,2,2,2,4,2,1,1,1,2,1,2,2,1,2,1,2,2,3,2,2,2,2,2,2,2,1,2,2,0,0,0
2008,54,55,1,540063,1,3,1,2,4,2,5,2,1,2,1,2,1,2,2,2,2,2,1,2,2,2,2,2,2,2,1,1,1,2,2,0,0,0
2008,54,109,1,540064,1,3,1,2,1,2,3,2,3,3,3,2,2,2,2,2,2,2,2,2,3,2,2,2,2,2,2,2,1,2,2,0,0,0
2008,54,57,1,540065,1,3,1,2,4,2,5,2,1,1,1,2,1,2,2,1,2,2,1,2,1,2,2,2,2,2,2,2,1,2,2,0,0,0
2008,54,97,4,540066,1,3,1,2,4,2,5,2,1,3,2,2,1,2,2,1,2,2,1,2,1,1,1,1,1,2,2,1,1,2,2,0,0,0
2008,54,89,1,540067,1,3,1,1,2,2,1,2,1,1,1,2,1,2,2,2,2,2,1,2,2,2,2,2,2,2,1,1,1,2,1,0,0,0
2008,54,97,2,540069,1,3,2,2,1,2,4,2,3,1,1,2,2,2,2,1,2,2,2,2,2,1,1,1,1,2,2,1,1,2,2,0,0,0
2008,54,79,1,540070,1,3,1,2,4,2,5,2,1,1,1,2,1,2,2,2,2,2,1,2,2,1,1,1,1,2,2,1,1,2,2,0,0,0
2008,54,81,1,540071,1,3,2,2,1,1,3,1,1,2,2,2,1,2,2,2,1,2,2,2,3,2,2,2,2,2,1,1,2,2,2,0,0,0
2008,54,69,1,540072,1,3,2,2,4,1,4,1,1,2,1,2,1,2,2,1,2,2,1,2,1,2,2,2,2,2,1,1,1,2,2,0,0,0
2008,54,69,1,540073,1,3,2,2,4,2,6,2,1,3,3,2,1,1,2,1,2,2,1,2,2,2,2,2,2,2,2,2,1,2,2,0,0,0
2008,54,107,1,540074,1,3,1,1,1,1,1,1,4,1,1,2,2,2,2,2,2,2,2,2,3,2,2,2,2,1,2,2,2,2,2,0,0,0
2008,54,81,1,540075,1,3,1,2,4,2,5,2,1,1,1,2,1,2,2,2,2,2,2,2,2,1,1,1,1,2,2,1,1,2,2,0,0,0
2008,54,35,1,540076,1,3,1,2,1,1,5,1,4,2,2,2,2,2,1,2,2,2,2,2,3,1,1,1,1,2,2,1,2,2,2,0,0,0
2008,54,107,1,540077,1,3,2,1,4,2,1,2,1,1,1,2,1,2,2,2,2,2,1,2,1,2,2,2,2,2,2,2,1,2,2,0,0,0
2008,54,99,2,540078,1,3,1,2,4,2,5,2,1,1,1,2,1,2,2,1,2,2,1,2,2,1,1,1,1,2,2,1,1,2,2,0,0,0
2008,54,47,1,540079,1,3,1,2,1,1,3,1,3,2,2,2,2,2,2,2,2,2,2,2,3,2,2,2,2,2,2,2,2,2,2,0,0,0
2008,54,65,1,540080,1,3,1,2,2,2,3,2,1,2,2,2,1,2,2,1,2,2,1,2,1,2,2,2,2,2,2,2,1,2,2,0,0,0
2008,54,39,1,540081,1,3,2,1,1,2,1,2,3,2,2,2,2,2,2,2,2,2,2,2,3,2,2,2,2,1,2,2,2,2,2,0,0,0
2008,54,39,1,540082,1,3,2,2,2,2,4,2,1,1,2,2,1,2,1,2,2,2,2,2,2,2,2,2,2,2,2,2,1,2,2,0,0,0
2008,54,61,1,540083,1,3,1,2,1,1,5,1,3,2,2,2,2,2,2,2,2,2,2,2,1,2,2,2,2,2,2,2,2,2,2,0,0,0
2008,54,25,1,540084,1,3,1,2,4,2,3,2,1,2,1,2,1,2,2,2,2,2,2,2,1,2,2,2,2,2,2,2,1,2,2,0,0,0
2008,54,7,1,540085,1,3,1,1,1,2,1,2,1,1,1,2,1,2,1,2,2,2,2,2,2,2,2,2,2,2,2,2,1,2,2,0,0,0
2008,54,81,1,540086,1,3,1,1,1,2,1,2,1,1,1,2,1,1,2,2,1,2,2,2,3,2,2,2,2,2,2,2,2,2,2,0,0,0
2008,54,75,1,540087,1,3,1,2,2,2,4,2,1,1,1,2,1,2,2,2,2,2,1,2,2,2,2,2,2,1,2,2,1,2,2,0,0,0
2008,54,99,4,540088,1,3,2,2,1,2,5,2,3,2,1,2,2,2,2,2,2,2,2,2,1,2,2,2,2,2,2,2,1,2,2,0,0,0
2008,54,55,1,540089,1,3,2,2,1,1,2,1,2,1,1,2,3,1,2,2,2,2,2,2,3,2,2,2,2,1,2,2,2,2,2,0,0,0
2008,54,39,1,540090,1,3,2,2,4,1,3,1,1,2,1,2,1,2,2,2,2,2,1,2,2,2,2,2,2,2,2,2,1,2,2,0,0,0
2008,54,39,1,540091,1,3,2,2,3,2,2,2,1,2,1,2,1,2,2,2,2,2,1,2,2,2,2,2,2,2,2,2,1,2,2,0,0,0
2008,54,79,1,540092,1,3,1,2,4,2,5,2,1,3,2,2,1,2,2,2,2,2,2,2,2,2,2,2,2,2,2,2,1,2,2,0,0,0
2008,54,3,1,540093,1,3,2,2,2,2,4,2,1,1,1,2,1,2,1,2,2,2,2,2,3,2,2,2,2,1,2,2,1,2,2,0,0,0
2008,54,107,1,540094,1,3,2,2,2,2,2,2,1,2,2,2,1,2,2,2,2,2,2,2,1,2,2,2,2,2,2,2,1,2,2,0,0,0
2008,54,39,1,540095,1,3,1,2,1,2,6,2,4,1,1,2,2,2,2,2,2,2,2,2,3,1,1,1,1,2,2,1,1,2,2,0,0,0
2008,54,11,1,540096,1,3,2,2,2,2,2,2,1,2,1,2,1,2,2,2,2,2,2,2,3,2,2,2,2,2,2,2,1,2,2,0,0,0
2008,54,55,1,540097,1,3,1,2,4,2,5,2,1,2,2,2,1,2,1,2,2,2,2,2,1,2,2,2,2,2,1,1,1,2,2,0,0,0
2008,54,55,1,540098,1,3,1,2,1,1,3,1,4,2,1,2,2,2,1,1,2,2,1,2,1,2,2,2,2,2,2,2,2,2,2,0,0,0
2008,54,57,1,540099,1,3,1,2,2,2,6,2,1,1,1,2,1,2,1,2,2,2,2,2,3,2,2,2,2,2,2,2,1,2,2,0,0,0
2008,54,3,1,540100,1,3,1,2,2,2,6,2,1,1,1,2,1,2,2,2,2,2,2,2,3,2,2,2,2,2,2,2,1,2,2,0,0,0
2008,54,3,2,540101,1,3,1,2,1,2,3,2,3,1,1,2,2,2,2,2,2,2,2,2,3,2,2,2,2,2,2,2,1,2,2,0,0,0
2008,54,25,1,540102,1,3,2,2,4,2,2,2,1,2,2,2,1,2,2,2,2,2,2,2,2,2,2,2,2,2,2,2,1,2,2,0,0,0
2008,54,3,1,540103,1,3,2,2,1,2,3,2,2,1,2,2,2,2,1,2,2,2,2,2,3,2,2,2,2,2,1,1,2,2,2,0,0,0
2008,54,45,1,540104,1,3,1,2,1,1,3,1,4,1,2,2,2,1,2,2,2,2,2,2,3,2,2,2,2,2,2,2,2,2,2,0,0,0
2008,54,61,1,540105,1,3,2,2,4,2,4,2,1,2,2,2,1,2,2,2,2,2,1,2,1,2,2,1,1,2,2,1,1,2,2,0,0,0
2008,54,11,2,540106,1,3,2,1,1,2,1,3,2,2,1,2,3,1,2,2,2,2,2,2,3,2,2,2,2,2,2,2,2,1,2,0,0,0
2008,54,75,1,540107,1,3,1,2,4,2,5,2,1,2,2,2,1,2,2,2,2,2,2,2,3,1,1,1,1,2,2,1,1,2,1,0,0,0
2008,54,49,1,540108,1,3,1,2,1,2,4,2,1,3,1,2,2,2,2,2,2,2,1,2,3,2,2,2,2,2,1,1,1,2,2,0,0,0
2008,54,81,1,540109,1,3,2,2,1,2,4,2,4,2,1,2,2,2,1,2,2,2,2,2,3,2,2,2,2,2,2,2,1,2,2,0,0,0
2008,54,55,1,540110,1,3,1,2,1,2,3,2,1,2,1,2,2,1,2,2,2,2,2,2,3,2,2,2,2,2,1,1,2,2,2,0,0,0
2008,54,17,1,540111,1,3,1,2,1,2,5,2,1,2,1,2,1,2,1,2,2,2,2,2,1,2,2,2,2,2,2,2,2,2,2,0,0,0
2008,54,81,1,540112,1,3,2,2,1,1,4,1,4,1,1,2,2,2,2,2,2,2,2,2,3,2,2,2,2,1,2,2,2,2,2,0,0,0
2008,54,53,1,540113,1,3,1,2,4,2,5,2,1,1,1,2,1,2,2,1,2,2,1,2,2,2,2,2,2,2,1,1,1,2,2,0,0,0
2008,54,43,1,540114,1,3,1,2,4,2,4,2,1,1,2,2,1,2,2,2,2,2,1,2,2,2,2,2,2,2,2,2,1,2,2,0,0,0
2008,54,81,1,540115,1,3,1,2,4,2,5,2,1,2,2,2,1,2,2,1,2,2,1,2,1,2,2,2,2,2,1,1,1,2,2,0,0,0
2008,54,77,1,540116,1,3,1,2,1,2,4,2,1,2,1,2,1,1,2,1,2,2,1,2,3,2,2,2,2,2,2,2,1,2,2,0,0,0
2008,54,37,1,540117,1,3,1,2,4,2,6,2,1,2,1,2,1,2,2,1,2,2,1,2,2,2,2,1,1,2,2,1,1,2,2,0,0,0
2008,54,39,1,540118,1,3,2,1,4,2,1,2,1,2,1,2,1,2,2,2,2,2,1,2,3,2,2,2,2,2,2,2,1,2,1,0,0,0
2008,54,1,1,540119,1,3,2,2,2,2,6,2,1,1,1,2,1,2,2,2,2,2,2,2,2,2,2,2,2,2,2,2,1,2,2,0,0,0
2008,54,93,1,540120,1,3,1,2,2,2,6,2,1,2,2,2,1,2,2,2,2,2,2,2,1,2,2,2,2,2,2,2,1,2,2,0,0,0
2008,54,41,1,540121,1,3,2,1,1,1,1,1,4,1,1,2,2,2,2,2,2,2,2,2,3,2,2,2,2,2,1,1,2,2,2,0,0,0
2008,54,91,2,540122,1,3,1,2,1,2,4,2,3,2,1,2,3,1,2,1,2,2,1,2,3,2,2,2,2,1,2,2,1,2,2,0,0,0
2008,54,3,1,540123,1,3,1,2,1,2,5,2,3,1,1,2,2,2,2,2,2,2,2,2,3,1,1,1,1,1,2,1,1,1,2,0,0,0
2008,54,53,1,540124,1,3,1,2,1,2,3,2,2,1,2,2,2,2,1,2,2,2,2,2,3,2,2,2,2,1,2,2,2,2,2,0,0,0
2008,54,25,1,540125,1,3,1,2,1,2,5,2,1,2,2,2,1,2,2,2,1,2,2,2,2,2,2,2,2,2,1,1,2,2,2,0,0,0
2008,54,39,1,540126,1,3,2,2,2,2,4,2,1,1,2,2,1,2,2,2,2,2,2,2,3,2,2,2,2,1,2,2,1,2,2,0,0,0
2008,54,45,1,540127,1,3,1,2,1,2,5,2,1,2,1,2,1,2,2,2,1,2,2,2,2,2,2,2,2,2,2,2,2,2,2,0,0,0
2008,54,27,1,540128,1,3,1,2,1,2,5,2,3,2,2,2,2,1,2,2,2,2,2,2,3,2,2,2,2,2,2,2,1,2,2,0,0,0
2008,54,105,1,540129,1,3,1,2,4,2,5,2,1,2,2,2,1,2,2,2,2,2,1,2,2,2,2,2,2,2,2,2,1,1,2,0,0,0
2008,54,23,1,540130,1,3,1,2,1,2,5,2,1,2,2,2,1,2,2,2,1,2,2,2,3,1,1,1,1,2,2,1,2,1,2,0,0,0
2008,54,39,1,540131,1,3,1,2,1,2,5,2,4,1,2,2,2,2,2,1,2,2,2,2,3,1,1,1,1,2,2,1,2,2,2,0,0,0
2008,54,77,1,540132,1,3,1,2,4,2,6,2,1,1,1,2,1,2,2,1,2,2,1,2,3,1,1,1,1,2,2,1,1,2,2,0,0,0
2008,54,69,1,540133,1,3,2,2,2,2,5,2,1,1,1,2,1,2,2,2,2,2,1,2,2,2,2,2,2,1,2,2,1,2,2,0,0,0
2008,54,99,1,540134,1,3,1,2,1,1,5,1,4,2,1,2,2,2,1,2,2,2,2,2,3,2,2,2,2,1,2,2,2,2,2,0,0,0
2008,54,41,1,540135,1,3,1,2,2,2,6,2,1,2,1,2,1,2,2,2,2,2,2,2,2,2,2,2,2,1,2,2,1,2,2,0,0,0
2008,54,25,1,540137,1,3,1,1,1,2,1,2,3,1,1,2,2,2,2,2,2,2,2,2,3,2,2,2,2,1,2,2,1,2,2,0,0,0
2008,54,7,1,540138,1,3,1,1,1,2,1,2,4,2,2,2,2,1,2,2,2,2,2,2,1,2,2,2,2,2,2,2,2,2,2,0,0,0
2008,54,25,1,540139,1,3,1,2,4,2,6,2,1,1,1,2,1,2,2,2,2,2,1,2,1,2,2,2,2,2,2,2,1,2,2,0,0,0
2008,54,11,1,540140,1,3,1,2,4,2,6,2,1,1,2,2,1,2,2,1,2,2,1,2,3,2,2,2,2,2,1,1,1,2,2,0,0,0
2008,54,7,1,540141,1,3,1,2,1,2,5,2,3,2,1,2,2,2,2,2,2,2,2,2,3,2,2,2,2,1,2,2,1,2,2,0,0,0
2008,54,107,1,540142,1,3,2,2,1,2,3,3,4,1,1,2,2,2,2,2,2,2,2,2,3,2,2,2,2,1,2,2,2,2,2,0,0,0
2008,54,47,1,540143,1,3,1,2,1,2,3,2,4,2,2,2,2,2,1,2,2,2,2,2,3,2,2,2,2,2,2,2,1,2,2,0,0,0
2008,54,93,1,540144,1,3,1,2,2,2,5,2,1,2,2,2,1,2,2,1,2,2,1,2,2,2,2,2,2,2,2,2,1,2,2,0,0,0
2008,54,81,1,540145,1,3,2,2,2,2,6,2,1,1,1,2,1,2,2,1,2,2,2,2,2,2,2,2,2,2,2,2,1,2,2,0,0,0
2008,54,19,1,540146,1,3,2,2,1,1,3,1,4,1,1,2,2,1,2,2,2,2,2,2,3,2,2,2,2,1,2,2,2,2,2,0,0,0
2008,54,91,1,540147,1,3,1,2,2,2,5,2,1,2,1,2,1,2,2,1,2,2,1,2,1,1,1,1,1,2,2,1,1,2,2,0,0,0
2008,54,25,1,540148,1,3,1,2,1,2,3,2,1,1,1,2,1,2,2,1,2,2,1,2,2,1,1,1,1,2,2,1,1,2,2,0,0,0
2008,54,9,1,540149,1,3,2,2,1,2,2,2,3,1,1,2,2,2,2,2,2,2,2,2,3,2,2,1,1,1,2,1,1,2,2,0,0,0
2008,54,67,2,540150,1,3,1,2,1,1,3,1,4,1,2,2,2,2,1,2,2,2,2,2,3,2,2,2,2,2,2,2,2,2,2,0,0,0
2008,54,19,2,540151,1,3,1,2,1,2,5,2,4,2,1,2,2,2,2,2,2,2,2,2,3,2,2,2,2,2,2,2,1,2,2,0,0,0
2008,54,37,1,540152,1,3,1,2,1,2,3,2,4,2,1,2,2,2,1,2,2,2,2,1,3,2,2,2,2,2,1,1,1,2,2,0,0,0
2008,54,49,1,540153,1,3,2,2,1,2,4,2,3,2,1,2,2,2,2,1,2,2,2,2,3,1,1,1,1,1,2,1,1,2,2,0,0,0
2008,54,61,1,540154,1,3,2,2,1,1,3,1,4,1,2,2,2,2,1,2,2,2,2,2,3,2,2,2,2,2,2,2,2,2,2,0,0,0
2008,54,39,1,540155,1,3,2,1,4,2,1,3,1,1,2,2,1,2,1,2,2,2,2,2,2,2,2,2,2,2,2,2,1,2,2,0,0,0
2008,54,23,1,540156,1,3,1,2,2,2,4,2,1,2,2,2,1,2,2,1,2,2,1,2,1,2,2,2,2,2,2,2,1,2,2,0,0,0
2008,54,89,1,540157,1,3,1,2,2,2,4,2,1,2,1,2,1,2,1,2,2,2,2,2,3,2,2,2,2,2,1,1,1,2,2,0,0,0
2008,54,5,1,540158,1,3,1,2,1,2,3,2,2,1,1,2,2,2,2,1,2,2,1,2,3,2,2,2,2,1,2,2,1,2,2,0,0,0
2008,54,3,1,540159,1,3,2,2,1,2,4,2,4,2,1,2,2,2,2,2,2,2,2,2,1,2,2,2,2,2,2,2,2,2,2,0,0,0
2008,54,79,1,540160,1,3,2,1,1,2,1,2,1,1,1,2,1,2,2,2,2,2,1,2,3,2,2,2,2,2,2,2,2,2,2,0,0,0
2008,54,75,1,540161,1,3,1,2,1,2,5,2,1,2,2,2,1,2,1,2,2,2,2,2,2,2,2,2,2,2,2,2,2,2,2,0,0,0
2008,54,81,1,540162,1,3,2,1,3,2,1,2,1,2,2,2,1,2,2,2,2,2,1,2,1,2,2,2,2,2,2,2,1,2,2,0,0,0
2008,54,71,1,540163,1,3,1,2,2,2,5,2,1,2,1,2,1,2,2,2,2,2,2,2,1,2,2,2,2,2,1,1,1,2,2,0,0,0
2008,54,81,1,540164,1,3,1,2,2,2,6,2,1,1,1,2,1,2,2,2,2,2,2,2,1,1,1,1,1,2,2,1,1,1,2,0,0,0
2008,54,59,2,540165,1,3,1,2,2,2,3,2,1,1,1,2,1,2,2,2,2,2,1,2,2,2,2,2,2,2,2,2,1,2,2,0,0,0
2008,54,3,1,540166,1,3,1,2,1,2,3,3,4,1,1,2,2,2,2,2,2,2,2,2,3,2,2,2,2,1,2,2,2,2,2,0,0,0
2008,54,85,1,540167,1,3,1,2,1,2,5,2,3,1,2,2,2,2,2,2,2,2,2,2,3,2,2,2,2,1,2,2,1,2,2,0,0,0
2008,54,15,1,540168,1,3,1,2,2,2,5,2,1,2,1,2,1,2,2,1,2,2,2,2,2,2,2,2,2,2,2,2,1,2,2,0,0,0
2008,54,39,1,540169,1,3,2,2,4,2,6,2,1,2,1,2,1,2,1,1,2,2,2,2,1,2,2,2,2,2,2,2,1,2,2,0,0,0
2008,54,41,1,540170,1,3,1,2,4,2,4,2,1,1,2,2,1,2,1,2,2,2,2,2,1,2,2,2,2,2,2,2,1,2,2,0,0,0
2008,54,61,2,540171,1,3,2,1,1,2,1,2,3,2,2,2,2,2,2,2,2,2,2,2,1,2,2,2,2,2,2,2,1,2,2,0,0,0
2008,54,61,1,540172,1,3,2,1,1,2,1,3,2,1,1,2,2,2,2,2,2,2,2,2,3,2,2,2,2,2,2,2,2,2,2,0,0,0
2008,54,75,1,540173,1,3,1,2,2,2,6,2,1,1,1,2,1,2,2,2,2,2,2,2,2,2,2,2,2,1,2,2,1,2,2,0,0,0
2008,54,65,1,540174,1,3,1,2,2,2,6,2,1,2,1,2,1,2,2,2,2,2,2,2,1,2,2,1,1,2,2,1,1,2,2,0,0,0
2008,54,43,2,540175,1,3,1,2,4,2,6,2,1,2,1,2,1,2,2,1,2,2,2,2,1,2,2,2,2,2,1,1,1,2,2,0,0,0
2008,54,37,1,540176,1,3,1,2,1,2,5,2,3,2,1,2,2,2,2,1,2,2,2,2,3,2,2,2,2,1,2,2,1,2,2,0,0,0
2008,54,17,1,540177,1,3,1,2,2,2,3,2,1,2,2,2,1,2,2,2,2,2,1,2,3,2,2,2,2,1,2,2,1,2,2,0,0,0
2008,54,19,1,540178,1,3,1,2,2,2,4,2,1,2,2,2,1,2,2,2,2,2,1,2,3,2,2,2,2,1,2,2,1,2,2,0,0,0
2008,54,21,2,540179,1,3,1,2,4,2,6,2,1,2,2,2,1,2,2,1,2,2,2,2,1,2,2,2,2,2,2,2,1,2,2,0,0,0
2008,54,39,1,540180,1,3,2,1,2,2,1,2,1,1,1,2,1,1,2,1,2,2,1,2,2,2,2,2,2,1,2,2,2,2,2,0,0,0
2008,54,33,1,540181,1,3,1,2,2,2,5,2,1,1,1,2,1,2,2,1,2,2,1,2,2,2,2,2,2,2,2,2,1,2,2,0,0,0
2008,54,55,2,540182,1,3,1,2,1,2,3,2,3,1,1,2,2,2,2,2,2,2,2,2,2,2,2,2,2,2,2,2,1,2,2,0,0,0
2008,54,39,1,540183,1,3,1,2,2,2,6,2,1,2,2,1,1,2,2,1,2,2,1,2,3,2,2,2,2,2,2,2,1,2,2,0,0,0
2008,54,81,1,540184,1,3,2,2,1,1,3,1,3,1,2,2,3,2,1,2,2,2,2,2,3,2,2,2,2,2,2,2,2,2,2,0,0,0
2008,54,39,1,540185,1,3,2,2,1,2,4,2,3,2,1,2,2,1,2,1,2,2,2,2,1,1,2,1,2,2,2,2,2,2,2,0,0,0
2008,54,35,1,540186,1,3,1,2,4,1,6,1,1,1,1,2,1,2,1,1,2,2,2,2,1,2,2,2,2,2,2,2,2,2,2,0,0,0
2008,54,83,1,540187,1,3,1,2,1,2,4,2,1,1,2,2,1,2,1,2,2,2,2,2,2,2,2,2,2,2,2,2,2,2,2,0,0,0
2008,54,19,1,540188,1,3,1,2,2,2,5,2,1,1,2,2,1,2,2,2,2,2,2,2,1,2,2,2,2,2,1,1,1,2,2,0,0,0
2008,54,43,1,540189,1,3,1,2,1,2,5,2,3,2,2,2,2,2,2,2,2,2,2,2,1,1,1,1,1,2,2,1,2,2,2,0,0,0
2008,54,61,1,540190,1,3,1,2,1,2,3,2,2,1,2,2,2,2,2,1,2,2,1,2,3,2,2,2,2,1,2,2,2,2,2,0,0,0
2008,54,81,1,540191,1,3,2,1,3,2,1,2,1,2,1,2,1,2,2,2,2,2,1,2,1,2,2,2,2,2,2,2,1,2,2,0,0,0
2008,54,85,1,540192,1,3,1,2,1,2,3,3,5,1,1,2,2,1,2,2,2,2,2,2,3,2,2,2,2,2,2,2,2,2,2,0,0,0
2008,54,81,1,540193,1,3,2,2,4,2,5,2,1,1,1,2,1,2,1,2,2,2,2,2,2,2,2,2,2,2,2,2,1,2,2,0,0,0
2008,54,79,2,540194,1,3,2,2,2,2,4,2,1,2,1,2,1,2,2,2,2,2,1,2,1,2,2,2,2,2,2,2,1,2,2,0,0,0
2008,54,3,2,540195,1,3,2,1,1,2,1,2,5,2,1,2,3,2,2,2,2,2,2,2,1,2,2,2,2,1,2,2,2,2,2,0,0,0
2008,54,39,1,540196,1,3,1,2,4,2,5,2,1,2,1,2,1,2,2,2,2,2,1,2,1,2,2,2,2,2,2,2,1,2,2,0,0,0
2008,54,5,1,540197,1,3,1,2,4,2,5,2,1,2,2,2,1,2,2,1,2,2,1,2,1,1,1,1,1,2,2,1,1,2,2,0,0,0
2008,54,33,1,540198,1,3,1,2,4,2,5,2,1,2,2,2,1,2,1,2,2,2,2,2,1,2,2,2,2,2,2,2,1,2,2,0,0,0
2008,54,109,1,540199,1,3,1,2,4,2,3,2,1,1,1,2,1,2,2,2,2,2,2,2,2,2,2,2,2,1,2,2,1,2,2,0,0,0
2008,54,37,1,540200,1,3,2,2,1,2,2,2,1,2,2,2,1,2,2,2,1,2,2,2,3,2,2,2,2,2,2,2,2,2,2,0,0,0
2008,54,81,1,540201,1,3,3,3,4,2,7,2,1,1,1,2,1,2,2,2,2,2,1,2,2,2,2,2,2,2,2,2,1,2,2,0,0,0
2008,54,25,2,540202,1,3,1,1,2,2,1,2,1,1,2,2,1,2,2,2,2,2,1,2,3,2,2,2,2,2,2,2,1,2,2,0,0,0
2008,54,61,2,540203,1,3,2,2,1,2,3,2,3,2,1,2,2,2,1,1,2,2,2,2,1,2,2,2,2,2,1,1,1,2,2,0,0,0
2008,54,21,1,540204,1,3,1,2,1,2,5,2,1,2,1,2,1,2,2,2,2,2,1,2,1,2,2,2,2,2,2,2,1,2,2,0,0,0
2008,54,35,2,540205,1,3,1,2,4,2,5,2,1,2,1,2,1,2,2,2,2,2,1,2,2,2,2,2,2,2,2,2,1,2,2,0,0,0
2008,54,107,1,540206,1,3,2,2,4,2,3,2,1,2,1,2,1,2,2,1,2,2,2,2,1,2,2,2,2,2,2,2,1,2,2,0,0,0
2008,54,71,1,540207,1,3,1,2,4,2,4,2,1,1,2,2,1,2,1,2,2,2,2,2,2,2,2,2,2,2,1,1,1,2,2,0,0,0
2008,54,41,1,540208,1,3,1,2,1,1,5,1,1,1,1,2,1,2,1,1,2,2,2,2,2,2,2,2,2,2,2,2,2,2,2,0,0,0
2008,54,47,1,540209,1,3,1,2,4,2,5,2,1,1,1,2,1,2,2,2,2,2,1,2,2,2,2,2,2,2,2,2,1,2,2,0,0,0
2008,54,25,2,540210,1,3,1,1,1,2,1,2,2,2,1,2,2,2,1,1,2,2,2,2,2,1,1,1,1,1,2,1,1,2,2,0,0,0
2008,54,61,1,540211,1,3,1,2,2,2,6,2,1,2,1,2,1,2,2,1,2,2,2,2,2,1,1,1,1,2,2,1,1,2,2,0,0,0
2008,54,81,1,540212,1,3,2,2,1,1,3,1,2,1,1,2,2,2,2,2,2,2,2,2,3,2,2,2,2,1,2,2,2,2,2,0,0,0
2008,54,19,1,540213,1,3,2,2,2,2,6,2,1,2,2,2,1,2,2,2,2,2,1,2,1,2,2,2,2,2,1,1,2,2,2,0,0,0
2008,54,77,1,540214,1,3,1,2,1,2,6,2,1,1,2,2,1,2,2,1,2,2,2,2,2,2,2,2,2,2,1,1,1,2,2,0,0,0
2008,54,53,1,540215,1,3,1,2,1,2,6,2,1,2,2,2,1,2,2,2,2,2,1,2,1,2,2,2,2,1,2,2,1,2,2,0,0,0
2008,54,93,1,540216,1,3,1,2,2,2,5,2,1,2,2,2,1,2,2,1,2,2,1,2,1,2,2,2,2,2,2,2,1,2,2,0,0,0
2008,54,81,1,540217,1,3,2,1,1,2,1,2,3,2,2,2,3,2,1,2,2,2,2,2,3,2,2,2,2,2,2,2,2,2,2,0,0,0
2008,54,61,1,540218,1,3,1,1,2,2,1,2,1,1,1,2,1,2,2,2,2,2,1,2,3,2,2,2,2,2,2,2,1,2,2,0,0,0
2008,54,67,1,540219,1,3,1,2,1,1,3,1,4,1,1,2,2,2,2,2,2,2,1,2,3,2,2,2,2,2,2,2,2,2,2,0,0,0
2008,54,97,1,540220,1,3,2,2,1,2,4,2,1,2,1,1,1,2,2,2,2,1,2,2,1,2,2,2,2,2,1,1,1,2,2,0,0,0
2008,54,81,1,540221,1,3,1,2,4,2,4,2,1,2,1,2,1,2,2,1,2,2,1,2,2,1,1,1,1,2,2,1,1,2,2,0,0,0
2008,54,69,1,540222,1,3,2,1,2,2,1,2,1,1,1,2,1,2,2,2,2,2,1,2,2,2,2,2,2,2,2,2,1,2,2,0,0,0
2008,54,45,1,540224,1,3,1,2,2,2,5,2,2,1,1,2,1,2,2,2,1,2,2,2,2,2,2,2,2,1,2,2,1,2,2,0,0,0
2008,54,103,1,540225,1,3,1,2,4,2,6,2,1,1,1,2,1,2,1,2,2,2,2,2,2,1,1,1,1,2,2,1,1,2,2,0,0,0
2008,54,19,3,540226,1,3,1,2,2,2,5,2,1,2,1,2,1,2,2,1,2,2,1,2,2,2,2,2,2,2,2,2,1,2,2,0,0,0
2008,54,55,1,540227,1,3,1,1,1,2,1,2,1,1,1,2,1,2,2,1,2,2,1,2,1,2,2,2,2,2,2,2,1,2,2,0,0,0
2008,54,33,1,540228,1,3,2,2,1,2,4,3,4,1,1,2,2,2,1,2,2,2,2,2,3,2,2,2,2,1,2,2,2,2,2,0,0,0
2008,54,79,1,540229,1,3,2,2,4,2,4,2,1,1,1,2,1,2,2,2,2,2,1,2,2,2,2,2,2,1,2,2,1,2,2,0,0,0
2008,54,19,1,540230,1,3,2,2,2,2,4,2,1,2,1,1,1,2,2,2,2,2,2,2,1,2,2,2,2,2,1,1,1,2,2,0,0,0
2008,54,109,1,540231,1,3,1,2,1,2,6,2,3,1,1,2,2,2,1,2,2,2,2,2,3,2,2,2,2,2,2,2,1,2,2,0,0,0
2008,54,89,1,540232,1,3,1,2,4,2,6,2,1,3,2,2,1,2,2,1,2,2,1,2,1,1,1,1,1,2,2,1,1,2,2,0,0,0
2008,54,3,1,540233,1,3,1,1,3,2,1,2,1,1,1,2,2,2,2,2,2,2,1,2,3,2,2,2,2,1,2,2,1,2,2,0,0,0
2008,54,19,1,540234,1,3,1,2,1,2,4,2,1,1,1,2,1,2,2,2,1,2,2,2,3,2,2,2,2,2,2,2,2,2,2,0,0,0
2008,54,7,1,540235,1,3,1,2,1,2,5,2,1,1,1,2,1,2,2,2,1,2,2,2,1,2,2,2,2,2,2,2,2,2,2,0,0,0
2008,54,35,1,540237,1,3,1,1,1,2,1,2,5,2,2,2,2,2,1,2,2,2,1,2,3,2,2,2,2,2,2,2,2,2,2,0,0,0
2008,54,43,1,540238,1,3,1,2,1,2,5,2,3,1,2,2,2,1,2,2,2,2,2,2,3,2,2,2,2,2,2,2,1,2,2,0,0,0
2008,54,53,1,540239,1,3,1,2,4,2,5,2,1,2,2,2,1,2,1,2,2,2,2,2,1,2,2,2,2,2,2,2,1,2,2,0,0,0
2008,54,5,1,540240,1,3,1,2,1,2,5,2,2,2,1,2,2,2,1,2,2,2,2,2,1,2,2,1,1,2,1,1,2,2,2,0,0,0
2008,54,61,1,540241,1,3,2,2,1,2,3,2,2,1,1,2,2,2,2,2,2,2,2,2,3,2,2,2,2,2,2,2,2,2,2,0,0,0
2008,54,69,2,540243,1,3,2,2,4,2,3,2,1,1,1,2,1,2,2,2,2,2,1,2,2,2,2,2,2,2,2,2,1,2,2,0,0,0
2008,54,57,1,540244,1,3,1,2,1,2,4,2,3,1,1,2,2,2,1,1,2,2,2,2,3,2,2,2,2,2,2,2,1,2,2,0,0,0
2008,54,97,1,540245,1,3,1,2,2,2,5,2,1,2,1,2,1,2,2,2,2,2,2,2,1,2,2,2,2,2,2,2,1,2,2,0,0,0
2008,54,53,2,540246,1,3,1,2,1,2,4,2,3,1,1,2,2,1,2,2,2,2,2,2,3,2,2,2,2,2,2,2,1,2,2,0,0,0
2008,54,59,1,540247,1,3,1,2,4,2,5,2,1,2,1,2,1,2,2,2,2,2,1,2,3,2,2,2,2,2,1,1,1,2,2,0,0,0
2008,54,81,1,540248,1,3,1,1,2,2,1,2,1,1,2,2,1,2,2,2,2,2,1,2,2,2,2,2,2,2,2,2,1,2,2,0,0,0
2008,54,59,1,540249,1,3,1,2,4,2,5,2,1,1,2,2,1,2,1,2,2,2,2,2,1,2,2,2,2,2,2,2,1,2,2,0,0,0
2008,54,5,1,540250,1,3,1,2,2,2,5,2,1,2,1,2,1,2,2,2,2,2,2,2,2,2,2,2,2,1,2,2,1,2,2,0,0,0
2008,54,51,1,540251,1,3,2,2,1,2,5,2,3,2,2,2,2,2,1,1,2,2,2,2,1,2,2,2,2,2,2,2,1,2,2,0,0,0
2008,54,25,1,540252,1,3,1,2,4,2,4,2,1,2,2,2,1,2,2,2,2,2,1,2,1,2,2,2,2,2,2,2,1,2,2,0,0,0
2008,54,89,1,540253,1,3,1,2,2,2,4,2,1,2,2,2,1,2,2,2,2,2,1,2,1,2,2,2,2,2,2,2,1,2,2,0,0,0
2008,54,61,1,540254,1,3,1,2,2,2,5,2,1,1,2,2,1,2,1,2,2,2,2,2,2,2,2,2,2,2,2,2,1,2,2,0,0,0
2008,54,27,1,540255,1,3,1,2,2,2,5,2,1,1,2,2,1,2,1,2,2,2,2,2,2,2,2,2,2,2,2,2,1,2,2,0,0,0
2008,54,37,1,540256,1,3,1,2,4,2,3,2,1,2,2,2,1,2,2,1,2,2,1,2,1,2,2,2,2,2,1,1,1,2,2,0,0,0
2008,54,99,1,540257,1,3,2,2,2,2,5,2,1,2,2,2,1,2,1,2,2,2,2,2,1,2,2,2,2,2,2,2,1,2,2,0,0,0
2008,54,7,1,540258,1,3,1,1,3,2,1,2,1,2,1,2,1,2,2,2,2,2,1,2,2,2,2,2,2,2,2,2,1,2,2,0,0,0
2008,54,19,1,540259,1,3,1,2,1,2,5,2,3,1,1,2,2,2,2,2,2,2,2,2,3,2,2,2,2,2,2,2,1,2,2,0,0,0
2008,54,45,1,540260,1,3,1,2,2,2,5,2,1,1,1,2,1,2,2,1,2,2,2,2,2,2,2,2,2,2,2,2,1,2,2,0,0,0
2008,54,61,1,540261,1,3,1,2,1,2,6,2,3,1,1,2,2,2,1,2,2,2,2,2,3,2,2,2,2,2,2,2,1,2,2,0,0,0
2008,54,65,1,540262,1,3,1,2,2,2,5,2,1,2,2,2,1,2,2,2,2,2,1,2,2,2,2,2,2,2,2,2,1,2,2,0,0,0
2008,54,61,1,540263,1,3,1,2,2,2,5,2,1,2,1,2,1,2,2,2,2,2,1,2,1,2,2,2,2,2,2,2,1,2,2,0,0,0
2008,54,65,1,540264,1,3,3,3,2,2,7,2,1,1,1,2,1,2,2,2,2,2,1,2,2,2,2,2,2,1,2,2,1,2,2,0,0,0
2008,54,77,2,540265,1,3,1,1,2,2,1,2,1,2,1,2,1,2,2,2,2,2,1,2,1,2,2,2,2,2,2,2,1,2,2,0,0,0
2008,54,39,1,540266,1,3,2,2,4,2,3,2,1,2,2,2,1,2,2,2,2,2,2,2,2,1,1,1,1,2,2,1,1,2,2,0,0,0
2008,54,41,1,540267,1,3,1,2,2,2,5,2,1,1,1,2,1,2,2,1,2,2,2,2,2,2,2,2,2,2,2,2,1,2,2,0,0,0
2008,54,103,1,540268,1,3,2,2,2,2,4,2,1,1,2,2,1,2,1,2,2,2,2,2,2,2,2,2,2,1,2,2,1,2,2,0,0,0
2008,54,77,1,540269,1,3,1,2,4,2,4,2,1,1,1,2,1,2,2,1,2,2,2,2,1,2,2,2,2,2,2,2,1,2,2,0,0,0
2008,54,47,1,540270,1,3,1,2,1,2,3,2,3,2,2,2,2,2,2,2,2,2,2,2,3,2,2,2,2,2,2,2,1,2,2,0,0,0
2008,54,71,1,540271,1,3,1,2,4,2,4,2,1,1,2,2,1,2,1,2,2,2,2,2,2,2,2,2,2,2,2,2,1,2,2,0,0,0
2008,54,11,1,540272,1,3,1,2,1,1,4,1,4,1,1,2,2,2,2,2,2,2,2,2,3,2,2,2,2,1,2,2,2,2,2,0,0,0
2008,54,65,1,540273,1,3,1,2,4,2,5,2,1,2,2,2,1,2,2,2,2,2,2,2,1,2,2,2,2,2,2,2,1,2,2,0,0,0
2008,54,45,1,540274,1,3,2,2,6,2,5,2,1,1,1,2,1,2,2,2,2,2,2,2,2,2,2,2,2,2,2,2,2,2,2,0,0,0
2008,54,19,1,540275,1,3,2,2,1,2,3,2,1,2,1,2,1,2,2,2,2,2,1,2,1,2,2,2,2,2,2,2,1,2,2,0,0,0
2008,54,61,1,540276,1,3,2,2,1,2,4,2,4,2,2,2,3,2,2,2,2,2,2,2,1,2,2,2,2,2,1,1,1,2,2,0,0,0
2008,54,17,2,540277,1,3,1,2,1,1,3,1,4,1,1,2,2,2,2,2,2,2,2,2,3,2,2,2,2,2,2,2,2,2,2,0,0,0
2008,54,67,1,540278,1,3,1,2,1,1,4,1,4,2,2,2,2,2,2,1,2,2,2,2,3,2,2,2,2,2,2,2,1,2,2,0,0,0
2008,54,23,1,540279,1,3,1,2,2,2,4,2,1,2,2,2,1,2,2,2,2,2,2,2,2,2,2,2,2,1,2,2,1,2,2,0,0,0
2008,54,45,1,540280,1,3,1,2,1,2,4,2,3,1,1,2,2,2,1,2,2,2,2,2,3,2,2,2,2,2,1,1,1,2,2,0,0,0
2008,54,107,1,540281,1,3,1,1,3,2,1,2,1,2,1,2,1,1,2,2,2,2,1,2,2,2,2,2,2,2,2,2,1,2,2,0,0,0
2008,54,19,1,540282,1,3,2,2,1,1,3,1,4,1,1,2,2,2,1,2,2,2,2,2,3,2,2,2,2,2,2,2,2,2,2,0,0,0
2008,54,109,1,540283,1,3,1,2,4,2,3,2,1,1,2,2,1,2,2,2,2,2,1,2,2,2,2,2,2,2,2,2,1,2,2,0,0,0
2008,54,95,1,540284,1,3,1,2,2,2,6,2,1,2,2,2,1,2,2,2,2,2,2,2,1,2,2,2,2,2,2,2,1,2,2,0,0,0
2008,54,35,1,540285,1,3,1,1,3,2,1,2,1,2,2,2,1,2,2,2,2,2,1,2,2,2,2,2,2,2,2,2,1,2,2,0,0,0
2008,54,61,1,540286,1,3,2,2,1,1,3,1,1,2,2,2,1,2,2,2,1,2,2,2,3,2,2,2,2,2,2,2,2,2,2,0,0,0
2008,54,55,1,540287,1,3,2,2,4,2,4,2,1,1,1,2,1,2,2,1,2,2,2,2,2,2,2,2,2,2,1,1,1,2,2,0,0,0
2008,54,3,1,540288,1,3,1,2,4,2,3,2,1,2,1,2,1,2,2,1,2,2,1,2,1,2,2,2,2,2,1,1,1,2,2,0,0,0
2008,54,81,1,540289,1,3,2,2,4,2,5,2,1,2,1,2,1,2,2,1,2,2,2,2,1,2,2,2,2,2,2,2,1,2,2,0,0,0
2008,54,37,1,540290,1,3,2,2,2,2,3,2,1,1,1,2,2,2,2,2,2,2,1,2,3,2,2,2,2,1,2,2,1,2,2,0,0,0
2008,54,45,1,540291,1,3,1,2,2,2,4,2,1,2,1,2,1,2,2,2,2,2,2,2,3,2,2,2,2,2,2,2,1,2,2,0,0,0
2008,54,55,1,540292,1,3,1,2,4,2,3,2,1,1,1,2,1,2,2,2,2,2,2,2,2,2,2,2,2,2,2,2,1,2,2,0,0,0
2008,54,39,1,540293,1,3,1,2,2,2,6,2,1,2,2,2,1,2,2,2,2,2,2,2,3,2,2,2,2,2,1,1,1,2,2,0,0,0
2008,54,81,1,540294,1,3,2,2,4,2,5,2,1,2,2,2,1,2,2,1,2,2,1,2,1,2,2,2,2,2,1,1,1,2,2,0,0,0
2008,54,1,1,540295,1,3,1,2,4,2,6,2,1,2,1,2,1,2,2,2,2,2,1,2,3,2,2,2,2,2,2,2,1,2,2,0,0,0
2008,54,35,1,540296,1,3,1,1,1,2,1,2,3,1,1,2,2,1,2,2,2,2,2,2,3,2,2,2,2,2,2,2,1,2,2,0,0,0
2008,54,39,1,540297,1,3,2,2,1,2,3,2,3,2,1,2,2,1,2,2,2,2,2,2,3,2,2,2,2,2,2,2,1,2,2,0,0,0
2008,54,15,1,540298,1,3,1,2,1,2,5,2,6,1,1,2,3,1,2,2,2,2,2,2,3,2,2,2,2,2,2,2,2,2,2,0,0,0
2008,54,99,1,540299,1,3,1,2,4,2,6,2,1,1,1,2,1,2,2,2,2,2,2,2,2,2,2,2,2,2,2,2,1,2,2,0,0,0
2008,54,61,1,540300,1,3,1,2,1,2,3,2,3,1,1,2,2,2,2,2,2,2,2,2,3,2,2,2,2,1,2,2,1,2,2,0,0,0
2008,54,77,1,540301,1,3,1,2,4,2,5,2,1,2,2,2,1,2,2,2,2,2,2,2,1,2,2,2,2,2,2,2,1,2,2,0,0,0
2008,54,45,1,540302,1,3,1,2,6,2,5,2,1,1,2,2,1,2,2,2,2,2,1,2,2,2,2,2,2,2,2,2,1,2,2,0,0,0
2008,54,99,1,540303,1,3,2,2,4,2,6,2,1,1,2,2,1,2,2,2,2,2,2,2,3,1,1,1,1,2,2,1,1,2,2,0,0,0
2008,54,95,1,540304,1,3,1,2,4,2,5,2,1,2,2,2,1,2,2,1,2,2,2,2,1,2,2,2,2,2,2,2,1,2,2,0,0,0
2008,54,51,2,540305,1,3,1,2,1,2,3,2,3,1,1,2,2,2,2,2,2,2,2,2,2,2,2,2,2,1,2,2,1,2,1,0,0,0
2008,54,75,1,540306,1,3,3,3,4,2,7,2,1,1,1,2,1,2,2,2,2,2,1,2,3,2,2,2,2,2,2,2,2,2,2,0,0,0
2008,54,57,1,540307,1,3,1,2,2,2,5,2,1,2,1,2,1,2,2,1,2,2,2,2,1,2,2,2,2,2,2,2,1,2,2,0,0,0
2008,54,99,2,540308,1,3,1,2,4,2,5,3,1,2,1,2,1,2,2,2,2,2,2,2,2,2,2,2,2,2,2,2,2,2,2,0,0,0
2008,54,81,1,540309,1,3,2,2,2,2,5,2,1,2,1,2,1,2,2,2,2,2,1,2,3,2,2,2,2,2,2,2,1,1,2,0,0,0
2008,54,53,1,540310,1,3,1,2,1,2,3,2,5,1,1,2,2,1,2,1,2,2,2,2,3,2,2,2,2,2,2,2,1,2,2,0,0,0
2008,54,19,1,540311,1,3,2,2,2,2,4,2,1,2,1,2,1,2,2,2,2,2,1,2,1,2,2,2,2,2,2,2,1,2,2,0,0,0
2008,54,39,1,540312,1,3,1,1,4,2,1,2,1,1,1,2,1,2,2,2,2,2,1,2,2,2,2,2,2,2,1,1,1,2,2,0,0,0
2008,54,33,1,540313,1,3,1,2,1,2,4,2,3,1,2,2,2,2,2,1,2,2,2,2,3,2,2,2,2,1,2,2,1,2,2,0,0,0
2008,54,75,1,540314,1,3,1,2,4,2,5,2,1,1,2,2,1,2,2,2,2,2,1,2,1,2,2,2,2,2,2,2,1,2,2,0,0,0
2008,54,33,1,540315,1,3,2,2,2,2,3,2,1,2,1,2,1,2,2,2,2,2,1,2,1,2,2,2,2,2,1,1,1,2,2,0,0,0
2008,54,55,1,540316,1,3,2,2,1,2,3,2,1,2,2,2,1,2,2,2,2,2,1,2,1,2,2,2,2,2,2,2,1,2,2,0,0,0
2008,54,61,2,540317,1,3,2,2,4,2,5,2,1,2,2,2,1,2,2,1,2,2,2,2,3,2,2,2,2,2,2,2,1,2,2,0,0,0
2008,54,39,1,540318,1,3,2,2,1,2,4,2,4,1,2,2,3,2,2,2,2,2,2,2,3,2,2,2,2,1,1,1,1,2,2,0,0,0
2008,54,91,1,540319,1,3,1,2,1,2,6,2,1,1,1,2,1,2,2,2,2,2,2,2,2,2,2,2,2,1,2,2,2,2,2,0,0,0
2008,54,15,1,540320,1,3,1,2,2,2,5,2,1,2,2,2,1,2,2,2,2,2,1,2,1,2,2,2,2,2,2,2,1,2,2,0,0,0
2008,54,77,1,540321,1,3,1,2,4,2,4,2,1,2,2,2,1,2,2,1,2,2,2,2,1,2,2,2,2,2,1,1,1,2,2,0,0,0
2008,54,19,2,540322,1,3,1,2,4,2,4,2,1,1,1,2,1,2,2,2,2,2,2,2,1,2,2,2,2,1,2,2,1,2,2,0,0,0
2008,54,15,1,540323,1,3,1,2,2,1,5,1,1,2,2,2,1,2,2,2,2,2,2,2,1,2,2,2,2,2,2,2,2,2,2,0,0,0
2008,54,3,1,540324,1,3,2,2,1,1,3,1,4,1,1,2,2,1,2,2,2,2,2,2,3,2,2,2,2,2,2,2,2,2,2,0,0,0
2008,54,61,1,540325,1,3,1,2,1,2,3,2,1,2,2,2,2,2,1,2,2,2,2,2,1,2,2,2,2,2,2,2,2,2,2,0,0,0
2008,54,33,1,540326,1,3,2,2,1,1,4,1,4,1,2,2,2,2,2,2,2,2,2,2,3,1,1,1,1,2,2,1,2,2,2,0,0,0
2008,54,51,1,540327,1,3,1,2,4,2,5,2,1,2,1,2,1,2,2,2,2,2,1,2,1,2,2,2,2,1,2,2,1,2,2,0,0,0
2008,54,37,1,540328,1,3,2,2,1,2,3,2,1,1,2,2,1,2,2,2,1,2,2,2,3,2,2,2,2,2,2,2,2,2,2,0,0,0
2008,54,1,1,540329,1,3,1,2,3,2,3,2,1,2,1,2,1,2,2,2,2,2,1,2,1,2,2,2,2,1,2,2,1,2,2,0,0,0
2008,54,43,1,540330,1,3,1,2,4,2,5,2,1,2,1,2,1,2,2,2,2,2,1,2,3,2,2,2,2,2,1,1,1,2,2,0,0,0
2008,54,25,1,540331,1,3,1,2,4,2,5,2,1,2,1,2,1,2,2,2,2,2,2,2,2,1,1,1,1,2,2,1,1,2,2,0,0,0
2008,54,81,1,540332,1,3,1,1,4,2,1,2,1,1,1,2,1,2,2,2,2,2,2,2,3,2,2,2,2,2,2,2,1,2,2,0,0,0
2008,54,39,1,540333,1,3,2,2,1,2,3,2,1,2,1,1,1,2,2,2,1,2,2,2,3,2,2,2,2,2,2,2,2,2,2,0,0,0
2008,54,47,1,540334,1,3,1,2,2,2,6,2,1,2,2,2,1,2,2,2,2,2,2,2,1,2,2,2,2,2,2,2,1,2,2,0,0,0
2008,54,33,1,540335,1,3,2,2,4,2,5,2,1,2,2,2,1,2,1,2,2,2,2,2,1,2,2,2,2,2,2,2,1,2,2,0,0,0
2008,54,3,1,540336,1,3,2,1,1,2,1,2,2,2,2,2,3,1,2,1,2,2,2,2,1,2,2,2,2,2,2,2,2,2,2,0,0,0
2008,54,109,1,540337,1,3,1,2,1,1,3,1,4,1,1,2,2,1,2,2,2,2,2,2,3,2,2,2,2,1,2,2,2,2,2,0,0,0
2008,54,71,1,540338,1,3,1,2,4,2,4,2,1,1,1,2,1,2,2,1,2,2,1,2,3,2,2,2,2,1,2,2,1,2,2,0,0,0
2008,54,59,1,540339,1,3,1,2,1,2,5,2,5,2,1,2,2,1,2,2,2,2,2,2,1,2,2,2,2,2,2,2,2,2,2,0,0,0
2008,54,39,1,540340,1,3,1,2,1,2,6,2,1,1,1,2,1,2,2,2,2,2,2,2,3,2,2,2,2,2,1,1,2,2,2,0,0,0
2008,54,5,1,540341,1,3,1,2,2,2,4,2,1,2,1,2,1,2,2,2,2,2,2,2,1,2,2,2,2,2,1,1,1,2,2,0,0,0
2008,54,33,1,540342,1,3,1,1,1,2,1,2,4,1,1,2,3,2,2,2,2,2,2,2,3,2,2,2,2,1,2,2,1,2,2,0,0,0
2008,55,101,1,550001,1,5,2,2,1,2,3,2,1,1,1,2,1,2,2,2,1,2,2,2,3,2,2,2,2,2,2,2,2,2,2,0,0,0
2008,55,101,1,550002,1,5,1,2,1,2,4,2,4,1,1,2,2,2,2,1,2,2,2,2,3,2,2,2,2,2,2,2,1,2,2,0,0,0
2008,55,5,1,550003,1,5,1,2,1,2,5,2,1,1,1,2,1,2,2,2,1,2,2,2,3,2,2,2,2,1,2,2,2,2,2,0,0,0
2008,55,59,1,550004,1,5,1,2,1,2,5,2,2,1,2,2,2,2,2,1,2,2,2,2,3,2,2,2,2,2,2,2,2,2,2,0,0,0
2008,55,131,1,550005,1,5,2,2,1,2,3,2,1,2,1,2,1,2,2,1,2,2,1,2,2,1,1,1,1,2,2,1,2,2,2,0,0,0
2008,55,105,1,550006,1,5,2,2,4,2,4,2,1,1,1,2,1,2,2,2,2,2,1,2,2,2,2,2,2,2,2,2,1,2,2,0,0,0
2008,55,25,1,550007,1,5,1,2,1,2,3,2,4,2,1,2,2,2,2,1,2,2,2,2,2,1,1,1,1,2,2,1,1,2,2,0,0,0
2008,55,79,1,550008,1,5,2,2,3,2,3,2,1,1,2,2,1,2,2,2,2,2,2,2,2,2,2,2,2,2,2,2,1,2,2,0,0,0
2008,55,139,1,550009,1,5,1,2,1,2,3,2,4,2,2,2,2,2,2,2,2,2,2,2,2,2,2,2,2,2,2,2,1,2,2,0,0,0
2008,55,93,1,550010,1,5,1,2,4,1,6,1,1,2,2,2,1,2,2,2,2,2,1,2,1,2,2,2,2,2,2,2,2,2,2,0,0,0
2008,55,127,1,550011,1,5,1,2,1,2,5,2,1,2,2,2,1,2,2,2,2,2,2,2,1,2,2,2,2,2,2,2,2,2,2,0,0,0
2008,55,87,1,550012,1,5,1,2,1,2,3,2,5,1,1,2,3,1,2,2,2,2,2,2,3,2,2,2,2,2,1,1,1,2,2,0,0,0
2008,55,21,1,550013,1,5,1,2,1,2,4,2,3,1,1,2,3,1,2,2,2,2,2,2,2,2,2,1,1,2,2,1,1,1,1,0,0,0
2008,55,81,1,550014,1,5,1,2,2,2,5,2,1,1,1,2,1,2,2,1,2,2,1,2,3,2,2,2,2,1,2,2,1,2,2,0,0,0
2008,55,105,1,550015,1,5,2,2,4,2,4,2,1,2,2,2,1,2,2,1,2,2,2,2,1,1,1,1,1,2,2,1,1,2,2,0,0,0
2008,55,103,1,550016,1,5,1,2,1,2,3,2,1,2,2,2,1,2,2,1,2,2,1,2,1,2,2,2,2,2,1,1,1,2,2,0,0,0
2008,55,93,1,550017,1,5,1,2,4,2,6,2,1,2,2,2,1,2,2,2,2,2,1,2,1,2,2,2,2,2,2,2,1,2,2,0,0,0
2008,55,129,1,550018,1,5,1,2,1,2,3,2,1,1,1,2,1,2,2,1,2,2,1,2,2,2,2,2,2,2,2,2,1,2,2,0,0,0
2008,55,1,1,550019,1,5,1,2,2,2,5,2,1,2,2,2,1,2,2,2,2,2,2,2,1,2,2,2,2,2,2,2,1,1,2,0,0,0
2008,55,131,1,550020,1,5,1,2,4,1,6,1,1,2,2,2,1,2,2,1,2,2,1,2,1,1,1,1,1,2,2,1,2,2,2,0,0,0
2008,55,69,1,550021,1,5,1,2,4,2,5,2,1,2,2,2,1,2,2,2,2,2,1,2,1,2,2,2,2,2,2,2,1,2,2,0,0,0
2008,55,131,1,550022,1,5,2,2,4,2,3,2,1,1,1,2,1,2,2,1,2,2,1,2,2,2,2,2,2,1,2,2,1,2,2,0,0,0
2008,55,17,1,550023,1,5,1,2,1,2,3,2,1,2,2,2,2,2,2,2,1,2,2,2,3,2,2,2,2,2,1,1,2,1,2,0,0,0
2008,55,29,1,550024,1,5,1,2,1,2,3,2,3,2,2,2,2,2,2,1,2,2,1,2,1,2,2,2,2,2,2,2,1,2,2,0,0,0
2008,55,27,1,550025,1,5,2,2,1,2,2,2,1,2,2,2,1,2,2,2,1,2,2,2,3,2,2,2,2,2,2,2,2,2,2,0,0,0
2008,55,105,1,550026,1,5,2,2,1,1,3,1,4,1,2,2,2,2,2,2,2,2,2,2,3,2,2,2,2,1,2,2,2,2,2,0,0,0
2008,55,79,2,550027,1,5,2,2,4,1,4,1,1,2,1,2,1,2,2,1,2,2,2,2,1,2,2,2,2,2,2,2,2,2,2,0,0,0
2008,55,35,2,550028,1,5,1,2,1,2,6,2,4,1,2,2,3,2,2,1,2,2,2,2,3,2,2,2,2,2,1,1,1,2,2,0,0,0
2008,55,25,1,550029,1,5,2,2,1,2,2,2,2,2,2,2,2,2,2,1,2,2,2,2,1,2,2,2,2,2,2,2,2,2,2,0,0,0
2008,55,73,1,550030,1,5,2,2,1,2,2,2,1,1,1,2,1,2,2,2,2,2,2,2,3,2,2,2,2,1,2,2,2,2,2,0,0,0
2008,55,93,2,550031,1,5,1,2,1,2,4,2,4,1,2,2,2,2,2,2,2,2,2,2,3,2,2,2,2,2,2,2,1,2,2,0,0,0
2008,55,79,1,550032,1,5,2,2,4,2,4,2,1,2,1,2,1,2,2,2,2,2,2,2,2,2,2,2,2,2,2,2,1,2,2,0,0,0
2008,55,139,1,550033,1,5,2,2,1,2,3,2,1,2,2,1,1,2,2,2,2,1,2,2,1,2,2,2,2,2,1,1,2,2,2,0,0,0
2008,55,109,1,550034,1,5,1,2,1,2,3,2,3,1,1,2,2,1,2,2,2,2,1,2,2,2,2,2,2,2,2,2,1,2,2,0,0,0
2008,55,73,1,550035,1,5,1,2,4,2,6,2,1,2,2,2,1,2,2,1,2,2,1,2,1,2,2,1,1,2,2,1,1,2,2,0,0,0
2008,55,25,1,550036,1,5,2,1,1,2,1,2,3,1,1,2,2,1,2,2,2,2,2,2,3,2,2,2,2,2,2,2,1,2,2,0,0,0
2008,55,79,1,550037,1,5,2,2,1,1,3,1,4,2,1,2,2,2,2,2,2,2,2,2,2,2,2,2,2,1,2,2,2,2,2,0,0,0
2008,55,29,1,550038,1,5,1,2,1,2,3,2,6,1,1,2,3,1,2,1,2,2,1,2,2,2,2,2,2,2,1,1,1,2,2,0,0,0
2008,55,53,1,550039,1,5,1,1,3,2,1,2,1,1,2,2,1,2,2,1,2,2,1,2,3,2,2,2,2,1,2,2,1,2,2,0,0,0
2008,55,55,1,550040,1,5,1,2,4,2,5,2,1,1,1,2,1,2,2,1,2,2,1,2,1,2,2,2,2,2,2,2,1,2,2,0,0,0
2008,55,59,1,550041,1,5,2,2,4,2,6,2,1,1,1,2,1,2,2,1,2,2,2,2,1,2,2,2,2,2,2,2,1,2,2,0,0,0
2008,55,87,1,550042,1,5,1,2,4,2,6,2,1,2,1,2,1,2,2,2,2,2,2,2,1,2,2,2,2,1,2,2,1,2,2,0,0,0
2008,55,83,1,550043,1,5,1,2,1,2,6,2,4,1,1,2,2,2,2,2,2,2,2,2,2,2,2,2,2,2,2,2,1,2,2,0,0,0
2008,55,33,1,550044,1,5,1,2,1,2,5,3,1,2,2,2,1,2,2,2,2,2,2,2,2,2,2,1,1,2,2,1,2,1,2,0,0,0
2008,55,79,1,550045,1,5,2,2,4,2,6,3,1,2,1,2,1,2,2,1,2,2,2,2,2,2,2,2,2,1,2,2,1,1,2,0,0,0
2008,55,59,1,550046,1,5,2,2,1,2,6,2,1,2,2,1,1,2,2,2,1,2,2,2,3,2,2,2,2,2,2,2,2,1,2,0,0,0
2008,55,79,1,550047,1,5,2,1,3,2,1,2,2,1,1,2,2,2,2,1,2,2,1,2,3,2,2,1,1,2,2,1,2,2,2,0,0,0
2008,55,121,1,550048,1,5,1,2,1,2,6,2,1,1,2,1,1,2,2,1,2,2,2,2,1,2,2,2,2,2,2,2,2,2,2,0,0,0
2008,55,3,1,550049,1,5,1,2,1,2,3,2,4,2,1,2,2,1,2,1,2,2,2,2,1,2,2,2,2,2,2,2,2,1,2,0,0,0
2008,55,59,1,550050,1,5,2,2,2,1,3,1,1,1,2,2,1,2,2,1,2,2,1,2,2,2,2,2,2,2,2,2,2,2,2,0,0,0
2008,55,25,1,550051,1,5,1,2,1,2,5,2,3,1,2,2,2,2,2,1,2,2,2,2,1,2,2,2,2,2,2,2,1,2,2,0,0,0
2008,55,123,1,550052,1,5,1,2,4,2,5,2,1,2,2,2,1,2,2,1,2,2,1,2,1,2,2,2,2,2,2,2,1,1,2,0,0,0
2008,55,105,1,550053,1,5,1,2,4,2,6,2,1,2,2,2,1,2,2,1,2,2,1,2,1,2,2,2,2,2,1,1,1,2,2,0,0,0
2008,55,25,1,550054,1,5,2,2,4,1,5,1,1,2,2,1,1,2,2,1,2,2,1,2,1,2,2,2,2,2,2,2,2,2,2,0,0,0
2008,55,9,1,550055,1,5,2,2,1,1,4,1,4,1,2,2,2,2,2,2,2,2,2,2,1,2,2,2,2,2,2,2,2,1,2,0,0,0
2008,55,1,1,550056,1,5,1,2,1,1,4,1,4,1,2,2,2,1,2,2,2,2,1,2,1,2,2,2,2,2,2,2,2,2,2,0,0,0
2008,55,133,1,550057,1,5,2,2,1,1,3,1,4,1,1,2,2,2,2,1,2,2,2,2,2,2,2,2,2,1,2,2,2,2,2,0,0,0
2008,55,79,1,550058,1,5,2,1,1,2,1,2,4,1,1,2,2,1,2,1,2,2,2,2,2,2,2,2,2,2,2,2,2,2,2,0,0,0
2008,55,79,1,550059,1,5,2,2,1,2,4,2,1,2,1,2,1,2,2,2,1,2,2,2,1,2,2,2,2,2,2,2,2,2,2,0,0,0
2008,55,27,1,550060,1,5,1,2,1,2,3,2,4,1,2,2,2,2,2,2,2,2,2,2,2,2,2,2,2,2,2,2,2,2,2,0,0,0
2008,55,79,1,550061,1,5,2,2,1,2,5,2,1,1,2,2,1,2,2,1,1,2,2,2,2,2,2,2,2,2,2,2,2,2,2,0,0,0
2008,55,89,1,550062,1,5,1,2,1,2,4,2,4,2,2,2,3,2,2,2,2,2,2,2,3,1,1,1,1,2,2,1,1,2,2,0,0,0
2008,55,101,1,550063,1,5,2,2,1,2,4,2,3,1,1,2,2,2,2,2,2,2,2,2,3,2,2,2,2,2,1,1,1,2,2,0,0,0
2008,55,73,1,550064,1,5,1,2,1,2,5,2,3,2,1,2,2,2,2,2,2,2,2,2,1,2,2,2,2,2,2,2,1,2,2,0,0,0
2008,55,125,1,550065,1,5,1,2,1,2,5,2,1,2,2,1,1,2,2,1,1,2,2,2,1,2,2,2,2,2,2,2,2,2,2,1,1,1
2008,55,125,1,550066,1,5,1,2,1,2,6,2,3,1,1,2,2,1,2,2,2,2,2,2,2,1,1,1,1,2,2,1,2,2,2,0,0,0
2008,55,87,1,550067,1,5,2,2,1,2,2,2,4,1,1,2,2,1,2,2,2,2,2,2,2,2,2,2,2,2,2,2,2,2,2,0,0,0
2008,55,135,1,550068,1,5,1,2,2,2,4,3,4,2,1,2,3,2,2,1,2,2,2,2,1,1,1,1,1,2,1,1,2,2,2,0,0,0
2008,55,133,1,550069,1,5,2,2,1,1,3,1,4,1,1,2,2,2,2,2,2,2,2,2,2,1,1,1,1,2,2,1,2,2,2,0,0,0
2008,55,15,1,550070,1,5,2,2,1,1,4,1,4,1,1,2,2,2,2,2,2,2,2,2,2,2,2,2,2,2,2,2,2,2,2,0,0,0
2008,55,35,1,550071,1,5,2,2,4,1,3,1,1,2,1,2,1,2,2,1,2,2,2,2,3,2,2,2,2,1,2,2,2,2,2,0,0,0
2008,55,79,1,550072,1,5,2,2,1,1,3,1,1,2,1,2,1,2,2,2,1,2,2,2,2,2,2,2,2,2,1,1,2,1,2,0,0,0
2008,55,73,1,550073,1,5,1,2,1,2,5,2,4,1,2,2,2,2,2,1,2,2,2,2,3,2,2,2,2,2,2,2,1,2,2,0,0,0
2008,55,71,1,550074,1,5,1,2,2,2,4,2,1,1,2,2,1,2,2,2,2,2,2,2,2,2,2,2,2,2,2,2,1,2,2,0,0,0
2008,55,133,1,550075,1,5,2,2,4,2,3,2,1,2,1,2,1,2,2,2,2,2,2,2,1,2,2,2,2,2,2,2,1,2,2,0,0,0
2008,55,79,1,550076,1,5,2,2,4,2,4,2,1,2,1,2,1,2,2,1,2,2,2,2,1,1,1,1,1,2,2,1,1,2,2,0,0,0
2008,55,79,1,550077,1,5,2,2,1,1,3,1,1,2,2,1,1,2,2,2,1,2,2,2,3,1,1,1,1,2,2,1,2,2,2,0,0,0
2008,55,87,1,550078,1,5,2,2,1,1,3,1,4,1,1,2,2,2,2,2,2,2,2,2,3,2,2,2,2,1,2,2,2,1,2,0,0,0
2008,55,89,1,550079,1,5,1,1,4,2,1,2,1,2,2,2,1,2,2,2,2,2,2,2,1,2,2,2,2,2,2,2,1,1,2,0,0,0
2008,55,85,1,550080,1,5,1,2,4,2,4,2,1,2,1,2,1,2,2,1,2,2,1,2,3,2,2,2,2,2,2,2,1,2,2,0,0,0
2008,55,27,1,550081,1,5,1,2,4,2,3,2,1,2,1,2,2,2,2,1,2,2,1,2,3,2,2,2,2,2,2,2,1,2,2,0,0,0
2008,55,11,1,550082,1,5,1,2,4,2,5,2,1,1,1,2,1,2,2,2,2,2,2,2,2,2,2,2,2,2,2,2,1,2,2,0,0,0
2008,55,81,1,550083,1,5,1,2,1,2,3,2,4,1,1,2,2,2,2,2,2,2,2,2,3,2,2,2,2,2,2,2,1,1,2,0,0,0
2008,55,79,1,550084,1,5,2,2,4,2,3,2,1,1,2,2,1,2,2,1,2,2,1,2,1,2,2,2,2,2,2,2,1,2,2,0,0,0
2008,55,117,1,550085,1,5,2,2,4,2,3,2,1,2,1,2,1,2,2,1,2,2,1,1,2,2,2,2,2,2,2,2,1,2,2,0,0,0
2008,55,21,1,550086,1,5,1,1,1,2,1,2,4,2,1,2,3,1,2,1,2,2,2,2,3,2,2,2,2,2,2,2,1,2,2,0,0,0
2008,55,109,1,550087,1,5,1,2,1,2,3,2,4,1,1,2,2,2,2,1,2,2,2,2,1,1,1,1,1,2,2,1,1,2,2,0,0,0
2008,55,95,2,550088,1,5,1,2,1,2,3,2,4,1,1,2,2,1,2,1,2,2,1,2,3,2,2,2,2,2,1,1,1,2,2,0,0,0
2008,55,23,1,550089,1,5,2,2,1,1,3,1,4,1,1,2,2,1,2,2,2,2,2,2,3,2,2,2,2,1,2,2,2,2,2,0,0,0
2008,55,121,1,550090,1,5,1,2,1,2,3,2,1,2,1,2,1,2,2,2,2,2,1,2,2,2,2,2,2,2,2,2,1,1,2,0,0,0
2008,55,135,1,550091,1,5,1,2,3,2,3,2,1,1,1,2,1,2,2,1,2,2,2,2,3,2,2,2,2,1,2,2,1,2,2,0,0,0
2008,55,115,2,550092,1,5,1,2,1,1,5,1,4,1,1,2,2,2,2,1,2,2,2,2,1,2,2,2,2,1,2,2,2,2,2,0,0,0
2008,55,45,1,550093,1,5,1,2,2,2,3,2,3,1,2,2,2,2,2,2,2,2,2,2,3,2,2,2,2,1,2,2,1,2,2,0,0,0
2008,55,53,1,550094,1,5,1,2,4,2,5,2,1,2,2,2,1,2,2,1,2,2,1,2,1,2,2,1,1,2,2,1,1,2,2,0,0,0
2008,55,133,1,550095,1,5,2,2,2,2,4,2,1,2,1,2,1,2,2,2,2,2,2,2,1,2,2,2,2,2,2,2,1,1,2,0,0,0
2008,55,79,1,550096,1,5,2,2,1,2,4,2,1,2,1,2,1,2,2,2,1,2,2,2,2,2,2,2,2,2,2,2,2,2,2,0,0,0
2008,55,43,1,550097,1,5,1,2,4,2,5,2,1,2,2,2,1,2,2,2,2,2,1,2,1,2,2,2,2,2,2,2,1,1,2,0,0,0
2008,55,105,1,550098,1,5,1,2,4,2,5,2,1,2,2,2,1,2,2,1,2,2,1,2,1,2,2,2,2,2,2,2,1,2,2,0,0,0
2008,55,59,1,550099,1,5,2,2,1,2,3,2,2,1,2,2,2,2,1,2,2,2,2,2,1,2,2,2,2,2,2,2,2,2,2,0,0,0
2008,55,19,1,550100,1,5,1,2,4,2,4,2,1,1,2,2,1,2,2,2,2,2,2,2,2,2,2,2,2,2,2,2,1,2,2,0,0,0
2008,55,79,1,550101,1,5,2,2,4,2,3,2,1,1,2,2,1,2,2,2,2,2,2,2,2,2,2,2,2,2,2,2,1,2,2,0,0,0
2008,55,41,1,550102,1,5,1,2,1,2,5,2,1,2,1,2,1,2,2,1,2,2,1,2,1,2,2,2,2,2,2,2,1,2,2,0,0,0
2008,55,117,1,550103,1,5,1,2,2,2,3,2,1,1,1,2,1,2,2,2,2,2,1,2,2,2,2,2,2,2,2,2,1,1,2,0,0,0
2008,55,75,1,550104,1,5,1,2,4,2,5,2,1,2,2,2,1,2,2,2,2,2,1,2,1,2,2,2,2,2,2,2,1,2,2,0,0,0
2008,55,93,2,550105,1,5,1,2,1,2,4,2,4,1,1,2,2,2,2,2,2,2,2,2,3,2,2,2,2,1,2,2,1,2,2,0,0,0
2008,55,131,1,550106,1,5,1,2,3,2,3,2,1,2,2,2,1,2,2,2,2,2,1,2,2,2,2,2,2,1,2,2,1,2,2,0,0,0
2008,55,135,1,550107,1,5,1,2,1,1,4,1,4,1,1,2,2,1,2,2,2,2,2,2,2,2,2,2,2,2,2,2,2,2,2,0,0,0
2008,55,25,1,550108,1,5,1,2,1,1,4,1,4,2,2,1,2,2,2,2,2,2,1,2,1,2,2,2,2,2,2,2,2,2,2,0,0,0
2008,55,39,1,550109,1,5,1,2,1,2,3,2,3,1,1,2,2,1,2,2,2,2,2,2,2,2,2,2,2,2,2,2,1,2,2,0,0,0
2008,55,115,1,550110,1,5,1,2,1,1,3,1,4,1,1,2,2,2,2,2,2,2,2,2,3,2,2,2,2,2,2,2,2,2,2,0,0,0
2008,55,71,1,550111,1,5,1,2,1,2,3,2,4,1,1,2,2,1,2,2,2,2,2,2,2,2,2,2,2,1,2,2,1,2,2,0,0,0
2008,55,135,1,550112,1,5,1,2,1,1,3,1,2,1,1,2,3,1,2,2,2,2,2,2,3,2,2,2,2,1,2,2,2,1,2,0,0,0
2008,55,79,1,550113,1,5,2,2,1,1,4,1,4,2,1,2,2,2,2,2,1,2,2,2,2,2,2,2,2,2,2,2,2,1,2,0,0,0
2008,55,25,1,550114,1,5,1,2,4,2,5,2,1,2,2,2,1,2,2,2,2,2,1,2,1,2,2,2,2,2,2,2,1,2,2,0,0,0
2008,55,79,1,550115,1,5,2,2,4,2,5,2,1,2,2,2,1,2,2,1,2,2,2,2,1,1,1,1,1,2,2,1,1,2,2,0,0,0
2008,55,79,1,550116,1,5,2,1,1,2,1,2,1,2,2,2,2,2,2,2,1,2,2,2,1,2,2,2,2,2,1,1,2,2,2,0,0,0
2008,55,21,1,550117,1,5,1,2,1,2,5,2,3,1,1,2,2,2,2,2,2,2,2,2,3,2,2,2,2,2,2,2,1,2,2,0,0,0
2008,55,53,1,550118,1,5,1,2,4,2,5,2,1,2,1,2,1,2,2,1,2,2,2,2,1,2,2,2,2,2,2,2,1,2,2,0,0,0
2008,55,131,1,550119,1,5,2,2,1,2,3,2,3,1,1,2,2,2,2,2,2,2,2,2,2,2,2,2,2,2,2,2,1,2,2,0,0,0
2008,55,105,1,550120,1,5,1,2,4,2,6,2,1,2,2,2,1,2,2,1,2,2,1,2,1,2,2,2,2,2,2,2,1,2,2,0,0,0
2008,55,27,3,550121,1,5,1,2,4,2,5,2,1,2,1,2,1,2,2,1,2,2,1,2,2,1,1,1,1,2,2,1,1,2,2,0,0,0
2008,55,117,1,550122,1,5,1,2,1,1,5,1,4,1,1,2,2,1,2,2,2,2,2,2,3,2,2,2,2,1,2,2,2,1,2,0,0,0
2008,55,97,1,550123,1,5,1,2,2,2,3,2,1,1,2,2,1,2,2,2,2,2,1,2,3,2,2,2,2,1,2,2,1,2,1,0,0,0
2008,55,101,1,550124,1,5,2,2,1,2,3,3,4,1,1,2,2,2,2,1,2,2,2,2,2,1,1,1,1,1,2,1,2,2,2,0,0,0
2008,55,41,1,550125,1,5,1,2,2,2,4,2,1,1,2,2,1,2,2,2,2,2,1,2,1,2,2,2,2,2,2,2,1,2,2,0,0,0
2008,55,79,1,550126,1,5,2,2,1,2,3,2,1,2,2,2,1,2,2,2,1,2,2,2,2,2,2,2,2,2,2,2,2,2,2,0,0,0
2008,55,87,1,550127,1,5,2,2,4,2,2,2,1,1,1,2,1,2,2,1,2,2,2,2,3,2,2,2,2,2,2,2,1,2,2,0,0,0
2008,55,141,1,550128,1,5,1,2,1,2,4,2,1,2,2,2,2,2,2,1,2,2,1,2,3,1,1,1,1,2,2,1,1,2,2,0,0,0
2008,55,139,1,550129,1,5,1,2,4,2,4,2,1,2,2,2,1,2,2,2,2,2,1,2,1,1,1,1,1,2,2,1,1,2,2,0,0,0
2008,55,39,1,550130,1,5,2,2,1,1,4,1,4,1,1,2,2,1,1,2,2,2,2,2,2,2,2,2,2,1,2,2,2,2,2,0,0,0
2008,55,17,1,550131,1,5,2,2,2,2,4,2,1,1,1,2,1,2,2,2,2,2,1,2,3,1,1,1,1,2,2,1,1,1,2,0,0,0
2008,55,133,1,550132,1,5,2,2,1,1,3,1,4,1,1,2,2,2,2,2,2,2,2,2,3,2,2,2,2,1,2,2,2,2,2,0,0,0
2008,55,135,1,550133,1,5,1,2,1,2,5,2,1,2,1,2,1,2,1,2,2,2,2,2,1,2,2,2,2,2,1,1,1,2,2,0,0,0
2008,55,51,1,550134,1,5,1,2,1,2,4,2,1,1,2,2,1,2,1,2,2,2,2,2,3,2,2,2,2,2,2,2,2,2,2,0,0,0
2008,55,39,1,550135,1,5,1,2,1,1,4,1,4,1,1,2,2,1,2,2,2,2,1,2,2,2,2,2,2,1,1,1,2,2,2,0,0,0
2008,55,15,1,550136,1,5,1,2,1,1,5,1,4,1,2,2,2,2,2,2,2,2,1,2,1,2,2,2,2,2,1,1,2,2,2,0,0,0
2008,55,17,1,550137,1,5,1,2,2,2,5,2,1,2,1,2,1,2,1,2,2,2,2,2,1,2,2,2,2,2,2,2,1,2,2,0,0,0
2008,55,125,1,550138,1,5,1,2,4,2,5,2,1,1,1,2,1,2,2,2,2,2,2,2,3,2,2,2,2,1,2,2,1,2,2,0,0,0
2008,55,107,1,550139,1,5,1,2,4,2,4,2,1,1,1,2,1,2,2,1,2,2,1,2,2,1,1,1,1,2,2,1,1,1,2,0,0,0
2008,55,115,1,550140,1,5,1,2,1,1,6,1,4,1,1,2,2,2,2,2,2,2,1,2,2,2,2,2,2,2,2,2,2,2,2,0,0,0
2008,55,33,1,550141,1,5,1,2,2,2,4,2,1,2,2,2,1,2,2,2,2,2,1,2,1,2,2,2,2,2,2,2,1,1,2,0,0,0
2008,55,57,1,550142,1,5,1,2,4,2,6,2,1,2,2,2,1,2,2,1,2,2,1,2,1,1,2,1,2,2,2,2,1,2,2,0,0,0
2008,55,9,1,550143,1,5,2,2,1,2,6,2,1,2,2,2,1,2,2,2,2,2,2,2,1,2,2,2,2,2,2,2,1,1,2,0,0,0
2008,55,133,2,550144,1,5,2,2,1,1,3,1,2,1,1,2,3,2,2,2,2,2,2,2,3,2,2,2,2,2,2,2,2,1,2,0,0,0
2008,55,137,1,550145,1,5,1,2,4,2,5,2,1,1,1,2,1,2,2,2,2,2,1,2,3,2,2,2,2,1,2,2,1,2,2,0,0,0
2008,55,27,2,550146,1,5,2,2,1,1,2,1,4,1,1,2,3,2,2,2,2,2,2,2,2,2,2,2,2,1,1,1,2,2,2,0,0,0
2008,55,79,1,550147,1,5,2,2,1,2,6,3,1,2,2,2,1,2,2,1,2,2,1,2,1,2,2,2,2,2,2,2,1,2,2,0,0,0
2008,55,121,2,550148,1,5,1,2,1,2,3,2,3,2,2,2,3,2,2,2,2,2,2,2,1,1,1,1,1,1,1,1,1,2,2,0,0,0
2008,55,33,1,550149,1,5,1,1,3,2,1,2,1,1,2,2,1,2,2,2,2,2,1,2,1,2,2,2,2,2,2,2,1,1,2,0,0,0
2008,55,73,1,550150,1,5,2,2,4,1,3,1,1,1,1,2,1,2,2,2,2,2,2,2,2,2,2,2,2,1,2,2,2,2,2,0,0,0
2008,55,73,1,550151,1,5,1,2,4,2,5,2,1,2,1,2,1,2,2,2,2,2,1,2,2,2,2,2,2,2,2,2,1,2,2,0,0,0
2008,55,55,1,550152,1,5,1,2,1,2,6,2,3,2,1,2,2,2,2,2,2,2,1,2,1,2,2,2,2,2,2,2,1,2,2,0,0,0
2008,55,115,1,550153,1,5,1,2,4,2,3,2,1,2,1,2,1,2,2,2,2,2,1,2,2,2,2,2,2,1,2,2,1,2,2,0,0,0
2008,55,59,1,550154,1,5,1,2,1,2,5,2,4,2,2,2,3,2,1,1,2,2,2,2,1,2,2,2,2,2,2,2,1,2,2,0,0,0
2008,55,121,1,550155,1,5,1,2,4,2,6,2,1,2,2,2,1,2,2,1,2,2,1,2,1,2,2,2,2,2,1,1,1,2,2,0,0,0
2008,55,123,1,550156,1,5,1,2,1,2,5,2,4,1,2,2,2,2,1,2,2,2,2,2,3,2,2,2,2,1,2,2,1,2,2,0,0,0
2008,55,23,1,550157,1,5,1,2,4,2,4,2,1,1,2,2,1,2,1,2,2,2,2,2,1,2,2,2,2,2,2,2,1,2,2,0,0,0
2008,55,57,2,550158,1,5,1,2,4,2,5,2,1,2,2,2,1,2,2,1,2,2,1,2,1,2,2,2,2,2,2,2,1,2,2,0,0,0
2008,55,71,1,550159,1,5,2,2,1,1,4,1,4,1,1,2,2,2,1,2,2,2,2,2,2,2,2,2,2,2,2,2,2,2,2,0,0,0
2008,55,109,1,550160,1,5,1,2,4,2,4,2,1,1,1,2,1,2,2,2,2,2,2,2,2,2,2,2,2,1,2,2,1,2,2,0,0,0
2008,55,27,1,550161,1,5,1,2,1,1,5,1,4,2,1,2,2,2,2,2,2,2,1,2,3,2,2,2,2,2,2,2,2,2,2,0,0,0
2008,55,25,1,550162,1,5,1,2,1,2,5,2,5,2,2,2,2,2,1,2,2,2,2,2,1,2,2,2,2,1,2,2,2,2,2,0,0,0
2008,55,119,1,550163,1,5,1,2,1,2,5,2,1,2,2,2,2,2,2,2,2,2,2,2,1,2,2,2,2,1,2,2,2,2,2,0,0,0
2008,55,95,1,550164,1,5,1,2,1,2,6,2,3,2,2,2,2,2,2,1,2,2,1,2,3,1,1,1,1,2,2,1,1,2,2,0,0,0
2008,55,81,1,550165,1,5,1,2,4,2,5,2,1,2,2,2,1,2,1,1,2,2,2,2,1,2,2,2,2,2,1,1,1,2,2,0,0,0
2008,55,77,1,550166,1,5,1,2,2,2,6,2,1,2,2,2,1,2,2,2,2,2,2,2,2,2,2,2,2,2,1,1,1,2,2,0,0,0
2008,55,61,1,550167,1,5,1,2,1,2,6,2,1,1,1,2,1,2,2,2,1,2,2,2,1,2,2,2,2,1,2,2,2,1,2,0,0,0
2008,55,105,1,550168,1,5,2,2,4,2,6,2,1,2,1,2,1,2,2,1,2,2,2,2,1,2,2,2,2,2,1,1,1,2,2,0,0,0
2008,55,17,1,550169,1,5,1,2,4,2,5,2,1,2,1,2,1,2,1,2,2,2,2,2,1,2,2,2,2,2,2,2,1,2,2,0,0,0
2008,55,25,1,550170,1,5,1,2,4,2,5,2,1,2,2,2,1,2,2,1,2,2,1,2,1,2,2,2,2,2,1,1,1,1,2,0,0,0
2008,55,27,1,550171,1,5,1,2,4,2,6,2,1,1,2,2,1,2,2,1,2,2,1,2,2,2,2,2,2,2,1,1,1,2,2,0,0,0
2008,55,59,1,550172,1,5,2,2,2,2,3,2,1,1,2,2,1,2,2,1,2,2,1,2,1,2,2,2,2,2,1,1,1,1,2,0,0,0
2008,55,59,1,550173,1,5,1,2,4,2,6,2,1,1,1,2,1,2,2,2,2,2,1,2,2,2,2,2,2,2,2,2,1,2,2,0,0,0
2008,55,35,1,550174,1,5,1,2,4,2,5,2,1,2,1,2,1,2,2,1,2,2,2,2,1,2,2,1,1,2,2,1,1,2,2,0,0,0
2008,55,101,1,550175,1,5,1,2,1,1,6,1,4,1,1,2,3,2,2,2,2,2,2,2,3,1,1,1,1,2,2,1,2,2,2,0,0,0
2008,55,79,1,550176,1,5,2,2,4,2,4,2,1,2,2,2,1,2,2,2,2,2,2,2,3,1,1,1,1,2,2,1,1,2,2,0,0,0
2008,55,25,1,550177,1,5,2,2,4,2,5,2,1,2,1,2,1,2,1,2,2,2,2,2,1,2,2,2,2,2,2,2,1,2,2,0,0,0
2008,55,59,1,550178,1,5,2,2,1,2,5,2,3,1,2,2,2,2,1,1,2,2,2,2,3,2,2,2,2,1,2,2,1,2,2,0,0,0
2008,55,117,1,550179,1,5,2,2,4,2,4,2,6,1,1,2,2,2,2,2,2,2,2,2,3,2,2,2,2,1,2,2,2,2,2,0,0,0
2008,55,101,1,550180,1,5,2,2,1,2,4,2,4,2,2,2,2,2,1,1,2,2,2,2,1,2,2,2,2,2,2,2,2,2,2,0,0,0
2008,55,67,1,550181,1,5,2,2,1,2,6,2,1,2,1,2,1,2,2,2,2,2,2,2,1,2,2,2,2,2,2,2,2,2,2,0,0,0
2008,55,21,1,550182,1,5,1,2,4,2,6,2,1,2,1,2,1,2,2,2,2,2,2,2,2,2,2,2,2,1,2,2,1,2,2,0,0,0
2008,55,75,1,550183,1,5,1,2,4,2,4,2,1,2,2,2,1,2,2,2,2,2,1,2,1,2,2,2,2,2,2,2,1,2,2,0,0,0
2008,55,115,2,550184,1,5,1,2,2,2,5,2,1,1,1,2,1,2,2,1,2,2,1,2,3,1,1,1,1,2,2,1,1,1,2,0,0,0
2008,55,101,1,550185,1,5,1,1,1,2,1,2,1,2,1,2,1,1,2,2,1,2,2,2,2,2,2,2,2,2,2,2,2,2,2,0,0,0
2008,55,117,1,550186,1,5,1,2,2,1,5,1,1,2,2,2,1,2,2,2,2,2,1,2,1,2,2,2,2,2,2,2,2,2,2,0,0,0
2008,55,19,1,550187,1,5,1,2,4,2,5,2,1,1,2,2,1,2,2,2,2,2,1,2,1,2,2,2,2,2,2,2,1,1,2,0,0,0
2008,55,93,1,550188,1,5,1,2,1,1,4,1,1,2,2,2,1,2,1,2,2,2,2,2,2,2,2,2,2,2,2,2,2,2,2,0,0,0
2008,55,5,1,550189,1,5,1,2,4,2,6,2,1,2,2,2,1,2,2,1,2,2,1,2,1,2,2,2,2,2,2,2,1,2,2,0,0,0
2008,55,79,1,550190,1,5,2,2,1,1,4,1,1,1,1,2,1,1,2,1,1,2,2,2,2,2,2,2,2,2,2,2,2,2,2,0,0,0
2008,55,137,1,550191,1,5,1,2,1,2,5,2,1,2,1,2,1,2,2,2,2,2,2,2,1,2,2,2,2,2,2,2,2,2,2,0,0,0
2008,55,113,1,550192,1,5,1,2,4,2,6,2,1,1,1,2,1,2,2,2,2,2,2,2,1,2,2,2,2,2,2,2,1,2,2,1,1,1
2008,55,137,1,550193,1,5,1,2,4,2,5,2,1,1,1,2,1,2,2,2,2,2,2,2,2,2,2,2,2,2,2,2,1,2,2,0,0,0
2008,55,43,1,550194,1,5,1,2,1,1,3,1,4,2,2,2,2,2,2,2,2,2,2,2,1,2,2,2,2,1,1,1,2,2,2,0,0,0
2008,55,79,1,550195,1,5,2,2,1,1,4,1,4,2,2,2,2,2,2,2,2,2,1,2,1,2,2,2,2,2,1,1,2,2,2,0,0,0
2008,55,89,1,550196,1,5,1,2,4,2,6,2,1,2,2,2,1,2,2,2,2,2,2,2,1,2,2,2,2,2,2,2,1,2,2,0,0,0
2008,55,111,1,550197,1,5,1,2,1,2,3,2,3,2,2,2,3,1,2,2,2,2,2,2,3,2,2,2,2,2,2,2,1,2,2,0,0,0
2008,55,123,1,550198,1,5,1,2,1,2,4,2,5,1,1,2,2,2,1,2,2,2,2,2,3,2,2,2,2,2,2,2,2,2,2,0,0,0
2008,55,101,1,550199,1,5,1,2,2,2,5,2,1,2,1,2,1,2,2,2,2,2,1,2,1,2,2,2,2,2,2,2,1,1,2,0,0,0
2008,55,133,1,550200,1,5,2,2,3,2,6,2,1,2,1,2,1,2,2,1,2,2,2,2,2,1,1,1,1,2,2,1,1,2,2,0,0,0
2008,55,139,1,550201,1,5,1,2,4,2,5,2,1,2,2,2,1,2,1,1,2,2,2,2,1,2,2,2,2,2,2,2,1,2,2,0,0,0
2008,55,115,1,550202,1,5,1,2,2,2,6,2,1,1,2,2,1,2,2,1,2,2,1,2,1,2,2,2,2,2,2,2,1,2,2,1,0,1
2008,55,59,1,550203,1,5,2,2,4,2,3,2,1,2,2,2,1,2,1,2,2,2,2,2,1,2,2,2,2,2,2,2,1,2,2,0,0,0
2008,55,101,1,550204,1,5,2,2,4,1,4,1,1,2,1,2,1,2,2,2,2,2,2,2,1,1,1,1,1,2,2,1,2,1,2,0,0,0
2008,55,5,1,550205,1,5,1,2,1,2,6,2,1,2,1,2,1,2,2,2,2,2,1,2,1,2,2,2,2,1,2,2,1,1,2,0,0,0
2008,55,75,1,550206,1,5,1,2,2,2,5,2,1,2,1,2,1,2,2,1,2,2,1,2,2,2,2,2,2,2,2,2,1,2,2,0,0,0
2008,55,107,1,550207,1,5,1,2,2,2,5,2,1,2,1,2,1,2,2,1,2,2,1,2,3,2,2,2,2,2,2,2,1,2,2,0,0,0
2008,55,101,1,550208,1,5,2,2,4,2,3,2,1,2,2,2,1,2,2,2,2,2,1,2,1,2,2,2,2,2,2,2,1,1,2,0,0,0
2008,55,113,1,550209,1,5,1,2,4,2,4,2,1,2,2,2,1,2,2,2,2,2,2,2,1,2,2,2,2,1,2,2,1,2,2,0,0,0
2008,55,107,1,550210,1,5,1,2,2,1,5,1,1,2,2,2,1,2,2,1,2,2,1,2,1,2,2,2,2,2,2,2,2,2,2,0,0,0
2008,55,39,1,550211,1,5,1,2,1,2,4,2,1,2,1,2,1,2,1,2,2,2,2,2,3,2,2,2,2,2,2,2,2,2,2,0,0,0
2008,55,35,1,550212,1,5,2,1,4,2,1,2,1,2,1,2,1,2,2,2,2,2,1,2,2,2,2,2,2,1,2,2,1,1,1,0,0,0
2008,55,23,1,550213,1,5,1,2,2,2,5,2,1,2,2,2,1,2,2,1,2,2,1,2,1,2,2,2,2,2,1,1,1,2,2,0,0,0
2008,55,63,1,550214,1,5,2,2,4,2,3,2,1,1,2,2,1,2,1,1,2,2,2,2,2,2,2,2,2,2,2,2,1,2,2,0,0,0
2008,55,79,1,550215,1,5,2,2,4,2,6,2,1,2,2,2,1,2,1,2,2,2,2,2,3,2,2,2,2,2,2,2,1,2,2,0,0,0
2008,55,113,1,550216,1,5,1,2,1,2,4,2,3,1,2,2,2,2,2,2,2,2,2,2,3,1,2,1,2,1,2,2,2,2,2,0,0,0
2008,55,59,1,550217,1,5,2,2,1,1,3,1,2,2,2,2,2,2,1,1,2,2,2,2,3,1,1,1,1,2,2,1,2,2,2,0,0,0
2008,55,5,1,550218,1,5,1,2,1,2,3,3,4,2,2,2,2,2,1,2,2,2,2,2,3,2,2,2,2,2,1,1,2,2,2,0,0,0
2008,55,105,1,550219,1,5,1,2,1,1,4,1,1,2,2,2,1,2,1,1,2,2,2,2,1,2,2,2,2,2,2,2,2,2,2,0,0,0
2008,55,39,1,550220,1,5,1,2,1,2,4,2,1,2,1,2,1,2,2,2,1,2,2,2,3,2,2,2,2,1,2,2,2,2,2,0,0,0
2008,55,133,1,550221,1,5,2,2,1,2,4,2,5,1,2,2,2,2,2,2,2,2,2,2,3,2,2,2,2,1,2,2,1,2,2,0,0,0
2008,55,73,4,550222,1,5,1,2,1,2,3,2,3,1,1,2,2,2,2,2,2,2,1,2,2,2,2,2,2,1,2,2,1,2,2,0,0,0
2008,55,111,1,550223,1,5,1,2,2,2,4,2,1,1,1,2,1,2,2,2,2,2,2,2,2,2,2,2,2,1,2,2,1,2,2,0,0,0
2008,55,59,1,550224,1,5,2,2,1,1,3,1,4,1,1,2,3,2,2,2,2,2,2,2,3,2,2,2,2,2,2,2,2,2,2,0,0,0
2008,55,103,1,550225,1,5,1,2,1,2,6,2,3,2,1,2,2,2,2,2,2,2,2,2,3,2,2,2,2,2,1,1,2,2,2,0,0,0
2008,55,105,1,550226,1,5,2,2,1,1,3,1,4,2,1,2,3,2,1,1,2,2,2,2,3,2,2,2,2,2,2,2,2,2,2,0,0,0
2008,55,111,1,550227,1,5,1,2,1,1,4,1,4,2,1,2,2,2,1,1,2,2,2,2,1,2,2,2,2,2,1,1,2,2,2,0,0,0
2008,55,25,1,550228,1,5,2,2,1,1,3,1,4,2,1,2,2,2,1,2,2,2,2,2,1,2,2,2,2,2,1,1,2,2,2,0,0,0
2008,55,79,1,550229,1,5,2,2,1,2,4,2,1,2,1,2,1,2,2,2,1,2,2,2,2,2,2,2,2,2,2,2,2,2,2,0,0,0
2008,55,133,1,550230,1,5,2,1,1,2,1,2,2,1,1,2,2,2,1,2,2,2,2,2,3,2,2,2,2,2,2,2,2,1,2,0,0,0
2008,55,117,1,550231,1,5,1,2,2,2,5,2,1,2,1,1,1,2,2,2,1,2,2,2,1,1,1,1,1,2,2,1,1,1,2,0,0,0
2008,55,97,2,550232,1,5,1,2,1,1,5,1,4,2,1,2,2,2,2,2,2,2,2,2,1,2,2,2,2,2,1,1,2,1,2,0,0,0
2008,55,57,1,550233,1,5,1,1,3,2,1,2,1,2,1,2,1,1,2,2,2,2,2,2,2,2,2,2,2,2,2,2,1,2,2,0,0,0
2008,55,31,2,550234,1,5,1,2,1,2,3,2,4,1,2,2,2,2,2,2,2,2,1,2,3,2,2,2,2,2,1,1,2,2,2,0,0,0
2008,55,87,1,550235,1,5,2,2,4,2,6,2,5,2,2,2,1,2,1,2,2,2,2,2,2,2,2,2,2,2,2,2,2,2,2,0,0,0
2008,55,71,1,550236,1,5,1,2,1,1,5,1,4,2,2,2,2,1,2,2,2,2,1,2,1,2,2,2,2,1,2,2,2,2,2,0,0,0
2008,55,95,1,550237,1,5,1,2,1,2,6,2,1,2,2,2,1,2,1,2,2,2,2,2,1,2,2,2,2,2,2,2,2,2,2,0,0,0
2008,55,133,1,550238,1,5,2,1,1,2,1,3,1,2,2,2,1,2,2,1,1,2,2,2,3,2,2,2,2,2,2,2,2,2,2,0,0,0
2008,55,123,1,550239,1,5,1,2,4,2,6,2,1,1,1,2,1,2,2,2,2,2,1,2,3,1,1,1,1,2,2,1,1,2,2,0,0,0
2008,55,95,1,550240,1,5,1,2,4,2,3,2,1,1,1,2,1,2,2,2,2,2,2,2,2,2,2,2,2,1,2,2,1,2,2,0,0,0
2008,55,35,1,550241,1,5,1,1,1,2,1,2,2,1,1,2,3,1,2,1,2,2,2,2,3,2,2,2,2,2,2,2,2,1,2,0,0,0
2008,55,101,1,550242,1,5,1,2,1,1,5,1,4,1,1,2,2,2,1,2,2,2,2,2,1,1,1,1,1,2,2,1,2,1,2,0,0,0
2008,55,27,1,550243,1,5,1,2,1,2,5,2,1,2,1,2,1,1,2,2,2,1,2,2,2,2,2,2,2,2,2,2,2,1,2,0,0,0
2008,55,39,1,550244,1,5,2,2,1,1,4,1,4,2,2,2,2,2,1,2,2,2,2,2,2,2,2,1,1,2,2,1,2,1,2,0,0,0
2008,55,25,1,550245,1,5,1,1,3,2,1,2,1,2,2,2,1,2,2,2,2,2,1,2,3,2,2,2,2,2,2,2,1,1,2,0,0,0
2008,55,139,2,550246,1,5,1,2,1,2,4,2,3,1,1,2,2,2,2,2,2,2,2,2,3,2,2,2,2,1,2,2,1,2,2,0,0,0
2008,55,79,1,550247,1,5,2,2,4,2,6,2,1,1,1,2,1,2,2,1,1,2,2,2,2,2,2,2,2,2,2,2,1,2,2,0,0,0
2008,55,139,1,550248,1,5,1,2,4,2,6,2,1,2,2,2,1,2,1,2,2,2,2,2,1,2,2,2,2,2,2,2,2,2,2,0,0,0
2008,55,105,1,550249,1,5,1,2,1,2,3,2,3,1,2,2,2,1,2,2,2,2,2,2,3,2,2,2,2,2,2,2,1,2,2,0,0,0
2008,55,101,1,550250,1,5,1,2,1,2,6,2,1,2,1,1,1,2,2,2,2,1,2,2,1,2,2,2,2,2,2,2,2,2,2,0,0,0
2008,55,79,1,550251,1,5,2,2,4,2,4,2,1,2,1,2,1,2,1,1,2,2,2,2,1,2,2,2,2,2,1,1,1,2,2,0,0,0
2008,55,125,1,550252,1,5,1,2,4,2,5,2,1,2,1,2,1,2,2,2,2,2,1,2,1,2,2,1,1,2,2,1,1,2,2,0,0,0
2008,55,9,1,550253,1,5,2,2,1,1,4,1,4,2,1,1,2,2,1,2,2,2,2,2,1,2,2,2,2,2,2,2,2,2,2,0,0,0
2008,55,87,1,550254,1,5,2,2,1,2,2,2,1,1,1,2,1,2,2,2,1,2,2,2,3,1,1,1,1,2,2,1,2,2,2,0,0,0
2008,55,79,1,550255,1,5,2,2,1,1,4,1,4,2,2,1,2,2,2,2,2,2,2,2,3,1,1,1,1,2,2,1,2,2,2,0,0,0
2008,55,57,1,550256,1,5,1,1,3,2,1,2,1,1,1,2,1,2,2,2,2,2,1,2,2,2,2,2,2,2,2,2,1,2,2,0,0,0
2008,55,65,1,550257,1,5,1,2,4,2,5,2,1,2,1,2,1,2,2,2,2,2,1,2,1,2,2,2,2,1,2,2,1,2,2,0,0,0
2008,55,35,1,550258,1,5,2,2,4,2,6,2,1,2,2,2,1,2,2,1,2,2,2,2,2,1,1,1,1,2,2,1,1,1,2,0,0,0
2008,55,133,1,550259,1,5,2,1,1,2,1,2,2,1,1,2,3,2,2,2,2,2,2,2,3,2,2,2,2,2,2,2,2,1,2,0,0,0
2008,55,59,2,550260,1,5,1,2,1,2,5,2,3,2,1,2,2,2,2,1,2,2,2,2,1,1,1,1,1,2,1,1,1,2,2,0,0,0
2008,55,75,1,550261,1,5,1,2,1,2,3,2,3,1,1,2,2,1,2,2,2,2,2,2,2,2,2,2,2,2,2,2,1,1,2,0,0,0
2008,55,133,1,550262,1,5,2,2,1,1,3,1,4,1,1,2,2,1,2,2,2,2,2,2,3,2,2,2,2,2,1,1,1,2,2,0,0,0
2008,55,17,1,550263,1,5,1,2,4,2,4,2,1,1,1,2,1,2,2,2,2,2,2,2,2,2,2,2,2,1,2,2,1,2,2,0,0,0
2008,55,25,1,550264,1,5,2,2,4,2,2,3,1,2,1,2,1,2,1,2,2,2,2,2,1,2,2,2,2,2,2,2,1,1,2,0,0,0
2008,55,79,1,550265,1,5,2,2,3,2,3,2,1,1,1,2,1,2,1,2,2,2,2,2,2,2,2,2,2,2,2,2,1,2,2,0,0,0
2008,55,59,1,550266,1,5,1,2,1,1,5,1,4,2,2,2,2,2,1,2,2,2,2,2,3,1,1,1,1,2,2,1,2,2,2,0,0,0
2008,55,117,1,550267,1,5,1,2,1,1,3,1,4,1,2,2,2,2,2,2,2,2,2,2,3,2,2,2,2,1,2,2,2,2,2,0,0,0
2008,55,101,1,550268,1,5,1,2,1,2,3,2,3,2,1,2,2,2,2,2,2,2,2,2,1,2,2,2,2,2,2,2,1,2,2,0,0,0
2008,55,9,2,550269,1,5,2,2,1,1,3,1,4,2,1,2,2,2,2,2,2,2,2,2,1,1,1,1,1,2,2,1,2,2,2,0,0,0
2008,55,101,1,550270,1,5,1,2,1,1,5,1,4,1,2,2,2,2,1,2,2,2,2,2,3,1,1,1,1,2,2,1,2,2,2,0,0,0
2008,55,79,1,550271,1,5,2,2,1,1,3,1,2,1,1,2,2,1,2,2,2,2,2,2,2,2,2,2,2,1,2,2,2,1,2,0,0,0
2008,55,119,1,550272,1,5,1,2,4,2,5,2,1,1,1,2,1,2,2,2,2,2,1,2,2,2,2,2,2,1,2,2,1,1,2,0,0,0
2008,55,111,1,550273,1,5,1,2,1,2,4,2,6,2,1,2,2,2,1,2,2,2,2,2,1,2,2,2,2,2,1,1,1,2,2,0,0,0
2008,55,121,1,550274,1,5,1,2,1,2,6,2,1,1,2,2,1,2,1,2,2,2,2,2,3,2,2,2,2,2,2,2,2,2,2,0,0,0
2008,55,117,1,550275,1,5,1,2,1,1,5,1,4,2,2,2,2,2,2,2,2,2,1,2,1,1,1,1,1,2,2,1,2,2,2,0,0,0
2008,55,29,1,550276,1,5,2,2,1,1,3,1,2,2,2,2,2,1,2,2,2,2,2,2,1,2,2,2,2,2,1,1,2,1,2,0,0,0
2008,55,59,1,550277,1,5,2,2,1,2,4,2,2,2,1,2,3,2,2,2,2,2,1,2,3,1,1,1,1,2,2,1,2,1,2,0,0,0
2008,55,25,1,550278,1,5,1,1,1,2,1,2,4,1,1,2,2,2,1,2,2,2,2,2,3,2,2,2,2,2,1,1,2,2,2,0,0,0
2008,55,107,1,550279,1,5,1,2,1,2,5,2,1,1,1,2,1,2,1,2,2,2,2,2,1,2,2,2,2,2,2,2,2,2,2,0,0,0
2008,55,83,1,550280,1,5,1,2,4,2,5,2,1,2,1,2,1,2,2,2,2,2,1,2,1,2,2,2,2,2,2,2,1,2,2,0,0,0
2008,55,71,1,550281,1,5,2,2,1,2,4,3,4,1,2,2,2,2,1,1,2,2,2,2,3,2,2,1,1,2,2,1,2,2,2,0,0,0
2008,55,1,1,550282,1,5,1,2,1,2,4,2,5,2,1,2,2,1,2,2,2,2,1,2,1,2,2,2,2,2,2,2,1,1,2,0,0,0
2008,55,49,1,550283,1,5,1,2,4,2,4,2,1,1,2,2,1,2,2,2,2,2,1,2,1,2,2,2,2,2,1,1,1,2,2,0,0,0
2008,55,41,1,550284,1,5,1,2,1,2,3,2,5,1,1,2,2,1,2,2,2,2,2,2,2,2,2,2,2,1,2,2,1,2,2,0,0,0
2008,55,73,1,550285,1,5,1,2,1,1,4,1,4,1,1,2,2,2,2,2,2,2,2,2,2,1,1,1,1,2,2,1,2,2,2,0,0,0
2008,55,9,1,550286,1,5,2,2,1,2,3,2,5,1,1,2,2,2,2,2,2,2,2,2,3,2,2,2,2,1,2,2,1,2,2,0,0,0
2008,55,31,1,550287,1,5,1,2,1,1,3,1,4,1,2,2,2,2,2,2,2,2,2,2,3,2,2,2,2,2,2,2,2,2,2,0,0,0
2008,55,87,1,550288,1,5,2,2,1,1,3,1,4,1,1,2,2,2,1,2,2,2,2,2,2,2,2,2,2,2,2,2,2,2,2,0,0,0
2008,55,7,1,550289,1,5,1,2,1,1,5,1,1,2,2,2,1,2,2,2,1,2,2,2,2,2,2,2,2,2,1,1,2,2,2,0,0,0
2008,55,7,1,550290,1,5,1,2,1,1,3,1,4,1,1,2,2,2,2,2,2,2,2,2,3,2,2,2,2,2,2,2,2,2,2,0,0,0
2008,55,75,1,550291,1,5,1,2,1,2,5,2,3,1,1,2,2,2,2,2,2,2,2,2,3,2,2,2,2,1,2,2,1,1,2,0,0,0
2008,55,115,1,550292,1,5,1,2,1,2,4,2,1,1,1,2,1,1,2,2,2,1,2,2,2,2,2,2,2,2,2,2,2,1,2,0,0,0
2008,55,133,1,550293,1,5,2,2,1,1,3,1,4,2,1,2,2,2,2,1,2,2,2,2,1,2,2,2,2,2,2,2,2,2,2,0,0,0
2008,55,69,1,550294,1,5,1,2,1,1,6,1,4,1,1,2,2,2,2,2,2,2,1,2,3,2,2,2,2,1,2,2,2,2,2,0,0,0
2008,55,97,1,550295,1,5,2,2,1,2,3,2,1,2,2,2,1,2,2,2,2,2,1,2,2,2,2,2,2,2,2,2,1,1,1,0,0,0
2008,55,95,1,550296,1,5,1,2,4,2,6,2,1,2,2,2,1,2,2,1,2,2,1,2,1,2,2,2,2,2,2,2,1,2,2,0,0,0
2008,55,27,1,550297,1,5,1,2,4,1,5,1,1,1,2,2,1,2,2,1,2,2,2,2,1,2,2,2,2,2,2,2,2,1,2,0,0,0
2008,55,81,1,550298,1,5,1,2,4,2,5,2,1,2,2,2,1,2,1,1,2,2,2,2,1,2,2,2,2,2,2,2,1,2,2,0,0,0
2008,55,27,1,550299,1,5,1,2,1,2,5,2,1,2,2,2,1,2,2,2,2,2,1,2,1,1,1,1,1,2,2,1,1,2,2,0,0,0
2008,55,79,1,550300,1,5,2,2,1,1,4,1,4,2,2,1,2,2,2,1,2,2,2,2,3,1,1,1,1,2,2,1,2,2,1,0,0,0
2008,55,78,1,550301,1,5,1,2,4,2,4,2,1,1,2,2,2,2,1,1,2,2,2,2,3,2,2,1,1,2,1,1,1,2,2,1,0,1
2008,55,127,1,550302,1,5,2,2,1,1,6,1,1,1,2,2,1,2,2,2,2,1,2,2,2,2,2,2,2,1,2,2,2,2,2,0,0,0
2008,55,137,1,550303,1,5,1,2,4,2,3,2,1,1,1,2,1,2,2,2,2,2,1,2,2,2,2,2,2,2,1,1,1,1,2,0,0,0
2008,55,25,3,550304,1,5,1,2,3,2,3,2,1,1,1,2,2,2,2,1,2,2,1,2,2,2,2,2,2,2,2,2,1,1,2,0,0,0
2008,55,113,1,550305,1,5,1,2,1,2,5,2,1,1,1,2,1,2,2,1,2,2,1,2,1,2,2,2,2,2,2,2,1,2,2,1,1,1
2008,55,133,1,550306,1,5,2,2,1,1,3,1,4,1,1,2,2,1,2,2,2,2,2,2,3,2,2,2,2,2,1,1,2,2,2,0,0,0
2008,55,101,1,550307,1,5,2,2,1,2,6,2,1,2,1,1,1,2,2,2,2,1,2,2,3,2,2,2,2,2,2,2,2,1,2,0,0,0
2008,55,111,1,550308,1,5,1,2,4,2,5,2,1,1,1,2,1,2,2,2,2,2,2,2,2,2,2,2,2,2,1,1,1,2,2,0,0,0
2008,55,139,1,550309,1,5,2,2,1,2,2,2,4,1,1,2,2,2,2,2,2,2,1,2,3,1,1,1,1,2,2,1,2,2,2,0,0,0
2008,55,59,1,550310,1,5,1,2,1,1,6,1,4,1,1,2,2,2,1,2,2,2,2,2,3,2,2,2,2,2,2,2,2,2,2,0,0,0
2008,55,115,1,550311,1,5,1,2,4,2,6,2,1,2,2,2,1,2,2,2,2,2,2,2,2,1,1,1,1,2,2,1,1,2,1,1,1,1
2008,55,137,1,550312,1,5,1,2,4,2,6,2,1,1,2,2,1,2,2,1,2,2,1,2,2,1,1,1,1,2,2,1,1,2,2,0,0,0
2008,55,109,1,550313,1,5,1,2,1,1,3,1,4,1,2,2,3,2,2,2,2,2,2,2,3,2,2,1,1,1,2,1,2,1,2,0,0,0
2008,55,59,2,550314,1,5,2,1,2,2,1,2,1,2,1,2,1,2,2,2,1,2,2,2,2,2,2,2,2,2,2,2,2,2,2,0,0,0
2008,55,79,1,550315,1,5,2,2,1,1,4,1,4,2,2,1,2,2,2,2,2,2,2,2,3,1,1,1,1,2,2,1,2,2,2,0,0,0
2008,55,105,1,550316,1,5,2,1,2,2,1,2,1,2,2,2,1,2,2,1,2,2,1,2,1,2,2,2,2,2,2,2,1,2,2,0,0,0
2008,55,5,1,550317,1,5,1,2,4,2,6,2,1,1,1,2,1,2,2,2,2,2,1,2,2,1,1,1,1,2,2,1,1,2,2,0,0,0
2008,55,21,1,550318,1,5,1,2,1,2,5,2,1,1,2,2,1,2,1,2,2,2,2,2,3,2,2,2,2,2,2,2,2,2,2,0,0,0
2008,55,25,1,550319,1,5,2,2,1,2,3,2,3,2,2,2,2,2,1,1,2,2,2,2,1,2,2,2,2,2,1,1,1,2,2,0,0,0
2008,55,53,2,550320,1,5,2,1,1,2,1,2,3,2,2,2,2,2,2,2,2,2,1,2,3,2,2,2,2,1,2,2,1,2,2,0,0,0
2008,55,135,1,550321,1,5,1,2,1,2,4,2,5,1,1,2,2,2,2,2,2,2,2,2,2,2,2,2,2,1,2,2,1,2,2,0,0,0
2008,55,83,1,550322,1,5,1,2,1,2,6,2,4,1,1,2,2,2,2,2,2,2,1,2,3,1,1,1,1,2,1,1,2,1,2,1,0,1
2008,55,5,1,550323,1,5,1,2,1,2,6,2,5,2,1,2,2,2,2,1,2,2,1,2,3,2,2,2,2,2,2,2,2,2,2,0,0,0
2008,55,139,1,550324,1,5,2,2,4,2,2,3,1,2,1,2,1,2,2,2,2,2,1,2,1,2,2,2,2,2,2,2,1,1,2,0,0,0
2008,55,65,1,550325,1,5,1,2,1,2,4,2,1,2,1,2,1,2,2,2,1,2,2,2,2,2,2,2,2,2,2,2,2,2,2,0,0,0
2008,55,65,1,550326,1,5,1,2,4,2,3,2,1,2,1,2,1,2,2,2,2,2,1,2,2,2,2,2,2,1,2,2,1,2,2,0,0,0
2008,55,39,1,550327,1,5,1,2,1,2,6,2,1,1,2,2,1,2,1,2,2,2,2,2,3,2,2,2,2,2,2,2,2,2,2,0,0,0
2008,55,55,1,550328,1,5,1,2,4,2,5,2,1,1,2,2,1,2,1,2,2,2,2,2,2,2,2,2,2,2,2,2,1,2,2,0,0,0
2008,55,49,2,550329,1,5,1,2,1,1,3,1,4,2,1,2,2,1,2,2,2,2,2,2,2,2,2,2,2,1,2,2,2,2,2,0,0,0
2008,55,75,1,550330,1,5,1,2,4,2,3,2,1,2,2,2,1,2,1,2,2,2,2,2,2,2,2,2,2,2,2,2,1,1,2,0,0,0
2008,55,79,1,550331,1,5,2,2,4,2,3,2,1,2,1,2,1,2,2,1,2,2,2,2,1,2,2,2,2,2,2,2,1,2,2,0,0,0
2008,55,85,1,550332,1,5,1,2,1,1,4,1,1,1,1,2,1,2,1,2,2,2,2,2,3,2,2,2,2,2,2,2,2,1,2,0,0,0
2008,55,111,1,550333,1,5,1,2,1,2,6,2,1,1,1,2,1,2,2,2,2,2,1,2,1,2,2,2,2,2,2,2,2,2,2,0,0,0
2008,55,79,1,550334,1,5,2,2,4,2,4,2,1,2,2,2,1,2,2,2,2,2,1,2,1,2,2,2,2,2,1,1,1,2,2,0,0,0
2008,55,139,1,550335,1,5,1,2,1,1,6,1,4,1,1,2,2,1,2,2,2,2,1,2,2,2,2,2,2,1,2,2,2,2,2,0,0,0
2008,55,27,1,550336,1,5,1,2,1,1,4,1,4,2,2,2,2,2,1,2,2,2,2,2,1,2,2,2,2,2,2,2,2,1,2,0,0,0
2008,55,53,1,550337,1,5,1,2,1,2,6,2,3,1,2,2,2,2,2,1,2,2,2,2,1,2,2,2,2,2,1,1,1,2,2,0,0,0
2008,55,83,1,550338,1,5,1,2,1,1,4,1,4,2,2,2,2,2,2,2,2,2,2,2,2,2,2,2,2,1,2,2,2,1,2,0,0,0
2008,55,17,1,550339,1,5,1,2,4,2,5,2,1,2,2,2,1,2,1,2,2,2,2,2,1,2,2,2,2,2,2,2,1,2,2,0,0,0
2008,55,55,1,550340,1,5,1,2,4,2,5,2,1,2,2,2,1,2,2,2,2,2,2,2,1,2,2,2,2,2,1,1,1,2,2,0,0,0
2008,55,119,1,550341,1,5,1,2,1,2,3,2,1,2,2,2,1,2,2,2,1,2,2,2,2,2,2,2,2,2,1,1,2,2,2,0,0,0
2008,55,13,1,550342,1,5,1,2,1,2,6,2,4,1,2,2,2,2,2,2,2,2,2,2,2,1,1,1,1,1,2,1,1,2,2,0,0,0
2008,55,75,1,550343,1,5,1,2,4,2,5,2,1,1,2,2,1,2,2,2,2,2,1,2,1,2,2,2,2,2,2,2,1,2,2,0,0,0
2008,55,1,1,550344,1,5,1,2,1,1,5,1,4,2,1,2,2,2,2,2,2,2,2,2,2,2,2,2,2,2,2,2,2,2,2,0,0,0
2008,55,101,1,550345,1,5,2,2,1,1,5,1,4,2,2,2,2,2,2,2,2,2,2,2,1,2,2,1,1,2,2,1,2,2,2,0,0,0
2008,55,137,2,550346,1,5,1,2,4,2,6,2,1,2,1,2,1,2,2,2,2,2,1,2,1,2,2,2,2,2,2,2,1,2,2,0,0,0
2008,55,79,1,550347,1,5,2,2,1,1,3,1,5,1,1,2,2,2,1,2,2,2,2,2,1,2,2,2,2,2,2,2,2,2,2,0,0,0
2008,55,105,1,550348,1,5,2,2,1,1,5,1,4,1,1,2,2,2,2,2,2,2,2,2,3,2,2,2,2,1,2,2,2,2,2,0,0,0
2008,55,101,1,550349,1,5,2,2,1,2,6,2,1,2,2,1,1,2,2,2,1,2,2,2,3,2,2,2,2,2,2,2,2,2,2,0,0,0
2008,55,79,1,550350,1,5,2,2,1,2,3,2,1,2,2,2,1,2,2,2,1,2,2,2,1,2,2,2,2,2,2,2,2,2,2,0,0,0
2008,55,1,1,550351,1,5,1,2,4,1,4,1,1,2,2,2,1,2,1,1,2,2,2,2,1,2,2,2,2,2,2,2,2,2,2,0,0,0
2008,55,11,1,550352,1,5,1,2,1,2,6,2,3,2,2,2,2,2,2,2,2,2,1,2,2,1,1,1,1,2,2,1,1,2,2,0,0,0
2008,55,93,1,550353,1,5,1,2,4,2,4,2,1,1,2,2,1,2,1,2,2,2,2,2,2,2,2,2,2,2,2,2,1,2,2,0,0,0
2008,55,9,1,550354,1,5,1,2,1,1,5,1,3,1,1,2,2,2,2,2,2,2,2,2,3,1,1,1,1,2,2,1,2,2,2,0,0,0
2008,55,31,1,550355,1,5,2,2,1,2,6,2,1,2,1,2,1,2,2,2,2,2,2,2,2,2,2,2,2,2,1,1,2,2,2,0,0,0
2008,55,65,1,550356,1,5,1,2,1,2,4,2,1,2,2,2,1,2,1,2,2,2,2,2,1,2,2,2,2,2,1,1,1,2,2,0,0,0
2008,55,35,2,550357,1,5,1,2,4,2,6,2,1,2,1,2,1,2,2,2,2,2,1,2,1,1,1,1,1,2,2,1,1,2,2,0,0,0
2008,55,117,1,550358,1,5,1,2,1,2,5,2,4,2,1,2,2,2,1,2,2,2,2,2,3,2,2,2,2,2,2,2,1,1,2,0,0,0
2008,55,139,2,550359,1,5,2,2,1,2,2,2,4,1,1,2,2,2,2,1,2,2,2,2,3,1,1,1,1,2,2,1,1,2,2,0,0,0
2008,55,79,1,550360,1,5,2,2,4,2,3,2,1,1,1,2,1,2,1,2,2,2,2,2,2,2,2,2,2,2,2,2,1,2,2,0,0,0
2008,55,73,1,550361,1,5,1,2,1,2,6,2,4,1,1,2,2,2,2,2,2,2,1,2,2,2,2,2,2,2,1,1,1,2,2,0,0,0
2008,55,111,1,550362,1,5,1,2,1,2,3,2,1,1,1,2,1,1,2,2,1,2,2,2,2,2,2,2,2,2,2,2,2,2,2,0,0,0
2008,55,27,1,550363,1,5,1,2,4,2,5,2,1,2,1,2,1,2,2,1,2,2,1,2,2,1,1,1,1,2,2,1,1,2,2,0,0,0
2008,55,97,1,550364,1,5,2,1,1,2,1,2,4,1,1,2,3,2,2,2,2,2,1,2,3,2,2,2,2,2,1,1,1,2,2,0,0,0
2008,55,59,1,550365,1,5,2,2,2,2,4,2,1,2,2,1,1,2,2,2,2,1,2,2,3,2,2,2,2,2,2,2,2,2,2,0,0,0
2008,55,127,1,550366,1,5,2,2,1,1,3,1,1,1,1,2,1,2,2,2,2,2,2,2,3,2,2,2,2,2,1,1,2,2,2,0,0,0
2008,55,71,1,550367,1,5,1,2,4,2,6,2,1,1,2,2,1,2,1,2,2,2,2,2,3,2,2,2,2,2,2,2,1,2,2,0,0,0
2008,55,115,1,550368,1,5,1,2,1,1,6,1,4,1,1,2,2,2,1,2,2,2,2,2,3,2,2,2,2,2,2,2,2,2,2,0,0,0
2008,55,95,1,550369,1,5,1,2,1,2,3,3,3,1,2,2,2,2,2,2,2,2,2,2,3,2,2,2,2,2,2,2,1,2,2,0,0,0
2008,55,105,1,550370,1,5,2,2,1,1,3,1,4,1,1,2,2,2,1,2,2,2,2,2,1,1,1,1,1,2,2,1,2,2,2,0,0,0
2008,55,135,1,550371,1,5,2,2,4,2,6,2,1,2,2,2,1,2,2,1,2,2,2,2,1,2,2,2,2,2,2,2,1,2,2,0,0,0
2008,55,109,1,550372,1,5,2,2,4,2,4,2,1,2,2,2,1,2,2,2,2,2,1,2,1,2,2,2,2,2,2,2,1,2,2,0,0,0
2008,55,27,1,550373,1,5,1,2,4,2,6,2,1,1,1,2,1,2,2,1,2,2,1,2,2,1,1,1,1,2,2,1,1,2,2,0,0,0
2008,55,99,2,550374,1,5,1,2,4,2,4,2,1,2,1,2,1,2,2,2,2,2,2,2,2,2,2,2,2,1,2,2,1,2,2,0,0,0
2008,55,59,1,550375,1,5,2,2,4,2,5,2,1,2,1,2,1,2,2,2,2,2,2,2,1,2,2,2,2,2,1,1,1,2,2,0,0,0
2008,55,15,2,550376,1,5,1,2,1,1,6,1,4,2,2,2,2,2,2,2,2,2,1,2,1,1,1,1,1,2,2,1,2,2,2,0,0,0
2008,55,119,1,550377,1,5,1,2,4,2,5,2,1,2,2,2,1,2,1,2,2,2,2,2,1,2,2,2,2,2,2,2,1,2,2,0,0,0
2008,55,69,1,550378,1,5,1,2,1,2,3,2,1,1,2,2,1,2,2,2,2,2,1,2,3,2,2,2,2,2,2,2,1,2,2,0,0,0
2008,55,75,1,550379,1,5,1,2,1,2,4,2,1,2,2,2,2,2,2,1,2,2,2,2,3,2,2,1,1,1,2,1,2,2,2,0,0,0
2008,55,21,1,550380,1,5,1,2,1,2,4,2,3,1,1,2,2,1,2,2,2,2,1,2,2,2,2,2,2,2,2,2,1,2,2,0,0,0
2008,55,133,1,550381,1,5,2,2,4,1,6,1,1,1,1,2,1,2,2,2,2,2,2,2,2,2,2,2,2,2,2,2,2,2,2,0,0,0
2008,55,31,1,550382,1,5,1,2,4,1,6,1,1,1,1,2,1,2,1,2,2,2,2,2,1,2,2,2,2,2,2,2,2,2,2,0,0,0
2008,55,87,1,550383,1,5,2,2,4,2,4,2,1,2,1,2,1,2,2,1,2,2,1,2,1,2,2,2,2,2,1,1,1,2,2,0,0,0
2008,55,87,1,550384,1,5,2,2,1,1,5,1,4,1,1,2,2,1,2,2,2,2,2,2,3,2,2,2,2,1,2,2,2,1,2,0,0,0
2008,55,5,1,550385,1,5,1,2,3,2,3,2,1,2,2,2,1,2,2,2,2,2,1,2,3,2,2,2,2,2,2,2,1,1,1,0,0,0
2008,55,73,1,550386,1,5,1,2,1,2,5,2,1,2,1,2,1,2,2,2,2,1,2,2,2,2,2,2,2,2,2,2,2,2,2,0,0,0
2008,55,9,1,550387,1,5,1,2,2,2,5,2,1,2,1,2,1,2,1,2,2,2,2,2,1,2,2,2,2,2,2,2,1,2,2,0,0,0
2008,55,25,1,550388,1,5,2,2,1,1,3,1,4,1,1,2,2,2,2,2,2,2,2,2,2,1,1,1,1,2,2,1,2,2,2,0,0,0
2008,55,139,1,550389,1,5,1,2,4,2,5,2,1,2,2,2,1,2,1,1,2,2,2,2,2,2,2,2,2,2,2,2,1,2,2,0,0,0
2008,55,137,1,550390,1,5,1,2,4,2,5,2,1,1,2,2,1,2,1,2,2,2,2,2,2,2,2,2,2,1,2,2,1,2,2,0,0,0
2008,55,1,1,550391,1,5,1,2,4,2,5,2,1,2,1,2,1,2,2,1,2,2,1,2,1,2,2,2,2,2,2,2,1,2,2,0,0,0
2008,55,111,1,550392,1,5,1,1,3,2,1,2,1,1,1,2,1,2,2,1,2,2,1,2,2,2,2,2,2,2,2,2,1,2,2,0,0,0
2008,55,81,1,550393,1,5,1,1,2,2,1,2,1,2,1,2,1,2,2,1,2,2,2,2,2,2,2,2,2,2,2,2,1,2,2,0,0,0
2008,55,131,1,550394,1,5,1,2,1,2,3,2,3,1,1,2,2,2,2,2,2,2,2,2,3,1,1,1,1,2,2,1,1,1,2,0,0,0
2008,55,33,1,550395,1,5,2,2,4,2,6,2,1,2,1,2,1,2,1,2,2,2,2,2,1,2,2,2,2,2,2,2,1,1,2,0,0,0
2008,55,23,1,550396,1,5,1,2,4,2,5,2,1,1,1,2,1,2,2,1,2,2,1,2,1,2,2,2,2,2,2,2,1,2,2,0,0,0
2008,55,73,1,550397,1,5,1,2,1,1,5,1,4,1,1,2,2,1,2,2,2,2,1,2,2,1,1,1,1,2,2,1,2,1,2,0,0,0
2008,55,23,1,550398,1,5,1,2,4,2,5,2,1,2,2,2,1,2,2,2,2,2,2,2,1,2,2,2,2,2,2,2,1,2,1,0,0,0
2008,55,95,1,550399,1,5,1,2,4,2,5,2,1,2,2,2,1,2,2,1,2,2,1,2,1,2,2,2,2,2,1,1,1,2,2,0,0,0
2008,55,83,1,550400,1,5,1,2,4,2,6,2,1,2,2,2,1,2,2,2,2,2,1,2,2,2,2,2,2,2,2,2,1,2,2,0,0,0
2008,55,83,1,550401,1,5,1,2,4,2,5,2,1,1,2,2,1,2,2,2,2,2,1,2,1,2,2,2,2,2,2,2,1,1,2,0,0,0
2008,55,17,1,550402,1,5,1,2,4,2,6,2,1,2,2,2,1,2,2,1,2,2,1,2,2,2,2,2,2,2,2,2,1,1,2,0,0,0
2008,55,121,1,550403,1,5,1,2,2,2,5,2,1,2,2,2,1,2,1,2,2,2,2,2,1,2,2,2,2,2,2,2,1,2,2,0,0,0
2008,55,25,3,550404,1,5,2,2,4,2,3,2,1,2,1,2,1,2,2,1,2,2,2,2,1,2,2,2,2,2,1,1,1,2,2,0,0,0
2008,55,105,2,550405,1,5,1,2,1,2,5,3,4,1,2,2,3,1,1,1,2,2,2,2,1,2,2,2,2,2,2,2,2,1,2,0,0,0
2008,55,79,1,550406,1,5,2,2,1,1,3,1,1,2,2,1,1,2,2,2,1,2,2,2,1,2,2,2,2,2,1,1,2,2,2,0,0,0
2008,55,97,2,550407,1,5,1,2,1,2,4,2,4,1,2,2,2,2,2,2,2,2,2,2,3,1,1,1,1,2,2,1,1,1,2,0,0,0
2008,55,109,1,550408,1,5,2,2,1,1,3,1,1,1,1,2,1,2,2,2,2,1,2,2,2,2,2,2,2,2,1,1,2,2,2,0,0,0
2008,55,35,1,550409,1,5,1,2,1,2,5,2,3,1,1,2,2,1,2,2,2,2,2,2,2,2,2,2,2,1,2,2,1,1,2,0,0,0
2008,55,69,2,550410,1,5,1,2,1,1,4,1,4,1,1,2,2,1,1,2,2,2,2,2,2,2,2,2,2,2,1,1,2,2,2,0,0,0
2008,55,59,1,550411,1,5,2,2,1,1,3,1,2,1,1,2,2,2,1,2,2,2,2,2,2,1,1,1,1,2,2,1,2,1,2,0,0,0
2008,55,123,1,550412,1,5,1,2,1,2,3,2,5,1,1,2,3,2,2,2,2,2,2,2,3,2,2,2,2,1,1,1,2,2,2,0,0,0
2008,55,55,1,550413,1,5,1,1,4,2,1,2,1,2,1,2,1,2,2,1,2,2,1,2,1,2,2,2,2,2,2,2,1,2,2,0,0,0
2008,55,79,1,550414,1,5,2,2,1,1,3,1,4,1,1,2,3,2,2,2,2,2,2,2,3,2,2,2,2,2,2,2,2,1,2,0,0,0
2008,55,27,1,550415,1,5,1,2,4,2,6,2,1,2,2,2,1,2,2,1,2,2,1,2,1,1,1,1,1,2,2,1,1,2,2,0,0,0
2008,55,95,1,550416,1,5,1,2,1,2,4,2,1,1,1,2,1,2,2,2,1,2,2,2,3,1,1,1,1,2,2,1,2,2,2,0,0,0
2008,55,15,1,550417,1,5,1,2,2,2,4,2,1,2,2,2,1,2,1,1,2,2,2,2,1,2,2,2,2,2,2,2,1,2,2,0,0,0
2008,55,123,1,550418,1,5,1,2,2,2,4,2,1,1,2,2,1,2,2,2,2,2,1,2,3,2,2,2,2,1,2,2,1,2,2,0,0,0
2008,55,57,1,550419,1,5,1,2,4,2,5,2,1,1,2,2,1,2,1,1,2,2,2,2,2,2,2,2,2,2,2,2,1,2,2,0,0,0
2008,55,45,1,550420,1,5,1,2,4,2,6,2,1,2,1,2,1,2,2,2,2,2,2,2,1,1,1,1,1,2,2,1,1,2,2,0,0,0
2008,55,57,1,550421,1,5,1,2,4,2,5,2,1,2,1,2,1,2,1,1,2,2,2,2,1,2,2,2,2,2,1,1,1,2,2,0,0,0
2008,55,95,1,550422,1,5,1,2,4,2,4,2,1,2,2,2,1,2,2,1,2,2,1,2,1,2,2,2,2,2,2,2,1,2,2,0,0,0
2008,55,133,1,550423,1,5,2,2,1,2,2,2,1,2,2,2,1,2,2,2,2,2,2,2,1,2,2,2,2,2,2,2,1,1,2,0,0,0
2008,55,5,1,550424,1,5,1,2,4,2,6,2,1,2,2,2,1,2,2,1,2,2,2,2,2,2,2,1,1,2,2,1,1,2,2,0,0,0
2008,55,29,1,550425,1,5,1,2,1,2,6,2,1,2,2,2,1,2,1,1,2,2,2,2,1,2,2,2,2,2,2,2,2,2,2,0,0,0
2008,55,109,1,550426,1,5,1,2,4,2,5,2,1,2,2,2,1,2,2,2,2,2,1,2,3,2,2,2,2,1,2,2,1,2,2,0,0,0
2008,55,103,1,550427,1,5,1,2,4,2,4,2,1,2,1,2,1,2,2,2,2,2,1,2,3,2,2,2,2,2,2,2,1,1,2,0,0,0
2008,55,17,1,550428,1,5,1,2,4,2,5,2,1,2,2,2,1,2,2,2,2,2,1,2,1,2,2,2,2,2,1,1,1,2,2,0,0,0
2008,55,5,1,550429,1,5,1,2,4,2,5,2,1,2,1,2,1,2,2,2,2,2,1,2,1,2,2,2,2,2,2,2,1,2,2,0,0,0
2008,55,109,1,550430,1,5,1,2,4,1,6,1,1,2,2,2,1,2,1,2,2,2,2,2,1,2,2,2,2,2,2,2,2,1,2,0,0,0
2008,55,97,1,550431,1,5,1,2,4,2,5,2,1,2,2,2,1,2,2,1,2,2,1,2,1,2,2,2,2,2,2,2,1,2,2,0,0,0
2008,55,141,1,550432,1,5,1,2,1,2,6,2,1,2,1,2,1,2,2,2,2,2,1,2,2,2,2,2,2,2,2,2,2,2,2,0,0,0
2008,55,125,1,550433,1,5,1,2,2,2,4,2,1,1,1,2,1,2,2,1,2,2,1,2,3,2,2,2,2,1,2,2,1,2,2,0,0,0
2008,55,71,1,550434,1,5,1,2,1,2,6,2,1,2,1,2,1,2,2,1,1,2,2,2,2,2,2,2,2,2,2,2,2,2,2,0,0,0
2008,55,9,1,550435,1,5,1,2,1,2,5,2,1,2,1,2,1,2,2,2,1,2,2,2,2,2,2,2,2,2,2,2,2,2,2,0,0,0
2008,55,89,1,550436,1,5,2,2,1,1,3,1,1,1,1,2,1,2,2,2,1,2,2,2,3,2,2,2,2,1,2,2,2,2,2,0,0,0
2008,55,29,1,550437,1,5,1,2,2,2,6,2,1,1,1,2,1,2,2,2,2,2,1,2,2,2,2,2,2,2,2,2,1,1,2,0,0,0
2008,55,25,1,550438,1,5,1,2,4,2,5,2,1,2,2,2,1,2,2,2,2,2,1,2,1,2,2,2,2,2,1,1,1,2,2,0,0,0
2008,55,25,1,550439,1,5,1,2,1,1,4,1,3,1,2,2,2,2,1,2,2,2,2,2,3,2,2,2,2,1,2,2,2,1,2,0,0,0
2008,55,71,1,550440,1,5,1,2,1,2,6,2,1,2,2,2,1,2,2,2,1,2,2,2,2,2,2,2,2,2,2,2,2,2,2,0,0,0
2008,55,117,1,550441,1,5,1,2,1,1,3,1,2,2,1,2,2,1,2,2,2,2,2,2,3,2,2,2,2,1,2,2,2,2,2,0,0,0
2008,55,41,1,550442,1,5,1,2,1,2,5,2,3,1,1,2,2,1,1,1,2,2,2,2,2,2,2,2,2,2,2,2,1,2,2,0,0,0
2008,55,25,1,550443,1,5,2,2,1,2,3,2,4,2,1,2,2,2,2,2,2,2,2,2,3,2,2,2,2,1,1,1,1,2,2,0,0,0
2008,55,103,1,550444,1,5,1,2,4,2,4,2,1,2,2,2,2,2,2,1,2,2,1,2,1,2,2,2,2,2,2,2,1,2,2,0,0,0
2008,55,87,1,550445,1,5,1,2,1,2,5,2,3,2,1,2,2,2,2,2,2,2,2,2,2,2,2,2,2,1,2,2,1,2,2,0,0,0
2008,55,5,1,550446,1,5,1,2,1,1,3,1,4,2,2,2,2,2,2,2,2,2,2,2,2,2,2,2,2,2,1,1,2,1,2,0,0,0
2008,55,79,1,550447,1,5,2,2,4,2,6,2,1,1,1,2,1,2,2,1,2,2,2,2,2,1,1,1,1,2,2,1,1,2,2,0,0,0
2008,55,59,1,550448,1,5,2,2,4,2,3,2,1,2,2,1,1,2,2,2,2,2,2,2,1,1,1,1,1,2,2,1,1,2,2,0,0,0
2008,55,79,1,550449,1,5,2,2,1,1,4,1,1,1,2,2,1,2,2,2,1,2,2,2,3,2,2,2,2,2,2,2,2,2,2,0,0,0
2008,55,109,1,550450,1,5,1,2,1,1,6,1,4,1,1,2,2,1,2,2,2,2,1,2,3,1,1,1,1,2,2,1,2,2,2,0,0,0
2008,55,25,3,550451,1,5,1,2,1,2,5,2,4,2,2,2,2,2,2,2,2,2,2,2,1,2,2,2,2,2,1,1,1,1,1,0,0,0
2008,55,7,1,550452,1,5,1,2,1,2,4,2,5,1,2,2,2,2,2,2,2,2,1,2,3,2,2,2,2,1,2,2,1,1,2,0,0,0
2008,55,55,2,550453,1,5,1,2,1,2,5,2,4,2,2,2,3,2,2,2,2,2,1,2,3,2,2,1,1,1,2,1,1,2,2,0,0,0
2008,55,21,1,550454,1,5,1,2,1,2,4,2,4,1,2,2,2,2,1,2,2,2,2,2,3,2,2,2,2,2,2,2,1,2,2,0,0,0
2008,55,133,1,550455,1,5,2,2,1,1,3,1,4,1,1,2,3,2,2,1,2,2,1,2,3,2,2,1,1,1,2,1,2,2,2,0,0,0
2008,55,79,1,550456,1,5,2,2,1,2,6,2,1,2,1,1,1,2,2,1,1,2,2,2,3,2,2,2,2,2,2,2,2,2,2,0,0,0
2008,55,79,1,550457,1,5,2,2,1,1,4,1,4,2,1,2,2,2,2,1,2,2,2,1,3,2,2,2,2,2,2,2,2,2,2,0,0,0
2008,55,43,1,550458,1,5,1,2,4,2,3,2,1,2,1,2,1,2,2,1,2,2,2,2,1,2,2,2,2,2,2,2,1,2,2,0,0,0
2008,55,127,1,550459,1,5,1,2,1,2,3,2,2,1,1,2,3,1,2,2,2,2,2,2,3,2,2,2,2,2,2,2,2,1,2,0,0,0
2008,55,9,1,550460,1,5,2,2,1,2,4,2,5,2,2,2,2,2,2,2,2,2,1,2,1,1,1,1,1,2,2,1,1,2,2,0,0,0
2008,55,78,1,550461,1,5,1,2,1,2,4,2,1,2,2,1,1,2,2,2,2,2,2,2,1,2,2,2,2,2,2,2,2,2,2,1,1,1
2008,55,85,1,550462,1,5,1,2,1,2,3,2,4,1,1,2,3,2,2,2,2,2,1,2,3,2,2,2,2,1,2,2,1,2,2,0,0,0
2008,55,101,1,550463,1,5,2,2,1,2,3,2,1,2,2,2,1,2,2,2,1,2,2,2,1,2,2,2,2,2,2,2,2,2,2,0,0,0
2008,55,111,1,550464,1,5,1,2,1,2,5,2,1,2,2,1,1,2,2,2,1,2,2,2,2,1,1,1,1,2,2,1,2,1,2,0,0,0
2008,55,21,1,550465,1,5,1,2,4,2,6,2,1,2,2,2,1,2,2,1,2,2,2,2,2,1,1,1,1,2,2,1,1,2,2,0,0,0
2008,55,133,1,550466,1,5,2,1,1,2,1,2,5,2,1,2,2,1,2,2,2,2,1,2,2,2,2,2,2,2,2,2,2,2,2,0,0,0
2008,55,9,1,550467,1,5,2,2,4,2,3,2,1,2,2,2,1,2,2,1,2,2,1,2,1,2,2,2,2,2,2,2,1,2,2,1,0,1
2008,55,129,1,550468,1,5,1,2,4,2,5,2,1,2,2,2,1,2,2,1,2,2,1,2,1,2,2,2,2,2,2,2,1,2,2,0,0,0
2008,55,133,1,550469,1,5,2,2,1,2,3,2,1,2,2,2,1,2,1,2,2,2,2,2,2,2,2,2,2,2,2,2,2,2,2,0,0,0
2008,55,19,1,550470,1,5,1,2,1,2,4,2,1,1,1,2,1,2,2,2,1,2,2,2,2,2,2,2,2,2,2,2,2,2,2,0,0,0
2008,55,75,1,550471,1,5,1,2,1,2,3,2,3,1,1,2,3,2,2,2,2,2,2,2,3,2,2,2,2,1,2,2,1,1,2,0,0,0
2008,55,59,1,550472,1,5,1,2,2,2,5,2,1,2,1,2,1,2,1,1,2,2,2,2,2,2,2,2,2,2,2,2,1,2,2,0,0,0
2008,55,59,1,550473,1,5,1,2,4,1,6,1,1,1,2,2,1,2,2,2,2,2,2,2,1,2,2,2,2,2,1,1,2,1,2,0,0,0
2008,55,59,1,550474,1,5,2,2,1,1,3,1,3,1,2,2,2,2,2,2,2,2,2,2,2,2,2,1,1,2,2,1,2,2,2,0,0,0
2008,55,131,1,550475,1,5,1,2,1,1,5,1,4,1,1,2,2,2,2,2,2,2,2,2,1,2,2,2,2,2,2,2,2,2,2,0,0,0
2008,55,71,1,550476,1,5,1,2,2,2,5,2,1,2,2,2,1,2,1,2,2,2,2,2,1,2,2,2,2,2,2,2,1,2,2,0,0,0
2008,55,111,1,550477,1,5,2,2,1,1,3,1,4,2,1,2,2,2,2,2,2,2,2,2,2,1,1,1,1,2,2,1,2,2,2,0,0,0
2008,55,89,1,550478,1,5,1,2,2,2,5,2,1,2,1,2,1,2,2,2,2,2,2,2,1,2,2,2,2,2,2,2,1,2,2,0,0,0
2008,55,39,1,550479,1,5,1,2,4,2,5,2,1,1,1,2,1,2,2,2,2,2,1,2,2,2,2,2,2,2,2,2,1,2,2,0,0,0
2008,55,43,1,550480,1,5,1,2,4,2,6,2,1,1,1,2,1,2,2,2,2,2,1,2,1,2,2,2,2,2,2,2,1,2,2,0,0,0
2008,55,111,1,550481,1,5,1,2,4,2,5,2,1,1,1,2,1,2,2,1,2,2,2,2,2,2,2,2,2,2,1,1,1,2,2,0,0,0
2008,55,63,1,550482,1,5,1,2,1,2,5,2,1,1,2,2,1,2,1,2,2,2,2,2,3,2,2,2,2,2,2,2,2,2,2,0,0,0
2008,55,9,1,550483,1,5,2,2,4,1,5,1,1,2,2,2,1,2,2,1,2,2,2,2,1,2,2,2,2,2,2,2,2,1,2,0,0,0
2008,55,55,1,550484,1,5,1,2,1,1,3,1,6,1,1,2,2,1,2,1,2,2,2,2,2,2,2,2,2,2,1,1,2,1,2,0,0,0
2008,55,17,1,550485,1,5,1,2,2,2,3,2,1,2,1,2,1,2,2,1,2,2,1,2,2,2,2,2,2,2,2,2,1,2,2,0,0,0
2008,55,33,1,550486,1,5,1,2,1,1,4,1,4,1,1,2,2,1,2,2,2,2,2,2,3,2,2,2,2,2,1,1,2,2,2,0,0,0
2008,55,115,1,550487,1,5,1,2,1,1,3,1,4,1,1,2,3,1,2,2,2,2,2,2,3,2,2,2,2,1,2,2,2,2,2,0,0,0
2008,55,79,1,550488,1,5,2,2,1,2,4,2,1,2,1,2,1,2,2,2,1,2,2,2,2,2,2,2,2,2,2,2,2,2,2,0,0,0
2008,55,133,2,550489,1,5,2,1,3,2,1,3,1,1,1,2,1,2,2,2,2,2,2,2,2,2,2,2,2,1,2,2,1,2,2,0,0,0
2008,55,85,1,550490,1,5,1,2,2,2,6,2,1,1,2,2,1,2,2,1,2,2,1,2,3,2,2,2,2,2,2,2,1,2,2,0,0,0
2008,55,95,2,550491,1,5,1,2,4,2,6,2,1,2,2,2,1,2,2,1,2,2,1,2,1,2,2,2,2,2,2,2,1,2,2,0,0,0
2008,55,71,1,550492,1,5,1,2,1,2,5,2,4,1,2,2,2,2,2,1,2,2,2,2,3,2,2,2,2,2,2,2,1,2,2,0,0,0
2008,55,79,1,550493,1,5,2,2,1,1,3,1,4,2,1,2,2,2,2,1,2,2,2,2,2,2,2,2,2,2,2,2,2,1,2,0,0,0
2008,55,59,1,550494,1,5,1,2,1,2,5,2,4,1,1,2,2,2,2,1,2,2,2,2,3,2,2,2,2,2,1,1,1,2,2,0,0,0
2008,55,109,1,550495,1,5,2,2,1,2,3,3,4,2,1,2,2,1,2,2,2,2,1,2,2,2,2,2,2,2,2,2,2,2,2,0,0,0
2008,55,73,2,550496,1,5,1,2,1,2,5,2,3,1,1,2,2,2,2,2,2,2,2,2,2,2,2,1,1,2,2,1,1,2,2,0,0,0
2008,55,105,1,550497,1,5,2,2,1,1,3,1,4,1,1,2,2,2,2,2,2,2,2,2,1,2,2,2,2,2,2,2,2,2,2,0,0,0
2008,55,65,1,550498,1,5,1,2,1,2,4,2,3,2,1,2,2,2,2,2,2,2,2,2,1,2,2,2,2,1,1,1,1,2,1,0,0,0
2008,55,3,1,550499,1,5,1,2,1,2,3,2,1,2,2,2,1,2,2,2,1,2,2,2,2,2,2,2,2,1,2,2,2,2,2,1,1,1
2008,55,25,1,550500,1,5,2,2,1,2,4,2,1,2,2,2,1,2,2,2,1,2,2,2,3,2,2,2,2,2,2,2,2,2,2,0,0,0
2008,55,109,1,550501,1,5,1,2,2,1,5,1,1,2,1,2,1,2,2,1,2,2,1,2,1,2,2,2,2,2,1,1,2,2,2,0,0,0
2008,55,133,1,550502,1,5,2,2,1,2,3,2,4,1,1,2,2,2,2,2,2,2,2,2,1,2,2,2,2,2,2,2,1,2,2,0,0,0
2008,55,35,1,550503,1,5,2,2,1,1,6,1,1,1,1,2,1,2,2,2,1,2,2,2,2,2,2,2,2,2,2,2,2,2,2,0,0,0
2008,55,93,1,550504,1,5,1,2,4,2,5,2,1,2,2,2,1,2,2,1,2,2,1,2,1,2,2,2,2,2,2,2,1,2,2,0,0,0
2008,55,25,1,550505,1,5,1,2,1,2,3,2,4,2,2,2,2,2,2,1,2,2,2,2,1,2,2,2,2,2,2,2,1,2,2,0,0,0
2008,55,101,1,550506,1,5,2,2,1,2,4,2,4,2,2,2,2,2,2,1,2,2,2,2,1,2,2,2,2,2,1,1,1,2,2,0,0,0
2008,55,83,1,550507,1,5,1,2,4,1,5,1,1,1,2,2,1,2,2,2,2,2,1,2,1,2,2,2,2,2,2,2,2,2,2,0,0,0
2008,55,25,1,550508,1,5,1,2,4,1,6,1,1,1,1,2,1,2,2,2,2,2,2,2,2,2,2,2,2,2,2,2,2,2,2,0,0,0
2008,55,31,1,550509,1,5,1,2,4,2,5,2,1,1,1,2,1,2,2,2,2,2,1,2,2,2,2,2,2,2,2,2,1,2,2,0,0,0
2008,55,79,1,550510,1,5,2,2,1,2,4,3,4,2,2,1,2,2,2,1,2,2,2,2,3,2,2,2,2,1,2,2,2,2,2,0,0,0
2008,55,73,1,550511,1,5,1,2,1,2,5,2,3,2,2,2,2,2,2,1,2,2,2,2,1,2,2,2,2,2,2,2,1,1,2,0,0,0
2008,55,21,1,550512,1,5,1,2,1,2,6,2,3,1,2,2,2,2,2,2,2,2,2,2,1,2,2,2,2,1,1,1,1,2,2,0,0,0
2008,55,33,1,550513,1,5,1,2,1,2,3,2,4,1,1,2,2,2,2,1,2,2,2,2,3,2,2,2,2,2,2,2,1,2,2,0,0,0
2008,55,25,1,550514,1,5,1,2,4,2,3,2,1,1,1,2,1,2,2,2,2,2,1,2,2,2,2,2,2,2,2,2,1,2,2,0,0,0
2008,55,125,1,550515,1,5,1,2,1,2,4,2,4,1,1,2,3,1,2,1,2,2,2,2,3,2,2,2,2,1,2,2,1,2,2,1,0,1
2008,55,111,1,550516,1,5,1,2,1,2,4,2,4,2,1,2,2,2,2,1,2,2,2,2,2,2,2,2,2,2,2,2,1,2,2,0,0,0
2008,55,87,1,550517,1,5,1,2,1,2,3,2,3,2,1,2,2,2,2,2,2,2,2,2,3,2,2,2,2,2,2,2,1,2,2,0,0,0
2008,55,71,1,550518,1,5,1,2,1,2,3,2,4,1,1,2,2,2,2,1,2,2,2,2,2,2,2,2,2,2,2,2,1,2,2,0,0,0
2008,55,27,2,550519,1,5,1,2,1,2,3,2,4,1,1,2,2,2,2,2,2,2,2,2,2,2,2,2,2,1,2,2,1,2,2,0,0,0
2008,55,25,1,550520,1,5,1,2,1,2,3,2,4,1,1,2,2,2,2,1,2,2,2,2,3,1,1,1,1,2,2,1,1,2,2,0,0,0
2008,55,123,1,550521,1,5,1,2,1,2,3,2,4,1,1,2,2,2,2,2,2,2,2,2,3,2,2,2,2,1,1,1,1,2,2,0,0,0
2008,55,111,1,550522,1,5,1,2,1,2,3,2,1,2,1,1,1,2,2,2,1,2,2,2,3,2,2,2,2,2,2,2,2,2,2,0,0,0
2008,55,55,1,550523,1,5,1,1,2,2,1,2,1,1,1,2,1,1,2,2,2,2,2,2,2,2,2,2,2,2,2,2,1,1,2,0,0,0
2008,55,71,1,550524,1,5,1,2,1,2,4,2,4,1,2,2,2,2,2,1,2,2,2,2,2,2,2,1,1,2,2,1,1,2,2,0,0,0
2008,55,133,1,550525,1,5,2,1,1,2,1,2,4,2,2,2,2,2,2,2,2,2,1,2,2,2,2,2,2,2,1,1,1,2,2,0,0,0
2008,55,69,1,550526,1,5,1,2,1,2,5,2,4,1,2,2,2,2,2,2,2,2,2,2,3,2,2,2,2,2,2,2,1,2,2,0,0,0
2008,55,99,1,550527,1,5,1,2,1,2,3,2,3,1,1,2,2,2,2,2,2,2,2,2,2,2,2,2,2,1,2,2,1,2,2,0,0,0
2008,55,133,1,550528,1,5,2,1,2,2,1,2,1,2,1,2,1,2,2,1,1,2,2,2,2,2,2,2,2,2,2,2,1,2,2,0,0,0
2008,55,25,1,550529,1,5,1,2,1,2,6,2,3,2,1,2,2,2,2,1,2,2,2,2,3,1,1,1,1,2,2,1,1,2,2,0,0,0
2008,55,25,1,550530,1,5,1,1,1,2,1,2,2,1,2,2,3,1,2,1,2,2,2,2,3,2,2,2,2,1,2,2,2,2,2,0,0,0
2008,55,133,1,550531,1,5,2,2,4,2,4,2,1,2,2,2,1,2,2,2,2,2,2,2,2,1,1,1,1,2,2,1,1,2,2,0,0,0
2008,55,105,1,550532,1,5,1,2,1,2,4,2,4,1,2,2,2,2,2,1,2,2,2,2,1,2,2,2,2,2,2,2,1,2,2,0,0,0
2008,55,59,1,550533,1,5,2,2,1,2,3,2,1,2,2,1,1,2,2,2,1,2,2,2,1,2,2,1,1,2,2,1,2,2,2,0,0,0
2008,55,27,1,550534,1,5,1,2,2,2,4,2,1,2,2,2,1,2,2,1,2,2,1,2,1,2,2,2,2,2,1,1,1,2,2,0,0,0
2008,55,53,1,550535,1,5,1,2,1,2,4,2,4,1,1,2,2,2,2,1,2,2,2,2,2,2,2,2,2,2,2,2,1,2,2,0,0,0
2008,55,25,1,550536,1,5,1,2,1,2,5,2,4,1,1,2,2,1,2,2,2,2,1,2,3,2,2,2,2,2,1,1,2,2,2,0,0,0
2008,55,129,1,550537,1,5,1,2,1,2,5,2,4,1,2,2,2,2,2,2,2,2,2,2,3,2,2,1,1,2,2,1,1,2,2,0,0,0
2008,55,115,2,550538,1,5,1,2,1,2,3,2,3,2,2,2,2,2,2,2,2,2,2,2,1,1,1,1,1,2,1,1,1,2,2,0,0,0
2008,55,87,1,550539,1,5,1,2,1,1,6,1,4,1,1,2,2,2,2,2,2,2,1,2,3,2,2,1,1,2,1,1,2,2,2,0,0,0
2008,55,63,1,550540,1,5,2,2,1,2,4,2,1,2,1,1,2,2,2,2,1,2,2,2,3,2,2,2,2,1,2,2,2,1,2,0,0,0
2008,55,31,1,550541,1,5,2,2,1,1,5,1,4,1,1,2,2,2,2,2,2,2,2,2,3,2,2,2,2,1,2,2,2,2,2,0,0,0
2008,55,101,1,550542,1,5,2,2,1,2,3,2,1,1,1,2,1,2,2,2,1,2,2,2,3,2,2,2,2,2,2,2,2,2,2,0,0,0
2008,55,25,1,550543,1,5,2,1,1,2,1,2,4,1,2,2,3,1,2,1,2,2,2,2,3,1,1,1,1,2,1,1,2,2,2,0,0,0
2008,55,59,1,550544,1,5,1,2,4,2,4,2,1,2,1,2,1,2,2,1,2,2,2,2,1,2,2,2,2,2,2,2,1,2,2,0,0,0
2008,55,75,1,550545,1,5,1,2,4,2,5,2,1,2,2,2,1,2,2,1,2,2,1,2,3,2,2,2,2,2,2,2,1,2,2,0,0,0
2008,55,85,1,550546,1,5,1,2,4,2,6,2,1,1,1,2,1,2,2,1,2,2,2,2,1,2,2,2,2,2,2,2,1,2,2,0,0,0
2008,55,5,1,550547,1,5,1,2,1,2,6,2,1,2,1,2,1,2,2,2,2,2,1,2,1,2,2,2,2,2,2,2,2,2,2,0,0,0
2008,55,125,1,550548,1,5,1,2,1,1,5,1,1,1,1,2,1,2,2,1,2,2,1,2,2,2,2,2,2,1,2,2,2,2,2,1,0,1
2008,55,107,1,550549,1,5,1,2,1,2,6,2,1,1,2,2,1,2,2,1,2,2,1,2,1,2,2,2,2,1,2,2,2,1,2,0,0,0
2008,55,95,1,550550,1,5,1,2,1,2,6,2,1,1,1,2,1,2,2,1,2,2,1,2,3,2,2,2,2,2,2,2,2,2,2,0,0,0
2008,55,21,1,550551,1,5,1,2,1,1,6,1,1,2,1,2,1,2,2,1,2,2,1,2,1,2,2,2,2,2,2,2,2,2,2,0,0,0
2008,55,1,1,550552,1,5,1,2,4,2,6,2,1,2,1,2,1,2,2,1,2,2,2,2,1,2,2,2,2,2,2,2,1,2,2,0,0,0
2008,55,23,1,550553,1,5,1,2,4,2,6,2,1,1,1,2,1,2,2,1,2,2,1,2,2,1,1,1,1,2,2,1,1,2,2,0,0,0
2008,55,17,1,550554,1,5,1,2,1,1,6,1,2,1,1,2,2,2,2,1,2,2,2,2,3,1,2,1,2,2,2,2,2,1,2,0,0,0
2008,55,127,1,550555,1,5,2,2,1,2,6,2,1,1,2,2,1,2,2,2,1,2,2,2,3,2,2,2,2,2,2,2,2,1,2,0,0,0
2008,55,55,1,550556,1,5,1,2,4,2,6,2,1,1,2,2,1,2,2,2,2,2,1,2,2,2,2,2,2,2,2,2,1,2,2,0,0,0
2008,55,117,1,550557,1,5,2,2,1,2,6,2,1,1,1,2,1,2,2,2,1,2,2,2,3,1,1,1,1,2,2,1,2,2,2,0,0,0
2008,55,49,1,550558,1,5,1,2,1,2,6,2,1,1,2,2,1,2,2,2,2,2,1,2,2,1,1,1,1,2,2,1,1,2,2,0,0,0
2008,55,133,1,550559,1,5,2,2,1,2,6,2,1,1,1,2,1,2,2,2,2,2,2,2,3,2,2,2,2,1,2,2,2,1,2,0,0,0
2008,55,77,1,550560,1,5,2,2,1,2,6,2,1,1,1,2,1,2,2,2,1,2,2,2,3,2,2,2,2,1,2,2,2,2,2,0,0,0
2008,55,27,1,550561,1,5,1,2,4,2,6,2,1,2,1,2,1,2,2,2,2,2,2,2,3,2,2,2,2,1,2,2,1,2,2,0,0,0
2008,56,37,1,560001,1,8,1,2,4,2,5,2,1,2,1,2,1,2,2,1,2,2,1,2,1,2,2,2,2,2,2,2,1,2,2,0,0,0
2008,56,5,1,560002,1,8,1,2,1,2,5,2,3,1,1,2,2,2,2,2,2,2,2,2,1,2,2,2,2,2,1,1,1,1,2,0,0,0
2008,56,41,1,560003,1,8,1,1,3,2,1,2,1,1,2,2,1,2,2,1,2,2,1,2,2,2,2,2,2,2,1,1,1,2,2,0,0,0
2008,56,13,1,560004,1,8,1,2,4,2,3,2,1,2,2,2,1,2,2,2,2,2,1,2,1,2,2,2,2,2,2,2,1,2,2,0,0,0
2008,56,5,1,560005,1,8,2,2,1,2,3,2,1,2,2,2,1,2,2,2,1,2,2,2,3,1,1,1,1,2,2,1,2,2,2,0,0,0
2008,56,5,1,560006,1,8,1,2,1,2,3,2,3,2,1,2,3,2,2,2,2,2,2,2,1,2,2,2,2,2,2,2,1,2,2,0,0,0
2008,56,3,1,560007,1,8,1,2,1,1,3,1,4,1,1,2,2,1,2,1,2,2,2,2,3,2,2,1,1,2,2,1,2,2,2,0,0,0
2008,56,5,1,560008,1,8,2,2,1,1,4,1,1,2,1,2,1,2,2,2,1,2,2,2,1,2,2,2,2,2,1,1,2,2,2,0,0,0
2008,56,13,1,560009,1,8,1,2,4,1,5,1,1,1,1,2,1,2,2,1,2,2,1,2,1,2,2,2,2,2,2,2,2,2,2,0,1,1
2008,56,13,1,560010,1,8,1,2,1,2,3,2,4,2,1,2,2,1,2,2,2,2,2,2,1,2,2,2,2,2,1,1,2,2,2,0,0,0
2008,56,3,5,560011,1,8,1,2,1,2,3,2,3,2,1,2,2,2,2,2,2,2,2,2,1,2,2,2,2,1,2,2,1,2,2,0,0,0
2008,56,39,2,560012,1,8,1,2,1,2,3,2,1,2,2,2,2,1,2,1,2,2,2,2,3,2,2,2,2,2,2,2,1,2,2,0,0,0
2008,56,37,2,560013,1,8,1,2,1,2,3,2,4,1,1,2,2,1,2,1,2,2,2,2,3,2,2,2,2,1,2,2,1,2,2,0,0,0
2008,56,33,1,560014,1,8,1,2,4,1,6,1,1,2,1,2,1,2,2,1,2,2,2,2,1,2,2,2,2,2,2,2,2,2,2,0,0,0
2008,56,13,2,560015,1,8,1,2,1,2,5,2,3,1,1,2,2,2,2,1,2,2,1,2,1,2,2,2,2,1,2,2,1,2,2,0,1,1
2008,56,33,1,560016,1,8,1,2,4,2,5,2,1,2,1,2,1,2,2,1,2,2,1,2,1,2,2,2,2,2,2,2,1,2,2,0,0,0
2008,56,25,2,560017,1,8,2,2,1,1,6,1,4,1,2,2,2,2,2,1,2,2,2,2,1,2,2,2,2,2,2,2,2,2,2,0,0,0
2008,56,17,1,560018,1,8,1,2,4,2,3,2,1,2,2,2,1,2,2,2,2,2,1,2,2,2,2,2,2,2,2,2,1,2,2,0,0,0
2008,56,31,1,560019,1,8,1,1,4,2,1,2,1,2,2,2,1,2,2,2,2,2,1,2,3,2,2,2,2,2,2,2,1,2,2,0,0,0
2008,56,41,1,560020,1,8,1,2,4,2,5,2,1,2,1,2,1,2,2,1,2,2,1,2,1,2,2,2,2,2,2,2,1,2,2,0,0,0
2008,56,5,1,560021,1,8,1,2,1,2,3,2,3,1,1,2,2,2,2,1,2,2,1,2,3,2,2,2,2,2,2,2,1,2,2,0,0,0
2008,56,3,2,560022,1,8,1,2,1,2,4,2,3,1,1,2,2,2,2,2,2,2,1,2,2,2,2,2,2,2,2,2,1,2,2,0,0,0
2008,56,1,1,560023,1,8,1,1,3,2,1,2,1,1,1,2,1,1,2,1,2,2,1,2,2,2,2,2,2,2,2,2,1,2,2,0,0,0
2008,56,25,1,560024,1,8,1,2,1,2,3,2,4,2,2,2,2,2,2,2,2,2,2,2,1,2,2,2,2,2,2,2,1,2,2,0,0,0
2008,56,35,1,560025,1,8,1,2,4,2,5,2,1,2,2,2,1,2,2,2,2,2,1,2,1,2,2,2,2,2,2,2,1,2,2,0,0,0
2008,56,25,3,560026,1,8,1,2,4,2,3,2,1,2,1,2,1,2,2,1,2,2,1,2,1,2,2,1,1,2,2,1,1,2,2,0,0,0
2008,56,13,1,560027,1,8,1,2,1,1,3,1,4,1,1,2,2,2,2,2,2,2,2,2,3,2,2,2,2,2,2,2,2,2,2,0,0,0
2008,56,13,2,560028,1,8,1,2,4,2,3,2,1,2,2,2,1,2,2,2,2,2,1,2,3,2,2,2,2,2,1,1,1,2,1,0,0,0
2008,56,3,1,560029,1,8,1,2,1,2,5,2,3,1,1,2,2,1,2,2,2,2,2,2,2,2,2,2,2,2,1,1,1,2,2,0,0,0
2008,56,31,1,560030,1,8,1,2,4,2,5,2,1,2,1,2,1,2,2,2,2,2,1,2,1,2,2,2,2,2,1,1,1,1,2,0,0,0
2008,56,15,1,560031,1,8,1,2,4,2,5,2,1,2,2,2,1,2,2,1,2,2,1,2,3,2,2,2,2,2,2,2,1,2,2,0,0,0
2008,56,5,1,560032,1,8,1,2,2,2,4,2,1,2,2,1,1,2,2,2,1,2,2,2,1,2,2,2,2,2,2,2,2,2,2,0,0,0
2008,56,23,1,560033,1,8,1,2,4,2,5,2,6,2,2,2,1,2,2,1,2,2,2,2,1,2,2,2,2,2,1,1,1,2,2,0,0,0
2008,56,13,1,560034,1,8,1,2,4,2,5,2,1,1,2,2,1,2,2,2,2,2,1,2,1,1,1,1,1,2,2,1,1,2,1,1,0,1
2008,56,13,1,560035,1,8,1,2,1,2,3,3,2,1,2,2,2,2,1,2,2,2,2,2,3,2,2,2,2,2,2,2,2,1,2,0,0,0
2008,56,7,1,560036,1,8,1,2,4,2,4,2,1,2,2,2,1,2,1,2,2,2,2,2,2,2,2,2,2,2,2,2,1,2,2,0,0,0
2008,56,7,1,560037,1,8,1,2,4,2,5,2,1,1,1,2,1,2,2,1,2,2,1,2,1,2,2,2,2,2,2,2,1,2,2,0,0,0
2008,56,1,3,560038,1,8,1,2,4,2,3,2,1,2,2,2,1,2,2,2,2,2,1,2,1,2,2,2,2,2,2,2,1,2,2,0,0,0
2008,56,15,1,560039,1,8,1,2,4,2,5,2,1,2,1,2,1,2,1,1,2,2,2,2,2,2,2,2,2,2,2,2,1,2,2,0,0,0
2008,56,9,1,560040,1,8,1,2,1,2,5,2,2,2,2,2,2,2,1,2,2,2,2,2,3,2,2,2,2,2,1,1,2,2,2,0,0,0
2008,56,19,1,560041,1,8,1,1,4,2,1,2,1,1,1,2,1,2,2,2,2,2,1,2,2,2,2,2,2,2,1,1,1,2,2,0,0,0
2008,56,29,1,560042,1,8,1,2,1,2,3,2,3,1,1,2,2,2,1,1,2,2,2,2,3,2,2,2,2,1,2,2,1,2,1,0,0,0
2008,56,29,1,560043,1,8,1,2,4,2,4,2,1,1,1,2,1,2,1,1,2,2,2,2,3,2,2,2,2,2,2,2,1,2,2,0,0,0
2008,56,25,1,560044,1,8,2,1,1,2,1,2,2,1,1,2,2,1,2,2,2,2,2,2,3,2,2,2,2,2,2,2,2,2,2,0,0,0
2008,56,13,1,560045,1,8,1,2,1,1,5,1,4,1,1,2,2,2,2,2,2,2,1,2,1,2,2,2,2,2,1,1,2,2,2,0,0,0
2008,56,3,1,560046,1,8,1,2,4,2,4,2,1,2,2,2,1,2,1,2,2,2,2,2,2,2,2,2,2,2,2,2,1,2,2,0,0,0
2008,56,39,2,560047,1,8,1,2,1,2,3,2,3,1,1,2,2,1,2,2,2,2,2,2,3,2,2,2,2,2,2,2,1,2,2,0,0,0
2008,56,5,1,560048,1,8,1,2,1,2,3,2,4,1,1,2,2,2,2,2,2,2,2,2,2,1,1,1,1,2,2,1,1,2,2,0,0,0
2008,56,7,1,560049,1,8,2,1,3,2,1,2,1,2,2,2,1,2,2,2,2,2,1,2,1,2,2,2,2,2,2,2,1,2,2,0,0,0
2008,56,11,1,560050,1,8,1,1,4,2,1,2,1,1,1,2,1,2,2,2,2,2,1,2,3,2,2,2,2,2,1,1,1,2,1,0,0,0
2008,56,9,1,560051,1,8,1,2,1,2,3,2,3,1,2,2,2,1,2,2,2,2,2,2,1,2,2,2,2,1,2,2,1,2,2,0,0,0
2008,56,3,1,560052,1,8,1,2,4,2,6,2,1,2,2,2,1,2,1,1,2,2,2,2,1,1,1,1,1,2,2,1,1,2,2,0,0,0
2008,56,11,1,560053,1,8,1,2,4,2,5,2,1,1,1,2,1,2,2,2,2,2,1,2,3,1,1,1,1,2,2,1,1,1,2,0,0,0
2008,56,25,1,560054,1,8,1,2,1,2,3,2,4,1,1,2,2,1,2,2,2,2,2,2,3,2,2,2,2,1,1,1,1,2,2,0,0,0
2008,56,19,1,560055,1,8,2,2,1,1,3,1,5,1,1,2,2,2,2,2,2,2,2,2,3,2,2,2,2,1,2,2,2,2,2,0,0,0
2008,56,7,1,560056,1,8,1,2,2,2,5,2,1,1,2,2,1,2,1,2,2,2,2,2,2,2,2,2,2,2,2,2,1,2,2,0,0,0
2008,56,37,1,560057,1,8,1,1,4,2,1,2,1,1,1,2,1,2,2,1,2,2,1,2,3,2,2,2,2,2,1,1,1,2,2,0,0,0
2008,56,19,1,560058,1,8,1,1,1,2,1,2,2,1,1,2,2,1,2,2,2,2,2,2,3,2,2,1,1,2,2,1,2,2,1,0,0,0
2008,56,37,1,560059,1,8,2,2,1,2,6,3,1,1,1,2,1,1,2,2,2,1,2,2,2,2,2,2,2,2,2,2,2,2,2,0,0,0
2008,56,5,1,560060,1,8,1,2,1,1,5,1,5,1,1,2,2,1,2,2,2,2,1,2,3,2,2,2,2,2,2,2,2,2,2,0,0,0
2008,56,5,1,560061,1,8,1,2,4,2,5,2,1,2,1,2,1,2,2,2,2,2,2,2,3,2,2,2,2,2,2,2,1,2,2,0,0,0
2008,56,41,1,560062,1,8,1,2,4,2,4,2,1,1,1,2,1,2,1,2,2,2,2,2,2,2,2,2,2,2,2,2,1,2,2,0,0,0
2008,56,19,1,560063,1,8,1,1,1,2,1,2,2,1,1,2,2,1,2,2,2,2,1,2,3,2,2,2,2,1,2,2,2,2,2,0,0,0
2008,56,33,1,560064,1,8,2,1,4,2,1,3,1,1,1,2,1,2,2,1,2,2,1,2,3,2,2,2,2,2,2,2,1,2,2,0,0,0
2008,56,1,1,560065,1,8,1,2,4,2,5,2,1,2,2,2,1,2,2,1,2,2,1,2,1,2,2,2,2,2,2,2,1,2,2,0,0,0
2008,56,1,1,560066,1,8,1,2,4,2,4,2,1,1,2,2,2,2,2,2,2,2,2,2,3,2,2,2,2,2,2,2,1,2,2,0,0,0
2008,56,31,1,560067,1,8,1,1,1,2,1,2,2,2,1,2,2,1,2,2,2,2,2,2,2,2,2,2,2,1,2,2,2,1,2,0,0,0
2008,56,3,1,560068,1,8,1,2,4,2,4,2,1,1,2,2,1,2,1,1,2,2,2,2,1,2,2,2,2,2,2,2,1,2,2,0,0,0
2008,56,41,1,560069,1,8,1,1,4,2,1,2,1,1,2,2,1,2,2,1,2,2,1,2,3,2,2,2,2,2,2,2,1,2,2,0,0,0
2008,56,25,1,560070,1,8,2,2,4,2,6,2,1,2,2,2,1,2,2,1,2,2,1,2,1,2,2,2,2,2,1,1,1,2,2,0,0,0
2008,56,37,1,560071,1,8,2,2,4,2,3,2,1,1,1,2,1,2,2,2,2,2,1,2,2,2,2,2,2,2,2,2,1,2,2,0,0,0
2008,56,29,1,560072,1,8,1,2,4,2,3,2,1,1,1,2,1,2,2,2,2,2,1,2,3,2,2,2,2,2,2,2,1,2,2,0,0,0
2008,56,39,1,560073,1,8,1,2,4,2,4,2,1,2,2,2,1,2,1,2,2,2,2,2,3,2,2,2,2,2,2,2,1,2,2,0,0,0
2008,56,5,1,560074,1,8,1,1,1,2,1,2,3,2,1,2,2,1,2,2,2,2,2,2,3,2,2,2,2,1,2,2,2,2,2,0,0,0
2008,56,37,1,560075,1,8,1,2,1,2,5,2,1,1,1,2,1,2,2,2,2,2,1,2,3,2,2,2,2,2,1,1,1,2,2,0,0,0
2008,56,23,1,560076,1,8,1,2,4,2,3,2,1,1,1,2,1,2,2,2,2,2,1,2,2,2,2,2,2,1,2,2,1,2,2,0,0,0
2008,56,41,2,560077,1,8,1,1,2,2,1,2,1,2,1,2,1,2,2,1,2,2,1,2,1,2,2,2,2,2,2,2,1,2,2,0,0,0
2008,56,39,1,560078,1,8,1,2,4,2,3,2,1,2,2,2,1,2,2,2,2,2,1,2,3,2,2,2,2,1,2,2,1,2,1,0,0,0
2008,56,1,1,560079,1,8,1,1,4,2,1,2,1,1,2,2,1,1,2,1,2,2,1,2,2,2,2,2,2,2,2,2,1,2,2,0,0,0
2008,56,13,2,560080,1,8,1,2,1,2,3,3,2,1,1,2,2,2,1,1,2,2,2,2,3,2,2,2,2,2,2,2,2,1,2,0,0,0
2008,56,37,1,560081,1,8,1,2,1,2,6,2,1,1,2,2,1,2,2,2,2,2,2,2,1,2,2,2,2,2,2,2,1,2,2,0,0,0
2008,56,5,1,560082,1,8,1,2,4,1,5,1,1,1,2,2,1,2,2,1,2,2,1,2,1,2,2,2,2,2,2,2,2,2,2,0,0,0
2008,56,37,1,560083,1,8,1,2,4,2,4,2,1,2,2,2,1,2,2,2,2,2,1,2,1,1,1,1,1,2,2,1,1,2,2,0,0,0
2008,56,33,1,560084,1,8,2,1,1,2,1,3,4,2,1,2,2,1,2,2,2,2,1,2,3,2,2,2,2,2,2,2,2,2,2,0,0,0
2008,56,39,1,560085,1,8,1,2,4,2,4,2,1,1,1,2,1,2,1,1,2,2,2,2,3,2,2,2,2,2,2,2,1,2,2,0,0,0
2008,56,3,1,560086,1,8,1,2,1,2,3,2,1,1,2,2,1,2,1,2,2,2,2,2,2,2,2,2,2,2,2,2,2,2,2,0,0,0
2008,56,37,1,560087,1,8,1,2,4,2,4,2,1,1,1,2,1,1,2,2,2,2,1,2,3,2,2,2,2,2,2,2,1,2,2,0,0,0
2008,56,7,1,560088,1,8,1,2,1,2,3,2,3,2,1,2,2,1,2,2,2,2,2,2,3,2,2,2,2,2,2,2,1,2,2,0,0,0
2008,56,31,1,560089,1,8,1,1,3,2,1,2,1,1,2,2,1,2,2,2,2,2,1,2,2,2,2,2,2,1,2,2,1,2,2,0,0,0
2008,56,13,1,560090,1,8,1,2,4,2,3,2,1,2,1,2,1,2,2,2,2,2,1,2,2,1,1,1,1,2,2,1,1,1,2,0,0,0
2008,56,21,1,560091,1,8,2,2,4,2,6,2,1,2,2,2,1,2,1,1,2,2,2,1,1,2,2,2,2,2,2,2,1,2,2,0,0,0
2008,56,5,1,560092,1,8,1,2,1,1,3,1,4,1,2,2,2,2,2,2,2,2,2,2,3,1,1,1,1,2,2,1,2,1,2,0,0,0
2008,56,19,1,560093,1,8,1,2,4,2,3,2,1,2,1,2,1,1,2,1,2,2,2,2,2,2,2,2,2,2,2,2,1,2,2,0,0,0
2008,56,3,1,560094,1,8,1,2,4,2,6,2,1,2,1,2,1,2,2,1,2,2,1,2,1,2,2,2,2,2,1,1,1,2,2,0,0,0
2008,56,41,1,560095,1,8,1,2,1,2,4,2,3,1,1,2,2,1,2,2,2,2,2,2,3,2,2,2,2,2,1,1,1,2,1,0,0,0
2008,56,39,1,560096,1,8,1,2,4,1,6,1,1,2,2,2,1,2,2,2,2,2,1,2,1,2,2,2,2,2,1,1,2,2,2,0,0,0
2008,56,21,1,560097,1,8,1,2,4,2,3,2,1,2,2,2,1,2,2,1,2,2,1,2,1,2,2,2,2,2,2,2,1,2,2,0,0,0
2008,56,37,1,560098,1,8,1,1,3,2,1,2,1,2,1,2,1,2,2,2,2,2,1,2,1,2,2,2,2,2,1,1,1,2,2,0,0,0
2008,56,13,1,560099,1,8,1,2,1,2,5,2,1,2,2,2,1,2,2,2,1,2,2,2,2,2,2,2,2,2,2,2,2,2,2,0,1,1
2008,56,7,1,560100,1,8,1,2,4,2,4,2,1,2,1,2,1,2,2,2,2,2,1,2,2,1,1,1,1,2,2,1,1,1,2,0,0,0
2008,56,9,1,560101,1,8,2,1,4,2,1,3,1,2,2,2,1,2,2,1,2,2,1,2,1,2,2,2,2,2,2,2,1,2,2,0,0,0
2008,56,19,1,560102,1,8,1,1,4,2,1,2,1,2,2,2,1,2,2,1,2,2,1,2,3,2,2,2,2,2,2,2,1,2,2,0,0,0
2008,56,29,1,560103,1,8,1,2,1,2,3,2,4,2,2,2,2,2,2,1,2,2,2,2,3,2,2,2,2,2,1,1,1,2,2,0,0,0
2008,56,29,2,560104,1,8,1,2,1,2,3,2,4,2,2,2,2,2,2,1,2,2,2,2,3,2,2,2,2,2,2,2,1,2,2,0,0,0
2008,56,37,1,560105,1,8,1,2,4,2,3,2,4,1,1,2,2,2,2,2,2,2,2,2,3,1,1,1,1,2,2,1,1,2,1,0,0,0
2008,56,39,1,560106,1,8,1,2,1,2,4,3,1,2,1,2,1,1,2,2,2,2,1,2,3,2,2,2,2,2,2,2,1,2,2,0,0,0
2008,56,9,1,560107,1,8,1,2,2,2,3,2,5,1,1,2,2,2,2,2,2,2,1,2,1,2,2,2,2,2,2,2,1,2,2,0,0,0
2008,56,25,1,560108,1,8,1,2,4,2,5,2,1,2,2,2,1,2,2,1,2,2,1,2,2,2,2,1,1,2,2,1,1,2,2,0,0,0
2008,56,5,2,560109,1,8,2,2,4,2,5,2,1,2,1,2,1,2,2,1,2,2,1,2,1,2,2,2,2,2,2,2,1,2,2,0,0,0
2008,56,25,1,560110,1,8,2,2,1,1,3,1,4,1,1,2,2,2,2,2,2,2,2,2,3,2,2,2,2,1,1,1,2,2,2,0,0,0
2008,56,23,1,560111,1,8,1,2,1,2,3,3,4,1,1,2,2,1,2,2,2,2,2,2,3,2,2,2,2,1,2,2,2,2,2,0,0,0
2008,56,15,1,560112,1,8,1,2,4,2,6,2,1,1,1,2,1,2,2,1,2,2,1,2,3,1,1,1,1,2,2,1,1,2,2,0,0,0
2008,56,25,1,560113,1,8,1,2,4,2,6,2,1,2,2,2,1,2,2,1,2,2,1,2,1,2,2,2,2,2,1,1,1,2,2,0,0,0
2008,56,13,1,560114,1,8,2,2,1,2,2,2,2,2,2,2,2,2,2,1,2,2,1,2,1,2,2,2,2,2,2,2,2,2,2,1,0,1
2008,56,17,1,560115,1,8,1,2,1,2,3,2,3,1,2,2,2,2,2,2,2,2,1,2,3,2,2,2,2,1,2,2,2,1,2,1,0,1
2008,56,5,1,560116,1,8,1,2,1,2,5,2,1,2,2,2,1,2,2,2,2,2,1,2,1,2,2,2,2,2,2,2,1,2,2,0,0,0
2008,56,1,1,560117,1,8,1,1,1,2,1,2,1,2,2,2,1,2,2,1,2,2,1,2,2,2,2,2,2,2,2,2,1,2,2,0,0,0
2008,56,13,1,560118,1,8,2,2,1,1,3,1,4,2,2,2,2,2,2,2,2,2,2,2,3,1,1,1,1,2,2,1,2,2,2,0,0,0
2008,56,29,1,560119,1,8,1,2,4,2,4,2,1,2,2,2,1,2,2,1,2,2,1,2,1,2,2,2,2,2,2,2,1,2,2,0,0,0
2008,56,1,1,560120,1,8,1,2,4,2,6,2,1,3,1,2,1,2,2,1,2,2,2,2,2,2,2,2,2,2,2,2,1,2,2,0,0,0
2008,56,13,1,560121,1,8,1,2,4,2,6,2,1,1,2,2,1,2,2,1,2,2,1,2,1,1,1,1,1,2,2,1,1,2,2,0,1,1
2008,56,25,1,560122,1,8,1,2,4,2,6,2,1,1,2,2,1,2,2,1,2,2,1,2,1,2,2,1,1,2,2,1,1,2,2,0,0,0
2008,56,41,1,560123,1,8,1,2,1,2,4,2,4,1,2,2,2,2,1,2,2,2,2,2,3,2,2,2,2,1,1,1,2,1,2,0,0,0
2008,56,41,1,560124,1,8,2,1,1,2,1,2,1,2,1,2,1,1,2,2,1,2,2,2,3,2,2,2,2,2,2,2,2,2,2,0,0,0
2008,56,29,1,560125,1,8,1,2,1,2,3,2,4,2,2,2,2,2,2,2,2,2,2,2,2,2,2,2,2,2,2,2,1,2,2,0,0,0
2008,56,21,1,560126,1,8,1,1,3,2,1,2,1,1,1,2,1,2,2,2,2,2,1,2,3,2,2,1,1,2,2,1,1,2,2,0,0,0
2008,56,25,1,560127,1,8,2,2,1,2,6,2,1,1,1,2,1,2,1,2,2,2,2,2,3,2,2,2,2,2,2,2,2,1,2,0,0,0
2008,56,9,1,560128,1,8,1,1,4,2,1,2,1,1,1,2,1,2,2,1,2,2,1,2,1,2,2,2,2,2,2,2,1,2,2,0,0,0
2008,56,13,1,560129,1,8,1,2,4,2,5,2,1,2,2,2,1,2,2,1,2,2,2,2,1,2,2,2,2,2,2,2,1,2,2,0,0,0
2008,56,37,1,560130,1,8,1,1,1,2,1,2,1,2,2,1,1,1,2,2,1,2,2,2,2,2,2,2,2,2,2,2,2,2,2,0,0,0
2008,56,37,1,560131,1,8,1,1,3,2,1,2,1,1,1,2,1,1,2,1,2,2,1,2,2,2,2,2,2,2,2,2,1,2,2,0,0,0
2008,56,41,1,560132,1,8,1,2,4,2,6,2,1,1,1,2,1,2,1,1,2,2,2,2,3,2,2,2,2,2,2,2,1,2,2,0,0,0
2008,56,13,1,560133,1,8,1,2,1,2,5,2,1,2,2,1,1,2,2,2,1,2,2,2,1,2,2,2,2,2,2,2,2,2,2,1,0,1
2008,56,25,1,560134,1,8,1,2,4,2,3,2,1,2,2,2,1,2,2,2,2,2,1,2,1,2,2,2,2,2,2,2,1,2,2,0,0,0
2008,56,37,1,560135,1,8,1,1,4,2,1,2,2,1,1,2,1,2,2,1,2,2,2,2,3,2,2,2,2,2,2,2,2,2,2,0,0,0
2008,56,13,2,560136,1,8,1,2,4,2,3,2,1,2,2,2,1,2,2,2,2,2,1,2,1,2,2,2,2,2,2,2,1,2,2,0,0,0
2008,56,25,1,560137,1,8,1,1,4,2,1,2,1,2,1,2,1,2,2,2,2,2,1,2,1,2,2,2,2,2,2,2,1,2,2,0,0,0
2008,56,3,1,560138,1,8,1,2,1,2,6,2,1,1,2,2,1,2,2,2,2,2,1,2,3,2,2,2,2,2,2,2,1,2,2,0,0,0
2008,56,37,1,560139,1,8,2,2,1,2,6,2,3,2,2,1,2,2,2,2,2,2,2,2,1,2,2,2,2,2,2,2,1,2,2,0,0,0
